0 0.1984375 0.08333333333333333 0.0375 0.04583333333333333
0 0.23125 0.0625 0.053125 0.05
0 0.03125 0.058333333333333334 0.0625 0.11666666666666667
0 0.28359375 0.9864583333333333 0.0515625 0.01875
0 0.015625 0.971875 0.03125 0.05625
0 0.04921875 0.9583333333333334 0.0390625 0.08333333333333333
0 0.84921875 0.9322916666666666 0.0171875 0.035416666666666666
0 0.109375 0.9104166666666667 0.028125 0.075
0 0.1203125 0.8291666666666667 0.025 0.0875
0 0.025 0.8322916666666667 0.025 0.09375
0 0.8203125 0.6145833333333334 0.021875 0.0375
0 0.0484375 0.5666666666666667 0.03125 0.0375
0 0.71953125 0.5229166666666667 0.0515625 0.06666666666666667
0 0.96328125 0.40208333333333335 0.0265625 0.0375
0 0.9296875 0.36041666666666666 0.01875 0.03333333333333333
0 0.8 0.3458333333333333 0.059375 0.06666666666666667
0 0.3703125 0.275 0.025 0.0625
0 0.871875 0.25 0.015625 0.07083333333333333
0 0.56484375 0.228125 0.0515625 0.027083333333333334
0 0.75078125 0.24270833333333333 0.0265625 0.07708333333333334
0 0.44140625 0.24583333333333332 0.0171875 0.1125
0 0.50859375 0.18229166666666666 0.0578125 0.06458333333333334
0 0.55546875 0.13229166666666667 0.0296875 0.027083333333333334
0 0.43125 0.14166666666666666 0.015625 0.04583333333333333
0 0.36015625 0.11354166666666667 0.0453125 0.027083333333333334
0 0.4984375 0.103125 0.025 0.035416666666666666
0 0.9765625 0.08958333333333333 0.046875 0.020833333333333332
0 0.6578125 0.051041666666666666 0.03125 0.01875
0 0.85 0.05520833333333333 0.034375 0.03125
0 0.7765625 0.06145833333333333 0.08125 0.04375
0 0.95078125 0.04895833333333333 0.0296875 0.022916666666666665
0 0.6984375 0.04583333333333333 0.05625 0.025
0 0.55390625 0.05 0.0359375 0.0375
0 0.51171875 0.034375 0.0203125 0.027083333333333334
0 0.784375 0.016666666666666666 0.06875 0.03333333333333333
0 0.40625 0.020833333333333332 0.040625 0.041666666666666664