0 0.6921875 0.9552083333333333 0.071875 0.08541666666666667
0 0.3 0.8666666666666667 0.015625 0.05
0 0.790625 0.8479166666666667 0.025 0.025
0 0.65625 0.8677083333333333 0.05 0.08125
0 0.88046875 0.853125 0.0859375 0.09375
0 0.73125 0.7854166666666667 0.071875 0.08333333333333333
0 0.30625 0.7583333333333333 0.015625 0.03333333333333333
0 0.25703125 0.7395833333333334 0.0234375 0.025
0 0.1796875 0.7260416666666667 0.034375 0.06875
0 0.66328125 0.7125 0.0453125 0.05416666666666667
0 0.21484375 0.71875 0.0359375 0.075
0 0.55703125 0.6791666666666667 0.0359375 0.025
0 0.30390625 0.6572916666666667 0.0359375 0.04375
0 0.21640625 0.621875 0.0703125 0.07708333333333334
0 0.31640625 0.5458333333333333 0.0734375 0.07916666666666666
0 0.82890625 0.5333333333333333 0.0734375 0.07916666666666666
0 0.2328125 0.5322916666666667 0.075 0.07708333333333334
0 0.11875 0.490625 0.046875 0.04791666666666667
0 0.08125 0.46875 0.028125 0.05
0 0.4546875 0.4375 0.075 0.0875
0 0.05 0.40625 0.03125 0.06666666666666667
0 0.86328125 0.40520833333333334 0.0546875 0.07291666666666667
0 0.159375 0.3802083333333333 0.021875 0.06041666666666667
0 0.12265625 0.384375 0.0578125 0.07291666666666667
0 0.2859375 0.38229166666666664 0.059375 0.08541666666666667
0 0.4359375 0.340625 0.078125 0.07291666666666667
0 0.30234375 0.13333333333333333 0.0203125 0.0375
0 0.21640625 0.06875 0.0171875 0.025
0 0.02109375 0.28541666666666665 0.0140625 0.025
0 0.61484375 0.19375 0.0140625 0.05416666666666667