0 0.040625 0.5229166666666667 0.08125 0.075
0 0.95 0.17395833333333333 0.0375 0.08125
0 0.721875 0.140625 0.04375 0.05625
0 0.9296875 0.08958333333333333 0.04375 0.05416666666666667
0 0.85390625 0.04479166666666667 0.0296875 0.03958333333333333
0 0.59140625 0.0125 0.0453125 0.025
0 0.3140625 0.8083333333333333 0.04375 0.07083333333333333
0 0.38828125 0.7854166666666667 0.0484375 0.058333333333333334
0 0.44921875 0.7479166666666667 0.0234375 0.05416666666666667
0 0.42578125 0.7552083333333334 0.0359375 0.07291666666666667
0 0.77421875 0.7177083333333333 0.0359375 0.06458333333333334
0 0.91953125 0.3104166666666667 0.0296875 0.020833333333333332
0 0.42109375 0.3302083333333333 0.0484375 0.06041666666666667
0 0.65859375 0.31354166666666666 0.0484375 0.05625
0 0.86875 0.28229166666666666 0.021875 0.04375
0 0.94375 0.25729166666666664 0.04375 0.05625
0 0.453125 0.159375 0.05 0.06458333333333334
0 0.359375 0.1125 0.025 0.03333333333333333
0 0.640625 0.1 0.04375 0.0625
0 0.584375 0.0875 0.034375 0.05416666666666667
0 0.81796875 0.078125 0.0484375 0.06041666666666667
0 0.4484375 0.07604166666666666 0.028125 0.05625
0 0.73203125 0.04583333333333333 0.0203125 0.041666666666666664
0 0.4125 0.025 0.0375 0.04583333333333333
0 0.81953125 0.007291666666666667 0.0234375 0.014583333333333334
1 0.18984375 0.8927083333333333 0.2765625 0.21458333333333332