0 0.19921875 0.7979166666666667 0.0609375 0.10833333333333334
0 0.1015625 0.95 0.034375 0.058333333333333334
0 0.01015625 0.9333333333333333 0.0203125 0.06666666666666667
0 0.153125 0.9 0.05 0.075
0 0.59609375 0.8395833333333333 0.0390625 0.07083333333333333
0 0.44453125 0.4864583333333333 0.0171875 0.03958333333333333
0 0.4703125 0.47604166666666664 0.021875 0.035416666666666666
0 0.93125 0.4708333333333333 0.025 0.058333333333333334
0 0.45234375 0.3875 0.0453125 0.058333333333333334
0 0.440625 0.3385416666666667 0.046875 0.03958333333333333
0 0.4390625 0.29791666666666666 0.03125 0.016666666666666666
0 0.1265625 0.26145833333333335 0.046875 0.06041666666666667
0 0.0109375 0.19479166666666667 0.021875 0.06875
2 0.321875 0.959375 0.11875 0.08125
1 0.50546875 0.6416666666666667 0.1234375 0.19166666666666668