0 0.409375 0.22916666666666666 0.03125 0.020833333333333332
0 0.4234375 0.19375 0.04375 0.020833333333333332
0 0.35625 0.19583333333333333 0.021875 0.025
0 0.41875 0.15833333333333333 0.025 0.03333333333333333
0 0.409375 0.1375 0.01875 0.03333333333333333
0 0.3203125 0.12291666666666666 0.01875 0.075
0 0.37578125 0.08541666666666667 0.0578125 0.10416666666666667
0 0.46484375 0.04895833333333333 0.0359375 0.08541666666666667
0 0.43671875 0.013541666666666667 0.0265625 0.027083333333333334
0 0.54140625 0.8458333333333333 0.0921875 0.09166666666666666
0 0.5953125 0.7958333333333333 0.028125 0.0125
2 0.09609375 0.5302083333333333 0.1703125 0.22708333333333333