0 0.42265625 0.5770833333333333 0.0171875 0.06666666666666667
0 0.12421875 0.5489583333333333 0.0828125 0.01875
0 0.03203125 0.5260416666666666 0.0640625 0.027083333333333334
0 0.5203125 0.5083333333333333 0.04375 0.04583333333333333
0 0.6734375 0.4979166666666667 0.0125 0.029166666666666667
0 0.2 0.49270833333333336 0.0375 0.06875
0 0.66875 0.4625 0.025 0.03333333333333333
0 0.615625 0.3958333333333333 0.03125 0.0875
0 0.703125 0.40208333333333335 0.14375 0.2125
0 0.59296875 0.09479166666666666 0.0078125 0.06041666666666667
0 0.50390625 0.051041666666666666 0.0421875 0.06458333333333334