0 0.74453125 0.9484375 0.1453125 0.08046875
0 0.73671875 0.8765625 0.11953125 0.071875
0 0.9015625 0.40234375 0.0734375 0.0390625
0 0.421875 0.81171875 0.0421875 0.0765625
0 0.4265625 0.71875 0.04296875 0.07265625
0 0.42734375 0.62109375 0.04140625 0.06484375
0 0.428125 0.53671875 0.03984375 0.07734375
1 0.51484375 0.53984375 0.028125 0.0640625
1 0.54921875 0.5390625 0.04140625 0.05703125
1 0.509375 0.8109375 0.0328125 0.06015625
1 0.5140625 0.71796875 0.0421875 0.06015625
1 0.5453125 0.81015625 0.028125 0.06171875