0 0.46171875 0.41796875 0.0828125 0.0515625
0 0.33828125 0.34140625 0.08125 0.04375
0 0.4734375 0.2671875 0.04921875 0.0421875
0 0.59453125 0.48828125 0.0390625 0.08203125
0 0.6265625 0.5421875 0.025 0.06640625
0 0.7484375 0.546875 0.028125 0.090625
0 0.7921875 0.7625 0.03359375 0.08984375
0 0.45390625 0.70390625 0.05546875 0.04453125
0 0.4546875 0.6671875 0.06640625 0.03828125
0 0.2796875 0.725 0.06015625 0.040625
0 0.21015625 0.51484375 0.03203125 0.05546875
0 0.2390625 0.46171875 0.05234375 0.03203125
0 0.184375 0.6109375 0.0328125 0.059375
0 0.2078125 0.60703125 0.0234375 0.06171875
0 0.2390625 0.63828125 0.03046875 0.05078125
0 0.253125 0.9484375 0.034375 0.103125
0 0.29453125 0.9390625 0.040625 0.0515625
0 0.796875 0.91796875 0.03359375 0.06171875
0 0.20703125 0.35234375 0.03515625 0.07421875
0 0.20546875 0.29140625 0.03359375 0.0703125
0 0.18671875 0.11953125 0.0734375 0.06484375