0 0.38515625 0.6859375 0.08203125 0.0546875
0 0.38515625 0.6109375 0.09140625 0.0625
0 0.54765625 0.6734375 0.08828125 0.05
0 0.546875 0.60546875 0.08984375 0.06015625
0 0.5515625 0.54453125 0.08046875 0.075
0 0.178125 0.13515625 0.0234375 0.08984375
0 0.1765625 0.23515625 0.02109375 0.0609375
0 0.175 0.35390625 0.01875 0.0953125
0 0.17109375 0.46171875 0.02890625 0.0765625
1 0.2359375 0.2359375 0.028125 0.0625
1 0.2609375 0.1421875 0.02578125 0.0625
1 0.234375 0.35390625 0.02265625 0.06171875
1 0.2359375 0.4640625 0.01484375 0.06875
1 0.25625 0.4609375 0.0203125 0.0625
0 0.121875 0.86640625 0.0375 0.08125
0 0.6734375 0.8921875 0.04921875 0.13671875