1 0.5109375 0.72421875 0.06484375 0.0390625
0 0.521875 0.66484375 0.0625 0.09140625
0 0.715625 0.38359375 0.075 0.0828125
0 0.57734375 0.65859375 0.04296875 0.08671875
0 0.56953125 0.15 0.06953125 0.090625
1 0.61015625 0.58359375 0.0578125 0.04375
1 0.60234375 0.5515625 0.05390625 0.0234375
1 0.5390625 0.51796875 0.03671875 0.04375
0 0.59609375 0.51640625 0.07265625 0.03125
0 0.7609375 0.7171875 0.08125 0.04609375
1 0.60390625 0.78828125 0.06640625 0.034375
0 0.59921875 0.75078125 0.0671875 0.021875
1 0.446875 0.19609375 0.0375 0.0453125
1 0.440625 0.13515625 0.03984375 0.04921875
1 0.42421875 0.475 0.04140625 0.04453125
1 0.42265625 0.42265625 0.0484375 0.0484375
1 0.48125 0.48671875 0.0421875 0.0265625
1 0.465625 0.59609375 0.0625 0.02890625
1 0.6734375 0.490625 0.03046875 0.05546875
1 0.70859375 0.490625 0.0234375 0.0515625
1 0.74921875 0.48359375 0.0328125 0.05390625