0 0.39140625 0.51796875 0.14140625 0.15859375
0 0.62578125 0.1953125 0.084375 0.09453125
0 0.64609375 0.32265625 0.04921875 0.0703125
0 0.8296875 0.47265625 0.128125 0.0546875
0 0.94921875 0.4625 0.1015625 0.04609375
0 0.82265625 0.30859375 0.02265625 0.0640625
0 0.86875 0.30625 0.03359375 0.06015625
1 0.6796875 0.45546875 0.05 0.05859375
0 0.69609375 0.39921875 0.053125 0.03125
0 0.79609375 0.39140625 0.0640625 0.0203125
0 0.49765625 0.6046875 0.03359375 0.07265625
1 0.72265625 0.45703125 0.02734375 0.046875
1 0.59453125 0.59921875 0.034375 0.06171875
1 0.55859375 0.54296875 0.07421875 0.03125
1 0.55625 0.50703125 0.0640625 0.0203125
1 0.5984375 0.11328125 0.03671875 0.04453125
1 0.63046875 0.05859375 0.0609375 0.034375
1 0.6484375 0.1171875 0.0453125 0.0515625
0 0.965625 0.1734375 0.06875 0.12578125