1 0.92890625 0.315625 0.0578125 0.0515625
0 0.31015625 0.17109375 0.0734375 0.034375
0 0.309375 0.28046875 0.07734375 0.04296875
0 0.31015625 0.378125 0.084375 0.04375
0 0.315625 0.4765625 0.075 0.04375
0 0.28125 0.67890625 0.0671875 0.0453125
0 0.2953125 0.82109375 0.06796875 0.05859375
0 0.31640625 0.96015625 0.1109375 0.0796875
0 0.4609375 0.48515625 0.046875 0.03984375
0 0.45234375 0.446875 0.06015625 0.03046875
0 0.425 0.6484375 0.05234375 0.05
0 0.446875 0.89375 0.0234375 0.06953125
0 0.465625 0.796875 0.06484375 0.02578125
0 0.4890625 0.8796875 0.0375 0.07109375
0 0.52265625 0.81875 0.03828125 0.08671875
0 0.55 0.82265625 0.028125 0.065625
0 0.5984375 0.81171875 0.04375 0.084375
0 0.63828125 0.8171875 0.03203125 0.0625
0 0.6203125 0.81953125 0.02109375 0.05078125
0 0.68046875 0.80078125 0.0296875 0.071875
0 0.72265625 0.8046875 0.02890625 0.075
0 0.74140625 0.803125 0.0328125 0.071875
0 0.8703125 0.853125 0.04609375 0.04375
0 0.60078125 0.446875 0.0265625 0.05625
0 0.65859375 0.3765625 0.06015625 0.05703125
0 0.66484375 0.60703125 0.0484375 0.13359375
0 0.490625 0.72421875 0.03359375 0.06484375
0 0.52109375 0.73046875 0.02265625 0.07265625
0 0.528125 0.6546875 0.05 0.034375
0 0.5140625 0.62109375 0.05859375 0.0453125
0 0.584375 0.5453125 0.0375 0.0734375
0 0.6125 0.56015625 0.03125 0.0828125
0 0.703125 0.6859375 0.025 0.0828125
0 0.759375 0.6828125 0.03359375 0.0609375
0 0.7609375 0.60234375 0.01796875 0.0421875
0 0.775 0.525 0.04375 0.0703125
0 0.73125 0.44765625 0.05625 0.0484375
0 0.784375 0.43984375 0.05 0.05390625
0 0.82109375 0.359375 0.0484375 0.03828125
0 0.490625 0.35078125 0.0359375 0.0625
0 0.45859375 0.30625 0.04140625 0.08203125
0 0.50078125 0.25703125 0.03828125 0.0296875
0 0.65078125 0.28828125 0.0421875 0.08359375
0 0.57734375 0.33984375 0.0609375 0.03359375
0 0.5609375 0.271875 0.021875 0.04296875
0 0.69296875 0.59609375 0.02265625 0.07109375
0 0.72265625 0.59375 0.03203125 0.07890625
0 0.825 0.528125 0.028125 0.06015625
1 0.8421875 0.7125 0.03046875 0.03203125
1 0.87265625 0.753125 0.05703125 0.02734375
1 0.95703125 0.8 0.025 0.05390625
0 0.47734375 0.5484375 0.01640625 0.1
0 0.55390625 0.73359375 0.0359375 0.0796875
0 0.61953125 0.7125 0.07265625 0.0453125
0 0.58046875 0.68125 0.0453125 0.0578125
0 0.70390625 0.40703125 0.05078125 0.0390625
0 0.73984375 0.39609375 0.04765625 0.04140625