0 0.62109375 0.3265625 0.09765625 0.03984375
1 0.13359375 0.3328125 0.04453125 0.040625
0 0.17421875 0.25546875 0.04375 0.05234375
0 0.17734375 0.184375 0.03515625 0.04765625
0 0.41328125 0.24609375 0.05703125 0.0453125
0 0.2359375 0.36953125 0.07734375 0.04765625
0 0.16328125 0.525 0.03203125 0.03671875
0 0.209375 0.5234375 0.02734375 0.06015625
0 0.26171875 0.540625 0.03515625 0.04609375
0 0.34609375 0.62578125 0.0515625 0.03515625
0 0.33984375 0.92109375 0.03515625 0.0546875
0 0.3609375 0.82578125 0.0203125 0.0421875
0 0.38828125 0.81796875 0.03203125 0.04765625
0 0.62265625 0.59609375 0.05078125 0.0375
0 0.6234375 0.55546875 0.08046875 0.0390625
0 0.8359375 0.39140625 0.03984375 0.040625
1 0.5625 0.24296875 0.01875 0.04375
0 0.6375 0.178125 0.07109375 0.0265625
0 0.3734375 0.103125 0.071875 0.03046875
1 0.534375 0.240625 0.021875 0.03515625
1 0.50234375 0.1640625 0.02734375 0.0390625
1 0.33125 0.37421875 0.0328125 0.0515625
1 0.38203125 0.37265625 0.0203125 0.03203125
1 0.409375 0.36484375 0.01640625 0.03359375
1 0.07265625 0.315625 0.03203125 0.01875
1 0.08984375 0.40390625 0.03515625 0.03203125
1 0.14453125 0.33984375 0.040625 0.0171875