0 0.80546875 0.67421875 0.0453125 0.0515625
1 0.80625 0.678125 0.04375 0.04375
0 0.87109375 0.76015625 0.0296875 0.0734375
0 0.85390625 0.678125 0.04296875 0.01796875
0 0.346875 0.43125 0.0484375 0.08203125
0 0.53359375 0.44296875 0.02890625 0.0640625
0 0.553125 0.4390625 0.025 0.06484375
0 0.31015625 0.27265625 0.02578125 0.0359375
0 0.38984375 0.2578125 0.0390625 0.0375
0 0.43203125 0.209375 0.04453125 0.021875
1 0.171875 0.89375 0.0125 0.053125
0 0.24375 0.796875 0.0296875 0.03046875
0 0.30703125 0.7984375 0.06015625 0.03359375
0 0.28046875 0.6125 0.03125 0.075
0 0.37890625 0.7359375 0.02890625 0.0421875
0 0.10078125 0.840625 0.04453125 0.0890625
0 0.18203125 0.40234375 0.02578125 0.01953125
0 0.22265625 0.4265625 0.02578125 0.04765625
0 0.43359375 0.06015625 0.05390625 0.0328125
0 0.57734375 0.0171875 0.0546875 0.034375
0 0.69453125 0.01484375 0.03828125 0.0296875
0 0.58828125 0.41484375 0.01953125 0.03359375
0 0.6078125 0.4140625 0.021875 0.06875
0 0.49453125 0.79765625 0.04765625 0.03203125
0 0.49453125 0.7703125 0.0375 0.03984375
0 0.5203125 0.7265625 0.025 0.03515625
0 0.57734375 0.6609375 0.0234375 0.05859375
0 0.54921875 0.796875 0.03515625 0.02265625
0 0.73203125 0.65625 0.0421875 0.0203125
0 0.72890625 0.63046875 0.0328125 0.02265625
0 0.89921875 0.74921875 0.04765625 0.06875
1 0.1234375 0.52109375 0.01796875 0.02890625
1 0.13046875 0.625 0.02578125 0.0203125
1 0.16328125 0.5609375 0.04453125 0.025
0 0.4625 0.2453125 0.0328125 0.0265625
0 0.45625 0.22890625 0.0203125 0.01953125
0 0.490625 0.2109375 0.0140625 0.04140625
1 0.1828125 0.1890625 0.02109375 0.04453125