0 0.490625 0.565625 0.04453125 0.0734375
0 0.36171875 0.5609375 0.04375 0.096875
0 0.3921875 0.56171875 0.0375 0.10703125
0 0.4234375 0.56640625 0.04140625 0.09140625
0 0.7171875 0.528125 0.0421875 0.03359375
0 0.58671875 0.47890625 0.0234375 0.05
0 0.68203125 0.36640625 0.0125 0.04921875
0 0.68203125 0.31640625 0.01796875 0.05078125
1 0.696875 0.365625 0.01953125 0.04921875
1 0.69453125 0.3171875 0.01796875 0.05546875
1 0.878125 0.4046875 0.0265625 0.053125
1 0.7578125 0.5578125 0.03515625 0.0359375
1 0.77578125 0.59375 0.03359375 0.040625
1 0.8140625 0.59765625 0.0421875 0.05
1 0.79765625 0.55703125 0.03125 0.04375
1 0.83515625 0.56015625 0.034375 0.04296875
1 0.85859375 0.596875 0.0421875 0.0453125
1 0.875 0.55625 0.03359375 0.046875
1 0.89375 0.59609375 0.03671875 0.04140625
1 0.915625 0.5546875 0.03203125 0.04296875
1 0.93125 0.59609375 0.034375 0.0453125
1 0.9515625 0.55625 0.0296875 0.0328125
1 0.9703125 0.596875 0.040625 0.05
0 0.21328125 0.6359375 0.03984375 0.04765625