0 0.79375 0.0828125 0.04609375 0.040625
0 0.784375 0.0515625 0.046875 0.02734375
0 0.78984375 0.034375 0.0640625 0.034375
0 0.9234375 0.10078125 0.04375 0.021875
0 0.92734375 0.06015625 0.0484375 0.02734375
0 0.93203125 0.0265625 0.0546875 0.04375
1 0.54140625 0.690625 0.01953125 0.0296875
1 0.56484375 0.69140625 0.01953125 0.03671875
1 0.59921875 0.6953125 0.01328125 0.0359375
1 0.61953125 0.69375 0.01484375 0.0453125
1 0.63828125 0.6890625 0.01015625 0.0359375
1 0.66171875 0.69296875 0.0171875 0.05546875