0 0.3140625 0.7421875 0.03046875 0.053125
0 0.23828125 0.73984375 0.02265625 0.04765625
0 0.27265625 0.74375 0.015625 0.040625
0 0.20078125 0.7453125 0.03046875 0.06796875
0 0.159375 0.74296875 0.0203125 0.05
0 0.2796875 0.13046875 0.01953125 0.04296875
0 0.41328125 0.07734375 0.02578125 0.02109375
0 0.34296875 0.16015625 0.01796875 0.034375
1 0.36484375 0.16953125 0.01875 0.034375
1 0.396875 0.2359375 0.0109375 0.03046875
1 0.396875 0.2 0.0140625 0.02421875
1 0.315625 0.0453125 0.00859375 0.0421875
1 0.36015625 0.04921875 0.0234375 0.01328125
0 0.640625 0.1546875 0.01171875 0.03984375
0 0.68671875 0.27421875 0.01640625 0.03046875
0 0.68828125 0.11484375 0.0203125 0.05
0 0.63671875 0.07734375 0.01015625 0.0359375
0 0.65625 0.06640625 0.015625 0.03515625
0 0.72734375 0.05390625 0.0140625 0.0375
0 0.6859375 0.36875 0.0125 0.03828125
0 0.1828125 0.14765625 0.00859375 0.040625
0 0.13125 0.12109375 0.00703125 0.0328125
0 0.06953125 0.1375 0.0234375 0.0375
0 0.02578125 0.1453125 0.03203125 0.02265625
1 0.0421875 0.1171875 0.03828125 0.01796875
0 0.390625 0.1609375 0.01875 0.02265625
1 0.43984375 0.09140625 0.01796875 0.02734375