1 0.2953125 0.46015625 0.02421875 0.05703125
1 0.315625 0.45546875 0.0234375 0.06328125
0 0.3890625 0.42421875 0.02890625 0.0625
0 0.41015625 0.4234375 0.02421875 0.05
0 0.409375 0.41796875 0.025 0.06796875
0 0.4515625 0.421875 0.028125 0.06328125
0 0.48828125 0.42421875 0.03046875 0.06875
0 0.465625 0.5765625 0.0234375 0.05703125
0 0.48515625 0.5609375 0.0234375 0.08515625
0 0.409375 0.509375 0.0375 0.03125
0 0.37421875 0.7859375 0.02265625 0.05859375
0 0.41328125 0.85703125 0.04453125 0.04296875
0 0.40078125 0.7875 0.01796875 0.065625
0 0.45078125 0.7828125 0.01484375 0.08125
0 0.48671875 0.81484375 0.02265625 0.08359375
0 0.8375 0.66171875 0.03984375 0.0765625
0 0.87890625 0.90859375 0.03828125 0.03671875
1 0.90703125 0.5921875 0.0421875 0.02578125
1 0.96875 0.69765625 0.021875 0.065625
1 0.95234375 0.62890625 0.0234375 0.06953125
1 0.91328125 0.10390625 0.03203125 0.03203125