0 0.58828125 0.43125 0.0640625 0.075
0 0.1953125 0.49609375 0.193359375 0.5143229166666666 0.2177734375 0.53125 0.2431640625 0.5234375 0.255859375 0.50390625 0.25390625 0.48828125 0.2294921875 0.46875 0.2080078125 0.4765625
0 0.2275390625 0.4244791666666667 0.21875 0.4440104166666667 0.2490234375 0.4765625 0.2734375 0.4596354166666667 0.275390625 0.4388020833333333 0.2646484375 0.4244791666666667 0.2509765625 0.4166666666666667
0 0.16796875 0.57421875 0.16796875 0.59765625 0.1884765625 0.6171875 0.2080078125 0.609375 0.224609375 0.5872395833333334 0.2158203125 0.5598958333333334 0.1962890625 0.5520833333333334
0 0.2265625 0.5950520833333334 0.224609375 0.6184895833333334 0.2353515625 0.6328125 0.2568359375 0.6354166666666666 0.275390625 0.6184895833333334 0.275390625 0.6002604166666666 0.2626953125 0.5755208333333334 0.2431640625 0.578125
0 0.015625 0.5455729166666666 0.015625 0.5690104166666666 0.0419921875 0.59375 0.0556640625 0.5885416666666666 0.072265625 0.5638020833333334 0.068359375 0.54296875 0.0458984375 0.5260416666666666
0 0.013671875 0.65234375 0.01171875 0.6783854166666666 0.0263671875 0.6927083333333334 0.0654296875 0.6848958333333334 0.072265625 0.6653645833333334 0.068359375 0.64453125 0.0517578125 0.6328125 0.0283203125 0.6354166666666666
0 0.056640625 0.5950520833333334 0.056640625 0.61328125 0.0810546875 0.6354166666666666 0.1103515625 0.6171875 0.1171875 0.6028645833333334 0.0908203125 0.5755208333333334 0.0732421875 0.578125
0 0.4443359375 0.46875 0.439453125 0.4830729166666667 0.4599609375 0.5182291666666666 0.470703125 0.49609375 0.4599609375 0.4765625
0 0.4765625 0.4674479166666667 0.47265625 0.4908854166666667 0.4814453125 0.5052083333333334 0.525390625 0.5091145833333334 0.529296875 0.4856770833333333 0.5166015625 0.4609375 0.4912109375 0.4557291666666667
0 0.51953125 0.6705729166666666 0.517578125 0.6940104166666666 0.5361328125 0.71875 0.5498046875 0.7239583333333334 0.57421875 0.7096354166666666 0.57421875 0.6783854166666666 0.5654296875 0.6640625 0.5341796875 0.65625
0 0.61328125 0.6627604166666666 0.611328125 0.6940104166666666 0.6240234375 0.7161458333333334 0.6455078125 0.7213541666666666 0.66796875 0.7044270833333334 0.669921875 0.6783854166666666 0.6611328125 0.65625 0.6298828125 0.6484375
0 0.74609375 0.64453125 0.74609375 0.6783854166666666 0.7705078125 0.6953125 0.7919921875 0.6927083333333334 0.806640625 0.6653645833333334 0.802734375 0.64453125 0.7841796875 0.6276041666666666 0.7607421875 0.6276041666666666
0 0.763671875 0.5247395833333334 0.763671875 0.55078125 0.7900390625 0.5807291666666666 0.8076171875 0.578125 0.8203125 0.5611979166666666 0.8203125 0.5299479166666666 0.7998046875 0.5052083333333334 0.7783203125 0.5052083333333334
0 0.8115234375 0.6197916666666666 0.8046875 0.6315104166666666 0.8251953125 0.6744791666666666 0.853515625 0.6653645833333334 0.85546875 0.6419270833333334 0.8447265625 0.625 0.8271484375 0.6145833333333334
0 0.96484375 0.6106770833333334 0.962890625 0.63671875 0.9775390625 0.6536458333333334 0.9990234375 0.6588541666666666 1 0.62109375 0.9775390625 0.6041666666666666
0 0.958984375 0.33984375 0.955078125 0.3658854166666667 0.9677734375 0.3932291666666667 1 0.3893229166666667 0.9990234375 0.3359375 0.9697265625 0.3307291666666667
0 0.88671875 0.3606770833333333 0.88671875 0.3919270833333333 0.9052734375 0.4166666666666667 0.9228515625 0.4192708333333333 0.943359375 0.40234375 0.9453125 0.3763020833333333 0.9306640625 0.3489583333333333 0.9052734375 0.3411458333333333
0 0.8330078125 0.3958333333333333 0.828125 0.4127604166666667 0.8486328125 0.4505208333333333 0.8681640625 0.4505208333333333 0.876953125 0.4388020833333333 0.87890625 0.4153645833333333 0.8662109375 0.3958333333333333
0 0.763671875 0.4049479166666667 0.76171875 0.4231770833333333 0.7685546875 0.4348958333333333 0.791015625 0.4388020833333333 0.7841796875 0.3854166666666667
0 0.76171875 0.2825520833333333 0.759765625 0.3111979166666667 0.7724609375 0.3333333333333333 0.7958984375 0.3333333333333333 0.81640625 0.3111979166666667 0.814453125 0.2877604166666667 0.7978515625 0.2682291666666667 0.7744140625 0.2682291666666667
0 0.8486328125 0.2526041666666667 0.841796875 0.2669270833333333 0.8515625 0.30859375 0.8681640625 0.3177083333333333 0.8876953125 0.3098958333333333 0.89453125 0.2955729166666667 0.892578125 0.2669270833333333 0.8740234375 0.24739583333333334
0 0.740234375 0.19661458333333334 0.740234375 0.23046875 0.7490234375 0.23958333333333334 0.7724609375 0.2421875 0.794921875 0.22526041666666666 0.794921875 0.19921875 0.7802734375 0.1796875 0.7587890625 0.17708333333333334
0 0.560546875 0.24088541666666666 0.5546875 0.26953125 0.5634765625 0.2838541666666667 0.5927734375 0.2890625 0.61328125 0.2669270833333333 0.609375 0.24088541666666666 0.5966796875 0.22395833333333334 0.5771484375 0.22135416666666666
0 0.501953125 0.2747395833333333 0.501953125 0.3033854166666667 0.5166015625 0.3229166666666667 0.5439453125 0.3203125 0.5546875 0.2981770833333333 0.55078125 0.2721354166666667 0.5341796875 0.2578125 0.5146484375 0.2604166666666667
0 0.60546875 0.2877604166666667 0.6015625 0.31640625 0.6162109375 0.3333333333333333 0.6376953125 0.3385416666666667 0.658203125 0.3216145833333333 0.658203125 0.30078125 0.6416015625 0.2760416666666667 0.6240234375 0.2734375
0 0.501953125 0.22526041666666666 0.5029296875 0.2526041666666667 0.5361328125 0.2578125 0.552734375 0.21744791666666666 0.5263671875 0.203125
0 0.314453125 0.33984375 0.314453125 0.3580729166666667 0.3369140625 0.3828125 0.3671875 0.3684895833333333 0.369140625 0.3450520833333333 0.3544921875 0.3255208333333333 0.3291015625 0.3229166666666667
0 0.31640625 0.19661458333333334 0.3212890625 0.22395833333333334 0.3505859375 0.24479166666666666 0.373046875 0.24348958333333334 0.373046875 0.19401041666666666 0.3603515625 0.171875 0.3466796875 0.1640625 0.3330078125 0.16927083333333334
0 0.236328125 0.19401041666666666 0.23828125 0.22265625 0.2568359375 0.23697916666666666 0.2783203125 0.23177083333333334 0.2890625 0.21484375 0.2890625 0.19401041666666666 0.2763671875 0.17447916666666666 0.2509765625 0.17447916666666666
0 0.208984375 0.10026041666666667 0.20703125 0.12630208333333334 0.2255859375 0.1484375 0.2490234375 0.14322916666666666 0.263671875 0.12109375 0.255859375 0.09505208333333333 0.2412109375 0.08333333333333333 0.2197265625 0.0859375
0 0.1640625 0.14453125 0.1669921875 0.16927083333333334 0.2021484375 0.1796875 0.21484375 0.16796875 0.212890625 0.13932291666666666 0.1982421875 0.125 0.1845703125 0.125
0 0.083984375 0.11328125 0.08203125 0.14453125 0.0927734375 0.15885416666666666 0.13671875 0.13151041666666666 0.12890625 0.10286458333333333 0.1142578125 0.09635416666666667 0.0966796875 0.09895833333333333
0 0.2001953125 0.9140625 0.193359375 0.9309895833333334 0.2255859375 0.96875 0.2431640625 0.9661458333333334 0.255859375 0.9440104166666666 0.251953125 0.9205729166666666 0.2373046875 0.9010416666666666 0.2197265625 0.8984375
0 0.39453125 0.95703125 0.39453125 0.98046875 0.4091796875 0.9973958333333334 0.4326171875 0.9973958333333334 0.451171875 0.9856770833333334 0.451171875 0.95703125 0.4384765625 0.9401041666666666 0.4111328125 0.9348958333333334
0 0.0009765625 0.8463541666666666 0 0.91015625 0.0205078125 0.90625 0.03515625 0.8841145833333334 0.03515625 0.8684895833333334 0.0224609375 0.8515625
0 0.1552734375 0.640625 0.150390625 0.6497395833333334 0.1630859375 0.6822916666666666 0.1953125 0.6809895833333334 0.1943359375 0.6432291666666666 0.1865234375 0.6354166666666666
0 0.443359375 0.8294270833333334 0.443359375 0.8580729166666666 0.4599609375 0.8802083333333334 0.4873046875 0.8828125 0.50390625 0.86328125 0.50390625 0.8372395833333334 0.4873046875 0.8125 0.4599609375 0.8125
0 0.4599609375 0.6354166666666666 0.458984375 0.65234375 0.4736328125 0.6848958333333334 0.501953125 0.6809895833333334 0.50390625 0.64453125 0.4970703125 0.6328125 0.4794921875 0.6276041666666666