2 0.21484375 0.2669270833333333 0.2109375 0.31640625 0.2177734375 0.3385416666666667 0.3505859375 0.3567708333333333 0.3837890625 0.3307291666666667 0.40234375 0.2981770833333333 0.4140625 0.2591145833333333 0.4140625 0.22786458333333334 0.3857421875 0.1875 0.3486328125 0.16145833333333334 0.2607421875 0.15104166666666666 0.2421875 0.16796875
1 0.466796875 0.4700520833333333 0.4697265625 0.5052083333333334 0.6513671875 0.6848958333333334 0.8076171875 0.7890625 0.8212890625 0.7864583333333334 0.837890625 0.76171875 0.841796875 0.7252604166666666 0.6923828125 0.5234375 0.5361328125 0.3697916666666667 0.5205078125 0.3645833333333333 0.50390625 0.3841145833333333
0 0.77734375 0.4778645833333333 0.775390625 0.51171875 0.7861328125 0.53125 0.8154296875 0.5364583333333334 0.82421875 0.5247395833333334 0.830078125 0.4986979166666667 0.8154296875 0.4661458333333333 0.7939453125 0.4609375
0 0.8115234375 0.4375 0.806640625 0.45703125 0.8330078125 0.5 0.8447265625 0.4947916666666667 0.85546875 0.47265625 0.8515625 0.44921875 0.8349609375 0.4322916666666667
0 0.724609375 0.4544270833333333 0.72265625 0.48046875 0.7373046875 0.5026041666666666 0.7607421875 0.5078125 0.7734375 0.49609375 0.775390625 0.4674479166666667 0.7646484375 0.4479166666666667 0.7373046875 0.4401041666666667
0 0.859375 0.41015625 0.8515625 0.42578125 0.85546875 0.4622395833333333 0.8759765625 0.4817708333333333 0.8994140625 0.46875 0.90625 0.4309895833333333 0.8984375 0.4127604166666667 0.8857421875 0.4036458333333333
0 0.8984375 0.6080729166666666 0.896484375 0.65234375 0.9052734375 0.6614583333333334 0.9306640625 0.6536458333333334 0.93359375 0.6028645833333334 0.9169921875 0.59375
0 0.470703125 0.09244791666666667 0.46484375 0.12369791666666667 0.4775390625 0.14583333333333334 0.5185546875 0.16927083333333334 0.5380859375 0.16145833333333334 0.546875 0.14713541666666666 0.548828125 0.12369791666666667 0.5361328125 0.09895833333333333 0.4814453125 0.0859375
0 0.41015625 0.05078125 0.40625 0.08203125 0.4228515625 0.10677083333333333 0.4462890625 0.10416666666666667 0.45703125 0.08984375 0.45703125 0.05859375 0.4404296875 0.036458333333333336 0.4208984375 0.0390625
0 0.46484375 0.6809895833333334 0.462890625 0.69921875 0.4716796875 0.71875 0.5048828125 0.71875 0.51953125 0.6940104166666666 0.515625 0.6731770833333334 0.4990234375 0.65625 0.4775390625 0.6588541666666666
0 0.201171875 0.3528645833333333 0.19921875 0.3893229166666667 0.2119140625 0.4088541666666667 0.2333984375 0.4088541666666667 0.251953125 0.3841145833333333 0.2470703125 0.3463541666666667 0.2119140625 0.3385416666666667
0 0.376953125 0.006510416666666667 0.375 0.024739583333333332 0.3935546875 0.036458333333333336 0.4072265625 0.033854166666666664 0.419921875 0.016927083333333332 0.4189453125 0
0 0.8798828125 0 0.880859375 0.032552083333333336 0.8916015625 0.041666666666666664 0.9091796875 0.044270833333333336 0.92578125 0.024739583333333332 0.9248046875 0