0 0.6328125 0.6364583333333333 0.103125 0.11875
0 0.322265625 0.6080729166666666 0.3349609375 0.6015625 0.34375 0.5846354166666666 0.33984375 0.5403645833333334 0.3115234375 0.5104166666666666 0.2822265625 0.5104166666666666 0.2646484375 0.5234375 0.2578125 0.55859375 0.265625 0.58203125 0.3017578125 0.6067708333333334
0 0.310546875 0.5065104166666666 0.318359375 0.4986979166666667 0.322265625 0.4752604166666667 0.31640625 0.45703125 0.2998046875 0.4401041666666667 0.2548828125 0.4348958333333333 0.232421875 0.45703125 0.232421875 0.48046875 0.2412109375 0.4921875 0.2666015625 0.4921875 0.2841796875 0.5078125
0 0.400390625 0.4622395833333333 0.427734375 0.4440104166666667 0.43359375 0.42578125 0.4296875 0.4049479166666667 0.4033203125 0.3776041666666667 0.3623046875 0.3802083333333333 0.34765625 0.40234375 0.349609375 0.4388020833333333 0.3662109375 0.4557291666666667
0 0.38671875 0.73828125 0.404296875 0.72265625 0.41015625 0.7044270833333334 0.408203125 0.6809895833333334 0.3984375 0.66015625 0.3720703125 0.640625 0.3330078125 0.6484375 0.3203125 0.6731770833333334 0.326171875 0.70703125 0.3564453125 0.7369791666666666
0 0.5234375 0.6731770833333334 0.5419921875 0.6640625 0.5546875 0.6471354166666666 0.552734375 0.60546875 0.5380859375 0.5885416666666666 0.5087890625 0.5755208333333334 0.4794921875 0.5885416666666666 0.466796875 0.61328125 0.470703125 0.6471354166666666 0.5009765625 0.6744791666666666
0 0.51171875 0.20442708333333334 0.53125 0.18619791666666666 0.53125 0.16536458333333334 0.5244140625 0.15104166666666666 0.4970703125 0.1328125 0.4716796875 0.1328125 0.453125 0.14973958333333334 0.453125 0.17578125 0.4677734375 0.1953125
0 0.533203125 0.3606770833333333 0.55078125 0.3346354166666667 0.548828125 0.30859375 0.5361328125 0.2864583333333333 0.4912109375 0.2734375 0.466796875 0.29296875 0.46484375 0.3268229166666667 0.4775390625 0.3515625 0.4912109375 0.3619791666666667
0 0.95703125 0.6002604166666666 0.9658203125 0.5989583333333334 0.98828125 0.5690104166666666 0.986328125 0.52734375 0.9541015625 0.5026041666666666 0.9248046875 0.5026041666666666 0.9111328125 0.5104166666666666 0.900390625 0.52734375 0.90234375 0.5768229166666666 0.9267578125 0.5989583333333334
0 0.744140625 0.9231770833333334 0.7734375 0.9049479166666666 0.77734375 0.8736979166666666 0.771484375 0.85546875 0.7373046875 0.8255208333333334 0.7001953125 0.8307291666666666 0.6875 0.8502604166666666 0.689453125 0.8815104166666666 0.7177734375 0.9166666666666666
0 0.6015625 0.8763020833333334 0.626953125 0.8580729166666666 0.626953125 0.8424479166666666 0.642578125 0.82421875 0.642578125 0.8111979166666666 0.6162109375 0.7760416666666666 0.5849609375 0.7734375 0.55859375 0.7981770833333334 0.5546875 0.83203125 0.5654296875 0.8489583333333334 0.580078125 0.84765625 0.5830078125 0.8723958333333334
0 0.123046875 0.5065104166666666 0.142578125 0.49609375 0.138671875 0.47265625 0.1181640625 0.4609375 0.1005859375 0.4296875 0.0771484375 0.4348958333333333 0.0703125 0.44921875 0.076171875 0.48046875 0.1123046875 0.5078125
0 0.224609375 0.5143229166666666 0.228515625 0.49609375 0.2080078125 0.4609375 0.1728515625 0.4401041666666667 0.15625 0.4466145833333333 0.15234375 0.4856770833333333 0.1591796875 0.5
0 0.15234375 0.2643229166666667 0.1728515625 0.2552083333333333 0.181640625 0.24088541666666666 0.1796875 0.20182291666666666 0.1572265625 0.18229166666666666 0.1103515625 0.19010416666666666 0.099609375 0.20963541666666666 0.1015625 0.24088541666666666 0.1259765625 0.2630208333333333
0 0.3984375 0.17057291666666666 0.423828125 0.14713541666666666 0.42578125 0.12369791666666667 0.419921875 0.10807291666666667 0.3876953125 0.08854166666666667 0.3505859375 0.09895833333333333 0.341796875 0.11588541666666667 0.34375 0.14192708333333334 0.3681640625 0.16666666666666666
0 0.755859375 0.3580729166666667 0.783203125 0.33984375 0.787109375 0.30078125 0.7646484375 0.2682291666666667 0.7353515625 0.265625 0.7265625 0.27734375 0.7421875 0.28515625 0.73828125 0.3033854166666667 0.71484375 0.3424479166666667 0.7353515625 0.359375
0 0.830078125 0.4934895833333333 0.8544921875 0.484375 0.8671875 0.4674479166666667 0.865234375 0.43359375 0.8447265625 0.4140625 0.8017578125 0.4140625 0.78515625 0.4309895833333333 0.783203125 0.45703125 0.8076171875 0.4869791666666667
0 0.7578125 0.71484375 0.76953125 0.7018229166666666 0.763671875 0.66796875 0.775390625 0.6497395833333334 0.7734375 0.63671875 0.7451171875 0.625 0.7158203125 0.6380208333333334 0.705078125 0.6575520833333334 0.70703125 0.68359375 0.7255859375 0.7109375
0 0.59375 0.22526041666666666 0.6171875 0.20442708333333334 0.6171875 0.17317708333333334 0.611328125 0.16015625 0.5869140625 0.140625 0.5673828125 0.13802083333333334 0.5517578125 0.14583333333333334 0.5390625 0.16796875 0.544921875 0.20182291666666666 0.5595703125 0.22395833333333334
0 0.6171875 0.13932291666666666 0.642578125 0.11067708333333333 0.642578125 0.09244791666666667 0.6279296875 0.06770833333333333 0.5869140625 0.0625 0.560546875 0.08463541666666667 0.560546875 0.10807291666666667 0.5732421875 0.12760416666666666 0.5966796875 0.140625