0 0.7102864583333334 0.720703125 0.33984375 0.33984375
0 0.859375 0.6178385416666666 0.010416666666666666 0.01171875
0 0.8671875 0.62890625 0.005208333333333333 0.005208333333333333
0 0.8828125 0.662109375 0.015625 0.03515625
0 0.888671875 0.7428385416666666 0.016927083333333332 0.06640625
0 0.8919270833333334 0.6946614583333334 0.0078125 0.024739583333333332
2 0.6490885416666666 0.716796875 0.17317708333333334 0.24088541666666666
2 0.572265625 0.7434895833333334 0.01953125 0.03125
2 0.5891927083333334 0.7936197916666666 0.006510416666666667 0.006510416666666667
2 0.6263020833333334 0.7936197916666666 0.020833333333333332 0.01953125
2 0.66015625 0.619140625 0.020833333333333332 0.009114583333333334
2 0.6731770833333334 0.6015625 0.033854166666666664 0.013020833333333334
2 0.6588541666666666 0.7975260416666666 0.005208333333333333 0.009114583333333334
2 0.6848958333333334 0.8359375 0.057291666666666664 0.036458333333333336
2 0.6848958333333334 0.728515625 0.026041666666666668 0.029947916666666668
2 0.6796875 0.8248697916666666 0.010416666666666666 0.006510416666666667
2 0.68359375 0.6165364583333334 0.005208333333333333 0.01171875
2 0.7122395833333334 0.6848958333333334 0.005208333333333333 0.0078125
2 0.7259114583333334 0.845703125 0.006510416666666667 0.006510416666666667
2 0.7506510416666666 0.833984375 0.009114583333333334 0.006510416666666667
2 0.779296875 0.8046875 0.006510416666666667 0.0078125
