0 0.5872395833333334 0.408203125 0.3333333333333333 0.3190104166666667
2 0.4485677083333333 0.40234375 0.014322916666666666 0.0234375
2 0.4479166666666667 0.3821614583333333 0.005208333333333333 0.006510416666666667
2 0.4973958333333333 0.3782552083333333 0.09375 0.17838541666666666
2 0.505859375 0.322265625 0.014322916666666666 0.01171875
2 0.5377604166666666 0.3854166666666667 0.026041666666666668 0.010416666666666666
2 0.5364583333333334 0.359375 0.013020833333333334 0.010416666666666666
2 0.5553385416666666 0.4557291666666667 0.024739583333333332 0.015625
2 0.55078125 0.4361979166666667 0.0078125 0.010416666666666666
2 0.5553385416666666 0.3938802083333333 0.006510416666666667 0.009114583333333334
2 0.578125 0.5032552083333334 0.026041666666666668 0.024739583333333332
2 0.5709635416666666 0.431640625 0.006510416666666667 0.006510416666666667
2 0.587890625 0.4505208333333333 0.006510416666666667 0.005208333333333333
2 0.59375 0.4798177083333333 0.005208333333333333 0.009114583333333334
