0 0.5904947916666666 0.3157552083333333 0.014322916666666666 0.016927083333333332
2 0.5091145833333334 0.2955729166666667 0.005208333333333333 0.013020833333333334
4 0.5774739583333334 0.25 0.006510416666666667 0.005208333333333333
6 0.51171875 0.2708333333333333 0.005208333333333333 0.005208333333333333
6 0.51953125 0.2532552083333333 0.013020833333333334 0.01953125
6 0.5279947916666666 0.328125 0.006510416666666667 0.005208333333333333
6 0.5384114583333334 0.2819010416666667 0.009114583333333334 0.009114583333333334
6 0.5475260416666666 0.3483072916666667 0.016927083333333332 0.014322916666666666
6 0.5592447916666666 0.267578125 0.009114583333333334 0.006510416666666667
6 0.5748697916666666 0.3033854166666667 0.040364583333333336 0.026041666666666668
6 0.583984375 0.3470052083333333 0.01953125 0.024739583333333332
6 0.6048177083333334 0.318359375 0.006510416666666667 0.006510416666666667
6 0.642578125 0.279296875 0.024739583333333332 0.08463541666666667
