1 0.6653645833333334 0.5169270833333334 0.0078125 0.010416666666666666
2 0.6451822916666666 0.4348958333333333 0.12630208333333334 0.3385416666666667
2 0.6927083333333334 0.3098958333333333 0.010416666666666666 0.015625
2 0.7135416666666666 0.3072916666666667 0.010416666666666666 0.005208333333333333
2 0.73046875 0.26171875 0.005208333333333333 0.010416666666666666
2 0.8138020833333334 0.587890625 0.013020833333333334 0.006510416666666667
2 0.8346354166666666 0.421875 0.028645833333333332 0.06510416666666667
2 0.8795572916666666 0.3359375 0.024739583333333332 0.033854166666666664
2 0.8743489583333334 0.525390625 0.006510416666666667 0.006510416666666667
2 0.9010416666666666 0.466796875 0.005208333333333333 0.006510416666666667
