0 0.3483072916666667 0.7897135416666666 0.2903645833333333 0.27734375
2 0.2708333333333333 0.775390625 0.10416666666666667 0.11588541666666667
2 0.2630208333333333 0.8522135416666666 0.0546875 0.061197916666666664
2 0.267578125 0.8033854166666666 0.014322916666666666 0.0078125
2 0.2779947916666667 0.703125 0.006510416666666667 0.005208333333333333
2 0.3033854166666667 0.810546875 0.033854166666666664 0.032552083333333336
2 0.2962239583333333 0.7265625 0.009114583333333334 0.005208333333333333
2 0.3177083333333333 0.69921875 0.010416666666666666 0.0078125
2 0.3255208333333333 0.724609375 0.010416666666666666 0.006510416666666667
2 0.3404947916666667 0.7942708333333334 0.024739583333333332 0.018229166666666668
2 0.345703125 0.76953125 0.006510416666666667 0.018229166666666668
2 0.36328125 0.751953125 0.018229166666666668 0.02734375
2 0.3658854166666667 0.78125 0.020833333333333332 0.018229166666666668
2 0.3763020833333333 0.7760416666666666 0.005208333333333333 0.0078125
4 0.23046875 0.7141927083333334 0.0390625 0.061197916666666664
