2 0.11848958333333333 0.484375 0.005208333333333333 0.005208333333333333
2 0.12890625 0.5123697916666666 0.020833333333333332 0.040364583333333336
2 0.13151041666666666 0.40234375 0.005208333333333333 0.005208333333333333
2 0.18684895833333334 0.4602864583333333 0.09505208333333333 0.23046875
2 0.16080729166666666 0.4674479166666667 0.024739583333333332 0.0625
2 0.20963541666666666 0.447265625 0.005208333333333333 0.006510416666666667
2 0.23046875 0.4192708333333333 0.010416666666666666 0.005208333333333333
2 0.251953125 0.392578125 0.032552083333333336 0.03515625
2 0.259765625 0.51953125 0.01953125 0.018229166666666668
2 0.2571614583333333 0.49609375 0.006510416666666667 0.010416666666666666
2 0.2643229166666667 0.4791666666666667 0.005208333333333333 0.005208333333333333
2 0.2721354166666667 0.4427083333333333 0.015625 0.046875
