2 0.4817708333333333 0.3984375 0.0078125 0.010416666666666666
4 0.4791666666666667 0.3424479166666667 0.1015625 0.10677083333333333
4 0.541015625 0.3893229166666667 0.006510416666666667 0.018229166666666668
4 0.5416666666666666 0.2936197916666667 0.005208333333333333 0.006510416666666667
4 0.546875 0.373046875 0.005208333333333333 0.006510416666666667
6 0.4270833333333333 0.3333333333333333 0.015625 0.057291666666666664
6 0.4544270833333333 0.265625 0.018229166666666668 0.010416666666666666
6 0.474609375 0.2734375 0.037760416666666664 0.057291666666666664
6 0.5026041666666666 0.2975260416666667 0.052083333333333336 0.06640625
6 0.5358072916666666 0.24609375 0.045572916666666664 0.026041666666666668
6 0.5319010416666666 0.349609375 0.022135416666666668 0.02734375
6 0.546875 0.3248697916666667 0.026041666666666668 0.022135416666666668
6 0.5651041666666666 0.2688802083333333 0.049479166666666664 0.022135416666666668
6 0.578125 0.3541666666666667 0.044270833333333336 0.06770833333333333
