0 590 479 591 480
0 597 472 598 473
0 581 472 582 473
0 181 469 182 470
0 8 469 9 470
0 595 468 596 469
0 6 468 7 469
0 191 466 197 469
0 188 466 190 468
0 440 463 441 464
0 438 462 439 463
0 93 462 94 463
0 446 461 447 462
0 228 461 229 462
0 200 461 203 464
0 196 461 197 464
0 173 461 176 464
0 68 459 69 460
0 488 458 489 459
0 434 458 436 459
0 236 456 240 458
0 232 456 235 459
0 230 456 231 457
0 226 456 227 457
0 65 456 67 459
0 486 455 487 456
0 206 455 207 456
0 188 455 194 464
0 582 454 583 455
0 378 451 379 452
0 95 449 96 450
0 77 448 79 450
0 154 447 156 449
0 94 446 96 448
0 575 443 576 444
0 99 443 107 453
0 80 443 88 448
0 380 441 382 442
0 532 440 533 441
0 638 439 639 441
0 618 439 621 443
0 378 439 379 440
0 534 438 537 440
0 404 438 405 439
0 312 438 313 439
0 510 437 511 438
0 313 437 316 441
0 183 434 184 435
0 334 433 335 434
0 204 432 210 435
0 202 432 204 433
0 184 432 188 435
0 173 432 175 436
0 402 428 403 429
0 398 428 399 429
0 316 426 317 427
0 401 425 402 426
0 542 423 544 424
0 319 417 320 418
0 180 417 181 418
0 139 416 142 418
0 318 412 320 414
0 517 408 519 409
0 102 405 103 406
0 328 401 329 402
0 346 398 348 400
0 234 398 235 399
0 385 393 387 396
0 632 392 633 393
0 234 391 235 392
0 343 389 344 390
0 240 389 241 390
0 341 388 342 389
0 389 386 390 387
0 216 386 217 387
0 243 385 244 386
0 218 384 219 386
0 164 382 170 384
0 516 378 517 379
0 509 374 510 375
0 7 369 8 370
0 55 366 56 367
0 58 364 60 365
0 362 362 365 365
0 48 360 50 361
0 60 357 63 359
0 288 353 290 356
0 534 352 535 354
0 75 351 76 352
0 422 349 423 350
0 84 347 85 348
0 97 346 99 349
0 81 346 82 347
0 407 340 408 341
0 96 335 99 338
0 115 331 117 332
0 102 331 103 332
0 97 331 98 332
0 113 328 116 330
0 110 327 111 328
0 433 324 434 325
0 428 324 429 325
0 126 320 129 325
0 418 319 419 320
0 436 318 438 320
0 109 318 110 319
0 110 313 111 314
0 233 310 234 311
0 206 307 207 308
0 88 307 95 310
0 201 306 202 307
0 510 305 511 306
0 205 305 206 306
0 117 305 118 306
0 432 302 434 303
0 200 302 201 303
0 92 302 93 303
0 248 300 251 307
0 200 299 201 300
0 185 297 186 298
0 88 296 92 303
0 257 294 258 295
0 424 293 425 294
0 330 292 331 293
0 441 291 442 292
0 249 290 250 291
0 581 289 582 290
0 282 289 283 290
0 162 289 163 290
0 153 288 154 289
0 436 286 440 289
0 241 286 242 287
0 513 270 514 271
0 492 270 493 271
0 138 270 140 271
0 121 270 126 272
0 145 269 147 271
0 262 266 263 267
0 27 266 31 270
0 22 266 24 268
0 240 265 242 267
0 29 263 31 264
0 19 262 20 263
0 234 261 235 262
0 23 261 27 263
0 193 260 194 261
0 41 256 43 258
0 265 250 267 253
0 142 250 143 251
0 147 248 149 249
0 58 247 60 249
0 154 244 156 246
0 144 244 145 245
0 146 241 147 242
0 233 240 236 243
0 143 240 144 242
0 389 237 390 239
0 390 235 391 236
0 129 232 130 233
0 125 229 128 232
0 32 225 35 230
0 0 225 1 226
0 26 222 29 224
0 299 209 300 210
0 217 205 219 207
0 340 201 341 202
0 471 195 472 196
0 133 194 134 195
0 230 193 231 194
0 131 193 132 194
0 473 190 474 191
0 220 190 221 191
0 626 185 627 186
0 345 179 346 180
0 222 178 223 179
0 348 175 349 177
0 389 171 390 172
0 189 170 190 171
0 490 163 492 165
0 491 161 492 162
0 442 158 443 160
0 493 153 496 155
0 491 153 492 154
0 254 152 255 154
0 217 149 218 150
0 495 143 496 144
0 231 133 232 134
0 337 131 345 133
0 442 129 444 130
0 454 125 455 126
0 225 117 226 120
0 433 113 434 114
0 191 111 193 112
0 186 111 189 112
0 177 108 178 109
0 464 103 465 104
0 479 102 480 103
0 168 100 169 101
0 472 99 473 100
0 239 96 240 98
0 490 94 491 95
0 481 94 482 95
0 563 91 564 92
0 234 91 235 92
0 406 87 407 88
0 405 85 406 86
0 318 83 319 84
0 304 65 305 66
0 607 60 608 61
0 217 58 218 59
0 405 57 406 59
0 407 56 408 57
0 411 54 412 55
0 628 47 629 48
0 417 46 418 47
0 337 46 338 47
0 227 45 228 46
0 209 44 210 45
0 30 44 31 45
0 629 43 630 44
0 214 43 215 44
0 155 35 156 36
0 400 33 401 34
0 148 33 149 34
0 36 29 37 30
0 252 28 253 32
0 410 18 411 19
0 337 16 338 18
0 442 15 443 16
0 356 11 357 12
0 337 4 338 7
0 400 2 401 3
0 434 0 435 1
