0 633 479 634 480
0 591 479 592 480
0 589 479 590 480
0 163 479 164 480
0 587 477 589 479
0 616 476 624 480
0 582 476 585 479
0 432 476 435 480
0 629 475 632 480
0 616 475 617 476
0 595 475 600 480
0 586 475 587 476
0 327 475 330 477
0 591 474 593 478
0 271 474 277 480
0 308 473 324 480
0 588 472 589 473
0 475 472 478 476
0 619 470 620 471
0 308 470 312 473
0 625 469 626 471
0 368 469 409 480
0 367 469 368 470
0 305 469 307 471
0 616 468 618 473
0 595 468 602 471
0 394 468 395 469
0 357 468 358 469
0 297 468 303 480
0 359 467 361 470
0 366 466 367 468
0 616 465 617 466
0 499 465 500 466
0 496 465 497 466
0 493 465 494 466
0 357 465 358 466
0 312 465 318 468
0 274 465 275 468
0 636 464 640 467
0 598 464 613 480
0 435 464 441 476
0 428 464 432 475
0 278 464 283 480
0 264 464 274 471
0 252 464 256 480
0 454 463 456 465
0 634 462 635 463
0 625 462 626 465
0 489 462 492 464
0 444 462 472 474
0 449 462 451 464
0 553 461 561 466
0 508 461 512 464
0 340 461 341 463
0 429 460 430 462
0 409 460 412 464
0 432 459 440 463
0 258 459 263 465
0 637 458 638 459
0 455 458 457 461
0 360 458 361 461
0 414 457 415 458
0 291 455 297 465
0 275 455 276 456
0 534 454 535 455
0 371 454 372 455
0 536 453 537 454
0 429 453 430 454
0 379 453 380 454
0 360 453 361 454
0 576 452 577 453
0 268 452 270 455
0 533 451 534 452
0 483 451 485 458
0 455 451 456 453
0 581 450 583 452
0 578 450 580 452
0 464 450 469 461
0 459 450 460 451
0 560 449 570 455
0 539 449 542 451
0 531 449 532 450
0 432 449 433 450
0 411 449 423 473
0 379 449 380 450
0 370 449 372 452
0 356 449 363 464
0 539 448 540 449
0 414 448 416 450
0 276 448 278 452
0 577 447 578 448
0 565 447 566 448
0 173 447 174 451
0 582 446 584 447
0 373 446 374 447
0 594 445 595 446
0 584 445 593 449
0 543 445 561 455
0 465 445 466 446
0 267 445 273 451
0 573 444 575 445
0 545 444 546 445
0 413 444 414 446
0 593 442 594 443
0 565 442 572 446
0 478 442 484 449
0 299 442 309 462
0 286 442 288 444
0 256 442 260 454
0 576 441 577 442
0 598 440 611 445
0 538 440 541 445
0 475 440 477 442
0 455 440 457 442
0 413 440 414 443
0 574 439 575 441
0 569 439 570 441
0 380 439 381 440
0 256 439 258 441
0 604 438 605 439
0 554 438 556 440
0 464 438 466 442
0 372 438 374 445
0 612 437 617 441
0 549 437 553 442
0 458 437 461 440
0 368 437 369 438
0 415 436 417 438
0 370 436 371 438
0 261 435 262 437
0 258 435 259 436
0 569 434 575 439
0 622 433 640 440
0 369 433 370 434
0 321 433 324 448
0 609 432 622 437
0 605 432 609 435
0 560 432 564 434
0 489 432 490 433
0 483 432 488 439
0 417 432 421 436
0 230 432 232 448
0 335 431 340 449
0 609 430 613 433
0 578 430 593 441
0 570 430 572 432
0 431 430 432 431
0 424 430 428 432
0 326 430 370 480
0 319 430 320 431
0 621 428 625 429
0 612 428 614 429
0 597 428 601 430
0 594 428 595 429
0 438 428 439 429
0 368 428 369 429
0 324 428 338 468
0 319 428 320 429
0 260 428 262 432
0 578 427 583 433
0 441 427 442 428
0 373 427 375 429
0 630 426 631 427
0 580 426 581 427
0 573 426 574 427
0 563 426 564 427
0 370 426 371 427
0 638 424 640 425
0 634 424 636 425
0 621 423 622 424
0 592 423 595 427
0 568 423 572 430
0 367 423 368 425
0 631 422 635 423
0 627 422 628 423
0 461 422 462 423
0 352 422 366 425
0 621 421 622 422
0 573 421 574 422
0 450 421 451 422
0 316 421 317 422
0 618 420 619 421
0 576 420 577 421
0 312 420 313 421
0 593 419 595 421
0 588 419 592 424
0 449 419 459 426
0 351 419 352 420
0 347 419 349 420
0 621 418 623 420
0 577 418 586 425
0 361 418 362 419
0 596 417 597 418
0 593 417 595 418
0 638 416 640 418
0 635 416 637 418
0 478 416 479 417
0 476 416 477 417
0 318 416 342 425
0 631 415 633 416
0 362 415 363 417
0 629 414 630 415
0 618 414 620 416
0 454 414 455 415
0 622 413 626 416
0 233 413 259 427
0 484 412 488 419
0 467 412 471 417
0 466 412 467 413
0 461 412 462 413
0 352 412 361 416
0 617 411 619 413
0 359 411 360 412
0 622 410 623 412
0 596 410 619 435
0 588 410 594 416
0 516 410 517 411
0 595 409 596 412
0 384 408 416 412
0 310 408 317 419
0 621 407 622 408
0 618 407 619 408
0 607 406 608 407
0 484 406 492 412
0 441 406 442 407
0 318 406 356 411
0 603 405 606 407
0 525 405 526 407
0 356 405 357 406
0 281 403 282 404
0 638 402 640 408
0 633 402 637 408
0 634 402 635 403
0 441 402 442 403
0 284 402 285 403
0 612 401 615 403
0 496 401 516 405
0 494 401 495 402
0 618 400 625 406
0 482 400 493 405
0 480 400 481 401
0 444 400 468 412
0 463 400 464 402
0 458 400 459 401
0 330 400 331 402
0 328 400 329 402
0 326 400 327 402
0 324 400 325 402
0 322 400 323 402
0 291 400 296 402
0 616 399 618 401
0 504 399 506 400
0 502 399 503 400
0 469 399 480 420
0 454 399 456 400
0 518 398 525 400
0 484 398 485 399
0 526 397 527 398
0 309 397 314 404
0 635 396 636 397
0 444 395 445 396
0 634 394 635 395
0 505 394 506 395
0 498 394 499 398
0 494 394 495 395
0 462 394 464 399
0 531 393 535 396
0 292 393 293 394
0 537 392 538 394
0 482 392 483 394
0 504 391 505 392
0 289 391 290 392
0 537 389 539 391
0 501 389 502 390
0 482 389 483 390
0 361 389 362 390
0 546 388 548 391
0 454 388 456 392
0 450 388 458 399
0 302 388 305 391
0 493 387 498 391
0 449 387 450 388
0 560 386 561 387
0 554 386 557 388
0 546 386 547 387
0 470 386 472 388
0 292 386 294 392
0 549 385 553 389
0 305 385 320 398
0 280 385 285 394
0 229 385 233 408
0 541 384 542 385
0 330 384 336 402
0 293 384 294 385
0 223 384 224 391
0 551 383 552 384
0 515 383 516 384
0 506 383 508 386
0 447 383 448 384
0 338 383 339 384
0 565 382 567 384
0 501 382 502 384
0 488 382 489 383
0 347 382 350 385
0 336 382 337 383
0 559 381 564 385
0 507 381 508 382
0 571 380 572 381
0 483 380 484 381
0 360 380 361 381
0 504 379 505 380
0 547 378 550 381
0 536 378 537 379
0 490 378 492 383
0 438 378 447 386
0 416 378 417 380
0 302 378 303 384
0 573 377 576 379
0 492 377 493 378
0 578 376 579 377
0 542 376 543 377
0 504 376 507 378
0 477 376 478 377
0 369 376 370 377
0 357 376 358 377
0 294 376 295 378
0 551 375 552 376
0 466 375 467 378
0 577 374 578 375
0 500 374 501 375
0 475 374 476 377
0 568 373 572 375
0 558 373 563 380
0 486 373 487 374
0 481 372 483 376
0 458 372 459 373
0 452 372 453 373
0 575 371 576 372
0 485 371 486 372
0 336 371 372 412
0 569 370 570 371
0 546 370 551 374
0 493 370 495 372
0 587 369 589 374
0 564 369 567 378
0 492 368 493 369
0 476 368 477 369
0 471 368 476 372
0 463 368 464 370
0 450 368 452 371
0 442 368 446 372
0 335 368 336 369
0 578 367 579 368
0 488 367 492 375
0 533 366 535 370
0 484 366 487 368
0 480 366 483 368
0 458 366 462 368
0 336 366 337 367
0 560 365 561 366
0 541 365 542 366
0 528 365 529 366
0 516 365 518 367
0 550 364 553 369
0 537 364 538 366
0 516 364 524 380
0 513 364 514 365
0 477 364 479 367
0 452 364 453 365
0 337 364 338 365
0 569 363 576 368
0 530 363 531 364
0 525 363 526 364
0 519 363 521 364
0 473 363 474 364
0 564 362 565 363
0 462 362 463 363
0 454 362 457 368
0 448 362 451 369
0 339 362 340 363
0 579 361 585 375
0 530 361 531 362
0 520 361 521 362
0 473 361 474 362
0 590 360 600 371
0 542 360 545 363
0 556 359 560 364
0 549 359 550 361
0 531 359 532 360
0 523 359 524 361
0 577 358 578 359
0 536 358 538 361
0 478 358 479 359
0 475 358 476 359
0 468 358 469 359
0 452 358 453 360
0 332 358 337 364
0 581 357 582 358
0 565 357 567 360
0 528 357 530 359
0 522 357 523 358
0 557 356 559 358
0 544 356 545 358
0 483 356 487 361
0 421 356 427 362
0 627 355 628 356
0 492 355 494 358
0 539 354 540 355
0 480 354 482 356
0 257 354 264 359
0 587 353 588 355
0 449 353 451 354
0 233 353 283 441
0 551 352 555 360
0 494 352 495 355
0 437 352 444 358
0 416 352 418 354
0 327 352 331 361
0 514 351 516 353
0 572 350 574 352
0 562 350 569 355
0 147 350 157 352
0 140 350 141 352
0 620 349 621 350
0 488 349 489 350
0 414 349 415 350
0 411 349 413 351
0 338 349 345 361
0 618 348 619 351
0 582 348 588 352
0 569 348 570 350
0 541 348 544 354
0 523 348 525 352
0 445 348 447 352
0 627 347 628 348
0 623 347 624 348
0 589 347 590 348
0 565 347 566 348
0 535 347 540 352
0 476 347 486 353
0 224 347 235 385
0 625 346 626 347
0 469 346 470 347
0 320 346 337 357
0 594 345 596 347
0 566 345 567 346
0 551 345 552 351
0 622 344 623 345
0 522 344 523 345
0 513 344 514 345
0 508 344 510 348
0 552 343 553 344
0 531 343 534 346
0 356 343 358 344
0 593 342 594 343
0 556 342 561 352
0 360 342 384 346
0 343 342 345 343
0 622 341 623 342
0 527 341 529 343
0 518 341 519 342
0 436 341 437 342
0 402 341 403 342
0 346 341 352 344
0 637 340 638 341
0 530 340 532 341
0 388 340 395 344
0 420 339 421 340
0 334 339 340 343
0 532 338 534 339
0 530 338 531 339
0 612 337 613 338
0 562 337 563 338
0 489 337 490 338
0 335 337 336 338
0 542 336 543 338
0 538 336 541 338
0 491 336 497 341
0 486 336 487 337
0 423 336 435 358
0 250 336 251 337
0 628 335 629 336
0 480 335 485 341
0 625 334 626 335
0 535 334 536 335
0 436 334 472 341
0 326 334 327 335
0 636 333 637 334
0 500 333 529 342
0 487 333 488 334
0 460 333 462 334
0 233 333 234 334
0 618 332 627 340
0 540 332 542 333
0 374 332 375 333
0 372 332 373 333
0 553 331 554 332
0 635 330 636 331
0 630 330 633 333
0 520 330 521 331
0 638 329 639 331
0 620 329 621 331
0 613 328 614 330
0 595 328 621 364
0 452 328 458 332
0 486 327 487 328
0 480 326 486 332
0 639 325 640 326
0 631 325 633 327
0 627 325 628 326
0 356 325 410 330
0 313 325 320 332
0 621 324 624 329
0 609 324 611 327
0 343 324 352 330
0 327 324 328 325
0 636 323 637 324
0 416 323 432 333
0 338 323 339 324
0 321 323 322 324
0 627 322 628 323
0 318 322 320 324
0 309 322 310 323
0 276 322 331 376
0 280 322 281 323
0 278 322 279 323
0 460 321 471 328
0 501 320 502 321
0 475 320 480 326
0 447 320 449 322
0 319 320 322 322
0 618 319 619 320
0 550 319 609 343
0 551 319 552 320
0 465 319 466 320
0 340 319 342 320
0 291 319 292 320
0 497 318 543 332
0 471 318 472 319
0 322 318 324 320
0 637 317 640 322
0 603 317 605 319
0 482 317 484 319
0 460 317 462 318
0 343 317 344 319
0 334 317 338 323
0 325 317 337 341
0 634 316 636 319
0 544 316 548 324
0 444 316 445 317
0 321 316 322 317
0 494 315 496 320
0 448 315 449 316
0 328 315 329 316
0 629 314 631 316
0 561 314 562 315
0 488 314 492 320
0 414 314 416 317
0 408 314 413 320
0 542 313 544 314
0 474 313 475 314
0 459 313 460 314
0 432 313 436 320
0 326 313 327 315
0 338 312 342 319
0 309 312 310 313
0 304 312 305 313
0 619 311 622 313
0 290 311 292 312
0 288 311 292 314
0 586 310 587 312
0 571 310 573 317
0 492 310 493 311
0 473 310 474 311
0 451 310 452 311
0 449 310 450 311
0 409 310 411 312
0 443 309 444 310
0 431 309 432 311
0 340 309 341 310
0 335 309 337 312
0 331 309 332 311
0 609 308 625 321
0 584 308 585 309
0 571 308 572 309
0 437 308 438 309
0 625 307 626 308
0 529 307 530 308
0 510 307 511 308
0 478 307 481 313
0 475 307 477 311
0 325 307 326 308
0 564 306 565 307
0 494 306 496 308
0 492 306 493 307
0 406 306 408 309
0 343 306 344 307
0 626 305 627 306
0 536 305 537 306
0 410 305 412 308
0 582 304 584 307
0 423 304 424 307
0 326 304 327 305
0 557 303 558 304
0 519 303 525 309
0 491 303 492 304
0 629 302 640 316
0 592 302 597 311
0 542 302 544 304
0 502 302 504 304
0 488 302 489 303
0 454 302 462 311
0 628 301 631 304
0 606 301 608 303
0 552 301 555 302
0 546 300 548 303
0 486 300 489 301
0 436 300 438 303
0 398 300 399 301
0 289 300 300 311
0 549 299 550 300
0 633 298 634 299
0 627 298 630 299
0 544 298 546 300
0 537 298 538 299
0 500 298 501 299
0 324 298 325 300
0 523 297 525 299
0 476 297 477 298
0 293 297 294 298
0 627 296 628 297
0 521 296 522 297
0 338 296 343 305
0 635 295 640 300
0 609 295 611 298
0 486 295 488 296
0 350 295 351 297
0 538 294 539 296
0 513 294 514 295
0 475 294 476 295
0 624 293 629 295
0 578 293 583 300
0 338 293 339 294
0 571 292 575 294
0 539 292 541 293
0 529 292 531 294
0 513 292 514 293
0 454 292 455 293
0 325 292 326 293
0 597 291 598 292
0 461 291 462 292
0 292 291 293 292
0 281 291 288 295
0 581 290 582 291
0 568 290 569 291
0 472 290 473 292
0 612 289 613 290
0 576 289 578 296
0 420 289 421 290
0 378 289 380 290
0 597 288 598 289
0 588 288 598 302
0 462 288 474 309
0 341 288 342 289
0 303 288 304 289
0 599 287 627 310
0 520 287 524 291
0 488 287 489 288
0 293 287 294 288
0 608 286 612 289
0 596 286 597 287
0 533 286 535 288
0 514 286 516 288
0 468 286 470 289
0 328 286 341 309
0 334 286 335 287
0 605 285 606 286
0 599 285 600 286
0 466 285 467 286
0 476 284 481 289
0 338 284 339 285
0 622 283 623 284
0 614 283 620 292
0 594 283 596 284
0 582 283 585 286
0 573 283 576 286
0 561 283 567 289
0 555 283 560 286
0 525 283 526 284
0 464 283 466 284
0 424 283 425 284
0 626 282 634 289
0 606 282 607 284
0 506 282 507 283
0 429 282 430 283
0 394 282 395 283
0 580 281 581 282
0 547 281 548 282
0 508 281 509 282
0 466 281 467 282
0 464 281 465 282
0 292 281 297 284
0 289 281 291 283
0 271 281 272 282
0 624 280 626 283
0 612 280 618 284
0 586 280 592 285
0 549 280 554 284
0 545 280 546 281
0 542 279 544 280
0 518 279 519 280
0 497 279 498 280
0 473 279 475 281
0 468 279 469 283
0 428 279 429 281
0 633 278 639 283
0 615 278 616 279
0 573 278 579 283
0 561 278 562 279
0 529 278 533 283
0 529 278 530 279
0 486 278 487 280
0 294 278 296 280
0 617 277 619 279
0 548 277 549 278
0 512 277 513 278
0 510 277 511 278
0 589 276 603 284
0 571 276 572 277
0 293 276 294 277
0 608 275 611 280
0 527 275 529 277
0 516 275 517 277
0 492 275 496 282
0 628 274 631 277
0 539 274 540 275
0 499 274 500 275
0 472 274 475 278
0 638 273 640 274
0 625 273 627 275
0 613 273 615 275
0 573 273 576 278
0 562 273 565 276
0 544 273 546 275
0 533 273 534 274
0 509 273 511 274
0 319 273 324 276
0 315 273 318 274
0 611 272 612 274
0 607 272 610 274
0 604 272 606 275
0 548 272 553 274
0 542 272 543 273
0 380 272 381 273
0 297 272 299 274
0 294 272 296 274
0 589 271 590 272
0 552 271 560 280
0 557 271 558 272
0 417 271 419 273
0 634 270 637 273
0 607 270 609 271
0 603 270 605 272
0 478 269 481 272
0 401 269 403 271
0 296 269 297 270
0 288 269 294 270
0 271 269 282 275
0 638 268 640 270
0 467 268 474 272
0 463 268 464 269
0 359 268 361 270
0 278 268 284 269
0 636 267 637 268
0 576 266 588 276
0 417 266 418 267
0 545 265 547 267
0 368 265 373 268
0 324 265 341 276
0 562 264 563 265
0 484 264 512 271
0 417 264 420 265
0 376 264 384 268
0 346 264 351 267
0 267 264 272 268
0 550 263 560 268
0 535 263 543 269
0 473 263 474 264
0 430 263 431 264
0 614 262 615 263
0 528 262 533 270
0 518 262 519 263
0 475 262 477 263
0 607 261 616 268
0 579 261 580 262
0 516 261 517 262
0 507 261 508 262
0 478 261 479 263
0 398 261 405 269
0 375 261 376 262
0 528 260 529 261
0 486 260 487 261
0 290 260 314 268
0 607 259 608 260
0 584 259 605 268
0 550 259 553 262
0 547 259 548 260
0 489 259 490 260
0 352 259 356 263
0 325 259 327 261
0 568 258 569 259
0 532 258 533 259
0 407 258 408 259
0 399 258 401 260
0 294 258 295 259
0 591 257 592 258
0 536 257 537 258
0 512 257 513 258
0 435 257 472 291
0 544 256 547 259
0 528 256 531 258
0 521 256 523 259
0 515 256 516 258
0 485 256 486 258
0 480 256 484 260
0 476 256 478 257
0 425 256 426 257
0 423 256 424 257
0 392 256 396 258
0 343 256 346 259
0 564 255 579 271
0 541 255 542 257
0 496 255 498 256
0 376 255 379 258
0 632 254 633 255
0 566 254 567 256
0 514 254 515 255
0 499 254 506 260
0 433 254 434 256
0 411 254 412 255
0 327 254 328 256
0 626 253 631 261
0 590 253 591 254
0 418 253 421 255
0 588 252 589 253
0 558 252 560 255
0 507 252 511 257
0 409 252 410 253
0 333 252 336 257
0 325 252 326 256
0 582 251 583 252
0 416 251 419 254
0 327 251 329 253
0 584 250 587 253
0 415 250 416 251
0 400 250 401 252
0 313 250 314 251
0 582 249 583 250
0 541 249 542 250
0 517 249 518 250
0 471 249 477 255
0 548 248 550 251
0 536 248 537 251
0 416 248 417 249
0 344 248 345 249
0 293 248 297 256
0 596 247 599 249
0 540 247 541 248
0 526 247 528 252
0 466 247 470 256
0 399 247 402 249
0 397 247 398 248
0 342 247 343 248
0 637 246 640 250
0 577 246 580 250
0 530 246 531 247
0 522 246 525 252
0 477 246 481 252
0 411 246 412 248
0 334 246 335 247
0 313 246 314 247
0 284 246 285 247
0 572 245 575 247
0 553 245 556 249
0 543 245 544 246
0 540 245 541 246
0 525 245 526 246
0 397 245 398 246
0 371 245 372 247
0 365 245 366 246
0 296 245 297 246
0 604 244 605 245
0 498 244 507 247
0 481 244 483 248
0 417 244 418 245
0 376 244 378 247
0 583 243 584 246
0 564 243 565 244
0 527 243 528 244
0 295 243 296 244
0 432 242 433 244
0 403 242 404 243
0 319 242 320 243
0 313 242 315 245
0 594 241 598 244
0 571 241 572 242
0 409 241 410 242
0 398 241 399 242
0 637 240 640 245
0 334 240 342 259
0 544 239 548 243
0 531 239 532 240
0 497 239 498 240
0 470 239 471 242
0 464 239 468 246
0 418 239 419 240
0 363 239 368 245
0 567 238 572 240
0 537 238 539 241
0 431 238 432 239
0 381 238 382 239
0 334 238 335 239
0 606 237 610 241
0 556 237 560 241
0 488 237 490 239
0 466 237 467 238
0 464 237 465 238
0 427 237 428 239
0 309 237 312 239
0 343 236 344 237
0 333 236 334 237
0 604 235 607 237
0 538 235 541 238
0 475 235 476 236
0 464 235 465 236
0 418 235 420 237
0 409 235 410 236
0 341 235 342 236
0 633 234 634 235
0 404 234 409 240
0 566 233 568 235
0 521 233 523 234
0 512 233 513 234
0 414 233 415 234
0 479 232 480 234
0 339 232 342 235
0 333 232 336 236
0 584 231 586 232
0 524 231 525 232
0 420 231 421 232
0 401 231 402 232
0 319 231 332 247
0 314 231 315 232
0 302 231 303 232
0 612 230 613 232
0 603 230 604 231
0 547 230 549 233
0 295 230 296 231
0 292 230 298 241
0 633 229 634 230
0 628 229 629 230
0 566 229 567 230
0 297 229 298 232
0 626 228 627 229
0 614 228 616 229
0 572 228 573 229
0 558 228 559 230
0 550 228 555 234
0 474 228 475 230
0 292 228 293 229
0 562 227 563 228
0 457 227 465 233
0 529 226 530 227
0 472 226 474 227
0 467 226 468 227
0 325 226 327 227
0 514 225 516 227
0 509 225 510 226
0 464 225 465 227
0 414 225 415 226
0 331 225 332 227
0 298 225 299 226
0 579 224 580 225
0 558 224 560 225
0 528 224 529 225
0 496 224 502 229
0 328 224 329 227
0 604 223 605 224
0 576 223 578 227
0 549 223 550 224
0 535 223 542 227
0 474 223 475 225
0 472 223 473 225
0 331 223 332 224
0 323 223 326 225
0 634 222 635 224
0 611 222 612 223
0 595 222 597 224
0 558 222 559 223
0 328 222 329 223
0 587 221 605 238
0 584 221 586 224
0 508 221 513 224
0 500 221 501 222
0 471 221 472 222
0 462 221 463 223
0 394 221 395 222
0 339 221 343 230
0 297 221 299 224
0 291 221 294 227
0 545 220 547 222
0 536 220 537 221
0 514 220 523 224
0 507 220 508 221
0 323 220 324 222
0 318 220 319 221
0 287 220 288 222
0 612 219 613 220
0 540 219 542 222
0 426 219 427 220
0 413 219 414 220
0 403 219 405 222
0 328 218 330 221
0 609 217 630 269
0 611 217 612 218
0 515 217 516 218
0 490 217 491 218
0 475 217 477 219
0 361 217 362 219
0 296 217 299 220
0 472 216 473 217
0 461 216 464 217
0 403 216 404 217
0 315 216 317 218
0 626 215 634 228
0 600 215 601 216
0 522 215 533 219
0 498 215 499 216
0 490 215 491 216
0 488 215 489 216
0 485 215 487 219
0 408 215 410 216
0 635 214 638 217
0 603 214 605 215
0 468 214 469 215
0 456 214 458 216
0 343 214 345 217
0 292 214 294 215
0 500 213 501 214
0 398 213 400 216
0 394 213 396 216
0 351 213 352 214
0 301 213 303 214
0 289 213 292 220
0 336 212 338 213
0 291 212 292 213
0 506 211 507 212
0 475 211 477 213
0 454 211 455 212
0 497 210 498 211
0 488 210 489 211
0 431 210 432 211
0 313 210 321 215
0 310 210 311 211
0 631 209 638 216
0 511 209 512 210
0 460 209 461 211
0 426 209 460 237
0 304 209 309 211
0 301 209 302 210
0 418 208 419 209
0 342 208 343 209
0 338 208 340 210
0 322 208 332 216
0 408 207 409 208
0 347 207 349 209
0 319 207 320 208
0 298 207 299 208
0 383 206 384 207
0 314 206 316 208
0 295 206 297 208
0 637 205 638 206
0 627 205 635 208
0 349 205 350 206
0 340 205 341 206
0 366 204 367 205
0 363 204 365 205
0 636 203 637 204
0 490 203 491 204
0 462 203 469 215
0 297 203 299 206
0 476 202 488 210
0 469 202 470 203
0 382 202 383 205
0 492 201 510 209
0 450 201 451 202
0 447 201 448 202
0 437 200 443 205
0 416 200 433 209
0 390 200 408 205
0 368 200 377 203
0 319 200 331 206
0 456 199 459 201
0 451 199 452 200
0 484 198 488 201
0 447 197 448 198
0 358 197 359 198
0 338 197 356 205
0 384 196 385 197
0 332 196 337 201
0 473 195 476 199
0 457 195 458 196
0 389 195 390 196
0 341 194 342 195
0 313 194 325 201
0 484 193 486 197
0 457 193 458 194
0 343 193 345 195
0 304 192 305 193
0 289 192 310 201
0 286 192 287 193
0 476 191 477 193
0 425 191 426 192
0 406 191 407 192
0 366 191 367 192
0 319 191 320 192
0 299 191 300 192
0 292 191 293 192
0 573 190 576 192
0 468 190 469 192
0 460 190 461 191
0 442 190 443 191
0 400 190 402 192
0 341 190 343 191
0 337 190 338 192
0 324 190 325 191
0 286 190 287 191
0 424 189 425 190
0 408 189 411 193
0 592 188 595 189
0 482 188 483 189
0 341 188 342 189
0 332 188 333 189
0 311 188 312 189
0 539 187 548 190
0 343 187 344 189
0 537 186 538 187
0 443 186 444 188
0 291 186 292 187
0 587 185 588 187
0 550 185 551 186
0 452 185 454 188
0 412 185 414 187
0 299 185 300 188
0 289 185 290 186
0 282 185 283 188
0 565 184 567 187
0 458 183 460 185
0 533 182 534 184
0 528 182 529 183
0 299 182 300 183
0 573 181 580 190
0 549 181 562 196
0 450 181 451 182
0 611 180 615 183
0 541 180 542 181
0 537 180 539 181
0 525 180 527 183
0 587 179 593 184
0 585 179 586 180
0 566 179 571 185
0 561 179 562 180
0 522 179 523 180
0 467 179 468 180
0 456 179 457 180
0 615 178 616 179
0 527 178 528 179
0 524 178 525 179
0 399 178 402 181
0 575 177 576 178
0 572 177 573 179
0 567 177 568 178
0 534 177 536 179
0 468 177 470 179
0 409 177 410 178
0 391 177 392 178
0 301 177 303 178
0 282 177 285 178
0 554 176 555 177
0 438 176 439 177
0 425 176 431 188
0 336 176 338 178
0 321 176 332 179
0 305 176 309 179
0 294 176 300 179
0 623 175 624 176
0 567 175 568 176
0 446 175 447 176
0 442 175 445 181
0 413 175 414 176
0 343 175 345 178
0 625 174 626 175
0 587 174 589 178
0 585 174 587 175
0 556 174 557 175
0 292 174 293 175
0 521 173 522 175
0 506 173 507 174
0 454 173 455 174
0 416 173 420 187
0 595 172 611 184
0 586 172 587 173
0 578 172 580 174
0 551 172 554 176
0 550 172 551 173
0 511 172 515 176
0 421 172 422 174
0 342 172 343 174
0 337 172 338 173
0 287 172 289 174
0 588 171 589 173
0 573 171 574 172
0 567 171 568 173
0 556 171 557 172
0 541 171 544 174
0 494 171 495 172
0 396 171 397 172
0 391 171 392 172
0 581 170 582 171
0 554 170 555 172
0 309 170 310 171
0 402 169 404 172
0 354 169 355 170
0 300 169 301 170
0 567 168 569 170
0 563 168 565 169
0 461 168 462 169
0 308 168 309 169
0 561 167 562 170
0 550 167 552 171
0 443 167 446 170
0 386 167 387 168
0 571 166 572 168
0 439 166 440 167
0 308 165 309 166
0 551 164 552 165
0 388 164 389 165
0 294 164 296 165
0 286 164 287 165
0 487 163 488 164
0 404 163 405 164
0 574 162 576 169
0 342 162 343 163
0 293 162 294 163
0 557 161 561 165
0 540 161 543 162
0 310 161 311 162
0 507 160 510 164
0 484 160 485 161
0 547 159 548 160
0 422 159 427 173
0 398 159 399 160
0 351 159 353 160
0 230 159 233 191
0 539 158 541 159
0 483 158 484 159
0 407 158 408 159
0 317 158 318 159
0 635 157 638 162
0 630 157 631 158
0 618 157 619 158
0 449 157 450 158
0 439 157 440 159
0 397 157 398 158
0 352 157 353 158
0 314 157 315 158
0 295 157 299 159
0 456 156 457 157
0 392 156 393 157
0 349 156 351 158
0 599 155 632 176
0 481 155 482 156
0 329 155 330 156
0 404 154 405 155
0 599 153 601 154
0 592 153 598 165
0 413 153 414 154
0 344 153 345 154
0 578 152 588 159
0 578 152 579 153
0 349 152 350 153
0 311 152 312 153
0 478 151 480 153
0 435 151 436 152
0 564 150 571 159
0 548 150 549 151
0 476 150 477 151
0 626 149 627 150
0 598 149 599 150
0 405 149 407 153
0 634 148 637 154
0 554 148 561 159
0 521 148 522 149
0 619 147 620 148
0 579 147 580 148
0 576 147 577 148
0 438 147 439 148
0 323 147 324 148
0 520 146 521 147
0 491 146 492 147
0 319 146 320 147
0 300 146 301 147
0 594 145 596 150
0 558 145 559 147
0 521 145 547 163
0 486 145 517 167
0 485 145 487 147
0 442 145 443 146
0 414 145 415 146
0 337 145 338 146
0 312 145 313 146
0 630 144 637 150
0 548 144 549 145
0 498 144 499 145
0 294 144 295 146
0 231 144 232 145
0 617 143 618 144
0 581 143 582 144
0 543 143 544 144
0 526 143 527 146
0 510 143 511 144
0 448 143 452 149
0 443 143 446 147
0 416 143 422 158
0 302 143 311 150
0 559 142 560 143
0 557 142 558 143
0 548 142 549 143
0 529 142 531 145
0 501 142 502 143
0 484 142 485 143
0 309 142 310 143
0 574 141 576 144
0 512 141 513 142
0 637 140 638 141
0 632 140 633 141
0 582 140 594 151
0 392 140 399 144
0 376 140 388 144
0 305 140 306 141
0 294 140 295 143
0 577 139 579 140
0 528 139 529 140
0 401 139 402 140
0 605 138 626 157
0 593 138 594 139
0 573 138 574 139
0 405 138 413 148
0 385 138 386 139
0 528 137 529 138
0 417 137 419 140
0 589 136 590 138
0 523 136 524 137
0 491 136 492 137
0 434 136 439 148
0 596 135 604 148
0 556 135 557 136
0 527 135 528 136
0 561 134 563 137
0 521 134 522 135
0 372 134 373 135
0 590 133 591 135
0 634 132 635 133
0 413 132 414 133
0 304 132 341 140
0 522 131 524 133
0 518 131 519 132
0 487 131 488 132
0 282 131 298 139
0 491 130 493 132
0 416 130 417 133
0 636 129 637 130
0 573 129 574 130
0 309 129 310 130
0 536 128 537 129
0 532 128 533 129
0 476 128 484 140
0 590 127 591 128
0 505 127 506 128
0 610 126 611 127
0 537 126 538 127
0 522 126 523 127
0 499 126 500 127
0 593 125 595 127
0 575 125 583 133
0 302 125 304 128
0 556 124 570 136
0 540 124 541 125
0 523 124 524 125
0 515 124 516 127
0 474 124 476 126
0 396 124 397 125
0 599 123 612 137
0 484 123 488 125
0 435 123 436 124
0 299 123 300 124
0 618 122 622 126
0 608 122 611 125
0 594 122 596 124
0 574 122 575 126
0 564 122 566 124
0 558 122 561 124
0 488 122 491 124
0 464 122 466 127
0 442 122 448 141
0 603 121 605 124
0 589 121 592 126
0 567 121 568 122
0 521 121 522 122
0 507 121 514 130
0 492 121 495 124
0 474 121 475 122
0 639 120 640 121
0 608 120 609 121
0 569 120 570 121
0 558 120 559 121
0 546 120 548 122
0 540 120 541 121
0 512 120 514 122
0 497 120 498 121
0 397 120 398 122
0 594 119 596 121
0 526 119 527 120
0 304 119 305 121
0 600 118 601 119
0 585 118 586 119
0 561 118 562 119
0 534 118 535 119
0 313 118 314 119
0 553 117 556 119
0 495 117 496 118
0 396 117 397 118
0 392 117 393 118
0 575 116 576 117
0 509 116 511 118
0 472 116 474 118
0 312 116 313 117
0 534 115 535 116
0 514 115 515 117
0 294 115 301 121
0 412 114 417 129
0 622 113 623 115
0 585 113 591 117
0 492 113 493 114
0 440 113 442 121
0 593 112 594 113
0 581 112 584 117
0 536 112 537 113
0 509 112 513 114
0 477 112 478 113
0 296 112 297 114
0 293 112 295 117
0 600 111 615 119
0 588 111 589 112
0 556 111 557 113
0 480 111 483 113
0 321 111 322 112
0 596 110 598 111
0 578 110 580 112
0 576 110 577 111
0 562 110 563 113
0 542 110 543 111
0 313 110 316 112
0 611 109 612 111
0 593 109 594 110
0 536 109 538 111
0 510 109 511 110
0 492 109 496 113
0 433 109 435 111
0 403 109 405 112
0 304 109 306 111
0 301 109 302 110
0 584 108 586 112
0 551 108 552 109
0 491 108 492 109
0 479 108 480 109
0 468 108 472 112
0 331 108 333 110
0 313 108 314 109
0 589 107 592 111
0 292 107 294 110
0 561 106 571 119
0 564 106 566 110
0 550 106 551 107
0 538 106 539 107
0 470 106 471 107
0 438 106 439 107
0 324 106 326 108
0 553 105 554 106
0 534 105 536 111
0 504 105 505 107
0 345 105 346 106
0 617 104 637 147
0 437 104 438 105
0 302 104 305 106
0 588 103 590 106
0 554 103 555 104
0 630 102 632 103
0 504 102 505 104
0 484 102 485 103
0 469 102 470 104
0 333 102 336 105
0 320 102 322 104
0 627 101 628 102
0 518 101 519 102
0 486 101 491 105
0 587 100 588 102
0 521 100 522 101
0 507 100 508 101
0 495 99 496 100
0 358 99 359 100
0 480 98 483 99
0 632 97 633 98
0 606 97 625 111
0 508 97 509 98
0 474 97 475 98
0 626 96 628 97
0 495 96 496 98
0 481 96 483 97
0 472 96 473 99
0 467 96 471 99
0 308 96 310 99
0 595 95 605 108
0 540 95 556 100
0 431 95 432 96
0 635 94 636 95
0 632 94 633 95
0 301 94 303 95
0 628 93 631 95
0 619 93 620 95
0 597 93 598 95
0 591 93 595 107
0 588 93 589 94
0 412 93 413 94
0 339 93 340 94
0 635 92 636 93
0 590 92 592 94
0 369 92 370 93
0 344 92 345 93
0 313 92 314 93
0 611 91 613 93
0 542 91 543 92
0 537 91 538 92
0 534 91 535 92
0 458 91 459 93
0 330 91 331 92
0 305 91 306 92
0 295 91 296 92
0 636 90 637 91
0 619 90 623 92
0 614 90 616 92
0 603 90 609 92
0 567 90 568 92
0 495 90 496 91
0 300 90 302 91
0 298 90 299 92
0 624 89 626 91
0 542 89 543 90
0 518 89 519 90
0 390 89 391 90
0 296 89 297 90
0 602 88 605 90
0 544 88 553 94
0 498 88 509 96
0 309 88 310 89
0 274 88 280 97
0 638 87 640 90
0 607 87 609 89
0 499 87 500 88
0 330 87 331 89
0 512 86 533 96
0 335 86 337 89
0 480 85 481 86
0 465 85 494 94
0 595 84 596 86
0 238 83 239 84
0 236 83 237 84
0 639 82 640 84
0 556 82 586 106
0 556 81 558 83
0 475 81 476 82
0 334 81 338 83
0 322 81 326 82
0 256 81 257 82
0 370 80 380 83
0 312 80 313 81
0 432 79 440 104
0 638 78 640 80
0 564 78 566 81
0 557 78 558 79
0 253 78 255 79
0 412 77 417 112
0 366 77 367 78
0 495 76 496 77
0 410 76 411 77
0 566 75 568 77
0 507 75 508 76
0 395 75 399 81
0 391 75 393 76
0 364 75 367 76
0 437 74 438 76
0 561 73 562 74
0 506 73 507 74
0 435 73 436 77
0 378 73 392 82
0 403 72 408 85
0 437 71 439 73
0 566 70 567 71
0 366 70 368 72
0 306 70 307 71
0 622 69 623 71
0 612 69 619 78
0 522 69 524 70
0 435 69 437 70
0 550 68 557 80
0 336 68 363 83
0 310 68 336 77
0 281 68 282 69
0 507 67 509 69
0 330 66 331 67
0 302 66 303 67
0 555 65 556 66
0 538 65 539 66
0 300 65 301 67
0 298 65 299 67
0 288 65 297 67
0 464 64 470 84
0 437 64 439 66
0 412 64 414 67
0 353 64 355 65
0 332 63 346 66
0 567 62 568 63
0 473 62 474 63
0 560 60 561 61
0 550 60 556 66
0 552 60 553 61
0 473 60 474 61
0 608 59 609 60
0 546 57 547 58
0 405 57 407 64
0 222 57 223 59
0 486 56 487 57
0 347 56 348 57
0 523 55 524 57
0 440 53 441 54
0 556 52 565 60
0 542 52 552 59
0 185 52 186 53
0 639 51 640 52
0 476 51 477 54
0 465 51 469 62
0 388 51 390 54
0 550 50 554 54
0 486 50 487 51
0 238 50 278 75
0 574 49 576 52
0 459 49 460 53
0 566 48 567 49
0 562 48 563 49
0 541 48 545 52
0 346 48 347 49
0 342 48 343 49
0 358 47 361 65
0 538 46 540 47
0 546 45 551 50
0 231 45 232 47
0 0 45 1 46
0 590 44 591 46
0 561 44 565 48
0 538 44 539 45
0 356 44 357 45
0 536 43 537 44
0 534 43 535 44
0 375 43 376 44
0 558 42 559 43
0 543 41 544 42
0 550 40 551 41
0 347 40 348 42
0 622 39 624 42
0 595 38 601 43
0 624 37 625 38
0 617 37 618 38
0 466 37 472 48
0 579 36 590 42
0 465 36 466 38
0 459 36 463 43
0 471 35 472 36
0 405 35 406 36
0 617 34 618 35
0 560 34 568 41
0 375 34 376 36
0 472 33 473 34
0 406 33 407 34
0 609 32 625 69
0 463 32 464 33
0 353 32 356 45
0 599 31 602 35
0 551 31 558 40
0 369 31 370 32
0 613 30 614 31
0 597 30 598 31
0 582 29 583 31
0 367 29 368 30
0 360 29 361 30
0 613 28 615 29
0 464 28 465 30
0 470 27 474 32
0 358 27 361 32
0 588 26 594 39
0 578 26 579 28
0 527 26 547 42
0 545 25 551 28
0 498 25 499 26
0 399 25 400 26
0 360 25 361 26
0 621 24 622 25
0 615 24 621 32
0 594 24 599 30
0 578 22 581 24
0 558 22 559 23
0 530 22 531 23
0 412 22 415 23
0 400 22 401 24
0 602 21 603 22
0 522 21 526 26
0 556 20 557 21
0 478 20 526 35
0 360 20 361 21
0 580 18 581 19
0 519 18 520 19
0 385 18 386 19
0 371 18 372 19
0 478 17 479 18
0 601 16 603 19
0 517 16 518 17
0 502 16 507 20
0 468 16 469 17
0 347 16 348 17
0 622 15 623 16
0 618 15 619 16
0 593 15 597 18
0 588 15 589 16
0 584 15 585 16
0 616 14 617 15
0 342 14 347 17
0 527 13 533 16
0 485 13 487 17
0 484 13 485 14
0 419 13 420 14
0 514 12 516 13
0 586 11 587 12
0 583 11 584 12
0 569 11 570 13
0 396 11 432 23
0 523 10 524 11
0 512 10 513 11
0 429 10 430 11
0 242 10 243 12
0 596 9 599 14
0 432 9 433 13
0 332 9 333 11
0 330 9 331 10
0 328 9 329 10
0 620 8 622 10
0 603 7 604 9
0 334 7 362 25
0 294 7 295 8
0 518 6 519 7
0 508 6 509 7
0 433 6 436 9
0 619 5 620 7
0 598 5 600 8
0 290 5 293 8
0 604 4 605 5
0 595 4 596 5
0 590 4 591 5
0 505 4 506 5
0 432 4 433 5
0 514 3 515 4
0 573 2 574 3
0 568 2 569 4
0 570 1 571 2
0 413 1 415 3
0 395 1 396 2
0 619 0 640 57
0 621 0 624 7
0 617 0 619 4
0 592 0 597 3
0 572 0 573 1
0 511 0 512 3
0 436 0 438 5
0 380 0 381 1
0 305 0 389 16
0 277 0 288 4
0 242 0 243 9
0 238 0 242 49
0 0 0 288 480
