0 162 461 163 464
0 164 447 165 448
0 248 433 249 434
0 166 423 168 433
0 167 414 169 422
0 529 337 530 338
0 148 337 149 338
0 184 330 185 331
0 500 324 501 325
0 221 316 223 320
0 222 309 224 315
0 223 307 224 308
0 104 287 106 288
0 108 286 112 287
0 113 280 119 287
0 97 278 98 279
0 228 267 230 272
0 187 253 188 255
0 188 247 189 248
0 189 239 190 240
0 190 233 191 234
0 192 220 193 221
0 123 215 124 216
0 193 203 195 208
0 5 202 6 204
0 329 199 336 207
0 88 193 89 194
0 197 183 198 186
0 104 164 105 165
0 106 163 107 164
0 193 97 194 98
0 183 87 194 92
0 179 85 182 86
0 187 80 189 82
0 189 73 191 79
0 257 72 258 73
0 621 49 622 50
0 263 28 264 29
0 256 2 258 3
0 257 0 258 1
