0 22 479 23 480
0 178 478 179 479
0 50 477 51 478
0 36 475 47 479
0 33 475 34 476
0 90 472 91 473
0 55 472 68 480
0 43 470 48 475
0 157 469 160 474
0 639 468 640 469
0 173 467 174 469
0 28 466 42 475
0 155 464 156 465
0 158 462 159 463
0 66 461 73 467
0 64 461 65 462
0 44 460 65 476
0 59 459 60 460
0 90 456 98 467
0 84 456 87 459
0 68 454 76 459
0 76 450 89 463
0 95 448 96 449
0 93 448 94 449
0 91 447 92 448
0 93 442 103 447
0 143 428 144 431
0 140 415 141 416
0 140 410 141 412
0 141 406 142 408
0 459 391 460 392
0 133 387 134 390
0 133 384 134 386
0 43 370 49 372
0 41 370 42 371
0 38 368 40 370
0 23 368 34 378
0 142 366 143 368
0 49 366 50 367
0 31 366 37 370
0 26 366 30 367
0 140 365 141 366
0 35 365 36 366
0 32 363 33 364
0 34 362 43 367
0 125 361 129 363
0 48 361 51 365
0 40 358 46 362
0 550 354 551 355
0 129 350 130 351
0 0 336 39 364
0 560 331 561 332
0 7 331 8 332
0 144 325 145 326
0 489 312 490 313
0 146 264 147 265
0 146 261 147 263
0 146 251 147 253
0 146 248 147 250
0 146 241 147 243
0 570 224 571 225
0 579 215 580 216
0 146 209 147 212
0 604 192 605 193
0 582 190 583 191
0 593 181 594 182
0 623 158 624 159
0 435 129 436 130
0 135 104 137 112
0 135 99 137 103
0 136 92 138 98
0 137 88 138 90
0 138 79 140 87
0 638 74 639 75
0 119 62 122 68
0 612 41 613 42
0 375 2 376 3
