0 613 477 614 478
0 616 475 617 476
0 347 410 348 411
0 563 378 564 379
0 612 377 613 378
0 607 376 608 377
0 577 373 578 374
0 607 367 608 368
0 558 360 559 361
0 593 358 594 359
0 631 355 632 356
0 627 355 628 356
0 560 351 561 352
0 592 345 593 346
0 333 335 334 336
0 582 329 583 330
0 633 326 634 327
0 600 310 601 311
0 599 306 601 307
0 564 302 565 303
0 366 298 367 299
0 553 284 555 285
0 132 284 133 285
0 586 281 587 282
0 471 277 472 278
0 166 273 167 274
0 301 268 302 269
0 613 267 614 268
0 497 258 498 259
0 634 252 635 253
0 148 252 149 253
0 299 238 301 239
0 173 187 174 188
0 70 182 71 183
0 628 174 629 175
0 150 173 151 174
0 637 156 639 157
0 633 155 634 156
0 557 132 558 133
0 626 123 627 124
0 513 119 514 120
0 636 118 637 119
0 37 115 38 116
0 38 113 39 114
0 618 108 619 109
0 612 97 613 98
0 634 93 636 95
0 633 91 634 92
0 624 90 625 91
0 153 90 155 91
0 150 90 152 92
0 619 89 621 91
0 632 88 633 89
0 634 86 635 87
0 152 86 153 87
0 155 85 156 86
0 150 83 154 86
0 634 81 635 82
0 149 80 152 82
0 510 79 511 80
0 153 79 154 80
0 626 78 627 79
0 618 77 619 78
0 151 75 152 76
0 154 74 156 78
0 558 68 559 69
0 487 65 488 66
0 572 60 573 61
0 634 53 635 54
0 159 35 160 36
0 194 33 195 34
0 152 30 153 31
0 107 28 108 29
0 629 26 630 27
0 561 22 562 23
0 81 21 84 26
0 160 15 161 16
0 628 0 631 3
