0 437 280 438 282
0 373 262 376 264
0 39 257 40 258
0 573 256 575 258
0 583 249 587 253
0 68 249 69 250
0 58 248 59 249
0 545 232 547 234
0 548 231 550 233
0 128 226 129 227
0 457 220 458 221
0 455 207 456 209
0 512 200 513 201
0 511 193 513 194
0 112 192 114 194
0 551 182 555 184
0 432 179 434 181
0 606 178 608 181
0 271 176 272 177
0 520 172 528 179
0 447 168 448 170
0 528 166 532 172
0 404 166 405 167
0 157 164 160 167
0 406 163 407 165
0 404 163 405 164
0 391 161 392 162
0 384 161 385 162
0 482 160 483 161
0 495 156 496 157
0 256 149 259 151
0 470 148 471 149
0 321 148 322 149
0 399 145 400 146
0 456 134 457 135
0 437 134 438 135
0 430 134 431 135
0 440 133 441 134
0 430 129 431 130
0 404 129 405 130
0 367 129 368 130
0 367 126 368 127
0 408 115 410 118
0 411 112 412 113
0 358 105 359 106
0 260 103 261 104
0 260 99 261 100
0 288 98 289 99
0 405 97 408 98
0 353 96 354 98
0 417 79 418 80
0 353 72 354 73
0 414 70 416 73
0 350 69 351 71
0 404 66 405 67
0 415 65 416 66
0 401 65 402 66
0 507 51 508 52
0 451 38 452 39
