0 154 479 155 480
0 192 478 193 479
0 152 477 153 478
0 113 477 114 478
0 183 468 184 469
0 145 467 146 468
0 136 465 137 466
0 134 465 135 466
0 174 461 175 462
0 183 460 184 461
0 185 457 186 458
0 182 457 183 459
0 174 455 175 456
0 143 455 144 456
0 177 453 180 457
0 176 451 177 452
0 180 450 181 451
0 157 447 162 451
0 184 438 185 439
0 239 424 240 425
0 175 419 176 420
0 197 404 198 405
0 392 402 393 404
0 174 387 175 388
0 371 382 373 386
0 194 382 195 383
0 369 377 371 380
0 124 374 125 375
0 102 374 103 375
0 72 374 73 375
0 122 371 123 372
0 104 371 105 372
0 126 369 128 371
0 78 368 82 370
0 252 367 254 371
0 254 362 255 363
0 123 361 124 362
0 125 360 126 361
0 254 357 255 358
0 169 353 170 354
0 108 353 110 355
0 104 352 105 353
0 256 351 257 353
0 171 350 172 351
0 236 345 238 348
0 158 345 159 346
0 143 344 145 346
0 237 343 239 345
0 142 342 144 343
0 235 341 236 342
0 166 341 167 342
0 199 338 201 339
0 195 337 197 338
0 175 334 176 335
0 215 331 216 332
0 201 331 202 332
0 195 331 197 333
0 185 323 186 324
0 59 321 60 322
0 182 320 183 321
0 197 319 198 320
0 199 318 203 319
0 93 318 94 319
0 206 317 207 318
0 182 316 183 317
0 220 314 222 317
0 207 314 208 315
0 145 314 146 315
0 265 311 266 312
0 218 311 219 312
0 264 309 265 310
0 221 308 222 309
0 180 308 181 309
0 144 308 148 314
0 213 307 214 308
0 85 307 86 308
0 173 306 174 307
0 262 305 263 306
0 259 305 260 306
0 49 305 50 306
0 255 304 256 305
0 189 300 191 304
0 166 300 167 301
0 211 299 214 305
0 168 299 169 300
0 164 299 165 300
0 162 297 163 298
0 166 296 169 298
0 213 294 216 298
0 166 293 167 294
0 271 290 272 291
0 166 290 168 291
0 146 290 147 291
0 222 288 223 289
0 248 286 249 287
0 167 286 170 288
0 163 286 164 287
0 266 284 268 285
0 215 284 219 293
0 165 283 168 285
0 272 281 273 283
0 267 281 269 283
0 270 280 271 281
0 81 280 82 281
0 73 280 74 281
0 218 278 220 283
0 151 276 152 277
0 266 275 267 276
0 158 275 159 276
0 79 275 80 276
0 67 275 68 276
0 245 273 246 274
0 80 273 81 274
0 274 272 275 273
0 260 272 264 278
0 243 272 244 273
0 283 271 284 272
0 67 271 68 272
0 150 270 151 271
0 81 269 82 270
0 66 269 68 270
0 67 267 68 268
0 220 266 225 281
0 80 266 83 268
0 71 266 72 267
0 52 266 53 267
0 240 265 241 266
0 263 263 264 264
0 224 263 225 264
0 59 263 60 264
0 239 262 240 264
0 227 262 228 263
0 184 262 185 266
0 90 261 92 263
0 264 260 265 261
0 225 260 226 261
0 274 259 275 260
0 183 259 184 260
0 177 259 179 261
0 89 259 90 260
0 268 258 269 259
0 262 258 264 259
0 265 256 266 258
0 178 256 179 257
0 227 253 230 260
0 126 252 127 253
0 287 251 288 252
0 228 251 229 252
0 276 248 277 249
0 169 248 170 249
0 46 248 47 249
0 88 247 89 248
0 74 247 79 251
0 318 246 319 249
0 96 245 99 247
0 92 245 93 246
0 69 245 70 246
0 186 244 187 245
0 295 243 296 244
0 68 242 69 243
0 229 241 233 249
0 41 241 42 242
0 21 241 22 242
0 185 240 186 243
0 232 239 234 241
0 46 237 47 238
0 55 236 56 237
0 47 235 48 236
0 233 234 236 238
0 145 234 146 235
0 131 233 132 234
0 139 232 141 233
0 98 232 99 233
0 133 230 134 231
0 136 229 137 230
0 128 229 129 230
0 317 227 318 229
0 237 225 238 228
0 144 222 145 224
0 80 222 81 223
0 65 222 66 223
0 121 221 122 222
0 56 221 58 222
0 140 220 143 223
0 155 219 156 220
0 55 219 56 220
0 123 217 127 226
0 237 216 241 224
0 118 215 119 216
0 17 215 18 216
0 240 214 241 215
0 62 213 65 216
0 57 208 58 209
0 242 207 243 208
0 61 207 62 208
0 248 205 250 207
0 243 205 244 206
0 192 204 193 207
0 191 202 192 203
0 193 200 194 203
0 103 199 104 200
0 105 198 106 199
0 82 197 83 198
0 85 196 86 197
0 245 195 247 202
0 146 195 147 196
0 124 195 125 196
0 107 195 108 196
0 125 193 126 194
0 252 192 253 193
0 105 192 107 194
0 247 190 249 192
0 194 190 197 199
0 135 190 136 191
0 93 190 94 191
0 38 190 39 191
0 112 189 113 191
0 158 188 161 192
0 197 187 198 189
0 195 187 196 188
0 126 187 128 189
0 250 185 251 187
0 297 182 303 183
0 197 182 199 185
0 138 182 139 183
0 288 181 289 182
0 79 181 80 182
0 46 181 47 182
0 294 180 295 181
0 139 180 141 181
0 289 179 291 180
0 122 176 123 177
0 279 175 281 176
0 250 175 254 184
0 277 174 278 175
0 164 174 165 176
0 78 174 80 176
0 46 174 48 176
0 117 173 118 174
0 86 173 92 176
0 295 172 296 173
0 165 172 166 173
0 254 171 255 173
0 91 171 92 172
0 199 170 202 181
0 295 169 297 170
0 202 169 203 170
0 289 167 290 168
0 165 167 166 168
0 296 166 297 167
0 101 166 102 167
0 309 164 310 165
0 139 164 147 179
0 98 164 99 166
0 119 163 125 169
0 101 163 102 165
0 255 162 260 170
0 259 161 260 162
0 166 161 169 167
0 124 160 125 162
0 122 160 123 161
0 35 160 37 163
0 203 159 206 165
0 70 159 71 160
0 266 158 268 159
0 203 157 205 158
0 168 156 170 160
0 258 155 260 160
0 124 155 125 156
0 260 153 261 154
0 171 151 172 152
0 269 150 270 151
0 125 150 127 155
0 146 149 151 163
0 271 148 272 149
0 149 147 151 148
0 98 147 105 163
0 198 146 199 147
0 195 146 196 147
0 60 146 61 147
0 272 144 273 145
0 269 144 271 146
0 202 141 203 142
0 151 141 152 143
0 77 141 84 157
0 304 139 305 140
0 84 139 85 140
0 60 139 63 143
0 127 138 130 146
0 153 136 154 137
0 130 136 131 137
0 105 136 107 146
0 130 134 131 135
0 129 130 132 132
0 262 129 269 150
0 152 128 155 135
0 268 126 270 128
0 197 126 198 127
0 178 126 180 127
0 131 126 132 127
0 199 125 201 126
0 193 123 194 124
0 179 123 180 124
0 198 122 199 123
0 192 121 193 122
0 215 120 217 122
0 202 120 203 121
0 195 120 197 122
0 155 120 157 127
0 110 120 111 121
0 132 119 133 120
0 187 118 191 121
0 134 116 135 117
0 217 115 219 117
0 201 115 202 116
0 190 115 191 116
0 321 114 322 116
0 217 113 220 114
0 180 113 182 114
0 202 112 203 114
0 194 112 195 113
0 321 111 323 113
0 210 111 213 116
0 190 111 191 112
0 274 108 275 109
0 276 107 277 108
0 219 107 221 111
0 182 107 184 109
0 199 106 200 107
0 191 104 192 106
0 204 103 205 104
0 275 102 278 105
0 209 102 210 103
0 197 101 198 103
0 191 101 192 102
0 208 100 209 101
0 207 98 208 99
0 210 97 211 98
0 225 91 226 92
0 185 91 188 96
0 189 90 190 91
0 186 89 187 90
0 162 89 164 92
0 226 88 227 89
0 223 88 224 89
0 163 87 164 88
0 164 83 165 84
0 224 82 225 84
0 188 81 189 83
0 165 80 166 81
0 189 78 191 80
0 284 77 285 78
0 95 76 96 77
0 190 75 191 76
0 335 74 336 75
0 119 73 120 74
0 71 73 74 75
0 72 71 73 72
0 168 69 169 70
0 287 68 288 70
0 300 66 301 67
0 288 65 289 66
0 169 63 171 65
0 329 62 330 63
0 325 62 327 64
0 298 62 299 63
0 290 62 292 64
0 336 61 337 62
0 121 60 122 63
0 143 58 146 71
0 122 56 123 59
0 146 55 147 57
0 236 52 237 53
0 290 49 294 61
0 237 49 238 50
0 393 46 394 47
0 146 46 149 54
0 294 45 296 48
0 174 45 175 47
0 341 44 343 46
0 338 44 339 45
0 237 44 238 45
0 174 43 175 44
0 148 43 151 45
0 78 42 79 45
0 312 41 313 42
0 296 41 297 42
0 238 41 239 42
0 175 41 176 42
0 357 35 358 36
0 126 35 127 36
0 297 34 299 36
0 342 32 343 33
0 242 30 243 32
0 394 29 396 32
0 310 29 313 32
0 243 28 244 29
0 337 27 338 29
0 178 27 179 29
0 128 23 129 26
0 338 19 340 22
0 303 18 304 19
0 342 15 344 18
0 175 15 177 16
0 328 14 329 15
0 304 14 305 15
0 154 14 155 15
0 246 11 247 15
0 156 10 157 11
0 328 9 329 10
0 248 8 249 9
0 158 3 159 4
0 132 2 133 4
0 249 0 250 3
