0 308 479 311 480
0 258 478 259 479
0 209 474 217 478
0 207 474 208 475
0 343 463 344 464
0 311 461 312 462
0 254 461 255 462
0 253 456 254 457
0 290 451 291 452
0 313 450 314 451
0 251 447 252 448
0 250 444 251 445
0 244 441 245 442
0 249 440 250 441
0 289 430 290 431
0 589 380 590 381
0 285 366 286 367
0 510 360 511 361
0 254 360 255 361
0 284 359 285 360
0 280 359 282 360
0 563 304 564 305
0 625 281 626 282
0 622 203 623 204
0 622 129 623 130
0 520 122 521 123
0 629 104 630 105
0 222 88 223 89
0 296 85 297 86
0 177 72 178 73
0 639 60 640 61
0 308 58 309 59
0 539 57 540 58
0 626 54 627 55
0 627 51 628 52
0 623 45 624 46
0 625 39 626 40
0 580 39 581 40
0 334 35 335 36
0 261 35 262 36
0 349 33 352 35
0 135 32 136 33
0 159 30 160 31
0 156 30 158 31
0 140 30 142 32
0 509 29 510 30
0 352 29 353 30
0 329 29 330 30
0 320 29 321 30
0 261 29 264 32
0 162 29 163 30
0 132 28 133 29
0 328 27 332 30
0 320 26 321 27
0 535 25 536 26
0 317 23 318 24
0 272 19 273 20
0 601 17 602 18
