0 452 474 453 475
0 411 471 412 472
0 472 468 473 469
0 619 464 620 465
0 613 463 614 464
0 463 462 465 463
0 498 448 499 449
0 253 447 254 448
0 532 446 533 447
0 460 436 461 437
0 38 435 39 436
0 78 434 79 436
0 94 432 95 434
0 522 423 523 425
0 507 422 508 423
0 630 418 631 419
0 336 412 337 413
0 521 410 522 411
0 503 409 504 410
0 424 409 425 410
0 468 402 469 403
0 423 401 424 402
0 177 397 178 398
0 386 381 387 382
0 616 374 617 375
0 618 373 619 374
0 614 369 616 371
0 621 364 622 365
0 429 361 431 363
0 479 354 480 355
0 376 352 377 353
0 634 351 635 352
0 588 347 589 348
0 366 343 367 344
0 577 342 579 344
0 370 342 371 343
0 580 341 581 342
0 393 341 394 342
0 366 341 367 342
0 538 340 539 341
0 366 315 367 316
0 378 313 379 314
0 375 311 376 312
0 549 306 550 307
0 545 306 547 308
0 359 302 360 303
0 368 301 371 303
0 358 299 360 300
0 430 291 431 292
0 431 289 432 290
0 366 288 368 291
0 363 288 364 289
0 360 286 361 287
0 256 286 257 287
0 620 285 622 286
0 348 284 349 285
0 623 283 625 285
0 440 283 441 284
0 441 281 442 282
0 442 279 443 280
0 442 277 443 278
0 442 273 444 274
0 482 271 483 272
0 443 270 444 272
0 454 264 455 265
0 607 263 608 264
0 486 262 487 263
0 370 254 371 255
0 390 253 391 254
0 461 248 462 249
0 536 224 537 225
0 531 219 532 220
0 392 217 393 218
0 394 215 395 216
0 402 212 403 213
0 397 206 398 207
0 401 205 402 206
0 302 204 303 205
0 444 197 464 213
0 398 194 399 195
0 251 194 252 195
0 475 178 476 179
0 481 175 482 176
0 566 166 567 167
0 580 154 581 155
0 325 77 326 78
0 595 69 596 70
0 492 65 494 66
0 623 60 624 61
0 439 58 440 59
0 523 53 524 54
0 493 53 494 54
0 609 52 610 53
0 409 46 410 47
0 406 45 407 46
0 635 38 636 39
0 612 19 613 20
0 530 15 531 16
0 555 9 556 10
0 427 6 428 7
0 556 1 557 3
0 553 0 554 1
