0 313 431 314 432
0 138 431 139 432
0 528 429 533 432
0 491 429 506 433
0 621 428 623 429
0 468 428 475 431
0 601 427 633 433
0 538 427 579 433
0 458 427 465 430
0 0 427 640 480
0 592 426 598 431
0 584 426 590 433
0 522 425 527 428
0 538 423 539 425
0 534 412 535 413
0 534 405 535 406
0 532 403 535 405
0 59 398 110 403
0 0 398 57 403
0 537 393 538 394
0 553 382 554 383
0 381 382 383 384
0 308 382 309 383
0 311 381 312 382
0 538 379 539 380
0 555 378 556 379
0 394 377 396 378
0 395 375 396 376
0 445 372 446 374
0 318 369 319 370
0 568 361 569 362
0 449 360 450 361
0 591 357 592 359
0 566 354 567 356
0 595 351 596 352
0 590 351 593 356
0 284 350 285 351
0 100 342 119 353
0 88 336 95 340
0 86 335 87 336
0 84 334 85 335
0 81 333 82 334
0 580 332 582 336
0 74 329 81 333
0 582 328 583 329
0 588 324 591 327
0 588 322 589 323
0 446 320 450 324
0 58 319 73 328
0 593 317 595 318
0 586 315 588 317
0 309 315 310 316
0 311 313 312 314
0 410 305 412 308
0 34 305 58 319
0 582 304 583 305
0 579 304 580 306
0 609 302 612 303
0 572 302 573 303
0 12 294 32 307
0 91 292 105 294
0 80 292 85 294
0 26 292 35 295
0 560 291 561 293
0 440 291 442 294
0 109 291 110 292
0 51 291 60 295
0 576 290 577 291
0 439 285 443 289
0 604 277 606 280
0 433 277 434 278
0 603 275 604 276
0 315 270 316 271
0 472 269 473 270
0 612 264 613 265
0 560 263 561 264
0 596 261 597 262
0 539 254 542 255
0 433 248 435 250
0 572 245 574 250
0 624 244 625 245
0 590 244 591 245
0 407 244 408 247
0 473 243 474 244
0 486 241 489 246
0 408 241 409 242
0 330 241 331 242
0 273 241 276 244
0 536 240 537 241
0 623 239 624 240
0 466 239 467 240
0 481 237 483 240
0 427 233 428 234
0 606 226 607 227
0 303 225 304 226
0 628 224 629 225
0 551 224 552 225
0 602 223 603 224
0 415 222 417 224
0 329 221 330 222
0 607 217 608 218
0 588 217 589 218
0 588 215 589 216
0 305 214 306 215
0 607 212 610 214
0 612 208 614 214
0 604 208 605 209
0 370 208 372 213
0 599 207 601 209
0 357 206 358 207
0 607 205 610 211
0 573 205 574 207
0 567 205 569 209
0 599 203 600 204
0 446 202 447 203
0 569 201 570 202
0 369 200 371 207
0 638 197 639 198
0 600 194 601 196
0 468 184 469 185
0 465 183 467 185
0 466 180 467 182
0 637 179 638 180
0 561 175 562 176
0 637 174 639 178
0 47 173 48 174
0 45 173 46 175
0 637 171 639 173
0 571 162 572 163
0 82 161 83 162
0 86 160 125 165
0 455 159 457 160
0 0 158 68 168
0 400 156 401 157
0 609 104 614 106
0 377 101 378 102
0 359 100 361 101
0 249 94 250 95
0 154 91 155 92
0 150 91 151 92
0 96 91 97 92
0 0 91 640 163
0 626 90 628 91
0 628 88 629 89
0 393 84 394 85
0 327 83 328 84
0 327 72 328 76
0 44 72 47 74
0 361 71 362 72
0 301 71 302 74
0 409 62 410 63
0 0 60 11 61
0 322 54 323 55
0 48 49 49 50
0 37 48 45 50
0 2 48 9 49
0 332 41 333 42
0 38 36 43 38
0 44 25 45 26
0 38 25 39 26
0 8 24 9 25
0 6 24 7 25
0 49 14 50 15
0 27 12 28 13
0 329 7 333 9
0 171 2 172 3
0 169 2 170 3
0 166 0 167 1
0 161 0 165 3
0 151 0 158 3
0 146 0 148 3
0 129 0 144 3
0 112 0 128 3
0 47 0 51 2
0 34 0 46 2
