0 30 479 31 480
0 9 478 12 480
0 273 477 275 480
0 32 473 36 477
0 278 471 279 472
0 276 471 277 472
0 38 468 43 472
0 278 467 279 468
0 262 464 263 465
0 32 464 35 466
0 262 460 275 471
0 39 457 40 458
0 39 455 41 456
0 257 453 258 454
0 49 452 55 455
0 246 449 260 463
0 237 448 239 450
0 224 443 230 447
0 73 443 77 446
0 98 441 101 443
0 65 441 66 442
0 90 437 96 442
0 72 437 77 441
0 215 436 225 443
0 74 434 77 436
0 116 432 119 434
0 76 432 78 433
0 75 430 76 431
0 182 428 192 433
0 154 428 160 431
0 92 428 95 431
0 138 427 144 432
0 73 427 75 430
0 91 424 95 426
0 122 423 132 432
0 66 423 72 425
0 127 421 128 422
0 125 420 126 421
0 93 420 95 422
0 180 415 181 416
0 108 415 109 416
0 178 414 179 416
0 110 414 111 416
0 142 410 143 411
0 142 407 143 408
0 128 407 129 409
0 144 405 149 409
0 146 404 147 405
0 328 356 331 357
0 322 353 323 354
0 332 351 333 352
0 336 350 339 355
0 312 345 315 347
0 389 341 390 342
0 328 339 330 340
0 316 339 332 350
0 390 338 391 339
0 325 336 328 338
0 300 328 302 331
0 298 323 299 324
0 300 316 301 317
0 296 314 298 315
0 316 298 317 299
0 317 297 320 302
0 294 243 297 246
0 294 240 295 241
0 303 230 304 231
0 299 227 300 228
0 306 224 315 230
0 332 222 335 224
0 329 222 331 223
0 325 222 328 223
0 316 221 323 227
0 336 218 337 219
0 303 216 401 358
0 332 216 333 217
0 311 215 316 219
0 336 213 341 217
0 360 211 364 214
0 342 211 346 215
0 364 208 369 210
0 353 207 356 210
0 548 97 555 128
0 518 97 544 122
0 516 94 521 111
0 534 88 547 96
0 582 85 583 86
0 405 78 408 79
0 434 76 435 77
0 429 76 432 79
0 447 60 448 62
0 436 60 460 78
0 595 14 601 17
0 416 14 417 15
0 613 4 614 5
0 595 0 599 2
0 544 0 587 7
