0 288 412 290 415
0 372 378 373 379
0 79 369 80 370
0 91 349 95 357
0 96 348 98 351
0 259 338 272 341
0 93 333 95 335
0 277 332 280 334
0 104 330 112 341
0 103 328 104 329
0 272 302 274 305
0 81 295 97 352
0 272 292 273 293
0 104 274 109 282
0 88 274 101 305
0 167 266 168 267
0 230 265 236 276
0 166 262 167 264
0 242 257 243 259
0 244 250 273 309
0 188 250 189 252
0 97 249 98 250
0 187 245 189 248
0 190 243 191 244
0 188 243 189 244
0 356 238 359 241
0 317 223 391 369
0 366 204 371 212
0 189 169 199 221
0 406 156 407 157
0 403 153 404 154
0 414 128 415 133
0 414 126 415 127
0 415 122 416 124
0 415 119 416 121
0 418 116 419 123
0 418 102 420 114
0 80 48 289 438
0 370 24 425 161
0 87 4 88 5
0 399 0 416 6
