0 156 479 157 480
0 286 478 287 479
0 264 477 265 478
0 204 475 205 476
0 268 474 269 475
0 50 472 51 473
0 57 471 58 472
0 263 470 267 476
0 345 469 346 470
0 210 469 217 475
0 337 468 343 476
0 338 467 340 468
0 341 466 342 467
0 234 466 235 468
0 230 464 231 465
0 342 463 344 465
0 343 461 345 463
0 235 460 236 461
0 231 458 232 459
0 44 458 45 459
0 345 456 347 457
0 176 452 179 455
0 363 450 364 451
0 153 448 155 450
0 258 446 262 450
0 240 445 241 447
0 264 444 265 445
0 241 443 242 444
0 204 443 205 444
0 215 441 216 445
0 216 438 217 439
0 372 437 374 438
0 339 436 342 439
0 266 436 271 445
0 239 436 240 437
0 217 436 218 437
0 336 435 338 436
0 374 434 375 435
0 212 434 216 438
0 362 433 363 434
0 86 433 87 434
0 84 432 85 433
0 337 431 338 432
0 86 431 89 432
0 102 430 103 431
0 112 427 113 428
0 336 426 338 428
0 239 426 240 427
0 204 426 208 430
0 387 425 388 426
0 332 425 333 426
0 216 425 219 427
0 377 424 378 425
0 208 424 209 425
0 382 423 383 424
0 225 422 232 427
0 318 421 319 422
0 211 421 212 422
0 350 420 351 424
0 320 420 321 421
0 232 420 233 421
0 214 420 215 421
0 223 419 224 420
0 200 419 201 421
0 363 418 364 419
0 254 418 257 421
0 74 418 75 419
0 323 416 326 419
0 239 416 240 418
0 320 415 322 419
0 187 415 188 416
0 204 413 205 414
0 229 412 236 418
0 191 410 194 413
0 168 410 169 411
0 136 410 139 413
0 403 409 404 410
0 308 409 309 410
0 326 408 327 409
0 310 408 313 411
0 204 408 208 413
0 417 407 418 408
0 405 407 412 412
0 212 407 214 410
0 215 406 216 407
0 207 406 208 407
0 407 404 408 405
0 206 404 207 405
0 420 403 421 404
0 373 403 375 405
0 235 403 236 404
0 216 403 217 404
0 375 402 376 403
0 237 402 238 403
0 204 402 205 403
0 424 401 427 402
0 244 401 245 404
0 224 401 225 402
0 372 400 373 401
0 140 400 144 409
0 233 399 234 400
0 148 399 149 400
0 352 397 353 398
0 228 397 229 400
0 228 395 230 396
0 221 395 227 400
0 115 389 116 390
0 358 388 360 390
0 161 388 162 389
0 112 388 113 389
0 166 387 167 388
0 360 386 362 387
0 375 385 376 386
0 383 383 384 384
0 361 383 362 384
0 118 383 119 384
0 116 383 117 384
0 359 381 360 382
0 192 380 194 382
0 190 379 191 380
0 128 378 129 379
0 402 376 404 378
0 352 376 353 380
0 208 376 210 378
0 160 376 161 377
0 404 375 405 376
0 400 375 401 377
0 364 375 365 376
0 344 375 345 377
0 194 375 198 378
0 407 373 408 374
0 397 373 398 374
0 199 373 202 374
0 194 373 195 374
0 410 372 411 373
0 351 372 353 375
0 354 371 355 373
0 365 370 367 372
0 349 370 350 371
0 346 369 347 370
0 366 368 367 369
0 351 368 363 376
0 201 368 202 369
0 417 367 418 368
0 428 366 429 367
0 397 366 398 367
0 169 359 170 360
0 129 357 130 358
0 368 348 369 349
0 380 336 381 337
0 130 334 131 335
0 449 332 450 333
0 381 332 382 333
0 373 332 374 333
0 400 331 401 332
0 371 331 372 332
0 384 326 390 328
0 400 323 401 324
0 397 323 398 324
0 400 320 401 321
0 396 320 397 321
0 394 320 395 322
0 384 320 396 325
0 386 319 387 320
0 465 317 468 319
0 401 317 404 320
0 406 311 407 312
0 372 310 373 311
0 400 309 402 311
0 361 309 363 310
0 236 309 237 310
0 431 308 432 309
0 238 307 240 309
0 428 296 429 297
0 384 296 386 298
0 372 293 373 294
0 384 292 385 295
0 419 289 420 290
0 435 288 436 289
0 385 288 386 289
0 449 287 451 288
0 382 287 383 288
0 397 286 404 289
0 392 286 396 288
0 389 285 391 286
0 407 284 408 285
0 381 284 383 286
0 452 283 453 284
0 392 281 393 283
0 370 281 371 282
0 409 280 410 281
0 380 279 383 281
0 372 279 375 281
0 426 278 427 279
0 365 278 366 279
0 371 277 373 278
0 380 276 386 280
0 403 275 404 276
0 454 274 455 275
0 385 274 386 275
0 502 268 503 269
0 241 267 243 268
0 375 260 378 262
0 417 259 418 260
0 372 258 373 259
0 395 257 397 258
0 398 256 399 257
0 387 255 388 256
0 396 254 397 255
0 393 254 394 255
0 389 253 392 257
0 385 249 386 250
0 333 241 334 242
0 340 238 341 239
0 321 237 322 239
0 346 236 349 238
0 304 228 306 232
0 247 220 352 275
0 354 148 355 149
0 348 148 349 150
0 365 147 367 149
0 360 146 361 147
0 355 146 359 149
0 353 146 354 147
0 417 142 418 143
0 462 79 464 80
0 466 78 469 79
0 170 29 176 33
0 176 27 177 28
0 184 25 185 27
0 19 25 20 26
0 178 24 183 31
0 22 19 30 24
0 7 16 16 20
0 168 2 169 3
0 176 0 182 3
