0 609 478 610 479
0 609 475 610 476
0 312 471 313 474
0 200 465 203 466
0 308 464 311 470
0 319 463 320 465
0 318 461 319 462
0 186 460 188 461
0 610 458 615 471
0 315 455 316 456
0 616 453 617 454
0 161 453 163 454
0 164 452 165 453
0 618 451 619 452
0 324 448 325 449
0 619 445 623 450
0 619 442 621 444
0 159 437 160 438
0 157 435 158 436
0 196 434 197 435
0 624 433 627 440
0 194 431 195 432
0 154 430 157 434
0 155 427 157 428
0 150 425 151 426
0 154 424 155 425
0 405 423 406 424
0 624 422 625 423
0 385 420 393 424
0 627 415 639 432
0 183 412 184 413
0 159 394 311 480
0 379 391 380 392
0 366 390 379 409
0 377 384 378 386
0 157 378 158 379
0 360 377 365 384
0 156 376 157 377
0 360 375 362 376
0 375 372 376 379
0 476 371 485 379
0 162 368 163 369
0 373 366 375 369
0 470 358 474 362
0 143 349 144 350
0 147 336 160 370
0 399 324 423 393
0 509 322 510 323
0 170 322 198 376
0 450 316 451 318
0 494 315 519 351
0 256 308 281 368
0 515 284 516 285
0 514 282 515 283
0 496 282 518 312
0 502 277 506 278
0 273 276 288 286
0 288 268 298 276
0 388 260 401 294
0 170 259 194 288
0 72 245 73 246
0 76 244 108 291
0 423 243 435 266
0 71 243 72 244
0 78 236 81 240
0 257 208 368 278
0 382 188 397 251
0 28 182 29 183
0 11 160 12 161
0 167 156 193 224
0 37 156 97 234
0 7 156 10 160
0 395 153 407 176
0 0 151 5 153
0 412 147 413 148
0 428 130 429 131
0 426 129 427 131
0 215 128 225 143
0 208 127 212 133
0 432 113 441 126
0 441 85 465 113
0 308 80 316 87
0 366 76 374 88
0 307 56 317 74
0 510 19 511 22
0 505 17 507 19
0 512 13 513 19
0 508 10 510 14
0 522 9 523 10
0 484 9 505 46
0 516 8 517 9
0 525 7 526 8
0 522 7 523 8
0 516 6 517 7
0 510 5 512 8
0 524 4 525 5
0 528 3 529 4
0 531 0 532 1
0 232 0 255 37
