0 629 458 630 459
0 631 457 640 461
0 626 457 628 458
0 342 401 344 402
0 210 400 214 404
0 164 377 165 378
0 353 369 356 370
0 120 361 122 364
0 122 357 123 359
0 356 353 360 356
0 124 350 128 353
0 129 347 133 348
0 92 342 115 362
0 74 322 76 323
0 71 317 90 335
0 176 309 177 310
0 175 306 177 308
0 160 306 171 314
0 368 304 370 310
0 69 304 70 309
0 377 301 378 303
0 159 301 161 305
0 159 289 162 298
0 139 284 158 342
0 158 279 159 282
0 54 224 57 228
0 54 219 57 221
0 46 216 58 239
0 268 208 270 209
0 268 199 273 207
0 56 199 57 201
0 57 196 63 203
0 46 192 55 211
0 56 188 66 195
0 66 184 68 185
0 48 183 49 185
0 53 180 67 188
0 52 178 54 179
0 48 176 51 177
0 146 109 412 457
0 296 109 303 112
0 213 96 215 97
0 374 95 375 96
0 216 95 226 100
0 382 94 383 95
0 252 92 255 95
0 206 85 216 90
0 215 82 216 83
0 228 81 252 101
0 224 81 227 84
0 214 76 220 80
0 221 72 223 76
0 5 69 7 83
0 4 65 5 66
0 233 62 234 63
0 231 62 232 63
