0 298 478 299 480
0 281 477 285 480
0 295 475 297 480
0 302 473 305 480
0 285 471 286 472
0 285 468 286 469
0 287 467 288 468
0 335 428 336 429
0 38 408 39 409
0 37 401 39 406
0 192 333 194 339
0 196 320 198 324
0 332 317 333 320
0 333 312 340 316
0 334 305 337 310
0 198 305 201 311
0 199 303 200 304
0 347 293 353 309
0 199 293 201 299
0 329 284 331 288
0 312 274 329 319
0 57 274 58 275
0 60 271 61 272
0 62 266 70 271
0 70 261 73 266
0 320 257 321 259
0 78 254 80 256
0 82 247 83 248
0 83 244 84 246
0 84 228 90 243
0 123 220 125 222
0 123 216 126 219
0 126 209 128 214
0 293 169 336 273
0 157 132 159 137
0 153 69 154 70
0 156 67 158 70
0 374 18 377 21
