0 615 471 617 475
0 618 466 619 468
0 580 463 584 470
0 587 459 588 460
0 580 457 582 460
0 586 456 587 457
0 541 453 542 454
0 540 451 541 452
0 544 448 579 480
0 562 440 563 441
0 548 418 549 419
0 544 418 548 427
0 594 406 597 408
0 596 395 597 396
0 597 391 598 392
0 602 384 603 385
0 613 377 615 379
0 615 374 616 375
0 615 370 616 371
0 626 367 627 368
0 616 367 624 372
0 624 365 626 366
0 621 364 623 366
0 624 361 628 363
0 639 360 640 361
0 636 360 637 361
0 620 348 640 360
0 624 343 625 345
0 627 336 628 337
0 625 336 626 337
0 634 328 640 336
0 375 290 376 291
0 289 289 290 290
0 291 288 292 289
0 235 284 236 285
0 257 273 262 276
0 0 271 8 288
0 0 269 1 270
0 275 268 276 269
0 176 268 289 325
0 0 265 2 268
0 256 210 257 211
0 258 206 260 208
0 354 168 355 169
0 346 168 347 171
0 299 144 302 146
0 2 140 3 141
0 0 137 2 140
0 339 127 340 128
0 349 123 351 125
0 5 99 7 104
0 6 96 7 97
0 4 96 5 97
0 336 94 337 95
0 240 59 391 287
0 16 33 17 37
0 0 0 22 103
