0 0.137500 0.434646 0.064594 0.066667
0 0.148688 0.494302 0.086969 0.094729
0 0.392109 0.319823 0.089344 0.086146
0 0.246711 0.506667 0.051453 0.091042
0 0.303875 0.512719 0.050000 0.050896
0 0.336836 0.517115 0.034078 0.042104
0 0.365070 0.502198 0.046047 0.078937
0 0.432891 0.499656 0.097500 0.070354
0 0.496719 0.539115 0.090937 0.078771
0 0.606648 0.535615 0.107891 0.092813
0 0.627039 0.597896 0.090797 0.042292
0 0.686250 0.567104 0.048687 0.163167
0 0.704047 0.617198 0.036906 0.137021
0 0.765852 0.562802 0.092109 0.112104
0 0.801320 0.492635 0.068547 0.126479
