0 0.22604166666666667 0.78125 0.027083333333333334 0.059375
0 0.3385416666666667 0.66640625 0.00625 0.0015625
0 0.3697916666666667 0.65859375 0.010416666666666666 0.0046875
0 0.46041666666666664 0.63671875 0.004166666666666667 0.0015625
0 0.5239583333333333 0.61015625 0.0020833333333333333 0.0015625
0 0.4239583333333333 0.628125 0.13541666666666666 0.053125
0 0.515625 0.60390625 0.03125 0.0109375
0 0.29270833333333335 0.65390625 0.09791666666666667 0.1171875
0 0.4166666666666667 0.596875 0.029166666666666667 0.00625
0 0.4708333333333333 0.58359375 0.004166666666666667 0.0015625
0 0.3697916666666667 0.57734375 0.0020833333333333333 0.0015625
0 0.33958333333333335 0.57734375 0.004166666666666667 0.0015625
0 0.3625 0.57421875 0.008333333333333333 0.0046875
0 0.3302083333333333 0.5734375 0.00625 0.003125
0 0.46979166666666666 0.5546875 0.0020833333333333333 0.003125
0 0.47604166666666664 0.54609375 0.08125 0.0171875
0 0.303125 0.52890625 0.0020833333333333333 0.0015625
0 0.6135416666666667 0.5265625 0.00625 0.00625
0 0.31979166666666664 0.52265625 0.0020833333333333333 0.0015625
0 0.315625 0.52265625 0.0020833333333333333 0.0015625
0 0.5291666666666667 0.52265625 0.004166666666666667 0.0046875
0 0.528125 0.5171875 0.0020833333333333333 0.003125
0 0.315625 0.5171875 0.00625 0.003125
0 0.5260416666666666 0.51328125 0.0020833333333333333 0.0015625
0 0.5229166666666667 0.509375 0.004166666666666667 0.003125
0 0.31354166666666666 0.5015625 0.0020833333333333333 0.003125
0 0.30416666666666664 0.484375 0.004166666666666667 0.009375
0 0.2989583333333333 0.47109375 0.00625 0.0078125
0 0.80625 0.44140625 0.0375 0.0171875
0 0.696875 0.47421875 0.13541666666666666 0.0890625
0 0.7791666666666667 0.42734375 0.016666666666666666 0.0078125
0 0.834375 0.41171875 0.00625 0.0015625
0 0.8072916666666666 0.41484375 0.03958333333333333 0.0140625
0 0.3697916666666667 0.40703125 0.0020833333333333333 0.0015625
0 0.171875 0.4078125 0.014583333333333334 0.003125
0 0.8354166666666667 0.40546875 0.004166666666666667 0.0015625
0 0.19479166666666667 0.403125 0.00625 0.003125
0 0.35625 0.40234375 0.004166666666666667 0.0046875
0 0.8364583333333333 0.39921875 0.0020833333333333333 0.0015625
0 0.2677083333333333 0.37734375 0.010416666666666666 0.0140625
0 0.17083333333333334 0.35859375 0.008333333333333333 0.0046875
0 0.030208333333333334 0.34296875 0.0020833333333333333 0.0015625
0 0.45208333333333334 0.3125 0.008333333333333333 0.00625
0 0.0020833333333333333 0.2953125 0.004166666666666667 0.00625
0 0.871875 0.2953125 0.014583333333333334 0.009375
0 0.8645833333333334 0.28515625 0.004166666666666667 0.0015625
0 0.8645833333333334 0.28046875 0.004166666666666667 0.0015625
0 0.421875 0.27734375 0.0020833333333333333 0.0015625
0 0.8020833333333334 0.25234375 0.004166666666666667 0.0046875
0 0.9322916666666666 0.25390625 0.03125 0.0171875
0 0.9625 0.2421875 0.020833333333333332 0.00625
0 0.8197916666666667 0.21953125 0.00625 0.0140625
0 0.7802083333333333 0.20390625 0.00625 0.0078125
0 0.9114583333333334 0.19453125 0.010416666666666666 0.0078125
0 0.9322916666666666 0.190625 0.00625 0.003125
0 0.4552083333333333 0.17578125 0.0020833333333333333 0.0015625
0 0.29270833333333335 0.1734375 0.0020833333333333333 0.003125
0 0.8520833333333333 0.1703125 0.004166666666666667 0.00625
0 0.290625 0.1671875 0.0020833333333333333 0.003125
0 0.7229166666666667 0.16875 0.008333333333333333 0.0125
0 0.8052083333333333 0.159375 0.0020833333333333333 0.003125
0 0.29270833333333335 0.15703125 0.0020833333333333333 0.0015625
0 0.7364583333333333 0.15390625 0.0020833333333333333 0.0015625
0 0.7989583333333333 0.159375 0.010416666666666666 0.015625
0 0.36875 0.15625 0.004166666666666667 0.009375
0 0.2875 0.1578125 0.004166666666666667 0.0125
0 0.8458333333333333 0.15234375 0.008333333333333333 0.0078125
0 0.828125 0.15078125 0.010416666666666666 0.0078125
0 0.37604166666666666 0.14609375 0.0020833333333333333 0.0046875
0 0.7947916666666667 0.14375 0.0020833333333333333 0.003125
0 0.8 0.13984375 0.004166666666666667 0.0078125
0 0.44895833333333335 0.13828125 0.010416666666666666 0.0078125
0 0.7364583333333333 0.1390625 0.010416666666666666 0.0125
0 0.6520833333333333 0.1296875 0.016666666666666666 0.00625
0 0.740625 0.1265625 0.010416666666666666 0.003125
0 0.7614583333333333 0.12421875 0.0020833333333333333 0.0015625
0 0.6927083333333334 0.12578125 0.052083333333333336 0.0078125
0 0.7791666666666667 0.12109375 0.004166666666666667 0.0015625
0 0.278125 0.1171875 0.0020833333333333333 0.003125
0 0.396875 0.1125 0.0020833333333333333 0.003125
0 0.8 0.1171875 0.008333333333333333 0.015625
0 0.4635416666666667 0.1125 0.0020833333333333333 0.00625
0 0.7760416666666666 0.11015625 0.0020833333333333333 0.0046875
0 0.7177083333333333 0.1140625 0.022916666666666665 0.028125
0 0.40729166666666666 0.10234375 0.00625 0.0078125
0 0.290625 0.1109375 0.01875 0.034375
0 0.784375 0.08984375 0.0020833333333333333 0.0015625
0 0.696875 0.0875 0.0020833333333333333 0.003125
0 0.78125 0.0796875 0.004166666666666667 0.00625
0 0.33645833333333336 0.07734375 0.0020833333333333333 0.0015625
0 0.296875 0.06953125 0.00625 0.0078125
0 0.6052083333333333 0.05859375 0.0020833333333333333 0.0015625
0 0.6010416666666667 0.05859375 0.0020833333333333333 0.0015625
0 0.5760416666666667 0.0625 0.022916666666666665 0.0125
0 0.5604166666666667 0.0578125 0.004166666666666667 0.003125
0 0.6177083333333333 0.05859375 0.01875 0.0078125
0 0.3302083333333333 0.05390625 0.0020833333333333333 0.0046875
0 0.8635416666666667 0.0515625 0.0020833333333333333 0.003125
0 0.840625 0.04765625 0.0020833333333333333 0.0015625
0 0.275 0.04609375 0.004166666666666667 0.0109375
0 0.7677083333333333 0.03828125 0.0020833333333333333 0.0046875
0 0.85625 0.0359375 0.008333333333333333 0.00625
0 0.26458333333333334 0.034375 0.004166666666666667 0.003125
0 0.6385416666666667 0.0421875 0.027083333333333334 0.021875
0 0.4010416666666667 0.02421875 0.0020833333333333333 0.0015625
0 0.4354166666666667 0.05546875 0.025 0.0671875
0 0.7604166666666666 0.028125 0.008333333333333333 0.01875
0 0.7552083333333334 0.0140625 0.00625 0.00625
0 0.74375 0.01328125 0.004166666666666667 0.0078125
0 0.5614583333333333 0.01015625 0.0020833333333333333 0.0015625
0 0.53125 0.01015625 0.004166666666666667 0.0015625
0 0.5197916666666667 0.00703125 0.0020833333333333333 0.0015625
0 0.43854166666666666 0.00234375 0.0020833333333333333 0.0015625
0 0.5864583333333333 0.025 0.07708333333333334 0.05
0 0.5395833333333333 0.00546875 0.0375 0.0109375
0 0.384375 0.00859375 0.03125 0.0171875
1 0.17916666666666667 0.896875 0.004166666666666667 0.00625
1 0.1875 0.87890625 0.008333333333333333 0.0109375
1 0.19479166666666667 0.86875 0.00625 0.00625
1 0.19895833333333332 0.86328125 0.0020833333333333333 0.0015625
1 0.203125 0.85703125 0.0020833333333333333 0.0015625
1 0.20520833333333333 0.85390625 0.0020833333333333333 0.0015625
1 0.19479166666666667 0.8546875 0.0020833333333333333 0.003125
1 0.20833333333333334 0.84765625 0.004166666666666667 0.0078125
1 0.21145833333333333 0.84140625 0.0020833333333333333 0.0015625
1 0.19895833333333332 0.84453125 0.00625 0.0140625
1 0.21458333333333332 0.83671875 0.004166666666666667 0.0046875
1 0.20416666666666666 0.82890625 0.004166666666666667 0.0078125
1 0.22395833333333334 0.82265625 0.014583333333333334 0.0203125
1 0.23854166666666668 0.79765625 0.010416666666666666 0.0171875
1 0.24479166666666666 0.78671875 0.0020833333333333333 0.0015625
1 0.5510416666666667 0.76171875 0.00625 0.0078125
1 0.5427083333333333 0.74921875 0.0020833333333333333 0.0015625
1 0.540625 0.74453125 0.0020833333333333333 0.0015625
1 0.540625 0.7359375 0.0020833333333333333 0.003125
1 0.5354166666666667 0.73515625 0.004166666666666667 0.0046875
1 0.5239583333333333 0.71015625 0.0020833333333333333 0.0015625
1 0.5166666666666667 0.70390625 0.008333333333333333 0.0140625
1 0.5135416666666667 0.69296875 0.0020833333333333333 0.0015625
1 0.5114583333333333 0.68828125 0.0020833333333333333 0.0015625
1 0.2989583333333333 0.72734375 0.10625 0.1140625
1 0.35520833333333335 0.66953125 0.0020833333333333333 0.0015625
1 0.371875 0.66484375 0.014583333333333334 0.0078125
1 0.38333333333333336 0.66015625 0.004166666666666667 0.0015625
1 0.403125 0.65625 0.00625 0.003125
1 0.4322916666666667 0.65390625 0.0020833333333333333 0.0015625
1 0.41458333333333336 0.6515625 0.008333333333333333 0.003125
1 0.446875 0.646875 0.01875 0.00625
1 0.475 0.634375 0.008333333333333333 0.003125
1 0.728125 0.63046875 0.0020833333333333333 0.0015625
1 0.7229166666666667 0.62890625 0.004166666666666667 0.0015625
1 0.515625 0.696875 0.09791666666666667 0.1375
1 0.509375 0.62578125 0.0020833333333333333 0.0015625
1 0.35208333333333336 0.62734375 0.004166666666666667 0.0046875
1 0.8739583333333333 0.62265625 0.0020833333333333333 0.0015625
1 0.521875 0.62265625 0.0020833333333333333 0.0015625
1 0.884375 0.62109375 0.01875 0.0078125
1 0.6989583333333333 0.61796875 0.0020833333333333333 0.0015625
1 0.259375 0.61796875 0.0020833333333333333 0.0015625
1 0.4114583333333333 0.61640625 0.0020833333333333333 0.0015625
1 0.871875 0.61484375 0.0020833333333333333 0.0015625
1 0.8604166666666667 0.6171875 0.0125 0.00625
1 0.8364583333333333 0.609375 0.00625 0.003125
1 0.7479166666666667 0.625 0.06666666666666667 0.034375
1 0.434375 0.6078125 0.00625 0.00625
1 0.46979166666666666 0.60234375 0.0020833333333333333 0.0015625
1 0.6947916666666667 0.60078125 0.0020833333333333333 0.0015625
1 0.48125 0.60078125 0.004166666666666667 0.0015625
1 0.553125 0.60078125 0.014583333333333334 0.0078125
1 0.5052083333333334 0.59765625 0.0020833333333333333 0.0015625
1 0.6802083333333333 0.60078125 0.03125 0.0171875
1 0.621875 0.59375 0.010416666666666666 0.003125
1 0.6052083333333333 0.59296875 0.0020833333333333333 0.0015625
1 0.628125 0.58828125 0.0020833333333333333 0.0015625
1 0.6177083333333333 0.58515625 0.010416666666666666 0.0046875
1 0.6197916666666666 0.57890625 0.0020833333333333333 0.0015625
1 0.6197916666666666 0.57265625 0.0020833333333333333 0.0015625
1 0.6229166666666667 0.571875 0.004166666666666667 0.00625
1 0.6291666666666667 0.56328125 0.004166666666666667 0.0046875
1 0.28541666666666665 0.55625 0.004166666666666667 0.003125
1 0.2760416666666667 0.55390625 0.0020833333333333333 0.0015625
1 0.28229166666666666 0.546875 0.0020833333333333333 0.003125
1 0.5135416666666667 0.53984375 0.0020833333333333333 0.0015625
1 0.4041666666666667 0.53671875 0.004166666666666667 0.0015625
1 0.29270833333333335 0.5296875 0.00625 0.00625
1 0.3572916666666667 0.5296875 0.04791666666666667 0.009375
1 0.5958333333333333 0.56875 0.1375 0.09375
1 0.32395833333333335 0.51484375 0.0020833333333333333 0.0015625
1 0.671875 0.515625 0.010416666666666666 0.00625
1 0.6197916666666666 0.515625 0.010416666666666666 0.00625
1 0.5229166666666667 0.52890625 0.020833333333333332 0.0359375
1 0.321875 0.509375 0.00625 0.00625
1 0.5145833333333333 0.50390625 0.004166666666666667 0.0078125
1 0.315625 0.49921875 0.0020833333333333333 0.0015625
1 0.31145833333333334 0.49140625 0.0020833333333333333 0.0015625
1 0.7239583333333334 0.48359375 0.00625 0.0046875
1 0.6572916666666667 0.48203125 0.0020833333333333333 0.0015625
1 0.6625 0.4796875 0.004166666666666667 0.003125
1 0.29270833333333335 0.4765625 0.0020833333333333333 0.003125
1 0.671875 0.47265625 0.0020833333333333333 0.0015625
1 0.68125 0.465625 0.0125 0.009375
1 0.6979166666666666 0.4546875 0.004166666666666667 0.003125
1 0.325 0.45859375 0.016666666666666666 0.0109375
1 0.7239583333333334 0.43515625 0.0020833333333333333 0.0015625
1 0.3489583333333333 0.42890625 0.0020833333333333333 0.0015625
1 0.7364583333333333 0.42734375 0.0020833333333333333 0.0015625
1 0.5114583333333333 0.45 0.010416666666666666 0.05
1 0.13125 0.4265625 0.004166666666666667 0.003125
1 0.3385416666666667 0.425 0.0020833333333333333 0.00625
1 0.00625 0.41953125 0.004166666666666667 0.0015625
1 0.2635416666666667 0.41796875 0.0020833333333333333 0.0015625
1 0.3489583333333333 0.4171875 0.0020833333333333333 0.003125
1 0.12916666666666668 0.4171875 0.004166666666666667 0.003125
1 0.5114583333333333 0.41484375 0.0020833333333333333 0.0015625
1 0.33645833333333336 0.41640625 0.00625 0.0078125
1 0.28020833333333334 0.4125 0.00625 0.003125
1 0.18229166666666666 0.41171875 0.0020833333333333333 0.0015625
1 0.19791666666666666 0.41015625 0.004166666666666667 0.0015625
1 0.134375 0.41015625 0.00625 0.0046875
1 0.2708333333333333 0.40703125 0.004166666666666667 0.0015625
1 0.5041666666666667 0.4125 0.008333333333333333 0.015625
1 0.3489583333333333 0.41015625 0.010416666666666666 0.0109375
1 0.3802083333333333 0.40625 0.010416666666666666 0.00625
1 0.30520833333333336 0.40625 0.010416666666666666 0.00625
1 0.171875 0.40390625 0.00625 0.0015625
1 0.16145833333333334 0.40390625 0.0020833333333333333 0.0015625
1 0.18333333333333332 0.40234375 0.004166666666666667 0.0015625
1 0.33541666666666664 0.403125 0.004166666666666667 0.00625
1 0.365625 0.403125 0.010416666666666666 0.009375
1 0.14479166666666668 0.39921875 0.0020833333333333333 0.0015625
1 0.21041666666666667 0.3984375 0.008333333333333333 0.003125
1 0.21875 0.39609375 0.004166666666666667 0.0015625
1 0.009375 0.40234375 0.014583333333333334 0.0140625
1 0.353125 0.39453125 0.0020833333333333333 0.0015625
1 0.2520833333333333 0.3953125 0.0125 0.003125
1 0.013541666666666667 0.39453125 0.0020833333333333333 0.0015625
1 0.003125 0.39375 0.0020833333333333333 0.003125
1 0.26979166666666665 0.3921875 0.01875 0.00625
1 0.07395833333333333 0.39140625 0.01875 0.0046875
1 0.057291666666666664 0.38828125 0.01875 0.0078125
1 0.013541666666666667 0.38515625 0.0020833333333333333 0.0015625
1 0.33645833333333336 0.3828125 0.00625 0.003125
1 0.3125 0.38984375 0.06666666666666667 0.0234375
1 0.04479166666666667 0.37890625 0.0020833333333333333 0.0015625
1 0.014583333333333334 0.38046875 0.004166666666666667 0.0046875
1 0.8614583333333333 0.37578125 0.0020833333333333333 0.0015625
1 0.853125 0.37578125 0.0020833333333333333 0.0015625
1 0.25729166666666664 0.37265625 0.0020833333333333333 0.0015625
1 0.17708333333333334 0.37421875 0.008333333333333333 0.0046875
1 0.8572916666666667 0.37109375 0.0020833333333333333 0.0015625
1 0.6447916666666667 0.36953125 0.00625 0.0046875
1 0.18125 0.36796875 0.004166666666666667 0.0046875
1 0.115625 0.36640625 0.0020833333333333333 0.0015625
1 0.10833333333333334 0.3703125 0.008333333333333333 0.009375
1 0.15520833333333334 0.36484375 0.0020833333333333333 0.0015625
1 0.85625 0.365625 0.004166666666666667 0.00625
1 0.6427083333333333 0.36328125 0.0020833333333333333 0.0015625
1 0.17395833333333333 0.365625 0.010416666666666666 0.00625
1 0.051041666666666666 0.36171875 0.0020833333333333333 0.0015625
1 0.42916666666666664 0.3609375 0.004166666666666667 0.003125
1 0.115625 0.35703125 0.0020833333333333333 0.0015625
1 0.103125 0.35703125 0.0020833333333333333 0.0015625
1 0.378125 0.35859375 0.010416666666666666 0.0078125
1 0.22604166666666667 0.35546875 0.0020833333333333333 0.0015625
1 0.036458333333333336 0.34765625 0.0020833333333333333 0.0015625
1 0.23541666666666666 0.34375 0.004166666666666667 0.003125
1 0.019791666666666666 0.34296875 0.0020833333333333333 0.0015625
1 0.20104166666666667 0.33671875 0.0020833333333333333 0.0015625
1 0.034375 0.3359375 0.0020833333333333333 0.003125
1 0.18229166666666666 0.34296875 0.022916666666666665 0.0234375
1 0.14375 0.34765625 0.041666666666666664 0.0328125
1 0.034375 0.33203125 0.0020833333333333333 0.0015625
1 0.640625 0.3328125 0.00625 0.00625
1 0.63125 0.3453125 0.041666666666666664 0.03125
1 0.375 0.34140625 0.0125 0.0234375
1 0.0125 0.334375 0.025 0.009375
1 0.134375 0.32890625 0.0020833333333333333 0.0015625
1 0.0375 0.32890625 0.004166666666666667 0.0015625
1 0.634375 0.32734375 0.0020833333333333333 0.0015625
1 0.20729166666666668 0.3296875 0.01875 0.009375
1 0.084375 0.32734375 0.00625 0.0078125
1 0.036458333333333336 0.325 0.00625 0.003125
1 0.43020833333333336 0.340625 0.052083333333333336 0.04375
1 0.26875 0.32109375 0.004166666666666667 0.0046875
1 0.6208333333333333 0.31875 0.0125 0.00625
1 0.8760416666666667 0.334375 0.022916666666666665 0.04375
1 0.4427083333333333 0.31015625 0.0020833333333333333 0.0015625
1 0.13958333333333334 0.3109375 0.004166666666666667 0.003125
1 0.8760416666666667 0.309375 0.0020833333333333333 0.003125
1 0.615625 0.30859375 0.0020833333333333333 0.0015625
1 0.4635416666666667 0.3125 0.00625 0.009375
1 0.007291666666666667 0.31328125 0.014583333333333334 0.0109375
1 0.8614583333333333 0.30703125 0.0020833333333333333 0.0015625
1 0.296875 0.30703125 0.00625 0.0015625
1 0.609375 0.30625 0.0020833333333333333 0.003125
1 0.22916666666666666 0.31015625 0.008333333333333333 0.0109375
1 0.878125 0.303125 0.014583333333333334 0.00625
1 0.8520833333333333 0.30078125 0.004166666666666667 0.0015625
1 0.4625 0.303125 0.004166666666666667 0.00625
1 0.23229166666666667 0.30078125 0.0020833333333333333 0.0015625
1 0.07395833333333333 0.3421875 0.13125 0.084375
1 0.0020833333333333333 0.30078125 0.004166666666666667 0.0015625
1 0.453125 0.30078125 0.00625 0.0046875
1 0.45729166666666665 0.29609375 0.0020833333333333333 0.0015625
1 0.371875 0.29296875 0.0020833333333333333 0.0015625
1 0.596875 0.30703125 0.03125 0.0328125
1 0.46041666666666664 0.2921875 0.004166666666666667 0.003125
1 0.215625 0.29375 0.01875 0.0125
1 0.010416666666666666 0.29375 0.008333333333333333 0.0125
1 0.8375 0.3265625 0.0375 0.08125
1 0.46875 0.2921875 0.008333333333333333 0.0125
1 0.421875 0.28671875 0.0020833333333333333 0.0015625
1 0.41458333333333336 0.2875 0.004166666666666667 0.003125
1 0.246875 0.3390625 0.14375 0.1125
1 0.18229166666666666 0.28984375 0.01875 0.0140625
1 0.853125 0.28203125 0.0020833333333333333 0.0015625
1 0.415625 0.27890625 0.0020833333333333333 0.0015625
1 0.25833333333333336 0.28515625 0.008333333333333333 0.0140625
1 0.5854166666666667 0.27734375 0.004166666666666667 0.0015625
1 0.796875 0.29453125 0.04375 0.0390625
1 0.43020833333333336 0.27578125 0.0020833333333333333 0.0015625
1 0.046875 0.30078125 0.05625 0.0578125
1 0.515625 0.27109375 0.0020833333333333333 0.0015625
1 0.6166666666666667 0.27265625 0.016666666666666666 0.0078125
1 0.43854166666666666 0.26875 0.010416666666666666 0.00625
1 0.796875 0.265625 0.00625 0.00625
1 0.940625 0.26015625 0.0020833333333333333 0.0015625
1 0.8927083333333333 0.27109375 0.13125 0.0234375
1 0.803125 0.26015625 0.0020833333333333333 0.0015625
1 0.4635416666666667 0.25859375 0.0020833333333333333 0.0015625
1 0.8052083333333333 0.25703125 0.0020833333333333333 0.0015625
1 0.9 0.25625 0.004166666666666667 0.003125
1 0.49895833333333334 0.25546875 0.0020833333333333333 0.0015625
1 0.459375 0.25703125 0.010416666666666666 0.0046875
1 0.9614583333333333 0.25390625 0.0020833333333333333 0.0015625
1 0.50625 0.2515625 0.008333333333333333 0.003125
1 0.9552083333333333 0.253125 0.01875 0.009375
1 0.7614583333333333 0.24921875 0.0020833333333333333 0.0015625
1 0.07291666666666667 0.25 0.008333333333333333 0.00625
1 0.7760416666666666 0.246875 0.00625 0.00625
1 0.06354166666666666 0.24296875 0.0020833333333333333 0.0015625
1 0.9322916666666666 0.2421875 0.00625 0.003125
1 0.8552083333333333 0.23984375 0.0020833333333333333 0.0015625
1 0.8302083333333333 0.23828125 0.0020833333333333333 0.0015625
1 0.7760416666666666 0.2390625 0.0020833333333333333 0.003125
1 0.9770833333333333 0.246875 0.020833333333333332 0.021875
1 0.065625 0.23671875 0.010416666666666666 0.0046875
1 0.040625 0.23828125 0.014583333333333334 0.0140625
1 0.6708333333333333 0.2296875 0.004166666666666667 0.003125
1 0.3489583333333333 0.22734375 0.0020833333333333333 0.0015625
1 0.9822916666666667 0.22578125 0.0020833333333333333 0.0015625
1 0.671875 0.22578125 0.0020833333333333333 0.0015625
1 0.6239583333333333 0.22578125 0.0020833333333333333 0.0015625
1 0.029166666666666667 0.2265625 0.008333333333333333 0.003125
1 0.6666666666666666 0.22578125 0.004166666666666667 0.0046875
1 0.6708333333333333 0.2203125 0.008333333333333333 0.003125
1 0.43645833333333334 0.21640625 0.0020833333333333333 0.0015625
1 0.6697916666666667 0.21484375 0.0020833333333333333 0.0015625
1 0.5260416666666666 0.21171875 0.0020833333333333333 0.0015625
1 0.828125 0.20859375 0.0020833333333333333 0.0015625
1 0.6739583333333333 0.209375 0.0020833333333333333 0.003125
1 0.5072916666666667 0.2140625 0.014583333333333334 0.015625
1 0.7697916666666667 0.20390625 0.0020833333333333333 0.0015625
1 0.296875 0.20390625 0.0020833333333333333 0.0015625
1 0.35104166666666664 0.21328125 0.0020833333333333333 0.0234375
1 0.89375 0.20625 0.029166666666666667 0.0125
1 0.026041666666666668 0.2109375 0.035416666666666666 0.021875
1 0.9739583333333334 0.19453125 0.0020833333333333333 0.0015625
1 0.9447916666666667 0.196875 0.04791666666666667 0.00625
1 0.7197916666666667 0.20390625 0.03958333333333333 0.0359375
1 0.35208333333333336 0.18828125 0.004166666666666667 0.0078125
1 0.5885416666666666 0.18984375 0.01875 0.0140625
1 0.9260416666666667 0.184375 0.014583333333333334 0.00625
1 0.7197916666666667 0.18203125 0.0020833333333333333 0.0015625
1 0.31354166666666666 0.25625 0.21041666666666667 0.153125
1 0.528125 0.17890625 0.0020833333333333333 0.0015625
1 0.8510416666666667 0.17734375 0.0020833333333333333 0.0015625
1 0.7427083333333333 0.21015625 0.04791666666666667 0.0734375
1 0.7177083333333333 0.17578125 0.0020833333333333333 0.0046875
1 0.7760416666666666 0.17578125 0.00625 0.0078125
1 0.48854166666666665 0.17265625 0.0020833333333333333 0.0015625
1 0.815625 0.17109375 0.0020833333333333333 0.0015625
1 0.915625 0.1703125 0.0020833333333333333 0.003125
1 0.7364583333333333 0.16953125 0.0020833333333333333 0.0015625
1 0.715625 0.16953125 0.0020833333333333333 0.0046875
1 0.775 0.16796875 0.008333333333333333 0.0046875
1 0.9197916666666667 0.165625 0.0020833333333333333 0.003125
1 0.7677083333333333 0.16484375 0.0020833333333333333 0.0015625
1 0.35104166666666664 0.1734375 0.010416666666666666 0.01875
1 0.559375 0.23359375 0.2604166666666667 0.1421875
1 0.728125 0.16015625 0.0020833333333333333 0.0015625
1 0.475 0.17734375 0.03333333333333333 0.0359375
1 0.39895833333333336 0.15859375 0.0020833333333333333 0.0015625
1 0.9260416666666667 0.15703125 0.0020833333333333333 0.0015625
1 0.8322916666666667 0.16640625 0.027083333333333334 0.0234375
1 0.8229166666666666 0.15546875 0.004166666666666667 0.0015625
1 0.7322916666666667 0.15546875 0.0020833333333333333 0.0015625
1 0.7239583333333334 0.15390625 0.0020833333333333333 0.0015625
1 0.7197916666666667 0.15234375 0.0020833333333333333 0.0015625
1 0.75625 0.15 0.004166666666666667 0.003125
1 0.40729166666666666 0.14921875 0.0020833333333333333 0.0015625
1 0.853125 0.14765625 0.0020833333333333333 0.0015625
1 0.7864583333333334 0.14609375 0.0020833333333333333 0.0015625
1 0.8 0.20703125 0.05 0.1265625
1 0.7552083333333334 0.1421875 0.0020833333333333333 0.003125
1 0.721875 0.13984375 0.0020833333333333333 0.0015625
1 0.6041666666666666 0.1390625 0.004166666666666667 0.003125
1 0.7479166666666667 0.1390625 0.008333333333333333 0.009375
1 0.6802083333333333 0.13515625 0.0020833333333333333 0.0015625
1 0.8385416666666666 0.13359375 0.0020833333333333333 0.0015625
1 0.834375 0.13359375 0.0020833333333333333 0.0015625
1 0.8302083333333333 0.13359375 0.0020833333333333333 0.0015625
1 0.7489583333333333 0.13359375 0.0020833333333333333 0.0015625
1 0.6739583333333333 0.13359375 0.0020833333333333333 0.0015625
1 0.6822916666666666 0.13203125 0.010416666666666666 0.0015625
1 0.409375 0.1359375 0.010416666666666666 0.009375
1 0.696875 0.13125 0.010416666666666666 0.003125
1 0.7572916666666667 0.12890625 0.0020833333333333333 0.0015625
1 0.753125 0.12890625 0.0020833333333333333 0.0015625
1 0.6416666666666667 0.13125 0.058333333333333334 0.015625
1 0.653125 0.12109375 0.0020833333333333333 0.0015625
1 0.8083333333333333 0.11953125 0.004166666666666667 0.0046875
1 0.66875 0.11875 0.008333333333333333 0.003125
1 0.6989583333333333 0.1171875 0.010416666666666666 0.003125
1 0.6822916666666666 0.11640625 0.0020833333333333333 0.0015625
1 0.8916666666666667 0.11875 0.004166666666666667 0.009375
1 0.8604166666666667 0.12890625 0.029166666666666667 0.0328125
1 0.7677083333333333 0.11328125 0.0020833333333333333 0.0015625
1 0.7510416666666667 0.1140625 0.00625 0.003125
1 0.7072916666666667 0.1140625 0.0020833333333333333 0.003125
1 0.4739583333333333 0.11328125 0.0020833333333333333 0.0015625
1 0.4239583333333333 0.1140625 0.0020833333333333333 0.003125
1 0.25625 0.1140625 0.004166666666666667 0.003125
1 0.734375 0.11328125 0.014583333333333334 0.0046875
1 0.4322916666666667 0.128125 0.014583333333333334 0.034375
1 0.7052083333333333 0.11015625 0.0020833333333333333 0.0015625
1 0.6510416666666666 0.10859375 0.0020833333333333333 0.0015625
1 0.646875 0.109375 0.0020833333333333333 0.003125
1 0.878125 0.10703125 0.0020833333333333333 0.0015625
1 0.7708333333333334 0.10703125 0.004166666666666667 0.0015625
1 0.6552083333333333 0.10703125 0.0020833333333333333 0.0015625
1 0.8739583333333333 0.10703125 0.0020833333333333333 0.0046875
1 0.7020833333333333 0.10546875 0.004166666666666667 0.0046875
1 0.46875 0.10625 0.004166666666666667 0.00625
1 0.8614583333333333 0.10234375 0.0020833333333333333 0.0015625
1 0.7197916666666667 0.10546875 0.00625 0.0078125
1 0.878125 0.10234375 0.0020833333333333333 0.0046875
1 0.8072916666666666 0.10078125 0.0020833333333333333 0.0015625
1 0.8041666666666667 0.10625 0.008333333333333333 0.0125
1 0.47604166666666664 0.13515625 0.07291666666666667 0.0703125
1 0.37604166666666666 0.09765625 0.0020833333333333333 0.0015625
1 0.709375 0.09609375 0.0020833333333333333 0.0015625
1 0.8104166666666667 0.096875 0.004166666666666667 0.00625
1 0.6958333333333333 0.096875 0.008333333333333333 0.00625
1 0.7083333333333334 0.09296875 0.004166666666666667 0.0015625
1 0.7989583333333333 0.09140625 0.00625 0.0015625
1 0.41875 0.11015625 0.020833333333333332 0.0390625
1 0.2791666666666667 0.0953125 0.004166666666666667 0.009375
1 0.453125 0.0875 0.0020833333333333333 0.003125
1 0.3260416666666667 0.16015625 0.03958333333333333 0.1484375
1 0.8052083333333333 0.084375 0.010416666666666666 0.00625
1 0.7947916666666667 0.08515625 0.00625 0.0078125
1 0.9697916666666667 0.08203125 0.00625 0.0046875
1 0.7583333333333333 0.08046875 0.004166666666666667 0.0046875
1 0.4510416666666667 0.07890625 0.0020833333333333333 0.0046875
1 0.6375 0.0765625 0.004166666666666667 0.003125
1 0.9833333333333333 0.07421875 0.004166666666666667 0.0015625
1 0.7572916666666667 0.07421875 0.00625 0.0046875
1 0.7416666666666667 0.0765625 0.0125 0.009375
1 0.7166666666666667 0.0734375 0.008333333333333333 0.00625
1 0.6489583333333333 0.07109375 0.0020833333333333333 0.0015625
1 0.9833333333333333 0.0703125 0.004166666666666667 0.003125
1 0.6364583333333333 0.06953125 0.0020833333333333333 0.0015625
1 0.44895833333333335 0.07109375 0.0020833333333333333 0.0078125
1 0.6239583333333333 0.06640625 0.0020833333333333333 0.0015625
1 0.609375 0.06640625 0.0020833333333333333 0.0015625
1 0.7885416666666667 0.06640625 0.00625 0.0046875
1 0.7697916666666667 0.06484375 0.0020833333333333333 0.0015625
1 0.609375 0.06328125 0.0020833333333333333 0.0015625
1 0.740625 0.059375 0.0020833333333333333 0.003125
1 0.7479166666666667 0.05703125 0.004166666666666667 0.0015625
1 0.6270833333333333 0.05078125 0.008333333333333333 0.0046875
1 0.609375 0.04921875 0.0020833333333333333 0.0015625
1 0.228125 0.06640625 0.027083333333333334 0.0359375
1 0.3927083333333333 0.04765625 0.0020833333333333333 0.0015625
1 0.6114583333333333 0.04609375 0.0020833333333333333 0.0015625
1 0.215625 0.04609375 0.0020833333333333333 0.0015625
1 0.6072916666666667 0.04453125 0.0020833333333333333 0.0015625
1 0.615625 0.04140625 0.0020833333333333333 0.0015625
1 0.99375 0.04765625 0.0125 0.0203125
1 0.6135416666666667 0.03828125 0.0020833333333333333 0.0015625
1 0.6052083333333333 0.03828125 0.0020833333333333333 0.0015625
1 0.8666666666666667 0.0375 0.004166666666666667 0.00625
1 0.8625 0.03125 0.004166666666666667 0.003125
1 0.026041666666666668 0.02890625 0.0020833333333333333 0.0015625
1 0.85625 0.028125 0.004166666666666667 0.003125
1 0.3375 0.0359375 0.008333333333333333 0.021875
1 0.55 0.025 0.004166666666666667 0.003125
1 0.3385416666666667 0.02578125 0.0020833333333333333 0.0046875
1 0.559375 0.02109375 0.0020833333333333333 0.0015625
1 0.5635416666666667 0.0203125 0.0020833333333333333 0.003125
1 0.5552083333333333 0.01640625 0.01875 0.0046875
1 0.265625 0.015625 0.0020833333333333333 0.003125
1 0.6927083333333334 0.01328125 0.0020833333333333333 0.0015625
1 0.3385416666666667 0.015625 0.00625 0.009375
1 0.8364583333333333 0.01015625 0.0020833333333333333 0.0015625
1 0.7302083333333333 0.03203125 0.03958333333333333 0.0453125
1 0.6989583333333333 0.0109375 0.0020833333333333333 0.003125
1 0.5135416666666667 0.01015625 0.0020833333333333333 0.0015625
1 0.509375 0.01015625 0.0020833333333333333 0.0015625
1 0.48854166666666665 0.01015625 0.0020833333333333333 0.0015625
1 0.43125 0.0109375 0.004166666666666667 0.003125
1 0.27708333333333335 0.0109375 0.008333333333333333 0.009375
1 0.8333333333333334 0.00625 0.004166666666666667 0.003125
1 0.5114583333333333 0.00546875 0.0020833333333333333 0.0015625
1 0.5072916666666667 0.00390625 0.0020833333333333333 0.0015625
1 0.46979166666666666 0.00390625 0.0020833333333333333 0.0015625
1 0.2625 0.0078125 0.008333333333333333 0.009375
1 0.49895833333333334 0.003125 0.0020833333333333333 0.003125
1 0.47604166666666664 0.003125 0.0020833333333333333 0.003125
1 0.9010416666666666 0.1421875 0.19791666666666666 0.284375
1 0.834375 0.00078125 0.0020833333333333333 0.0015625
1 0.8072916666666666 0.034375 0.11041666666666666 0.06875
1 0.6760416666666667 0.04609375 0.09791666666666667 0.0921875
1 0.490625 0.0015625 0.00625 0.003125
1 0.33125 0.0046875 0.008333333333333333 0.009375
1 0.19270833333333334 0.01640625 0.027083333333333334 0.0328125
