0 0.753125 0.74921875 0.014583333333333334 0.0109375
0 0.7364583333333333 0.73828125 0.014583333333333334 0.0109375
0 0.7177083333333333 0.7265625 0.00625 0.003125
0 0.6979166666666666 0.71328125 0.004166666666666667 0.0046875
0 0.628125 0.68671875 0.00625 0.0046875
0 0.8979166666666667 0.625 0.008333333333333333 0.003125
0 0.63125 0.6234375 0.004166666666666667 0.003125
0 0.8520833333333333 0.62421875 0.05416666666666667 0.0328125
0 0.5572916666666666 0.58671875 0.0020833333333333333 0.0015625
0 0.7072916666666667 0.59765625 0.06458333333333334 0.0421875
0 0.609375 0.59375 0.07708333333333334 0.053125
0 0.8197916666666667 0.53515625 0.0020833333333333333 0.0015625
0 0.6625 0.54921875 0.07083333333333333 0.0359375
0 0.815625 0.53046875 0.0020833333333333333 0.0015625
0 0.825 0.52734375 0.004166666666666667 0.0015625
0 0.8177083333333334 0.52734375 0.0020833333333333333 0.0015625
0 0.8291666666666667 0.5171875 0.004166666666666667 0.003125
0 0.06354166666666666 0.51171875 0.0020833333333333333 0.0015625
0 0.7333333333333333 0.509375 0.008333333333333333 0.01875
0 0.6729166666666667 0.50546875 0.016666666666666666 0.0109375
0 0.6677083333333333 0.49765625 0.0020833333333333333 0.0015625
0 0.7354166666666667 0.49140625 0.004166666666666667 0.0046875
0 0.6916666666666667 0.490625 0.0125 0.00625
0 0.5354166666666667 0.4890625 0.004166666666666667 0.00625
0 0.84375 0.48359375 0.004166666666666667 0.0015625
0 0.521875 0.4890625 0.014583333333333334 0.015625
0 0.509375 0.48125 0.00625 0.00625
0 0.71875 0.47265625 0.004166666666666667 0.0015625
0 0.6322916666666667 0.471875 0.0020833333333333333 0.003125
0 0.5645833333333333 0.47109375 0.004166666666666667 0.0046875
0 0.8333333333333334 0.46640625 0.0125 0.0171875
0 0.828125 0.45703125 0.0020833333333333333 0.0015625
0 0.840625 0.44921875 0.0020833333333333333 0.0015625
0 0.09375 0.44140625 0.004166666666666667 0.0015625
0 0.840625 0.43984375 0.0020833333333333333 0.0015625
0 0.83125 0.44375 0.008333333333333333 0.0125
0 0.8416666666666667 0.43671875 0.004166666666666667 0.0015625
0 0.11354166666666667 0.43671875 0.0020833333333333333 0.0015625
0 0.8489583333333334 0.43828125 0.00625 0.0078125
0 0.828125 0.4359375 0.0020833333333333333 0.003125
0 0.8166666666666667 0.4375 0.008333333333333333 0.0125
0 0.6489583333333333 0.44140625 0.014583333333333334 0.0296875
0 0.03229166666666667 0.42734375 0.0020833333333333333 0.0015625
0 0.359375 0.42734375 0.010416666666666666 0.0046875
0 0.303125 0.425 0.010416666666666666 0.00625
0 0.046875 0.425 0.00625 0.009375
0 0.065625 0.42109375 0.014583333333333334 0.0109375
0 0.38229166666666664 0.4171875 0.014583333333333334 0.015625
0 0.45208333333333334 0.40859375 0.004166666666666667 0.0015625
0 0.09375 0.4109375 0.008333333333333333 0.00625
0 0.103125 0.4109375 0.010416666666666666 0.009375
0 0.38645833333333335 0.403125 0.0020833333333333333 0.003125
0 0.057291666666666664 0.40703125 0.022916666666666665 0.0109375
0 0.32083333333333336 0.4046875 0.008333333333333333 0.009375
0 0.48854166666666665 0.39921875 0.0020833333333333333 0.0015625
0 0.23020833333333332 0.39921875 0.0020833333333333333 0.0015625
0 0.4083333333333333 0.4015625 0.016666666666666666 0.009375
0 0.353125 0.409375 0.027083333333333334 0.025
0 0.228125 0.39609375 0.0020833333333333333 0.0015625
0 0.509375 0.39296875 0.0020833333333333333 0.0015625
0 0.496875 0.38359375 0.0020833333333333333 0.0015625
0 0.33645833333333336 0.38359375 0.0020833333333333333 0.0015625
0 0.7208333333333333 0.38203125 0.004166666666666667 0.0015625
0 0.32916666666666666 0.3734375 0.0125 0.00625
0 0.253125 0.371875 0.010416666666666666 0.003125
0 0.334375 0.36796875 0.0020833333333333333 0.0015625
0 0.278125 0.3734375 0.022916666666666665 0.01875
0 0.3145833333333333 0.3578125 0.025 0.009375
0 0.41875 0.353125 0.03333333333333333 0.015625
0 0.5614583333333333 0.33671875 0.0020833333333333333 0.0015625
0 0.384375 0.33671875 0.0020833333333333333 0.0015625
0 0.15625 0.33828125 0.004166666666666667 0.0078125
0 0.5822916666666667 0.33203125 0.0020833333333333333 0.0015625
0 0.578125 0.33125 0.0020833333333333333 0.003125
0 0.5864583333333333 0.32890625 0.0020833333333333333 0.0015625
0 0.4010416666666667 0.3328125 0.014583333333333334 0.009375
0 0.3885416666666667 0.32890625 0.0020833333333333333 0.0015625
0 0.43020833333333336 0.33046875 0.00625 0.0078125
0 0.4010416666666667 0.32578125 0.0020833333333333333 0.0015625
0 0.2375 0.3265625 0.004166666666666667 0.003125
0 0.3802083333333333 0.32265625 0.0020833333333333333 0.0015625
0 0.36354166666666665 0.32578125 0.027083333333333334 0.0171875
0 0.5125 0.32890625 0.041666666666666664 0.0265625
0 0.165625 0.31640625 0.0020833333333333333 0.0015625
0 0.571875 0.31484375 0.0020833333333333333 0.0015625
0 0.3875 0.3171875 0.020833333333333332 0.00625
0 0.36354166666666665 0.3140625 0.0020833333333333333 0.003125
0 0.16770833333333332 0.31328125 0.0020833333333333333 0.0015625
0 0.5822916666666667 0.31875 0.014583333333333334 0.015625
0 0.5760416666666667 0.31171875 0.0020833333333333333 0.0015625
0 0.16354166666666667 0.31171875 0.0020833333333333333 0.0015625
0 0.590625 0.31015625 0.0020833333333333333 0.0015625
0 0.603125 0.30859375 0.00625 0.0015625
0 0.5895833333333333 0.30703125 0.004166666666666667 0.0015625
0 0.6104166666666667 0.30625 0.004166666666666667 0.003125
0 0.596875 0.30703125 0.00625 0.0046875
0 0.5885416666666666 0.30390625 0.00625 0.0015625
0 0.453125 0.31484375 0.022916666666666665 0.0265625
0 0.603125 0.30078125 0.010416666666666666 0.0046875
0 0.36354166666666665 0.2984375 0.00625 0.003125
0 0.32395833333333335 0.30078125 0.04375 0.0203125
0 0.259375 0.28046875 0.0020833333333333333 0.0015625
0 0.43125 0.28359375 0.0125 0.0109375
0 0.43020833333333336 0.27578125 0.0020833333333333333 0.0015625
0 0.296875 0.27578125 0.0020833333333333333 0.0015625
0 0.49375 0.28203125 0.041666666666666664 0.0203125
0 0.259375 0.27265625 0.0020833333333333333 0.0015625
0 0.5520833333333334 0.27265625 0.004166666666666667 0.0046875
0 0.3697916666666667 0.27578125 0.052083333333333336 0.0359375
0 0.3385416666666667 0.2609375 0.00625 0.00625
0 0.48854166666666665 0.25625 0.0020833333333333333 0.003125
0 0.30520833333333336 0.259375 0.00625 0.009375
0 0.49895833333333334 0.25625 0.014583333333333334 0.00625
0 0.33958333333333335 0.2546875 0.004166666666666667 0.003125
0 0.5302083333333333 0.2515625 0.00625 0.003125
0 0.509375 0.25078125 0.0020833333333333333 0.0015625
0 0.49895833333333334 0.25078125 0.0020833333333333333 0.0015625
0 0.5052083333333334 0.24921875 0.0020833333333333333 0.0015625
0 0.321875 0.24765625 0.0020833333333333333 0.0015625
0 0.18645833333333334 0.24765625 0.0020833333333333333 0.0015625
0 0.18229166666666666 0.24765625 0.0020833333333333333 0.0015625
0 0.490625 0.24609375 0.0020833333333333333 0.0015625
0 0.5010416666666667 0.24375 0.010416666666666666 0.00625
0 0.4947916666666667 0.24140625 0.0020833333333333333 0.0015625
0 0.28854166666666664 0.228125 0.00625 0.003125
0 0.190625 0.21640625 0.00625 0.0046875
0 0.18645833333333334 0.20703125 0.0020833333333333333 0.0015625
0 0.18229166666666666 0.20390625 0.0020833333333333333 0.0015625
0 0.8927083333333333 0.06484375 0.0020833333333333333 0.0015625
0 0.803125 0.065625 0.0020833333333333333 0.003125
0 0.8697916666666666 0.06328125 0.0020833333333333333 0.0015625
0 0.8645833333333334 0.0625 0.004166666666666667 0.003125
0 0.6510416666666666 0.05859375 0.0020833333333333333 0.0015625
0 0.5427083333333333 0.05859375 0.0020833333333333333 0.0015625
0 0.6635416666666667 0.05703125 0.0020833333333333333 0.0015625
1 0.490625 0.81484375 0.014583333333333334 0.0234375
1 0.48854166666666665 0.80078125 0.0020833333333333333 0.0015625
1 0.4864583333333333 0.79765625 0.0020833333333333333 0.0015625
1 0.5302083333333333 0.77265625 0.0020833333333333333 0.0015625
1 0.44895833333333335 0.77578125 0.014583333333333334 0.0140625
1 0.7875 0.77265625 0.025 0.0171875
1 0.53125 0.76640625 0.004166666666666667 0.0046875
1 0.38229166666666664 0.74921875 0.00625 0.0015625
1 0.6239583333333333 0.7640625 0.03125 0.034375
1 0.38645833333333335 0.74765625 0.014583333333333334 0.0046875
1 0.4666666666666667 0.75078125 0.016666666666666666 0.0140625
1 0.5895833333333333 0.73828125 0.004166666666666667 0.0015625
1 0.48854166666666665 0.73671875 0.0020833333333333333 0.0015625
1 0.484375 0.73671875 0.0020833333333333333 0.0015625
1 0.8947916666666667 0.709375 0.014583333333333334 0.0125
1 0.04479166666666667 0.709375 0.027083333333333334 0.01875
1 0.865625 0.70625 0.03958333333333333 0.021875
1 0.8552083333333333 0.69453125 0.0020833333333333333 0.0015625
1 0.3416666666666667 0.69453125 0.004166666666666667 0.0015625
1 0.5447916666666667 0.68828125 0.0020833333333333333 0.0015625
1 0.609375 0.6875 0.00625 0.003125
1 0.303125 0.68515625 0.0020833333333333333 0.0015625
1 0.5666666666666667 0.684375 0.004166666666666667 0.003125
1 0.5572916666666666 0.684375 0.0020833333333333333 0.003125
1 0.553125 0.68359375 0.0020833333333333333 0.0015625
1 0.32395833333333335 0.68671875 0.022916666666666665 0.0078125
1 0.010416666666666666 0.6875 0.0125 0.015625
1 0.005208333333333333 0.6734375 0.00625 0.003125
1 0.38958333333333334 0.71484375 0.0875 0.0921875
1 0.0010416666666666667 0.66015625 0.0020833333333333333 0.0015625
1 0.005208333333333333 0.6578125 0.0020833333333333333 0.003125
1 0.7145833333333333 0.65078125 0.008333333333333333 0.0015625
1 0.5677083333333334 0.64921875 0.0020833333333333333 0.0015625
1 0.7239583333333334 0.6484375 0.0020833333333333333 0.003125
1 0.7760416666666666 0.64296875 0.00625 0.0015625
1 0.690625 0.646875 0.010416666666666666 0.009375
1 0.5614583333333333 0.64609375 0.010416666666666666 0.0078125
1 0.7677083333333333 0.64140625 0.0020833333333333333 0.0015625
1 0.6947916666666667 0.6421875 0.0020833333333333333 0.003125
1 0.005208333333333333 0.6453125 0.010416666666666666 0.009375
1 0.740625 0.63671875 0.0020833333333333333 0.0015625
1 0.85 0.64140625 0.041666666666666664 0.0140625
1 0.828125 0.63359375 0.0020833333333333333 0.0015625
1 0.440625 0.63046875 0.0020833333333333333 0.0015625
1 0.6302083333333334 0.62734375 0.0020833333333333333 0.0015625
1 0.6166666666666667 0.625 0.004166666666666667 0.003125
1 0.9072916666666667 0.62265625 0.0020833333333333333 0.0015625
1 0.440625 0.62109375 0.0020833333333333333 0.0015625
1 0.0020833333333333333 0.621875 0.004166666666666667 0.00625
1 0.8947916666666667 0.61796875 0.014583333333333334 0.0046875
1 0.5020833333333333 0.61328125 0.004166666666666667 0.0015625
1 0.8197916666666667 0.60859375 0.0020833333333333333 0.0015625
1 0.5739583333333333 0.60703125 0.0020833333333333333 0.0015625
1 0.8177083333333334 0.6046875 0.00625 0.00625
1 0.815625 0.5953125 0.00625 0.003125
1 0.7479166666666667 0.59453125 0.004166666666666667 0.0015625
1 0.7489583333333333 0.59140625 0.0020833333333333333 0.0015625
1 0.81875 0.590625 0.004166666666666667 0.003125
1 0.75625 0.60546875 0.04583333333333333 0.0328125
1 0.740625 0.58515625 0.0020833333333333333 0.0015625
1 0.7916666666666666 0.575 0.0125 0.009375
1 0.8572916666666667 0.56796875 0.0020833333333333333 0.0015625
1 0.68125 0.60859375 0.1375 0.0828125
1 0.008333333333333333 0.58515625 0.016666666666666666 0.0421875
1 0.8875 0.5828125 0.0625 0.040625
1 0.8302083333333333 0.54765625 0.0020833333333333333 0.0015625
1 0.07291666666666667 0.54453125 0.0125 0.0046875
1 0.08854166666666667 0.54140625 0.0020833333333333333 0.0015625
1 0.08229166666666667 0.54140625 0.0020833333333333333 0.0015625
1 0.071875 0.54140625 0.0020833333333333333 0.0015625
1 0.09895833333333333 0.53984375 0.0020833333333333333 0.0015625
1 0.09375 0.54140625 0.004166666666666667 0.0046875
1 0.090625 0.53828125 0.0020833333333333333 0.0015625
1 0.06666666666666667 0.53828125 0.004166666666666667 0.0015625
1 0.759375 0.53671875 0.0020833333333333333 0.0015625
1 0.75625 0.54140625 0.008333333333333333 0.0140625
1 0.7697916666666667 0.53203125 0.0020833333333333333 0.0015625
1 0.7739583333333333 0.52890625 0.0020833333333333333 0.0015625
1 0.7552083333333334 0.528125 0.00625 0.003125
1 0.034375 0.528125 0.0020833333333333333 0.003125
1 0.765625 0.52265625 0.0020833333333333333 0.0015625
1 0.036458333333333336 0.5234375 0.0020833333333333333 0.003125
1 0.7385416666666667 0.52109375 0.0020833333333333333 0.0015625
1 0.38958333333333334 0.52109375 0.008333333333333333 0.0015625
1 0.403125 0.5171875 0.00625 0.003125
1 0.840625 0.52890625 0.035416666666666666 0.0328125
1 0.42916666666666664 0.53671875 0.09166666666666666 0.0515625
1 0.7885416666666667 0.51015625 0.0020833333333333333 0.0015625
1 0.478125 0.50703125 0.0020833333333333333 0.0015625
1 0.7427083333333333 0.50625 0.0020833333333333333 0.003125
1 0.803125 0.53828125 0.06875 0.0703125
1 0.23020833333333332 0.50390625 0.0020833333333333333 0.0015625
1 0.221875 0.50234375 0.0020833333333333333 0.0015625
1 0.23229166666666667 0.50078125 0.0020833333333333333 0.0015625
1 0.5270833333333333 0.4984375 0.004166666666666667 0.003125
1 0.24895833333333334 0.49609375 0.0020833333333333333 0.0015625
1 0.8864583333333333 0.49453125 0.0020833333333333333 0.0015625
1 0.5447916666666667 0.4953125 0.014583333333333334 0.00625
1 0.24895833333333334 0.4921875 0.010416666666666666 0.009375
1 0.13229166666666667 0.48828125 0.0020833333333333333 0.0015625
1 0.07604166666666666 0.48359375 0.00625 0.0015625
1 0.5458333333333333 0.4859375 0.008333333333333333 0.009375
1 0.1 0.490625 0.05416666666666667 0.021875
1 0.08541666666666667 0.48125 0.004166666666666667 0.003125
1 0.08020833333333334 0.48046875 0.0020833333333333333 0.0015625
1 0.11145833333333334 0.47890625 0.0020833333333333333 0.0015625
1 0.6802083333333333 0.4828125 0.027083333333333334 0.0125
1 0.659375 0.47734375 0.0020833333333333333 0.0015625
1 0.51875 0.47890625 0.004166666666666667 0.0046875
1 0.10104166666666667 0.47734375 0.0020833333333333333 0.0015625
1 0.096875 0.47734375 0.0020833333333333333 0.0015625
1 0.5020833333333333 0.47890625 0.004166666666666667 0.0078125
1 0.146875 0.47578125 0.0020833333333333333 0.0015625
1 0.17708333333333334 0.47421875 0.004166666666666667 0.0015625
1 0.140625 0.47421875 0.0020833333333333333 0.0015625
1 0.053125 0.47421875 0.0020833333333333333 0.0015625
1 0.16770833333333332 0.4734375 0.00625 0.003125
1 0.16145833333333334 0.47265625 0.0020833333333333333 0.0015625
1 0.15729166666666666 0.47265625 0.0020833333333333333 0.0015625
1 0.15104166666666666 0.4734375 0.00625 0.003125
1 0.057291666666666664 0.47265625 0.0020833333333333333 0.0015625
1 0.5520833333333334 0.47734375 0.020833333333333332 0.0140625
1 0.08854166666666667 0.47109375 0.0020833333333333333 0.0015625
1 0.07291666666666667 0.47109375 0.004166666666666667 0.0015625
1 0.04895833333333333 0.471875 0.010416666666666666 0.003125
1 0.5052083333333334 0.46953125 0.0020833333333333333 0.0015625
1 0.18854166666666666 0.46796875 0.0020833333333333333 0.0015625
1 0.18229166666666666 0.47109375 0.01875 0.0078125
1 0.05520833333333333 0.46796875 0.0020833333333333333 0.0015625
1 0.6572916666666667 0.4671875 0.0020833333333333333 0.003125
1 0.4708333333333333 0.4671875 0.008333333333333333 0.003125
1 0.446875 0.46484375 0.0020833333333333333 0.0015625
1 0.07291666666666667 0.465625 0.004166666666666667 0.003125
1 0.6625 0.47109375 0.008333333333333333 0.0171875
1 0.49895833333333334 0.465625 0.00625 0.00625
1 0.45416666666666666 0.465625 0.008333333333333333 0.00625
1 0.21770833333333334 0.46328125 0.0020833333333333333 0.0015625
1 0.013541666666666667 0.46328125 0.0020833333333333333 0.0015625
1 0.478125 0.45859375 0.0020833333333333333 0.0015625
1 0.43645833333333334 0.45859375 0.0020833333333333333 0.0015625
1 0.184375 0.45859375 0.0020833333333333333 0.0015625
1 0.4864583333333333 0.45703125 0.0020833333333333333 0.0015625
1 0.44895833333333335 0.45703125 0.0020833333333333333 0.0015625
1 0.440625 0.4625 0.010416666666666666 0.0125
1 0.209375 0.45703125 0.0020833333333333333 0.0015625
1 0.10104166666666667 0.46328125 0.022916666666666665 0.0140625
1 0.625 0.4578125 0.0125 0.009375
1 0.49895833333333334 0.45390625 0.0020833333333333333 0.0015625
1 0.49583333333333335 0.45703125 0.008333333333333333 0.0078125
1 0.43645833333333334 0.45390625 0.0020833333333333333 0.0046875
1 0.053125 0.4578125 0.06458333333333334 0.015625
1 0.8708333333333333 0.45859375 0.0125 0.0203125
1 0.8052083333333333 0.46796875 0.04791666666666667 0.0390625
1 0.125 0.45 0.016666666666666666 0.00625
1 0.026041666666666668 0.44765625 0.0020833333333333333 0.0015625
1 0.8541666666666666 0.45859375 0.016666666666666666 0.0265625
1 0.390625 0.44609375 0.0020833333333333333 0.0015625
1 0.28541666666666665 0.44765625 0.008333333333333333 0.0046875
1 0.008333333333333333 0.44921875 0.016666666666666666 0.0109375
1 0.07395833333333333 0.44296875 0.014583333333333334 0.0046875
1 0.36354166666666665 0.4390625 0.00625 0.00625
1 0.7989583333333333 0.4421875 0.00625 0.015625
1 0.042708333333333334 0.44375 0.01875 0.01875
1 0.296875 0.43046875 0.0020833333333333333 0.0015625
1 0.5135416666666667 0.42890625 0.0020833333333333333 0.0015625
1 0.290625 0.4296875 0.0020833333333333333 0.003125
1 0.20625 0.4296875 0.004166666666666667 0.003125
1 0.059375 0.43125 0.010416666666666666 0.00625
1 0.35208333333333336 0.4328125 0.008333333333333333 0.0125
1 0.33229166666666665 0.42734375 0.0020833333333333333 0.0015625
1 0.378125 0.42578125 0.0020833333333333333 0.0015625
1 0.209375 0.42578125 0.0020833333333333333 0.0015625
1 0.16979166666666667 0.4421875 0.06875 0.034375
1 0.809375 0.428125 0.010416666666666666 0.009375
1 0.8177083333333334 0.42265625 0.0020833333333333333 0.0015625
1 0.036458333333333336 0.4234375 0.00625 0.003125
1 0.6135416666666667 0.58515625 0.33958333333333335 0.3296875
1 0.014583333333333334 0.428125 0.029166666666666667 0.015625
1 0.17291666666666666 0.41875 0.004166666666666667 0.003125
1 0.11770833333333333 0.41796875 0.0020833333333333333 0.0015625
1 0.8375 0.41953125 0.03333333333333333 0.0109375
1 0.1375 0.4203125 0.029166666666666667 0.015625
1 0.20625 0.41875 0.0125 0.01875
1 0.4197916666666667 0.40859375 0.0020833333333333333 0.0015625
1 0.31145833333333334 0.40859375 0.0020833333333333333 0.0015625
1 0.8395833333333333 0.4078125 0.004166666666666667 0.003125
1 0.41354166666666664 0.40703125 0.0020833333333333333 0.0015625
1 0.39375 0.4078125 0.004166666666666667 0.003125
1 0.3375 0.409375 0.0125 0.009375
1 0.7864583333333334 0.403125 0.0020833333333333333 0.003125
1 0.4708333333333333 0.3984375 0.004166666666666667 0.003125
1 0.20208333333333334 0.39765625 0.004166666666666667 0.0046875
1 0.9302083333333333 0.38984375 0.0020833333333333333 0.0015625
1 0.325 0.39609375 0.0375 0.0203125
1 0.725 0.3875 0.016666666666666666 0.00625
1 0.33229166666666665 0.38359375 0.0020833333333333333 0.0015625
1 0.0875 0.4078125 0.05416666666666667 0.05
1 0.328125 0.38046875 0.0020833333333333333 0.0015625
1 0.33645833333333336 0.37734375 0.0020833333333333333 0.0046875
1 0.4010416666666667 0.36796875 0.0020833333333333333 0.0015625
1 0.03125 0.3890625 0.058333333333333334 0.04375
1 0.30625 0.3734375 0.029166666666666667 0.015625
1 0.14166666666666666 0.37109375 0.008333333333333333 0.0109375
1 0.42604166666666665 0.3640625 0.00625 0.003125
1 0.5322916666666667 0.36328125 0.0020833333333333333 0.0046875
1 0.5552083333333333 0.35859375 0.0020833333333333333 0.0015625
1 0.29583333333333334 0.3609375 0.008333333333333333 0.00625
1 0.07916666666666666 0.36171875 0.004166666666666667 0.0078125
1 0.04583333333333333 0.36328125 0.020833333333333332 0.0109375
1 0.14270833333333333 0.35703125 0.0020833333333333333 0.0015625
1 0.5635416666666667 0.35546875 0.0020833333333333333 0.0015625
1 0.4354166666666667 0.3609375 0.0125 0.0125
1 0.5572916666666666 0.3546875 0.00625 0.003125
1 0.5447916666666667 0.3546875 0.0020833333333333333 0.003125
1 0.27395833333333336 0.35546875 0.01875 0.0140625
1 0.546875 0.35 0.010416666666666666 0.00625
1 0.565625 0.34609375 0.0020833333333333333 0.0015625
1 0.5614583333333333 0.34609375 0.0020833333333333333 0.0015625
1 0.3875 0.3765625 0.09583333333333334 0.065625
1 0.06354166666666666 0.33125 0.0020833333333333333 0.003125
1 0.5020833333333333 0.35703125 0.15 0.0765625
1 0.19895833333333332 0.31953125 0.0020833333333333333 0.0015625
1 0.41354166666666664 0.3234375 0.022916666666666665 0.015625
1 0.4010416666666667 0.31328125 0.0020833333333333333 0.0015625
1 0.5614583333333333 0.39140625 0.3729166666666667 0.1671875
1 0.5052083333333334 0.3125 0.014583333333333334 0.009375
1 0.49375 0.309375 0.004166666666666667 0.003125
1 0.8385416666666666 0.353125 0.17708333333333334 0.096875
1 0.48854166666666665 0.30625 0.0020833333333333333 0.003125
1 0.6864583333333333 0.30234375 0.0020833333333333333 0.0015625
1 0.5177083333333333 0.30078125 0.0020833333333333333 0.0015625
1 0.496875 0.29921875 0.0020833333333333333 0.0015625
1 0.434375 0.3078125 0.01875 0.01875
1 0.515625 0.29765625 0.0020833333333333333 0.0015625
1 0.4166666666666667 0.29375 0.004166666666666667 0.003125
1 0.3541666666666667 0.2921875 0.025 0.009375
1 0.6447916666666667 0.29375 0.01875 0.015625
1 0.7885416666666667 0.29453125 0.022916666666666665 0.0203125
1 0.6239583333333333 0.2859375 0.0020833333333333333 0.003125
1 0.6302083333333334 0.28515625 0.00625 0.0046875
1 0.5364583333333334 0.28359375 0.0020833333333333333 0.0015625
1 0.634375 0.28203125 0.0020833333333333333 0.0015625
1 0.121875 0.27890625 0.0020833333333333333 0.0015625
1 0.6375 0.278125 0.004166666666666667 0.003125
1 0.08229166666666667 0.27734375 0.0020833333333333333 0.0015625
1 0.6572916666666667 0.278125 0.010416666666666666 0.00625
1 0.14270833333333333 0.2921875 0.01875 0.0375
1 0.21458333333333332 0.284375 0.029166666666666667 0.025
1 0.14270833333333333 0.26796875 0.0020833333333333333 0.0015625
1 0.17291666666666666 0.26640625 0.0125 0.0046875
1 0.5645833333333333 0.26328125 0.004166666666666667 0.0015625
1 0.2552083333333333 0.34453125 0.26875 0.1640625
1 0.17916666666666667 0.2640625 0.004166666666666667 0.003125
1 0.159375 0.26328125 0.0020833333333333333 0.0015625
1 0.43333333333333335 0.26640625 0.008333333333333333 0.0109375
1 0.134375 0.265625 0.04375 0.0125
1 0.08229166666666667 0.265625 0.022916666666666665 0.0125
1 0.14791666666666667 0.25859375 0.004166666666666667 0.0015625
1 0.359375 0.2578125 0.014583333333333334 0.00625
1 0.584375 0.26875 0.052083333333333336 0.03125
1 0.2708333333333333 0.2578125 0.004166666666666667 0.009375
1 0.32916666666666666 0.265625 0.025 0.028125
1 0.10625 0.25234375 0.004166666666666667 0.0015625
1 0.44895833333333335 0.24765625 0.0020833333333333333 0.0015625
1 0.4510416666666667 0.24453125 0.0020833333333333333 0.0015625
1 0.2520833333333333 0.25234375 0.016666666666666666 0.0171875
1 0.003125 0.24375 0.00625 0.00625
1 0.07291666666666667 0.303125 0.14583333333333334 0.128125
1 0.209375 0.23671875 0.0020833333333333333 0.0015625
1 0.29270833333333335 0.24140625 0.03125 0.0171875
1 0.4010416666666667 0.23203125 0.0020833333333333333 0.0015625
1 0.346875 0.2390625 0.014583333333333334 0.021875
1 0.365625 0.22578125 0.0020833333333333333 0.0015625
1 0.17604166666666668 0.23359375 0.03125 0.0171875
1 0.415625 0.2609375 0.052083333333333336 0.078125
1 0.18541666666666667 0.2234375 0.008333333333333333 0.003125
1 0.37083333333333335 0.2359375 0.0375 0.034375
1 0.08229166666666667 0.23671875 0.04791666666666667 0.0359375
1 0.25104166666666666 0.21640625 0.0020833333333333333 0.0015625
1 0.11458333333333333 0.22265625 0.025 0.0171875
1 0.625 0.23203125 0.0375 0.0390625
1 0.026041666666666668 0.21328125 0.0020833333333333333 0.0015625
1 0.01875 0.2234375 0.0375 0.025
1 0.01875 0.20703125 0.004166666666666667 0.0046875
1 0.5614583333333333 0.21953125 0.01875 0.0328125
1 0.046875 0.21328125 0.014583333333333334 0.0203125
1 0.03229166666666667 0.20234375 0.0020833333333333333 0.0015625
1 0.5010416666666667 0.2578125 0.12708333333333333 0.121875
1 0.23854166666666668 0.19765625 0.010416666666666666 0.0046875
1 0.8895833333333333 0.19140625 0.004166666666666667 0.0015625
1 0.08541666666666667 0.1953125 0.0125 0.009375
1 0.328125 0.190625 0.0020833333333333333 0.003125
1 0.3229166666666667 0.190625 0.004166666666666667 0.003125
1 0.278125 0.1921875 0.00625 0.00625
1 0.80625 0.1890625 0.008333333333333333 0.003125
1 0.7822916666666667 0.18828125 0.0020833333333333333 0.0015625
1 0.12083333333333333 0.20078125 0.03333333333333333 0.0265625
1 0.8364583333333333 0.18515625 0.0020833333333333333 0.0015625
1 0.33645833333333336 0.1890625 0.010416666666666666 0.009375
1 0.29791666666666666 0.1890625 0.0125 0.009375
1 0.7614583333333333 0.18359375 0.0020833333333333333 0.0015625
1 0.79375 0.18984375 0.0125 0.0171875
1 0.7875 0.184375 0.004166666666666667 0.00625
1 0.784375 0.18203125 0.0020833333333333333 0.0015625
1 0.16666666666666666 0.18828125 0.03333333333333333 0.0203125
1 0.8052083333333333 0.17578125 0.0020833333333333333 0.0015625
1 0.28020833333333334 0.17578125 0.0020833333333333333 0.0015625
1 0.7354166666666667 0.17421875 0.004166666666666667 0.0015625
1 0.32395833333333335 0.175 0.00625 0.003125
1 0.8020833333333334 0.17109375 0.004166666666666667 0.0015625
1 0.7645833333333333 0.17578125 0.020833333333333332 0.0140625
1 0.759375 0.16953125 0.0020833333333333333 0.0015625
1 0.7395833333333334 0.1703125 0.004166666666666667 0.003125
1 0.7364583333333333 0.16796875 0.0020833333333333333 0.0015625
1 0.28020833333333334 0.16953125 0.014583333333333334 0.0078125
1 0.35208333333333336 0.16328125 0.004166666666666667 0.0015625
1 0.96875 0.1625 0.020833333333333332 0.00625
1 0.9052083333333333 0.18125 0.18958333333333333 0.046875
1 0.35520833333333335 0.165625 0.022916666666666665 0.015625
1 0.32395833333333335 0.159375 0.0020833333333333333 0.003125
1 0.2947916666666667 0.1578125 0.00625 0.003125
1 0.9364583333333333 0.15546875 0.0020833333333333333 0.0015625
1 0.36666666666666664 0.1546875 0.004166666666666667 0.003125
1 0.23125 0.1609375 0.0125 0.015625
1 0.18125 0.16015625 0.016666666666666666 0.0171875
1 0.25729166666666664 0.15859375 0.014583333333333334 0.0171875
1 0.9489583333333333 0.14609375 0.0020833333333333333 0.0015625
1 0.8697916666666666 0.14609375 0.0020833333333333333 0.0015625
1 0.5864583333333333 0.14453125 0.0020833333333333333 0.0015625
1 0.971875 0.14375 0.00625 0.003125
1 0.946875 0.14296875 0.0020833333333333333 0.0015625
1 0.9958333333333333 0.14296875 0.004166666666666667 0.0046875
1 0.9520833333333333 0.140625 0.004166666666666667 0.003125
1 0.6135416666666667 0.13984375 0.0020833333333333333 0.0015625
1 0.5729166666666666 0.1390625 0.004166666666666667 0.003125
1 0.134375 0.15078125 0.022916666666666665 0.0265625
1 0.6166666666666667 0.1375 0.004166666666666667 0.003125
1 0.010416666666666666 0.13671875 0.004166666666666667 0.0015625
1 0.3125 0.1390625 0.0125 0.009375
1 0.25729166666666664 0.13515625 0.0020833333333333333 0.0015625
1 0.2635416666666667 0.13359375 0.0020833333333333333 0.0015625
1 0.0010416666666666667 0.1359375 0.0020833333333333333 0.00625
1 0.00625 0.1328125 0.004166666666666667 0.003125
1 0.33645833333333336 0.13203125 0.0020833333333333333 0.0046875
1 0.35625 0.1296875 0.004166666666666667 0.003125
1 0.15416666666666667 0.1375 0.0125 0.01875
1 0.8416666666666667 0.128125 0.016666666666666666 0.00625
1 0.09479166666666666 0.12578125 0.0020833333333333333 0.0015625
1 0.80625 0.1234375 0.004166666666666667 0.003125
1 0.10416666666666667 0.1234375 0.004166666666666667 0.003125
1 0.4322916666666667 0.12109375 0.0020833333333333333 0.0015625
1 0.30520833333333336 0.12109375 0.0020833333333333333 0.0015625
1 0.2708333333333333 0.121875 0.016666666666666666 0.00625
1 0.08229166666666667 0.1234375 0.01875 0.009375
1 0.24479166666666666 0.11953125 0.00625 0.0046875
1 0.14479166666666668 0.121875 0.00625 0.009375
1 0.528125 0.11640625 0.0020833333333333333 0.0015625
1 0.15104166666666666 0.1171875 0.0020833333333333333 0.003125
1 0.33645833333333336 0.11875 0.010416666666666666 0.009375
1 0.528125 0.11328125 0.0020833333333333333 0.0015625
1 0.42916666666666664 0.11875 0.008333333333333333 0.0125
1 0.42604166666666665 0.11171875 0.0020833333333333333 0.0015625
1 0.5802083333333333 0.11015625 0.0020833333333333333 0.0015625
1 0.4822916666666667 0.11015625 0.0020833333333333333 0.0015625
1 0.675 0.1078125 0.004166666666666667 0.003125
1 0.6572916666666667 0.1078125 0.0020833333333333333 0.003125
1 0.4864583333333333 0.10703125 0.00625 0.0015625
1 0.5927083333333333 0.10625 0.0020833333333333333 0.003125
1 0.73125 0.10625 0.008333333333333333 0.00625
1 0.19791666666666666 0.103125 0.004166666666666667 0.003125
1 0.9291666666666667 0.10234375 0.004166666666666667 0.0046875
1 0.728125 0.10078125 0.0020833333333333333 0.0015625
1 0.5614583333333333 0.10078125 0.0020833333333333333 0.0015625
1 0.7375 0.1 0.004166666666666667 0.003125
1 0.859375 0.09609375 0.0020833333333333333 0.0015625
1 0.65 0.09765625 0.004166666666666667 0.0046875
1 0.5635416666666667 0.09609375 0.00625 0.0046875
1 0.5364583333333334 0.09453125 0.0020833333333333333 0.0015625
1 0.03125 0.09296875 0.004166666666666667 0.0078125
1 0.8697916666666666 0.08671875 0.0020833333333333333 0.0015625
1 0.5697916666666667 0.08671875 0.0020833333333333333 0.0015625
1 0.409375 0.1046875 0.010416666666666666 0.040625
1 0.8677083333333333 0.08359375 0.0020833333333333333 0.0015625
1 0.8572916666666667 0.084375 0.00625 0.003125
1 0.8927083333333333 0.0828125 0.00625 0.003125
1 0.8822916666666667 0.08359375 0.00625 0.0046875
1 0.8729166666666667 0.0828125 0.004166666666666667 0.003125
1 0.846875 0.08203125 0.0020833333333333333 0.0015625
1 0.9177083333333333 0.08046875 0.0020833333333333333 0.0015625
1 0.8864583333333333 0.08125 0.0020833333333333333 0.003125
1 0.8677083333333333 0.1109375 0.26458333333333334 0.0625
1 0.6947916666666667 0.08046875 0.0020833333333333333 0.0015625
1 0.5145833333333333 0.08046875 0.004166666666666667 0.0015625
1 0.9729166666666667 0.0796875 0.004166666666666667 0.003125
1 0.9489583333333333 0.07890625 0.0020833333333333333 0.0015625
1 0.978125 0.07734375 0.0020833333333333333 0.0015625
1 0.5010416666666667 0.07734375 0.0020833333333333333 0.0015625
1 0.8145833333333333 0.07578125 0.004166666666666667 0.0015625
1 0.7489583333333333 0.0765625 0.014583333333333334 0.003125
1 0.671875 0.07578125 0.0020833333333333333 0.0015625
1 0.5572916666666666 0.08203125 0.01875 0.0140625
1 0.5354166666666667 0.078125 0.008333333333333333 0.00625
1 0.5197916666666667 0.07578125 0.0020833333333333333 0.0015625
1 0.4864583333333333 0.07734375 0.014583333333333334 0.0046875
1 0.9927083333333333 0.07421875 0.0020833333333333333 0.0015625
1 0.7375 0.075 0.004166666666666667 0.003125
1 0.5697916666666667 0.07421875 0.0020833333333333333 0.0015625
1 0.95625 0.075 0.008333333333333333 0.00625
1 0.8041666666666667 0.07421875 0.008333333333333333 0.0046875
1 0.5416666666666666 0.07265625 0.004166666666666667 0.0015625
1 0.6510416666666666 0.08984375 0.16458333333333333 0.0421875
1 0.9989583333333333 0.06796875 0.0020833333333333333 0.0015625
1 0.7552083333333334 0.06875 0.00625 0.003125
1 0.9208333333333333 0.06875 0.025 0.00625
1 0.9833333333333333 0.0671875 0.03333333333333333 0.015625
1 0.7677083333333333 0.06015625 0.0020833333333333333 0.0015625
1 0.9052083333333333 0.05703125 0.010416666666666666 0.0046875
1 0.75625 0.06015625 0.016666666666666666 0.0109375
2 0.45416666666666666 0.7734375 0.004166666666666667 0.003125
2 0.615625 0.75234375 0.010416666666666666 0.0109375
2 0.46979166666666666 0.746875 0.00625 0.003125
2 0.7729166666666667 0.7625 0.05416666666666667 0.0375
2 0.5885416666666666 0.7375 0.00625 0.003125
2 0.7354166666666667 0.7375 0.008333333333333333 0.00625
2 0.5979166666666667 0.73515625 0.004166666666666667 0.0046875
2 0.70625 0.728125 0.004166666666666667 0.003125
2 0.715625 0.72578125 0.0020833333333333333 0.0015625
2 0.41041666666666665 0.7375 0.016666666666666666 0.025
2 0.703125 0.72265625 0.0020833333333333333 0.0015625
2 0.5229166666666667 0.721875 0.004166666666666667 0.009375
2 0.39791666666666664 0.71640625 0.004166666666666667 0.0046875
2 0.6979166666666666 0.71328125 0.004166666666666667 0.0046875
2 0.03854166666666667 0.71484375 0.00625 0.0078125
2 0.046875 0.70703125 0.010416666666666666 0.0078125
2 0.04791666666666667 0.70078125 0.004166666666666667 0.0015625
2 0.875 0.70625 0.05416666666666667 0.01875
2 0.53125 0.6984375 0.004166666666666667 0.003125
2 0.521875 0.6921875 0.00625 0.003125
2 0.6104166666666667 0.6875 0.008333333333333333 0.003125
2 0.5260416666666666 0.68828125 0.0020833333333333333 0.0046875
2 0.628125 0.68671875 0.00625 0.0046875
2 0.303125 0.68515625 0.0020833333333333333 0.0015625
2 0.5260416666666666 0.68359375 0.0020833333333333333 0.0015625
2 0.3541666666666667 0.7046875 0.09166666666666666 0.046875
2 0.2947916666666667 0.67734375 0.0020833333333333333 0.0015625
2 0.003125 0.67265625 0.0020833333333333333 0.0015625
2 0.4822916666666667 0.659375 0.01875 0.01875
2 0.46979166666666666 0.646875 0.00625 0.003125
2 0.53125 0.6625 0.016666666666666666 0.0375
2 0.5645833333333333 0.64453125 0.004166666666666667 0.0046875
2 0.5802083333333333 0.63671875 0.0020833333333333333 0.0015625
2 0.5895833333333333 0.6359375 0.020833333333333332 0.0125
2 0.55625 0.63359375 0.008333333333333333 0.0109375
2 0.5041666666666667 0.62890625 0.004166666666666667 0.0046875
2 0.45416666666666666 0.63203125 0.020833333333333332 0.0109375
2 0.61875 0.62421875 0.008333333333333333 0.0015625
2 0.9072916666666667 0.62265625 0.0020833333333333333 0.0015625
2 0.55625 0.6234375 0.0125 0.009375
2 0.86875 0.63125 0.07083333333333333 0.028125
2 0.5760416666666667 0.61015625 0.0020833333333333333 0.0015625
2 0.8197916666666667 0.60859375 0.0020833333333333333 0.0015625
2 0.8197916666666667 0.60546875 0.0020833333333333333 0.0015625
2 0.5395833333333333 0.61484375 0.0125 0.0296875
2 0.8145833333333333 0.59453125 0.004166666666666667 0.0015625
2 0.746875 0.59453125 0.0020833333333333333 0.0015625
2 0.7489583333333333 0.59140625 0.0020833333333333333 0.0015625
2 0.8177083333333334 0.590625 0.00625 0.003125
2 0.5135416666666667 0.61015625 0.014583333333333334 0.0421875
2 0.6395833333333333 0.58828125 0.004166666666666667 0.0015625
2 0.896875 0.57265625 0.00625 0.0046875
2 0.875 0.584375 0.03333333333333333 0.028125
2 0.8354166666666667 0.56796875 0.004166666666666667 0.0078125
2 0.834375 0.56171875 0.0020833333333333333 0.0015625
2 0.6010416666666667 0.55234375 0.0020833333333333333 0.0015625
2 0.81875 0.55390625 0.0125 0.0078125
2 0.6625 0.54140625 0.004166666666666667 0.0015625
2 0.090625 0.53828125 0.0020833333333333333 0.0015625
2 0.8197916666666667 0.53515625 0.0020833333333333333 0.0015625
2 0.6447916666666667 0.53359375 0.00625 0.0015625
2 0.825 0.52734375 0.004166666666666667 0.0015625
2 0.5958333333333333 0.53671875 0.016666666666666666 0.0203125
2 0.034375 0.528125 0.0020833333333333333 0.003125
2 0.8135416666666667 0.528125 0.010416666666666666 0.009375
2 0.036458333333333336 0.5234375 0.0020833333333333333 0.003125
2 0.40625 0.52109375 0.004166666666666667 0.0015625
2 0.43333333333333335 0.53515625 0.0625 0.0390625
2 0.8395833333333333 0.52890625 0.0375 0.0328125
2 0.8072916666666666 0.53125 0.035416666666666666 0.0375
2 0.5479166666666667 0.5140625 0.004166666666666667 0.003125
2 0.04791666666666667 0.51953125 0.016666666666666666 0.0140625
2 0.052083333333333336 0.5109375 0.004166666666666667 0.003125
2 0.058333333333333334 0.50703125 0.004166666666666667 0.0015625
2 0.23020833333333332 0.50390625 0.0020833333333333333 0.0015625
2 0.11145833333333334 0.50390625 0.0020833333333333333 0.0015625
2 0.221875 0.50234375 0.0020833333333333333 0.0015625
2 0.23229166666666667 0.50078125 0.0020833333333333333 0.0015625
2 0.5270833333333333 0.49765625 0.004166666666666667 0.0015625
2 0.07916666666666666 0.5046875 0.0375 0.015625
2 0.6 0.49609375 0.004166666666666667 0.0015625
2 0.10208333333333333 0.49609375 0.004166666666666667 0.0015625
2 0.8864583333333333 0.496875 0.00625 0.00625
2 0.48854166666666665 0.49453125 0.0020833333333333333 0.0015625
2 0.078125 0.49453125 0.0020833333333333333 0.0015625
2 0.084375 0.49375 0.00625 0.00625
2 0.5666666666666667 0.49375 0.008333333333333333 0.009375
2 0.11145833333333334 0.49296875 0.010416666666666666 0.0078125
2 0.84375 0.48359375 0.004166666666666667 0.0015625
2 0.10416666666666667 0.48359375 0.008333333333333333 0.0046875
2 0.10104166666666667 0.47734375 0.0020833333333333333 0.0015625
2 0.096875 0.47734375 0.0020833333333333333 0.0015625
2 0.5604166666666667 0.47578125 0.008333333333333333 0.0046875
2 0.5427083333333333 0.47421875 0.0020833333333333333 0.0015625
2 0.184375 0.47265625 0.0020833333333333333 0.0015625
2 0.5447916666666667 0.47109375 0.0020833333333333333 0.0015625
2 0.6395833333333333 0.56015625 0.2125 0.1828125
2 0.5583333333333333 0.4703125 0.004166666666666667 0.003125
2 0.7229166666666667 0.46796875 0.004166666666666667 0.0015625
2 0.05520833333333333 0.46796875 0.0020833333333333333 0.0015625
2 0.071875 0.46640625 0.0020833333333333333 0.0015625
2 0.09375 0.46484375 0.004166666666666667 0.0015625
2 0.5197916666666667 0.52421875 0.06458333333333334 0.1234375
2 0.48854166666666665 0.4640625 0.0020833333333333333 0.003125
2 0.48020833333333335 0.46171875 0.0020833333333333333 0.0015625
2 0.052083333333333336 0.4625 0.020833333333333332 0.00625
2 0.8666666666666667 0.46328125 0.004166666666666667 0.0109375
2 0.4791666666666667 0.45859375 0.004166666666666667 0.0015625
2 0.721875 0.459375 0.00625 0.00625
2 0.4864583333333333 0.45703125 0.0020833333333333333 0.0015625
2 0.084375 0.45703125 0.0020833333333333333 0.0015625
2 0.04895833333333333 0.45703125 0.0020833333333333333 0.0015625
2 0.046875 0.45234375 0.0020833333333333333 0.0015625
2 0.840625 0.44921875 0.0020833333333333333 0.0015625
2 0.4510416666666667 0.4484375 0.00625 0.003125
2 0.853125 0.4578125 0.01875 0.028125
2 0.43645833333333334 0.44140625 0.0020833333333333333 0.0015625
2 0.09479166666666666 0.44140625 0.0020833333333333333 0.0015625
2 0.051041666666666666 0.43984375 0.0020833333333333333 0.0015625
2 0.14791666666666667 0.44375 0.025 0.0125
2 0.35520833333333335 0.43671875 0.0020833333333333333 0.0015625
2 0.43645833333333334 0.4359375 0.0020833333333333333 0.003125
2 0.184375 0.43984375 0.03125 0.0109375
2 0.040625 0.43828125 0.014583333333333334 0.0109375
2 0.40625 0.434375 0.0125 0.00625
2 0.353125 0.4328125 0.0020833333333333333 0.003125
2 0.296875 0.43046875 0.0020833333333333333 0.0015625
2 0.3645833333333333 0.428125 0.004166666666666667 0.003125
2 0.2989583333333333 0.42734375 0.0020833333333333333 0.0015625
2 0.6979166666666666 0.43125 0.0125 0.0125
2 0.0010416666666666667 0.42578125 0.0020833333333333333 0.0015625
2 0.35104166666666664 0.42265625 0.0020833333333333333 0.0015625
2 0.30520833333333336 0.4234375 0.00625 0.003125
2 0.030208333333333334 0.428125 0.01875 0.0125
2 0.8229166666666666 0.45 0.0625 0.0625
2 0.8697916666666666 0.41796875 0.0020833333333333333 0.0015625
2 0.11770833333333333 0.41796875 0.0020833333333333333 0.0015625
2 0.7104166666666667 0.41796875 0.004166666666666667 0.0109375
2 0.2604166666666667 0.4140625 0.004166666666666667 0.003125
2 0.1375 0.4203125 0.029166666666666667 0.015625
2 0.25729166666666664 0.41171875 0.0020833333333333333 0.0015625
2 0.10625 0.4078125 0.004166666666666667 0.003125
2 0.27291666666666664 0.41015625 0.0125 0.0140625
2 0.2520833333333333 0.40625 0.0125 0.00625
2 0.253125 0.39921875 0.0020833333333333333 0.0015625
2 0.22604166666666667 0.403125 0.00625 0.009375
2 0.471875 0.3984375 0.00625 0.003125
2 0.509375 0.39296875 0.0020833333333333333 0.0015625
2 0.29583333333333334 0.39453125 0.008333333333333333 0.0078125
2 0.16041666666666668 0.3921875 0.004166666666666667 0.003125
2 0.8770833333333333 0.3890625 0.020833333333333332 0.00625
2 0.846875 0.38828125 0.027083333333333334 0.0109375
2 0.409375 0.38359375 0.0020833333333333333 0.0015625
2 0.265625 0.38359375 0.0020833333333333333 0.0015625
2 0.134375 0.39140625 0.027083333333333334 0.0171875
2 0.07395833333333333 0.40859375 0.08125 0.0515625
2 0.15208333333333332 0.38125 0.004166666666666667 0.003125
2 0.36666666666666664 0.40234375 0.1125 0.0484375
2 0.019791666666666666 0.37734375 0.0020833333333333333 0.0015625
2 0.015625 0.37734375 0.0020833333333333333 0.0015625
2 0.22604166666666667 0.37578125 0.0020833333333333333 0.0015625
2 0.39791666666666664 0.37421875 0.004166666666666667 0.0015625
2 0.5083333333333333 0.38515625 0.04583333333333333 0.0265625
2 0.3416666666666667 0.3734375 0.004166666666666667 0.003125
2 0.334375 0.37109375 0.0020833333333333333 0.0015625
2 0.565625 0.42734375 0.23958333333333334 0.1171875
2 0.56875 0.37109375 0.008333333333333333 0.0046875
2 0.3541666666666667 0.36953125 0.004166666666666667 0.0015625
2 0.34791666666666665 0.3703125 0.004166666666666667 0.003125
2 0.334375 0.36796875 0.0020833333333333333 0.0015625
2 0.22291666666666668 0.36875 0.004166666666666667 0.00625
2 0.7708333333333334 0.37265625 0.020833333333333332 0.0171875
2 0.7614583333333333 0.35859375 0.0020833333333333333 0.0015625
2 0.078125 0.36171875 0.00625 0.0078125
2 0.034375 0.37421875 0.052083333333333336 0.0328125
2 0.575 0.359375 0.0125 0.00625
2 0.31145833333333334 0.35546875 0.0020833333333333333 0.0015625
2 0.2125 0.3609375 0.008333333333333333 0.0125
2 0.30520833333333336 0.36953125 0.06458333333333334 0.0328125
2 0.209375 0.35234375 0.0020833333333333333 0.0015625
2 0.5052083333333334 0.3515625 0.00625 0.003125
2 0.5614583333333333 0.34609375 0.0020833333333333333 0.0015625
2 0.24791666666666667 0.37265625 0.075 0.0578125
2 0.6947916666666667 0.37265625 0.07708333333333334 0.0609375
2 0.20416666666666666 0.34375 0.004166666666666667 0.003125
2 0.26875 0.34140625 0.004166666666666667 0.0015625
2 0.7927083333333333 0.33828125 0.0020833333333333333 0.0015625
2 0.18958333333333333 0.3546875 0.029166666666666667 0.034375
2 0.8791666666666667 0.3578125 0.07083333333333333 0.046875
2 0.33958333333333335 0.34609375 0.05416666666666667 0.0234375
2 0.18333333333333332 0.334375 0.004166666666666667 0.003125
2 0.503125 0.32734375 0.0020833333333333333 0.0015625
2 0.35104166666666664 0.3265625 0.0020833333333333333 0.003125
2 0.19583333333333333 0.32578125 0.008333333333333333 0.0046875
2 0.09895833333333333 0.3328125 0.014583333333333334 0.01875
2 0.471875 0.32109375 0.0020833333333333333 0.0015625
2 0.06041666666666667 0.32265625 0.020833333333333332 0.0109375
2 0.09375 0.31875 0.004166666666666667 0.00625
2 0.5614583333333333 0.31484375 0.0020833333333333333 0.0015625
2 0.5572916666666666 0.31484375 0.0020833333333333333 0.0015625
2 0.39166666666666666 0.315625 0.004166666666666667 0.003125
2 0.8114583333333333 0.346875 0.11875 0.06875
2 0.18125 0.31875 0.0125 0.0125
2 0.8010416666666667 0.31171875 0.0020833333333333333 0.0015625
2 0.5333333333333333 0.33359375 0.09166666666666666 0.0453125
2 0.0375 0.31015625 0.004166666666666667 0.0015625
2 0.49375 0.309375 0.004166666666666667 0.003125
2 0.08125 0.31015625 0.004166666666666667 0.0046875
2 0.48854166666666665 0.30703125 0.0020833333333333333 0.0015625
2 0.128125 0.30546875 0.0020833333333333333 0.0015625
2 0.6864583333333333 0.30234375 0.0020833333333333333 0.0015625
2 0.42291666666666666 0.33984375 0.125 0.0765625
2 0.6385416666666667 0.33359375 0.11875 0.0671875
2 0.496875 0.29921875 0.0020833333333333333 0.0015625
2 0.515625 0.29765625 0.0020833333333333333 0.0015625
2 0.490625 0.29765625 0.0020833333333333333 0.0015625
2 0.53125 0.2953125 0.004166666666666667 0.003125
2 0.11458333333333333 0.29609375 0.004166666666666667 0.0046875
2 0.15 0.2921875 0.004166666666666667 0.009375
2 0.13125 0.33203125 0.09583333333333334 0.0984375
2 0.121875 0.27890625 0.0020833333333333333 0.0015625
2 0.059375 0.27734375 0.0020833333333333333 0.0015625
2 0.6427083333333333 0.28828125 0.03958333333333333 0.0265625
2 0.15104166666666666 0.27578125 0.0020833333333333333 0.0015625
2 0.07395833333333333 0.2875 0.014583333333333334 0.025
2 0.3572916666666667 0.27421875 0.0020833333333333333 0.0015625
2 0.14375 0.29453125 0.020833333333333332 0.0421875
2 0.6072916666666667 0.26953125 0.0020833333333333333 0.0015625
2 0.35520833333333335 0.26953125 0.0020833333333333333 0.0015625
2 0.215625 0.2828125 0.03125 0.028125
2 0.14270833333333333 0.26796875 0.0020833333333333333 0.0015625
2 0.17395833333333333 0.2671875 0.014583333333333334 0.00625
2 0.11666666666666667 0.26796875 0.008333333333333333 0.0078125
2 0.5635416666666667 0.26328125 0.0020833333333333333 0.0015625
2 0.17916666666666667 0.2640625 0.004166666666666667 0.003125
2 0.159375 0.26328125 0.0020833333333333333 0.0015625
2 0.06354166666666666 0.26328125 0.0020833333333333333 0.0015625
2 0.284375 0.26171875 0.0020833333333333333 0.0015625
2 0.38229166666666664 0.26015625 0.0020833333333333333 0.0015625
2 0.378125 0.26015625 0.0020833333333333333 0.0015625
2 0.13958333333333334 0.26484375 0.03333333333333333 0.0109375
2 0.6041666666666666 0.259375 0.004166666666666667 0.003125
2 0.14791666666666667 0.25859375 0.004166666666666667 0.0015625
2 0.378125 0.25703125 0.0020833333333333333 0.0015625
2 0.14166666666666666 0.25703125 0.004166666666666667 0.0015625
2 0.36354166666666665 0.259375 0.022916666666666665 0.009375
2 0.5822916666666667 0.26796875 0.052083333333333336 0.0328125
2 0.10625 0.25234375 0.004166666666666667 0.0015625
2 0.20208333333333334 0.25390625 0.008333333333333333 0.0078125
2 0.13020833333333334 0.2484375 0.00625 0.003125
2 0.6083333333333333 0.24765625 0.004166666666666667 0.0046875
2 0.490625 0.24609375 0.0020833333333333333 0.0015625
2 0.103125 0.246875 0.00625 0.00625
2 0.6166666666666667 0.23515625 0.004166666666666667 0.0046875
2 0.005208333333333333 0.23203125 0.0020833333333333333 0.0015625
2 0.057291666666666664 0.22890625 0.0020833333333333333 0.0015625
2 0.27395833333333336 0.22578125 0.0020833333333333333 0.0015625
2 0.365625 0.225 0.0020833333333333333 0.003125
2 0.017708333333333333 0.22578125 0.00625 0.0046875
2 0.634375 0.2234375 0.010416666666666666 0.003125
2 0.05 0.221875 0.004166666666666667 0.003125
2 0.017708333333333333 0.21953125 0.0020833333333333333 0.0015625
2 0.051041666666666666 0.21796875 0.0020833333333333333 0.0015625
2 0.25104166666666666 0.21640625 0.0020833333333333333 0.0015625
2 0.06354166666666666 0.26171875 0.12708333333333333 0.0921875
2 0.035416666666666666 0.21484375 0.004166666666666667 0.0046875
2 0.18541666666666667 0.2296875 0.058333333333333334 0.0375
2 0.015625 0.21171875 0.0020833333333333333 0.0015625
2 0.00625 0.21796875 0.0125 0.0140625
2 0.053125 0.2125 0.0020833333333333333 0.00625
2 0.13229166666666667 0.21171875 0.01875 0.0078125
2 0.18645833333333334 0.20703125 0.0020833333333333333 0.0015625
2 0.01875 0.20703125 0.004166666666666667 0.0046875
2 0.18229166666666666 0.20390625 0.0020833333333333333 0.0015625
2 0.04583333333333333 0.2109375 0.0125 0.015625
2 0.0020833333333333333 0.2046875 0.004166666666666667 0.003125
2 0.384375 0.2703125 0.36875 0.146875
2 0.23854166666666668 0.19765625 0.010416666666666666 0.0046875
2 0.08541666666666667 0.1953125 0.0125 0.009375
2 0.2791666666666667 0.19375 0.0125 0.0125
2 0.8958333333333334 0.18828125 0.008333333333333333 0.0046875
2 0.11458333333333333 0.1984375 0.020833333333333332 0.025
2 0.859375 0.184375 0.0020833333333333333 0.003125
2 0.036458333333333336 0.18359375 0.0020833333333333333 0.0015625
2 0.33125 0.18671875 0.020833333333333332 0.0109375
2 0.2947916666666667 0.18828125 0.01875 0.0140625
2 0.16666666666666666 0.18984375 0.03333333333333333 0.0234375
2 0.9364583333333333 0.178125 0.00625 0.00625
2 0.8052083333333333 0.17578125 0.0020833333333333333 0.0015625
2 0.32395833333333335 0.175 0.00625 0.003125
2 0.2989583333333333 0.17421875 0.0020833333333333333 0.0015625
2 0.7583333333333333 0.17421875 0.008333333333333333 0.0046875
2 0.28020833333333334 0.17109375 0.01875 0.0109375
2 0.35208333333333336 0.16328125 0.004166666666666667 0.0015625
2 0.353125 0.16640625 0.027083333333333334 0.0171875
2 0.32395833333333335 0.159375 0.0020833333333333333 0.003125
2 0.29583333333333334 0.1578125 0.008333333333333333 0.003125
2 0.365625 0.15546875 0.0020833333333333333 0.0015625
2 0.26666666666666666 0.15390625 0.004166666666666667 0.0046875
2 0.18333333333333332 0.16015625 0.020833333333333332 0.0171875
2 0.24479166666666666 0.15859375 0.03958333333333333 0.0234375
2 0.046875 0.14765625 0.0020833333333333333 0.0015625
2 0.159375 0.14609375 0.0020833333333333333 0.0015625
2 0.15520833333333334 0.14453125 0.0020833333333333333 0.0015625
2 0.22083333333333333 0.146875 0.0125 0.009375
2 0.159375 0.14140625 0.0020833333333333333 0.0015625
2 0.015625 0.14140625 0.0020833333333333333 0.0015625
2 0.134375 0.1515625 0.027083333333333334 0.028125
2 0.010416666666666666 0.13671875 0.004166666666666667 0.0015625
2 0.25729166666666664 0.13515625 0.0020833333333333333 0.0015625
2 0.15625 0.13671875 0.004166666666666667 0.0046875
2 0.15 0.1375 0.004166666666666667 0.00625
2 0.2635416666666667 0.13359375 0.0020833333333333333 0.0015625
2 0.0010416666666666667 0.1359375 0.0020833333333333333 0.00625
2 0.00625 0.1328125 0.004166666666666667 0.003125
2 0.3375 0.13125 0.004166666666666667 0.00625
2 0.003125 0.12890625 0.0020833333333333333 0.0015625
2 0.24270833333333333 0.12734375 0.0020833333333333333 0.0015625
2 0.11145833333333334 0.128125 0.0020833333333333333 0.00625
2 0.14583333333333334 0.125 0.004166666666666667 0.003125
2 0.35520833333333335 0.1265625 0.010416666666666666 0.009375
2 0.409375 0.12109375 0.0020833333333333333 0.0015625
2 0.30520833333333336 0.121875 0.0020833333333333333 0.003125
2 0.090625 0.12578125 0.035416666666666666 0.0140625
2 0.28125 0.12421875 0.0375 0.0140625
2 0.24479166666666666 0.11953125 0.00625 0.0046875
2 0.14270833333333333 0.11953125 0.0020833333333333333 0.0046875
2 0.15104166666666666 0.1171875 0.0020833333333333333 0.003125
2 0.33645833333333336 0.11953125 0.010416666666666666 0.0109375
2 0.43125 0.1140625 0.004166666666666667 0.003125
2 0.41354166666666664 0.11328125 0.0020833333333333333 0.0015625
2 0.890625 0.11171875 0.0020833333333333333 0.0015625
2 0.896875 0.11015625 0.0020833333333333333 0.0015625
2 0.8760416666666667 0.12109375 0.03125 0.0234375
2 0.409375 0.11171875 0.00625 0.0109375
2 0.73125 0.10625 0.008333333333333333 0.00625
2 0.684375 0.10390625 0.010416666666666666 0.0046875
2 0.25104166666666666 0.10234375 0.0020833333333333333 0.0015625
2 0.19791666666666666 0.103125 0.004166666666666667 0.003125
2 0.9385416666666667 0.1046875 0.022916666666666665 0.009375
2 0.728125 0.10078125 0.0020833333333333333 0.0015625
2 0.65 0.0984375 0.004166666666666667 0.003125
2 0.6427083333333333 0.0984375 0.00625 0.003125
2 0.9239583333333333 0.09609375 0.0020833333333333333 0.0015625
2 0.03125 0.09296875 0.004166666666666667 0.0078125
2 0.9322916666666666 0.11015625 0.13541666666666666 0.0484375
2 0.8677083333333333 0.08359375 0.0020833333333333333 0.0015625
2 0.8927083333333333 0.0828125 0.00625 0.003125
2 0.88125 0.0828125 0.004166666666666667 0.003125
2 0.8729166666666667 0.0828125 0.004166666666666667 0.003125
2 0.8572916666666667 0.08359375 0.00625 0.0046875
2 0.703125 0.0828125 0.0020833333333333333 0.003125
2 0.9177083333333333 0.08046875 0.0020833333333333333 0.0015625
2 0.8864583333333333 0.08125 0.0020833333333333333 0.003125
2 0.8479166666666667 0.08125 0.008333333333333333 0.003125
2 0.8052083333333333 0.08046875 0.0020833333333333333 0.0015625
2 0.7854166666666667 0.09375 0.15 0.028125
2 0.5145833333333333 0.08046875 0.004166666666666667 0.0015625
2 0.9479166666666666 0.0796875 0.004166666666666667 0.003125
2 0.9302083333333333 0.07890625 0.0020833333333333333 0.0015625
2 0.8927083333333333 0.07890625 0.0020833333333333333 0.0015625
2 0.8822916666666667 0.07890625 0.0020833333333333333 0.0015625
2 0.6447916666666667 0.08203125 0.027083333333333334 0.0078125
2 0.5364583333333334 0.07890625 0.0020833333333333333 0.0015625
2 0.978125 0.07734375 0.0020833333333333333 0.0015625
2 0.8364583333333333 0.07890625 0.00625 0.0046875
2 0.9208333333333333 0.07578125 0.004166666666666667 0.0015625
2 0.815625 0.078125 0.014583333333333334 0.00625
2 0.5375 0.07578125 0.004166666666666667 0.0015625
2 0.5197916666666667 0.07578125 0.0020833333333333333 0.0015625
2 0.759375 0.07421875 0.0020833333333333333 0.0015625
2 0.9458333333333333 0.0734375 0.004166666666666667 0.003125
2 0.9375 0.07265625 0.004166666666666667 0.0015625
2 0.896875 0.07421875 0.0020833333333333333 0.0046875
2 0.5416666666666666 0.07265625 0.004166666666666667 0.0015625
2 0.8791666666666667 0.07421875 0.029166666666666667 0.0078125
2 0.8041666666666667 0.0734375 0.008333333333333333 0.00625
2 0.953125 0.06953125 0.0020833333333333333 0.0015625
2 0.8864583333333333 0.06796875 0.0020833333333333333 0.0015625
2 0.7458333333333333 0.07265625 0.025 0.0109375
2 0.771875 0.06640625 0.0020833333333333333 0.0015625
2 0.803125 0.065625 0.0020833333333333333 0.003125
2 0.796875 0.06484375 0.0020833333333333333 0.0015625
2 0.8697916666666666 0.06328125 0.0020833333333333333 0.0015625
2 0.7802083333333333 0.06328125 0.0020833333333333333 0.0015625
2 0.809375 0.06015625 0.0020833333333333333 0.0015625
2 0.7822916666666667 0.06015625 0.0020833333333333333 0.0015625
2 0.6802083333333333 0.0609375 0.0020833333333333333 0.003125
2 0.603125 0.06015625 0.0020833333333333333 0.0015625
2 0.7885416666666667 0.05859375 0.0020833333333333333 0.0015625
2 0.7697916666666667 0.06015625 0.00625 0.0046875
2 0.728125 0.05859375 0.0020833333333333333 0.0015625
2 0.7197916666666667 0.05859375 0.0020833333333333333 0.0015625
2 0.6510416666666666 0.05859375 0.0020833333333333333 0.0015625
2 0.609375 0.05859375 0.0020833333333333333 0.0015625
2 0.5427083333333333 0.05859375 0.0020833333333333333 0.0015625
2 0.934375 0.05703125 0.0020833333333333333 0.0015625
2 0.8447916666666667 0.0578125 0.0020833333333333333 0.003125
2 0.8010416666666667 0.0578125 0.00625 0.003125
2 0.7635416666666667 0.05703125 0.0020833333333333333 0.0015625
2 0.6822916666666666 0.05703125 0.0020833333333333333 0.0015625
2 0.6625 0.0578125 0.004166666666666667 0.003125
2 0.9541666666666667 0.06796875 0.09166666666666666 0.0265625
2 0.9291666666666667 0.05546875 0.004166666666666667 0.0015625
2 0.9197916666666667 0.05546875 0.0020833333333333333 0.0015625
2 0.8854166666666666 0.0609375 0.025 0.0125
2 0.75625 0.05546875 0.004166666666666667 0.0015625
2 0.7447916666666666 0.05546875 0.0020833333333333333 0.0015625
2 0.7177083333333333 0.05546875 0.00625 0.0015625
2 0.709375 0.05546875 0.0020833333333333333 0.0015625
2 0.6729166666666667 0.05703125 0.0125 0.0046875
2 0.640625 0.05546875 0.0020833333333333333 0.0015625
2 0.6260416666666667 0.0578125 0.022916666666666665 0.00625
2 0.609375 0.05546875 0.0020833333333333333 0.0015625
2 0.5197916666666667 0.05546875 0.0020833333333333333 0.0015625
2 0.9072916666666667 0.05625 0.01875 0.00625
2 0.7302083333333333 0.05390625 0.0020833333333333333 0.0015625
2 0.9635416666666666 0.05234375 0.0020833333333333333 0.0015625
2 0.9572916666666667 0.05234375 0.0020833333333333333 0.0015625
2 0.9510416666666667 0.053125 0.0020833333333333333 0.003125
2 0.8385416666666666 0.0640625 0.05625 0.025
2 0.7947916666666667 0.053125 0.00625 0.003125
2 0.6916666666666667 0.0546875 0.016666666666666666 0.00625
2 0.634375 0.05234375 0.0020833333333333333 0.0015625
2 0.5166666666666667 0.053125 0.004166666666666667 0.003125
2 0.7375 0.0578125 0.0125 0.015625
