0 0.9708333333333333 0.9296875 0.020833333333333332 0.009375
0 0.6135416666666667 0.92578125 0.0020833333333333333 0.0015625
0 0.990625 0.8859375 0.01875 0.015625
0 0.9875 0.8703125 0.025 0.0125
0 0.12291666666666666 0.86640625 0.008333333333333333 0.0046875
0 0.9635416666666666 0.85234375 0.0020833333333333333 0.0015625
0 0.9947916666666666 0.81953125 0.00625 0.0078125
0 0.96875 0.803125 0.004166666666666667 0.003125
0 0.8510416666666667 0.7875 0.010416666666666666 0.00625
0 0.9770833333333333 0.7921875 0.020833333333333332 0.01875
0 0.928125 0.78671875 0.014583333333333334 0.0109375
0 0.7541666666666667 0.76796875 0.008333333333333333 0.0046875
0 0.734375 0.76953125 0.00625 0.0109375
0 0.8354166666666667 0.75234375 0.004166666666666667 0.0015625
0 0.7489583333333333 0.75078125 0.0020833333333333333 0.0015625
0 0.9375 0.7453125 0.008333333333333333 0.009375
0 0.9927083333333333 0.73515625 0.0020833333333333333 0.0015625
0 0.996875 0.7296875 0.00625 0.003125
0 0.9989583333333333 0.72421875 0.0020833333333333333 0.0015625
0 0.9416666666666667 0.7015625 0.004166666666666667 0.003125
0 0.5760416666666667 0.7015625 0.00625 0.003125
0 0.575 0.69765625 0.004166666666666667 0.0015625
0 0.7479166666666667 0.6984375 0.008333333333333333 0.00625
0 0.9520833333333333 0.6984375 0.0125 0.009375
0 0.9385416666666667 0.69140625 0.0020833333333333333 0.0015625
0 0.9447916666666667 0.68828125 0.00625 0.0046875
0 0.9302083333333333 0.690625 0.010416666666666666 0.009375
0 0.7947916666666667 0.68671875 0.0020833333333333333 0.0015625
0 0.803125 0.68515625 0.0020833333333333333 0.0015625
0 0.8302083333333333 0.67734375 0.0020833333333333333 0.0015625
0 0.7885416666666667 0.67734375 0.0020833333333333333 0.0015625
0 0.19270833333333334 0.6796875 0.035416666666666666 0.021875
0 0.8625 0.66640625 0.004166666666666667 0.0015625
0 0.784375 0.66484375 0.0020833333333333333 0.0015625
0 0.9916666666666667 0.71484375 0.016666666666666666 0.1046875
0 0.6895833333333333 0.65234375 0.004166666666666667 0.0015625
0 0.4635416666666667 0.65078125 0.0020833333333333333 0.0015625
0 0.8114583333333333 0.63359375 0.0020833333333333333 0.0015625
0 0.7927083333333333 0.63359375 0.0020833333333333333 0.0015625
0 0.228125 0.68828125 0.20208333333333334 0.1109375
0 0.809375 0.62890625 0.0020833333333333333 0.0015625
0 0.9020833333333333 0.62734375 0.004166666666666667 0.0046875
0 0.9697916666666667 0.625 0.0020833333333333333 0.00625
0 0.013541666666666667 0.62109375 0.0020833333333333333 0.0046875
0 0.8697916666666666 0.61328125 0.0020833333333333333 0.0015625
0 0.9697916666666667 0.603125 0.00625 0.00625
0 0.8041666666666667 0.6171875 0.09583333333333334 0.040625
0 0.9833333333333333 0.5953125 0.008333333333333333 0.003125
0 0.28229166666666666 0.60390625 0.05625 0.0515625
0 0.8645833333333334 0.58984375 0.041666666666666664 0.0296875
0 0.8572916666666667 0.57734375 0.0020833333333333333 0.0046875
0 0.803125 0.58203125 0.022916666666666665 0.0140625
0 0.434375 0.57734375 0.014583333333333334 0.0046875
0 0.49166666666666664 0.57265625 0.004166666666666667 0.0015625
0 0.465625 0.578125 0.027083333333333334 0.01875
0 0.48333333333333334 0.56171875 0.004166666666666667 0.0015625
0 0.24583333333333332 0.5546875 0.004166666666666667 0.003125
0 0.9625 0.55625 0.03333333333333333 0.0125
0 0.328125 0.54921875 0.010416666666666666 0.0078125
0 0.036458333333333336 0.54765625 0.00625 0.0046875
0 0.996875 0.540625 0.00625 0.003125
0 0.9010416666666666 0.5671875 0.08958333333333333 0.0625
0 0.051041666666666666 0.53828125 0.00625 0.0046875
0 0.828125 0.52734375 0.0020833333333333333 0.0015625
0 0.390625 0.5234375 0.0020833333333333333 0.003125
0 0.0875 0.52109375 0.008333333333333333 0.0078125
0 0.25416666666666665 0.53125 0.0875 0.05
0 0.23229166666666667 0.50703125 0.0020833333333333333 0.0015625
0 0.16666666666666666 0.50859375 0.004166666666666667 0.0046875
0 0.8208333333333333 0.50390625 0.008333333333333333 0.0078125
0 0.8739583333333333 0.496875 0.014583333333333334 0.00625
0 0.853125 0.515625 0.10625 0.04375
0 0.24166666666666667 0.49609375 0.016666666666666666 0.0078125
0 0.8177083333333334 0.4921875 0.014583333333333334 0.00625
0 0.25 0.4734375 0.016666666666666666 0.003125
0 0.215625 0.4734375 0.014583333333333334 0.003125
0 0.965625 0.4984375 0.06875 0.065625
0 0.0020833333333333333 0.4515625 0.004166666666666667 0.003125
0 0.9614583333333333 0.44453125 0.0020833333333333333 0.0015625
0 0.9697916666666667 0.44453125 0.010416666666666666 0.0078125
0 0.30520833333333336 0.45234375 0.027083333333333334 0.0359375
0 0.903125 0.42421875 0.0020833333333333333 0.0015625
0 0.16145833333333334 0.42578125 0.010416666666666666 0.0046875
0 0.33125 0.43046875 0.0125 0.0203125
0 0.9541666666666667 0.43125 0.041666666666666664 0.025
0 0.290625 0.42109375 0.00625 0.0046875
0 0.93125 0.4171875 0.004166666666666667 0.003125
0 0.7635416666666667 0.41328125 0.0020833333333333333 0.0015625
0 0.9802083333333333 0.409375 0.014583333333333334 0.003125
0 0.9697916666666667 0.40625 0.0020833333333333333 0.003125
0 0.7625 0.403125 0.004166666666666667 0.003125
0 0.9447916666666667 0.396875 0.00625 0.00625
0 0.878125 0.3953125 0.0020833333333333333 0.003125
0 0.8822916666666667 0.39140625 0.0020833333333333333 0.0015625
0 0.23541666666666666 0.3890625 0.004166666666666667 0.003125
0 0.328125 0.38671875 0.00625 0.0015625
0 0.2625 0.4046875 0.020833333333333332 0.040625
0 0.8864583333333333 0.3859375 0.00625 0.00625
0 0.6041666666666666 0.38203125 0.004166666666666667 0.0015625
0 0.34479166666666666 0.3875 0.010416666666666666 0.0125
0 0.20208333333333334 0.4109375 0.08333333333333333 0.0625
0 0.5989583333333334 0.37734375 0.0020833333333333333 0.0015625
0 0.30416666666666664 0.378125 0.004166666666666667 0.003125
0 0.9989583333333333 0.37421875 0.0020833333333333333 0.0015625
0 0.8958333333333334 0.371875 0.008333333333333333 0.00625
0 0.6291666666666667 0.36875 0.041666666666666664 0.01875
0 0.7354166666666667 0.3796875 0.08333333333333333 0.046875
0 0.23645833333333333 0.35703125 0.0020833333333333333 0.0015625
0 0.37604166666666666 0.3609375 0.03125 0.015625
0 0.371875 0.3484375 0.010416666666666666 0.003125
0 0.9427083333333334 0.37265625 0.04791666666666667 0.0546875
0 0.896875 0.35 0.00625 0.009375
0 0.15729166666666666 0.36484375 0.052083333333333336 0.0421875
0 0.9802083333333333 0.37265625 0.03958333333333333 0.0640625
0 0.8489583333333334 0.33984375 0.0020833333333333333 0.0015625
0 0.9927083333333333 0.3375 0.0020833333333333333 0.003125
0 0.8802083333333334 0.33671875 0.0020833333333333333 0.0015625
0 0.86875 0.340625 0.008333333333333333 0.009375
0 0.8572916666666667 0.3390625 0.010416666666666666 0.009375
0 0.9645833333333333 0.3359375 0.008333333333333333 0.00625
0 0.26458333333333334 0.340625 0.05 0.040625
0 0.3614583333333333 0.32421875 0.022916666666666665 0.0234375
0 0.975 0.31015625 0.004166666666666667 0.0046875
0 0.9260416666666667 0.3140625 0.01875 0.0125
0 0.8802083333333334 0.31171875 0.010416666666666666 0.0078125
0 0.5802083333333333 0.30234375 0.0020833333333333333 0.0015625
0 0.9635416666666666 0.30078125 0.0020833333333333333 0.0015625
0 0.9020833333333333 0.30078125 0.004166666666666667 0.0046875
0 0.215625 0.30078125 0.03125 0.0140625
0 0.9041666666666667 0.29296875 0.004166666666666667 0.0046875
0 0.0020833333333333333 0.2890625 0.004166666666666667 0.003125
0 0.9697916666666667 0.28359375 0.0020833333333333333 0.0015625
0 0.271875 0.27890625 0.0020833333333333333 0.0015625
0 0.8927083333333333 0.28203125 0.010416666666666666 0.0109375
0 0.3020833333333333 0.29453125 0.029166666666666667 0.0359375
0 0.25833333333333336 0.27265625 0.004166666666666667 0.0015625
0 0.9333333333333333 0.27265625 0.0125 0.0046875
0 0.3645833333333333 0.27421875 0.008333333333333333 0.0078125
0 0.3020833333333333 0.2703125 0.004166666666666667 0.003125
0 0.6760416666666667 0.26875 0.00625 0.003125
0 0.934375 0.26640625 0.0020833333333333333 0.0015625
0 0.071875 0.26171875 0.0020833333333333333 0.0015625
0 0.41875 0.25703125 0.004166666666666667 0.0015625
0 0.06354166666666666 0.25703125 0.0020833333333333333 0.0015625
0 0.9864583333333333 0.25625 0.0020833333333333333 0.003125
0 0.37083333333333335 0.259375 0.008333333333333333 0.0125
0 0.9864583333333333 0.25078125 0.0020833333333333333 0.0015625
0 0.334375 0.25234375 0.00625 0.0046875
0 0.31666666666666665 0.25078125 0.004166666666666667 0.0015625
0 0.671875 0.24921875 0.0020833333333333333 0.0015625
0 0.9885416666666667 0.24765625 0.0020833333333333333 0.0015625
0 0.9729166666666667 0.259375 0.025 0.025
0 0.06770833333333333 0.24765625 0.0020833333333333333 0.0015625
0 0.940625 0.24609375 0.0020833333333333333 0.0015625
0 0.9354166666666667 0.25546875 0.0375 0.0234375
0 0.984375 0.2421875 0.0020833333333333333 0.003125
0 0.975 0.24375 0.004166666666666667 0.00625
0 0.6822916666666666 0.24296875 0.00625 0.0046875
0 0.9760416666666667 0.23828125 0.0020833333333333333 0.0015625
0 0.9239583333333333 0.23828125 0.0020833333333333333 0.0015625
0 0.8552083333333333 0.23828125 0.0020833333333333333 0.0015625
0 0.6958333333333333 0.2375 0.004166666666666667 0.003125
0 0.7010416666666667 0.23515625 0.0020833333333333333 0.0015625
0 0.390625 0.24140625 0.01875 0.0140625
0 0.9239583333333333 0.23359375 0.00625 0.0046875
0 0.8510416666666667 0.23203125 0.0020833333333333333 0.0015625
0 0.32083333333333336 0.23828125 0.0125 0.0140625
0 0.9541666666666667 0.23671875 0.020833333333333332 0.0171875
0 0.9385416666666667 0.23515625 0.010416666666666666 0.0140625
0 0.9322916666666666 0.22890625 0.0020833333333333333 0.0015625
0 0.846875 0.22578125 0.0020833333333333333 0.0015625
0 0.45729166666666665 0.2265625 0.0020833333333333333 0.003125
0 0.028125 0.22734375 0.00625 0.0046875
0 0.9947916666666666 0.22265625 0.0020833333333333333 0.0015625
0 0.9864583333333333 0.225 0.010416666666666666 0.00625
0 0.9541666666666667 0.22421875 0.004166666666666667 0.0046875
0 0.7833333333333333 0.3515625 0.20833333333333334 0.2625
0 0.5770833333333333 0.2328125 0.04583333333333333 0.025
0 0.9822916666666667 0.21953125 0.0020833333333333333 0.0015625
0 0.5677083333333334 0.21953125 0.0020833333333333333 0.0015625
0 0.9239583333333333 0.21796875 0.0020833333333333333 0.0015625
0 0.7697916666666667 0.2203125 0.010416666666666666 0.00625
0 0.020833333333333332 0.21953125 0.004166666666666667 0.0046875
0 0.9302083333333333 0.215625 0.00625 0.003125
0 0.896875 0.215625 0.00625 0.00625
0 0.8927083333333333 0.21171875 0.0020833333333333333 0.0015625
0 0.8572916666666667 0.221875 0.035416666666666666 0.021875
0 0.47708333333333336 0.2171875 0.029166666666666667 0.0125
0 0.9885416666666667 0.21171875 0.00625 0.0046875
0 0.9822916666666667 0.21015625 0.0020833333333333333 0.0015625
0 0.9114583333333334 0.21953125 0.022916666666666665 0.0203125
0 0.9979166666666667 0.21015625 0.004166666666666667 0.0046875
0 0.8447916666666667 0.20703125 0.0020833333333333333 0.0015625
0 0.9416666666666667 0.20625 0.016666666666666666 0.009375
0 0.42604166666666665 0.20234375 0.0020833333333333333 0.0015625
0 0.6697916666666667 0.20078125 0.0020833333333333333 0.0015625
0 0.2864583333333333 0.23828125 0.05625 0.0828125
0 0.259375 0.19765625 0.0020833333333333333 0.0015625
0 0.5375 0.196875 0.025 0.0125
0 0.22916666666666666 0.18984375 0.004166666666666667 0.0015625
0 0.7104166666666667 0.21015625 0.075 0.0484375
0 0.384375 0.2015625 0.03125 0.03125
0 0.09375 0.1875 0.0125 0.009375
0 0.9635416666666666 0.1765625 0.0020833333333333333 0.003125
0 0.95625 0.1765625 0.004166666666666667 0.003125
0 0.8489583333333334 0.1828125 0.014583333333333334 0.015625
0 0.06354166666666666 0.17265625 0.0020833333333333333 0.0015625
0 0.953125 0.16953125 0.00625 0.0015625
0 0.34791666666666665 0.1671875 0.004166666666666667 0.003125
0 0.9989583333333333 0.16328125 0.0020833333333333333 0.0015625
0 0.9802083333333333 0.1671875 0.03125 0.009375
0 0.05416666666666667 0.16171875 0.008333333333333333 0.0078125
0 0.990625 0.15703125 0.0020833333333333333 0.0015625
0 0.9072916666666667 0.159375 0.010416666666666666 0.00625
0 0.8177083333333334 0.16171875 0.010416666666666666 0.0109375
0 0.7677083333333333 0.15703125 0.0020833333333333333 0.0015625
0 0.8552083333333333 0.15234375 0.0020833333333333333 0.0015625
0 0.75625 0.175 0.0625 0.05
0 0.44479166666666664 0.15234375 0.00625 0.0046875
0 0.07083333333333333 0.1546875 0.008333333333333333 0.009375
0 0.796875 0.15 0.00625 0.00625
0 0.7260416666666667 0.14765625 0.00625 0.0046875
0 0.646875 0.14609375 0.0020833333333333333 0.0015625
0 0.9302083333333333 0.14609375 0.00625 0.0046875
0 0.8625 0.15234375 0.0125 0.0171875
0 0.6760416666666667 0.178125 0.08541666666666667 0.06875
0 0.5302083333333333 0.14296875 0.0020833333333333333 0.0015625
0 0.5260416666666666 0.1453125 0.00625 0.00625
0 0.4197916666666667 0.13984375 0.0020833333333333333 0.0015625
0 0.528125 0.13828125 0.0020833333333333333 0.0015625
0 0.40208333333333335 0.1421875 0.029166666666666667 0.01875
0 0.2760416666666667 0.13359375 0.0020833333333333333 0.0015625
0 0.415625 0.13203125 0.0020833333333333333 0.0015625
0 0.6291666666666667 0.13046875 0.004166666666666667 0.0015625
0 0.36354166666666665 0.1359375 0.022916666666666665 0.0125
0 0.6197916666666666 0.12890625 0.0020833333333333333 0.0015625
0 0.9104166666666667 0.134375 0.0125 0.01875
0 0.815625 0.12578125 0.0020833333333333333 0.0015625
0 0.21770833333333334 0.1578125 0.07291666666666667 0.065625
0 0.9072916666666667 0.12421875 0.0020833333333333333 0.0015625
0 0.8260416666666667 0.13203125 0.014583333333333334 0.0171875
0 0.35104166666666664 0.12421875 0.0020833333333333333 0.0015625
0 0.9791666666666666 0.1359375 0.041666666666666664 0.028125
0 0.8322916666666667 0.12265625 0.0020833333333333333 0.0015625
0 0.6072916666666667 0.1234375 0.00625 0.003125
0 0.28541666666666665 0.12109375 0.004166666666666667 0.0046875
0 0.8270833333333333 0.11484375 0.004166666666666667 0.0015625
0 0.9291666666666667 0.11328125 0.004166666666666667 0.0015625
0 0.6583333333333333 0.13046875 0.09166666666666666 0.0359375
0 0.296875 0.11328125 0.0020833333333333333 0.0015625
0 0.253125 0.11328125 0.0020833333333333333 0.0015625
0 0.10416666666666667 0.1203125 0.03333333333333333 0.015625
0 0.834375 0.11484375 0.00625 0.0078125
0 0.6052083333333333 0.1125 0.01875 0.003125
0 0.603125 0.10546875 0.0020833333333333333 0.0015625
0 0.5583333333333333 0.10625 0.004166666666666667 0.003125
0 0.9770833333333333 0.10390625 0.004166666666666667 0.0015625
0 0.8760416666666667 0.10390625 0.0020833333333333333 0.0015625
0 0.284375 0.10390625 0.0020833333333333333 0.0015625
0 0.271875 0.10859375 0.00625 0.0109375
0 0.071875 0.10859375 0.010416666666666666 0.0109375
0 0.6708333333333333 0.103125 0.004166666666666667 0.003125
0 0.596875 0.10234375 0.0020833333333333333 0.0015625
0 0.9083333333333333 0.103125 0.016666666666666666 0.00625
0 0.07395833333333333 0.1015625 0.00625 0.003125
0 0.5385416666666667 0.09921875 0.0020833333333333333 0.0015625
0 0.853125 0.09765625 0.0020833333333333333 0.0015625
0 0.975 0.09921875 0.0125 0.0078125
0 0.5302083333333333 0.08828125 0.00625 0.0046875
0 0.22395833333333334 0.08359375 0.0020833333333333333 0.0015625
0 0.13229166666666667 0.08671875 0.035416666666666666 0.0109375
0 0.8125 0.1015625 0.05 0.04375
0 0.828125 0.07890625 0.0020833333333333333 0.0015625
0 0.6822916666666666 0.07890625 0.0020833333333333333 0.0015625
0 0.8614583333333333 0.08515625 0.014583333333333334 0.0171875
0 0.7104166666666667 0.07734375 0.004166666666666667 0.0015625
0 0.6072916666666667 0.07734375 0.0020833333333333333 0.0015625
0 0.09895833333333333 0.07890625 0.010416666666666666 0.0046875
0 0.028125 0.07734375 0.0020833333333333333 0.0015625
0 0.5135416666666667 0.07578125 0.0020833333333333333 0.0015625
0 0.89375 0.08359375 0.025 0.0203125
0 0.49270833333333336 0.0765625 0.010416666666666666 0.00625
0 0.878125 0.07265625 0.0020833333333333333 0.0015625
0 0.8447916666666667 0.0734375 0.00625 0.003125
0 0.5135416666666667 0.07109375 0.0020833333333333333 0.0015625
0 0.5083333333333333 0.07265625 0.004166666666666667 0.0046875
0 0.496875 0.07109375 0.0020833333333333333 0.0015625
0 0.22291666666666668 0.07265625 0.004166666666666667 0.0046875
0 0.071875 0.07109375 0.00625 0.0015625
0 0.734375 0.0734375 0.010416666666666666 0.0125
0 0.9583333333333334 0.06796875 0.0125 0.0046875
0 0.8635416666666667 0.0703125 0.010416666666666666 0.009375
0 0.9302083333333333 0.06484375 0.0020833333333333333 0.0015625
0 0.503125 0.0671875 0.00625 0.00625
0 0.9552083333333333 0.08671875 0.08958333333333333 0.0484375
0 0.940625 0.0640625 0.010416666666666666 0.003125
0 0.9239583333333333 0.06328125 0.0020833333333333333 0.0015625
0 0.74375 0.103125 0.06666666666666667 0.08125
0 0.921875 0.06015625 0.0020833333333333333 0.0015625
0 0.871875 0.06015625 0.0020833333333333333 0.0015625
0 0.290625 0.1203125 0.15625 0.125
0 0.14479166666666668 0.05859375 0.01875 0.0046875
0 0.23020833333333332 0.05390625 0.0020833333333333333 0.0015625
0 0.1625 0.05625 0.008333333333333333 0.00625
0 0.071875 0.05390625 0.00625 0.0015625
0 0.590625 0.05234375 0.0020833333333333333 0.0015625
0 0.2375 0.053125 0.004166666666666667 0.003125
0 0.21979166666666666 0.05234375 0.0020833333333333333 0.0015625
0 0.013541666666666667 0.05234375 0.0020833333333333333 0.0015625
0 0.00625 0.05703125 0.0125 0.0109375
0 0.871875 0.0515625 0.0020833333333333333 0.003125
0 0.23020833333333332 0.05 0.00625 0.003125
0 0.015625 0.04921875 0.0020833333333333333 0.0015625
0 0.7458333333333333 0.0484375 0.004166666666666667 0.003125
0 0.010416666666666666 0.04765625 0.004166666666666667 0.0015625
0 0.146875 0.04765625 0.010416666666666666 0.0046875
0 0.88125 0.04453125 0.004166666666666667 0.0015625
0 0.7822916666666667 0.04453125 0.0020833333333333333 0.0015625
0 0.011458333333333333 0.04296875 0.0020833333333333333 0.0015625
0 0.01875 0.04375 0.004166666666666667 0.00625
0 0.253125 0.0546875 0.052083333333333336 0.03125
0 0.11458333333333333 0.046875 0.0375 0.015625
0 0.05 0.03984375 0.004166666666666667 0.0015625
0 0.24270833333333333 0.03828125 0.00625 0.0015625
0 0.13541666666666666 0.040625 0.0125 0.00625
0 0.75625 0.04375 0.0125 0.015625
0 0.32083333333333336 0.053125 0.025 0.040625
0 0.11979166666666667 0.03515625 0.010416666666666666 0.0046875
0 0.7947916666666667 0.0484375 0.035416666666666666 0.034375
0 0.9708333333333333 0.0296875 0.004166666666666667 0.003125
0 0.7354166666666667 0.02578125 0.004166666666666667 0.0015625
0 0.08645833333333333 0.03203125 0.014583333333333334 0.0140625
0 0.5885416666666666 0.02421875 0.0020833333333333333 0.0015625
0 0.08854166666666667 0.02265625 0.0020833333333333333 0.0015625
0 0.39166666666666666 0.02109375 0.004166666666666667 0.0015625
0 0.146875 0.021875 0.014583333333333334 0.00625
0 0.8552083333333333 0.01875 0.0020833333333333333 0.003125
0 0.5020833333333333 0.01875 0.004166666666666667 0.003125
0 0.125 0.02109375 0.016666666666666666 0.0078125
0 0.09270833333333334 0.0171875 0.00625 0.003125
0 0.053125 0.01640625 0.0020833333333333333 0.0015625
0 0.509375 0.01484375 0.0020833333333333333 0.0015625
0 0.3875 0.0171875 0.0125 0.00625
0 0.5552083333333333 0.01328125 0.0020833333333333333 0.0015625
0 0.54375 0.0140625 0.004166666666666667 0.003125
0 0.4822916666666667 0.0125 0.0020833333333333333 0.003125
0 0.10729166666666666 0.0140625 0.014583333333333334 0.009375
0 0.85625 0.02734375 0.04583333333333333 0.0390625
0 0.4822916666666667 0.00859375 0.0020833333333333333 0.0015625
0 0.028125 0.0109375 0.00625 0.009375
0 0.48020833333333335 0.00546875 0.0020833333333333333 0.0015625
0 0.16458333333333333 0.00625 0.004166666666666667 0.003125
0 0.9104166666666667 0.0046875 0.004166666666666667 0.003125
0 0.840625 0.00390625 0.0020833333333333333 0.0015625
0 0.753125 0.00234375 0.0020833333333333333 0.0015625
0 0.007291666666666667 0.003125 0.010416666666666666 0.003125
0 0.9885416666666667 0.00703125 0.022916666666666665 0.0140625
0 0.9729166666666667 0.025 0.05416666666666667 0.05
0 0.8427083333333333 0.00078125 0.0020833333333333333 0.0015625
0 0.775 0.0125 0.016666666666666666 0.025
0 0.7302083333333333 0.01484375 0.07291666666666667 0.0296875
0 0.64375 0.05625 0.175 0.1125
0 0.5489583333333333 0.0015625 0.00625 0.003125
0 0.5375 0.00546875 0.029166666666666667 0.0109375
0 0.45625 0.00703125 0.025 0.0140625
0 0.2604166666666667 0.00234375 0.0125 0.0046875
0 0.17291666666666666 0.00234375 0.0125 0.0046875
0 0.153125 0.00546875 0.014583333333333334 0.0109375
0 0.06458333333333334 0.003125 0.004166666666666667 0.00625
1 0.584375 0.9984375 0.0020833333333333333 0.003125
1 0.565625 0.9984375 0.00625 0.003125
1 0.26979166666666665 0.9984375 0.0020833333333333333 0.003125
1 0.26458333333333334 0.9984375 0.004166666666666667 0.003125
1 0.8625 0.99609375 0.004166666666666667 0.0015625
1 0.5583333333333333 0.99765625 0.004166666666666667 0.0046875
1 0.85625 0.99453125 0.004166666666666667 0.0015625
1 0.7947916666666667 0.9953125 0.00625 0.003125
1 0.5927083333333333 0.99453125 0.0020833333333333333 0.0015625
1 0.5770833333333333 0.996875 0.0125 0.00625
1 0.8510416666666667 0.99296875 0.0020833333333333333 0.0015625
1 0.5625 0.99375 0.004166666666666667 0.003125
1 0.7895833333333333 0.99140625 0.004166666666666667 0.0015625
1 0.5947916666666667 0.99140625 0.0020833333333333333 0.0015625
1 0.7729166666666667 0.99140625 0.008333333333333333 0.0046875
1 0.7635416666666667 0.98828125 0.00625 0.0015625
1 0.6864583333333333 0.98828125 0.0020833333333333333 0.0015625
1 0.5864583333333333 0.98828125 0.0020833333333333333 0.0015625
1 0.7572916666666667 0.98671875 0.0020833333333333333 0.0015625
1 0.753125 0.98515625 0.0020833333333333333 0.0015625
1 0.6822916666666666 0.98515625 0.0020833333333333333 0.0015625
1 0.8114583333333333 0.98203125 0.0020833333333333333 0.0015625
1 0.7447916666666666 0.98203125 0.0020833333333333333 0.0015625
1 0.678125 0.9828125 0.0020833333333333333 0.003125
1 0.8010416666666667 0.98046875 0.0020833333333333333 0.0015625
1 0.7395833333333334 0.98046875 0.004166666666666667 0.0015625
1 0.13229166666666667 0.98984375 0.010416666666666666 0.0203125
1 0.6739583333333333 0.97890625 0.0020833333333333333 0.0015625
1 0.5864583333333333 0.97734375 0.0020833333333333333 0.0015625
1 0.578125 0.97890625 0.010416666666666666 0.0046875
1 0.7875 0.9765625 0.004166666666666667 0.003125
1 0.6635416666666667 0.97578125 0.0020833333333333333 0.0015625
1 0.3072916666666667 0.97578125 0.0020833333333333333 0.0015625
1 0.7802083333333333 0.975 0.00625 0.003125
1 0.6677083333333333 0.97421875 0.0020833333333333333 0.0015625
1 0.6802083333333333 0.9765625 0.01875 0.009375
1 0.5114583333333333 0.97109375 0.0020833333333333333 0.0015625
1 0.7677083333333333 0.9703125 0.0020833333333333333 0.003125
1 0.7635416666666667 0.9703125 0.0020833333333333333 0.003125
1 0.753125 0.96953125 0.0020833333333333333 0.0015625
1 0.128125 0.96953125 0.0020833333333333333 0.0015625
1 0.34375 0.96796875 0.008333333333333333 0.0046875
1 0.4875 0.97421875 0.041666666666666664 0.0203125
1 0.571875 0.96328125 0.0020833333333333333 0.0015625
1 0.13020833333333334 0.96328125 0.0020833333333333333 0.0015625
1 0.35208333333333336 0.9625 0.004166666666666667 0.003125
1 0.7135416666666666 0.96015625 0.0020833333333333333 0.0015625
1 0.13645833333333332 0.9671875 0.0020833333333333333 0.015625
1 0.734375 0.96328125 0.035416666666666666 0.0109375
1 0.5416666666666666 0.9625 0.06666666666666667 0.025
1 0.359375 0.95234375 0.010416666666666666 0.0046875
1 0.33645833333333336 0.94921875 0.0020833333333333333 0.0015625
1 0.9833333333333333 0.940625 0.004166666666666667 0.003125
1 0.6322916666666667 0.93984375 0.0020833333333333333 0.0015625
1 0.353125 0.940625 0.00625 0.003125
1 0.38229166666666664 0.93828125 0.0020833333333333333 0.0015625
1 0.6302083333333334 0.93671875 0.0020833333333333333 0.0015625
1 0.6114583333333333 0.93671875 0.0020833333333333333 0.0015625
1 0.30520833333333336 0.93671875 0.0020833333333333333 0.0015625
1 0.5645833333333333 0.93671875 0.004166666666666667 0.0078125
1 0.628125 0.93203125 0.0020833333333333333 0.0015625
1 0.5708333333333333 0.93359375 0.004166666666666667 0.0046875
1 0.9916666666666667 0.934375 0.016666666666666666 0.009375
1 0.5614583333333333 0.93125 0.0020833333333333333 0.003125
1 0.31666666666666665 0.93359375 0.016666666666666666 0.0078125
1 0.6666666666666666 0.95234375 0.09166666666666666 0.0484375
1 0.5364583333333334 0.93046875 0.010416666666666666 0.0046875
1 0.528125 0.92890625 0.0020833333333333333 0.0015625
1 0.953125 0.92578125 0.0020833333333333333 0.0015625
1 0.5697916666666667 0.92578125 0.0020833333333333333 0.0015625
1 0.06145833333333333 0.95234375 0.014583333333333334 0.0546875
1 0.559375 0.92421875 0.00625 0.0015625
1 0.5729166666666666 0.921875 0.004166666666666667 0.003125
1 0.5666666666666667 0.921875 0.004166666666666667 0.003125
1 0.5302083333333333 0.92109375 0.0020833333333333333 0.0015625
1 0.38645833333333335 0.92109375 0.00625 0.0015625
1 0.578125 0.9203125 0.0020833333333333333 0.003125
1 0.2916666666666667 0.91953125 0.004166666666666667 0.0015625
1 0.2791666666666667 0.91953125 0.008333333333333333 0.0015625
1 0.23020833333333332 0.91953125 0.010416666666666666 0.0015625
1 0.9489583333333333 0.91796875 0.0020833333333333333 0.0015625
1 0.5635416666666667 0.91875 0.0020833333333333333 0.003125
1 0.20729166666666668 0.91796875 0.0020833333333333333 0.0015625
1 0.9541666666666667 0.91796875 0.004166666666666667 0.0046875
1 0.615625 0.9171875 0.0020833333333333333 0.003125
1 0.5333333333333333 0.91640625 0.008333333333333333 0.0015625
1 0.5239583333333333 0.91640625 0.0020833333333333333 0.0015625
1 0.5510416666666667 0.915625 0.014583333333333334 0.003125
1 0.015625 0.9234375 0.01875 0.01875
1 0.6135416666666667 0.9125 0.0020833333333333333 0.003125
1 0.25729166666666664 0.91171875 0.0020833333333333333 0.0015625
1 0.26979166666666665 0.91328125 0.01875 0.0078125
1 0.24895833333333334 0.9109375 0.00625 0.003125
1 0.05520833333333333 0.90859375 0.0020833333333333333 0.0046875
1 0.4010416666666667 0.90390625 0.0020833333333333333 0.0015625
1 0.08020833333333334 0.90390625 0.0020833333333333333 0.0015625
1 0.809375 0.90078125 0.0020833333333333333 0.0015625
1 0.7989583333333333 0.90078125 0.0020833333333333333 0.0015625
1 0.69375 0.91328125 0.029166666666666667 0.0265625
1 0.41458333333333336 0.90234375 0.004166666666666667 0.0046875
1 0.18541666666666667 0.91796875 0.07916666666666666 0.0390625
1 0.03229166666666667 0.90078125 0.00625 0.0046875
1 0.7885416666666667 0.89609375 0.0020833333333333333 0.0015625
1 0.3958333333333333 0.8984375 0.008333333333333333 0.00625
1 0.036458333333333336 0.89609375 0.0020833333333333333 0.0015625
1 0.8229166666666666 0.90625 0.029166666666666667 0.025
1 0.8260416666666667 0.89609375 0.00625 0.0046875
1 0.7947916666666667 0.89296875 0.01875 0.0078125
1 0.39895833333333336 0.88984375 0.0020833333333333333 0.0015625
1 0.19375 0.88828125 0.004166666666666667 0.0015625
1 0.084375 0.88671875 0.0020833333333333333 0.0015625
1 0.20520833333333333 0.88515625 0.0020833333333333333 0.0015625
1 0.45625 0.92421875 0.15416666666666667 0.0828125
1 0.8020833333333334 0.88359375 0.0125 0.0078125
1 0.478125 0.88125 0.010416666666666666 0.00625
1 0.1625 0.8796875 0.004166666666666667 0.003125
1 0.08229166666666667 0.87890625 0.0020833333333333333 0.0015625
1 0.4739583333333333 0.87734375 0.0020833333333333333 0.0015625
1 0.5927083333333333 0.87578125 0.0020833333333333333 0.0015625
1 0.084375 0.87578125 0.0020833333333333333 0.0015625
1 0.14791666666666667 0.87421875 0.004166666666666667 0.0015625
1 0.14270833333333333 0.87421875 0.0020833333333333333 0.0015625
1 0.478125 0.86796875 0.0020833333333333333 0.0015625
1 0.184375 0.86484375 0.0020833333333333333 0.0015625
1 0.590625 0.86484375 0.0020833333333333333 0.0078125
1 0.4822916666666667 0.8625 0.0020833333333333333 0.003125
1 0.30416666666666664 0.86328125 0.004166666666666667 0.0046875
1 0.041666666666666664 0.8875 0.08333333333333333 0.053125
1 0.8552083333333333 0.86015625 0.0020833333333333333 0.0015625
1 0.14375 0.86015625 0.004166666666666667 0.0015625
1 0.13645833333333332 0.86015625 0.00625 0.0015625
1 0.121875 0.85859375 0.0020833333333333333 0.0015625
1 0.11770833333333333 0.85859375 0.0020833333333333333 0.0015625
1 0.934375 0.85703125 0.0020833333333333333 0.0015625
1 0.8552083333333333 0.85703125 0.0020833333333333333 0.0015625
1 0.04479166666666667 0.85546875 0.0020833333333333333 0.0015625
1 0.95 0.88125 0.05 0.059375
1 0.06354166666666666 0.8515625 0.00625 0.003125
1 0.9916666666666667 0.85625 0.016666666666666666 0.015625
1 0.6677083333333333 0.8515625 0.00625 0.00625
1 0.5822916666666667 0.84921875 0.0020833333333333333 0.0015625
1 0.08645833333333333 0.84921875 0.0020833333333333333 0.0015625
1 0.30520833333333336 0.85078125 0.03125 0.0171875
1 0.29375 0.84296875 0.008333333333333333 0.0046875
1 0.7260416666666667 0.83671875 0.0020833333333333333 0.0015625
1 0.49166666666666664 0.84765625 0.016666666666666666 0.0234375
1 0.40520833333333334 0.83984375 0.010416666666666666 0.0078125
1 0.20416666666666666 0.8375 0.004166666666666667 0.00625
1 0.3302083333333333 0.83359375 0.0020833333333333333 0.0015625
1 0.31875 0.834375 0.008333333333333333 0.003125
1 0.5010416666666667 0.83203125 0.0020833333333333333 0.0015625
1 0.221875 0.83203125 0.0020833333333333333 0.0015625
1 0.078125 0.8484375 0.022916666666666665 0.0375
1 0.7072916666666667 0.82734375 0.0020833333333333333 0.0015625
1 0.653125 0.83515625 0.01875 0.0171875
1 0.4125 0.82890625 0.025 0.0046875
1 0.22916666666666666 0.8296875 0.008333333333333333 0.00625
1 0.21666666666666667 0.8296875 0.016666666666666666 0.009375
1 0.09270833333333334 0.828125 0.00625 0.00625
1 0.7489583333333333 0.82421875 0.0020833333333333333 0.0015625
1 0.22604166666666667 0.82421875 0.0020833333333333333 0.0015625
1 0.771875 0.82265625 0.0020833333333333333 0.0015625
1 0.7666666666666667 0.8234375 0.004166666666666667 0.003125
1 0.409375 0.82109375 0.0020833333333333333 0.0015625
1 0.7270833333333333 0.82265625 0.004166666666666667 0.0078125
1 0.27395833333333336 0.821875 0.0020833333333333333 0.00625
1 0.11354166666666667 0.81953125 0.0020833333333333333 0.0015625
1 0.7677083333333333 0.81640625 0.0020833333333333333 0.0015625
1 0.9677083333333333 0.81875 0.01875 0.0125
1 0.9260416666666667 0.81328125 0.0020833333333333333 0.0015625
1 0.44479166666666664 0.81328125 0.0020833333333333333 0.0015625
1 0.45416666666666666 0.81171875 0.004166666666666667 0.0015625
1 0.165625 0.8171875 0.014583333333333334 0.015625
1 0.48020833333333335 0.80234375 0.0020833333333333333 0.0015625
1 0.43645833333333334 0.80078125 0.00625 0.0046875
1 0.440625 0.79609375 0.0020833333333333333 0.0015625
1 0.06354166666666666 0.80390625 0.01875 0.0171875
1 0.08958333333333333 0.796875 0.0375 0.015625
1 0.10729166666666666 0.78828125 0.0020833333333333333 0.0015625
1 0.058333333333333334 0.790625 0.004166666666666667 0.00625
1 0.46875 0.78828125 0.004166666666666667 0.0046875
1 0.7135416666666666 0.82578125 0.09791666666666667 0.0859375
1 0.10104166666666667 0.78359375 0.00625 0.0046875
1 0.975 0.7796875 0.004166666666666667 0.003125
1 0.06979166666666667 0.77890625 0.0020833333333333333 0.0015625
1 0.030208333333333334 0.815625 0.06041666666666667 0.075
1 0.990625 0.78125 0.01875 0.015625
1 0.17395833333333333 0.76953125 0.0020833333333333333 0.0015625
1 0.109375 0.76953125 0.0020833333333333333 0.0015625
1 0.765625 0.76875 0.00625 0.00625
1 0.43020833333333336 0.76640625 0.0020833333333333333 0.0046875
1 0.159375 0.76484375 0.0020833333333333333 0.0015625
1 0.134375 0.8203125 0.09791666666666667 0.121875
1 0.1125 0.76796875 0.008333333333333333 0.0203125
1 0.109375 0.75859375 0.0020833333333333333 0.0015625
1 0.13854166666666667 0.75859375 0.00625 0.0046875
1 0.12708333333333333 0.7546875 0.004166666666666667 0.00625
1 0.1625 0.75078125 0.004166666666666667 0.0015625
1 0.8166666666666667 0.7515625 0.0125 0.00625
1 0.46979166666666666 0.75 0.00625 0.00625
1 0.128125 0.746875 0.0020833333333333333 0.003125
1 0.11041666666666666 0.75078125 0.008333333333333333 0.0109375
1 0.796875 0.74609375 0.0020833333333333333 0.0046875
1 0.471875 0.74453125 0.010416666666666666 0.0078125
1 0.12708333333333333 0.73828125 0.004166666666666667 0.0046875
1 0.10833333333333334 0.7375 0.004166666666666667 0.003125
1 0.71875 0.7359375 0.004166666666666667 0.003125
1 0.12604166666666666 0.73359375 0.0020833333333333333 0.0015625
1 0.8291666666666667 0.73515625 0.008333333333333333 0.0140625
1 0.10729166666666666 0.73125 0.0020833333333333333 0.00625
1 0.73125 0.7265625 0.004166666666666667 0.003125
1 0.6447916666666667 0.72578125 0.0020833333333333333 0.0015625
1 0.125 0.72734375 0.004166666666666667 0.0046875
1 0.16041666666666668 0.72421875 0.004166666666666667 0.0046875
1 0.10729166666666666 0.7234375 0.0020833333333333333 0.003125
1 0.2625 0.72265625 0.004166666666666667 0.0046875
1 0.6510416666666666 0.71953125 0.0020833333333333333 0.0046875
1 0.16145833333333334 0.71796875 0.0020833333333333333 0.0015625
1 0.128125 0.71484375 0.0020833333333333333 0.0046875
1 0.5739583333333333 0.71015625 0.0020833333333333333 0.0015625
1 0.10208333333333333 0.7109375 0.004166666666666667 0.003125
1 0.940625 0.71015625 0.01875 0.0109375
1 0.9708333333333333 0.70546875 0.008333333333333333 0.0078125
1 0.56875 0.70390625 0.004166666666666667 0.0046875
1 0.10104166666666667 0.7046875 0.00625 0.00625
1 0.16875 0.70234375 0.004166666666666667 0.0046875
1 0.10104166666666667 0.69921875 0.0020833333333333333 0.0015625
1 0.24375 0.7 0.020833333333333332 0.009375
1 0.10104166666666667 0.69609375 0.0020833333333333333 0.0015625
1 0.553125 0.68515625 0.0020833333333333333 0.0015625
1 0.2708333333333333 0.68828125 0.008333333333333333 0.0078125
1 0.096875 0.6875 0.00625 0.0125
1 0.09895833333333333 0.67890625 0.0020833333333333333 0.0015625
1 0.6375 0.67734375 0.004166666666666667 0.0015625
1 0.5604166666666667 0.67578125 0.008333333333333333 0.0046875
1 0.896875 0.671875 0.01875 0.009375
1 0.7520833333333333 0.6765625 0.029166666666666667 0.028125
1 0.023958333333333335 0.65390625 0.0020833333333333333 0.0015625
1 0.09479166666666666 0.6546875 0.0020833333333333333 0.00625
1 0.83125 0.653125 0.004166666666666667 0.00625
1 0.021875 0.65078125 0.0020833333333333333 0.0015625
1 0.13333333333333333 0.67578125 0.08333333333333333 0.0640625
1 0.09479166666666666 0.64453125 0.0020833333333333333 0.0015625
1 0.021875 0.64453125 0.0020833333333333333 0.0015625
1 0.03125 0.64609375 0.004166666666666667 0.0078125
1 0.09270833333333334 0.64140625 0.0020833333333333333 0.0015625
1 0.621875 0.63984375 0.0020833333333333333 0.0015625
1 0.615625 0.6390625 0.0020833333333333333 0.003125
1 0.03229166666666667 0.6390625 0.0020833333333333333 0.003125
1 0.23645833333333333 0.63828125 0.00625 0.0046875
1 0.15 0.6375 0.004166666666666667 0.003125
1 0.028125 0.63671875 0.0020833333333333333 0.0015625
1 0.17291666666666666 0.63671875 0.0125 0.0046875
1 0.2520833333333333 0.63984375 0.016666666666666666 0.0171875
1 0.6927083333333334 0.63671875 0.01875 0.0140625
1 0.078125 0.628125 0.01875 0.00625
1 0.06145833333333333 0.62421875 0.0020833333333333333 0.0015625
1 0.0125 0.63046875 0.0125 0.0140625
1 0.06770833333333333 0.62265625 0.0020833333333333333 0.0015625
1 0.18229166666666666 0.62109375 0.0020833333333333333 0.0015625
1 0.007291666666666667 0.62109375 0.0020833333333333333 0.0015625
1 0.03229166666666667 0.61796875 0.0020833333333333333 0.0015625
1 0.8666666666666667 0.6203125 0.016666666666666666 0.009375
1 0.8947916666666667 0.61171875 0.0020833333333333333 0.0015625
1 0.6739583333333333 0.6265625 0.03125 0.034375
1 0.03125 0.6203125 0.03333333333333333 0.025
1 0.011458333333333333 0.61015625 0.00625 0.0078125
1 0.921875 0.64765625 0.15625 0.0859375
1 0.6979166666666666 0.61640625 0.025 0.0234375
1 0.9895833333333334 0.60859375 0.020833333333333332 0.0140625
1 0.32395833333333335 0.603125 0.014583333333333334 0.00625
1 0.23125 0.6078125 0.029166666666666667 0.025
1 0.9572916666666667 0.59609375 0.010416666666666666 0.0046875
1 0.8260416666666667 0.6 0.022916666666666665 0.0125
1 0.8885416666666667 0.590625 0.014583333333333334 0.015625
1 0.5739583333333333 0.58203125 0.0020833333333333333 0.0015625
1 0.84375 0.5765625 0.004166666666666667 0.003125
1 0.24166666666666667 0.57578125 0.016666666666666666 0.0109375
1 0.18645833333333334 0.6015625 0.052083333333333336 0.0625
1 0.9822916666666667 0.578125 0.035416666666666666 0.021875
1 0.40208333333333335 0.5703125 0.004166666666666667 0.00625
1 0.2635416666666667 0.5703125 0.00625 0.009375
1 0.010416666666666666 0.590625 0.020833333333333332 0.05625
1 0.609375 0.56328125 0.00625 0.0046875
1 0.13958333333333334 0.56171875 0.004166666666666667 0.0015625
1 0.013541666666666667 0.56171875 0.0020833333333333333 0.0015625
1 0.603125 0.55546875 0.0020833333333333333 0.0015625
1 0.028125 0.55703125 0.00625 0.0046875
1 0.019791666666666666 0.553125 0.0020833333333333333 0.003125
1 0.603125 0.55078125 0.0020833333333333333 0.0015625
1 0.04791666666666667 0.5484375 0.0125 0.00625
1 0.05520833333333333 0.54296875 0.0020833333333333333 0.0015625
1 0.035416666666666666 0.54296875 0.004166666666666667 0.0015625
1 0.6010416666666667 0.53984375 0.0020833333333333333 0.0015625
1 0.596875 0.53984375 0.0020833333333333333 0.0015625
1 0.6114583333333333 0.53828125 0.00625 0.0015625
1 0.703125 0.53359375 0.0020833333333333333 0.0015625
1 0.965625 0.540625 0.06458333333333334 0.021875
1 0.625 0.53359375 0.016666666666666666 0.0078125
1 0.971875 0.52734375 0.0020833333333333333 0.0015625
1 0.6989583333333333 0.52734375 0.0020833333333333333 0.0015625
1 0.409375 0.5234375 0.00625 0.003125
1 0.9197916666666667 0.52109375 0.0020833333333333333 0.0046875
1 0.690625 0.5328125 0.08958333333333333 0.05
1 0.5791666666666667 0.50703125 0.004166666666666667 0.0015625
1 0.2875 0.51171875 0.016666666666666666 0.0140625
1 0.19791666666666666 0.50234375 0.004166666666666667 0.0015625
1 0.178125 0.50234375 0.010416666666666666 0.0046875
1 0.6197916666666666 0.51484375 0.027083333333333334 0.0328125
1 0.1625 0.49765625 0.004166666666666667 0.0015625
1 0.9041666666666667 0.49921875 0.03333333333333333 0.0171875
1 0.30833333333333335 0.509375 0.029166666666666667 0.046875
1 0.5927083333333333 0.47890625 0.0020833333333333333 0.0015625
1 0.828125 0.48125 0.010416666666666666 0.009375
1 0.196875 0.47734375 0.0020833333333333333 0.0015625
1 0.13645833333333332 0.47734375 0.0020833333333333333 0.0015625
1 0.60625 0.4734375 0.004166666666666667 0.003125
1 0.5864583333333333 0.47265625 0.0020833333333333333 0.0015625
1 0.18958333333333333 0.47265625 0.004166666666666667 0.0046875
1 0.8833333333333333 0.47109375 0.008333333333333333 0.0046875
1 0.6229166666666667 0.475 0.008333333333333333 0.0125
1 0.603125 0.46953125 0.0020833333333333333 0.0015625
1 0.628125 0.46640625 0.0020833333333333333 0.0015625
1 0.2635416666666667 0.4671875 0.0020833333333333333 0.003125
1 0.603125 0.4609375 0.00625 0.003125
1 0.5895833333333333 0.4609375 0.016666666666666666 0.00625
1 0.0010416666666666667 0.45859375 0.0020833333333333333 0.0015625
1 0.615625 0.459375 0.014583333333333334 0.00625
1 0.6 0.45703125 0.0125 0.0015625
1 0.22916666666666666 0.459375 0.008333333333333333 0.009375
1 0.011458333333333333 0.45703125 0.01875 0.0109375
1 0.3302083333333333 0.45078125 0.010416666666666666 0.0078125
1 0.011458333333333333 0.4453125 0.022916666666666665 0.0125
1 0.9989583333333333 0.43203125 0.0020833333333333333 0.0015625
1 0.9833333333333333 0.46484375 0.03333333333333333 0.0703125
1 0.14166666666666666 0.5140625 0.2125 0.171875
1 0.2635416666666667 0.42734375 0.0020833333333333333 0.0015625
1 0.703125 0.42421875 0.0020833333333333333 0.0015625
1 0.7041666666666667 0.41875 0.008333333333333333 0.00625
1 0.9958333333333333 0.415625 0.008333333333333333 0.00625
1 0.821875 0.41328125 0.0020833333333333333 0.0015625
1 0.8229166666666666 0.409375 0.004166666666666667 0.003125
1 0.31354166666666666 0.41640625 0.027083333333333334 0.0265625
1 0.9979166666666667 0.40234375 0.004166666666666667 0.0046875
1 0.32916666666666666 0.40234375 0.0125 0.0109375
1 0.8291666666666667 0.39609375 0.004166666666666667 0.0046875
1 0.7833333333333333 0.39921875 0.0125 0.0109375
1 0.6697916666666667 0.39296875 0.0020833333333333333 0.0015625
1 0.69375 0.39609375 0.0125 0.0109375
1 0.005208333333333333 0.3953125 0.010416666666666666 0.009375
1 0.2833333333333333 0.39765625 0.0125 0.0203125
1 0.27708333333333335 0.38515625 0.008333333333333333 0.0046875
1 0.12916666666666668 0.40234375 0.058333333333333334 0.0484375
1 0.010416666666666666 0.37734375 0.004166666666666667 0.0015625
1 0.696875 0.37578125 0.0020833333333333333 0.0015625
1 0.18854166666666666 0.36953125 0.0020833333333333333 0.0015625
1 0.42916666666666664 0.371875 0.008333333333333333 0.0125
1 0.7677083333333333 0.36953125 0.00625 0.0109375
1 0.7 0.3671875 0.004166666666666667 0.00625
1 0.3489583333333333 0.3640625 0.014583333333333334 0.009375
1 0.11666666666666667 0.36484375 0.029166666666666667 0.0140625
1 0.030208333333333334 0.36171875 0.00625 0.0078125
1 0.12708333333333333 0.35390625 0.004166666666666667 0.0015625
1 0.9041666666666667 0.38515625 0.058333333333333334 0.0671875
1 0.6802083333333333 0.35234375 0.0020833333333333333 0.0015625
1 0.7135416666666666 0.3671875 0.03125 0.034375
1 0.16770833333333332 0.35078125 0.0020833333333333333 0.0015625
1 0.12916666666666668 0.35078125 0.004166666666666667 0.0015625
1 0.6729166666666667 0.34765625 0.004166666666666667 0.0015625
1 0.66875 0.346875 0.008333333333333333 0.00625
1 0.3375 0.3484375 0.008333333333333333 0.009375
1 0.928125 0.34296875 0.010416666666666666 0.0046875
1 0.9083333333333333 0.34140625 0.004166666666666667 0.0015625
1 0.10208333333333333 0.3421875 0.004166666666666667 0.003125
1 0.9197916666666667 0.33984375 0.0020833333333333333 0.0015625
1 0.13541666666666666 0.340625 0.004166666666666667 0.003125
1 0.8385416666666666 0.33671875 0.010416666666666666 0.0109375
1 0.8697916666666666 0.32734375 0.0020833333333333333 0.0015625
1 0.6697916666666667 0.32734375 0.0020833333333333333 0.0015625
1 0.921875 0.32890625 0.022916666666666665 0.0078125
1 0.6302083333333334 0.32578125 0.0020833333333333333 0.0015625
1 0.6885416666666667 0.32421875 0.0020833333333333333 0.0015625
1 0.09895833333333333 0.33125 0.027083333333333334 0.015625
1 0.32083333333333336 0.32265625 0.004166666666666667 0.0046875
1 0.8583333333333333 0.3203125 0.016666666666666666 0.0125
1 0.8947916666666667 0.32578125 0.01875 0.0265625
1 0.06354166666666666 0.31171875 0.00625 0.0015625
1 0.30625 0.33046875 0.041666666666666664 0.0421875
1 0.6614583333333334 0.30078125 0.0020833333333333333 0.0015625
1 0.128125 0.29921875 0.0020833333333333333 0.0015625
1 0.6760416666666667 0.2984375 0.0020833333333333333 0.003125
1 0.640625 0.29765625 0.0020833333333333333 0.0015625
1 0.36770833333333336 0.2984375 0.0020833333333333333 0.003125
1 0.08020833333333334 0.29609375 0.0020833333333333333 0.0015625
1 0.36770833333333336 0.29453125 0.0020833333333333333 0.0015625
1 0.8854166666666666 0.29453125 0.016666666666666666 0.0265625
1 0.246875 0.28046875 0.0020833333333333333 0.0015625
1 0.93125 0.2828125 0.016666666666666666 0.0125
1 0.25625 0.296875 0.05 0.040625
1 0.9552083333333333 0.30078125 0.03125 0.0609375
1 0.396875 0.27265625 0.00625 0.0046875
1 0.7635416666666667 0.27421875 0.027083333333333334 0.0171875
1 0.04791666666666667 0.265625 0.008333333333333333 0.003125
1 0.821875 0.2734375 0.03958333333333333 0.028125
1 0.19791666666666666 0.2625 0.004166666666666667 0.00625
1 0.31145833333333334 0.26015625 0.01875 0.0078125
1 0.05 0.3078125 0.1 0.10625
1 0.09375 0.25859375 0.016666666666666666 0.0109375
1 0.7458333333333333 0.253125 0.008333333333333333 0.00625
1 0.19479166666666667 0.25078125 0.0020833333333333333 0.0015625
1 0.18645833333333334 0.25234375 0.010416666666666666 0.0046875
1 0.2 0.33046875 0.1375 0.1609375
1 0.134375 0.2515625 0.0020833333333333333 0.003125
1 0.34270833333333334 0.26640625 0.03958333333333333 0.0359375
1 0.020833333333333332 0.25078125 0.020833333333333332 0.0046875
1 0.09895833333333333 0.24609375 0.0020833333333333333 0.0015625
1 0.090625 0.246875 0.0020833333333333333 0.003125
1 0.984375 0.2953125 0.03125 0.103125
1 0.18854166666666666 0.24453125 0.0020833333333333333 0.0015625
1 0.184375 0.24453125 0.0020833333333333333 0.0015625
1 0.6697916666666667 0.2453125 0.010416666666666666 0.00625
1 0.18645833333333334 0.24140625 0.0020833333333333333 0.0015625
1 0.18020833333333333 0.2390625 0.00625 0.003125
1 0.23229166666666667 0.26328125 0.06041666666666667 0.0546875
1 0.628125 0.23515625 0.0020833333333333333 0.0015625
1 0.68125 0.23671875 0.0125 0.0078125
1 0.190625 0.23359375 0.0020833333333333333 0.0015625
1 0.171875 0.234375 0.00625 0.003125
1 0.09166666666666666 0.23359375 0.004166666666666667 0.0015625
1 0.6104166666666667 0.2390625 0.016666666666666666 0.015625
1 0.20104166666666667 0.23515625 0.00625 0.0078125
1 0.6364583333333333 0.23046875 0.0020833333333333333 0.0015625
1 0.35520833333333335 0.23046875 0.0020833333333333333 0.0015625
1 0.08645833333333333 0.23125 0.0020833333333333333 0.003125
1 0.09791666666666667 0.2296875 0.004166666666666667 0.003125
1 0.19166666666666668 0.22890625 0.008333333333333333 0.0046875
1 0.99375 0.23125 0.0125 0.0125
1 0.8864583333333333 0.2484375 0.06458333333333334 0.053125
1 0.6 0.22578125 0.020833333333333332 0.0078125
1 0.23854166666666668 0.22734375 0.010416666666666666 0.0109375
1 0.6239583333333333 0.22109375 0.0020833333333333333 0.0015625
1 0.209375 0.21953125 0.0020833333333333333 0.0015625
1 0.190625 0.22109375 0.00625 0.0046875
1 0.184375 0.21796875 0.0020833333333333333 0.0015625
1 0.590625 0.21640625 0.0020833333333333333 0.0015625
1 0.584375 0.21953125 0.00625 0.0078125
1 0.21145833333333333 0.21640625 0.0020833333333333333 0.0015625
1 0.196875 0.21640625 0.0020833333333333333 0.0015625
1 0.22291666666666668 0.21640625 0.016666666666666666 0.0046875
1 0.6270833333333333 0.21484375 0.008333333333333333 0.0046875
1 0.5802083333333333 0.21328125 0.0020833333333333333 0.0015625
1 0.19270833333333334 0.2140625 0.0020833333333333333 0.003125
1 0.6447916666666667 0.21328125 0.010416666666666666 0.0046875
1 0.5677083333333334 0.21171875 0.0020833333333333333 0.0015625
1 0.6208333333333333 0.21015625 0.008333333333333333 0.0015625
1 0.24375 0.2140625 0.029166666666666667 0.009375
1 0.88125 0.2078125 0.008333333333333333 0.00625
1 0.5489583333333333 0.209375 0.010416666666666666 0.009375
1 0.5375 0.20625 0.008333333333333333 0.003125
1 0.22708333333333333 0.20546875 0.004166666666666667 0.0015625
1 0.14791666666666667 0.20546875 0.004166666666666667 0.0015625
1 0.63125 0.20546875 0.004166666666666667 0.0078125
1 0.5625 0.20234375 0.004166666666666667 0.0015625
1 0.5208333333333334 0.2046875 0.020833333333333332 0.00625
1 0.9010416666666666 0.20078125 0.0020833333333333333 0.0015625
1 0.6260416666666667 0.2015625 0.0020833333333333333 0.003125
1 0.23020833333333332 0.2015625 0.00625 0.003125
1 0.08645833333333333 0.19921875 0.0020833333333333333 0.0015625
1 0.584375 0.1984375 0.0020833333333333333 0.003125
1 0.090625 0.19765625 0.0020833333333333333 0.0015625
1 0.13229166666666667 0.19609375 0.0020833333333333333 0.0015625
1 0.25104166666666666 0.2 0.027083333333333334 0.01875
1 0.6239583333333333 0.18671875 0.0020833333333333333 0.0015625
1 0.13854166666666667 0.18828125 0.00625 0.0046875
1 0.6177083333333333 0.18515625 0.0020833333333333333 0.0015625
1 0.021875 0.18515625 0.0020833333333333333 0.0015625
1 0.5677083333333334 0.55 0.8020833333333334 0.734375
1 0.016666666666666666 0.1828125 0.004166666666666667 0.003125
1 0.8729166666666667 0.18984375 0.029166666666666667 0.0234375
1 0.16145833333333334 0.17734375 0.0020833333333333333 0.0015625
1 0.6770833333333334 0.1765625 0.008333333333333333 0.003125
1 0.18541666666666667 0.1765625 0.008333333333333333 0.003125
1 0.6010416666666667 0.17421875 0.0020833333333333333 0.0015625
1 0.6072916666666667 0.17265625 0.0020833333333333333 0.0015625
1 0.19895833333333332 0.17265625 0.0020833333333333333 0.0015625
1 0.16145833333333334 0.17109375 0.0020833333333333333 0.0015625
1 0.975 0.19453125 0.05 0.0515625
1 0.60625 0.16953125 0.004166666666666667 0.0015625
1 0.3416666666666667 0.2046875 0.06666666666666667 0.071875
1 0.21145833333333333 0.16953125 0.0020833333333333333 0.0015625
1 0.021875 0.190625 0.04375 0.04375
1 0.6333333333333333 0.16796875 0.0125 0.0046875
1 0.19479166666666667 0.16328125 0.0020833333333333333 0.0015625
1 0.7364583333333333 0.16171875 0.0020833333333333333 0.0015625
1 0.6375 0.16171875 0.004166666666666667 0.0015625
1 0.6322916666666667 0.16171875 0.0020833333333333333 0.0015625
1 0.56875 0.165625 0.020833333333333332 0.0125
1 0.6364583333333333 0.17734375 0.052083333333333336 0.0390625
1 0.6510416666666666 0.15859375 0.0020833333333333333 0.0015625
1 0.6427083333333333 0.159375 0.00625 0.003125
1 0.553125 0.15859375 0.0020833333333333333 0.0015625
1 0.20833333333333334 0.159375 0.004166666666666667 0.003125
1 0.19895833333333332 0.15390625 0.0020833333333333333 0.0015625
1 0.6375 0.153125 0.008333333333333333 0.00625
1 0.6135416666666667 0.1515625 0.0020833333333333333 0.003125
1 0.5416666666666666 0.1546875 0.016666666666666666 0.009375
1 0.6614583333333334 0.14921875 0.00625 0.0015625
1 0.603125 0.15 0.00625 0.003125
1 0.8552083333333333 0.14765625 0.0020833333333333333 0.0015625
1 0.7135416666666666 0.146875 0.0020833333333333333 0.003125
1 0.628125 0.14296875 0.0020833333333333333 0.0015625
1 0.2791666666666667 0.1453125 0.0125 0.00625
1 0.06145833333333333 0.13984375 0.00625 0.0015625
1 0.2677083333333333 0.16875 0.052083333333333336 0.0625
1 0.6177083333333333 0.13671875 0.0020833333333333333 0.0015625
1 0.771875 0.140625 0.027083333333333334 0.0125
1 0.5822916666666667 0.13515625 0.0020833333333333333 0.0015625
1 0.8135416666666667 0.1421875 0.022916666666666665 0.01875
1 0.5489583333333333 0.13359375 0.0020833333333333333 0.0015625
1 0.6041666666666666 0.13203125 0.004166666666666667 0.0015625
1 0.06145833333333333 0.134375 0.00625 0.00625
1 0.7697916666666667 0.12421875 0.0020833333333333333 0.0015625
1 0.5770833333333333 0.13046875 0.020833333333333332 0.0140625
1 0.5802083333333333 0.12421875 0.0020833333333333333 0.0015625
1 0.5322916666666667 0.12421875 0.0020833333333333333 0.0015625
1 0.403125 0.1265625 0.014583333333333334 0.00625
1 0.590625 0.12109375 0.0020833333333333333 0.0015625
1 0.23229166666666667 0.12109375 0.0020833333333333333 0.0015625
1 0.9927083333333333 0.12578125 0.014583333333333334 0.0140625
1 0.5302083333333333 0.11953125 0.00625 0.0046875
1 0.22604166666666667 0.11796875 0.0020833333333333333 0.0015625
1 0.16875 0.11875 0.004166666666666667 0.00625
1 0.7791666666666667 0.11640625 0.008333333333333333 0.0046875
1 0.9197916666666667 0.11484375 0.00625 0.0046875
1 0.784375 0.11171875 0.0020833333333333333 0.0015625
1 0.6833333333333333 0.11171875 0.004166666666666667 0.0015625
1 0.17291666666666666 0.11171875 0.004166666666666667 0.0015625
1 0.9760416666666667 0.1140625 0.01875 0.009375
1 0.04583333333333333 0.1171875 0.016666666666666666 0.015625
1 0.9416666666666667 0.10859375 0.004166666666666667 0.0015625
1 0.8979166666666667 0.109375 0.004166666666666667 0.003125
1 0.81875 0.11171875 0.008333333333333333 0.0109375
1 0.7875 0.1078125 0.004166666666666667 0.003125
1 0.022916666666666665 0.1328125 0.04583333333333333 0.053125
1 0.521875 0.1078125 0.010416666666666666 0.009375
1 0.19895833333333332 0.1125 0.03958333333333333 0.01875
1 0.5645833333333333 0.1125 0.05416666666666667 0.021875
1 0.50625 0.10234375 0.004166666666666667 0.0015625
1 0.6635416666666667 0.10390625 0.010416666666666666 0.0078125
1 0.5135416666666667 0.103125 0.00625 0.00625
1 0.19479166666666667 0.10078125 0.0020833333333333333 0.0015625
1 0.8895833333333333 0.10078125 0.0125 0.0046875
1 0.9635416666666666 0.0984375 0.0020833333333333333 0.003125
1 0.8677083333333333 0.16015625 0.22708333333333333 0.1265625
1 0.04375 0.10078125 0.016666666666666666 0.0078125
1 0.12291666666666666 0.17265625 0.14166666666666666 0.1546875
1 0.8875 0.09375 0.004166666666666667 0.003125
1 0.159375 0.09375 0.00625 0.003125
1 0.99375 0.096875 0.0125 0.01875
1 0.15729166666666666 0.08671875 0.00625 0.0046875
1 0.8447916666666667 0.08828125 0.00625 0.0109375
1 0.715625 0.10390625 0.03125 0.0453125
1 0.15104166666666666 0.08203125 0.0020833333333333333 0.0015625
1 0.31875 0.078125 0.008333333333333333 0.003125
1 0.178125 0.07265625 0.0020833333333333333 0.0015625
1 0.11458333333333333 0.07421875 0.008333333333333333 0.0046875
1 0.009375 0.07265625 0.0020833333333333333 0.0015625
1 0.13958333333333334 0.07421875 0.016666666666666666 0.0078125
1 0.14895833333333333 0.06796875 0.0020833333333333333 0.0015625
1 0.2625 0.07109375 0.025 0.0109375
1 0.14479166666666668 0.0671875 0.0020833333333333333 0.003125
1 0.16979166666666667 0.06484375 0.0020833333333333333 0.0015625
1 0.13645833333333332 0.0671875 0.00625 0.00625
1 0.790625 0.08125 0.04791666666666667 0.040625
1 0.16979166666666667 0.06171875 0.0020833333333333333 0.0015625
1 0.3697916666666667 0.06171875 0.00625 0.0109375
1 0.5645833333333333 0.0578125 0.004166666666666667 0.00625
1 0.16979166666666667 0.0546875 0.00625 0.00625
1 0.051041666666666666 0.06328125 0.07291666666666667 0.0234375
1 0.7416666666666667 0.05546875 0.016666666666666666 0.0140625
1 0.86875 0.05078125 0.004166666666666667 0.0078125
1 0.3375 0.0484375 0.004166666666666667 0.003125
1 0.965625 0.05 0.027083333333333334 0.009375
1 0.5645833333333333 0.04453125 0.004166666666666667 0.0046875
1 0.37395833333333334 0.04375 0.0020833333333333333 0.003125
1 0.16979166666666667 0.04296875 0.0020833333333333333 0.0015625
1 0.3541666666666667 0.046875 0.0125 0.0125
1 0.9635416666666666 0.0390625 0.00625 0.003125
1 0.3572916666666667 0.03671875 0.0020833333333333333 0.0015625
1 0.7427083333333333 0.03359375 0.0020833333333333333 0.0015625
1 0.20625 0.05546875 0.06666666666666667 0.0453125
1 0.7697916666666667 0.034375 0.014583333333333334 0.00625
1 0.3572916666666667 0.03203125 0.0020833333333333333 0.0015625
1 0.16979166666666667 0.03046875 0.0020833333333333333 0.0015625
1 0.8135416666666667 0.03203125 0.00625 0.0078125
1 0.940625 0.0578125 0.11875 0.0625
1 0.628125 0.02734375 0.00625 0.0015625
1 0.146875 0.02734375 0.0020833333333333333 0.0015625
1 0.23541666666666666 0.0203125 0.004166666666666667 0.003125
1 0.190625 0.01328125 0.0020833333333333333 0.0015625
1 0.06354166666666666 0.01171875 0.0020833333333333333 0.0015625
1 0.20729166666666668 0.01015625 0.0020833333333333333 0.0015625
1 0.17708333333333334 0.00859375 0.004166666666666667 0.0015625
1 0.19791666666666666 0.00859375 0.004166666666666667 0.0046875
1 0.421875 0.00390625 0.0020833333333333333 0.0015625
1 0.18541666666666667 0.00390625 0.004166666666666667 0.0015625
1 0.9364583333333333 0.00234375 0.00625 0.0046875
1 0.9020833333333333 0.0078125 0.029166666666666667 0.015625
1 0.8614583333333333 0.00234375 0.014583333333333334 0.0046875
1 0.821875 0.0328125 0.07291666666666667 0.065625
1 0.6708333333333333 0.0046875 0.008333333333333333 0.009375
1 0.65625 0.00390625 0.0125 0.0078125
1 0.45625 0.1046875 0.24583333333333332 0.209375
1 0.309375 0.0328125 0.12291666666666666 0.065625
1 0.19583333333333333 0.00078125 0.004166666666666667 0.0015625
1 0.103125 0.00078125 0.0020833333333333333 0.0015625
1 0.057291666666666664 0.0015625 0.00625 0.003125
1 0.05 0.025 0.1 0.05
