0 0.64375 0.71328125 0.004166666666666667 0.0046875
0 0.6364583333333333 0.69921875 0.0020833333333333333 0.0015625
0 0.5104166666666666 0.69453125 0.004166666666666667 0.0078125
0 0.603125 0.67265625 0.00625 0.0109375
0 0.5520833333333334 0.65859375 0.008333333333333333 0.0046875
0 0.5229166666666667 0.65625 0.008333333333333333 0.00625
0 0.5302083333333333 0.65234375 0.0020833333333333333 0.0015625
0 0.509375 0.64921875 0.0020833333333333333 0.0015625
0 0.5770833333333333 0.6515625 0.041666666666666664 0.03125
0 0.44375 0.6359375 0.004166666666666667 0.003125
0 0.103125 0.634375 0.0020833333333333333 0.003125
0 0.0020833333333333333 0.634375 0.004166666666666667 0.00625
0 0.490625 0.63046875 0.0020833333333333333 0.0015625
0 0.4947916666666667 0.628125 0.00625 0.003125
0 0.09270833333333334 0.6265625 0.014583333333333334 0.003125
0 0.46979166666666666 0.65390625 0.01875 0.0609375
0 0.10625 0.58515625 0.020833333333333332 0.0046875
0 0.365625 0.57890625 0.022916666666666665 0.0078125
0 0.003125 0.56640625 0.00625 0.0046875
0 0.14791666666666667 0.5515625 0.0125 0.003125
0 0.06666666666666667 0.52578125 0.004166666666666667 0.0015625
0 0.4708333333333333 0.48046875 0.004166666666666667 0.0078125
0 0.47708333333333336 0.465625 0.004166666666666667 0.00625
0 0.45 0.4484375 0.004166666666666667 0.003125
0 0.46458333333333335 0.45078125 0.008333333333333333 0.0140625
0 0.4552083333333333 0.44296875 0.0020833333333333333 0.0015625
0 0.45 0.42734375 0.008333333333333333 0.0078125
0 0.153125 0.421875 0.022916666666666665 0.009375
0 0.5854166666666667 0.35234375 0.004166666666666667 0.0015625
0 0.5552083333333333 0.33359375 0.0020833333333333333 0.0015625
0 0.55 0.353125 0.04583333333333333 0.040625
0 0.9104166666666667 0.3328125 0.020833333333333332 0.003125
0 0.7510416666666667 0.33203125 0.0020833333333333333 0.0015625
0 0.5854166666666667 0.33671875 0.0125 0.0140625
0 0.7510416666666667 0.32890625 0.0020833333333333333 0.0015625
0 0.8989583333333333 0.32734375 0.0020833333333333333 0.0015625
0 0.6145833333333334 0.33671875 0.020833333333333332 0.0265625
0 0.603125 0.32265625 0.0020833333333333333 0.0015625
0 0.790625 0.32265625 0.01875 0.0109375
0 0.75 0.31875 0.004166666666666667 0.003125
0 0.9114583333333334 0.31796875 0.00625 0.0109375
0 0.7552083333333334 0.31328125 0.0020833333333333333 0.0015625
0 0.5697916666666667 0.31328125 0.010416666666666666 0.0046875
0 0.7322916666666667 0.31015625 0.00625 0.0046875
0 0.728125 0.30546875 0.010416666666666666 0.0046875
0 0.7145833333333333 0.29765625 0.004166666666666667 0.0015625
0 0.5552083333333333 0.31328125 0.04375 0.0328125
0 0.93125 0.29765625 0.004166666666666667 0.0046875
0 0.6572916666666667 0.29609375 0.00625 0.0078125
0 0.696875 0.29140625 0.0020833333333333333 0.0015625
0 0.6427083333333333 0.29140625 0.01875 0.0109375
0 0.9395833333333333 0.28828125 0.004166666666666667 0.0078125
0 0.6760416666666667 0.29140625 0.035416666666666666 0.0171875
0 0.7697916666666667 0.2875 0.00625 0.0125
0 0.9302083333333333 0.2765625 0.0020833333333333333 0.003125
0 0.984375 0.275 0.0020833333333333333 0.003125
0 0.9239583333333333 0.27421875 0.0020833333333333333 0.0015625
0 0.9979166666666667 0.27421875 0.004166666666666667 0.0046875
0 0.9583333333333334 0.27421875 0.004166666666666667 0.0046875
0 0.98125 0.27109375 0.004166666666666667 0.0015625
0 0.8302083333333333 0.27109375 0.0020833333333333333 0.0015625
0 0.9947916666666666 0.2703125 0.0020833333333333333 0.003125
0 0.6510416666666666 0.26953125 0.0020833333333333333 0.0015625
0 0.6114583333333333 0.26953125 0.0020833333333333333 0.0015625
0 0.9895833333333334 0.27109375 0.008333333333333333 0.0078125
0 0.91875 0.27109375 0.004166666666666667 0.0078125
0 0.571875 0.2859375 0.035416666666666666 0.0375
0 0.559375 0.2671875 0.00625 0.003125
0 0.9979166666666667 0.2671875 0.004166666666666667 0.00625
0 0.921875 0.26484375 0.0020833333333333333 0.0015625
0 0.609375 0.26328125 0.0020833333333333333 0.0015625
0 0.59375 0.26328125 0.004166666666666667 0.0015625
0 0.5885416666666666 0.26953125 0.01875 0.0140625
0 0.5135416666666667 0.26328125 0.0020833333333333333 0.0015625
0 0.9291666666666667 0.26484375 0.008333333333333333 0.0078125
0 0.5489583333333333 0.26171875 0.00625 0.0046875
0 0.521875 0.26015625 0.0020833333333333333 0.0015625
0 0.515625 0.26015625 0.0020833333333333333 0.0015625
0 0.55625 0.26015625 0.004166666666666667 0.0046875
0 0.10729166666666666 0.259375 0.0020833333333333333 0.003125
0 0.965625 0.2640625 0.03958333333333333 0.015625
0 0.9395833333333333 0.259375 0.004166666666666667 0.00625
0 0.5989583333333334 0.25703125 0.0020833333333333333 0.0015625
0 0.584375 0.25859375 0.0020833333333333333 0.0046875
0 0.5666666666666667 0.2609375 0.016666666666666666 0.009375
0 0.5739583333333333 0.2546875 0.00625 0.003125
0 0.565625 0.25390625 0.0020833333333333333 0.0015625
0 0.5927083333333333 0.25234375 0.0020833333333333333 0.0015625
0 0.5364583333333334 0.25078125 0.0020833333333333333 0.0015625
0 0.5677083333333334 0.24921875 0.0020833333333333333 0.0015625
0 0.5427083333333333 0.24609375 0.0020833333333333333 0.0015625
0 0.5364583333333334 0.24609375 0.0020833333333333333 0.0015625
0 0.5572916666666666 0.24296875 0.0020833333333333333 0.0015625
0 0.115625 0.25078125 0.014583333333333334 0.0203125
0 0.0875 0.2453125 0.0125 0.009375
0 0.46979166666666666 0.23828125 0.0020833333333333333 0.0015625
0 0.8583333333333333 0.2390625 0.004166666666666667 0.00625
0 0.603125 0.2390625 0.010416666666666666 0.00625
0 0.4739583333333333 0.23671875 0.0020833333333333333 0.0015625
0 0.46770833333333334 0.23515625 0.0020833333333333333 0.0015625
0 0.16354166666666667 0.23515625 0.0020833333333333333 0.0015625
0 0.640625 0.23828125 0.014583333333333334 0.0109375
0 0.5208333333333334 0.2359375 0.008333333333333333 0.00625
0 0.6135416666666667 0.2328125 0.00625 0.003125
0 0.9677083333333333 0.22734375 0.0020833333333333333 0.0015625
0 0.5333333333333333 0.2359375 0.03333333333333333 0.021875
0 0.9614583333333333 0.22578125 0.00625 0.0046875
0 0.5791666666666667 0.225 0.004166666666666667 0.003125
0 0.005208333333333333 0.2296875 0.010416666666666666 0.0125
0 0.93125 0.22265625 0.004166666666666667 0.0015625
0 0.5572916666666666 0.22265625 0.0020833333333333333 0.0015625
0 0.5802083333333333 0.22109375 0.0020833333333333333 0.0015625
0 0.5677083333333334 0.21640625 0.0020833333333333333 0.0015625
0 0.9364583333333333 0.21328125 0.0020833333333333333 0.0015625
0 0.9697916666666667 0.21171875 0.00625 0.0046875
0 0.578125 0.21171875 0.00625 0.0046875
0 0.6697916666666667 0.20859375 0.0020833333333333333 0.0015625
0 0.6520833333333333 0.21015625 0.008333333333333333 0.0046875
0 0.9677083333333333 0.20546875 0.0020833333333333333 0.0015625
0 0.8479166666666667 0.20546875 0.004166666666666667 0.0015625
0 0.6875 0.20546875 0.004166666666666667 0.0015625
0 0.671875 0.20625 0.00625 0.003125
0 0.18854166666666666 0.20390625 0.0020833333333333333 0.0015625
0 0.7520833333333333 0.2015625 0.004166666666666667 0.003125
0 0.65625 0.20390625 0.008333333333333333 0.0078125
0 0.846875 0.19765625 0.0020833333333333333 0.0015625
0 0.603125 0.19765625 0.0020833333333333333 0.0015625
0 0.7489583333333333 0.19609375 0.0020833333333333333 0.0015625
0 0.7145833333333333 0.2375 0.08333333333333333 0.084375
0 0.7489583333333333 0.19296875 0.0020833333333333333 0.0015625
0 0.9010416666666666 0.19140625 0.0020833333333333333 0.0015625
0 0.6572916666666667 0.19140625 0.0020833333333333333 0.0015625
0 0.8739583333333333 0.190625 0.010416666666666666 0.00625
0 0.7489583333333333 0.1890625 0.0020833333333333333 0.003125
0 0.8052083333333333 0.2203125 0.09375 0.06875
0 0.6614583333333334 0.18984375 0.010416666666666666 0.0078125
0 0.15104166666666666 0.18671875 0.0020833333333333333 0.0015625
0 0.8520833333333333 0.1828125 0.004166666666666667 0.003125
0 0.6625 0.18203125 0.004166666666666667 0.0046875
0 0.6572916666666667 0.18046875 0.0020833333333333333 0.0015625
0 0.9635416666666666 0.1796875 0.022916666666666665 0.009375
0 0.9489583333333333 0.17578125 0.00625 0.0015625
0 0.13020833333333334 0.17578125 0.0020833333333333333 0.0015625
0 0.023958333333333335 0.18515625 0.01875 0.0203125
0 0.16354166666666667 0.17734375 0.00625 0.0078125
0 0.9458333333333333 0.17109375 0.016666666666666666 0.0046875
0 0.934375 0.1703125 0.0020833333333333333 0.003125
0 0.71875 0.171875 0.008333333333333333 0.009375
0 0.6489583333333333 0.178125 0.01875 0.021875
0 0.9072916666666667 0.16484375 0.0020833333333333333 0.0015625
0 0.04791666666666667 0.165625 0.004166666666666667 0.003125
0 0.053125 0.16328125 0.0020833333333333333 0.0015625
0 0.036458333333333336 0.20234375 0.07291666666666667 0.0796875
0 0.17604166666666668 0.1625 0.0020833333333333333 0.003125
0 0.9010416666666666 0.16015625 0.0020833333333333333 0.0015625
0 0.06979166666666667 0.1734375 0.035416666666666666 0.028125
0 0.04791666666666667 0.1609375 0.004166666666666667 0.003125
0 0.909375 0.15703125 0.0020833333333333333 0.0015625
0 0.06041666666666667 0.15703125 0.004166666666666667 0.0015625
0 0.052083333333333336 0.15546875 0.004166666666666667 0.0015625
0 0.515625 0.15390625 0.0020833333333333333 0.0015625
0 0.9125 0.153125 0.004166666666666667 0.003125
0 0.23958333333333334 0.17109375 0.08333333333333333 0.0390625
0 0.5489583333333333 0.19765625 0.12708333333333333 0.0984375
0 0.95625 0.1453125 0.004166666666666667 0.003125
0 0.8927083333333333 0.14453125 0.0020833333333333333 0.0015625
0 0.5885416666666666 0.15390625 0.027083333333333334 0.0203125
0 0.9770833333333333 0.14296875 0.004166666666666667 0.0015625
0 0.7552083333333334 0.14140625 0.0020833333333333333 0.0015625
0 0.005208333333333333 0.1453125 0.010416666666666666 0.009375
0 0.9135416666666667 0.13671875 0.0020833333333333333 0.0015625
0 0.778125 0.165625 0.21875 0.059375
0 0.5458333333333333 0.13828125 0.008333333333333333 0.0046875
0 0.7552083333333334 0.13515625 0.0020833333333333333 0.0015625
0 0.7479166666666667 0.13515625 0.008333333333333333 0.0015625
0 0.8854166666666666 0.13359375 0.004166666666666667 0.0015625
0 0.6947916666666667 0.134375 0.010416666666666666 0.003125
0 0.22916666666666666 0.13828125 0.025 0.0140625
0 0.8802083333333334 0.13125 0.0020833333333333333 0.003125
0 0.303125 0.13046875 0.0020833333333333333 0.0015625
0 0.22708333333333333 0.13046875 0.004166666666666667 0.0015625
0 0.875 0.1296875 0.004166666666666667 0.003125
0 0.8822916666666667 0.12734375 0.0020833333333333333 0.0015625
0 0.6427083333333333 0.12734375 0.0020833333333333333 0.0015625
0 0.634375 0.1390625 0.027083333333333334 0.025
0 0.9760416666666667 0.1328125 0.035416666666666666 0.015625
0 0.8177083333333334 0.12421875 0.0020833333333333333 0.0015625
0 0.665625 0.12421875 0.0020833333333333333 0.0015625
0 0.5666666666666667 0.13203125 0.0375 0.0171875
0 0.8572916666666667 0.12265625 0.0020833333333333333 0.0015625
0 0.6614583333333334 0.1234375 0.0020833333333333333 0.003125
0 0.035416666666666666 0.12578125 0.008333333333333333 0.0078125
0 0.8489583333333334 0.12109375 0.0020833333333333333 0.0015625
0 0.921875 0.12265625 0.00625 0.0078125
0 0.8114583333333333 0.11953125 0.0020833333333333333 0.0015625
0 0.7083333333333334 0.12578125 0.016666666666666666 0.0140625
0 0.659375 0.11953125 0.0020833333333333333 0.0015625
0 0.653125 0.11953125 0.0020833333333333333 0.0015625
0 0.23125 0.1234375 0.0125 0.009375
0 0.6458333333333334 0.1203125 0.025 0.009375
0 0.83125 0.115625 0.008333333333333333 0.003125
0 0.65 0.115625 0.004166666666666667 0.003125
0 0.5864583333333333 0.1171875 0.014583333333333334 0.00625
0 0.321875 0.115625 0.010416666666666666 0.003125
0 0.6364583333333333 0.11328125 0.0020833333333333333 0.0015625
0 0.5958333333333333 0.11328125 0.004166666666666667 0.0015625
0 0.34270833333333334 0.11328125 0.0020833333333333333 0.0015625
0 0.8354166666666667 0.1109375 0.004166666666666667 0.003125
0 0.8302083333333333 0.1109375 0.0020833333333333333 0.003125
0 0.815625 0.11171875 0.022916666666666665 0.0078125
0 0.825 0.10703125 0.004166666666666667 0.0015625
0 0.8052083333333333 0.10703125 0.0020833333333333333 0.0015625
0 0.6197916666666666 0.1078125 0.0020833333333333333 0.003125
0 0.6135416666666667 0.10703125 0.0020833333333333333 0.0015625
0 0.06145833333333333 0.10390625 0.0020833333333333333 0.0015625
0 0.25416666666666665 0.10234375 0.004166666666666667 0.0015625
0 0.703125 0.10078125 0.0020833333333333333 0.0015625
0 0.6052083333333333 0.10078125 0.0020833333333333333 0.0015625
0 0.246875 0.10078125 0.0020833333333333333 0.0015625
0 0.0875 0.12734375 0.075 0.0546875
0 0.6114583333333333 0.09921875 0.0020833333333333333 0.0015625
0 0.571875 0.09921875 0.0020833333333333333 0.0015625
0 0.06354166666666666 0.09921875 0.010416666666666666 0.0046875
0 0.8927083333333333 0.09609375 0.0020833333333333333 0.0015625
0 0.803125 0.09609375 0.0020833333333333333 0.0015625
0 0.6520833333333333 0.09609375 0.004166666666666667 0.0015625
0 0.6072916666666667 0.096875 0.0020833333333333333 0.003125
0 0.471875 0.09609375 0.0020833333333333333 0.0015625
0 0.004166666666666667 0.10234375 0.008333333333333333 0.0140625
0 0.9 0.09453125 0.004166666666666667 0.0015625
0 0.778125 0.10703125 0.04791666666666667 0.0265625
0 0.6770833333333334 0.0953125 0.004166666666666667 0.003125
0 0.6572916666666667 0.09453125 0.0020833333333333333 0.0015625
0 0.5677083333333334 0.09453125 0.0020833333333333333 0.0015625
0 0.315625 0.09609375 0.00625 0.0046875
0 0.8947916666666667 0.09296875 0.0020833333333333333 0.0015625
0 0.7958333333333333 0.09296875 0.004166666666666667 0.0015625
0 0.66875 0.09296875 0.004166666666666667 0.0015625
0 0.609375 0.09296875 0.0020833333333333333 0.0015625
0 0.5822916666666667 0.09296875 0.0020833333333333333 0.0015625
0 0.578125 0.09296875 0.0020833333333333333 0.0015625
0 0.8989583333333333 0.09140625 0.0020833333333333333 0.0015625
0 0.6479166666666667 0.09296875 0.004166666666666667 0.0046875
0 0.9364583333333333 0.103125 0.035416666666666666 0.028125
0 0.790625 0.08984375 0.0020833333333333333 0.0015625
0 0.56875 0.08984375 0.004166666666666667 0.0015625
0 0.7958333333333333 0.0890625 0.004166666666666667 0.003125
0 0.6447916666666667 0.08828125 0.0020833333333333333 0.0015625
0 0.634375 0.08828125 0.0020833333333333333 0.0015625
0 0.5760416666666667 0.0890625 0.0020833333333333333 0.003125
0 0.33541666666666664 0.08984375 0.004166666666666667 0.0046875
0 0.290625 0.08828125 0.0020833333333333333 0.0015625
0 0.5947916666666667 0.08671875 0.0020833333333333333 0.0015625
0 0.2864583333333333 0.08671875 0.0020833333333333333 0.0015625
0 0.26979166666666665 0.08671875 0.0020833333333333333 0.0015625
0 0.903125 0.0859375 0.0020833333333333333 0.003125
0 0.659375 0.08515625 0.0020833333333333333 0.0015625
0 0.553125 0.0859375 0.0020833333333333333 0.003125
0 0.007291666666666667 0.08515625 0.0020833333333333333 0.0015625
0 0.8072916666666666 0.084375 0.0020833333333333333 0.003125
0 0.6322916666666667 0.084375 0.0020833333333333333 0.003125
0 0.6083333333333333 0.0859375 0.004166666666666667 0.00625
0 0.5989583333333334 0.084375 0.0020833333333333333 0.00625
0 0.08854166666666667 0.090625 0.022916666666666665 0.01875
0 0.030208333333333334 0.08203125 0.0020833333333333333 0.0015625
0 0.5739583333333333 0.08125 0.0020833333333333333 0.003125
0 0.6947916666666667 0.07890625 0.0020833333333333333 0.0015625
0 0.625 0.08203125 0.008333333333333333 0.0078125
0 0.6072916666666667 0.07890625 0.0020833333333333333 0.0015625
0 0.6010416666666667 0.07890625 0.0020833333333333333 0.0015625
0 0.5947916666666667 0.078125 0.0020833333333333333 0.003125
0 0.3489583333333333 0.07734375 0.0020833333333333333 0.0015625
0 0.634375 0.0765625 0.0020833333333333333 0.003125
0 0.5604166666666667 0.07890625 0.0125 0.0078125
0 0.34479166666666666 0.07578125 0.0020833333333333333 0.0015625
0 0.3177083333333333 0.07734375 0.00625 0.0046875
0 0.6229166666666667 0.07421875 0.004166666666666667 0.0046875
0 0.5864583333333333 0.078125 0.014583333333333334 0.0125
0 0.5739583333333333 0.07421875 0.00625 0.0046875
0 0.2833333333333333 0.07265625 0.008333333333333333 0.0015625
0 0.840625 0.07734375 0.04791666666666667 0.0140625
0 0.5677083333333334 0.07109375 0.0020833333333333333 0.0015625
0 0.5802083333333333 0.06953125 0.0020833333333333333 0.0015625
0 0.396875 0.06953125 0.0020833333333333333 0.0015625
0 0.69375 0.071875 0.008333333333333333 0.009375
0 0.6052083333333333 0.06875 0.0020833333333333333 0.003125
0 0.5739583333333333 0.06796875 0.0020833333333333333 0.0015625
0 0.4552083333333333 0.06796875 0.0020833333333333333 0.0015625
0 0.6010416666666667 0.06640625 0.0020833333333333333 0.0015625
0 0.021875 0.07578125 0.022916666666666665 0.0203125
0 0.6135416666666667 0.07109375 0.010416666666666666 0.0140625
0 0.5635416666666667 0.065625 0.010416666666666666 0.00625
0 0.459375 0.06328125 0.0020833333333333333 0.0015625
0 0.328125 0.0625 0.0020833333333333333 0.003125
0 0.615625 0.06015625 0.0020833333333333333 0.0015625
0 0.6072916666666667 0.0609375 0.00625 0.003125
0 0.45625 0.06015625 0.004166666666666667 0.0015625
0 0.3614583333333333 0.06015625 0.0020833333333333333 0.0015625
0 0.31666666666666665 0.06171875 0.004166666666666667 0.0046875
0 0.2947916666666667 0.059375 0.0020833333333333333 0.003125
0 0.3541666666666667 0.05859375 0.008333333333333333 0.0046875
0 0.9614583333333333 0.05859375 0.0020833333333333333 0.0078125
0 0.6041666666666666 0.05546875 0.004166666666666667 0.0015625
0 0.971875 0.0515625 0.00625 0.003125
0 0.428125 0.05078125 0.0020833333333333333 0.0015625
0 0.37916666666666665 0.05078125 0.004166666666666667 0.0015625
0 0.022916666666666665 0.0515625 0.004166666666666667 0.003125
0 0.9739583333333334 0.04765625 0.0020833333333333333 0.0015625
0 0.4125 0.04921875 0.0125 0.0046875
0 0.38645833333333335 0.04921875 0.00625 0.0046875
0 0.68125 0.04921875 0.008333333333333333 0.0078125
0 0.628125 0.046875 0.0020833333333333333 0.003125
0 0.621875 0.0453125 0.00625 0.00625
0 0.023958333333333335 0.04140625 0.0020833333333333333 0.0015625
0 0.10729166666666666 0.03984375 0.0020833333333333333 0.0015625
0 0.6072916666666667 0.03828125 0.0020833333333333333 0.0015625
0 0.45729166666666665 0.03828125 0.0020833333333333333 0.0015625
0 0.6239583333333333 0.03671875 0.0020833333333333333 0.0015625
0 0.11041666666666666 0.03671875 0.004166666666666667 0.0015625
0 0.9270833333333334 0.03671875 0.008333333333333333 0.0046875
0 0.9010416666666666 0.0375 0.014583333333333334 0.00625
0 0.34479166666666666 0.03515625 0.0020833333333333333 0.0015625
0 0.96875 0.03359375 0.004166666666666667 0.0015625
0 0.9739583333333334 0.03203125 0.0020833333333333333 0.0015625
0 0.6229166666666667 0.03203125 0.004166666666666667 0.0046875
0 0.915625 0.02734375 0.00625 0.0015625
0 0.878125 0.02890625 0.00625 0.0046875
0 0.6197916666666666 0.02578125 0.0020833333333333333 0.0015625
0 0.026041666666666668 0.0375 0.014583333333333334 0.025
0 0.40729166666666666 0.02265625 0.0020833333333333333 0.0015625
0 0.6197916666666666 0.02109375 0.0020833333333333333 0.0015625
0 0.10625 0.025 0.008333333333333333 0.009375
0 0.3958333333333333 0.0203125 0.004166666666666667 0.003125
0 0.384375 0.01953125 0.0020833333333333333 0.0015625
0 0.6177083333333333 0.0171875 0.0020833333333333333 0.003125
0 0.6135416666666667 0.01640625 0.0020833333333333333 0.0015625
0 0.9322916666666666 0.015625 0.0020833333333333333 0.003125
0 0.19270833333333334 0.01484375 0.0020833333333333333 0.0015625
0 0.5083333333333333 0.01328125 0.004166666666666667 0.0015625
0 0.22083333333333333 0.01640625 0.016666666666666666 0.0078125
0 0.18541666666666667 0.0140625 0.004166666666666667 0.003125
0 0.6979166666666666 0.0171875 0.004166666666666667 0.0125
0 0.21354166666666666 0.01015625 0.0020833333333333333 0.0015625
0 0.4979166666666667 0.01015625 0.008333333333333333 0.0046875
0 0.2520833333333333 0.0109375 0.0125 0.00625
0 0.540625 0.00703125 0.0020833333333333333 0.0015625
0 0.29270833333333335 0.00703125 0.0020833333333333333 0.0015625
0 0.2833333333333333 0.01328125 0.0125 0.0140625
0 0.4979166666666667 0.00390625 0.004166666666666667 0.0015625
0 0.48333333333333334 0.003125 0.004166666666666667 0.003125
0 0.9177083333333333 0.00625 0.027083333333333334 0.0125
0 0.825 0.01328125 0.1125 0.0265625
0 0.7604166666666666 0.00546875 0.0125 0.0109375
0 0.703125 0.00234375 0.00625 0.0046875
0 0.640625 0.0171875 0.03125 0.034375
0 0.6083333333333333 0.00703125 0.016666666666666666 0.0140625
0 0.5041666666666667 0.10625 0.2125 0.2125
0 0.4125 0.00546875 0.008333333333333333 0.0109375
0 0.24166666666666667 0.003125 0.0125 0.00625
1 0.4552083333333333 0.78046875 0.0020833333333333333 0.0015625
1 0.353125 0.77734375 0.0020833333333333333 0.0015625
1 0.459375 0.778125 0.00625 0.015625
1 0.37604166666666666 0.74765625 0.0020833333333333333 0.0015625
1 0.371875 0.73203125 0.0020833333333333333 0.0015625
1 0.3885416666666667 0.72890625 0.0020833333333333333 0.0015625
1 0.37395833333333334 0.72890625 0.0020833333333333333 0.0015625
1 0.3927083333333333 0.72265625 0.0020833333333333333 0.0015625
1 0.6458333333333334 0.721875 0.008333333333333333 0.00625
1 0.634375 0.71796875 0.0020833333333333333 0.0015625
1 0.6322916666666667 0.71484375 0.0020833333333333333 0.0015625
1 0.33645833333333336 0.81171875 0.07708333333333334 0.1953125
1 0.36354166666666665 0.71484375 0.00625 0.0078125
1 0.6854166666666667 0.7421875 0.07083333333333333 0.065625
1 0.3885416666666667 0.71015625 0.0020833333333333333 0.0015625
1 0.36770833333333336 0.70859375 0.0020833333333333333 0.0015625
1 0.6229166666666667 0.709375 0.008333333333333333 0.009375
1 0.37916666666666665 0.70625 0.004166666666666667 0.003125
1 0.37916666666666665 0.70234375 0.004166666666666667 0.0015625
1 0.646875 0.70390625 0.010416666666666666 0.0078125
1 0.621875 0.70078125 0.0020833333333333333 0.0015625
1 0.5104166666666666 0.7125 0.008333333333333333 0.025
1 0.40729166666666666 0.69921875 0.0020833333333333333 0.0015625
1 0.5177083333333333 0.696875 0.0020833333333333333 0.003125
1 0.375 0.6984375 0.004166666666666667 0.00625
1 0.459375 0.69296875 0.0020833333333333333 0.0015625
1 0.4625 0.72421875 0.016666666666666666 0.0671875
1 0.3802083333333333 0.69140625 0.00625 0.0046875
1 0.32916666666666666 0.71328125 0.025 0.0515625
1 0.571875 0.68203125 0.0020833333333333333 0.0015625
1 0.471875 0.684375 0.0020833333333333333 0.00625
1 0.596875 0.68984375 0.035416666666666666 0.0203125
1 0.4552083333333333 0.67890625 0.0020833333333333333 0.0015625
1 0.35 0.68046875 0.004166666666666667 0.0046875
1 0.5041666666666667 0.68828125 0.004166666666666667 0.0234375
1 0.390625 0.67734375 0.0020833333333333333 0.0015625
1 0.5666666666666667 0.67578125 0.004166666666666667 0.0015625
1 0.3458333333333333 0.67734375 0.004166666666666667 0.0046875
1 0.64375 0.6890625 0.06666666666666667 0.03125
1 0.5614583333333333 0.67421875 0.0020833333333333333 0.0015625
1 0.521875 0.6765625 0.0020833333333333333 0.00625
1 0.475 0.66875 0.004166666666666667 0.00625
1 0.528125 0.66484375 0.0020833333333333333 0.0015625
1 0.45729166666666665 0.66484375 0.0020833333333333333 0.0015625
1 0.43020833333333336 0.66328125 0.0020833333333333333 0.0015625
1 0.4010416666666667 0.66328125 0.0020833333333333333 0.0015625
1 0.6083333333333333 0.665625 0.008333333333333333 0.009375
1 0.475 0.6625 0.004166666666666667 0.003125
1 0.6010416666666667 0.66015625 0.0020833333333333333 0.0015625
1 0.4322916666666667 0.66015625 0.0020833333333333333 0.0015625
1 0.5427083333333333 0.66484375 0.03125 0.0140625
1 0.4739583333333333 0.65703125 0.0020833333333333333 0.0015625
1 0.6541666666666667 0.66953125 0.04583333333333333 0.0328125
1 0.5708333333333333 0.66328125 0.020833333333333332 0.0203125
1 0.50625 0.66171875 0.004166666666666667 0.0203125
1 0.4739583333333333 0.65078125 0.0020833333333333333 0.0015625
1 0.559375 0.64921875 0.0020833333333333333 0.0015625
1 0.5854166666666667 0.6484375 0.004166666666666667 0.003125
1 0.5552083333333333 0.65 0.00625 0.00625
1 0.44479166666666664 0.64765625 0.0020833333333333333 0.0015625
1 0.58125 0.64375 0.004166666666666667 0.003125
1 0.5572916666666666 0.64296875 0.0020833333333333333 0.0015625
1 0.084375 0.64296875 0.00625 0.0046875
1 0.1 0.64296875 0.0125 0.0078125
1 0.5739583333333333 0.63828125 0.0020833333333333333 0.0015625
1 0.46145833333333336 0.63671875 0.0020833333333333333 0.0015625
1 0.009375 0.65 0.01875 0.028125
1 0.42604166666666665 0.63203125 0.0020833333333333333 0.0015625
1 0.075 0.6328125 0.004166666666666667 0.00625
1 0.011458333333333333 0.63046875 0.0020833333333333333 0.0015625
1 0.428125 0.62890625 0.0020833333333333333 0.0015625
1 0.07604166666666666 0.62578125 0.0020833333333333333 0.0015625
1 0.4666666666666667 0.62890625 0.004166666666666667 0.0109375
1 0.459375 0.628125 0.00625 0.009375
1 0.030208333333333334 0.62421875 0.0020833333333333333 0.0015625
1 0.46979166666666666 0.62109375 0.0020833333333333333 0.0015625
1 0.06041666666666667 0.62265625 0.025 0.0046875
1 0.03958333333333333 0.6234375 0.0125 0.00625
1 0.034375 0.62109375 0.0020833333333333333 0.0015625
1 0.4354166666666667 0.6203125 0.004166666666666667 0.00625
1 0.0010416666666666667 0.61875 0.0020833333333333333 0.003125
1 0.07395833333333333 0.60859375 0.00625 0.0046875
1 0.05625 0.609375 0.0375 0.0125
1 0.07395833333333333 0.60078125 0.0020833333333333333 0.0015625
1 0.06979166666666667 0.6015625 0.00625 0.00625
1 0.051041666666666666 0.59921875 0.01875 0.0046875
1 0.0875 0.60234375 0.025 0.0140625
1 0.03229166666666667 0.5984375 0.01875 0.00625
1 0.11041666666666666 0.615625 0.0375 0.04375
1 0.08229166666666667 0.59609375 0.00625 0.0046875
1 0.04375 0.59453125 0.004166666666666667 0.0015625
1 0.5072916666666667 0.59296875 0.0020833333333333333 0.0015625
1 0.515625 0.59140625 0.0020833333333333333 0.0015625
1 0.115625 0.59140625 0.0020833333333333333 0.0015625
1 0.08229166666666667 0.58984375 0.0020833333333333333 0.0015625
1 0.015625 0.6109375 0.03125 0.04375
1 0.4041666666666667 0.5890625 0.004166666666666667 0.003125
1 0.39166666666666666 0.58515625 0.004166666666666667 0.0015625
1 0.384375 0.58515625 0.00625 0.0015625
1 0.5260416666666666 0.58203125 0.0020833333333333333 0.0015625
1 0.515625 0.58359375 0.0020833333333333333 0.0046875
1 0.5072916666666667 0.58046875 0.0020833333333333333 0.0015625
1 0.07291666666666667 0.58046875 0.004166666666666667 0.0015625
1 0.515625 0.57734375 0.0020833333333333333 0.0015625
1 0.5020833333333333 0.57890625 0.004166666666666667 0.0046875
1 0.121875 0.57734375 0.0020833333333333333 0.0015625
1 0.11770833333333333 0.57578125 0.0020833333333333333 0.0015625
1 0.509375 0.575 0.0020833333333333333 0.00625
1 0.09270833333333334 0.578125 0.03958333333333333 0.015625
1 0.13958333333333334 0.5765625 0.03333333333333333 0.028125
1 0.078125 0.56640625 0.022916666666666665 0.0109375
1 0.06145833333333333 0.56171875 0.0020833333333333333 0.0015625
1 0.5104166666666666 0.5625 0.004166666666666667 0.009375
1 0.47291666666666665 0.5625 0.004166666666666667 0.009375
1 0.4947916666666667 0.55703125 0.0020833333333333333 0.0015625
1 0.46979166666666666 0.55546875 0.0020833333333333333 0.0015625
1 0.15104166666666666 0.55546875 0.0020833333333333333 0.0015625
1 0.10208333333333333 0.5578125 0.008333333333333333 0.00625
1 0.016666666666666666 0.56640625 0.03333333333333333 0.0296875
1 0.4947916666666667 0.55078125 0.0020833333333333333 0.0015625
1 0.03125 0.55078125 0.004166666666666667 0.0015625
1 0.16770833333333332 0.5515625 0.00625 0.00625
1 0.4395833333333333 0.54765625 0.004166666666666667 0.0015625
1 0.0625 0.54921875 0.016666666666666666 0.0078125
1 0.49270833333333336 0.54375 0.0020833333333333333 0.003125
1 0.15520833333333334 0.54453125 0.014583333333333334 0.0046875
1 0.051041666666666666 0.5609375 0.03958333333333333 0.0375
1 0.023958333333333335 0.53984375 0.0020833333333333333 0.0015625
1 0.278125 0.53828125 0.0020833333333333333 0.0015625
1 0.49166666666666664 0.53671875 0.004166666666666667 0.0015625
1 0.27395833333333336 0.53515625 0.0020833333333333333 0.0015625
1 0.13020833333333334 0.54375 0.03125 0.01875
1 0.11145833333333334 0.5359375 0.0020833333333333333 0.003125
1 0.06979166666666667 0.53359375 0.00625 0.0015625
1 0.021875 0.53359375 0.0020833333333333333 0.0015625
1 0.09583333333333334 0.5390625 0.025 0.015625
1 0.027083333333333334 0.5328125 0.004166666666666667 0.003125
1 0.0125 0.5390625 0.025 0.015625
1 0.490625 0.53046875 0.0020833333333333333 0.0015625
1 0.46979166666666666 0.52890625 0.0020833333333333333 0.0015625
1 0.4114583333333333 0.52734375 0.0020833333333333333 0.0015625
1 0.39479166666666665 0.52578125 0.0020833333333333333 0.0015625
1 0.3802083333333333 0.52578125 0.0020833333333333333 0.0015625
1 0.375 0.52734375 0.004166666666666667 0.0046875
1 0.09166666666666666 0.5265625 0.004166666666666667 0.003125
1 0.4895833333333333 0.525 0.004166666666666667 0.003125
1 0.49270833333333336 0.51796875 0.00625 0.0046875
1 0.375 0.5171875 0.004166666666666667 0.003125
1 0.005208333333333333 0.515625 0.010416666666666666 0.00625
1 0.046875 0.51796875 0.035416666666666666 0.0140625
1 0.4864583333333333 0.51171875 0.00625 0.0046875
1 0.26458333333333334 0.51015625 0.004166666666666667 0.0015625
1 0.5104166666666666 0.5140625 0.0125 0.01875
1 0.0020833333333333333 0.50390625 0.004166666666666667 0.0015625
1 0.016666666666666666 0.49609375 0.03333333333333333 0.0203125
1 0.16875 0.4828125 0.004166666666666667 0.003125
1 0.49583333333333335 0.4828125 0.008333333333333333 0.00625
1 0.334375 0.484375 0.014583333333333334 0.009375
1 0.315625 0.48046875 0.0020833333333333333 0.0015625
1 0.1625 0.4796875 0.004166666666666667 0.003125
1 0.453125 0.47421875 0.0020833333333333333 0.0015625
1 0.5020833333333333 0.47421875 0.004166666666666667 0.0046875
1 0.30104166666666665 0.47265625 0.0020833333333333333 0.0015625
1 0.49270833333333336 0.46953125 0.0020833333333333333 0.0015625
1 0.5052083333333334 0.46875 0.0020833333333333333 0.003125
1 0.3177083333333333 0.46796875 0.0020833333333333333 0.0015625
1 0.46770833333333334 0.4671875 0.0020833333333333333 0.003125
1 0.5052083333333334 0.46484375 0.0020833333333333333 0.0015625
1 0.509375 0.46328125 0.0020833333333333333 0.0015625
1 0.44479166666666664 0.46171875 0.0020833333333333333 0.0015625
1 0.5020833333333333 0.46015625 0.004166666666666667 0.0015625
1 0.5135416666666667 0.45390625 0.0020833333333333333 0.0015625
1 0.475 0.4515625 0.004166666666666667 0.00625
1 0.42916666666666664 0.4578125 0.008333333333333333 0.021875
1 0.2625 0.446875 0.008333333333333333 0.003125
1 0.4322916666666667 0.44453125 0.0020833333333333333 0.0015625
1 0.20833333333333334 0.44453125 0.008333333333333333 0.0015625
1 0.5083333333333333 0.4421875 0.004166666666666667 0.003125
1 0.22083333333333333 0.44296875 0.0125 0.0046875
1 0.5072916666666667 0.43828125 0.0020833333333333333 0.0015625
1 0.23229166666666667 0.434375 0.0020833333333333333 0.003125
1 0.43645833333333334 0.4328125 0.0020833333333333333 0.003125
1 0.509375 0.42578125 0.0020833333333333333 0.0015625
1 0.4322916666666667 0.42578125 0.0020833333333333333 0.0015625
1 0.4552083333333333 0.42421875 0.0020833333333333333 0.0015625
1 0.2989583333333333 0.45078125 0.03958333333333333 0.0546875
1 0.13333333333333333 0.425 0.016666666666666666 0.003125
1 0.4552083333333333 0.41953125 0.0020833333333333333 0.0015625
1 0.42604166666666665 0.4203125 0.0020833333333333333 0.003125
1 0.446875 0.41484375 0.0020833333333333333 0.0015625
1 0.4239583333333333 0.41484375 0.0020833333333333333 0.0015625
1 0.2708333333333333 0.4125 0.004166666666666667 0.003125
1 0.421875 0.41015625 0.0020833333333333333 0.0015625
1 0.08333333333333333 0.434375 0.1 0.059375
1 0.43020833333333336 0.40234375 0.0020833333333333333 0.0015625
1 0.425 0.3984375 0.004166666666666667 0.003125
1 0.6697916666666667 0.371875 0.00625 0.00625
1 0.61875 0.36796875 0.004166666666666667 0.0046875
1 0.40208333333333335 0.38125 0.0375 0.03125
1 0.25104166666666666 0.3828125 0.027083333333333334 0.034375
1 0.38645833333333335 0.36484375 0.0020833333333333333 0.0015625
1 0.703125 0.36171875 0.00625 0.0015625
1 0.759375 0.3578125 0.0020833333333333333 0.003125
1 0.6197916666666666 0.35703125 0.0020833333333333333 0.0015625
1 0.37916666666666665 0.35703125 0.004166666666666667 0.0015625
1 0.65625 0.3515625 0.0125 0.003125
1 0.6822916666666666 0.35 0.0020833333333333333 0.003125
1 0.58125 0.35390625 0.004166666666666667 0.0171875
1 0.7697916666666667 0.3453125 0.01875 0.009375
1 0.29270833333333335 0.36171875 0.035416666666666666 0.0421875
1 0.9239583333333333 0.33984375 0.0020833333333333333 0.0015625
1 0.3854166666666667 0.49453125 0.4625 0.3109375
1 0.9302083333333333 0.33828125 0.0020833333333333333 0.0015625
1 0.903125 0.3421875 0.027083333333333334 0.009375
1 0.6302083333333334 0.3453125 0.00625 0.015625
1 0.7072916666666667 0.33515625 0.0020833333333333333 0.0015625
1 0.7364583333333333 0.3515625 0.04791666666666667 0.0375
1 0.603125 0.3390625 0.010416666666666666 0.0125
1 0.7989583333333333 0.3328125 0.027083333333333334 0.009375
1 0.771875 0.32890625 0.0020833333333333333 0.0015625
1 0.7802083333333333 0.328125 0.00625 0.003125
1 0.625 0.33046875 0.008333333333333333 0.0078125
1 0.775 0.32578125 0.004166666666666667 0.0015625
1 0.6364583333333333 0.33203125 0.00625 0.0140625
1 0.6572916666666667 0.32421875 0.0020833333333333333 0.0015625
1 0.653125 0.32421875 0.0020833333333333333 0.0015625
1 0.646875 0.32421875 0.0020833333333333333 0.0015625
1 0.6260416666666667 0.32421875 0.00625 0.0015625
1 0.5885416666666666 0.32421875 0.0020833333333333333 0.0015625
1 0.6697916666666667 0.33671875 0.01875 0.0296875
1 0.853125 0.321875 0.0020833333333333333 0.003125
1 0.8322916666666667 0.3328125 0.08541666666666667 0.028125
1 0.6166666666666667 0.32109375 0.004166666666666667 0.0046875
1 0.8635416666666667 0.31875 0.0020833333333333333 0.003125
1 0.8677083333333333 0.31640625 0.0020833333333333333 0.0015625
1 0.5197916666666667 0.315625 0.0020833333333333333 0.003125
1 0.8552083333333333 0.31328125 0.0020833333333333333 0.0015625
1 0.5125 0.315625 0.004166666666666667 0.00625
1 0.9989583333333333 0.31171875 0.0020833333333333333 0.0015625
1 0.5916666666666667 0.315625 0.004166666666666667 0.009375
1 0.85625 0.31015625 0.004166666666666667 0.0015625
1 0.7427083333333333 0.30859375 0.0020833333333333333 0.0015625
1 0.703125 0.30625 0.00625 0.003125
1 0.5947916666666667 0.30703125 0.00625 0.0046875
1 0.7885416666666667 0.3046875 0.010416666666666666 0.009375
1 0.7489583333333333 0.3015625 0.0020833333333333333 0.003125
1 0.446875 0.30078125 0.0020833333333333333 0.0015625
1 0.4510416666666667 0.30234375 0.014583333333333334 0.0078125
1 0.8489583333333334 0.296875 0.0020833333333333333 0.003125
1 0.7885416666666667 0.29609375 0.0020833333333333333 0.0015625
1 0.5989583333333334 0.2953125 0.0020833333333333333 0.003125
1 0.709375 0.2984375 0.014583333333333334 0.0125
1 0.44895833333333335 0.29453125 0.010416666666666666 0.0046875
1 0.440625 0.29140625 0.0020833333333333333 0.0015625
1 0.8989583333333333 0.309375 0.04375 0.05
1 0.603125 0.28359375 0.0020833333333333333 0.0015625
1 0.9666666666666667 0.3078125 0.06666666666666667 0.059375
1 0.6354166666666666 0.2796875 0.0125 0.00625
1 0.5114583333333333 0.27734375 0.0020833333333333333 0.0015625
1 0.6489583333333333 0.27578125 0.0020833333333333333 0.0015625
1 0.525 0.28203125 0.016666666666666666 0.0171875
1 0.5114583333333333 0.27421875 0.0020833333333333333 0.0015625
1 0.5208333333333334 0.27265625 0.008333333333333333 0.0046875
1 0.6385416666666667 0.2703125 0.0020833333333333333 0.003125
1 0.115625 0.26796875 0.0020833333333333333 0.0015625
1 0.09479166666666666 0.25859375 0.0020833333333333333 0.0015625
1 0.6239583333333333 0.27109375 0.014583333333333334 0.0328125
1 0.1625 0.25625 0.008333333333333333 0.003125
1 0.128125 0.2578125 0.00625 0.00625
1 0.61875 0.25390625 0.004166666666666667 0.0078125
1 0.6375 0.2546875 0.0125 0.0125
1 0.628125 0.24921875 0.0020833333333333333 0.0015625
1 0.64375 0.24765625 0.004166666666666667 0.0015625
1 0.6291666666666667 0.24609375 0.004166666666666667 0.0015625
1 0.171875 0.24296875 0.0020833333333333333 0.0015625
1 0.6302083333333334 0.2421875 0.0020833333333333333 0.003125
1 0.6177083333333333 0.24453125 0.010416666666666666 0.0078125
1 0.609375 0.24140625 0.0020833333333333333 0.0015625
1 0.15520833333333334 0.25 0.027083333333333334 0.01875
1 0.096875 0.23984375 0.00625 0.0046875
1 0.6322916666666667 0.2375 0.0020833333333333333 0.003125
1 0.8791666666666667 0.24140625 0.03333333333333333 0.0171875
1 0.17291666666666666 0.2359375 0.004166666666666667 0.00625
1 0.08854166666666667 0.23515625 0.00625 0.0046875
1 0.06145833333333333 0.2484375 0.052083333333333336 0.03125
1 0.7635416666666667 0.23203125 0.0020833333333333333 0.0015625
1 0.12395833333333334 0.2328125 0.0020833333333333333 0.003125
1 0.11979166666666667 0.23203125 0.0020833333333333333 0.0015625
1 0.8677083333333333 0.23046875 0.0020833333333333333 0.0015625
1 0.6229166666666667 0.234375 0.008333333333333333 0.0125
1 0.5458333333333333 0.22890625 0.004166666666666667 0.0015625
1 0.16041666666666668 0.2296875 0.004166666666666667 0.003125
1 0.10833333333333334 0.234375 0.016666666666666666 0.0125
1 0.07604166666666666 0.22890625 0.0020833333333333333 0.0015625
1 0.16875 0.2296875 0.004166666666666667 0.00625
1 0.7979166666666667 0.23125 0.004166666666666667 0.0125
1 0.16979166666666667 0.22265625 0.0020833333333333333 0.0015625
1 0.803125 0.22265625 0.0020833333333333333 0.0046875
1 0.190625 0.2234375 0.01875 0.00625
1 0.7 0.21953125 0.004166666666666667 0.0015625
1 0.4635416666666667 0.21953125 0.010416666666666666 0.0078125
1 0.184375 0.21796875 0.00625 0.0046875
1 0.14166666666666666 0.22578125 0.029166666666666667 0.0265625
1 0.6583333333333333 0.21484375 0.016666666666666666 0.0078125
1 0.209375 0.215625 0.035416666666666666 0.0125
1 0.140625 0.21015625 0.0020833333333333333 0.0015625
1 0.8364583333333333 0.20546875 0.00625 0.0015625
1 0.984375 0.2125 0.03125 0.025
1 0.803125 0.19921875 0.0020833333333333333 0.0015625
1 0.565625 0.19765625 0.0020833333333333333 0.0015625
1 0.24270833333333333 0.2046875 0.04375 0.021875
1 0.8552083333333333 0.19375 0.014583333333333334 0.009375
1 0.5416666666666666 0.203125 0.041666666666666664 0.03125
1 0.290625 0.18515625 0.0020833333333333333 0.0015625
1 0.8302083333333333 0.19296875 0.03125 0.0203125
1 0.21770833333333334 0.18359375 0.0020833333333333333 0.0015625
1 0.2125 0.18203125 0.004166666666666667 0.0015625
1 0.14270833333333333 0.17890625 0.0020833333333333333 0.0015625
1 0.5052083333333334 0.17265625 0.0020833333333333333 0.0015625
1 0.128125 0.20078125 0.12291666666666666 0.0578125
1 0.8 0.18046875 0.06666666666666667 0.0203125
1 0.3072916666666667 0.16953125 0.0020833333333333333 0.0015625
1 0.5125 0.16640625 0.008333333333333333 0.0140625
1 0.4270833333333333 0.16015625 0.004166666666666667 0.0015625
1 0.009375 0.15703125 0.0020833333333333333 0.0015625
1 0.09375 0.15546875 0.004166666666666667 0.0015625
1 0.6802083333333333 0.1546875 0.0020833333333333333 0.003125
1 0.084375 0.15234375 0.0020833333333333333 0.0015625
1 0.8489583333333334 0.24375 0.27291666666666664 0.1875
1 0.6291666666666667 0.215625 0.14583333333333334 0.13125
1 0.45208333333333334 0.1546875 0.041666666666666664 0.009375
1 0.2375 0.1515625 0.004166666666666667 0.003125
1 0.09375 0.1515625 0.008333333333333333 0.003125
1 0.022916666666666665 0.1515625 0.004166666666666667 0.003125
1 0.396875 0.14921875 0.0020833333333333333 0.0015625
1 0.328125 0.14921875 0.0020833333333333333 0.0015625
1 0.03229166666666667 0.16953125 0.01875 0.0421875
1 0.534375 0.14765625 0.0020833333333333333 0.0015625
1 0.9645833333333333 0.15234375 0.025 0.0140625
1 0.6020833333333333 0.146875 0.029166666666666667 0.015625
1 0.20729166666666668 0.13359375 0.0020833333333333333 0.0015625
1 0.6697916666666667 0.14765625 0.04791666666666667 0.0359375
1 0.4322916666666667 0.12890625 0.0020833333333333333 0.0015625
1 0.05 0.1328125 0.020833333333333332 0.0125
1 0.9427083333333334 0.134375 0.04375 0.01875
1 0.6041666666666666 0.1296875 0.03333333333333333 0.0125
1 0.034375 0.11875 0.0020833333333333333 0.003125
1 0.11458333333333333 0.11328125 0.004166666666666667 0.0015625
1 0.025 0.1125 0.004166666666666667 0.003125
1 0.32083333333333336 0.1453125 0.12916666666666668 0.071875
1 0.22291666666666668 0.1109375 0.0125 0.00625
1 0.026041666666666668 0.10859375 0.0020833333333333333 0.0015625
1 0.021875 0.10859375 0.0020833333333333333 0.0015625
1 0.2708333333333333 0.1234375 0.07916666666666666 0.040625
1 0.203125 0.1078125 0.00625 0.009375
1 0.04479166666666667 0.1125 0.03125 0.01875
1 0.023958333333333335 0.10390625 0.0020833333333333333 0.0015625
1 0.019791666666666666 0.1046875 0.0020833333333333333 0.003125
1 0.10416666666666667 0.10625 0.008333333333333333 0.009375
1 0.013541666666666667 0.09921875 0.0020833333333333333 0.0015625
1 0.40520833333333334 0.10078125 0.035416666666666666 0.0140625
1 0.053125 0.0953125 0.010416666666666666 0.003125
1 0.37604166666666666 0.09140625 0.0020833333333333333 0.0015625
1 0.3697916666666667 0.08984375 0.0020833333333333333 0.0015625
1 0.0010416666666666667 0.08046875 0.0020833333333333333 0.0015625
1 0.007291666666666667 0.07734375 0.0020833333333333333 0.0015625
1 0.35 0.08203125 0.03333333333333333 0.0140625
1 0.32708333333333334 0.0765625 0.004166666666666667 0.003125
1 0.03958333333333333 0.08515625 0.058333333333333334 0.0234375
1 0.33125 0.08828125 0.06666666666666667 0.0390625
1 0.007291666666666667 0.06953125 0.0020833333333333333 0.0015625
1 0.013541666666666667 0.06484375 0.0020833333333333333 0.0015625
1 0.3927083333333333 0.04453125 0.00625 0.0015625
1 0.303125 0.04453125 0.0020833333333333333 0.0015625
1 0.3625 0.04609375 0.0125 0.0078125
1 0.390625 0.03984375 0.0020833333333333333 0.0015625
1 0.32708333333333334 0.0484375 0.041666666666666664 0.021875
1 0.5208333333333334 0.03203125 0.004166666666666667 0.0015625
1 0.29270833333333335 0.03203125 0.00625 0.0046875
1 0.035416666666666666 0.03046875 0.004166666666666667 0.0078125
1 0.05520833333333333 0.02578125 0.00625 0.0015625
1 0.03125 0.021875 0.004166666666666667 0.003125
1 0.009375 0.03828125 0.01875 0.0484375
1 0.06458333333333334 0.0140625 0.008333333333333333 0.003125
1 0.29583333333333334 0.0140625 0.008333333333333333 0.00625
1 0.26875 0.01328125 0.004166666666666667 0.0046875
1 0.9697916666666667 0.00859375 0.04375 0.0109375
1 0.7416666666666667 0.00703125 0.004166666666666667 0.0109375
1 0.828125 0.07578125 0.34375 0.1515625
1 0.6260416666666667 0.01953125 0.01875 0.0390625
1 0.603125 0.0203125 0.03125 0.040625
1 0.4708333333333333 0.00234375 0.008333333333333333 0.0046875
1 0.4427083333333333 0.0125 0.06041666666666667 0.025
1 0.3927083333333333 0.0078125 0.022916666666666665 0.015625
1 0.3625 0.0234375 0.125 0.046875
1 0.27395833333333336 0.0046875 0.04791666666666667 0.009375
1 0.221875 0.003125 0.010416666666666666 0.00625
1 0.18645833333333334 0.00390625 0.03125 0.0078125
1 0.16145833333333334 0.09140625 0.26458333333333334 0.1828125
1 0.042708333333333334 0.0109375 0.035416666666666666 0.021875
