0 0.296875 0.79765625 0.00625 0.0015625
0 0.5125 0.79140625 0.004166666666666667 0.0015625
0 0.2625 0.7859375 0.004166666666666667 0.003125
0 0.284375 0.734375 0.00625 0.003125
0 0.5177083333333333 0.73203125 0.0020833333333333333 0.0015625
0 0.5010416666666667 0.73046875 0.0020833333333333333 0.0015625
0 0.36354166666666665 0.72734375 0.0020833333333333333 0.0015625
0 0.5260416666666666 0.7265625 0.00625 0.003125
0 0.5333333333333333 0.7234375 0.0125 0.003125
0 0.5458333333333333 0.71640625 0.004166666666666667 0.0015625
0 0.5354166666666667 0.68671875 0.004166666666666667 0.0046875
0 0.434375 0.6734375 0.0020833333333333333 0.003125
0 0.23229166666666667 0.65703125 0.0020833333333333333 0.0015625
0 0.23229166666666667 0.6484375 0.0020833333333333333 0.003125
0 0.878125 0.62109375 0.0020833333333333333 0.0015625
0 0.8364583333333333 0.61015625 0.0020833333333333333 0.0015625
0 0.44583333333333336 0.59609375 0.008333333333333333 0.0046875
0 0.43645833333333334 0.5921875 0.00625 0.003125
0 0.165625 0.56796875 0.0020833333333333333 0.0015625
0 0.14895833333333333 0.5640625 0.00625 0.003125
0 0.4635416666666667 0.471875 0.014583333333333334 0.0125
0 0.3885416666666667 0.4609375 0.00625 0.00625
0 0.390625 0.45546875 0.0020833333333333333 0.0015625
0 0.44479166666666664 0.4578125 0.014583333333333334 0.0125
0 0.39375 0.45078125 0.004166666666666667 0.0046875
0 0.4083333333333333 0.4484375 0.004166666666666667 0.003125
0 0.4322916666666667 0.44609375 0.0020833333333333333 0.0015625
0 0.39895833333333336 0.44921875 0.00625 0.0078125
0 0.6333333333333333 0.3734375 0.0125 0.028125
0 0.6322916666666667 0.35703125 0.0020833333333333333 0.0015625
0 0.7854166666666667 0.3078125 0.004166666666666667 0.0125
0 0.7677083333333333 0.28828125 0.0020833333333333333 0.0015625
0 0.016666666666666666 0.196875 0.008333333333333333 0.00625
0 0.015625 0.19140625 0.0020833333333333333 0.0015625
0 0.56875 0.1765625 0.004166666666666667 0.003125
0 0.027083333333333334 0.175 0.008333333333333333 0.00625
0 0.5895833333333333 0.17265625 0.008333333333333333 0.0046875
0 0.034375 0.1703125 0.00625 0.003125
0 0.5677083333333334 0.1703125 0.010416666666666666 0.00625
0 0.06875 0.1671875 0.004166666666666667 0.003125
0 0.06145833333333333 0.16328125 0.0020833333333333333 0.0015625
0 0.051041666666666666 0.16015625 0.0020833333333333333 0.0015625
0 0.046875 0.15703125 0.0020833333333333333 0.0015625
0 0.003125 0.15703125 0.0020833333333333333 0.0015625
0 0.08854166666666667 0.15546875 0.0020833333333333333 0.0015625
0 0.059375 0.15703125 0.0020833333333333333 0.0046875
0 0.09479166666666666 0.15390625 0.0020833333333333333 0.0015625
0 0.08229166666666667 0.14765625 0.0020833333333333333 0.0015625
0 0.07708333333333334 0.14453125 0.004166666666666667 0.0046875
0 0.07916666666666666 0.15 0.0375 0.034375
0 0.08229166666666667 0.13046875 0.0020833333333333333 0.0015625
0 0.071875 0.12890625 0.00625 0.0046875
0 0.06041666666666667 0.1265625 0.004166666666666667 0.003125
0 0.075 0.125 0.004166666666666667 0.003125
0 0.008333333333333333 0.12109375 0.004166666666666667 0.0015625
0 0.14166666666666666 0.12109375 0.008333333333333333 0.0046875
0 0.1 0.11953125 0.004166666666666667 0.0015625
0 0.007291666666666667 0.11796875 0.0020833333333333333 0.0015625
0 0.14270833333333333 0.11328125 0.0020833333333333333 0.0015625
0 0.14895833333333333 0.11015625 0.0020833333333333333 0.0015625
0 0.2635416666666667 0.10859375 0.0020833333333333333 0.0015625
0 0.3572916666666667 0.10703125 0.0020833333333333333 0.0015625
0 0.026041666666666668 0.10546875 0.0020833333333333333 0.0015625
0 0.35520833333333335 0.10390625 0.0020833333333333333 0.0015625
0 0.253125 0.10390625 0.0020833333333333333 0.0015625
0 0.23020833333333332 0.10390625 0.0020833333333333333 0.0015625
0 0.021875 0.10390625 0.0020833333333333333 0.0015625
0 0.165625 0.10234375 0.0020833333333333333 0.0015625
0 0.37395833333333334 0.10078125 0.0020833333333333333 0.0015625
0 0.14895833333333333 0.10234375 0.01875 0.0078125
0 0.013541666666666667 0.09921875 0.0020833333333333333 0.0015625
0 0.240625 0.0984375 0.00625 0.003125
0 0.11770833333333333 0.09921875 0.00625 0.0046875
0 0.22395833333333334 0.09453125 0.0020833333333333333 0.0015625
0 0.12395833333333334 0.09375 0.00625 0.003125
0 0.14270833333333333 0.09140625 0.0020833333333333333 0.0015625
0 0.08020833333333334 0.0984375 0.022916666666666665 0.015625
0 0.057291666666666664 0.090625 0.0020833333333333333 0.003125
0 0.051041666666666666 0.08828125 0.0020833333333333333 0.0015625
0 0.020833333333333332 0.0953125 0.025 0.015625
0 0.059375 0.08515625 0.0020833333333333333 0.0015625
0 0.228125 0.08359375 0.0020833333333333333 0.0015625
0 0.27395833333333336 0.08125 0.00625 0.003125
0 0.26666666666666666 0.07890625 0.004166666666666667 0.0015625
0 0.07083333333333333 0.07890625 0.004166666666666667 0.0078125
0 0.2552083333333333 0.07421875 0.0020833333333333333 0.0015625
0 0.13229166666666667 0.071875 0.0020833333333333333 0.003125
0 0.18854166666666666 0.06015625 0.0020833333333333333 0.0015625
0 0.2760416666666667 0.05859375 0.0020833333333333333 0.0015625
0 0.11979166666666667 0.05390625 0.0020833333333333333 0.0015625
0 0.24583333333333332 0.0578125 0.008333333333333333 0.015625
0 0.11875 0.05 0.004166666666666667 0.003125
0 0.046875 0.04921875 0.0020833333333333333 0.0015625
0 0.059375 0.05390625 0.01875 0.0140625
0 0.26145833333333335 0.04609375 0.0020833333333333333 0.0015625
0 0.18020833333333333 0.046875 0.0020833333333333333 0.003125
0 0.11354166666666667 0.04453125 0.0020833333333333333 0.0015625
0 0.030208333333333334 0.0484375 0.014583333333333334 0.009375
0 0.25104166666666666 0.03828125 0.0020833333333333333 0.0015625
0 0.24270833333333333 0.03828125 0.0020833333333333333 0.0015625
0 0.06770833333333333 0.03203125 0.0020833333333333333 0.0015625
0 0.340625 0.02890625 0.0020833333333333333 0.0015625
0 0.146875 0.0296875 0.010416666666666666 0.009375
0 0.115625 0.01953125 0.0020833333333333333 0.0015625
0 0.18645833333333334 0.01796875 0.0020833333333333333 0.0015625
0 0.016666666666666666 0.02109375 0.004166666666666667 0.0078125
0 0.21145833333333333 0.01640625 0.00625 0.0015625
0 0.09270833333333334 0.01640625 0.0020833333333333333 0.0015625
0 0.190625 0.01640625 0.00625 0.0046875
0 0.20208333333333334 0.01484375 0.004166666666666667 0.0078125
0 0.18854166666666666 0.01171875 0.0020833333333333333 0.0015625
0 0.027083333333333334 0.0125 0.004166666666666667 0.003125
0 0.051041666666666666 0.01015625 0.0020833333333333333 0.0015625
0 0.07708333333333334 0.0125 0.0125 0.0125
0 0.30104166666666665 0.00546875 0.0020833333333333333 0.0015625
0 0.23541666666666666 0.0046875 0.004166666666666667 0.003125
0 0.30520833333333336 0.00234375 0.0020833333333333333 0.0015625
0 0.23958333333333334 0.00078125 0.004166666666666667 0.0015625
0 0.146875 0.00078125 0.0020833333333333333 0.0015625
0 0.11666666666666667 0.00234375 0.004166666666666667 0.0046875
0 0.10625 0.0078125 0.0125 0.015625
1 0.5729166666666666 0.84765625 0.008333333333333333 0.0046875
1 0.5677083333333334 0.84453125 0.0020833333333333333 0.0015625
1 0.559375 0.83984375 0.0020833333333333333 0.0015625
1 0.6010416666666667 0.8546875 0.04375 0.0375
1 0.54375 0.83046875 0.004166666666666667 0.0046875
1 0.571875 0.8265625 0.00625 0.003125
1 0.5364583333333334 0.82265625 0.00625 0.0046875
1 0.7958333333333333 0.81875 0.004166666666666667 0.009375
1 0.5260416666666666 0.8109375 0.0020833333333333333 0.003125
1 0.5552083333333333 0.815625 0.022916666666666665 0.01875
1 0.5208333333333334 0.80703125 0.004166666666666667 0.0046875
1 0.215625 0.803125 0.00625 0.00625
1 0.48020833333333335 0.79921875 0.0020833333333333333 0.0015625
1 0.32395833333333335 0.79921875 0.010416666666666666 0.0015625
1 0.3104166666666667 0.79921875 0.004166666666666667 0.0015625
1 0.303125 0.79921875 0.0020833333333333333 0.0015625
1 0.334375 0.79765625 0.0020833333333333333 0.0015625
1 0.5010416666666667 0.79609375 0.0020833333333333333 0.0015625
1 0.49166666666666664 0.796875 0.004166666666666667 0.003125
1 0.48333333333333334 0.796875 0.004166666666666667 0.003125
1 0.22916666666666666 0.79609375 0.004166666666666667 0.0015625
1 0.4864583333333333 0.79453125 0.0020833333333333333 0.0015625
1 0.23854166666666668 0.79453125 0.010416666666666666 0.0046875
1 0.3927083333333333 0.79140625 0.03958333333333333 0.0171875
1 0.4625 0.7796875 0.004166666666666667 0.003125
1 0.353125 0.77890625 0.0020833333333333333 0.0015625
1 0.44895833333333335 0.7875 0.01875 0.025
1 0.28854166666666664 0.77578125 0.0020833333333333333 0.0015625
1 0.8020833333333334 0.78984375 0.0125 0.0359375
1 0.440625 0.76953125 0.0020833333333333333 0.0015625
1 0.365625 0.7671875 0.0020833333333333333 0.003125
1 0.45729166666666665 0.76484375 0.0020833333333333333 0.0015625
1 0.3177083333333333 0.76484375 0.0020833333333333333 0.0015625
1 0.3572916666666667 0.76171875 0.0020833333333333333 0.0015625
1 0.3541666666666667 0.77109375 0.041666666666666664 0.0234375
1 0.353125 0.75859375 0.00625 0.0015625
1 0.31354166666666666 0.75859375 0.00625 0.0015625
1 0.3229166666666667 0.75703125 0.004166666666666667 0.0015625
1 0.4010416666666667 0.75546875 0.0020833333333333333 0.0015625
1 0.3385416666666667 0.75390625 0.0020833333333333333 0.0015625
1 0.30104166666666665 0.75234375 0.0020833333333333333 0.0015625
1 0.7520833333333333 0.746875 0.008333333333333333 0.003125
1 0.4239583333333333 0.74296875 0.0020833333333333333 0.0015625
1 0.2708333333333333 0.74375 0.008333333333333333 0.00625
1 0.740625 0.74140625 0.010416666666666666 0.0046875
1 0.3802083333333333 0.73828125 0.0020833333333333333 0.0015625
1 0.37604166666666666 0.73671875 0.0020833333333333333 0.0015625
1 0.20416666666666666 0.740625 0.008333333333333333 0.0125
1 0.7833333333333333 0.7421875 0.020833333333333332 0.01875
1 0.721875 0.73046875 0.0020833333333333333 0.0015625
1 0.61875 0.7375 0.025 0.015625
1 0.38645833333333335 0.73046875 0.0020833333333333333 0.0015625
1 0.2864583333333333 0.73046875 0.0020833333333333333 0.0015625
1 0.28229166666666666 0.73046875 0.0020833333333333333 0.0015625
1 0.56875 0.7296875 0.004166666666666667 0.003125
1 0.2760416666666667 0.7296875 0.00625 0.003125
1 0.7375 0.7296875 0.016666666666666666 0.00625
1 0.6760416666666667 0.72734375 0.0020833333333333333 0.0015625
1 0.54375 0.72890625 0.0125 0.0046875
1 0.353125 0.72890625 0.00625 0.0046875
1 0.7260416666666667 0.72578125 0.0020833333333333333 0.0015625
1 0.6197916666666666 0.72578125 0.0020833333333333333 0.0015625
1 0.559375 0.72890625 0.014583333333333334 0.0078125
1 0.3729166666666667 0.72578125 0.004166666666666667 0.0015625
1 0.7208333333333333 0.72421875 0.004166666666666667 0.0015625
1 0.6770833333333334 0.72421875 0.004166666666666667 0.0015625
1 0.659375 0.725 0.014583333333333334 0.003125
1 0.6427083333333333 0.72421875 0.0020833333333333333 0.0015625
1 0.6385416666666667 0.72421875 0.0020833333333333333 0.0015625
1 0.5927083333333333 0.7265625 0.03958333333333333 0.00625
1 0.36770833333333336 0.72421875 0.0020833333333333333 0.0015625
1 0.24583333333333332 0.72421875 0.004166666666666667 0.0015625
1 0.240625 0.72421875 0.0020833333333333333 0.0015625
1 0.7135416666666666 0.72265625 0.00625 0.0015625
1 0.35 0.7234375 0.016666666666666666 0.003125
1 0.23541666666666666 0.72265625 0.004166666666666667 0.0015625
1 0.14791666666666667 0.72265625 0.004166666666666667 0.0015625
1 0.7375 0.71953125 0.004166666666666667 0.0015625
1 0.6802083333333333 0.71796875 0.00625 0.0015625
1 0.25729166666666664 0.721875 0.027083333333333334 0.0125
1 0.640625 0.70859375 0.010416666666666666 0.0015625
1 0.9989583333333333 0.70703125 0.0020833333333333333 0.0015625
1 0.690625 0.71484375 0.014583333333333334 0.0171875
1 0.6625 0.709375 0.020833333333333332 0.00625
1 0.6302083333333334 0.70703125 0.0020833333333333333 0.0015625
1 0.5802083333333333 0.70703125 0.0020833333333333333 0.0015625
1 0.5645833333333333 0.71015625 0.025 0.0109375
1 0.99375 0.7015625 0.004166666666666667 0.003125
1 0.18541666666666667 0.70078125 0.004166666666666667 0.0015625
1 0.019791666666666666 0.69921875 0.0020833333333333333 0.0015625
1 0.9947916666666666 0.69765625 0.0020833333333333333 0.0015625
1 0.9885416666666667 0.69453125 0.0020833333333333333 0.0015625
1 0.221875 0.69453125 0.0020833333333333333 0.0015625
1 0.21041666666666667 0.69765625 0.016666666666666666 0.0078125
1 0.9739583333333334 0.68046875 0.0020833333333333333 0.0015625
1 0.027083333333333334 0.68984375 0.05416666666666667 0.0203125
1 0.9822916666666667 0.67890625 0.0020833333333333333 0.0015625
1 0.4125 0.68046875 0.004166666666666667 0.0046875
1 0.37916666666666665 0.6796875 0.004166666666666667 0.003125
1 0.40625 0.67578125 0.004166666666666667 0.0015625
1 0.396875 0.67734375 0.00625 0.0046875
1 0.5989583333333334 0.67421875 0.0020833333333333333 0.0015625
1 0.2125 0.67265625 0.004166666666666667 0.0015625
1 0.39166666666666666 0.66484375 0.008333333333333333 0.0046875
1 0.3572916666666667 0.66171875 0.00625 0.0015625
1 0.165625 0.66171875 0.00625 0.0015625
1 0.17604166666666668 0.66015625 0.00625 0.0015625
1 0.60625 0.6578125 0.004166666666666667 0.003125
1 0.33958333333333335 0.65703125 0.004166666666666667 0.0015625
1 0.15520833333333334 0.659375 0.010416666666666666 0.00625
1 0.38333333333333336 0.65625 0.0125 0.009375
1 0.16458333333333333 0.65234375 0.004166666666666667 0.0015625
1 0.6135416666666667 0.65078125 0.0020833333333333333 0.0015625
1 0.33229166666666665 0.65078125 0.0020833333333333333 0.0015625
1 0.240625 0.65078125 0.00625 0.0015625
1 0.17604166666666668 0.65234375 0.010416666666666666 0.0046875
1 0.378125 0.6484375 0.0020833333333333333 0.003125
1 0.7322916666666667 0.6703125 0.03958333333333333 0.05625
1 0.37604166666666666 0.64375 0.0020833333333333333 0.003125
1 0.49270833333333336 0.64140625 0.0020833333333333333 0.0015625
1 0.3177083333333333 0.646875 0.022916666666666665 0.0125
1 0.36041666666666666 0.64609375 0.029166666666666667 0.0171875
1 0.33645833333333336 0.640625 0.010416666666666666 0.009375
1 0.30416666666666664 0.6375 0.008333333333333333 0.003125
1 0.6239583333333333 0.67265625 0.08125 0.0765625
1 0.35208333333333336 0.6328125 0.004166666666666667 0.003125
1 0.4979166666666667 0.63046875 0.004166666666666667 0.0015625
1 0.465625 0.62578125 0.0020833333333333333 0.0015625
1 0.2760416666666667 0.62578125 0.0020833333333333333 0.0015625
1 0.37604166666666666 0.62265625 0.0020833333333333333 0.0015625
1 0.33229166666666665 0.6234375 0.0020833333333333333 0.003125
1 0.27395833333333336 0.62109375 0.0020833333333333333 0.0015625
1 0.5114583333333333 0.61953125 0.00625 0.0046875
1 0.5041666666666667 0.6171875 0.004166666666666667 0.003125
1 0.31979166666666664 0.61796875 0.01875 0.0078125
1 0.2864583333333333 0.61171875 0.0020833333333333333 0.0015625
1 0.30833333333333335 0.6109375 0.004166666666666667 0.003125
1 0.28854166666666664 0.60859375 0.0020833333333333333 0.0015625
1 0.459375 0.60625 0.0020833333333333333 0.003125
1 0.21666666666666667 0.60625 0.004166666666666667 0.003125
1 0.8291666666666667 0.603125 0.004166666666666667 0.003125
1 0.309375 0.6046875 0.014583333333333334 0.009375
1 0.26875 0.6984375 0.15416666666666667 0.203125
1 0.3572916666666667 0.5953125 0.00625 0.003125
1 0.4583333333333333 0.59609375 0.025 0.0109375
1 0.3614583333333333 0.59140625 0.0020833333333333333 0.0015625
1 0.26666666666666666 0.59375 0.020833333333333332 0.009375
1 0.7510416666666667 0.5890625 0.00625 0.003125
1 0.44479166666666664 0.58828125 0.0020833333333333333 0.0015625
1 0.25104166666666666 0.58828125 0.0020833333333333333 0.0015625
1 0.440625 0.58671875 0.0020833333333333333 0.0015625
1 0.3489583333333333 0.58671875 0.0020833333333333333 0.0015625
1 0.35833333333333334 0.5859375 0.016666666666666666 0.009375
1 0.2947916666666667 0.57890625 0.0020833333333333333 0.0015625
1 0.09270833333333334 0.58046875 0.010416666666666666 0.0078125
1 0.7333333333333333 0.5765625 0.0125 0.003125
1 0.10729166666666666 0.57421875 0.0020833333333333333 0.0015625
1 0.26875 0.5734375 0.008333333333333333 0.003125
1 0.10520833333333333 0.56953125 0.0020833333333333333 0.0015625
1 0.3572916666666667 0.56640625 0.0020833333333333333 0.0015625
1 0.19375 0.5671875 0.004166666666666667 0.003125
1 0.09479166666666666 0.56796875 0.014583333333333334 0.0046875
1 0.4166666666666667 0.56171875 0.004166666666666667 0.0015625
1 0.14791666666666667 0.55546875 0.03333333333333333 0.0109375
1 0.11875 0.54453125 0.004166666666666667 0.0015625
1 0.303125 0.54140625 0.0020833333333333333 0.0015625
1 0.0010416666666666667 0.53984375 0.0020833333333333333 0.0015625
1 0.30416666666666664 0.53828125 0.008333333333333333 0.0015625
1 0.5447916666666667 0.52578125 0.0020833333333333333 0.0015625
1 0.47604166666666664 0.52578125 0.0020833333333333333 0.0015625
1 0.428125 0.5234375 0.010416666666666666 0.009375
1 0.015625 0.5234375 0.03125 0.009375
1 0.5510416666666667 0.51875 0.0020833333333333333 0.003125
1 0.55625 0.5140625 0.004166666666666667 0.003125
1 0.796875 0.5140625 0.00625 0.00625
1 0.7947916666666667 0.50859375 0.0020833333333333333 0.0015625
1 0.023958333333333335 0.5078125 0.014583333333333334 0.00625
1 0.5625 0.50546875 0.008333333333333333 0.0109375
1 0.8020833333333334 0.50390625 0.008333333333333333 0.0109375
1 0.4822916666666667 0.5078125 0.010416666666666666 0.04375
1 0.8104166666666667 0.4875 0.008333333333333333 0.009375
1 0.4083333333333333 0.4890625 0.0125 0.015625
1 0.23541666666666666 0.48515625 0.0125 0.0078125
1 0.48125 0.48125 0.004166666666666667 0.003125
1 0.46145833333333336 0.47890625 0.0020833333333333333 0.0015625
1 0.47708333333333336 0.47578125 0.004166666666666667 0.0046875
1 0.20729166666666668 0.475 0.035416666666666666 0.0125
1 0.46979166666666666 0.46875 0.00625 0.003125
1 0.4635416666666667 0.46328125 0.0020833333333333333 0.0015625
1 0.44166666666666665 0.471875 0.0125 0.025
1 0.39791666666666664 0.4609375 0.004166666666666667 0.003125
1 0.45729166666666665 0.45859375 0.0020833333333333333 0.0015625
1 0.04479166666666667 0.45859375 0.0020833333333333333 0.0015625
1 0.434375 0.45703125 0.0020833333333333333 0.0015625
1 0.246875 0.45546875 0.00625 0.0015625
1 0.010416666666666666 0.45546875 0.004166666666666667 0.0015625
1 0.428125 0.45390625 0.0020833333333333333 0.0015625
1 0.46041666666666664 0.453125 0.004166666666666667 0.003125
1 0.40625 0.4546875 0.0125 0.00625
1 0.16354166666666667 0.453125 0.0020833333333333333 0.003125
1 0.019791666666666666 0.45234375 0.0020833333333333333 0.0015625
1 0.009375 0.45234375 0.0020833333333333333 0.0015625
1 0.003125 0.45078125 0.0020833333333333333 0.0015625
1 0.003125 0.4453125 0.00625 0.00625
1 0.428125 0.43984375 0.0020833333333333333 0.0015625
1 0.259375 0.43671875 0.0020833333333333333 0.0015625
1 0.39791666666666664 0.4328125 0.004166666666666667 0.003125
1 0.4041666666666667 0.428125 0.004166666666666667 0.003125
1 0.43854166666666666 0.43984375 0.03125 0.0328125
1 0.24270833333333333 0.425 0.0020833333333333333 0.003125
1 0.4322916666666667 0.42109375 0.0020833333333333333 0.0015625
1 0.23229166666666667 0.42109375 0.0020833333333333333 0.0015625
1 0.25104166666666666 0.41640625 0.0020833333333333333 0.0015625
1 0.21354166666666666 0.41640625 0.022916666666666665 0.0078125
1 0.3072916666666667 0.41015625 0.0020833333333333333 0.0015625
1 0.24375 0.41015625 0.004166666666666667 0.0015625
1 0.24479166666666666 0.40703125 0.0020833333333333333 0.0015625
1 0.21145833333333333 0.40703125 0.0020833333333333333 0.0015625
1 0.634375 0.39453125 0.0020833333333333333 0.0015625
1 0.6364583333333333 0.39609375 0.00625 0.0078125
1 0.190625 0.38984375 0.0020833333333333333 0.0015625
1 0.3260416666666667 0.38671875 0.0020833333333333333 0.0015625
1 0.7375 0.37890625 0.004166666666666667 0.0015625
1 0.7260416666666667 0.37890625 0.0020833333333333333 0.0015625
1 0.5010416666666667 0.5859375 0.4395833333333333 0.415625
1 0.746875 0.37578125 0.0020833333333333333 0.0015625
1 0.7510416666666667 0.37421875 0.0020833333333333333 0.0015625
1 0.75625 0.3734375 0.004166666666666667 0.003125
1 0.609375 0.37265625 0.0020833333333333333 0.0015625
1 0.7739583333333333 0.36953125 0.0020833333333333333 0.0015625
1 0.76875 0.36953125 0.004166666666666667 0.0015625
1 0.8364583333333333 0.36796875 0.0020833333333333333 0.0015625
1 0.7239583333333334 0.36640625 0.0020833333333333333 0.0015625
1 0.6125 0.36875 0.004166666666666667 0.00625
1 0.834375 0.36484375 0.010416666666666666 0.0015625
1 0.8208333333333333 0.36484375 0.004166666666666667 0.0015625
1 0.6135416666666667 0.36328125 0.0020833333333333333 0.0015625
1 0.8322916666666667 0.3578125 0.00625 0.003125
1 0.740625 0.35703125 0.0020833333333333333 0.0015625
1 0.815625 0.35546875 0.0020833333333333333 0.0015625
1 0.3458333333333333 0.35546875 0.004166666666666667 0.0015625
1 0.496875 0.353125 0.0020833333333333333 0.003125
1 0.103125 0.35234375 0.0020833333333333333 0.0015625
1 0.026041666666666668 0.35234375 0.0020833333333333333 0.0015625
1 0.5322916666666667 0.3484375 0.0020833333333333333 0.003125
1 0.465625 0.34765625 0.0020833333333333333 0.0015625
1 0.7510416666666667 0.3484375 0.010416666666666666 0.00625
1 0.5302083333333333 0.34453125 0.0020833333333333333 0.0015625
1 0.740625 0.33828125 0.0020833333333333333 0.0015625
1 0.5979166666666667 0.33671875 0.025 0.0203125
1 0.09791666666666667 0.32890625 0.004166666666666667 0.0046875
1 0.021875 0.32421875 0.0020833333333333333 0.0015625
1 0.6135416666666667 0.32109375 0.0020833333333333333 0.0015625
1 0.09895833333333333 0.32109375 0.0020833333333333333 0.0015625
1 0.559375 0.36953125 0.06041666666666667 0.1046875
1 0.021875 0.31875 0.0020833333333333333 0.003125
1 0.05 0.31875 0.008333333333333333 0.00625
1 0.790625 0.39140625 0.06875 0.1640625
1 0.48854166666666665 0.30546875 0.0020833333333333333 0.0015625
1 0.634375 0.31015625 0.022916666666666665 0.0171875
1 0.5552083333333333 0.30625 0.010416666666666666 0.009375
1 0.48541666666666666 0.30234375 0.004166666666666667 0.0015625
1 0.028125 0.30078125 0.0020833333333333333 0.0015625
1 0.203125 0.4375 0.40625 0.278125
1 0.5229166666666667 0.296875 0.004166666666666667 0.003125
1 0.0010416666666666667 0.296875 0.0020833333333333333 0.003125
1 0.0375 0.3 0.008333333333333333 0.0125
1 0.005208333333333333 0.29140625 0.0020833333333333333 0.0015625
1 0.041666666666666664 0.2890625 0.008333333333333333 0.00625
1 0.042708333333333334 0.28359375 0.0020833333333333333 0.0015625
1 0.5104166666666666 0.28828125 0.0125 0.0140625
1 0.5072916666666667 0.27890625 0.0020833333333333333 0.0015625
1 0.04895833333333333 0.27734375 0.0020833333333333333 0.0015625
1 0.040625 0.27734375 0.0020833333333333333 0.0015625
1 0.734375 0.2765625 0.0020833333333333333 0.003125
1 0.046875 0.27421875 0.0020833333333333333 0.0015625
1 0.8302083333333333 0.24296875 0.0020833333333333333 0.0015625
1 0.740625 0.24296875 0.0020833333333333333 0.0015625
1 0.978125 0.26015625 0.03125 0.0796875
1 0.10520833333333333 0.20234375 0.0020833333333333333 0.0015625
1 0.94375 0.209375 0.020833333333333332 0.01875
1 0.5760416666666667 0.19296875 0.0020833333333333333 0.0015625
1 0.4864583333333333 0.18515625 0.0020833333333333333 0.0015625
1 0.059375 0.18671875 0.00625 0.0046875
1 0.734375 0.184375 0.0020833333333333333 0.003125
1 0.06354166666666666 0.1828125 0.0020833333333333333 0.003125
1 0.484375 0.18046875 0.00625 0.0015625
1 0.09895833333333333 0.17578125 0.0020833333333333333 0.0015625
1 0.13229166666666667 0.18203125 0.027083333333333334 0.0171875
1 0.007291666666666667 0.17421875 0.0020833333333333333 0.0015625
1 0.75 0.17109375 0.004166666666666667 0.0015625
1 0.004166666666666667 0.171875 0.008333333333333333 0.003125
1 0.7385416666666667 0.16796875 0.0020833333333333333 0.0015625
1 0.11979166666666667 0.16640625 0.0020833333333333333 0.0015625
1 0.7385416666666667 0.16328125 0.0020833333333333333 0.0015625
1 0.3958333333333333 0.15703125 0.004166666666666667 0.0015625
1 0.38333333333333336 0.15703125 0.025 0.0140625
1 0.007291666666666667 0.15234375 0.014583333333333334 0.0078125
1 0.571875 0.178125 0.07708333333333334 0.0625
1 0.13645833333333332 0.14765625 0.0020833333333333333 0.0015625
1 0.60625 0.15625 0.025 0.021875
1 0.11354166666666667 0.15546875 0.027083333333333334 0.0234375
1 0.7020833333333333 0.146875 0.004166666666666667 0.009375
1 0.7229166666666667 0.15 0.025 0.01875
1 0.628125 0.1484375 0.014583333333333334 0.01875
1 0.9260416666666667 0.13671875 0.0020833333333333333 0.0015625
1 0.15520833333333334 0.1421875 0.014583333333333334 0.015625
1 0.034375 0.1328125 0.0020833333333333333 0.003125
1 0.4125 0.1453125 0.029166666666666667 0.034375
1 0.7197916666666667 0.12734375 0.0020833333333333333 0.0015625
1 0.05 0.1390625 0.016666666666666666 0.025
1 0.009375 0.12734375 0.0020833333333333333 0.0015625
1 0.11770833333333333 0.12578125 0.0020833333333333333 0.0015625
1 0.11770833333333333 0.13359375 0.06041666666666667 0.0171875
1 0.80625 0.27265625 0.3416666666666667 0.3109375
1 0.11041666666666666 0.11328125 0.04583333333333333 0.0203125
1 0.3697916666666667 0.109375 0.014583333333333334 0.015625
1 0.04375 0.11328125 0.025 0.0265625
1 0.23541666666666666 0.09296875 0.004166666666666667 0.0046875
1 0.10416666666666667 0.0921875 0.008333333333333333 0.009375
1 0.034375 0.08359375 0.0020833333333333333 0.0015625
1 0.346875 0.09375 0.014583333333333334 0.028125
1 0.3260416666666667 0.0828125 0.014583333333333334 0.009375
1 0.24479166666666666 0.07734375 0.0020833333333333333 0.0015625
1 0.240625 0.07734375 0.0020833333333333333 0.0015625
1 0.022916666666666665 0.07109375 0.0125 0.0109375
1 0.3572916666666667 0.06171875 0.0020833333333333333 0.0015625
1 0.00625 0.071875 0.0125 0.025
1 0.03854166666666667 0.0609375 0.022916666666666665 0.0125
1 0.25625 0.0515625 0.004166666666666667 0.003125
1 0.3072916666666667 0.04921875 0.0020833333333333333 0.0015625
1 0.25104166666666666 0.04921875 0.0020833333333333333 0.0015625
1 0.3020833333333333 0.04765625 0.004166666666666667 0.0046875
1 0.29270833333333335 0.0546875 0.01875 0.01875
1 0.10729166666666666 0.065625 0.052083333333333336 0.04375
1 0.1875 0.04140625 0.008333333333333333 0.0046875
1 0.46770833333333334 0.03671875 0.0020833333333333333 0.0015625
1 0.26979166666666665 0.03984375 0.00625 0.0078125
1 0.3333333333333333 0.03515625 0.004166666666666667 0.0015625
1 0.46979166666666666 0.03359375 0.0020833333333333333 0.0015625
1 0.3385416666666667 0.03359375 0.0020833333333333333 0.0015625
1 0.31666666666666665 0.03984375 0.020833333333333332 0.0140625
1 0.33125 0.03203125 0.004166666666666667 0.0015625
1 0.040625 0.03671875 0.035416666666666666 0.0109375
1 0.29270833333333335 0.0328125 0.01875 0.0125
1 0.3177083333333333 0.01484375 0.01875 0.0140625
1 0.5041666666666667 0.00859375 0.008333333333333333 0.0078125
1 0.4864583333333333 0.00078125 0.0020833333333333333 0.0015625
2 0.6 0.8625 0.008333333333333333 0.00625
2 0.5583333333333333 0.8390625 0.004166666666666667 0.003125
2 0.5447916666666667 0.82890625 0.0020833333333333333 0.0015625
2 0.5364583333333334 0.82265625 0.00625 0.0046875
2 0.5260416666666666 0.81015625 0.0020833333333333333 0.0015625
2 0.5645833333333333 0.8328125 0.058333333333333334 0.05
2 0.5208333333333334 0.80625 0.004166666666666667 0.003125
2 0.32395833333333335 0.79921875 0.010416666666666666 0.0015625
2 0.484375 0.79765625 0.0020833333333333333 0.0015625
2 0.334375 0.79765625 0.0020833333333333333 0.0015625
2 0.25 0.79765625 0.004166666666666667 0.0015625
2 0.240625 0.79296875 0.0020833333333333333 0.0015625
2 0.22395833333333334 0.7890625 0.0020833333333333333 0.003125
2 0.5052083333333334 0.78984375 0.01875 0.0078125
2 0.3489583333333333 0.78515625 0.0020833333333333333 0.0015625
2 0.3645833333333333 0.78125 0.0125 0.003125
2 0.446875 0.7796875 0.00625 0.00625
2 0.28541666666666665 0.7875 0.12083333333333333 0.025
2 0.3625 0.77265625 0.004166666666666667 0.0015625
2 0.5104166666666666 0.7703125 0.020833333333333332 0.01875
2 0.34791666666666665 0.76328125 0.004166666666666667 0.0046875
2 0.30833333333333335 0.7546875 0.008333333333333333 0.003125
2 0.453125 0.7546875 0.010416666666666666 0.009375
2 0.44895833333333335 0.753125 0.00625 0.00625
2 0.4125 0.753125 0.0125 0.00625
2 0.403125 0.746875 0.01875 0.00625
2 0.26979166666666665 0.74375 0.0020833333333333333 0.003125
2 0.4479166666666667 0.74375 0.008333333333333333 0.00625
2 0.5447916666666667 0.74375 0.01875 0.0125
2 0.759375 0.73828125 0.06041666666666667 0.0234375
2 0.5395833333333333 0.728125 0.004166666666666667 0.003125
2 0.36354166666666665 0.72734375 0.0020833333333333333 0.0015625
2 0.7260416666666667 0.72578125 0.0020833333333333333 0.0015625
2 0.371875 0.72578125 0.0020833333333333333 0.0015625
2 0.359375 0.72578125 0.0020833333333333333 0.0015625
2 0.7208333333333333 0.72421875 0.004166666666666667 0.0015625
2 0.7135416666666666 0.72265625 0.00625 0.0015625
2 0.29583333333333334 0.725 0.008333333333333333 0.00625
2 0.2875 0.73515625 0.075 0.0296875
2 0.24583333333333332 0.71796875 0.004166666666666667 0.0015625
2 0.6885416666666667 0.71875 0.010416666666666666 0.009375
2 0.6520833333333333 0.715625 0.0625 0.01875
2 0.6302083333333334 0.70703125 0.0020833333333333333 0.0015625
2 0.5802083333333333 0.70703125 0.0020833333333333333 0.0015625
2 0.996875 0.6984375 0.00625 0.003125
2 0.5875 0.6984375 0.004166666666666667 0.003125
2 0.5177083333333333 0.68515625 0.0020833333333333333 0.0015625
2 0.56875 0.684375 0.004166666666666667 0.00625
2 0.9822916666666667 0.67890625 0.0020833333333333333 0.0015625
2 0.5552083333333333 0.68046875 0.00625 0.0046875
2 0.9802083333333333 0.67578125 0.0020833333333333333 0.0015625
2 0.5739583333333333 0.6765625 0.0020833333333333333 0.003125
2 0.409375 0.67890625 0.010416666666666666 0.0078125
2 0.9739583333333334 0.671875 0.0020833333333333333 0.003125
2 0.46875 0.67265625 0.004166666666666667 0.0046875
2 0.4427083333333333 0.6953125 0.035416666666666666 0.065625
2 0.39166666666666666 0.66484375 0.008333333333333333 0.0046875
2 0.571875 0.66171875 0.00625 0.0046875
2 0.4791666666666667 0.66171875 0.008333333333333333 0.0078125
2 0.54375 0.7015625 0.15416666666666667 0.090625
2 0.38229166666666664 0.65625 0.010416666666666666 0.009375
2 0.26979166666666665 0.65078125 0.0020833333333333333 0.0015625
2 0.5541666666666667 0.65078125 0.008333333333333333 0.0046875
2 0.48854166666666665 0.6515625 0.00625 0.00625
2 0.378125 0.64921875 0.0020833333333333333 0.0015625
2 0.46979166666666666 0.64765625 0.0020833333333333333 0.0015625
2 0.45416666666666666 0.6484375 0.008333333333333333 0.009375
2 0.2552083333333333 0.678125 0.06875 0.078125
2 0.6052083333333333 0.6390625 0.0020833333333333333 0.003125
2 0.3072916666666667 0.63828125 0.0020833333333333333 0.0015625
2 0.5635416666666667 0.640625 0.00625 0.009375
2 0.303125 0.63671875 0.0020833333333333333 0.0015625
2 0.5677083333333334 0.63359375 0.0020833333333333333 0.0015625
2 0.353125 0.63359375 0.0020833333333333333 0.0015625
2 0.7375 0.65625 0.029166666666666667 0.05
2 0.29270833333333335 0.63046875 0.0020833333333333333 0.0015625
2 0.36875 0.66796875 0.11666666666666667 0.0828125
2 0.465625 0.62578125 0.0020833333333333333 0.0015625
2 0.33229166666666665 0.62421875 0.0020833333333333333 0.0015625
2 0.3104166666666667 0.625 0.004166666666666667 0.003125
2 0.28020833333333334 0.62421875 0.00625 0.0046875
2 0.878125 0.6203125 0.0020833333333333333 0.003125
2 0.321875 0.61953125 0.010416666666666666 0.0046875
2 0.609375 0.62890625 0.06041666666666667 0.0359375
2 0.284375 0.61171875 0.010416666666666666 0.0078125
2 0.29791666666666666 0.6078125 0.004166666666666667 0.003125
2 0.45208333333333334 0.6078125 0.008333333333333333 0.00625
2 0.30416666666666664 0.60703125 0.004166666666666667 0.0046875
2 0.828125 0.60703125 0.027083333333333334 0.0109375
2 0.7135416666666666 0.60234375 0.0020833333333333333 0.0015625
2 0.6197916666666666 0.60234375 0.00625 0.0015625
2 0.25104166666666666 0.60234375 0.0020833333333333333 0.0015625
2 0.58125 0.60234375 0.008333333333333333 0.0046875
2 0.24479166666666666 0.60078125 0.0020833333333333333 0.0015625
2 0.7052083333333333 0.5984375 0.00625 0.003125
2 0.20208333333333334 0.5984375 0.004166666666666667 0.003125
2 0.6458333333333334 0.596875 0.020833333333333332 0.009375
2 0.26145833333333335 0.59921875 0.03125 0.0140625
2 0.6927083333333334 0.59296875 0.00625 0.0046875
2 0.3385416666666667 0.59609375 0.014583333333333334 0.0109375
2 0.7541666666666667 0.5921875 0.025 0.009375
2 0.3541666666666667 0.5890625 0.008333333333333333 0.003125
2 0.3489583333333333 0.58671875 0.0020833333333333333 0.0015625
2 0.296875 0.57578125 0.00625 0.0015625
2 0.4114583333333333 0.56953125 0.0020833333333333333 0.0015625
2 0.37604166666666666 0.56796875 0.0020833333333333333 0.0015625
2 0.19270833333333334 0.56796875 0.0020833333333333333 0.0015625
2 0.09895833333333333 0.5671875 0.01875 0.00625
2 0.4166666666666667 0.56171875 0.004166666666666667 0.0015625
2 0.603125 0.57578125 0.022916666666666665 0.0328125
2 0.3375 0.57890625 0.07083333333333333 0.0453125
2 0.11354166666666667 0.5578125 0.00625 0.003125
2 0.3854166666666667 0.55859375 0.016666666666666666 0.0234375
2 0.15208333333333332 0.55859375 0.07083333333333333 0.0234375
2 0.321875 0.54609375 0.00625 0.0109375
2 0.36666666666666664 0.540625 0.004166666666666667 0.003125
2 0.04895833333333333 0.53984375 0.0020833333333333333 0.0015625
2 0.0010416666666666667 0.53984375 0.0020833333333333333 0.0015625
2 0.35208333333333336 0.5390625 0.020833333333333332 0.021875
2 0.022916666666666665 0.53046875 0.04583333333333333 0.0171875
2 0.17083333333333334 0.53203125 0.016666666666666666 0.0265625
2 0.321875 0.52421875 0.014583333333333334 0.0203125
2 0.32708333333333334 0.5140625 0.0125 0.003125
2 0.315625 0.49921875 0.010416666666666666 0.0234375
2 0.47291666666666665 0.48203125 0.020833333333333332 0.0265625
2 0.46979166666666666 0.46875 0.00625 0.003125
2 0.45416666666666666 0.465625 0.008333333333333333 0.00625
2 0.44375 0.46484375 0.008333333333333333 0.0109375
2 0.45729166666666665 0.45859375 0.0020833333333333333 0.0015625
2 0.396875 0.45703125 0.0020833333333333333 0.0015625
2 0.24895833333333334 0.45546875 0.0020833333333333333 0.0015625
2 0.010416666666666666 0.45546875 0.004166666666666667 0.0015625
2 0.41041666666666665 0.453125 0.004166666666666667 0.003125
2 0.13125 0.453125 0.004166666666666667 0.003125
2 0.009375 0.45234375 0.0020833333333333333 0.0015625
2 0.4041666666666667 0.45234375 0.008333333333333333 0.0078125
2 0.028125 0.4484375 0.0020833333333333333 0.003125
2 0.5645833333333333 0.44765625 0.004166666666666667 0.0046875
2 0.39895833333333336 0.44921875 0.00625 0.0078125
2 0.046875 0.446875 0.00625 0.003125
2 0.03229166666666667 0.4484375 0.0020833333333333333 0.00625
2 0.4864583333333333 0.54765625 0.21875 0.2078125
2 0.003125 0.446875 0.00625 0.009375
2 0.440625 0.45078125 0.01875 0.0203125
2 0.007291666666666667 0.44453125 0.00625 0.0078125
2 0.19791666666666666 0.440625 0.004166666666666667 0.003125
2 0.04583333333333333 0.4390625 0.008333333333333333 0.003125
2 0.39479166666666665 0.43671875 0.0020833333333333333 0.0015625
2 0.25833333333333336 0.45234375 0.075 0.0390625
2 0.5697916666666667 0.43203125 0.0020833333333333333 0.0015625
2 0.215625 0.43203125 0.0020833333333333333 0.0015625
2 0.40520833333333334 0.42890625 0.0020833333333333333 0.0015625
2 0.5666666666666667 0.42734375 0.004166666666666667 0.0015625
2 0.803125 0.43046875 0.00625 0.0109375
2 0.428125 0.4265625 0.00625 0.003125
2 0.21979166666666666 0.428125 0.010416666666666666 0.00625
2 0.15416666666666667 0.43515625 0.008333333333333333 0.0203125
2 0.24270833333333333 0.42421875 0.0020833333333333333 0.0015625
2 0.8052083333333333 0.42265625 0.0020833333333333333 0.0015625
2 0.23854166666666668 0.42265625 0.0020833333333333333 0.0015625
2 0.036458333333333336 0.42265625 0.0020833333333333333 0.0015625
2 0.20208333333333334 0.421875 0.004166666666666667 0.003125
2 0.5927083333333333 0.41171875 0.0020833333333333333 0.0015625
2 0.7916666666666666 0.41171875 0.004166666666666667 0.0046875
2 0.04479166666666667 0.41640625 0.010416666666666666 0.0140625
2 0.19166666666666668 0.41015625 0.0125 0.0078125
2 0.0125 0.4171875 0.025 0.034375
2 0.6510416666666666 0.39765625 0.0020833333333333333 0.0015625
2 0.66875 0.403125 0.0125 0.015625
2 0.017708333333333333 0.396875 0.014583333333333334 0.00625
2 0.653125 0.39296875 0.0020833333333333333 0.0015625
2 0.31979166666666664 0.40234375 0.014583333333333334 0.0203125
2 0.6635416666666667 0.38984375 0.0020833333333333333 0.0015625
2 0.6822916666666666 0.38515625 0.00625 0.0046875
2 0.6447916666666667 0.38359375 0.0020833333333333333 0.0015625
2 0.7364583333333333 0.37890625 0.0020833333333333333 0.0015625
2 0.7260416666666667 0.37890625 0.0020833333333333333 0.0015625
2 0.671875 0.3828125 0.014583333333333334 0.0125
2 0.559375 0.38203125 0.00625 0.0140625
2 0.7510416666666667 0.37421875 0.0020833333333333333 0.0015625
2 0.359375 0.459375 0.07708333333333334 0.171875
2 0.5666666666666667 0.37265625 0.008333333333333333 0.0046875
2 0.7739583333333333 0.36953125 0.0020833333333333333 0.0015625
2 0.7677083333333333 0.36953125 0.00625 0.0015625
2 0.5520833333333334 0.371875 0.008333333333333333 0.00625
2 0.8302083333333333 0.36484375 0.0020833333333333333 0.0015625
2 0.7552083333333334 0.36484375 0.0020833333333333333 0.0015625
2 0.7125 0.37421875 0.05 0.0234375
2 0.6197916666666666 0.4 0.04791666666666667 0.084375
2 0.5802083333333333 0.36015625 0.0020833333333333333 0.0046875
2 0.6541666666666667 0.3734375 0.016666666666666666 0.034375
2 0.6322916666666667 0.35703125 0.0020833333333333333 0.0015625
2 0.6989583333333333 0.359375 0.00625 0.009375
2 0.6552083333333333 0.35078125 0.0020833333333333333 0.0015625
2 0.5927083333333333 0.35078125 0.0020833333333333333 0.0015625
2 0.5854166666666667 0.353125 0.004166666666666667 0.00625
2 0.546875 0.35859375 0.01875 0.0171875
2 0.7489583333333333 0.35 0.00625 0.003125
2 0.6833333333333333 0.35234375 0.004166666666666667 0.0078125
2 0.553125 0.34765625 0.0020833333333333333 0.0015625
2 0.696875 0.34765625 0.0020833333333333333 0.0046875
2 0.5947916666666667 0.340625 0.01875 0.015625
2 0.015625 0.328125 0.0020833333333333333 0.003125
2 0.66875 0.328125 0.004166666666666667 0.00625
2 0.6739583333333333 0.32265625 0.0020833333333333333 0.0015625
2 0.6114583333333333 0.32578125 0.01875 0.0109375
2 0.6135416666666667 0.32109375 0.0020833333333333333 0.0015625
2 0.5375 0.32421875 0.0125 0.0109375
2 0.6760416666666667 0.31796875 0.0020833333333333333 0.0015625
2 0.5302083333333333 0.31796875 0.0020833333333333333 0.0015625
2 0.73125 0.3109375 0.004166666666666667 0.00625
2 0.7427083333333333 0.3203125 0.01875 0.028125
2 0.7875 0.34609375 0.05416666666666667 0.0890625
2 0.7010416666666667 0.30234375 0.0020833333333333333 0.0015625
2 0.634375 0.31015625 0.022916666666666665 0.0171875
2 0.7145833333333333 0.3203125 0.029166666666666667 0.040625
2 0.003125 0.3015625 0.0020833333333333333 0.003125
2 0.5229166666666667 0.29609375 0.004166666666666667 0.0046875
2 0.5104166666666666 0.28828125 0.016666666666666666 0.0140625
2 0.7354166666666667 0.28359375 0.004166666666666667 0.0078125
2 0.4947916666666667 0.27890625 0.00625 0.0046875
2 0.48541666666666666 0.271875 0.004166666666666667 0.003125
2 0.609375 0.20234375 0.0020833333333333333 0.0015625
2 0.10520833333333333 0.20234375 0.0020833333333333333 0.0015625
2 0.59375 0.203125 0.0125 0.00625
2 0.8177083333333334 0.24921875 0.13125 0.1109375
2 0.12916666666666668 0.18828125 0.0125 0.0046875
2 0.14479166666666668 0.18359375 0.0020833333333333333 0.0015625
2 0.015625 0.18203125 0.0020833333333333333 0.0015625
2 0.4864583333333333 0.18046875 0.0020833333333333333 0.0015625
2 0.4822916666666667 0.18046875 0.0020833333333333333 0.0015625
2 0.06041666666666667 0.1828125 0.008333333333333333 0.0125
2 0.09895833333333333 0.17578125 0.0020833333333333333 0.0015625
2 0.13229166666666667 0.17734375 0.027083333333333334 0.0078125
2 0.008333333333333333 0.175 0.004166666666666667 0.003125
2 0.005208333333333333 0.17109375 0.00625 0.0015625
2 0.590625 0.16796875 0.0020833333333333333 0.0015625
2 0.11979166666666667 0.16640625 0.0020833333333333333 0.0015625
2 0.09583333333333334 0.1640625 0.004166666666666667 0.00625
2 0.5708333333333333 0.17265625 0.058333333333333334 0.0265625
2 0.051041666666666666 0.16015625 0.0020833333333333333 0.0015625
2 0.578125 0.15859375 0.0020833333333333333 0.0015625
2 0.046875 0.15703125 0.0020833333333333333 0.0015625
2 0.6166666666666667 0.15390625 0.004166666666666667 0.0046875
2 0.022916666666666665 0.15390625 0.004166666666666667 0.0078125
2 0.7322916666666667 0.14765625 0.0020833333333333333 0.0015625
2 0.007291666666666667 0.15234375 0.014583333333333334 0.0109375
2 0.734375 0.14453125 0.0020833333333333333 0.0015625
2 0.628125 0.15078125 0.014583333333333334 0.0140625
2 0.9208333333333333 0.1671875 0.07083333333333333 0.05
2 0.7020833333333333 0.146875 0.004166666666666667 0.009375
2 0.7208333333333333 0.15 0.020833333333333332 0.01875
2 0.06145833333333333 0.1421875 0.0020833333333333333 0.003125
2 0.4125 0.13515625 0.008333333333333333 0.0046875
2 0.9458333333333333 0.134375 0.008333333333333333 0.00625
2 0.034375 0.1328125 0.0020833333333333333 0.003125
2 0.019791666666666666 0.13203125 0.0020833333333333333 0.0015625
2 0.09270833333333334 0.134375 0.010416666666666666 0.009375
2 0.017708333333333333 0.12734375 0.0020833333333333333 0.0015625
2 0.011458333333333333 0.12734375 0.00625 0.0015625
2 0.11770833333333333 0.12578125 0.0020833333333333333 0.0015625
2 0.096875 0.12578125 0.0020833333333333333 0.0015625
2 0.9666666666666667 0.13203125 0.020833333333333332 0.0203125
2 0.008333333333333333 0.12109375 0.004166666666666667 0.0015625
2 0.13125 0.14296875 0.0625 0.0484375
2 0.059375 0.11796875 0.0020833333333333333 0.0015625
2 0.026041666666666668 0.11796875 0.0020833333333333333 0.0015625
2 0.007291666666666667 0.11796875 0.0020833333333333333 0.0015625
2 0.021875 0.11640625 0.0020833333333333333 0.0015625
2 0.9510416666666667 0.12265625 0.03125 0.0171875
2 0.017708333333333333 0.11171875 0.0020833333333333333 0.0015625
2 0.14895833333333333 0.11015625 0.0020833333333333333 0.0015625
2 0.026041666666666668 0.10546875 0.0020833333333333333 0.0015625
2 0.253125 0.10390625 0.0020833333333333333 0.0015625
2 0.021875 0.10390625 0.0020833333333333333 0.0015625
2 0.06979166666666667 0.10234375 0.0020833333333333333 0.0015625
2 0.04375 0.1296875 0.041666666666666664 0.059375
2 0.2552083333333333 0.09921875 0.0020833333333333333 0.0015625
2 0.234375 0.09375 0.01875 0.0125
2 0.051041666666666666 0.08828125 0.0020833333333333333 0.0015625
2 0.009375 0.08828125 0.0020833333333333333 0.0015625
2 0.29270833333333335 0.08515625 0.0020833333333333333 0.0015625
2 0.228125 0.08359375 0.0020833333333333333 0.0015625
2 0.0375 0.0859375 0.008333333333333333 0.00625
2 0.284375 0.0828125 0.0020833333333333333 0.003125
2 0.28854166666666664 0.08046875 0.0020833333333333333 0.0015625
2 0.346875 0.09765625 0.06041666666666667 0.0390625
2 0.004166666666666667 0.0828125 0.008333333333333333 0.0125
2 0.24166666666666667 0.0765625 0.008333333333333333 0.003125
2 0.253125 0.06484375 0.0020833333333333333 0.0015625
2 0.3572916666666667 0.06171875 0.0020833333333333333 0.0015625
2 0.3625 0.05859375 0.004166666666666667 0.0015625
2 0.321875 0.065625 0.014583333333333334 0.01875
2 0.35520833333333335 0.05390625 0.0020833333333333333 0.0015625
2 0.32395833333333335 0.05234375 0.0020833333333333333 0.0015625
2 0.03125 0.0515625 0.008333333333333333 0.003125
2 0.3072916666666667 0.04921875 0.0020833333333333333 0.0015625
2 0.30104166666666665 0.04609375 0.0020833333333333333 0.0015625
2 0.2947916666666667 0.0578125 0.022916666666666665 0.025
2 0.007291666666666667 0.04453125 0.0020833333333333333 0.0015625
2 0.07083333333333333 0.08203125 0.14166666666666666 0.0828125
2 0.2520833333333333 0.04921875 0.020833333333333332 0.0234375
2 0.25104166666666666 0.03828125 0.0020833333333333333 0.0015625
2 0.29791666666666666 0.03671875 0.004166666666666667 0.0015625
2 0.18645833333333334 0.04296875 0.014583333333333334 0.0140625
2 0.26875 0.03984375 0.008333333333333333 0.0109375
2 0.06354166666666666 0.0359375 0.0020833333333333333 0.003125
2 0.33541666666666664 0.034375 0.008333333333333333 0.003125
2 0.315625 0.03984375 0.022916666666666665 0.0140625
2 0.33125 0.03203125 0.004166666666666667 0.0015625
2 0.28854166666666664 0.03515625 0.010416666666666666 0.0078125
2 0.06770833333333333 0.03203125 0.0020833333333333333 0.0015625
2 0.31354166666666666 0.03046875 0.0020833333333333333 0.0015625
2 0.3385416666666667 0.0296875 0.00625 0.003125
2 0.29791666666666666 0.03125 0.008333333333333333 0.00625
2 0.284375 0.02890625 0.0020833333333333333 0.0015625
2 0.309375 0.02734375 0.0020833333333333333 0.0015625
2 0.290625 0.02734375 0.0020833333333333333 0.0015625
2 0.14895833333333333 0.0265625 0.00625 0.003125
2 0.14375 0.0234375 0.004166666666666667 0.003125
2 0.115625 0.01953125 0.0020833333333333333 0.0015625
2 0.21145833333333333 0.01640625 0.00625 0.0015625
2 0.18958333333333333 0.015625 0.004166666666666667 0.003125
2 0.20208333333333334 0.01484375 0.004166666666666667 0.0078125
2 0.19583333333333333 0.0125 0.004166666666666667 0.003125
2 0.18854166666666666 0.01171875 0.0020833333333333333 0.0015625
2 0.23645833333333333 0.00390625 0.0020833333333333333 0.0015625
2 0.30520833333333336 0.00234375 0.0020833333333333333 0.0015625
2 0.4864583333333333 0.00078125 0.0020833333333333333 0.0015625
2 0.31666666666666665 0.01328125 0.020833333333333332 0.0265625
2 0.23958333333333334 0.00078125 0.004166666666666667 0.0015625
2 0.11666666666666667 0.00234375 0.004166666666666667 0.0046875
2 0.06145833333333333 0.02265625 0.12291666666666666 0.0453125
