0 0.23020833333333332 0.82265625 0.00625 0.0015625
0 0.3885416666666667 0.68359375 0.00625 0.0109375
0 0.6385416666666667 0.51640625 0.010416666666666666 0.0140625
0 0.5010416666666667 0.59140625 0.21041666666666667 0.1640625
0 0.121875 0.43984375 0.0020833333333333333 0.0015625
0 0.625 0.43828125 0.004166666666666667 0.0046875
0 0.39791666666666664 0.4234375 0.004166666666666667 0.003125
0 0.196875 0.38359375 0.0020833333333333333 0.0015625
0 0.6364583333333333 0.35625 0.014583333333333334 0.009375
0 0.6322916666666667 0.34921875 0.0020833333333333333 0.0015625
0 0.6302083333333334 0.34296875 0.00625 0.0015625
0 0.5541666666666667 0.33671875 0.004166666666666667 0.0078125
0 0.5114583333333333 0.3234375 0.00625 0.003125
0 0.5645833333333333 0.3203125 0.004166666666666667 0.01875
0 0.096875 0.303125 0.0020833333333333333 0.003125
0 0.6864583333333333 0.30703125 0.035416666666666666 0.0171875
0 0.246875 0.29921875 0.0020833333333333333 0.0015625
0 0.7114583333333333 0.29609375 0.010416666666666666 0.0046875
0 0.48541666666666666 0.2875 0.004166666666666667 0.003125
0 0.515625 0.28828125 0.014583333333333334 0.0140625
0 0.553125 0.2890625 0.022916666666666665 0.040625
0 0.48854166666666665 0.271875 0.00625 0.00625
0 0.540625 0.265625 0.0020833333333333333 0.003125
0 0.5489583333333333 0.26328125 0.0020833333333333333 0.0015625
0 0.496875 0.26484375 0.00625 0.0046875
0 0.6510416666666666 0.26015625 0.0020833333333333333 0.0015625
0 0.5375 0.26015625 0.004166666666666667 0.0046875
0 0.4791666666666667 0.26171875 0.008333333333333333 0.0078125
0 0.525 0.253125 0.008333333333333333 0.009375
0 0.478125 0.24765625 0.0020833333333333333 0.0015625
0 0.19895833333333332 0.24765625 0.0020833333333333333 0.0015625
0 0.5885416666666666 0.2421875 0.0020833333333333333 0.003125
0 0.19479166666666667 0.24140625 0.0020833333333333333 0.0015625
0 0.515625 0.2375 0.0020833333333333333 0.003125
0 0.46875 0.2375 0.004166666666666667 0.003125
0 0.5177083333333333 0.22734375 0.0020833333333333333 0.0015625
0 0.5614583333333333 0.2265625 0.00625 0.003125
0 0.38645833333333335 0.22265625 0.00625 0.0015625
0 0.5760416666666667 0.22421875 0.010416666666666666 0.0078125
0 0.19479166666666667 0.22421875 0.010416666666666666 0.0078125
0 0.4125 0.215625 0.0375 0.009375
0 0.18541666666666667 0.2109375 0.004166666666666667 0.003125
0 0.6197916666666666 0.21015625 0.00625 0.0046875
0 0.48541666666666666 0.209375 0.0125 0.00625
0 0.446875 0.21796875 0.027083333333333334 0.0265625
0 0.43645833333333334 0.20234375 0.0020833333333333333 0.0015625
0 0.5125 0.20546875 0.008333333333333333 0.0109375
0 0.17604166666666668 0.20078125 0.0020833333333333333 0.0015625
0 0.43020833333333336 0.19921875 0.0020833333333333333 0.0015625
0 0.5010416666666667 0.1984375 0.0020833333333333333 0.003125
0 0.18645833333333334 0.19296875 0.0020833333333333333 0.0015625
0 0.42083333333333334 0.19375 0.004166666666666667 0.00625
0 0.41041666666666665 0.18359375 0.004166666666666667 0.0015625
0 0.14895833333333333 0.17265625 0.0020833333333333333 0.0015625
0 0.7291666666666666 0.171875 0.008333333333333333 0.003125
0 0.721875 0.16953125 0.014583333333333334 0.0078125
0 0.48541666666666666 0.171875 0.004166666666666667 0.0125
0 0.9708333333333333 0.16171875 0.016666666666666666 0.0109375
0 0.11979166666666667 0.15390625 0.0020833333333333333 0.0015625
0 0.0020833333333333333 0.15390625 0.004166666666666667 0.0078125
0 0.33958333333333335 0.14921875 0.004166666666666667 0.0015625
0 0.8385416666666666 0.14765625 0.0020833333333333333 0.0015625
0 0.334375 0.14765625 0.0020833333333333333 0.0015625
0 0.3020833333333333 0.15390625 0.03333333333333333 0.0140625
0 0.7916666666666666 0.14296875 0.004166666666666667 0.0015625
0 0.7989583333333333 0.14140625 0.0020833333333333333 0.0015625
0 0.8052083333333333 0.13984375 0.00625 0.0015625
0 0.825 0.14375 0.041666666666666664 0.0125
0 0.13020833333333334 0.15 0.03125 0.034375
0 0.765625 0.15 0.06875 0.0375
0 0.846875 0.12734375 0.00625 0.0015625
0 0.8375 0.12734375 0.008333333333333333 0.0015625
0 0.459375 0.13359375 0.014583333333333334 0.0171875
0 0.865625 0.1234375 0.014583333333333334 0.003125
0 0.3625 0.1296875 0.029166666666666667 0.021875
0 0.44479166666666664 0.11328125 0.010416666666666666 0.0140625
0 0.99375 0.11875 0.0125 0.028125
0 0.9291666666666667 0.11015625 0.008333333333333333 0.0109375
0 0.103125 0.11796875 0.022916666666666665 0.0296875
0 0.090625 0.10390625 0.0020833333333333333 0.0015625
0 0.98125 0.10390625 0.0125 0.0078125
0 0.10833333333333334 0.10390625 0.008333333333333333 0.0078125
0 0.42604166666666665 0.09765625 0.0020833333333333333 0.0015625
0 0.06145833333333333 0.09765625 0.0020833333333333333 0.0015625
0 0.153125 0.096875 0.0020833333333333333 0.003125
0 0.08541666666666667 0.0984375 0.004166666666666667 0.00625
0 0.271875 0.08984375 0.0020833333333333333 0.0015625
0 0.10729166666666666 0.08984375 0.0020833333333333333 0.0015625
0 0.10208333333333333 0.09375 0.008333333333333333 0.009375
0 0.534375 0.08828125 0.0020833333333333333 0.0015625
0 0.41770833333333335 0.08671875 0.0020833333333333333 0.0015625
0 0.16458333333333333 0.078125 0.004166666666666667 0.003125
0 0.9895833333333334 0.08359375 0.020833333333333332 0.0171875
0 0.28958333333333336 0.109375 0.09583333333333334 0.06875
0 0.9114583333333334 0.07265625 0.010416666666666666 0.0140625
0 0.403125 0.06640625 0.0020833333333333333 0.0015625
0 0.30833333333333335 0.071875 0.020833333333333332 0.0125
0 0.9416666666666667 0.06875 0.0125 0.0125
0 0.9135416666666667 0.06328125 0.0020833333333333333 0.0015625
0 0.33645833333333336 0.065625 0.00625 0.00625
0 0.8364583333333333 0.059375 0.00625 0.003125
0 0.8052083333333333 0.05859375 0.00625 0.0015625
0 0.27708333333333335 0.0640625 0.04583333333333333 0.015625
0 0.165625 0.05703125 0.0020833333333333333 0.0015625
0 0.403125 0.05546875 0.0020833333333333333 0.0015625
0 0.9614583333333333 0.05703125 0.022916666666666665 0.0140625
0 0.9239583333333333 0.05390625 0.00625 0.0078125
0 0.15104166666666666 0.05 0.00625 0.003125
0 0.04583333333333333 0.0546875 0.0125 0.0125
0 0.99375 0.05078125 0.0125 0.0078125
0 0.146875 0.04609375 0.0020833333333333333 0.0015625
0 0.04375 0.0453125 0.004166666666666667 0.003125
0 0.178125 0.04453125 0.0020833333333333333 0.0046875
0 0.18229166666666666 0.04140625 0.0020833333333333333 0.0015625
0 0.03958333333333333 0.04296875 0.004166666666666667 0.0046875
0 0.103125 0.0453125 0.01875 0.0125
0 0.140625 0.03828125 0.0020833333333333333 0.0015625
0 0.9510416666666667 0.03828125 0.00625 0.0046875
0 0.38645833333333335 0.03671875 0.0020833333333333333 0.0015625
0 0.15208333333333332 0.0390625 0.008333333333333333 0.00625
0 0.03125 0.0375 0.004166666666666667 0.003125
0 0.38958333333333334 0.0484375 0.0375 0.03125
0 0.14479166666666668 0.03359375 0.0020833333333333333 0.0015625
0 0.16041666666666668 0.03125 0.004166666666666667 0.003125
0 0.1875 0.03359375 0.008333333333333333 0.0109375
0 0.684375 0.02734375 0.0020833333333333333 0.0015625
0 0.165625 0.02734375 0.0020833333333333333 0.0015625
0 0.08541666666666667 0.03125 0.020833333333333332 0.0125
0 0.01875 0.028125 0.008333333333333333 0.00625
0 0.903125 0.02265625 0.010416666666666666 0.0046875
0 0.22291666666666668 0.02109375 0.004166666666666667 0.0046875
0 0.215625 0.02109375 0.00625 0.0046875
0 0.909375 0.01796875 0.0020833333333333333 0.0015625
0 0.246875 0.01796875 0.0020833333333333333 0.0015625
0 0.91875 0.021875 0.0125 0.0125
0 0.25416666666666665 0.01640625 0.004166666666666667 0.0015625
0 0.83125 0.01640625 0.004166666666666667 0.0046875
0 0.24895833333333334 0.0140625 0.0020833333333333333 0.003125
0 0.428125 0.01171875 0.0020833333333333333 0.0015625
0 0.2375 0.01328125 0.008333333333333333 0.0046875
0 0.803125 0.01015625 0.0020833333333333333 0.0015625
0 0.22291666666666668 0.01171875 0.004166666666666667 0.0046875
0 0.990625 0.01640625 0.014583333333333334 0.0171875
0 0.8645833333333334 0.009375 0.004166666666666667 0.003125
0 0.240625 0.00859375 0.0020833333333333333 0.0015625
0 0.965625 0.0109375 0.014583333333333334 0.009375
0 0.23645833333333333 0.0078125 0.0020833333333333333 0.003125
0 0.32395833333333335 0.00390625 0.0020833333333333333 0.0015625
0 0.9041666666666667 0.00625 0.04583333333333333 0.0125
0 0.8697916666666666 0.0015625 0.0020833333333333333 0.003125
0 0.8427083333333333 0.00234375 0.0020833333333333333 0.0046875
0 0.8270833333333333 0.00234375 0.0125 0.0046875
0 0.8177083333333334 0.00078125 0.0020833333333333333 0.0015625
0 0.4395833333333333 0.02890625 0.09166666666666666 0.0578125
0 0.36354166666666665 0.0046875 0.01875 0.009375
0 0.321875 0.00078125 0.0020833333333333333 0.0015625
0 0.2791666666666667 0.00546875 0.025 0.0109375
0 0.17291666666666666 0.003125 0.0125 0.00625
0 0.14583333333333334 0.01640625 0.041666666666666664 0.0328125
0 0.052083333333333336 0.0015625 0.004166666666666667 0.003125
1 0.390625 0.93046875 0.0020833333333333333 0.0015625
1 0.027083333333333334 0.94140625 0.05416666666666667 0.0609375
1 0.06354166666666666 0.90859375 0.0020833333333333333 0.0015625
1 0.07083333333333333 0.90234375 0.004166666666666667 0.0046875
1 0.10729166666666666 0.89765625 0.0020833333333333333 0.0015625
1 0.221875 0.84921875 0.0020833333333333333 0.0015625
1 0.19479166666666667 0.84765625 0.0020833333333333333 0.0015625
1 0.15208333333333332 0.86875 0.08333333333333333 0.05
1 0.196875 0.84296875 0.0020833333333333333 0.0015625
1 0.20833333333333334 0.84296875 0.008333333333333333 0.0046875
1 0.34479166666666666 0.85703125 0.09375 0.1421875
1 0.33229166666666665 0.78515625 0.0020833333333333333 0.0015625
1 0.26979166666666665 0.78515625 0.0020833333333333333 0.0015625
1 0.33229166666666665 0.78203125 0.0020833333333333333 0.0015625
1 0.3489583333333333 0.77578125 0.00625 0.0046875
1 0.19270833333333334 0.75234375 0.0020833333333333333 0.0015625
1 0.41041666666666665 0.740625 0.004166666666666667 0.003125
1 0.4114583333333333 0.73671875 0.0020833333333333333 0.0015625
1 0.25 0.73671875 0.004166666666666667 0.0015625
1 0.3145833333333333 0.746875 0.09166666666666666 0.03125
1 0.26458333333333334 0.734375 0.020833333333333332 0.00625
1 0.5447916666666667 0.72734375 0.0020833333333333333 0.0015625
1 0.5385416666666667 0.72578125 0.0020833333333333333 0.0015625
1 0.39895833333333336 0.72578125 0.0020833333333333333 0.0015625
1 0.07604166666666666 0.72265625 0.0020833333333333333 0.0015625
1 0.5677083333333334 0.73203125 0.06458333333333334 0.0234375
1 0.496875 0.72109375 0.014583333333333334 0.0046875
1 0.4239583333333333 0.71640625 0.0020833333333333333 0.0015625
1 0.49583333333333335 0.71484375 0.0125 0.0046875
1 0.6958333333333333 0.7125 0.0125 0.009375
1 0.6739583333333333 0.70703125 0.014583333333333334 0.0046875
1 0.43020833333333336 0.696875 0.0020833333333333333 0.003125
1 0.4354166666666667 0.69609375 0.004166666666666667 0.0046875
1 0.109375 0.68515625 0.0020833333333333333 0.0015625
1 0.13958333333333334 0.68671875 0.029166666666666667 0.0109375
1 0.096875 0.68046875 0.00625 0.0015625
1 0.440625 0.68046875 0.0020833333333333333 0.0078125
1 0.14895833333333333 0.67734375 0.0020833333333333333 0.0015625
1 0.390625 0.67265625 0.0020833333333333333 0.0015625
1 0.38229166666666664 0.7109375 0.11458333333333333 0.084375
1 0.09791666666666667 0.6671875 0.020833333333333332 0.021875
1 0.08645833333333333 0.65390625 0.0020833333333333333 0.0015625
1 0.45416666666666666 0.5984375 0.004166666666666667 0.003125
1 0.11875 0.56015625 0.004166666666666667 0.0046875
1 0.12291666666666666 0.55390625 0.004166666666666667 0.0078125
1 0.010416666666666666 0.54921875 0.020833333333333332 0.0078125
1 0.08020833333333334 0.54453125 0.0020833333333333333 0.0015625
1 0.11979166666666667 0.5453125 0.00625 0.00625
1 0.15520833333333334 0.54140625 0.0020833333333333333 0.0015625
1 0.15104166666666666 0.54140625 0.0020833333333333333 0.0015625
1 0.12916666666666668 0.54140625 0.008333333333333333 0.0046875
1 0.042708333333333334 0.53359375 0.010416666666666666 0.0046875
1 0.0625 0.53671875 0.04583333333333333 0.0140625
1 0.103125 0.53046875 0.022916666666666665 0.0109375
1 0.004166666666666667 0.5296875 0.008333333333333333 0.009375
1 0.026041666666666668 0.525 0.0020833333333333333 0.003125
1 0.06041666666666667 0.52265625 0.008333333333333333 0.0046875
1 0.04583333333333333 0.51875 0.016666666666666666 0.0125
1 0.021875 0.51171875 0.0020833333333333333 0.0015625
1 0.005208333333333333 0.50546875 0.0020833333333333333 0.0015625
1 0.15208333333333332 0.484375 0.008333333333333333 0.00625
1 0.20104166666666667 0.47890625 0.0020833333333333333 0.0015625
1 0.21354166666666666 0.47734375 0.0020833333333333333 0.0015625
1 0.18854166666666666 0.47734375 0.0020833333333333333 0.0015625
1 0.036458333333333336 0.47734375 0.0020833333333333333 0.0015625
1 0.13645833333333332 0.47265625 0.0020833333333333333 0.0015625
1 0.140625 0.47109375 0.0020833333333333333 0.0015625
1 0.14791666666666667 0.47265625 0.008333333333333333 0.0109375
1 0.035416666666666666 0.48828125 0.07083333333333333 0.0484375
1 0.43020833333333336 0.46328125 0.0020833333333333333 0.0015625
1 0.4322916666666667 0.46015625 0.0020833333333333333 0.0015625
1 0.09375 0.46171875 0.0125 0.0046875
1 0.06354166666666666 0.4609375 0.00625 0.003125
1 0.036458333333333336 0.45625 0.0020833333333333333 0.003125
1 0.425 0.4546875 0.004166666666666667 0.003125
1 0.428125 0.45078125 0.0020833333333333333 0.0015625
1 0.6302083333333334 0.44921875 0.0020833333333333333 0.0015625
1 0.6364583333333333 0.44765625 0.0020833333333333333 0.0015625
1 0.425 0.44453125 0.004166666666666667 0.0046875
1 0.43020833333333336 0.44140625 0.0020833333333333333 0.0015625
1 0.428125 0.43828125 0.0020833333333333333 0.0015625
1 0.41770833333333335 0.44140625 0.00625 0.0078125
1 0.221875 0.43828125 0.0020833333333333333 0.0015625
1 0.20729166666666668 0.45703125 0.027083333333333334 0.0390625
1 0.6177083333333333 0.43671875 0.0020833333333333333 0.0015625
1 0.04895833333333333 0.43515625 0.0020833333333333333 0.0015625
1 0.225 0.4328125 0.004166666666666667 0.003125
1 0.065625 0.43046875 0.0020833333333333333 0.0015625
1 0.017708333333333333 0.43515625 0.035416666666666666 0.0140625
1 0.409375 0.4265625 0.0020833333333333333 0.003125
1 0.403125 0.43828125 0.027083333333333334 0.0265625
1 0.228125 0.42578125 0.0020833333333333333 0.0015625
1 0.215625 0.42421875 0.0020833333333333333 0.0015625
1 0.6510416666666666 0.42578125 0.010416666666666666 0.0078125
1 0.40208333333333335 0.4234375 0.004166666666666667 0.003125
1 0.22708333333333333 0.41953125 0.004166666666666667 0.0046875
1 0.3885416666666667 0.41640625 0.00625 0.0046875
1 0.215625 0.4171875 0.00625 0.00625
1 0.165625 0.41328125 0.00625 0.0046875
1 0.21875 0.41015625 0.004166666666666667 0.0046875
1 0.37604166666666666 0.40859375 0.014583333333333334 0.0109375
1 0.346875 0.40390625 0.0020833333333333333 0.0015625
1 0.22708333333333333 0.4078125 0.008333333333333333 0.0125
1 0.37083333333333335 0.40078125 0.004166666666666667 0.0046875
1 0.14791666666666667 0.40625 0.016666666666666666 0.015625
1 0.17395833333333333 0.40234375 0.01875 0.0140625
1 0.3697916666666667 0.39453125 0.0020833333333333333 0.0015625
1 0.6364583333333333 0.4015625 0.014583333333333334 0.01875
1 0.3645833333333333 0.40625 0.029166666666666667 0.028125
1 0.6333333333333333 0.3890625 0.004166666666666667 0.003125
1 0.625 0.38671875 0.004166666666666667 0.0015625
1 0.18958333333333333 0.38828125 0.008333333333333333 0.0078125
1 0.22395833333333334 0.38046875 0.0020833333333333333 0.0015625
1 0.22916666666666666 0.37734375 0.004166666666666667 0.0015625
1 0.6072916666666667 0.37578125 0.0020833333333333333 0.0015625
1 0.24166666666666667 0.37421875 0.004166666666666667 0.0015625
1 0.23229166666666667 0.37421875 0.0020833333333333333 0.0015625
1 0.20625 0.3765625 0.0125 0.00625
1 0.2760416666666667 0.37109375 0.01875 0.0078125
1 0.22083333333333333 0.36953125 0.0125 0.0046875
1 0.6416666666666667 0.365625 0.008333333333333333 0.003125
1 0.25729166666666664 0.3671875 0.01875 0.00625
1 0.6333333333333333 0.36328125 0.004166666666666667 0.0015625
1 0.6510416666666666 0.36171875 0.0020833333333333333 0.0015625
1 0.646875 0.36171875 0.0020833333333333333 0.0015625
1 0.18125 0.37578125 0.029166666666666667 0.0296875
1 0.5760416666666667 0.35859375 0.0020833333333333333 0.0015625
1 0.621875 0.35625 0.00625 0.009375
1 0.44479166666666664 0.35234375 0.0020833333333333333 0.0015625
1 0.6208333333333333 0.3484375 0.004166666666666667 0.003125
1 0.4427083333333333 0.34296875 0.0020833333333333333 0.0015625
1 0.584375 0.390625 0.09791666666666667 0.1
1 0.43645833333333334 0.34140625 0.0020833333333333333 0.0015625
1 0.440625 0.33984375 0.0020833333333333333 0.0015625
1 0.6010416666666667 0.33828125 0.0020833333333333333 0.0015625
1 0.540625 0.3359375 0.0020833333333333333 0.003125
1 0.5572916666666666 0.3390625 0.010416666666666666 0.015625
1 0.5479166666666667 0.3359375 0.004166666666666667 0.0125
1 0.5572916666666666 0.32578125 0.0020833333333333333 0.0015625
1 0.40208333333333335 0.325 0.004166666666666667 0.003125
1 0.5697916666666667 0.3234375 0.0020833333333333333 0.003125
1 0.434375 0.32265625 0.0020833333333333333 0.0015625
1 0.32395833333333335 0.32265625 0.0020833333333333333 0.0015625
1 0.240625 0.32578125 0.010416666666666666 0.0078125
1 0.6552083333333333 0.3296875 0.11875 0.03125
1 0.6635416666666667 0.31484375 0.0020833333333333333 0.0015625
1 0.421875 0.31953125 0.00625 0.0109375
1 0.11145833333333334 0.3859375 0.08958333333333333 0.14375
1 0.6604166666666667 0.3125 0.004166666666666667 0.003125
1 0.665625 0.31015625 0.0020833333333333333 0.0015625
1 0.421875 0.31015625 0.00625 0.0046875
1 0.6020833333333333 0.30625 0.004166666666666667 0.003125
1 0.059375 0.30546875 0.0020833333333333333 0.0015625
1 0.42083333333333334 0.303125 0.008333333333333333 0.00625
1 0.196875 0.3015625 0.00625 0.003125
1 0.06354166666666666 0.3109375 0.010416666666666666 0.021875
1 0.690625 0.29609375 0.0020833333333333333 0.0015625
1 0.6197916666666666 0.29609375 0.0020833333333333333 0.0046875
1 0.7177083333333333 0.30234375 0.03125 0.0203125
1 0.5729166666666666 0.2921875 0.004166666666666667 0.003125
1 0.5239583333333333 0.29140625 0.0020833333333333333 0.0015625
1 0.21666666666666667 0.30078125 0.025 0.0296875
1 0.5697916666666667 0.28671875 0.00625 0.0046875
1 0.5302083333333333 0.31328125 0.04791666666666667 0.0578125
1 0.5197916666666667 0.28515625 0.0020833333333333333 0.0015625
1 0.6135416666666667 0.28046875 0.0020833333333333333 0.0015625
1 0.5645833333333333 0.2796875 0.004166666666666667 0.00625
1 0.571875 0.27890625 0.00625 0.0078125
1 0.7666666666666667 0.27578125 0.004166666666666667 0.0046875
1 0.759375 0.27421875 0.0020833333333333333 0.0015625
1 0.2677083333333333 0.27421875 0.0020833333333333333 0.0015625
1 0.75625 0.28046875 0.016666666666666666 0.0203125
1 0.4666666666666667 0.27890625 0.029166666666666667 0.0171875
1 0.6364583333333333 0.271875 0.010416666666666666 0.00625
1 0.278125 0.26953125 0.0020833333333333333 0.0015625
1 0.646875 0.26875 0.0020833333333333333 0.003125
1 0.5697916666666667 0.26796875 0.0020833333333333333 0.0015625
1 0.7614583333333333 0.2671875 0.0020833333333333333 0.003125
1 0.5572916666666666 0.27578125 0.010416666666666666 0.0203125
1 0.31354166666666666 0.33046875 0.27291666666666664 0.1296875
1 0.7375 0.26328125 0.008333333333333333 0.0015625
1 0.659375 0.26328125 0.0020833333333333333 0.0015625
1 0.5322916666666667 0.27109375 0.014583333333333334 0.0265625
1 0.09895833333333333 0.27890625 0.014583333333333334 0.0421875
1 0.475 0.26640625 0.016666666666666666 0.0203125
1 0.6822916666666666 0.26015625 0.03958333333333333 0.0109375
1 0.6458333333333334 0.25625 0.004166666666666667 0.003125
1 0.515625 0.26484375 0.014583333333333334 0.0203125
1 0.465625 0.25390625 0.0020833333333333333 0.0015625
1 0.5177083333333333 0.2515625 0.0020833333333333333 0.003125
1 0.49895833333333334 0.253125 0.00625 0.00625
1 0.06666666666666667 0.25546875 0.004166666666666667 0.0109375
1 0.6583333333333333 0.2515625 0.016666666666666666 0.00625
1 0.203125 0.265625 0.06458333333333334 0.0375
1 0.4625 0.2484375 0.004166666666666667 0.00625
1 0.103125 0.24765625 0.0020833333333333333 0.0046875
1 0.515625 0.24453125 0.0020833333333333333 0.0046875
1 0.5322916666666667 0.23828125 0.0020833333333333333 0.0015625
1 0.103125 0.2390625 0.0020833333333333333 0.003125
1 0.5645833333333333 0.23359375 0.004166666666666667 0.0015625
1 0.33958333333333335 0.23515625 0.0125 0.0078125
1 0.5604166666666667 0.23046875 0.004166666666666667 0.0015625
1 0.603125 0.2296875 0.0020833333333333333 0.003125
1 0.596875 0.2296875 0.0020833333333333333 0.003125
1 0.48020833333333335 0.2390625 0.022916666666666665 0.021875
1 0.041666666666666664 0.3328125 0.08333333333333333 0.2125
1 0.5854166666666667 0.2265625 0.004166666666666667 0.003125
1 0.490625 0.22578125 0.0020833333333333333 0.0015625
1 0.5541666666666667 0.24453125 0.041666666666666664 0.0453125
1 0.4239583333333333 0.221875 0.01875 0.00625
1 0.007291666666666667 0.21953125 0.0020833333333333333 0.0015625
1 0.03125 0.221875 0.008333333333333333 0.009375
1 0.6135416666666667 0.21484375 0.0020833333333333333 0.0015625
1 0.46875 0.215625 0.020833333333333332 0.003125
1 0.01875 0.215625 0.004166666666666667 0.00625
1 0.06770833333333333 0.225 0.0020833333333333333 0.028125
1 0.37604166666666666 0.221875 0.052083333333333336 0.025
1 0.10104166666666667 0.2109375 0.0020833333333333333 0.003125
1 0.5510416666666667 0.20859375 0.0020833333333333333 0.0015625
1 0.19375 0.21015625 0.004166666666666667 0.0078125
1 0.421875 0.20390625 0.0020833333333333333 0.0015625
1 0.025 0.20625 0.004166666666666667 0.00625
1 0.19583333333333333 0.20390625 0.004166666666666667 0.0046875
1 0.18333333333333332 0.2015625 0.004166666666666667 0.003125
1 0.5239583333333333 0.19921875 0.0020833333333333333 0.0015625
1 0.014583333333333334 0.2046875 0.0125 0.0125
1 0.015625 0.196875 0.0020833333333333333 0.003125
1 0.007291666666666667 0.19609375 0.0020833333333333333 0.0015625
1 0.415625 0.196875 0.00625 0.00625
1 0.007291666666666667 0.19296875 0.0020833333333333333 0.0015625
1 0.18541666666666667 0.19296875 0.008333333333333333 0.0078125
1 0.5885416666666666 0.2046875 0.027083333333333334 0.0375
1 0.471875 0.18515625 0.0020833333333333333 0.0015625
1 0.40729166666666666 0.1875 0.00625 0.00625
1 0.17083333333333334 0.1875 0.0125 0.00625
1 0.41875 0.18515625 0.004166666666666667 0.0046875
1 0.5010416666666667 0.18203125 0.0020833333333333333 0.0015625
1 0.16354166666666667 0.2125 0.06458333333333334 0.0625
1 0.011458333333333333 0.1875 0.010416666666666666 0.0125
1 0.39895833333333336 0.18203125 0.00625 0.0046875
1 0.16354166666666667 0.18046875 0.0020833333333333333 0.0015625
1 0.41458333333333336 0.1796875 0.004166666666666667 0.003125
1 0.46770833333333334 0.17890625 0.0020833333333333333 0.0046875
1 0.5229166666666667 0.17734375 0.004166666666666667 0.0046875
1 0.5177083333333333 0.17578125 0.0020833333333333333 0.0015625
1 0.43125 0.178125 0.004166666666666667 0.00625
1 0.078125 0.19375 0.027083333333333334 0.0375
1 0.005208333333333333 0.17578125 0.0020833333333333333 0.0015625
1 0.49895833333333334 0.1765625 0.00625 0.00625
1 0.40729166666666666 0.17578125 0.00625 0.0046875
1 0.159375 0.175 0.0020833333333333333 0.003125
1 0.10416666666666667 0.18984375 0.016666666666666666 0.0328125
1 0.3927083333333333 0.17421875 0.00625 0.0046875
1 0.078125 0.17265625 0.0020833333333333333 0.0015625
1 0.4635416666666667 0.17109375 0.0020833333333333333 0.0015625
1 0.3697916666666667 0.171875 0.0020833333333333333 0.003125
1 0.07395833333333333 0.171875 0.0020833333333333333 0.003125
1 0.035416666666666666 0.17421875 0.008333333333333333 0.0109375
1 0.39791666666666664 0.1703125 0.008333333333333333 0.00625
1 0.15625 0.16796875 0.004166666666666667 0.0046875
1 0.07604166666666666 0.1671875 0.00625 0.003125
1 0.9885416666666667 0.16640625 0.010416666666666666 0.0078125
1 0.08645833333333333 0.1640625 0.0020833333333333333 0.003125
1 0.07604166666666666 0.16171875 0.0020833333333333333 0.0015625
1 0.5322916666666667 0.159375 0.0020833333333333333 0.003125
1 0.37395833333333334 0.159375 0.01875 0.009375
1 0.353125 0.15546875 0.0020833333333333333 0.0015625
1 0.3489583333333333 0.15546875 0.0020833333333333333 0.0015625
1 0.34479166666666666 0.15546875 0.0020833333333333333 0.0015625
1 0.38125 0.15703125 0.008333333333333333 0.0078125
1 0.4354166666666667 0.153125 0.004166666666666667 0.003125
1 0.5083333333333333 0.1515625 0.008333333333333333 0.003125
1 0.5 0.15078125 0.004166666666666667 0.0015625
1 0.8489583333333334 0.14921875 0.0020833333333333333 0.0015625
1 0.08854166666666667 0.15390625 0.00625 0.0109375
1 0.371875 0.14921875 0.014583333333333334 0.0078125
1 0.14479166666666668 0.14609375 0.0020833333333333333 0.0015625
1 0.921875 0.14453125 0.00625 0.0015625
1 0.9104166666666667 0.14453125 0.008333333333333333 0.0015625
1 0.9020833333333333 0.14453125 0.004166666666666667 0.0015625
1 0.8947916666666667 0.14453125 0.0020833333333333333 0.0015625
1 0.8864583333333333 0.14453125 0.00625 0.0015625
1 0.878125 0.14453125 0.0020833333333333333 0.0015625
1 0.446875 0.146875 0.00625 0.00625
1 0.49270833333333336 0.14140625 0.010416666666666666 0.0046875
1 0.484375 0.13984375 0.0020833333333333333 0.0015625
1 0.34375 0.140625 0.004166666666666667 0.003125
1 0.3375 0.13984375 0.004166666666666667 0.0046875
1 0.734375 0.13984375 0.014583333333333334 0.0078125
1 0.5635416666666667 0.13671875 0.0020833333333333333 0.0015625
1 0.746875 0.13671875 0.00625 0.0046875
1 0.33229166666666665 0.13359375 0.0020833333333333333 0.0015625
1 0.440625 0.13671875 0.010416666666666666 0.0109375
1 0.011458333333333333 0.14453125 0.022916666666666665 0.0296875
1 0.38229166666666664 0.12890625 0.0020833333333333333 0.0015625
1 0.34479166666666666 0.1328125 0.010416666666666666 0.009375
1 0.32708333333333334 0.13046875 0.004166666666666667 0.0046875
1 0.34270833333333334 0.12578125 0.0020833333333333333 0.0015625
1 0.3260416666666667 0.12578125 0.0020833333333333333 0.0015625
1 0.33125 0.1234375 0.004166666666666667 0.003125
1 0.9364583333333333 0.11796875 0.0020833333333333333 0.0015625
1 0.2677083333333333 0.11796875 0.0020833333333333333 0.0015625
1 0.8635416666666667 0.11640625 0.00625 0.0015625
1 0.28229166666666666 0.11484375 0.0020833333333333333 0.0015625
1 0.9677083333333333 0.140625 0.06458333333333334 0.05625
1 0.11770833333333333 0.10859375 0.0020833333333333333 0.0015625
1 0.5927083333333333 0.10625 0.0020833333333333333 0.003125
1 0.27708333333333335 0.10078125 0.004166666666666667 0.0046875
1 0.4114583333333333 0.0984375 0.0020833333333333333 0.003125
1 0.265625 0.09765625 0.0020833333333333333 0.0015625
1 0.21875 0.09765625 0.004166666666666667 0.0015625
1 0.05625 0.0984375 0.004166666666666667 0.003125
1 0.16354166666666667 0.09296875 0.0020833333333333333 0.0015625
1 0.8614583333333333 0.090625 0.00625 0.003125
1 0.5177083333333333 0.08984375 0.0020833333333333333 0.0015625
1 0.99375 0.0921875 0.0125 0.0125
1 0.21145833333333333 0.08515625 0.0020833333333333333 0.0015625
1 0.8541666666666666 0.0828125 0.004166666666666667 0.003125
1 0.23125 0.0828125 0.004166666666666667 0.003125
1 0.17395833333333333 0.08203125 0.0020833333333333333 0.0015625
1 0.22395833333333334 0.08125 0.00625 0.003125
1 0.453125 0.07734375 0.0020833333333333333 0.0015625
1 0.33125 0.078125 0.004166666666666667 0.003125
1 0.0125 0.08828125 0.025 0.0234375
1 0.19583333333333333 0.07890625 0.0125 0.0109375
1 0.546875 0.0734375 0.0020833333333333333 0.003125
1 0.90625 0.071875 0.004166666666666667 0.003125
1 0.40208333333333335 0.078125 0.008333333333333333 0.015625
1 0.384375 0.10859375 0.09375 0.0765625
1 0.20416666666666666 0.0734375 0.008333333333333333 0.009375
1 0.440625 0.06796875 0.0020833333333333333 0.0015625
1 0.840625 0.06640625 0.0020833333333333333 0.0015625
1 0.8322916666666667 0.06640625 0.0020833333333333333 0.0015625
1 0.43645833333333334 0.06171875 0.0020833333333333333 0.0015625
1 0.22604166666666667 0.0640625 0.010416666666666666 0.00625
1 0.8270833333333333 0.0625 0.008333333333333333 0.00625
1 0.8135416666666667 0.0625 0.014583333333333334 0.00625
1 0.8322916666666667 0.05703125 0.0020833333333333333 0.0015625
1 0.203125 0.05703125 0.0020833333333333333 0.0015625
1 0.8041666666666667 0.05546875 0.004166666666666667 0.0015625
1 0.4354166666666667 0.05703125 0.004166666666666667 0.0046875
1 0.8729166666666667 0.0546875 0.004166666666666667 0.003125
1 0.8427083333333333 0.0546875 0.00625 0.003125
1 0.196875 0.0609375 0.010416666666666666 0.015625
1 0.8875 0.05234375 0.004166666666666667 0.0015625
1 0.8666666666666667 0.06796875 0.07083333333333333 0.0328125
1 0.18020833333333333 0.059375 0.010416666666666666 0.015625
1 0.04791666666666667 0.0828125 0.04583333333333333 0.0625
1 0.915625 0.0546875 0.00625 0.009375
1 0.89375 0.0515625 0.004166666666666667 0.003125
1 0.434375 0.05078125 0.0020833333333333333 0.0015625
1 0.06145833333333333 0.05078125 0.0020833333333333333 0.0015625
1 0.057291666666666664 0.0515625 0.0020833333333333333 0.003125
1 0.03333333333333333 0.0515625 0.004166666666666667 0.003125
1 0.903125 0.05234375 0.00625 0.0078125
1 0.4427083333333333 0.04921875 0.0020833333333333333 0.0015625
1 0.43854166666666666 0.04921875 0.0020833333333333333 0.0015625
1 0.134375 0.04921875 0.0020833333333333333 0.0015625
1 0.016666666666666666 0.04765625 0.004166666666666667 0.0046875
1 0.8947916666666667 0.04296875 0.0020833333333333333 0.0015625
1 0.8989583333333333 0.03828125 0.00625 0.0015625
1 0.809375 0.03671875 0.0020833333333333333 0.0015625
1 0.19791666666666666 0.04609375 0.03333333333333333 0.0203125
1 0.8177083333333334 0.03359375 0.0020833333333333333 0.0015625
1 0.11875 0.03203125 0.004166666666666667 0.0015625
1 0.90625 0.03359375 0.016666666666666666 0.0078125
1 0.834375 0.03046875 0.0020833333333333333 0.0015625
1 0.06979166666666667 0.0296875 0.0020833333333333333 0.003125
1 0.8145833333333333 0.02734375 0.0125 0.0046875
1 0.8041666666666667 0.0265625 0.004166666666666667 0.003125
1 0.5739583333333333 0.0359375 0.03958333333333333 0.021875
1 0.24479166666666666 0.02890625 0.022916666666666665 0.0109375
1 0.19791666666666666 0.02734375 0.004166666666666667 0.0078125
1 0.8291666666666667 0.0234375 0.0125 0.003125
1 0.31354166666666666 0.03046875 0.027083333333333334 0.0171875
1 0.8416666666666667 0.02265625 0.008333333333333333 0.0046875
1 0.265625 0.02109375 0.0020833333333333333 0.0015625
1 0.8489583333333334 0.01953125 0.0020833333333333333 0.0015625
1 0.3145833333333333 0.021875 0.004166666666666667 0.00625
1 0.2604166666666667 0.0203125 0.004166666666666667 0.003125
1 0.005208333333333333 0.0234375 0.010416666666666666 0.009375
1 0.19583333333333333 0.01796875 0.004166666666666667 0.0046875
1 0.971875 0.02265625 0.01875 0.0171875
1 0.3614583333333333 0.01328125 0.010416666666666666 0.0046875
1 0.31875 0.0125 0.004166666666666667 0.003125
1 0.011458333333333333 0.01171875 0.0020833333333333333 0.0015625
1 0.871875 0.02734375 0.04375 0.0359375
1 0.834375 0.00859375 0.00625 0.0015625
1 0.36041666666666666 0.05234375 0.06666666666666667 0.0890625
1 0.09270833333333334 0.00859375 0.0020833333333333333 0.0015625
1 0.8166666666666667 0.01328125 0.025 0.0140625
1 0.7739583333333333 0.00546875 0.0020833333333333333 0.0015625
1 0.3885416666666667 0.00546875 0.0020833333333333333 0.0015625
1 0.778125 0.00390625 0.0020833333333333333 0.0015625
1 0.7229166666666667 0.003125 0.004166666666666667 0.003125
1 0.057291666666666664 0.00234375 0.0020833333333333333 0.0015625
1 0.98125 0.0046875 0.0375 0.009375
1 0.9270833333333334 0.06640625 0.12083333333333333 0.1328125
1 0.8833333333333333 0.0015625 0.008333333333333333 0.003125
1 0.8572916666666667 0.00546875 0.01875 0.0109375
1 0.765625 0.003125 0.00625 0.00625
1 0.7291666666666666 0.053125 0.05 0.10625
1 0.64375 0.1828125 0.17083333333333334 0.365625
1 0.5208333333333334 0.0796875 0.22083333333333333 0.159375
1 0.3385416666666667 0.01484375 0.03125 0.0296875
1 0.253125 0.00078125 0.0020833333333333333 0.0015625
1 0.20416666666666666 0.0046875 0.008333333333333333 0.009375
1 0.19583333333333333 0.00078125 0.004166666666666667 0.0015625
1 0.078125 0.00078125 0.0020833333333333333 0.0015625
1 0.016666666666666666 0.00546875 0.016666666666666666 0.0109375
2 0.010416666666666666 0.94375 0.020833333333333332 0.0375
2 0.38125 0.9203125 0.004166666666666667 0.003125
2 0.04791666666666667 0.91328125 0.0125 0.0046875
2 0.06354166666666666 0.90859375 0.0020833333333333333 0.0015625
2 0.07083333333333333 0.90234375 0.004166666666666667 0.0046875
2 0.10625 0.89765625 0.004166666666666667 0.0015625
2 0.11041666666666666 0.88203125 0.020833333333333332 0.0140625
2 0.13541666666666666 0.8625 0.004166666666666667 0.003125
2 0.19479166666666667 0.84765625 0.0020833333333333333 0.0015625
2 0.23229166666666667 0.82890625 0.0020833333333333333 0.0015625
2 0.35104166666666664 0.86640625 0.05625 0.0921875
2 0.18333333333333332 0.8484375 0.14583333333333334 0.090625
2 0.3072916666666667 0.79140625 0.01875 0.0078125
2 0.26979166666666665 0.784375 0.00625 0.003125
2 0.3489583333333333 0.77421875 0.0020833333333333333 0.0015625
2 0.3229166666666667 0.7703125 0.004166666666666667 0.003125
2 0.26145833333333335 0.75234375 0.0020833333333333333 0.0015625
2 0.19270833333333334 0.75234375 0.0020833333333333333 0.0015625
2 0.33229166666666665 0.75625 0.04791666666666667 0.0125
2 0.396875 0.746875 0.0020833333333333333 0.003125
2 0.33541666666666664 0.74296875 0.004166666666666667 0.0015625
2 0.328125 0.74140625 0.00625 0.0015625
2 0.28229166666666666 0.740625 0.08125 0.01875
2 0.5677083333333334 0.73203125 0.03125 0.0109375
2 0.5489583333333333 0.72734375 0.0020833333333333333 0.0015625
2 0.5447916666666667 0.72734375 0.0020833333333333333 0.0015625
2 0.5385416666666667 0.72578125 0.0020833333333333333 0.0015625
2 0.5020833333333333 0.72265625 0.004166666666666667 0.0015625
2 0.6875 0.71171875 0.025 0.0109375
2 0.43020833333333336 0.696875 0.0020833333333333333 0.003125
2 0.09791666666666667 0.68125 0.008333333333333333 0.003125
2 0.09791666666666667 0.6671875 0.020833333333333332 0.021875
2 0.08645833333333333 0.65390625 0.0020833333333333333 0.0015625
2 0.475 0.6359375 0.020833333333333332 0.021875
2 0.496875 0.61484375 0.014583333333333334 0.0171875
2 0.50625 0.59375 0.016666666666666666 0.0125
2 0.5447916666666667 0.58359375 0.0020833333333333333 0.0015625
2 0.5489583333333333 0.58203125 0.0020833333333333333 0.0015625
2 0.534375 0.58046875 0.0020833333333333333 0.0015625
2 0.5552083333333333 0.57734375 0.0020833333333333333 0.0015625
2 0.5614583333333333 0.571875 0.010416666666666666 0.00625
2 0.5697916666666667 0.56796875 0.0020833333333333333 0.0015625
2 0.578125 0.56015625 0.0020833333333333333 0.0015625
2 0.12291666666666666 0.55390625 0.004166666666666667 0.0078125
2 0.010416666666666666 0.54921875 0.020833333333333332 0.0078125
2 0.5583333333333333 0.56171875 0.041666666666666664 0.0359375
2 0.5833333333333334 0.54375 0.004166666666666667 0.003125
2 0.15520833333333334 0.54140625 0.0020833333333333333 0.0015625
2 0.053125 0.53984375 0.027083333333333334 0.0078125
2 0.46041666666666664 0.63828125 0.21666666666666667 0.2109375
2 0.559375 0.53046875 0.0020833333333333333 0.0015625
2 0.13020833333333334 0.5375 0.04375 0.021875
2 0.004166666666666667 0.53046875 0.008333333333333333 0.0078125
2 0.590625 0.52421875 0.0020833333333333333 0.0015625
2 0.5739583333333333 0.52421875 0.0020833333333333333 0.0015625
2 0.026041666666666668 0.525 0.0020833333333333333 0.003125
2 0.06041666666666667 0.5234375 0.008333333333333333 0.003125
2 0.052083333333333336 0.52265625 0.004166666666666667 0.0015625
2 0.59375 0.52109375 0.004166666666666667 0.0015625
2 0.5989583333333334 0.51953125 0.0020833333333333333 0.0015625
2 0.584375 0.51953125 0.0020833333333333333 0.0015625
2 0.036458333333333336 0.51640625 0.022916666666666665 0.0171875
2 0.008333333333333333 0.49921875 0.016666666666666666 0.0109375
2 0.14895833333333333 0.4859375 0.0020833333333333333 0.003125
2 0.20104166666666667 0.47890625 0.0020833333333333333 0.0015625
2 0.2 0.47421875 0.004166666666666667 0.0046875
2 0.20208333333333334 0.4671875 0.004166666666666667 0.00625
2 0.036458333333333336 0.46953125 0.022916666666666665 0.0109375
2 0.036458333333333336 0.45625 0.0020833333333333333 0.003125
2 0.428125 0.45078125 0.0020833333333333333 0.0015625
2 0.6302083333333334 0.44921875 0.0020833333333333333 0.0015625
2 0.4114583333333333 0.4484375 0.00625 0.003125
2 0.10104166666666667 0.44765625 0.0020833333333333333 0.0015625
2 0.4239583333333333 0.43984375 0.010416666666666666 0.0109375
2 0.228125 0.42578125 0.0020833333333333333 0.0015625
2 0.15520833333333334 0.42578125 0.0020833333333333333 0.0015625
2 0.40208333333333335 0.43359375 0.016666666666666666 0.0234375
2 0.057291666666666664 0.42265625 0.027083333333333334 0.0140625
2 0.165625 0.41328125 0.0020833333333333333 0.0015625
2 0.1 0.42734375 0.029166666666666667 0.0296875
2 0.21770833333333334 0.41171875 0.0020833333333333333 0.0015625
2 0.027083333333333334 0.41171875 0.0375 0.0109375
2 0.3729166666666667 0.4125 0.0375 0.015625
2 0.21666666666666667 0.4296875 0.029166666666666667 0.05625
2 0.17083333333333334 0.40390625 0.008333333333333333 0.0078125
2 0.13541666666666666 0.42109375 0.0375 0.0453125
2 0.04895833333333333 0.39765625 0.0020833333333333333 0.0015625
2 0.17916666666666667 0.396875 0.004166666666666667 0.003125
2 0.21145833333333333 0.38359375 0.0020833333333333333 0.0015625
2 0.215625 0.38203125 0.0020833333333333333 0.0015625
2 0.39895833333333336 0.3828125 0.010416666666666666 0.009375
2 0.175 0.38125 0.016666666666666666 0.0125
2 0.240625 0.37421875 0.0020833333333333333 0.0015625
2 0.6041666666666666 0.37265625 0.0125 0.0078125
2 0.6385416666666667 0.36015625 0.01875 0.0109375
2 0.6239583333333333 0.35546875 0.00625 0.0078125
2 0.5947916666666667 0.396875 0.06875 0.090625
2 0.6322916666666667 0.34921875 0.0020833333333333333 0.0015625
2 0.621875 0.34765625 0.0020833333333333333 0.0015625
2 0.321875 0.34765625 0.010416666666666666 0.0046875
2 0.2125 0.33671875 0.016666666666666666 0.0109375
2 0.5614583333333333 0.33203125 0.0020833333333333333 0.0046875
2 0.409375 0.34296875 0.04791666666666667 0.0296875
2 0.4395833333333333 0.33046875 0.008333333333333333 0.0078125
2 0.5541666666666667 0.33359375 0.0125 0.0234375
2 0.32395833333333335 0.32265625 0.0020833333333333333 0.0015625
2 0.19166666666666668 0.3265625 0.016666666666666666 0.009375
2 0.35208333333333336 0.32265625 0.0375 0.0328125
2 0.5302083333333333 0.321875 0.04791666666666667 0.046875
2 0.24583333333333332 0.30625 0.025 0.01875
2 0.6010416666666667 0.29609375 0.0020833333333333333 0.0015625
2 0.6729166666666667 0.31953125 0.10833333333333334 0.0515625
2 0.6104166666666667 0.2921875 0.008333333333333333 0.003125
2 0.021875 0.33984375 0.04375 0.0984375
2 0.2125 0.2921875 0.008333333333333333 0.00625
2 0.5697916666666667 0.28828125 0.0020833333333333333 0.0015625
2 0.2864583333333333 0.2875 0.0020833333333333333 0.003125
2 0.5802083333333333 0.28203125 0.0020833333333333333 0.0015625
2 0.5791666666666667 0.278125 0.004166666666666667 0.003125
2 0.47604166666666664 0.2828125 0.022916666666666665 0.0125
2 0.25416666666666665 0.33515625 0.14166666666666666 0.1171875
2 0.23229166666666667 0.27734375 0.0020833333333333333 0.0015625
2 0.571875 0.27890625 0.00625 0.0078125
2 0.00625 0.2765625 0.004166666666666667 0.003125
2 0.5354166666666667 0.27421875 0.004166666666666667 0.0015625
2 0.7583333333333333 0.2796875 0.016666666666666666 0.015625
2 0.5614583333333333 0.27265625 0.0020833333333333333 0.0015625
2 0.45625 0.27265625 0.004166666666666667 0.0015625
2 0.0010416666666666667 0.27265625 0.0020833333333333333 0.0046875
2 0.20729166666666668 0.275 0.014583333333333334 0.0125
2 0.7614583333333333 0.26796875 0.0020833333333333333 0.0015625
2 0.5729166666666666 0.30625 0.05416666666666667 0.08125
2 0.509375 0.26640625 0.0020833333333333333 0.0015625
2 0.5489583333333333 0.26328125 0.0020833333333333333 0.0015625
2 0.521875 0.26171875 0.0020833333333333333 0.0015625
2 0.5552083333333333 0.259375 0.014583333333333334 0.009375
2 0.4947916666666667 0.25546875 0.0020833333333333333 0.0015625
2 0.7010416666666667 0.25234375 0.0020833333333333333 0.0015625
2 0.5270833333333333 0.2546875 0.029166666666666667 0.034375
2 0.65 0.26171875 0.1 0.0515625
2 0.590625 0.24765625 0.01875 0.0234375
2 0.515625 0.2375 0.0020833333333333333 0.003125
2 0.5739583333333333 0.22734375 0.0020833333333333333 0.0015625
2 0.5177083333333333 0.22734375 0.0020833333333333333 0.0015625
2 0.584375 0.22578125 0.0020833333333333333 0.0015625
2 0.490625 0.2265625 0.0020833333333333333 0.003125
2 0.005208333333333333 0.23984375 0.010416666666666666 0.0328125
2 0.6072916666666667 0.2234375 0.0020833333333333333 0.003125
2 0.5739583333333333 0.22265625 0.00625 0.0046875
2 0.5552083333333333 0.2296875 0.03958333333333333 0.025
2 0.396875 0.221875 0.07708333333333334 0.021875
2 0.39375 0.21328125 0.0125 0.0046875
2 0.0010416666666666667 0.21328125 0.0020833333333333333 0.0046875
2 0.471875 0.2125 0.03125 0.009375
2 0.4239583333333333 0.20703125 0.0020833333333333333 0.0015625
2 0.421875 0.20390625 0.0020833333333333333 0.0015625
2 0.19479166666666667 0.20234375 0.0020833333333333333 0.0015625
2 0.5854166666666667 0.21015625 0.020833333333333332 0.0203125
2 0.5125 0.20546875 0.008333333333333333 0.0109375
2 0.5010416666666667 0.1984375 0.0020833333333333333 0.003125
2 0.4166666666666667 0.1984375 0.004166666666666667 0.003125
2 0.18541666666666667 0.19375 0.008333333333333333 0.00625
2 0.175 0.18984375 0.004166666666666667 0.0015625
2 0.471875 0.18515625 0.0020833333333333333 0.0015625
2 0.40520833333333334 0.18515625 0.0020833333333333333 0.0015625
2 0.4666666666666667 0.2390625 0.11666666666666667 0.1125
2 0.41458333333333336 0.18125 0.004166666666666667 0.003125
2 0.39895833333333336 0.18046875 0.0020833333333333333 0.0015625
2 0.471875 0.17734375 0.0020833333333333333 0.0015625
2 0.4979166666666667 0.17734375 0.004166666666666667 0.0046875
2 0.47604166666666664 0.1765625 0.0020833333333333333 0.003125
2 0.40625 0.17734375 0.008333333333333333 0.0046875
2 0.39479166666666665 0.17578125 0.0020833333333333333 0.0015625
2 0.016666666666666666 0.2 0.03333333333333333 0.053125
2 0.7385416666666667 0.17109375 0.0020833333333333333 0.0015625
2 0.7302083333333333 0.171875 0.00625 0.003125
2 0.6270833333333333 0.2046875 0.05 0.06875
2 0.39791666666666664 0.171875 0.004166666666666667 0.003125
2 0.03125 0.171875 0.004166666666666667 0.003125
2 0.7427083333333333 0.16796875 0.0020833333333333333 0.0015625
2 0.15625 0.16796875 0.004166666666666667 0.0046875
2 0.5322916666666667 0.159375 0.0020833333333333333 0.003125
2 0.36875 0.15546875 0.008333333333333333 0.0046875
2 0.35104166666666664 0.15390625 0.0020833333333333333 0.0015625
2 0.34479166666666666 0.15390625 0.0020833333333333333 0.0015625
2 0.11979166666666667 0.15390625 0.0020833333333333333 0.0015625
2 0.3385416666666667 0.14921875 0.0020833333333333333 0.0015625
2 0.8479166666666667 0.1484375 0.004166666666666667 0.003125
2 0.44895833333333335 0.14765625 0.0020833333333333333 0.0015625
2 0.334375 0.14765625 0.0020833333333333333 0.0015625
2 0.2989583333333333 0.15390625 0.03958333333333333 0.0140625
2 0.09375 0.2765625 0.05416666666666667 0.259375
2 0.28541666666666665 0.146875 0.004166666666666667 0.003125
2 0.13854166666666667 0.14609375 0.0020833333333333333 0.0015625
2 0.9322916666666666 0.14453125 0.0020833333333333333 0.0015625
2 0.921875 0.14453125 0.00625 0.0015625
2 0.9104166666666667 0.14453125 0.008333333333333333 0.0015625
2 0.9020833333333333 0.14453125 0.004166666666666667 0.0015625
2 0.8947916666666667 0.14453125 0.0020833333333333333 0.0015625
2 0.8864583333333333 0.14453125 0.00625 0.0015625
2 0.8104166666666667 0.146875 0.0125 0.00625
2 0.37083333333333335 0.1484375 0.0125 0.009375
2 0.35520833333333335 0.14609375 0.00625 0.0046875
2 0.3385416666666667 0.14453125 0.0020833333333333333 0.0015625
2 0.9645833333333333 0.15625 0.058333333333333334 0.028125
2 0.8770833333333333 0.14375 0.008333333333333333 0.003125
2 0.7916666666666666 0.14296875 0.004166666666666667 0.0015625
2 0.446875 0.14375 0.0020833333333333333 0.003125
2 0.13645833333333332 0.14296875 0.0020833333333333333 0.0015625
2 0.7989583333333333 0.14140625 0.0020833333333333333 0.0015625
2 0.3645833333333333 0.1421875 0.004166666666666667 0.003125
2 0.8052083333333333 0.13984375 0.00625 0.0015625
2 0.3458333333333333 0.1421875 0.008333333333333333 0.00625
2 0.010416666666666666 0.15078125 0.020833333333333332 0.0234375
2 0.49166666666666664 0.13984375 0.008333333333333333 0.0046875
2 0.13854166666666667 0.13828125 0.0020833333333333333 0.0015625
2 0.165625 0.2015625 0.10208333333333333 0.13125
2 0.7979166666666667 0.13359375 0.004166666666666667 0.0015625
2 0.2989583333333333 0.13359375 0.0020833333333333333 0.0015625
2 0.5354166666666667 0.13203125 0.004166666666666667 0.0015625
2 0.50625 0.13125 0.0125 0.003125
2 0.4427083333333333 0.13515625 0.00625 0.0109375
2 0.7072916666666667 0.17734375 0.16041666666666668 0.0984375
2 0.48854166666666665 0.13125 0.014583333333333334 0.00625
2 0.42083333333333334 0.13046875 0.0125 0.0078125
2 0.4739583333333333 0.1578125 0.04375 0.065625
2 0.36354166666666665 0.134375 0.03958333333333333 0.021875
2 0.090625 0.128125 0.00625 0.009375
2 0.4510416666666667 0.12265625 0.0020833333333333333 0.0015625
2 0.3489583333333333 0.12265625 0.0020833333333333333 0.0015625
2 0.3885416666666667 0.125 0.027083333333333334 0.0125
2 0.365625 0.1203125 0.00625 0.003125
2 0.5479166666666667 0.125 0.016666666666666666 0.015625
2 0.2677083333333333 0.11796875 0.0020833333333333333 0.0015625
2 0.11979166666666667 0.11796875 0.0020833333333333333 0.0015625
2 0.090625 0.11796875 0.0020833333333333333 0.0015625
2 0.3572916666666667 0.11640625 0.0020833333333333333 0.0015625
2 0.11770833333333333 0.11484375 0.0020833333333333333 0.0015625
2 0.55 0.1140625 0.004166666666666667 0.003125
2 0.546875 0.11015625 0.0020833333333333333 0.0015625
2 0.11770833333333333 0.10859375 0.0020833333333333333 0.0015625
2 0.5916666666666667 0.1078125 0.004166666666666667 0.003125
2 0.103125 0.11953125 0.022916666666666665 0.0265625
2 0.06770833333333333 0.1109375 0.00625 0.009375
2 0.559375 0.10390625 0.0020833333333333333 0.0015625
2 0.090625 0.10390625 0.0020833333333333333 0.0015625
2 0.10833333333333334 0.10390625 0.008333333333333333 0.0078125
2 0.4114583333333333 0.09921875 0.0020833333333333333 0.0015625
2 0.534375 0.09609375 0.0020833333333333333 0.0015625
2 0.24895833333333334 0.09609375 0.0020833333333333333 0.0015625
2 0.153125 0.096875 0.0020833333333333333 0.003125
2 0.08541666666666667 0.0984375 0.004166666666666667 0.00625
2 0.26145833333333335 0.09453125 0.0020833333333333333 0.0015625
2 0.10104166666666667 0.09453125 0.0020833333333333333 0.0015625
2 0.5802083333333333 0.09296875 0.0020833333333333333 0.0015625
2 0.16354166666666667 0.09296875 0.0020833333333333333 0.0015625
2 0.0020833333333333333 0.09609375 0.004166666666666667 0.0078125
2 0.5760416666666667 0.1015625 0.022916666666666665 0.021875
2 0.265625 0.09140625 0.0020833333333333333 0.0015625
2 0.5520833333333334 0.09296875 0.008333333333333333 0.0078125
2 0.5177083333333333 0.08984375 0.0020833333333333333 0.0015625
2 0.271875 0.08984375 0.0020833333333333333 0.0015625
2 0.06041666666666667 0.0953125 0.0125 0.0125
2 0.09791666666666667 0.08984375 0.004166666666666667 0.0046875
2 0.25104166666666666 0.08671875 0.0020833333333333333 0.0015625
2 0.24270833333333333 0.084375 0.0020833333333333333 0.00625
2 0.17395833333333333 0.08203125 0.0020833333333333333 0.0015625
2 0.225 0.08046875 0.004166666666666667 0.0015625
2 0.121875 0.08125 0.0020833333333333333 0.003125
2 0.546875 0.07890625 0.0020833333333333333 0.0015625
2 0.08854166666666667 0.07890625 0.0020833333333333333 0.0015625
2 0.059375 0.07890625 0.0020833333333333333 0.0015625
2 0.4510416666666667 0.078125 0.00625 0.003125
2 0.2 0.07734375 0.004166666666666667 0.0015625
2 0.16458333333333333 0.078125 0.004166666666666667 0.003125
2 0.016666666666666666 0.08828125 0.016666666666666666 0.0234375
2 0.465625 0.07578125 0.0020833333333333333 0.0015625
2 0.08645833333333333 0.07578125 0.0020833333333333333 0.0015625
2 0.328125 0.07421875 0.0020833333333333333 0.0015625
2 0.19479166666666667 0.07421875 0.0020833333333333333 0.0015625
2 0.5291666666666667 0.08359375 0.025 0.0265625
2 0.39479166666666665 0.07109375 0.0020833333333333333 0.0015625
2 0.18645833333333334 0.071875 0.010416666666666666 0.003125
2 0.6802083333333333 0.071875 0.0020833333333333333 0.00625
2 0.465625 0.08125 0.027083333333333334 0.025
2 0.440625 0.06796875 0.0020833333333333333 0.0015625
2 0.3770833333333333 0.07421875 0.0125 0.0234375
2 0.43645833333333334 0.06171875 0.0020833333333333333 0.0015625
2 0.22708333333333333 0.0640625 0.008333333333333333 0.00625
2 0.2375 0.05859375 0.004166666666666667 0.0015625
2 0.43333333333333335 0.0578125 0.004166666666666667 0.003125
2 0.228125 0.05703125 0.0020833333333333333 0.0015625
2 0.809375 0.059375 0.01875 0.009375
2 0.24479166666666666 0.05546875 0.0020833333333333333 0.0015625
2 0.8354166666666667 0.06015625 0.020833333333333332 0.0140625
2 0.3958333333333333 0.05625 0.008333333333333333 0.00625
2 0.13645833333333332 0.05625 0.00625 0.00625
2 0.03229166666666667 0.05625 0.010416666666666666 0.00625
2 0.8875 0.05234375 0.004166666666666667 0.0015625
2 0.8677083333333333 0.05234375 0.0020833333333333333 0.0015625
2 0.228125 0.05234375 0.0020833333333333333 0.0015625
2 0.51875 0.05234375 0.008333333333333333 0.0046875
2 0.090625 0.05078125 0.0020833333333333333 0.0015625
2 0.06145833333333333 0.05078125 0.0020833333333333333 0.0015625
2 0.5291666666666667 0.05 0.004166666666666667 0.003125
2 0.28958333333333336 0.09609375 0.125 0.0953125
2 0.20833333333333334 0.05234375 0.0125 0.0078125
2 0.13541666666666666 0.05078125 0.004166666666666667 0.0046875
2 0.11041666666666666 0.046875 0.004166666666666667 0.003125
2 0.434375 0.0484375 0.014583333333333334 0.0125
2 0.434375 0.08984375 0.08541666666666667 0.0953125
2 0.12916666666666668 0.04375 0.004166666666666667 0.003125
2 0.49895833333333334 0.04609375 0.00625 0.0109375
2 0.37083333333333335 0.04765625 0.0125 0.0140625
2 0.47291666666666665 0.05078125 0.016666666666666666 0.0234375
2 0.1125 0.04140625 0.0125 0.0046875
2 0.38645833333333335 0.03671875 0.0020833333333333333 0.0015625
2 0.13854166666666667 0.040625 0.00625 0.009375
2 0.07395833333333333 0.03515625 0.0020833333333333333 0.0015625
2 0.3885416666666667 0.03203125 0.0020833333333333333 0.0015625
2 0.834375 0.03046875 0.0020833333333333333 0.0015625
2 0.3802083333333333 0.03515625 0.014583333333333334 0.0140625
2 0.6854166666666667 0.02890625 0.004166666666666667 0.0046875
2 0.40520833333333334 0.03125 0.010416666666666666 0.0125
2 0.38125 0.0265625 0.004166666666666667 0.003125
2 0.18541666666666667 0.046875 0.025 0.04375
2 0.85625 0.03203125 0.020833333333333332 0.0171875
2 0.41458333333333336 0.025 0.004166666666666667 0.003125
2 0.396875 0.02109375 0.0020833333333333333 0.0015625
2 0.26666666666666666 0.02109375 0.004166666666666667 0.0015625
2 0.08645833333333333 0.0359375 0.035416666666666666 0.03125
2 0.6854166666666667 0.021875 0.004166666666666667 0.00625
2 0.425 0.02109375 0.008333333333333333 0.0046875
2 0.2677083333333333 0.01796875 0.0020833333333333333 0.0015625
2 0.309375 0.01640625 0.0020833333333333333 0.0015625
2 0.30520833333333336 0.01640625 0.0020833333333333333 0.0015625
2 0.25729166666666664 0.01875 0.010416666666666666 0.00625
2 0.19479166666666667 0.01796875 0.0020833333333333333 0.0046875
2 0.4322916666666667 0.01640625 0.0020833333333333333 0.0046875
2 0.24895833333333334 0.0140625 0.0020833333333333333 0.003125
2 0.428125 0.01171875 0.0020833333333333333 0.0015625
2 0.2989583333333333 0.01171875 0.0020833333333333333 0.0015625
2 0.19479166666666667 0.01171875 0.0020833333333333333 0.0015625
2 0.4125 0.01328125 0.016666666666666666 0.0078125
2 0.240625 0.00859375 0.0020833333333333333 0.0015625
2 0.3729166666666667 0.0078125 0.004166666666666667 0.003125
2 0.3625 0.0109375 0.0125 0.009375
2 0.315625 0.01015625 0.010416666666666666 0.0078125
2 0.23645833333333333 0.0078125 0.0020833333333333333 0.003125
2 0.7739583333333333 0.00546875 0.0020833333333333333 0.0015625
2 0.39166666666666666 0.01484375 0.008333333333333333 0.0203125
2 0.22604166666666667 0.00546875 0.0020833333333333333 0.0015625
2 0.7791666666666667 0.00390625 0.004166666666666667 0.0015625
2 0.22604166666666667 0.0203125 0.06041666666666667 0.034375
2 0.3958333333333333 0.00234375 0.004166666666666667 0.0015625
2 0.9010416666666666 0.07109375 0.19791666666666666 0.1421875
2 0.7979166666666667 0.00078125 0.004166666666666667 0.0015625
2 0.765625 0.003125 0.00625 0.00625
2 0.7427083333333333 0.00078125 0.0020833333333333333 0.0015625
2 0.5239583333333333 0.0234375 0.15625 0.046875
2 0.3385416666666667 0.01484375 0.03125 0.0296875
2 0.321875 0.00078125 0.0020833333333333333 0.0015625
2 0.30520833333333336 0.00234375 0.010416666666666666 0.0046875
2 0.28854166666666664 0.01953125 0.07708333333333334 0.0390625
2 0.24583333333333332 0.00078125 0.004166666666666667 0.0015625
2 0.20833333333333334 0.0046875 0.0125 0.009375
2 0.19479166666666667 0.00234375 0.00625 0.0046875
2 0.14791666666666667 0.01171875 0.029166666666666667 0.0234375
2 0.090625 0.0046875 0.014583333333333334 0.009375
2 0.07916666666666666 0.00078125 0.004166666666666667 0.0015625
2 0.05416666666666667 0.00234375 0.008333333333333333 0.0046875
2 0.034375 0.040625 0.06875 0.08125
