0 0.728125 0.81640625 0.0020833333333333333 0.0046875
0 0.70625 0.77890625 0.008333333333333333 0.0046875
0 0.6302083333333334 0.7265625 0.0020833333333333333 0.003125
0 0.6135416666666667 0.7265625 0.00625 0.003125
0 0.6916666666666667 0.71796875 0.016666666666666666 0.0046875
0 0.5572916666666666 0.69765625 0.0020833333333333333 0.0015625
0 0.6072916666666667 0.6890625 0.014583333333333334 0.025
0 0.659375 0.67578125 0.0020833333333333333 0.0015625
0 0.8177083333333334 0.67265625 0.00625 0.0015625
0 0.584375 0.67265625 0.010416666666666666 0.0046875
0 0.42916666666666664 0.671875 0.004166666666666667 0.003125
0 0.8427083333333333 0.66640625 0.014583333333333334 0.0046875
0 0.46458333333333335 0.66484375 0.004166666666666667 0.0046875
0 0.8729166666666667 0.66328125 0.0125 0.0046875
0 0.8947916666666667 0.6578125 0.00625 0.003125
0 0.6697916666666667 0.66015625 0.00625 0.0078125
0 0.9041666666666667 0.65078125 0.004166666666666667 0.0015625
0 0.4 0.6515625 0.016666666666666666 0.0125
0 0.653125 0.64296875 0.022916666666666665 0.0078125
0 0.6875 0.634375 0.004166666666666667 0.003125
0 0.5802083333333333 0.63671875 0.014583333333333334 0.0078125
0 0.565625 0.6359375 0.00625 0.009375
0 0.390625 0.63203125 0.01875 0.0203125
0 0.6885416666666667 0.61171875 0.0020833333333333333 0.0015625
0 0.6364583333333333 0.6046875 0.0020833333333333333 0.003125
0 0.6697916666666667 0.60234375 0.0020833333333333333 0.0015625
0 0.659375 0.60234375 0.0020833333333333333 0.0015625
0 0.6739583333333333 0.6015625 0.0020833333333333333 0.003125
0 0.665625 0.6 0.0020833333333333333 0.003125
0 0.6416666666666667 0.59921875 0.0125 0.0046875
0 0.6802083333333333 0.59609375 0.0020833333333333333 0.0015625
0 0.7010416666666667 0.59453125 0.0020833333333333333 0.0015625
0 0.6697916666666667 0.59453125 0.0020833333333333333 0.0015625
0 0.665625 0.59453125 0.0020833333333333333 0.0015625
0 0.6864583333333333 0.59140625 0.0020833333333333333 0.0015625
0 0.671875 0.59140625 0.0020833333333333333 0.0015625
0 0.7041666666666667 0.5890625 0.004166666666666667 0.00625
0 0.696875 0.58671875 0.0020833333333333333 0.0015625
0 0.6645833333333333 0.58828125 0.004166666666666667 0.0046875
0 0.7010416666666667 0.58515625 0.0020833333333333333 0.0015625
0 0.6885416666666667 0.58515625 0.0020833333333333333 0.0015625
0 0.690625 0.5796875 0.00625 0.00625
0 0.403125 0.56796875 0.0020833333333333333 0.0015625
0 0.696875 0.56953125 0.00625 0.0109375
0 0.4322916666666667 0.6140625 0.06041666666666667 0.109375
0 0.390625 0.565625 0.022916666666666665 0.01875
0 0.4083333333333333 0.553125 0.020833333333333332 0.0125
0 0.6958333333333333 0.54609375 0.008333333333333333 0.0078125
0 0.6354166666666666 0.54609375 0.004166666666666667 0.0078125
0 0.50625 0.553125 0.03333333333333333 0.025
0 0.5364583333333334 0.52734375 0.0020833333333333333 0.0015625
0 0.6635416666666667 0.52109375 0.0020833333333333333 0.0015625
0 0.6552083333333333 0.5234375 0.010416666666666666 0.00625
0 0.684375 0.51796875 0.0020833333333333333 0.0015625
0 0.6708333333333333 0.521875 0.0125 0.0125
0 0.6197916666666666 0.5140625 0.014583333333333334 0.009375
0 0.5145833333333333 0.51015625 0.004166666666666667 0.0015625
0 0.24895833333333334 0.509375 0.0020833333333333333 0.00625
0 0.24791666666666667 0.503125 0.004166666666666667 0.003125
0 0.390625 0.5015625 0.00625 0.003125
0 0.44375 0.51796875 0.09583333333333334 0.0484375
0 0.29791666666666666 0.5296875 0.1 0.071875
0 0.65 0.50625 0.03333333333333333 0.028125
0 0.3958333333333333 0.4921875 0.008333333333333333 0.00625
0 0.5020833333333333 0.496875 0.025 0.021875
0 0.30520833333333336 0.47578125 0.0020833333333333333 0.0015625
0 0.31666666666666665 0.48046875 0.016666666666666666 0.0203125
0 0.28020833333333334 0.47109375 0.00625 0.0078125
0 0.5802083333333333 0.4671875 0.00625 0.003125
0 0.7302083333333333 0.47109375 0.03125 0.0140625
0 0.3489583333333333 0.4671875 0.00625 0.00625
0 0.3 0.46875 0.008333333333333333 0.009375
0 0.7510416666666667 0.46015625 0.0020833333333333333 0.0015625
0 0.69375 0.4953125 0.06666666666666667 0.071875
0 0.46770833333333334 0.45859375 0.0020833333333333333 0.0015625
0 0.521875 0.459375 0.010416666666666666 0.015625
0 0.4895833333333333 0.46171875 0.0375 0.0265625
0 0.63125 0.4484375 0.004166666666666667 0.003125
0 0.3697916666666667 0.4546875 0.01875 0.015625
0 0.43125 0.465625 0.06666666666666667 0.040625
0 0.5708333333333333 0.43671875 0.004166666666666667 0.0015625
0 0.3802083333333333 0.4390625 0.014583333333333334 0.009375
0 0.7739583333333333 0.440625 0.04375 0.015625
0 0.5697916666666667 0.43359375 0.0020833333333333333 0.0015625
0 0.8010416666666667 0.4328125 0.00625 0.003125
0 0.49895833333333334 0.43359375 0.0020833333333333333 0.0046875
0 0.571875 0.42890625 0.0020833333333333333 0.0015625
0 0.646875 0.42421875 0.00625 0.0015625
0 0.5208333333333334 0.4328125 0.041666666666666664 0.01875
0 0.5770833333333333 0.4359375 0.025 0.028125
0 0.47291666666666665 0.42578125 0.0125 0.0140625
0 0.48125 0.38828125 0.0125 0.0078125
0 0.65625 0.37578125 0.004166666666666667 0.0015625
0 0.6645833333333333 0.36953125 0.004166666666666667 0.0046875
0 0.6375 0.371875 0.0375 0.015625
0 0.415625 0.3515625 0.01875 0.009375
0 0.6697916666666667 0.33828125 0.0020833333333333333 0.0015625
0 0.665625 0.3375 0.0020833333333333333 0.003125
0 0.6572916666666667 0.33671875 0.0020833333333333333 0.0015625
0 0.5989583333333334 0.32734375 0.04791666666666667 0.0359375
0 0.528125 0.30859375 0.00625 0.0078125
0 0.4791666666666667 0.31015625 0.0125 0.0140625
0 0.51875 0.29921875 0.004166666666666667 0.0015625
0 0.47708333333333336 0.29140625 0.004166666666666667 0.0046875
0 0.678125 0.28515625 0.010416666666666666 0.0046875
0 0.5989583333333334 0.27890625 0.0020833333333333333 0.0015625
0 0.6458333333333334 0.28125 0.041666666666666664 0.0125
0 0.6010416666666667 0.27578125 0.0020833333333333333 0.0015625
0 0.5135416666666667 0.27578125 0.010416666666666666 0.0046875
0 0.6166666666666667 0.2765625 0.016666666666666666 0.009375
0 0.5854166666666667 0.27265625 0.004166666666666667 0.0015625
0 0.5177083333333333 0.26953125 0.00625 0.0078125
0 0.5104166666666666 0.2671875 0.004166666666666667 0.003125
0 0.5145833333333333 0.26171875 0.008333333333333333 0.0046875
0 0.5635416666666667 0.25078125 0.022916666666666665 0.0078125
0 0.4552083333333333 0.240625 0.0020833333333333333 0.003125
0 0.46458333333333335 0.234375 0.020833333333333332 0.015625
0 0.546875 0.2234375 0.00625 0.003125
0 0.7520833333333333 0.21015625 0.004166666666666667 0.0046875
0 0.7552083333333334 0.20546875 0.0020833333333333333 0.0015625
0 0.7416666666666667 0.2078125 0.0125 0.00625
0 0.7322916666666667 0.20390625 0.0020833333333333333 0.0015625
0 0.759375 0.20234375 0.0020833333333333333 0.0015625
0 0.7489583333333333 0.20078125 0.0020833333333333333 0.0015625
0 0.68125 0.2015625 0.004166666666666667 0.00625
0 0.7739583333333333 0.19609375 0.0020833333333333333 0.0015625
0 0.7354166666666667 0.196875 0.008333333333333333 0.00625
0 0.7520833333333333 0.19375 0.004166666666666667 0.003125
0 0.740625 0.19140625 0.0020833333333333333 0.0015625
0 0.7739583333333333 0.18828125 0.0020833333333333333 0.0015625
0 0.4427083333333333 0.19375 0.03125 0.021875
0 0.728125 0.18828125 0.01875 0.0234375
0 0.7010416666666667 0.18515625 0.027083333333333334 0.0265625
0 0.521875 0.16640625 0.00625 0.0015625
0 0.5239583333333333 0.15859375 0.0020833333333333333 0.0015625
0 0.5125 0.1609375 0.029166666666666667 0.00625
0 0.5354166666666667 0.1625 0.016666666666666666 0.0125
0 0.7020833333333333 0.1265625 0.004166666666666667 0.00625
0 0.665625 0.11796875 0.01875 0.0078125
0 0.4979166666666667 0.10703125 0.016666666666666666 0.0234375
0 0.9770833333333333 0.08046875 0.004166666666666667 0.0046875
0 0.9697916666666667 0.07265625 0.00625 0.0046875
0 0.9510416666666667 0.06484375 0.00625 0.0046875
0 0.965625 0.05859375 0.0020833333333333333 0.0015625
0 0.9864583333333333 0.06875 0.027083333333333334 0.03125
0 0.94375 0.05703125 0.0125 0.0140625
0 0.9239583333333333 0.04453125 0.0020833333333333333 0.0015625
0 0.9833333333333333 0.04140625 0.03333333333333333 0.0296875
0 0.9916666666666667 0.0234375 0.004166666666666667 0.003125
0 0.9114583333333334 0.0140625 0.0020833333333333333 0.003125
0 0.9385416666666667 0.01171875 0.0020833333333333333 0.0015625
0 0.9104166666666667 0.009375 0.004166666666666667 0.003125
0 0.9260416666666667 0.0078125 0.00625 0.00625
0 0.921875 0.00390625 0.0020833333333333333 0.0015625
0 0.9302083333333333 0.00234375 0.0020833333333333333 0.0015625
0 0.9583333333333334 0.02890625 0.08333333333333333 0.0578125
1 0.721875 0.790625 0.0020833333333333333 0.003125
1 0.6364583333333333 0.7796875 0.00625 0.009375
1 0.684375 0.76953125 0.0020833333333333333 0.0015625
1 0.665625 0.75390625 0.0020833333333333333 0.0015625
1 0.6625 0.75078125 0.004166666666666667 0.0015625
1 0.68125 0.75078125 0.0125 0.0109375
1 0.653125 0.74453125 0.0020833333333333333 0.0015625
1 0.671875 0.73828125 0.00625 0.0015625
1 0.6677083333333333 0.73515625 0.0020833333333333333 0.0015625
1 0.659375 0.73359375 0.00625 0.0015625
1 0.653125 0.73046875 0.0020833333333333333 0.0015625
1 0.5864583333333333 0.71953125 0.0020833333333333333 0.0015625
1 0.665625 0.7171875 0.00625 0.003125
1 0.6885416666666667 0.71328125 0.00625 0.0015625
1 0.5927083333333333 0.71328125 0.0020833333333333333 0.0015625
1 0.6145833333333334 0.71015625 0.004166666666666667 0.0015625
1 0.5739583333333333 0.70234375 0.0020833333333333333 0.0015625
1 0.5604166666666667 0.69921875 0.004166666666666667 0.0015625
1 0.2125 0.6953125 0.004166666666666667 0.003125
1 0.21041666666666667 0.69140625 0.004166666666666667 0.0015625
1 0.5114583333333333 0.690625 0.00625 0.003125
1 0.478125 0.68984375 0.0020833333333333333 0.0015625
1 0.6197916666666666 0.68515625 0.0020833333333333333 0.0015625
1 0.6260416666666667 0.71640625 0.07291666666666667 0.0671875
1 0.678125 0.68828125 0.027083333333333334 0.0140625
1 0.525 0.68515625 0.008333333333333333 0.0109375
1 0.6239583333333333 0.67734375 0.0020833333333333333 0.0015625
1 0.609375 0.67734375 0.0020833333333333333 0.0015625
1 0.6166666666666667 0.6765625 0.004166666666666667 0.003125
1 0.5604166666666667 0.67578125 0.004166666666666667 0.0015625
1 0.715625 0.67421875 0.00625 0.0015625
1 0.609375 0.67421875 0.0020833333333333333 0.0015625
1 0.459375 0.67265625 0.0020833333333333333 0.0015625
1 0.4354166666666667 0.671875 0.004166666666666667 0.003125
1 0.596875 0.66796875 0.0020833333333333333 0.0015625
1 0.5041666666666667 0.67890625 0.016666666666666666 0.0265625
1 0.6041666666666666 0.66796875 0.008333333333333333 0.0078125
1 0.5177083333333333 0.66484375 0.00625 0.0046875
1 0.5989583333333334 0.66171875 0.0020833333333333333 0.0015625
1 0.45729166666666665 0.66171875 0.0020833333333333333 0.0015625
1 0.5927083333333333 0.6625 0.00625 0.00625
1 0.4739583333333333 0.675 0.03125 0.03125
1 0.6041666666666666 0.6578125 0.004166666666666667 0.003125
1 0.16979166666666667 0.69453125 0.09791666666666667 0.0765625
1 0.20520833333333333 0.65625 0.0020833333333333333 0.003125
1 0.17395833333333333 0.65390625 0.0020833333333333333 0.0015625
1 0.7447916666666666 0.6515625 0.00625 0.003125
1 0.7354166666666667 0.6515625 0.004166666666666667 0.003125
1 0.6291666666666667 0.66015625 0.041666666666666664 0.0203125
1 0.20520833333333333 0.6515625 0.00625 0.003125
1 0.17083333333333334 0.6515625 0.004166666666666667 0.003125
1 0.20104166666666667 0.64765625 0.0020833333333333333 0.0015625
1 0.534375 0.64609375 0.0020833333333333333 0.0015625
1 0.4739583333333333 0.65078125 0.04375 0.0140625
1 0.18958333333333333 0.64453125 0.004166666666666667 0.0015625
1 0.18333333333333332 0.64375 0.004166666666666667 0.003125
1 0.7739583333333333 0.64140625 0.0020833333333333333 0.0015625
1 0.7583333333333333 0.6453125 0.016666666666666666 0.009375
1 0.4114583333333333 0.64140625 0.0020833333333333333 0.0015625
1 0.6 0.64140625 0.0125 0.0078125
1 0.41770833333333335 0.64140625 0.014583333333333334 0.0078125
1 0.746875 0.659375 0.16041666666666668 0.046875
1 0.5927083333333333 0.63671875 0.0020833333333333333 0.0015625
1 0.771875 0.63671875 0.010416666666666666 0.0046875
1 0.41458333333333336 0.63671875 0.008333333333333333 0.0046875
1 0.5583333333333333 0.63359375 0.004166666666666667 0.0046875
1 0.459375 0.63125 0.00625 0.003125
1 0.4479166666666667 0.63359375 0.0125 0.0078125
1 0.540625 0.6640625 0.03125 0.071875
1 0.5833333333333334 0.63046875 0.025 0.0078125
1 0.5677083333333334 0.62734375 0.0020833333333333333 0.0015625
1 0.5375 0.62890625 0.008333333333333333 0.0109375
1 0.540625 0.62265625 0.0020833333333333333 0.0015625
1 0.6166666666666667 0.628125 0.06666666666666667 0.034375
1 0.403125 0.59140625 0.0020833333333333333 0.0015625
1 0.4010416666666667 0.58671875 0.0020833333333333333 0.0046875
1 0.659375 0.5796875 0.0020833333333333333 0.003125
1 0.6510416666666666 0.58046875 0.010416666666666666 0.0078125
1 0.7052083333333333 0.57734375 0.00625 0.0046875
1 0.38333333333333336 0.57421875 0.004166666666666667 0.0015625
1 0.4895833333333333 0.56875 0.020833333333333332 0.00625
1 0.44375 0.559375 0.004166666666666667 0.003125
1 0.43125 0.55703125 0.016666666666666666 0.0109375
1 0.528125 0.55390625 0.010416666666666666 0.0109375
1 0.640625 0.5453125 0.0020833333333333333 0.003125
1 0.7427083333333333 0.53671875 0.0020833333333333333 0.0015625
1 0.7375 0.5375 0.004166666666666667 0.003125
1 0.4270833333333333 0.53984375 0.0125 0.0078125
1 0.7 0.5375 0.004166666666666667 0.00625
1 0.46770833333333334 0.54609375 0.04375 0.0390625
1 0.728125 0.52890625 0.027083333333333334 0.0109375
1 0.4083333333333333 0.5328125 0.008333333333333333 0.01875
1 0.34270833333333334 0.51796875 0.0020833333333333333 0.0015625
1 0.734375 0.5140625 0.0020833333333333333 0.003125
1 0.7322916666666667 0.51015625 0.0020833333333333333 0.0015625
1 0.390625 0.51015625 0.0020833333333333333 0.0015625
1 0.2947916666666667 0.51171875 0.010416666666666666 0.0078125
1 0.38645833333333335 0.50703125 0.0020833333333333333 0.0015625
1 0.38125 0.5046875 0.004166666666666667 0.003125
1 0.7395833333333334 0.50390625 0.029166666666666667 0.0078125
1 0.4166666666666667 0.49765625 0.008333333333333333 0.0046875
1 0.315625 0.5046875 0.03125 0.021875
1 0.5677083333333334 0.5703125 0.24791666666666667 0.15625
1 0.4895833333333333 0.49453125 0.008333333333333333 0.0078125
1 0.33229166666666665 0.4890625 0.0020833333333333333 0.00625
1 0.496875 0.4859375 0.0020833333333333333 0.00625
1 0.365625 0.48203125 0.0020833333333333333 0.0015625
1 0.4739583333333333 0.48984375 0.014583333333333334 0.0203125
1 0.359375 0.4796875 0.00625 0.003125
1 0.32916666666666666 0.48125 0.004166666666666667 0.00625
1 0.2760416666666667 0.478125 0.0020833333333333333 0.003125
1 0.38645833333333335 0.4875 0.027083333333333334 0.025
1 0.5583333333333333 0.4734375 0.008333333333333333 0.003125
1 0.3229166666666667 0.4734375 0.004166666666666667 0.003125
1 0.4354166666666667 0.48984375 0.0125 0.0421875
1 0.7333333333333333 0.48125 0.06666666666666667 0.034375
1 0.3125 0.46640625 0.008333333333333333 0.0046875
1 0.278125 0.46328125 0.0020833333333333333 0.0015625
1 0.771875 0.46015625 0.0020833333333333333 0.0015625
1 0.28125 0.46015625 0.004166666666666667 0.0015625
1 0.2947916666666667 0.4578125 0.00625 0.003125
1 0.5395833333333333 0.4703125 0.0375 0.03125
1 0.671875 0.45703125 0.010416666666666666 0.0109375
1 0.5979166666666667 0.478125 0.0625 0.053125
1 0.359375 0.45234375 0.0020833333333333333 0.0046875
1 0.44895833333333335 0.44921875 0.0020833333333333333 0.0015625
1 0.359375 0.44765625 0.0020833333333333333 0.0015625
1 0.671875 0.44765625 0.00625 0.0046875
1 0.40625 0.44765625 0.004166666666666667 0.0046875
1 0.44375 0.44609375 0.004166666666666667 0.0046875
1 0.5270833333333333 0.44921875 0.016666666666666666 0.0140625
1 0.434375 0.44296875 0.0020833333333333333 0.0015625
1 0.3614583333333333 0.44375 0.0020833333333333333 0.003125
1 0.471875 0.4421875 0.0020833333333333333 0.003125
1 0.7927083333333333 0.44140625 0.00625 0.0046875
1 0.5541666666666667 0.45390625 0.020833333333333332 0.0296875
1 0.36354166666666665 0.43984375 0.0020833333333333333 0.0015625
1 0.8020833333333334 0.43828125 0.004166666666666667 0.0015625
1 0.5302083333333333 0.4390625 0.010416666666666666 0.003125
1 0.8114583333333333 0.43671875 0.0020833333333333333 0.0015625
1 0.625 0.440625 0.0125 0.009375
1 0.7614583333333333 0.43515625 0.0020833333333333333 0.0015625
1 0.6364583333333333 0.4359375 0.0020833333333333333 0.003125
1 0.3927083333333333 0.4375 0.010416666666666666 0.00625
1 0.6645833333333333 0.43515625 0.004166666666666667 0.0046875
1 0.6583333333333333 0.434375 0.004166666666666667 0.003125
1 0.48125 0.44140625 0.029166666666666667 0.0171875
1 0.384375 0.43359375 0.0020833333333333333 0.0015625
1 0.3645833333333333 0.434375 0.004166666666666667 0.003125
1 0.6364583333333333 0.43203125 0.0020833333333333333 0.0015625
1 0.5458333333333333 0.43203125 0.004166666666666667 0.0015625
1 0.8177083333333334 0.43203125 0.014583333333333334 0.0078125
1 0.7104166666666667 0.42890625 0.004166666666666667 0.0015625
1 0.5479166666666667 0.428125 0.004166666666666667 0.003125
1 0.6552083333333333 0.4265625 0.0020833333333333333 0.003125
1 0.709375 0.42421875 0.0020833333333333333 0.0015625
1 0.5489583333333333 0.42421875 0.0020833333333333333 0.0015625
1 0.7166666666666667 0.45 0.07083333333333333 0.05625
1 0.6625 0.42421875 0.004166666666666667 0.0046875
1 0.5927083333333333 0.4234375 0.0020833333333333333 0.003125
1 0.6552083333333333 0.42109375 0.0020833333333333333 0.0015625
1 0.7072916666666667 0.41953125 0.0020833333333333333 0.0015625
1 0.6510416666666666 0.41953125 0.0020833333333333333 0.0015625
1 0.703125 0.41875 0.0020833333333333333 0.003125
1 0.60625 0.43359375 0.020833333333333332 0.0328125
1 0.48854166666666665 0.40703125 0.0020833333333333333 0.0015625
1 0.4895833333333333 0.403125 0.004166666666666667 0.003125
1 0.50625 0.41015625 0.05416666666666667 0.0265625
1 0.4947916666666667 0.39765625 0.0020833333333333333 0.0015625
1 0.634375 0.39609375 0.0020833333333333333 0.0015625
1 0.5229166666666667 0.39453125 0.004166666666666667 0.0015625
1 0.4947916666666667 0.39453125 0.0020833333333333333 0.0015625
1 0.4552083333333333 0.39296875 0.0020833333333333333 0.0015625
1 0.49166666666666664 0.384375 0.004166666666666667 0.003125
1 0.640625 0.38203125 0.0020833333333333333 0.0015625
1 0.4791666666666667 0.37890625 0.004166666666666667 0.0015625
1 0.46145833333333336 0.37578125 0.0020833333333333333 0.0015625
1 0.440625 0.36953125 0.0020833333333333333 0.0015625
1 0.4583333333333333 0.3671875 0.008333333333333333 0.00625
1 0.44166666666666665 0.365625 0.004166666666666667 0.003125
1 0.4739583333333333 0.36875 0.01875 0.015625
1 0.4239583333333333 0.35859375 0.0020833333333333333 0.0015625
1 0.46041666666666664 0.3578125 0.004166666666666667 0.003125
1 0.434375 0.35078125 0.0020833333333333333 0.0015625
1 0.46875 0.34140625 0.004166666666666667 0.0015625
1 0.46145833333333336 0.34140625 0.0020833333333333333 0.0015625
1 0.42916666666666664 0.3421875 0.008333333333333333 0.00625
1 0.46875 0.33828125 0.004166666666666667 0.0015625
1 0.446875 0.34765625 0.022916666666666665 0.0234375
1 0.428125 0.33515625 0.0020833333333333333 0.0015625
1 0.4375 0.328125 0.0125 0.00625
1 0.540625 0.32421875 0.0020833333333333333 0.0015625
1 0.46875 0.2984375 0.004166666666666667 0.003125
1 0.49895833333333334 0.29296875 0.0020833333333333333 0.0015625
1 0.6760416666666667 0.3015625 0.05625 0.028125
1 0.5 0.2890625 0.004166666666666667 0.003125
1 0.6927083333333334 0.28515625 0.0020833333333333333 0.0015625
1 0.709375 0.28203125 0.0020833333333333333 0.0015625
1 0.7010416666666667 0.28203125 0.0020833333333333333 0.0015625
1 0.49270833333333336 0.28046875 0.010416666666666666 0.0078125
1 0.5822916666666667 0.34765625 0.26875 0.1484375
1 0.4947916666666667 0.2609375 0.014583333333333334 0.01875
1 0.5666666666666667 0.2421875 0.004166666666666667 0.003125
1 0.5041666666666667 0.24375 0.008333333333333333 0.0125
1 0.4947916666666667 0.234375 0.00625 0.00625
1 0.5614583333333333 0.22890625 0.0020833333333333333 0.0015625
1 0.43645833333333334 0.22890625 0.0020833333333333333 0.0015625
1 0.43125 0.22421875 0.004166666666666667 0.0015625
1 0.475 0.22265625 0.004166666666666667 0.0015625
1 0.5322916666666667 0.21015625 0.0020833333333333333 0.0015625
1 0.46458333333333335 0.20234375 0.004166666666666667 0.0046875
1 0.43854166666666666 0.20859375 0.04375 0.0296875
1 0.45729166666666665 0.18359375 0.0020833333333333333 0.0015625
1 0.421875 0.18359375 0.0020833333333333333 0.0015625
1 0.5104166666666666 0.21015625 0.0375 0.0640625
1 0.4947916666666667 0.17578125 0.0020833333333333333 0.0015625
1 0.6947916666666667 0.17421875 0.0020833333333333333 0.0015625
1 0.503125 0.17421875 0.0020833333333333333 0.0015625
1 0.009375 0.17421875 0.0020833333333333333 0.0015625
1 0.7302083333333333 0.1734375 0.0020833333333333333 0.003125
1 0.4895833333333333 0.16953125 0.020833333333333332 0.0140625
1 0.5354166666666667 0.12265625 0.004166666666666667 0.0078125
1 0.5114583333333333 0.09453125 0.0020833333333333333 0.0015625
1 0.625 0.18515625 0.30416666666666664 0.1890625
1 0.9947916666666666 0.08828125 0.0020833333333333333 0.0015625
1 0.94375 0.07421875 0.008333333333333333 0.0046875
1 0.953125 0.03984375 0.0020833333333333333 0.0015625
1 0.9583333333333334 0.0484375 0.016666666666666666 0.021875
1 0.9666666666666667 0.028125 0.0125 0.009375
2 0.728125 0.81640625 0.0020833333333333333 0.0046875
2 0.721875 0.809375 0.010416666666666666 0.021875
2 0.7135416666666666 0.79921875 0.0020833333333333333 0.0015625
2 0.721875 0.79140625 0.0020833333333333333 0.0015625
2 0.70625 0.77890625 0.008333333333333333 0.0046875
2 0.6375 0.77890625 0.008333333333333333 0.0109375
2 0.690625 0.7734375 0.00625 0.003125
2 0.5958333333333333 0.73125 0.020833333333333332 0.021875
2 0.6479166666666667 0.74375 0.09583333333333334 0.053125
2 0.6677083333333333 0.71875 0.010416666666666666 0.00625
2 0.6916666666666667 0.7171875 0.03333333333333333 0.00625
2 0.6375 0.70703125 0.004166666666666667 0.0046875
2 0.5864583333333333 0.70078125 0.0020833333333333333 0.0015625
2 0.5864583333333333 0.696875 0.0020833333333333333 0.003125
2 0.58125 0.69453125 0.004166666666666667 0.0046875
2 0.5135416666666667 0.69140625 0.0020833333333333333 0.0015625
2 0.509375 0.68984375 0.0020833333333333333 0.0015625
2 0.6791666666666667 0.6875 0.025 0.0125
2 0.17708333333333334 0.70625 0.08333333333333333 0.053125
2 0.5114583333333333 0.67890625 0.0020833333333333333 0.0015625
2 0.178125 0.67890625 0.00625 0.0015625
2 0.6520833333333333 0.69140625 0.020833333333333332 0.0328125
2 0.17083333333333334 0.6765625 0.004166666666666667 0.003125
2 0.7166666666666667 0.6765625 0.008333333333333333 0.00625
2 0.18229166666666666 0.67421875 0.0020833333333333333 0.0015625
2 0.51875 0.68125 0.0125 0.01875
2 0.5052083333333334 0.68046875 0.010416666666666666 0.0203125
2 0.653125 0.66796875 0.0020833333333333333 0.0015625
2 0.596875 0.66796875 0.0020833333333333333 0.0015625
2 0.14375 0.67890625 0.04583333333333333 0.0328125
2 0.5989583333333334 0.66171875 0.0020833333333333333 0.0015625
2 0.8927083333333333 0.65859375 0.0020833333333333333 0.0015625
2 0.603125 0.65703125 0.0020833333333333333 0.0015625
2 0.9041666666666667 0.65078125 0.004166666666666667 0.0015625
2 0.734375 0.65078125 0.0020833333333333333 0.0015625
2 0.17083333333333334 0.6515625 0.004166666666666667 0.003125
2 0.5927083333333333 0.64765625 0.0020833333333333333 0.0015625
2 0.1875 0.659375 0.0375 0.034375
2 0.6114583333333333 0.63203125 0.0020833333333333333 0.0015625
2 0.46145833333333336 0.63203125 0.0020833333333333333 0.0015625
2 0.5447916666666667 0.62734375 0.0020833333333333333 0.0015625
2 0.6052083333333333 0.62265625 0.010416666666666666 0.0078125
2 0.6864583333333333 0.6109375 0.00625 0.003125
2 0.690625 0.60234375 0.0020833333333333333 0.0015625
2 0.6697916666666667 0.60234375 0.0020833333333333333 0.0015625
2 0.659375 0.60234375 0.0020833333333333333 0.0015625
2 0.6739583333333333 0.6015625 0.0020833333333333333 0.003125
2 0.665625 0.6 0.0020833333333333333 0.003125
2 0.6802083333333333 0.59609375 0.0020833333333333333 0.0015625
2 0.7010416666666667 0.59453125 0.0020833333333333333 0.0015625
2 0.6697916666666667 0.59453125 0.0020833333333333333 0.0015625
2 0.665625 0.59453125 0.0020833333333333333 0.0015625
2 0.6864583333333333 0.59140625 0.0020833333333333333 0.0015625
2 0.671875 0.59140625 0.0020833333333333333 0.0015625
2 0.696875 0.58671875 0.0020833333333333333 0.0015625
2 0.6645833333333333 0.58828125 0.004166666666666667 0.0046875
2 0.7010416666666667 0.58515625 0.0020833333333333333 0.0015625
2 0.6885416666666667 0.58515625 0.0020833333333333333 0.0015625
2 0.5239583333333333 0.6125 0.09791666666666667 0.065625
2 0.7072916666666667 0.57890625 0.0020833333333333333 0.0015625
2 0.690625 0.5796875 0.00625 0.00625
2 0.4010416666666667 0.5828125 0.0020833333333333333 0.0125
2 0.6885416666666667 0.57265625 0.0020833333333333333 0.0015625
2 0.696875 0.56875 0.00625 0.0125
2 0.3145833333333333 0.5640625 0.004166666666666667 0.003125
2 0.390625 0.565625 0.022916666666666665 0.01875
2 0.40625 0.55625 0.004166666666666667 0.003125
2 0.39895833333333336 0.55390625 0.0020833333333333333 0.0015625
2 0.390625 0.55234375 0.0020833333333333333 0.0015625
2 0.321875 0.55078125 0.0020833333333333333 0.0015625
2 0.6635416666666667 0.52109375 0.0020833333333333333 0.0015625
2 0.68125 0.51875 0.008333333333333333 0.003125
2 0.659375 0.48515625 0.0020833333333333333 0.0015625
2 0.496875 0.4859375 0.0020833333333333333 0.00625
2 0.7322916666666667 0.4828125 0.00625 0.00625
2 0.6572916666666667 0.48046875 0.0020833333333333333 0.0015625
2 0.7541666666666667 0.465625 0.004166666666666667 0.003125
2 0.7416666666666667 0.46796875 0.016666666666666666 0.0109375
2 0.7510416666666667 0.46015625 0.0020833333333333333 0.0015625
2 0.29583333333333334 0.5109375 0.10416666666666667 0.109375
2 0.715625 0.45234375 0.00625 0.0046875
2 0.47604166666666664 0.44453125 0.0020833333333333333 0.0015625
2 0.471875 0.4421875 0.0020833333333333333 0.003125
2 0.7614583333333333 0.43515625 0.0020833333333333333 0.0015625
2 0.6645833333333333 0.4359375 0.004166666666666667 0.003125
2 0.759375 0.44140625 0.07291666666666667 0.0171875
2 0.5697916666666667 0.43359375 0.0020833333333333333 0.0015625
2 0.80625 0.4359375 0.03333333333333333 0.015625
2 0.571875 0.42890625 0.0020833333333333333 0.0015625
2 0.45729166666666665 0.42578125 0.0020833333333333333 0.0015625
2 0.5927083333333333 0.42421875 0.0020833333333333333 0.0015625
2 0.6447916666666667 0.42578125 0.022916666666666665 0.0140625
2 0.45416666666666666 0.41875 0.004166666666666667 0.00625
2 0.4739583333333333 0.41328125 0.0020833333333333333 0.0015625
2 0.471875 0.41015625 0.0020833333333333333 0.0015625
2 0.4875 0.40625 0.004166666666666667 0.003125
2 0.615625 0.5546875 0.54375 0.315625
2 0.4864583333333333 0.40078125 0.010416666666666666 0.0078125
2 0.5979166666666667 0.40078125 0.020833333333333332 0.0140625
2 0.6291666666666667 0.3890625 0.0125 0.009375
2 0.4822916666666667 0.3890625 0.01875 0.0125
2 0.4739583333333333 0.38359375 0.0020833333333333333 0.0015625
2 0.640625 0.38203125 0.0020833333333333333 0.0015625
2 0.6322916666666667 0.38203125 0.0020833333333333333 0.0015625
2 0.6364583333333333 0.37890625 0.0020833333333333333 0.0015625
2 0.63125 0.37890625 0.004166666666666667 0.0015625
2 0.4427083333333333 0.365625 0.0020833333333333333 0.003125
2 0.4239583333333333 0.35859375 0.0020833333333333333 0.0015625
2 0.41770833333333335 0.35859375 0.0020833333333333333 0.0015625
2 0.46458333333333335 0.36640625 0.025 0.0203125
2 0.4010416666666667 0.35234375 0.0020833333333333333 0.0015625
2 0.5552083333333333 0.35234375 0.00625 0.0046875
2 0.615625 0.34453125 0.0020833333333333333 0.0015625
2 0.609375 0.34140625 0.0020833333333333333 0.0015625
2 0.6020833333333333 0.33984375 0.004166666666666667 0.0015625
2 0.6697916666666667 0.33828125 0.0020833333333333333 0.0015625
2 0.6260416666666667 0.365625 0.16458333333333333 0.059375
2 0.428125 0.33515625 0.0020833333333333333 0.0015625
2 0.5927083333333333 0.33359375 0.0020833333333333333 0.0015625
2 0.5895833333333333 0.328125 0.004166666666666667 0.00625
2 0.559375 0.334375 0.01875 0.021875
2 0.5375 0.3234375 0.008333333333333333 0.003125
2 0.51875 0.30859375 0.03333333333333333 0.0328125
2 0.475 0.334375 0.1375 0.1
2 0.5135416666666667 0.27578125 0.010416666666666666 0.0046875
2 0.5104166666666666 0.2671875 0.004166666666666667 0.003125
2 0.49166666666666664 0.26875 0.0125 0.021875
2 0.4552083333333333 0.23984375 0.0020833333333333333 0.0015625
2 0.4708333333333333 0.2390625 0.004166666666666667 0.003125
2 0.4739583333333333 0.23515625 0.0020833333333333333 0.0015625
2 0.43645833333333334 0.22890625 0.0020833333333333333 0.0015625
2 0.4635416666666667 0.23125 0.01875 0.009375
2 0.44895833333333335 0.22578125 0.0020833333333333333 0.0015625
2 0.475 0.22265625 0.004166666666666667 0.0015625
2 0.7489583333333333 0.20078125 0.0020833333333333333 0.0015625
2 0.640625 0.1953125 0.0020833333333333333 0.003125
2 0.61875 0.21171875 0.029166666666666667 0.0359375
2 0.459375 0.18671875 0.0020833333333333333 0.0015625
2 0.44166666666666665 0.20078125 0.05 0.0421875
2 0.44895833333333335 0.17890625 0.0020833333333333333 0.0015625
2 0.4427083333333333 0.17734375 0.0020833333333333333 0.0015625
2 0.5614583333333333 0.17109375 0.0020833333333333333 0.0015625
2 0.005208333333333333 0.1734375 0.010416666666666666 0.00625
2 0.48125 0.1640625 0.004166666666666667 0.003125
2 0.5572916666666666 0.14921875 0.0020833333333333333 0.0015625
2 0.6239583333333333 0.14765625 0.0020833333333333333 0.0015625
2 0.7020833333333333 0.1265625 0.004166666666666667 0.00625
2 0.6375 0.2125 0.275 0.225
2 0.5208333333333334 0.14453125 0.09583333333333334 0.1078125
2 0.9947916666666666 0.08046875 0.0020833333333333333 0.0015625
2 0.9770833333333333 0.08046875 0.004166666666666667 0.0046875
2 0.965625 0.0734375 0.0020833333333333333 0.003125
2 0.94375 0.07421875 0.008333333333333333 0.0046875
2 0.9364583333333333 0.06953125 0.0020833333333333333 0.0015625
2 0.946875 0.06328125 0.0020833333333333333 0.0015625
2 0.975 0.06484375 0.004166666666666667 0.0078125
2 0.9864583333333333 0.07265625 0.01875 0.0265625
2 0.9947916666666666 0.0578125 0.0020833333333333333 0.003125
2 0.9375 0.06171875 0.0125 0.0109375
2 0.9864583333333333 0.053125 0.010416666666666666 0.00625
2 0.9260416666666667 0.03828125 0.0020833333333333333 0.0015625
2 0.9364583333333333 0.0390625 0.010416666666666666 0.0125
2 0.9916666666666667 0.0234375 0.004166666666666667 0.003125
2 0.99375 0.01875 0.004166666666666667 0.003125
2 0.925 0.02421875 0.016666666666666666 0.0140625
2 0.934375 0.01484375 0.0020833333333333333 0.0015625
2 0.9385416666666667 0.01171875 0.0020833333333333333 0.0015625
2 0.934375 0.01171875 0.0020833333333333333 0.0015625
2 0.9270833333333334 0.00625 0.004166666666666667 0.003125
2 0.9302083333333333 0.00234375 0.0020833333333333333 0.0015625
2 0.99375 0.003125 0.0125 0.00625
2 0.984375 0.00234375 0.0020833333333333333 0.0046875
2 0.978125 0.00234375 0.0020833333333333333 0.0046875
2 0.9697916666666667 0.034375 0.05625 0.06875
2 0.921875 0.00234375 0.0020833333333333333 0.0046875
2 0.9177083333333333 0.00078125 0.0020833333333333333 0.0015625
