0 0.42291666666666666 0.55703125 0.004166666666666667 0.0015625
0 0.3645833333333333 0.51953125 0.004166666666666667 0.0015625
0 0.43854166666666666 0.5015625 0.00625 0.003125
0 0.5729166666666666 0.48828125 0.0125 0.0046875
0 0.5104166666666666 0.47421875 0.008333333333333333 0.0046875
0 0.4979166666666667 0.4703125 0.008333333333333333 0.009375
0 0.5958333333333333 0.44140625 0.008333333333333333 0.0046875
0 0.46875 0.43984375 0.004166666666666667 0.0015625
0 0.5010416666666667 0.43515625 0.0020833333333333333 0.0046875
0 0.7427083333333333 0.42421875 0.0020833333333333333 0.0015625
0 0.9572916666666667 0.42265625 0.0020833333333333333 0.0015625
0 0.7364583333333333 0.409375 0.0020833333333333333 0.003125
0 0.34479166666666666 0.409375 0.01875 0.0125
0 0.946875 0.4015625 0.00625 0.003125
0 0.5322916666666667 0.40703125 0.03125 0.0171875
0 0.34791666666666665 0.39609375 0.0125 0.0078125
0 0.7916666666666666 0.39375 0.016666666666666666 0.009375
0 0.5020833333333333 0.39765625 0.016666666666666666 0.0171875
0 0.9635416666666666 0.3875 0.00625 0.00625
0 0.4041666666666667 0.37890625 0.008333333333333333 0.0046875
0 0.98125 0.37265625 0.008333333333333333 0.0046875
0 0.9989583333333333 0.36640625 0.0020833333333333333 0.0015625
0 0.9166666666666666 0.38515625 0.05416666666666667 0.0390625
0 0.5010416666666667 0.36484375 0.0020833333333333333 0.0015625
0 0.5635416666666667 0.36171875 0.010416666666666666 0.0078125
0 0.9239583333333333 0.3515625 0.014583333333333334 0.003125
0 0.49583333333333335 0.35234375 0.0125 0.0046875
0 0.9479166666666666 0.3484375 0.008333333333333333 0.003125
0 0.8625 0.33984375 0.004166666666666667 0.0046875
0 0.9635416666666666 0.3359375 0.0020833333333333333 0.003125
0 0.46979166666666666 0.3375 0.010416666666666666 0.00625
0 0.6395833333333333 0.33984375 0.020833333333333332 0.0171875
0 0.38125 0.35234375 0.05 0.0421875
0 0.6447916666666667 0.32265625 0.014583333333333334 0.0046875
0 0.6583333333333333 0.3203125 0.008333333333333333 0.003125
0 0.9666666666666667 0.31484375 0.008333333333333333 0.0046875
0 0.971875 0.303125 0.0020833333333333333 0.003125
0 0.9677083333333333 0.303125 0.0020833333333333333 0.00625
0 0.9802083333333333 0.29609375 0.0020833333333333333 0.0046875
0 0.8427083333333333 0.315625 0.05625 0.04375
0 0.8197916666666667 0.2890625 0.0020833333333333333 0.003125
0 0.996875 0.284375 0.00625 0.00625
0 0.9989583333333333 0.26640625 0.0020833333333333333 0.0015625
0 0.8458333333333333 0.2625 0.004166666666666667 0.003125
0 0.8489583333333334 0.26015625 0.0020833333333333333 0.0015625
0 0.9958333333333333 0.2609375 0.008333333333333333 0.00625
0 0.8427083333333333 0.25859375 0.0020833333333333333 0.0015625
0 0.8572916666666667 0.25859375 0.014583333333333334 0.0109375
0 0.896875 0.24765625 0.0020833333333333333 0.0015625
0 0.853125 0.2359375 0.027083333333333334 0.009375
0 0.8927083333333333 0.22890625 0.0020833333333333333 0.0015625
0 0.8979166666666667 0.22734375 0.004166666666666667 0.0046875
0 0.8604166666666667 0.2375 0.05 0.0375
0 0.8364583333333333 0.221875 0.00625 0.00625
0 0.9385416666666667 0.21171875 0.0020833333333333333 0.0015625
0 0.934375 0.21015625 0.0020833333333333333 0.0078125
0 0.45208333333333334 0.2015625 0.004166666666666667 0.003125
0 0.99375 0.1984375 0.0125 0.0125
0 0.8333333333333334 0.20546875 0.041666666666666664 0.0265625
0 0.7708333333333334 0.1953125 0.004166666666666667 0.00625
0 0.7927083333333333 0.2 0.027083333333333334 0.01875
0 0.703125 0.1921875 0.0020833333333333333 0.003125
0 0.76875 0.1875 0.004166666666666667 0.003125
0 0.7885416666666667 0.17890625 0.00625 0.0046875
0 0.3958333333333333 0.17734375 0.025 0.0046875
0 0.9364583333333333 0.1671875 0.022916666666666665 0.015625
0 0.8895833333333333 0.190625 0.0875 0.065625
0 0.5104166666666666 0.1625 0.0125 0.0125
0 0.42916666666666664 0.16171875 0.008333333333333333 0.0109375
0 0.83125 0.165625 0.020833333333333332 0.028125
0 0.9447916666666667 0.15625 0.00625 0.0125
0 0.9177083333333333 0.15234375 0.00625 0.0078125
0 0.971875 0.14765625 0.0020833333333333333 0.0015625
0 0.6354166666666666 0.14765625 0.004166666666666667 0.0046875
0 0.5072916666666667 0.1421875 0.010416666666666666 0.003125
0 0.6802083333333333 0.1453125 0.014583333333333334 0.0125
0 0.4895833333333333 0.1390625 0.008333333333333333 0.0125
0 0.7510416666666667 0.12734375 0.0020833333333333333 0.0015625
0 0.746875 0.12734375 0.0020833333333333333 0.0015625
0 0.44895833333333335 0.13046875 0.010416666666666666 0.0109375
0 0.9145833333333333 0.1265625 0.08333333333333333 0.04375
0 0.653125 0.10390625 0.010416666666666666 0.0078125
0 0.859375 0.08828125 0.0020833333333333333 0.0015625
0 0.5885416666666666 0.08515625 0.00625 0.0078125
0 0.8864583333333333 0.07890625 0.0020833333333333333 0.0015625
0 0.840625 0.09609375 0.03125 0.0390625
0 0.6645833333333333 0.07734375 0.004166666666666667 0.0015625
0 0.45416666666666666 0.0796875 0.008333333333333333 0.00625
0 0.4239583333333333 0.07734375 0.0020833333333333333 0.0015625
0 0.8854166666666666 0.0890625 0.0375 0.028125
0 0.75625 0.0828125 0.020833333333333332 0.015625
0 0.6364583333333333 0.07578125 0.0020833333333333333 0.0015625
0 0.590625 0.07578125 0.0020833333333333333 0.0015625
0 0.446875 0.07578125 0.0020833333333333333 0.0015625
0 0.9916666666666667 0.08125 0.016666666666666666 0.015625
0 0.990625 0.07265625 0.0020833333333333333 0.0015625
0 0.8697916666666666 0.06953125 0.0020833333333333333 0.0015625
0 0.41458333333333336 0.07109375 0.004166666666666667 0.0046875
0 0.5697916666666667 0.06796875 0.0020833333333333333 0.0015625
0 0.86875 0.06484375 0.004166666666666667 0.0015625
0 0.8635416666666667 0.0640625 0.0020833333333333333 0.003125
0 0.39895833333333336 0.06328125 0.0020833333333333333 0.0015625
0 0.7864583333333334 0.08671875 0.04375 0.0546875
0 0.8229166666666666 0.06015625 0.004166666666666667 0.0046875
0 0.8177083333333334 0.05859375 0.0020833333333333333 0.0015625
0 0.7614583333333333 0.05859375 0.0020833333333333333 0.0015625
0 0.7677083333333333 0.05859375 0.00625 0.0046875
0 0.75625 0.059375 0.004166666666666667 0.00625
0 0.5802083333333333 0.065625 0.01875 0.01875
0 0.8197916666666667 0.05546875 0.0020833333333333333 0.0015625
0 0.6104166666666667 0.05703125 0.004166666666666667 0.0046875
0 0.8145833333333333 0.0546875 0.004166666666666667 0.003125
0 0.39791666666666664 0.05625 0.004166666666666667 0.00625
0 0.6177083333333333 0.05625 0.010416666666666666 0.0125
0 0.6125 0.04921875 0.004166666666666667 0.0015625
0 0.9177083333333333 0.0484375 0.00625 0.003125
0 0.4510416666666667 0.04765625 0.0020833333333333333 0.0015625
0 0.6177083333333333 0.0453125 0.0020833333333333333 0.003125
0 0.49166666666666664 0.046875 0.0125 0.009375
0 0.43020833333333336 0.04296875 0.0020833333333333333 0.0015625
0 0.584375 0.0453125 0.010416666666666666 0.009375
0 0.484375 0.03984375 0.0020833333333333333 0.0015625
0 0.8885416666666667 0.040625 0.00625 0.00625
0 0.48854166666666665 0.034375 0.0020833333333333333 0.003125
0 0.51875 0.0328125 0.004166666666666667 0.003125
0 0.5125 0.0328125 0.004166666666666667 0.003125
0 0.43645833333333334 0.03671875 0.014583333333333334 0.0109375
0 0.484375 0.03203125 0.0020833333333333333 0.0046875
0 0.859375 0.0453125 0.022916666666666665 0.034375
0 0.825 0.03125 0.0125 0.00625
0 0.9041666666666667 0.0296875 0.008333333333333333 0.009375
0 0.4552083333333333 0.03125 0.01875 0.0125
0 0.9322916666666666 0.02265625 0.0020833333333333333 0.0015625
0 0.8895833333333333 0.025 0.008333333333333333 0.00625
0 0.5625 0.02265625 0.004166666666666667 0.0015625
0 0.16979166666666667 0.01953125 0.0020833333333333333 0.0015625
0 0.9979166666666667 0.01953125 0.004166666666666667 0.0109375
0 0.19583333333333333 0.01484375 0.004166666666666667 0.0015625
0 0.6875 0.0140625 0.008333333333333333 0.003125
0 0.8270833333333333 0.01953125 0.025 0.0203125
0 0.7427083333333333 0.0125 0.0020833333333333333 0.00625
0 0.9458333333333333 0.015625 0.05 0.015625
0 0.59375 0.01640625 0.020833333333333332 0.0203125
0 0.7302083333333333 0.00625 0.0020833333333333333 0.003125
0 0.6197916666666666 0.01328125 0.014583333333333334 0.0171875
0 0.415625 0.01484375 0.022916666666666665 0.0203125
0 0.4375 0.009375 0.016666666666666666 0.0125
0 0.9635416666666666 0.00234375 0.0020833333333333333 0.0046875
0 0.95 0.003125 0.008333333333333333 0.00625
0 0.796875 0.0015625 0.0020833333333333333 0.003125
0 0.771875 0.00078125 0.0020833333333333333 0.0015625
0 0.7666666666666667 0.0078125 0.0125 0.015625
0 0.6645833333333333 0.00234375 0.004166666666666667 0.0046875
0 0.5302083333333333 0.00234375 0.00625 0.0046875
0 0.5114583333333333 0.00390625 0.010416666666666666 0.0078125
1 0.004166666666666667 0.9984375 0.008333333333333333 0.003125
1 0.10416666666666667 0.99765625 0.008333333333333333 0.0046875
1 0.14791666666666667 0.99296875 0.0375 0.0109375
1 0.07083333333333333 0.97890625 0.04583333333333333 0.0421875
1 0.9364583333333333 0.85859375 0.0020833333333333333 0.0015625
1 0.9385416666666667 0.85234375 0.00625 0.0078125
1 0.934375 0.846875 0.0020833333333333333 0.00625
1 0.940625 0.84453125 0.0020833333333333333 0.0046875
1 0.9177083333333333 0.82890625 0.00625 0.0078125
1 0.8572916666666667 0.81328125 0.0020833333333333333 0.0015625
1 0.853125 0.81328125 0.0020833333333333333 0.0015625
1 0.9479166666666666 0.8109375 0.008333333333333333 0.003125
1 0.934375 0.81171875 0.01875 0.0109375
1 0.8895833333333333 0.77265625 0.004166666666666667 0.0046875
1 0.86875 0.771875 0.004166666666666667 0.003125
1 0.8520833333333333 0.771875 0.004166666666666667 0.003125
1 0.88125 0.796875 0.07083333333333333 0.05625
1 0.19375 0.75234375 0.0125 0.0078125
1 0.7875 0.64765625 0.004166666666666667 0.0015625
1 0.071875 0.64453125 0.0020833333333333333 0.0015625
1 0.035416666666666666 0.64453125 0.004166666666666667 0.0015625
1 0.7833333333333333 0.64375 0.004166666666666667 0.003125
1 0.103125 0.64140625 0.0020833333333333333 0.0015625
1 0.06770833333333333 0.64140625 0.0020833333333333333 0.0015625
1 0.11979166666666667 0.63203125 0.0020833333333333333 0.0015625
1 0.125 0.628125 0.004166666666666667 0.003125
1 0.7479166666666667 0.63125 0.0125 0.0125
1 0.85 0.62265625 0.008333333333333333 0.0046875
1 0.778125 0.63046875 0.010416666666666666 0.0203125
1 0.8635416666666667 0.61328125 0.0020833333333333333 0.0015625
1 0.2833333333333333 0.60390625 0.004166666666666667 0.0015625
1 0.09583333333333334 0.5875 0.0625 0.040625
1 0.06666666666666667 0.60390625 0.13333333333333333 0.0796875
1 0.0020833333333333333 0.546875 0.004166666666666667 0.00625
1 0.05520833333333333 0.54296875 0.01875 0.0078125
1 0.753125 0.53046875 0.022916666666666665 0.0140625
1 0.017708333333333333 0.52265625 0.0020833333333333333 0.0015625
1 0.3541666666666667 0.52265625 0.004166666666666667 0.0046875
1 0.013541666666666667 0.51953125 0.0020833333333333333 0.0015625
1 0.7645833333333333 0.5140625 0.016666666666666666 0.009375
1 0.596875 0.51328125 0.0020833333333333333 0.0140625
1 0.7854166666666667 0.521875 0.0375 0.046875
1 0.7625 0.5 0.004166666666666667 0.003125
1 0.8114583333333333 0.49765625 0.00625 0.0046875
1 0.7302083333333333 0.49609375 0.0020833333333333333 0.0015625
1 0.2760416666666667 0.49296875 0.0020833333333333333 0.0015625
1 0.30625 0.49296875 0.008333333333333333 0.0046875
1 0.6375 0.4875 0.008333333333333333 0.00625
1 0.6197916666666666 0.47734375 0.010416666666666666 0.0015625
1 0.6041666666666666 0.47265625 0.004166666666666667 0.0046875
1 0.5739583333333333 0.47421875 0.035416666666666666 0.0140625
1 0.43645833333333334 0.45859375 0.00625 0.0046875
1 0.5364583333333334 0.4484375 0.0020833333333333333 0.003125
1 0.4947916666666667 0.43046875 0.0020833333333333333 0.0015625
1 0.49270833333333336 0.534375 0.4979166666666667 0.215625
1 0.10625 0.4953125 0.2125 0.1375
1 0.5 0.42421875 0.004166666666666667 0.0015625
1 0.9270833333333334 0.41953125 0.004166666666666667 0.0015625
1 0.784375 0.41171875 0.0020833333333333333 0.0015625
1 0.3854166666666667 0.4203125 0.029166666666666667 0.01875
1 0.834375 0.40859375 0.0020833333333333333 0.0015625
1 0.6895833333333333 0.40859375 0.004166666666666667 0.0015625
1 0.7958333333333333 0.4078125 0.004166666666666667 0.003125
1 0.6947916666666667 0.40703125 0.0020833333333333333 0.0015625
1 0.765625 0.40546875 0.0020833333333333333 0.0015625
1 0.8072916666666666 0.4046875 0.0020833333333333333 0.003125
1 0.7458333333333333 0.41796875 0.016666666666666666 0.0296875
1 0.7052083333333333 0.40546875 0.014583333333333334 0.0046875
1 0.725 0.403125 0.0125 0.003125
1 0.9979166666666667 0.40234375 0.004166666666666667 0.0046875
1 0.81875 0.40390625 0.016666666666666666 0.0078125
1 0.5697916666666667 0.396875 0.0020833333333333333 0.003125
1 0.528125 0.39765625 0.00625 0.0046875
1 0.3333333333333333 0.3984375 0.004166666666666667 0.00625
1 0.33125 0.46484375 0.20416666666666666 0.1390625
1 0.42916666666666664 0.396875 0.03333333333333333 0.009375
1 0.353125 0.38671875 0.03125 0.0140625
1 0.359375 0.38046875 0.0020833333333333333 0.0015625
1 0.70625 0.38046875 0.0125 0.0046875
1 0.3927083333333333 0.37890625 0.0020833333333333333 0.0015625
1 0.7635416666666667 0.37734375 0.0020833333333333333 0.0015625
1 0.396875 0.37734375 0.0020833333333333333 0.0015625
1 0.7135416666666666 0.3765625 0.010416666666666666 0.003125
1 0.38229166666666664 0.38203125 0.01875 0.0140625
1 0.6114583333333333 0.37890625 0.01875 0.0109375
1 0.7270833333333333 0.3734375 0.008333333333333333 0.003125
1 0.6427083333333333 0.378125 0.03125 0.0125
1 0.409375 0.37265625 0.01875 0.0046875
1 0.6697916666666667 0.371875 0.010416666666666666 0.00625
1 0.7729166666666667 0.3671875 0.008333333333333333 0.003125
1 0.575 0.37734375 0.03333333333333333 0.0265625
1 0.9541666666666667 0.371875 0.029166666666666667 0.021875
1 0.6083333333333333 0.365625 0.016666666666666666 0.0125
1 0.75625 0.378125 0.05 0.046875
1 0.8708333333333333 0.43828125 0.25833333333333336 0.1765625
1 0.553125 0.41875 0.28958333333333336 0.1375
1 0.49270833333333336 0.34921875 0.0020833333333333333 0.0015625
1 0.7822916666666667 0.33828125 0.022916666666666665 0.0046875
1 0.465625 0.31640625 0.0020833333333333333 0.0015625
1 0.9354166666666667 0.31640625 0.008333333333333333 0.0046875
1 0.465625 0.31328125 0.0020833333333333333 0.0015625
1 0.209375 0.31328125 0.010416666666666666 0.0046875
1 0.7979166666666667 0.31484375 0.004166666666666667 0.0109375
1 0.4625 0.31015625 0.004166666666666667 0.0046875
1 0.9604166666666667 0.309375 0.008333333333333333 0.00625
1 0.5510416666666667 0.30625 0.0020833333333333333 0.003125
1 0.8760416666666667 0.29765625 0.010416666666666666 0.0140625
1 0.85625 0.2921875 0.016666666666666666 0.00625
1 0.834375 0.2921875 0.010416666666666666 0.015625
1 0.528125 0.3015625 0.10208333333333333 0.0375
1 0.6020833333333333 0.328125 0.24166666666666667 0.09375
1 0.8427083333333333 0.28125 0.00625 0.003125
1 0.859375 0.2796875 0.014583333333333334 0.00625
1 0.7489583333333333 0.27109375 0.0020833333333333333 0.0015625
1 0.828125 0.2671875 0.0020833333333333333 0.003125
1 0.7697916666666667 0.2671875 0.0020833333333333333 0.003125
1 0.8375 0.26640625 0.008333333333333333 0.0046875
1 0.75 0.265625 0.004166666666666667 0.003125
1 0.8208333333333333 0.31484375 0.09166666666666666 0.1109375
1 0.384375 0.3203125 0.18125 0.121875
1 0.871875 0.25703125 0.0020833333333333333 0.0015625
1 0.7145833333333333 0.26328125 0.0625 0.0171875
1 0.9333333333333333 0.31015625 0.13333333333333333 0.1140625
1 0.828125 0.25859375 0.010416666666666666 0.0109375
1 0.8947916666666667 0.25234375 0.00625 0.0015625
1 0.965625 0.27421875 0.06458333333333334 0.0484375
1 0.796875 0.2515625 0.0020833333333333333 0.003125
1 0.6010416666666667 0.2515625 0.00625 0.003125
1 0.8875 0.2484375 0.004166666666666667 0.003125
1 0.8322916666666667 0.24921875 0.00625 0.0046875
1 0.103125 0.2484375 0.00625 0.003125
1 0.7822916666666667 0.24296875 0.0020833333333333333 0.0015625
1 0.5666666666666667 0.25078125 0.03333333333333333 0.0171875
1 0.10625 0.24375 0.008333333333333333 0.003125
1 0.5927083333333333 0.2375 0.0020833333333333333 0.003125
1 0.5875 0.2359375 0.004166666666666667 0.003125
1 0.7739583333333333 0.22734375 0.0020833333333333333 0.0015625
1 0.8864583333333333 0.22734375 0.00625 0.0046875
1 0.8072916666666666 0.225 0.0020833333333333333 0.003125
1 0.803125 0.22109375 0.0020833333333333333 0.0015625
1 0.20104166666666667 0.22109375 0.0020833333333333333 0.0015625
1 0.815625 0.22265625 0.014583333333333334 0.0078125
1 0.19479166666666667 0.21796875 0.0020833333333333333 0.0015625
1 0.9927083333333333 0.21640625 0.0020833333333333333 0.0015625
1 0.9833333333333333 0.2328125 0.03333333333333333 0.034375
1 0.95625 0.21640625 0.004166666666666667 0.0015625
1 0.8635416666666667 0.21171875 0.00625 0.0046875
1 0.8052083333333333 0.21328125 0.00625 0.0078125
1 0.8520833333333333 0.203125 0.0125 0.00625
1 0.8208333333333333 0.20234375 0.004166666666666667 0.0046875
1 0.759375 0.19921875 0.00625 0.0015625
1 0.415625 0.19765625 0.0020833333333333333 0.0015625
1 0.765625 0.19609375 0.0020833333333333333 0.0046875
1 0.37604166666666666 0.18828125 0.0020833333333333333 0.0015625
1 0.07604166666666666 0.18828125 0.0020833333333333333 0.0015625
1 0.07604166666666666 0.18515625 0.0020833333333333333 0.0015625
1 0.46770833333333334 0.17734375 0.0020833333333333333 0.0015625
1 0.36354166666666665 0.17734375 0.0020833333333333333 0.0015625
1 0.9395833333333333 0.17734375 0.0125 0.0046875
1 0.05416666666666667 0.18671875 0.0375 0.0265625
1 0.38645833333333335 0.17109375 0.0020833333333333333 0.0015625
1 0.37395833333333334 0.17578125 0.01875 0.0109375
1 0.803125 0.18671875 0.035416666666666666 0.0390625
1 0.396875 0.1625 0.010416666666666666 0.00625
1 0.434375 0.15703125 0.0020833333333333333 0.0015625
1 0.634375 0.1625 0.022916666666666665 0.021875
1 0.43333333333333335 0.15234375 0.004166666666666667 0.0015625
1 0.4270833333333333 0.15234375 0.004166666666666667 0.0015625
1 0.396875 0.15390625 0.00625 0.0046875
1 0.978125 0.17265625 0.03958333333333333 0.0453125
1 0.8145833333333333 0.15390625 0.0125 0.0078125
1 0.7822916666666667 0.1546875 0.014583333333333334 0.009375
1 0.8520833333333333 0.1484375 0.0375 0.003125
1 0.403125 0.14765625 0.0020833333333333333 0.0015625
1 0.6989583333333333 0.140625 0.0020833333333333333 0.003125
1 0.4552083333333333 0.159375 0.08541666666666667 0.04375
1 0.4114583333333333 0.153125 0.014583333333333334 0.03125
1 0.175 0.1953125 0.2833333333333333 0.115625
1 0.65 0.1421875 0.008333333333333333 0.015625
1 0.396875 0.1421875 0.010416666666666666 0.015625
1 0.45625 0.13515625 0.004166666666666667 0.0046875
1 0.5697916666666667 0.12734375 0.0020833333333333333 0.0015625
1 0.7041666666666667 0.1296875 0.0125 0.009375
1 0.80625 0.12265625 0.0125 0.0046875
1 0.6625 0.1234375 0.0125 0.00625
1 0.6520833333333333 0.12265625 0.004166666666666667 0.0046875
1 0.6104166666666667 0.1328125 0.041666666666666664 0.03125
1 0.5510416666666667 0.11796875 0.00625 0.0015625
1 0.42916666666666664 0.12890625 0.029166666666666667 0.0328125
1 0.7489583333333333 0.1140625 0.03125 0.015625
1 0.459375 0.10234375 0.0020833333333333333 0.0015625
1 0.628125 0.10234375 0.010416666666666666 0.0046875
1 0.7166666666666667 0.109375 0.016666666666666666 0.021875
1 0.31145833333333334 0.09765625 0.0020833333333333333 0.0015625
1 0.6760416666666667 0.09609375 0.00625 0.0078125
1 0.459375 0.09296875 0.0020833333333333333 0.0015625
1 0.446875 0.09296875 0.0020833333333333333 0.0015625
1 0.575 0.09453125 0.008333333333333333 0.0109375
1 0.4375 0.090625 0.008333333333333333 0.003125
1 0.40520833333333334 0.08828125 0.0020833333333333333 0.0015625
1 0.3729166666666667 0.08671875 0.004166666666666667 0.0015625
1 0.9791666666666666 0.0953125 0.041666666666666664 0.021875
1 0.428125 0.08515625 0.0020833333333333333 0.0015625
1 0.403125 0.08515625 0.0020833333333333333 0.0015625
1 0.3885416666666667 0.08515625 0.0020833333333333333 0.0015625
1 0.38125 0.08515625 0.004166666666666667 0.0015625
1 0.8354166666666667 0.08671875 0.004166666666666667 0.0078125
1 0.6020833333333333 0.1828125 0.4625 0.2
1 0.61875 0.08828125 0.016666666666666666 0.0140625
1 0.6041666666666666 0.08515625 0.004166666666666667 0.0078125
1 0.37395833333333334 0.08203125 0.0020833333333333333 0.0046875
1 0.46875 0.08359375 0.025 0.0140625
1 0.4375 0.07890625 0.004166666666666667 0.0046875
1 0.81875 0.0875 0.016666666666666666 0.025
1 0.734375 0.07265625 0.00625 0.0046875
1 0.38229166666666664 0.06953125 0.0020833333333333333 0.0015625
1 0.4354166666666667 0.0703125 0.008333333333333333 0.00625
1 0.278125 0.06953125 0.00625 0.0046875
1 0.4322916666666667 0.06640625 0.0020833333333333333 0.0015625
1 0.396875 0.07578125 0.04375 0.0203125
1 0.9520833333333333 0.1109375 0.09583333333333334 0.09375
1 0.36354166666666665 0.06484375 0.0020833333333333333 0.0015625
1 0.35833333333333334 0.06484375 0.004166666666666667 0.0015625
1 0.5333333333333333 0.0890625 0.029166666666666667 0.053125
1 0.478125 0.06328125 0.022916666666666665 0.0203125
1 0.46145833333333336 0.05390625 0.0020833333333333333 0.0015625
1 0.9947916666666666 0.05859375 0.010416666666666666 0.0171875
1 0.8822916666666667 0.053125 0.010416666666666666 0.00625
1 0.734375 0.05546875 0.014583333333333334 0.0109375
1 0.41770833333333335 0.05 0.0020833333333333333 0.003125
1 0.36354166666666665 0.04921875 0.0020833333333333333 0.0015625
1 0.9489583333333333 0.0546875 0.03958333333333333 0.015625
1 0.42291666666666666 0.04765625 0.004166666666666667 0.0046875
1 0.9 0.046875 0.0125 0.00625
1 0.09375 0.04296875 0.004166666666666667 0.0015625
1 0.075 0.04296875 0.004166666666666667 0.0015625
1 0.46979166666666666 0.04609375 0.01875 0.0109375
1 0.0875 0.04140625 0.004166666666666667 0.0015625
1 0.6833333333333333 0.05078125 0.03333333333333333 0.0265625
1 0.08020833333333334 0.03828125 0.0020833333333333333 0.0015625
1 0.96875 0.0390625 0.004166666666666667 0.00625
1 0.603125 0.03671875 0.0020833333333333333 0.0015625
1 0.375 0.0484375 0.03333333333333333 0.028125
1 0.9166666666666666 0.03671875 0.0125 0.0078125
1 0.709375 0.03359375 0.0020833333333333333 0.0015625
1 0.4010416666666667 0.03359375 0.0020833333333333333 0.0015625
1 0.3260416666666667 0.06328125 0.09375 0.0640625
1 0.240625 0.02890625 0.0020833333333333333 0.0015625
1 0.7114583333333333 0.028125 0.0020833333333333333 0.003125
1 0.40208333333333335 0.02890625 0.004166666666666667 0.0046875
1 0.5708333333333333 0.0265625 0.004166666666666667 0.003125
1 0.83125 0.03515625 0.05416666666666667 0.0234375
1 0.4270833333333333 0.02578125 0.008333333333333333 0.0046875
1 0.49895833333333334 0.02421875 0.010416666666666666 0.0140625
1 0.9052083333333333 0.0171875 0.014583333333333334 0.009375
1 0.5260416666666666 0.015625 0.00625 0.00625
1 0.6395833333333333 0.021875 0.058333333333333334 0.025
1 0.60625 0.003125 0.0125 0.00625
1 0.30416666666666664 0.03828125 0.14166666666666666 0.0765625
1 0.11770833333333333 0.01640625 0.23541666666666666 0.0328125
2 0.8666666666666667 0.796875 0.0125 0.009375
2 0.07083333333333333 0.63125 0.008333333333333333 0.009375
2 0.1 0.62578125 0.029166666666666667 0.0171875
2 0.5791666666666667 0.61484375 0.016666666666666666 0.0046875
2 0.578125 0.60234375 0.0020833333333333333 0.0015625
2 0.06979166666666667 0.59296875 0.0020833333333333333 0.0015625
2 0.5854166666666667 0.59140625 0.0125 0.0109375
2 0.029166666666666667 0.6125 0.058333333333333334 0.059375
2 0.6375 0.59375 0.016666666666666666 0.025
2 0.1 0.58671875 0.03333333333333333 0.0234375
2 0.09791666666666667 0.5765625 0.004166666666666667 0.003125
2 0.13020833333333334 0.5234375 0.00625 0.003125
2 0.8916666666666667 0.51484375 0.020833333333333332 0.0203125
2 0.9677083333333333 0.48671875 0.0020833333333333333 0.0015625
2 0.971875 0.48359375 0.0020833333333333333 0.0015625
2 0.06458333333333334 0.503125 0.07916666666666666 0.040625
2 0.06979166666666667 0.4703125 0.00625 0.009375
2 0.984375 0.4640625 0.0020833333333333333 0.003125
2 0.06145833333333333 0.4625 0.0020833333333333333 0.003125
2 0.15416666666666667 0.50859375 0.1125 0.1015625
2 0.9854166666666667 0.48828125 0.029166666666666667 0.0671875
2 0.803125 0.45234375 0.0020833333333333333 0.0015625
2 0.884375 0.44453125 0.0020833333333333333 0.0015625
2 0.890625 0.43984375 0.0020833333333333333 0.0015625
2 0.8052083333333333 0.43828125 0.00625 0.0046875
2 0.09166666666666666 0.45078125 0.05 0.0328125
2 0.915625 0.43046875 0.0020833333333333333 0.0015625
2 0.928125 0.42734375 0.0020833333333333333 0.0015625
2 0.778125 0.41171875 0.0020833333333333333 0.0015625
2 0.690625 0.40859375 0.0020833333333333333 0.0015625
2 0.7895833333333333 0.40859375 0.016666666666666666 0.0078125
2 0.7697916666666667 0.40546875 0.0020833333333333333 0.0015625
2 0.7791666666666667 0.4046875 0.008333333333333333 0.003125
2 0.9895833333333334 0.35234375 0.004166666666666667 0.0015625
2 0.7822916666666667 0.33828125 0.0020833333333333333 0.0015625
2 0.7760416666666666 0.33671875 0.0020833333333333333 0.0015625
2 0.871875 0.29140625 0.0020833333333333333 0.0015625
2 0.83125 0.2890625 0.004166666666666667 0.00625
2 0.48541666666666666 0.275 0.0125 0.00625
2 0.703125 0.26171875 0.0020833333333333333 0.0015625
2 0.8677083333333333 0.26171875 0.00625 0.0046875
2 0.8489583333333334 0.26015625 0.0020833333333333333 0.0015625
2 0.7489583333333333 0.2578125 0.010416666666666666 0.009375
2 0.8677083333333333 0.2515625 0.00625 0.003125
2 0.8583333333333333 0.25234375 0.004166666666666667 0.0046875
2 0.5666666666666667 0.2515625 0.016666666666666666 0.009375
2 0.8520833333333333 0.25625 0.041666666666666664 0.025
2 0.5697916666666667 0.2453125 0.00625 0.003125
2 0.5 0.24296875 0.020833333333333332 0.0078125
2 0.6239583333333333 0.234375 0.0020833333333333333 0.003125
2 0.990625 0.23203125 0.0020833333333333333 0.0015625
2 0.4739583333333333 0.23515625 0.014583333333333334 0.0078125
2 0.2552083333333333 0.2390625 0.022916666666666665 0.01875
2 0.634375 0.23125 0.00625 0.00625
2 0.78125 0.2296875 0.020833333333333332 0.009375
2 0.5208333333333334 0.23125 0.020833333333333332 0.0125
2 0.4427083333333333 0.2359375 0.04375 0.028125
2 0.596875 0.221875 0.0020833333333333333 0.003125
2 0.784375 0.21171875 0.00625 0.0015625
2 0.20625 0.20078125 0.004166666666666667 0.0015625
2 0.6458333333333334 0.1953125 0.004166666666666667 0.003125
2 0.228125 0.1859375 0.0020833333333333333 0.003125
2 0.25625 0.21171875 0.11666666666666667 0.0578125
2 0.058333333333333334 0.18359375 0.020833333333333332 0.0140625
2 0.209375 0.1796875 0.022916666666666665 0.009375
2 0.24895833333333334 0.175 0.022916666666666665 0.0125
2 0.459375 0.153125 0.0020833333333333333 0.003125
2 0.4270833333333333 0.15234375 0.004166666666666667 0.0015625
2 0.07083333333333333 0.1546875 0.008333333333333333 0.00625
2 0.05416666666666667 0.14921875 0.0125 0.0046875
2 0.21458333333333332 0.15859375 0.04583333333333333 0.0296875
2 0.140625 0.18828125 0.09375 0.0921875
2 0.43854166666666666 0.1359375 0.03958333333333333 0.040625
2 0.34270833333333334 0.08359375 0.0020833333333333333 0.0015625
2 0.4427083333333333 0.08203125 0.0020833333333333333 0.0015625
2 0.46145833333333336 0.07734375 0.0020833333333333333 0.0015625
2 0.45416666666666666 0.0796875 0.008333333333333333 0.00625
2 0.44583333333333336 0.0765625 0.004166666666666667 0.003125
2 0.28020833333333334 0.07109375 0.0020833333333333333 0.0015625
2 0.26666666666666666 0.0703125 0.004166666666666667 0.003125
2 0.38229166666666664 0.06875 0.0020833333333333333 0.003125
2 0.271875 0.06875 0.0020833333333333333 0.003125
2 0.446875 0.06875 0.00625 0.00625
2 0.36354166666666665 0.06484375 0.0020833333333333333 0.0015625
2 0.35833333333333334 0.06484375 0.004166666666666667 0.0015625
2 0.2375 0.05 0.004166666666666667 0.00625
2 0.203125 0.01484375 0.0020833333333333333 0.0015625
2 0.025 0.00859375 0.0125 0.0046875
2 0.23958333333333334 0.0078125 0.004166666666666667 0.00625
2 0.008333333333333333 0.00625 0.016666666666666666 0.00625
2 0.29791666666666666 0.00078125 0.004166666666666667 0.0015625
2 0.6177083333333333 0.31953125 0.7645833333333333 0.6390625
2 0.23958333333333334 0.0015625 0.004166666666666667 0.003125
2 0.22291666666666668 0.0078125 0.025 0.015625
2 0.17604166666666668 0.00703125 0.03125 0.0140625
2 0.13645833333333332 0.00390625 0.00625 0.0078125
2 0.057291666666666664 0.00546875 0.052083333333333336 0.0109375
