0 0.5447916666666667 0.67578125 0.0020833333333333333 0.0015625
0 0.5427083333333333 0.665625 0.0020833333333333333 0.003125
0 0.5385416666666667 0.665625 0.0020833333333333333 0.003125
0 0.534375 0.66328125 0.0020833333333333333 0.0015625
0 0.5260416666666666 0.6609375 0.010416666666666666 0.003125
0 0.4354166666666667 0.66015625 0.0125 0.0078125
0 0.5 0.65234375 0.008333333333333333 0.0046875
0 0.42291666666666666 0.6515625 0.004166666666666667 0.003125
0 0.5197916666666667 0.634375 0.010416666666666666 0.00625
0 0.5291666666666667 0.63046875 0.004166666666666667 0.0015625
0 0.43125 0.63125 0.07083333333333333 0.01875
0 0.51875 0.61953125 0.0375 0.0109375
0 0.5364583333333334 0.58203125 0.0020833333333333333 0.0015625
0 0.53125 0.58203125 0.004166666666666667 0.0015625
0 0.340625 0.5578125 0.0020833333333333333 0.003125
0 0.6291666666666667 0.553125 0.008333333333333333 0.003125
0 0.584375 0.55234375 0.052083333333333336 0.0078125
0 0.34270833333333334 0.54765625 0.00625 0.0140625
0 0.5645833333333333 0.51484375 0.008333333333333333 0.0046875
0 0.5197916666666667 0.5015625 0.022916666666666665 0.003125
0 0.5885416666666666 0.50703125 0.035416666666666666 0.0203125
0 0.4666666666666667 0.50625 0.07916666666666666 0.01875
0 0.425 0.48203125 0.0125 0.0109375
0 0.6364583333333333 0.46953125 0.06041666666666667 0.0421875
0 0.6697916666666667 0.44765625 0.0020833333333333333 0.0015625
0 0.3770833333333333 0.48359375 0.0375 0.1828125
0 0.396875 0.3875 0.00625 0.00625
0 0.8885416666666667 0.0265625 0.022916666666666665 0.0125
1 0.8958333333333334 0.79765625 0.004166666666666667 0.0015625
1 0.209375 0.74921875 0.014583333333333334 0.0109375
1 0.20729166666666668 0.74140625 0.0020833333333333333 0.0015625
1 0.9364583333333333 0.7171875 0.00625 0.0125
1 0.509375 0.71171875 0.0020833333333333333 0.0015625
1 0.9604166666666667 0.703125 0.008333333333333333 0.003125
1 0.4864583333333333 0.69140625 0.0020833333333333333 0.0015625
1 0.4947916666666667 0.70859375 0.035416666666666666 0.0359375
1 0.56875 0.684375 0.004166666666666667 0.003125
1 0.5572916666666666 0.684375 0.00625 0.003125
1 0.5375 0.68125 0.004166666666666667 0.003125
1 0.5729166666666666 0.67890625 0.004166666666666667 0.0046875
1 0.5260416666666666 0.67421875 0.0020833333333333333 0.0015625
1 0.390625 0.67265625 0.0020833333333333333 0.0015625
1 0.4427083333333333 0.671875 0.00625 0.003125
1 0.565625 0.67109375 0.0020833333333333333 0.0046875
1 0.5614583333333333 0.66796875 0.0020833333333333333 0.0015625
1 0.5229166666666667 0.6703125 0.008333333333333333 0.00625
1 0.565625 0.66640625 0.0020833333333333333 0.0015625
1 0.35104166666666664 0.66484375 0.0020833333333333333 0.0015625
1 0.546875 0.65859375 0.0020833333333333333 0.0015625
1 0.5510416666666667 0.65703125 0.0020833333333333333 0.0015625
1 0.45416666666666666 0.65859375 0.0125 0.0234375
1 0.33541666666666664 0.646875 0.004166666666666667 0.003125
1 0.41770833333333335 0.64453125 0.0020833333333333333 0.0015625
1 0.521875 0.6484375 0.027083333333333334 0.0125
1 0.4895833333333333 0.6546875 0.05416666666666667 0.025
1 0.43020833333333336 0.63828125 0.00625 0.0046875
1 0.5375 0.63671875 0.008333333333333333 0.0109375
1 0.41770833333333335 0.63203125 0.0020833333333333333 0.0015625
1 0.4947916666666667 0.63515625 0.01875 0.0140625
1 0.47604166666666664 0.628125 0.014583333333333334 0.00625
1 0.54375 0.625 0.004166666666666667 0.003125
1 0.34791666666666665 0.6328125 0.008333333333333333 0.01875
1 0.434375 0.62109375 0.0020833333333333333 0.0015625
1 0.4041666666666667 0.62109375 0.0125 0.0015625
1 0.46145833333333336 0.62421875 0.010416666666666666 0.0109375
1 0.3416666666666667 0.6203125 0.004166666666666667 0.003125
1 0.546875 0.61796875 0.00625 0.0078125
1 0.3416666666666667 0.61484375 0.004166666666666667 0.0046875
1 0.49895833333333334 0.61171875 0.0020833333333333333 0.0015625
1 0.45625 0.6125 0.004166666666666667 0.003125
1 0.5395833333333333 0.6109375 0.004166666666666667 0.003125
1 0.5322916666666667 0.6109375 0.00625 0.003125
1 0.5135416666666667 0.61015625 0.0020833333333333333 0.0015625
1 0.5208333333333334 0.60859375 0.008333333333333333 0.0046875
1 0.49270833333333336 0.60703125 0.0020833333333333333 0.0015625
1 0.46145833333333336 0.6078125 0.0020833333333333333 0.003125
1 0.4864583333333333 0.61015625 0.04375 0.0234375
1 0.34375 0.6015625 0.004166666666666667 0.0125
1 0.34270833333333334 0.59140625 0.0020833333333333333 0.0015625
1 0.5177083333333333 0.58984375 0.0020833333333333333 0.0015625
1 0.5260416666666666 0.5875 0.00625 0.003125
1 0.340625 0.58671875 0.0020833333333333333 0.0015625
1 0.5395833333333333 0.58515625 0.004166666666666667 0.0015625
1 0.5010416666666667 0.59140625 0.027083333333333334 0.0140625
1 0.546875 0.58203125 0.0020833333333333333 0.0015625
1 0.5197916666666667 0.5828125 0.00625 0.003125
1 0.6229166666666667 0.58046875 0.004166666666666667 0.0015625
1 0.5510416666666667 0.58046875 0.0020833333333333333 0.0015625
1 0.615625 0.5796875 0.0020833333333333333 0.003125
1 0.5989583333333334 0.57890625 0.0020833333333333333 0.0015625
1 0.5927083333333333 0.57890625 0.00625 0.0015625
1 0.5697916666666667 0.57890625 0.0020833333333333333 0.0015625
1 0.5572916666666666 0.57890625 0.0020833333333333333 0.0015625
1 0.5239583333333333 0.57890625 0.0020833333333333333 0.0015625
1 0.6072916666666667 0.578125 0.00625 0.003125
1 0.38125 0.578125 0.004166666666666667 0.003125
1 0.33958333333333335 0.578125 0.004166666666666667 0.00625
1 0.628125 0.57421875 0.0020833333333333333 0.0015625
1 0.5385416666666667 0.57578125 0.014583333333333334 0.0046875
1 0.38229166666666664 0.57421875 0.0020833333333333333 0.0015625
1 0.38645833333333335 0.62734375 0.07291666666666667 0.1078125
1 0.5614583333333333 0.57265625 0.0020833333333333333 0.0015625
1 0.55 0.57265625 0.004166666666666667 0.0015625
1 0.55625 0.57109375 0.004166666666666667 0.0015625
1 0.5979166666666667 0.56953125 0.004166666666666667 0.0015625
1 0.575 0.56875 0.004166666666666667 0.003125
1 0.33645833333333336 0.56640625 0.0020833333333333333 0.0015625
1 0.734375 0.56484375 0.0020833333333333333 0.0015625
1 0.7385416666666667 0.56171875 0.0020833333333333333 0.0015625
1 0.734375 0.56171875 0.0020833333333333333 0.0015625
1 0.709375 0.55703125 0.0020833333333333333 0.0015625
1 0.6541666666666667 0.55625 0.075 0.00625
1 0.6697916666666667 0.54921875 0.0020833333333333333 0.0015625
1 0.625 0.54921875 0.004166666666666667 0.0015625
1 0.615625 0.55 0.010416666666666666 0.003125
1 0.684375 0.5484375 0.00625 0.003125
1 0.6645833333333333 0.54765625 0.004166666666666667 0.0015625
1 0.640625 0.54765625 0.0020833333333333333 0.0015625
1 0.6333333333333333 0.54765625 0.004166666666666667 0.0015625
1 0.3489583333333333 0.54921875 0.0020833333333333333 0.0046875
1 0.33645833333333336 0.54765625 0.0020833333333333333 0.0046875
1 0.6010416666666667 0.546875 0.014583333333333334 0.00625
1 0.40520833333333334 0.54453125 0.0020833333333333333 0.0015625
1 0.33645833333333336 0.540625 0.0020833333333333333 0.003125
1 0.3489583333333333 0.53828125 0.0020833333333333333 0.0015625
1 0.359375 0.53046875 0.0020833333333333333 0.0015625
1 0.390625 0.54921875 0.03958333333333333 0.0453125
1 0.5760416666666667 0.5234375 0.00625 0.003125
1 0.5635416666666667 0.52109375 0.0020833333333333333 0.0015625
1 0.3770833333333333 0.52109375 0.004166666666666667 0.0015625
1 0.43854166666666666 0.51953125 0.0020833333333333333 0.0015625
1 0.4427083333333333 0.51796875 0.0020833333333333333 0.0015625
1 0.37604166666666666 0.51796875 0.0020833333333333333 0.0015625
1 0.3572916666666667 0.51796875 0.0020833333333333333 0.0015625
1 0.5364583333333334 0.54765625 0.07291666666666667 0.0671875
1 0.35520833333333335 0.5140625 0.0020833333333333333 0.003125
1 0.54375 0.51171875 0.004166666666666667 0.0015625
1 0.596875 0.51015625 0.0020833333333333333 0.0015625
1 0.5927083333333333 0.51015625 0.0020833333333333333 0.0015625
1 0.3572916666666667 0.51015625 0.0020833333333333333 0.0015625
1 0.5625 0.509375 0.0125 0.003125
1 0.421875 0.51796875 0.014583333333333334 0.0234375
1 0.378125 0.51015625 0.00625 0.0109375
1 0.5395833333333333 0.50234375 0.004166666666666667 0.0015625
1 0.53125 0.49921875 0.004166666666666667 0.0015625
1 0.41041666666666665 0.50234375 0.0125 0.0109375
1 0.4010416666666667 0.49765625 0.0020833333333333333 0.0015625
1 0.4322916666666667 0.49609375 0.0020833333333333333 0.0015625
1 0.42604166666666665 0.4953125 0.0020833333333333333 0.003125
1 0.4375 0.49375 0.004166666666666667 0.003125
1 0.5927083333333333 0.49140625 0.0020833333333333333 0.0015625
1 0.5760416666666667 0.49765625 0.022916666666666665 0.0171875
1 0.43645833333333334 0.48984375 0.0020833333333333333 0.0015625
1 0.4375 0.4859375 0.004166666666666667 0.003125
1 0.41041666666666665 0.48359375 0.004166666666666667 0.0015625
1 0.6010416666666667 0.48203125 0.0020833333333333333 0.0015625
1 0.6052083333333333 0.48046875 0.0020833333333333333 0.0015625
1 0.409375 0.48046875 0.0020833333333333333 0.0015625
1 0.6447916666666667 0.47421875 0.0020833333333333333 0.0015625
1 0.43020833333333336 0.47421875 0.0020833333333333333 0.0015625
1 0.6489583333333333 0.471875 0.0020833333333333333 0.003125
1 0.378125 0.4859375 0.010416666666666666 0.034375
1 0.65625 0.4671875 0.004166666666666667 0.003125
1 0.621875 0.46640625 0.0020833333333333333 0.0015625
1 0.38333333333333336 0.46484375 0.004166666666666667 0.0046875
1 0.6322916666666667 0.46171875 0.00625 0.0046875
1 0.640625 0.45703125 0.0020833333333333333 0.0015625
1 0.6447916666666667 0.45390625 0.0020833333333333333 0.0015625
1 0.65 0.45078125 0.004166666666666667 0.0046875
1 0.36354166666666665 0.44921875 0.0020833333333333333 0.0015625
1 0.6739583333333333 0.4546875 0.01875 0.015625
1 0.6677083333333333 0.44296875 0.0020833333333333333 0.0015625
1 0.29270833333333335 0.44140625 0.0020833333333333333 0.0015625
1 0.296875 0.43984375 0.0020833333333333333 0.0015625
1 0.440625 0.43828125 0.0020833333333333333 0.0015625
1 0.43645833333333334 0.43828125 0.0020833333333333333 0.0015625
1 0.6927083333333334 0.43828125 0.00625 0.0046875
1 0.29375 0.4375 0.004166666666666667 0.003125
1 0.43645833333333334 0.43203125 0.0020833333333333333 0.0015625
1 0.3885416666666667 0.42890625 0.0020833333333333333 0.0015625
1 0.896875 0.428125 0.010416666666666666 0.00625
1 0.3885416666666667 0.421875 0.0020833333333333333 0.00625
1 0.39479166666666665 0.4109375 0.0020833333333333333 0.003125
1 0.890625 0.39921875 0.0020833333333333333 0.0015625
1 0.378125 0.3953125 0.0020833333333333333 0.003125
1 0.8864583333333333 0.39140625 0.0020833333333333333 0.0015625
1 0.8833333333333333 0.41015625 0.05416666666666667 0.0390625
1 0.4041666666666667 0.39453125 0.0125 0.0140625
1 0.33645833333333336 0.36015625 0.0020833333333333333 0.0015625
1 0.44583333333333336 0.3421875 0.020833333333333332 0.0125
1 0.44895833333333335 0.33046875 0.00625 0.0046875
1 0.44479166666666664 0.32578125 0.00625 0.0015625
1 0.36666666666666664 0.3453125 0.16666666666666666 0.128125
1 0.9072916666666667 0.14375 0.0020833333333333333 0.003125
1 0.9010416666666666 0.14140625 0.0020833333333333333 0.0015625
1 0.9135416666666667 0.14140625 0.00625 0.0046875
1 0.9177083333333333 0.13828125 0.0020833333333333333 0.0015625
1 0.3177083333333333 0.140625 0.014583333333333334 0.015625
1 0.29375 0.13125 0.0125 0.0125
1 0.846875 0.11796875 0.0020833333333333333 0.0015625
1 0.9270833333333334 0.1171875 0.025 0.021875
1 0.32083333333333336 0.10234375 0.008333333333333333 0.0078125
1 0.31145833333333334 0.1015625 0.00625 0.00625
1 0.8770833333333333 0.096875 0.004166666666666667 0.003125
1 0.265625 0.090625 0.010416666666666666 0.00625
1 0.30104166666666665 0.0875 0.00625 0.009375
1 0.26666666666666666 0.084375 0.008333333333333333 0.003125
1 0.24895833333333334 0.07578125 0.0020833333333333333 0.0015625
1 0.7677083333333333 0.07109375 0.0020833333333333333 0.0015625
1 0.3260416666666667 0.07265625 0.03125 0.0140625
1 0.859375 0.05546875 0.0020833333333333333 0.0015625
1 0.278125 0.0546875 0.00625 0.00625
1 0.2635416666666667 0.05390625 0.00625 0.0078125
1 0.31354166666666666 0.05078125 0.010416666666666666 0.0046875
1 0.33645833333333336 0.04609375 0.00625 0.0078125
1 0.203125 0.040625 0.0020833333333333333 0.003125
1 0.88125 0.03828125 0.004166666666666667 0.0015625
1 0.8447916666666667 0.03046875 0.0020833333333333333 0.0015625
1 0.85 0.03046875 0.004166666666666667 0.0046875
1 0.90625 0.03671875 0.041666666666666664 0.0203125
1 0.8291666666666667 0.071875 0.10416666666666667 0.090625
1 0.24375 0.03203125 0.0125 0.0171875
1 0.928125 0.02109375 0.0020833333333333333 0.0015625
1 0.821875 0.02109375 0.0020833333333333333 0.0015625
1 0.9229166666666667 0.0203125 0.004166666666666667 0.003125
1 0.9104166666666667 0.01953125 0.004166666666666667 0.0015625
1 0.259375 0.025 0.014583333333333334 0.0125
1 0.9166666666666666 0.01875 0.004166666666666667 0.003125
1 0.2791666666666667 0.0140625 0.004166666666666667 0.003125
1 0.5697916666666667 0.01796875 0.010416666666666666 0.0140625
1 0.296875 0.00859375 0.0020833333333333333 0.0015625
1 0.296875 0.00546875 0.0020833333333333333 0.0015625
1 0.8802083333333334 0.01796875 0.05625 0.0359375
1 0.8385416666666666 0.015625 0.035416666666666666 0.03125
1 0.5177083333333333 0.0015625 0.00625 0.003125
1 0.171875 0.01875 0.12291666666666666 0.0375
1 0.030208333333333334 0.01875 0.052083333333333336 0.0375
2 0.496875 0.70234375 0.027083333333333334 0.0171875
2 0.5364583333333334 0.68046875 0.0020833333333333333 0.0015625
2 0.4510416666666667 0.67265625 0.0020833333333333333 0.0015625
2 0.44479166666666664 0.671875 0.00625 0.003125
2 0.3802083333333333 0.66640625 0.0020833333333333333 0.0015625
2 0.5583333333333333 0.66640625 0.008333333333333333 0.0046875
2 0.534375 0.65078125 0.0020833333333333333 0.0015625
2 0.46041666666666664 0.6234375 0.004166666666666667 0.003125
2 0.39895833333333336 0.62109375 0.0020833333333333333 0.0015625
2 0.5447916666666667 0.61875 0.0020833333333333333 0.003125
2 0.34375 0.6140625 0.004166666666666667 0.003125
2 0.46041666666666664 0.6390625 0.175 0.078125
2 0.503125 0.5796875 0.0020833333333333333 0.003125
2 0.340625 0.5796875 0.0020833333333333333 0.003125
2 0.5291666666666667 0.58359375 0.0625 0.0234375
2 0.5708333333333333 0.571875 0.020833333333333332 0.00625
2 0.6208333333333333 0.5515625 0.15833333333333333 0.0125
2 0.403125 0.53984375 0.0020833333333333333 0.0015625
2 0.33645833333333336 0.53984375 0.0020833333333333333 0.0015625
2 0.5489583333333333 0.509375 0.00625 0.003125
2 0.4197916666666667 0.50703125 0.0020833333333333333 0.0046875
2 0.5395833333333333 0.50390625 0.004166666666666667 0.0015625
2 0.415625 0.50390625 0.0020833333333333333 0.0015625
2 0.5197916666666667 0.5015625 0.022916666666666665 0.003125
2 0.5052083333333334 0.50078125 0.0020833333333333333 0.0015625
2 0.46145833333333336 0.51015625 0.08125 0.0265625
2 0.4010416666666667 0.49765625 0.0020833333333333333 0.0015625
2 0.43333333333333335 0.49609375 0.004166666666666667 0.0015625
2 0.42604166666666665 0.49453125 0.0020833333333333333 0.0015625
2 0.4114583333333333 0.48359375 0.0020833333333333333 0.0015625
2 0.603125 0.48203125 0.00625 0.0046875
2 0.409375 0.48046875 0.0020833333333333333 0.0015625
2 0.4239583333333333 0.48125 0.01875 0.0125
2 0.43020833333333336 0.47421875 0.0020833333333333333 0.0015625
2 0.6239583333333333 0.46796875 0.0020833333333333333 0.0015625
2 0.6333333333333333 0.4625 0.004166666666666667 0.003125
2 0.65 0.4515625 0.004166666666666667 0.003125
2 0.5947916666666667 0.5109375 0.17291666666666666 0.128125
2 0.6697916666666667 0.44765625 0.0020833333333333333 0.0015625
2 0.6677083333333333 0.44296875 0.0020833333333333333 0.0015625
2 0.690625 0.43984375 0.0020833333333333333 0.0015625
2 0.39479166666666665 0.41015625 0.0020833333333333333 0.0015625
2 0.3802083333333333 0.5390625 0.08541666666666667 0.28125
2 0.3697916666666667 0.39921875 0.00625 0.0078125
2 0.39375 0.39609375 0.004166666666666667 0.0078125
2 0.42916666666666664 0.3875 0.004166666666666667 0.00625
2 0.375 0.38671875 0.008333333333333333 0.0140625
2 0.353125 0.38359375 0.01875 0.0078125
2 0.32916666666666666 0.371875 0.008333333333333333 0.00625
2 0.40208333333333335 0.38203125 0.03333333333333333 0.0296875
2 0.33645833333333336 0.36640625 0.0020833333333333333 0.0015625
2 0.41458333333333336 0.36484375 0.004166666666666667 0.0015625
2 0.41354166666666664 0.36171875 0.0020833333333333333 0.0015625
2 0.37604166666666666 0.36328125 0.035416666666666666 0.0140625
2 0.365625 0.34296875 0.0020833333333333333 0.0015625
2 0.43020833333333336 0.34140625 0.00625 0.0046875
2 0.44895833333333335 0.33046875 0.00625 0.0046875
2 0.31145833333333334 0.334375 0.04375 0.015625
2 0.32708333333333334 0.29921875 0.004166666666666667 0.0046875
2 0.34270833333333334 0.32421875 0.09375 0.0609375
2 0.9072916666666667 0.14296875 0.0020833333333333333 0.0015625
2 0.9010416666666666 0.14140625 0.0020833333333333333 0.0015625
2 0.925 0.12265625 0.008333333333333333 0.0046875
2 0.9364583333333333 0.12109375 0.00625 0.0046875
2 0.9260416666666667 0.115625 0.0020833333333333333 0.00625
2 0.8510416666666667 0.11171875 0.014583333333333334 0.0109375
2 0.8479166666666667 0.1078125 0.004166666666666667 0.003125
2 0.8760416666666667 0.09765625 0.0020833333333333333 0.0015625
2 0.8697916666666666 0.1 0.00625 0.00625
2 0.2677083333333333 0.08984375 0.0020833333333333333 0.0015625
2 0.8645833333333334 0.08984375 0.020833333333333332 0.0109375
2 0.8197916666666667 0.08125 0.010416666666666666 0.0125
2 0.8479166666666667 0.07265625 0.004166666666666667 0.0015625
2 0.8510416666666667 0.06015625 0.010416666666666666 0.0046875
2 0.7864583333333334 0.05859375 0.0020833333333333333 0.0015625
2 0.79375 0.0578125 0.008333333333333333 0.009375
2 0.796875 0.04921875 0.0020833333333333333 0.0046875
2 0.8135416666666667 0.0421875 0.01875 0.015625
2 0.24479166666666666 0.02890625 0.00625 0.0078125
2 0.03125 0.025 0.008333333333333333 0.009375
2 0.8989583333333333 0.03203125 0.06041666666666667 0.0296875
2 0.16041666666666668 0.02265625 0.020833333333333332 0.0109375
2 0.8916666666666667 0.01640625 0.004166666666666667 0.0015625
2 0.221875 0.00859375 0.0020833333333333333 0.0015625
2 0.184375 0.00859375 0.00625 0.0015625
2 0.19375 0.00859375 0.008333333333333333 0.0046875
2 0.8760416666666667 0.00703125 0.010416666666666666 0.0046875
2 0.896875 0.00703125 0.014583333333333334 0.0078125
2 0.8395833333333333 0.0109375 0.03333333333333333 0.021875
2 0.17083333333333334 0.00234375 0.0125 0.0046875
2 0.034375 0.003125 0.01875 0.00625
