0 0.8083333333333333 0.7486111111111111 0.008333333333333333 0.013888888888888888
0 0.809375 0.7347222222222223 0.0020833333333333333 0.002777777777777778
0 0.384375 0.5652777777777778 0.0020833333333333333 0.002777777777777778
0 0.013541666666666667 0.5375 0.0020833333333333333 0.008333333333333333
0 0.8260416666666667 0.5291666666666667 0.0020833333333333333 0.002777777777777778
0 0.8677083333333333 0.5111111111111111 0.0020833333333333333 0.005555555555555556
0 0.12083333333333333 0.5055555555555555 0.020833333333333332 0.03333333333333333
0 0.834375 0.4986111111111111 0.027083333333333334 0.06944444444444445
0 0.346875 0.4375 0.0020833333333333333 0.002777777777777778
0 0.8020833333333334 0.4236111111111111 0.004166666666666667 0.002777777777777778
0 0.3385416666666667 0.4375 0.022916666666666665 0.030555555555555555
0 0.19270833333333334 0.41388888888888886 0.010416666666666666 0.005555555555555556
0 0.328125 0.4041666666666667 0.0020833333333333333 0.002777777777777778
0 0.325 0.4125 0.0125 0.019444444444444445
0 0.3145833333333333 0.4097222222222222 0.004166666666666667 0.013888888888888888
0 0.21666666666666667 0.40694444444444444 0.008333333333333333 0.008333333333333333
0 0.7927083333333333 0.39861111111111114 0.0020833333333333333 0.002777777777777778
0 0.8072916666666666 0.40694444444444444 0.027083333333333334 0.05277777777777778
0 0.7864583333333334 0.38333333333333336 0.014583333333333334 0.022222222222222223
0 0.10104166666666667 0.36527777777777776 0.010416666666666666 0.008333333333333333
0 0.16145833333333334 0.35138888888888886 0.0020833333333333333 0.002777777777777778
0 0.984375 0.34305555555555556 0.0020833333333333333 0.002777777777777778
0 0.31145833333333334 0.30694444444444446 0.00625 0.008333333333333333
0 0.16875 0.3111111111111111 0.008333333333333333 0.016666666666666666
0 0.3020833333333333 0.2916666666666667 0.004166666666666667 0.011111111111111112
0 0.4 0.2708333333333333 0.004166666666666667 0.002777777777777778
0 0.496875 0.2722222222222222 0.00625 0.011111111111111112
0 0.40729166666666666 0.26805555555555555 0.0020833333333333333 0.002777777777777778
0 0.13541666666666666 0.26944444444444443 0.004166666666666667 0.005555555555555556
0 0.12708333333333333 0.2638888888888889 0.004166666666666667 0.011111111111111112
0 0.484375 0.25972222222222224 0.0020833333333333333 0.008333333333333333
0 0.4864583333333333 0.24583333333333332 0.00625 0.008333333333333333
0 0.46979166666666666 0.24166666666666667 0.00625 0.005555555555555556
0 0.8395833333333333 0.21805555555555556 0.004166666666666667 0.002777777777777778
0 0.8614583333333333 0.21666666666666667 0.00625 0.005555555555555556
0 0.8010416666666667 0.2013888888888889 0.0020833333333333333 0.002777777777777778
0 0.490625 0.2013888888888889 0.0020833333333333333 0.002777777777777778
0 0.8885416666666667 0.19305555555555556 0.00625 0.002777777777777778
0 0.21875 0.2013888888888889 0.016666666666666666 0.019444444444444445
0 0.18958333333333333 0.20555555555555555 0.025 0.03333333333333333
0 0.9104166666666667 0.18888888888888888 0.004166666666666667 0.005555555555555556
0 0.8822916666666667 0.18472222222222223 0.0020833333333333333 0.002777777777777778
0 0.8020833333333334 0.19027777777777777 0.004166666666666667 0.013888888888888888
0 0.7041666666666667 0.19583333333333333 0.029166666666666667 0.03611111111111111
0 0.17604166666666668 0.17916666666666667 0.0020833333333333333 0.002777777777777778
0 0.9135416666666667 0.1763888888888889 0.010416666666666666 0.002777777777777778
0 0.884375 0.1763888888888889 0.0020833333333333333 0.002777777777777778
0 0.4708333333333333 0.1763888888888889 0.004166666666666667 0.002777777777777778
0 0.9052083333333333 0.1736111111111111 0.0020833333333333333 0.002777777777777778
0 0.8052083333333333 0.175 0.00625 0.005555555555555556
0 0.7625 0.17222222222222222 0.004166666666666667 0.005555555555555556
0 0.48333333333333334 0.18333333333333332 0.016666666666666666 0.027777777777777776
0 0.8947916666666667 0.16944444444444445 0.014583333333333334 0.011111111111111112
0 0.9166666666666666 0.1597222222222222 0.004166666666666667 0.002777777777777778
0 0.890625 0.1597222222222222 0.0020833333333333333 0.002777777777777778
0 0.753125 0.15555555555555556 0.010416666666666666 0.005555555555555556
0 0.036458333333333336 0.15416666666666667 0.0020833333333333333 0.002777777777777778
0 0.4010416666666667 0.1486111111111111 0.0020833333333333333 0.002777777777777778
0 0.878125 0.15555555555555556 0.022916666666666665 0.027777777777777776
0 0.7145833333333333 0.17777777777777778 0.07083333333333333 0.08333333333333333
0 0.20520833333333333 0.125 0.0020833333333333333 0.005555555555555556
0 0.05520833333333333 0.12361111111111112 0.014583333333333334 0.008333333333333333
0 0.5270833333333333 0.13055555555555556 0.05416666666666667 0.03888888888888889
0 0.40729166666666666 0.11388888888888889 0.00625 0.005555555555555556
0 0.05520833333333333 0.1125 0.0020833333333333333 0.002777777777777778
0 0.9 0.13333333333333333 0.0375 0.05
0 0.059375 0.10972222222222222 0.0020833333333333333 0.002777777777777778
0 0.046875 0.10694444444444444 0.0020833333333333333 0.008333333333333333
0 0.059375 0.10138888888888889 0.0020833333333333333 0.002777777777777778
0 0.21875 0.09583333333333334 0.008333333333333333 0.002777777777777778
0 0.052083333333333336 0.1 0.004166666666666667 0.011111111111111112
0 0.8854166666666666 0.08611111111111111 0.004166666666666667 0.005555555555555556
0 0.809375 0.08194444444444444 0.0020833333333333333 0.002777777777777778
0 0.8041666666666667 0.08194444444444444 0.004166666666666667 0.002777777777777778
0 0.3333333333333333 0.0875 0.0125 0.013888888888888888
0 0.042708333333333334 0.08472222222222223 0.014583333333333334 0.008333333333333333
0 0.7979166666666667 0.11944444444444445 0.10833333333333334 0.08888888888888889
0 0.017708333333333333 0.0763888888888889 0.00625 0.008333333333333333
0 0.8791666666666667 0.07222222222222222 0.004166666666666667 0.005555555555555556
0 0.871875 0.06666666666666667 0.00625 0.011111111111111112
0 0.8739583333333333 0.05138888888888889 0.0020833333333333333 0.008333333333333333
0 0.4322916666666667 0.04583333333333333 0.0020833333333333333 0.002777777777777778
0 0.240625 0.043055555555555555 0.00625 0.002777777777777778
0 0.38645833333333335 0.034722222222222224 0.0020833333333333333 0.002777777777777778
0 0.39895833333333336 0.03194444444444444 0.0020833333333333333 0.002777777777777778
0 0.36875 0.03333333333333333 0.004166666666666667 0.005555555555555556
0 0.29791666666666666 0.0375 0.008333333333333333 0.013888888888888888
0 0.40625 0.030555555555555555 0.0125 0.022222222222222223
0 0.8572916666666667 0.015277777777777777 0.0020833333333333333 0.002777777777777778
0 0.871875 0.025 0.00625 0.027777777777777776
0 0.9791666666666666 0.002777777777777778 0.008333333333333333 0.005555555555555556
0 0.9583333333333334 0.008333333333333333 0.008333333333333333 0.016666666666666666
0 0.9385416666666667 0.0125 0.014583333333333334 0.025
0 0.9239583333333333 0.005555555555555556 0.014583333333333334 0.011111111111111112
0 0.7239583333333334 0.05 0.13541666666666666 0.1
0 0.23020833333333332 0.02638888888888889 0.03125 0.05277777777777778
1 0.9322916666666666 0.9958333333333333 0.00625 0.008333333333333333
1 0.8447916666666667 0.9958333333333333 0.010416666666666666 0.008333333333333333
1 0.9395833333333333 0.9805555555555555 0.004166666666666667 0.005555555555555556
1 0.896875 0.9833333333333333 0.01875 0.011111111111111112
1 0.8072916666666666 0.9319444444444445 0.0020833333333333333 0.002777777777777778
1 0.25729166666666664 0.9236111111111112 0.0020833333333333333 0.002777777777777778
1 0.7927083333333333 0.9069444444444444 0.0020833333333333333 0.002777777777777778
1 0.303125 0.8930555555555556 0.0020833333333333333 0.002777777777777778
1 0.33125 0.8861111111111111 0.008333333333333333 0.011111111111111112
1 0.3260416666666667 0.8722222222222222 0.0020833333333333333 0.005555555555555556
1 0.27395833333333336 0.8680555555555556 0.0020833333333333333 0.002777777777777778
1 0.278125 0.8652777777777778 0.0020833333333333333 0.002777777777777778
1 0.315625 0.8625 0.0020833333333333333 0.002777777777777778
1 0.26979166666666665 0.8416666666666667 0.00625 0.005555555555555556
1 0.26875 0.8333333333333334 0.004166666666666667 0.005555555555555556
1 0.2677083333333333 0.8263888888888888 0.0020833333333333333 0.002777777777777778
1 0.026041666666666668 0.7847222222222222 0.0020833333333333333 0.002777777777777778
1 0.784375 0.7569444444444444 0.0020833333333333333 0.002777777777777778
1 0.059375 0.7263888888888889 0.0020833333333333333 0.002777777777777778
1 0.09270833333333334 0.7236111111111111 0.0020833333333333333 0.002777777777777778
1 0.971875 0.7236111111111111 0.0020833333333333333 0.008333333333333333
1 0.7927083333333333 0.7125 0.0020833333333333333 0.002777777777777778
1 0.08854166666666667 0.7152777777777778 0.00625 0.008333333333333333
1 0.7947916666666667 0.7069444444444445 0.0020833333333333333 0.002777777777777778
1 0.08645833333333333 0.7069444444444445 0.0020833333333333333 0.002777777777777778
1 0.9947916666666666 0.7013888888888888 0.0020833333333333333 0.002777777777777778
1 0.08125 0.6972222222222222 0.008333333333333333 0.011111111111111112
1 0.809375 0.6888888888888889 0.010416666666666666 0.011111111111111112
1 0.8958333333333334 0.8402777777777778 0.20833333333333334 0.3194444444444444
1 0.8385416666666666 0.6791666666666667 0.0020833333333333333 0.002777777777777778
1 0.8114583333333333 0.675 0.0020833333333333333 0.005555555555555556
1 0.8072916666666666 0.6597222222222222 0.0020833333333333333 0.002777777777777778
1 0.7958333333333333 0.6597222222222222 0.004166666666666667 0.002777777777777778
1 0.3854166666666667 0.6861111111111111 0.05 0.05555555555555555
1 0.803125 0.6569444444444444 0.0020833333333333333 0.002777777777777778
1 0.32916666666666666 0.6611111111111111 0.008333333333333333 0.011111111111111112
1 0.33125 0.6513888888888889 0.004166666666666667 0.002777777777777778
1 0.3489583333333333 0.6402777777777777 0.0020833333333333333 0.002777777777777778
1 0.34375 0.6375 0.004166666666666667 0.002777777777777778
1 0.017708333333333333 0.6527777777777778 0.035416666666666666 0.07222222222222222
1 0.016666666666666666 0.6152777777777778 0.008333333333333333 0.002777777777777778
1 0.04479166666666667 0.6041666666666666 0.0020833333333333333 0.002777777777777778
1 0.040625 0.6041666666666666 0.0020833333333333333 0.002777777777777778
1 0.865625 0.5986111111111111 0.0020833333333333333 0.002777777777777778
1 0.8427083333333333 0.5680555555555555 0.0020833333333333333 0.002777777777777778
1 0.9666666666666667 0.5430555555555555 0.004166666666666667 0.008333333333333333
1 0.8260416666666667 0.5416666666666666 0.0020833333333333333 0.005555555555555556
1 0.9583333333333334 0.5416666666666666 0.008333333333333333 0.011111111111111112
1 0.9489583333333333 0.5305555555555556 0.0020833333333333333 0.005555555555555556
1 0.809375 0.5319444444444444 0.010416666666666666 0.008333333333333333
1 0.9739583333333334 0.5347222222222222 0.010416666666666666 0.030555555555555555
1 0.8072916666666666 0.5208333333333334 0.0020833333333333333 0.002777777777777778
1 0.9552083333333333 0.525 0.014583333333333334 0.016666666666666666
1 0.859375 0.5569444444444445 0.06041666666666667 0.08055555555555556
1 0.7989583333333333 0.5180555555555556 0.0020833333333333333 0.002777777777777778
1 0.965625 0.5097222222222222 0.0020833333333333333 0.002777777777777778
1 0.796875 0.5111111111111111 0.0020833333333333333 0.005555555555555556
1 0.0010416666666666667 0.5097222222222222 0.0020833333333333333 0.002777777777777778
1 0.00625 0.5138888888888888 0.004166666666666667 0.016666666666666666
1 0.9354166666666667 0.5166666666666667 0.020833333333333332 0.027777777777777776
1 0.7947916666666667 0.4847222222222222 0.0020833333333333333 0.002777777777777778
1 0.5197916666666667 0.4861111111111111 0.010416666666666666 0.005555555555555556
1 0.9458333333333333 0.49722222222222223 0.016666666666666666 0.03333333333333333
1 0.946875 0.48333333333333334 0.0020833333333333333 0.005555555555555556
1 0.790625 0.48194444444444445 0.0020833333333333333 0.002777777777777778
1 0.9260416666666667 0.4791666666666667 0.0020833333333333333 0.002777777777777778
1 0.9489583333333333 0.47638888888888886 0.0020833333333333333 0.002777777777777778
1 0.6166666666666667 0.48055555555555557 0.004166666666666667 0.016666666666666666
1 0.9552083333333333 0.46944444444444444 0.0020833333333333333 0.005555555555555556
1 0.6166666666666667 0.46111111111111114 0.004166666666666667 0.005555555555555556
1 0.6197916666666666 0.4486111111111111 0.0020833333333333333 0.002777777777777778
1 0.8614583333333333 0.43472222222222223 0.0020833333333333333 0.002777777777777778
1 0.31145833333333334 0.43333333333333335 0.0020833333333333333 0.005555555555555556
1 0.6364583333333333 0.43194444444444446 0.0020833333333333333 0.008333333333333333
1 0.7979166666666667 0.4486111111111111 0.03333333333333333 0.06388888888888888
1 0.059375 0.4236111111111111 0.00625 0.013888888888888888
1 0.859375 0.4097222222222222 0.0020833333333333333 0.002777777777777778
1 0.4114583333333333 0.4097222222222222 0.0020833333333333333 0.002777777777777778
1 0.7354166666666667 0.4041666666666667 0.004166666666666667 0.002777777777777778
1 0.7083333333333334 0.39861111111111114 0.020833333333333332 0.002777777777777778
1 0.6947916666666667 0.39861111111111114 0.0020833333333333333 0.002777777777777778
1 0.215625 0.39861111111111114 0.0020833333333333333 0.002777777777777778
1 0.209375 0.39861111111111114 0.00625 0.002777777777777778
1 0.178125 0.3958333333333333 0.00625 0.002777777777777778
1 0.6979166666666666 0.39305555555555555 0.008333333333333333 0.002777777777777778
1 0.690625 0.39305555555555555 0.0020833333333333333 0.002777777777777778
1 0.6822916666666666 0.39305555555555555 0.0020833333333333333 0.002777777777777778
1 0.22604166666666667 0.39305555555555555 0.0020833333333333333 0.002777777777777778
1 0.21145833333333333 0.39305555555555555 0.0020833333333333333 0.002777777777777778
1 0.20729166666666668 0.39305555555555555 0.0020833333333333333 0.002777777777777778
1 0.7104166666666667 0.3875 0.004166666666666667 0.002777777777777778
1 0.21979166666666666 0.3875 0.0020833333333333333 0.002777777777777778
1 0.21354166666666666 0.3819444444444444 0.0020833333333333333 0.002777777777777778
1 0.18854166666666666 0.3875 0.010416666666666666 0.013888888888888888
1 0.8104166666666667 0.37777777777777777 0.004166666666666667 0.005555555555555556
1 0.7677083333333333 0.3763888888888889 0.0020833333333333333 0.002777777777777778
1 0.4583333333333333 0.38472222222222224 0.016666666666666666 0.025
1 0.9875 0.37222222222222223 0.008333333333333333 0.005555555555555556
1 0.7697916666666667 0.37083333333333335 0.0020833333333333333 0.002777777777777778
1 0.146875 0.37222222222222223 0.0020833333333333333 0.005555555555555556
1 0.865625 0.3680555555555556 0.0020833333333333333 0.002777777777777778
1 0.24270833333333333 0.3680555555555556 0.0020833333333333333 0.002777777777777778
1 0.7875 0.36527777777777776 0.004166666666666667 0.002777777777777778
1 0.9791666666666666 0.3638888888888889 0.0125 0.005555555555555556
1 0.246875 0.3625 0.0020833333333333333 0.008333333333333333
1 0.24166666666666667 0.3611111111111111 0.004166666666666667 0.005555555555555556
1 0.140625 0.3625 0.00625 0.008333333333333333
1 0.08854166666666667 0.35694444444444445 0.0020833333333333333 0.002777777777777778
1 0.4708333333333333 0.35555555555555557 0.008333333333333333 0.005555555555555556
1 0.296875 0.35694444444444445 0.010416666666666666 0.008333333333333333
1 0.8572916666666667 0.35138888888888886 0.0020833333333333333 0.002777777777777778
1 0.13958333333333334 0.3527777777777778 0.004166666666666667 0.005555555555555556
1 0.671875 0.3486111111111111 0.0020833333333333333 0.002777777777777778
1 0.125 0.35138888888888886 0.004166666666666667 0.008333333333333333
1 0.6229166666666667 0.3486111111111111 0.004166666666666667 0.008333333333333333
1 0.13854166666666667 0.3416666666666667 0.010416666666666666 0.011111111111111112
1 0.08229166666666667 0.3347222222222222 0.0020833333333333333 0.002777777777777778
1 0.69375 0.33194444444444443 0.004166666666666667 0.002777777777777778
1 0.13645833333333332 0.33194444444444443 0.0020833333333333333 0.002777777777777778
1 0.6989583333333333 0.32916666666666666 0.0020833333333333333 0.002777777777777778
1 0.13229166666666667 0.3263888888888889 0.0020833333333333333 0.002777777777777778
1 0.9729166666666667 0.33055555555555555 0.0125 0.016666666666666666
1 0.7052083333333333 0.3236111111111111 0.0020833333333333333 0.002777777777777778
1 0.965625 0.32083333333333336 0.0020833333333333333 0.002777777777777778
1 0.865625 0.3263888888888889 0.014583333333333334 0.030555555555555555
1 0.15104166666666666 0.3111111111111111 0.00625 0.011111111111111112
1 0.14270833333333333 0.2986111111111111 0.0020833333333333333 0.002777777777777778
1 0.6677083333333333 0.30277777777777776 0.010416666666666666 0.016666666666666666
1 0.996875 0.29305555555555557 0.0020833333333333333 0.002777777777777778
1 0.5927083333333333 0.2875 0.0020833333333333333 0.002777777777777778
1 0.9572916666666667 0.30277777777777776 0.01875 0.03888888888888889
1 0.13958333333333334 0.2875 0.004166666666666667 0.008333333333333333
1 0.9145833333333333 0.3958333333333333 0.17083333333333334 0.23055555555555557
1 0.026041666666666668 0.2833333333333333 0.00625 0.005555555555555556
1 0.5947916666666667 0.2791666666666667 0.0020833333333333333 0.002777777777777778
1 0.16354166666666667 0.2861111111111111 0.022916666666666665 0.016666666666666666
1 0.13645833333333332 0.2791666666666667 0.0020833333333333333 0.002777777777777778
1 0.5927083333333333 0.27361111111111114 0.0020833333333333333 0.002777777777777778
1 0.43020833333333336 0.27361111111111114 0.0020833333333333333 0.002777777777777778
1 0.840625 0.2652777777777778 0.0020833333333333333 0.002777777777777778
1 0.5229166666666667 0.2611111111111111 0.004166666666666667 0.005555555555555556
1 0.42916666666666664 0.2638888888888889 0.008333333333333333 0.011111111111111112
1 0.8572916666666667 0.2611111111111111 0.00625 0.011111111111111112
1 0.10729166666666666 0.2569444444444444 0.0020833333333333333 0.002777777777777778
1 0.01875 0.2722222222222222 0.0375 0.03888888888888889
1 0.578125 0.26666666666666666 0.022916666666666665 0.044444444444444446
1 0.1125 0.24583333333333332 0.004166666666666667 0.002777777777777778
1 0.8291666666666667 0.2375 0.008333333333333333 0.008333333333333333
1 0.07395833333333333 0.2375 0.00625 0.008333333333333333
1 0.9072916666666667 0.23194444444444445 0.0020833333333333333 0.002777777777777778
1 0.859375 0.24444444444444444 0.010416666666666666 0.027777777777777776
1 0.8572916666666667 0.2263888888888889 0.0020833333333333333 0.002777777777777778
1 0.8885416666666667 0.22777777777777777 0.010416666666666666 0.011111111111111112
1 0.8395833333333333 0.225 0.004166666666666667 0.005555555555555556
1 0.753125 0.22361111111111112 0.0020833333333333333 0.002777777777777778
1 0.740625 0.22777777777777777 0.01875 0.022222222222222223
1 0.6979166666666666 0.21944444444444444 0.004166666666666667 0.005555555555555556
1 0.875 0.21944444444444444 0.008333333333333333 0.011111111111111112
1 0.7572916666666667 0.21666666666666667 0.00625 0.011111111111111112
1 0.728125 0.2125 0.00625 0.002777777777777778
1 0.7125 0.21666666666666667 0.016666666666666666 0.011111111111111112
1 0.853125 0.20972222222222223 0.0020833333333333333 0.002777777777777778
1 0.7979166666666667 0.2263888888888889 0.0625 0.041666666666666664
1 0.659375 0.2152777777777778 0.014583333333333334 0.019444444444444445
1 0.66875 0.2 0.004166666666666667 0.005555555555555556
1 0.51875 0.20694444444444443 0.029166666666666667 0.019444444444444445
1 0.921875 0.1986111111111111 0.0020833333333333333 0.008333333333333333
1 0.6739583333333333 0.19305555555555556 0.0020833333333333333 0.002777777777777778
1 0.9375 0.18888888888888888 0.004166666666666667 0.005555555555555556
1 0.8697916666666666 0.18888888888888888 0.0020833333333333333 0.005555555555555556
1 0.946875 0.18472222222222223 0.0020833333333333333 0.002777777777777778
1 0.6791666666666667 0.18472222222222223 0.004166666666666667 0.002777777777777778
1 0.5322916666666667 0.18472222222222223 0.0020833333333333333 0.002777777777777778
1 0.871875 0.18194444444444444 0.0020833333333333333 0.002777777777777778
1 0.9322916666666666 0.18194444444444444 0.0020833333333333333 0.008333333333333333
1 0.6864583333333333 0.17916666666666667 0.0020833333333333333 0.002777777777777778
1 0.7604166666666666 0.1875 0.03333333333333333 0.025
1 0.7854166666666667 0.1736111111111111 0.004166666666666667 0.002777777777777778
1 0.7072916666666667 0.1736111111111111 0.0020833333333333333 0.002777777777777778
1 0.5208333333333334 0.17777777777777778 0.016666666666666666 0.011111111111111112
1 0.20104166666666667 0.1736111111111111 0.0020833333333333333 0.002777777777777778
1 0.9416666666666667 0.175 0.004166666666666667 0.011111111111111112
1 0.928125 0.17083333333333334 0.0020833333333333333 0.002777777777777778
1 0.5239583333333333 0.17083333333333334 0.0020833333333333333 0.002777777777777778
1 0.5020833333333333 0.17083333333333334 0.004166666666666667 0.002777777777777778
1 0.509375 0.16944444444444445 0.00625 0.005555555555555556
1 0.20104166666666667 0.16805555555555557 0.0020833333333333333 0.002777777777777778
1 0.06770833333333333 0.16805555555555557 0.0020833333333333333 0.002777777777777778
1 0.496875 0.16527777777777777 0.0020833333333333333 0.002777777777777778
1 0.9427083333333334 0.1638888888888889 0.0020833333333333333 0.005555555555555556
1 0.128125 0.1625 0.0020833333333333333 0.002777777777777778
1 0.17395833333333333 0.1597222222222222 0.0020833333333333333 0.002777777777777778
1 0.16145833333333334 0.1597222222222222 0.0020833333333333333 0.002777777777777778
1 0.134375 0.1597222222222222 0.0020833333333333333 0.002777777777777778
1 0.946875 0.15694444444444444 0.0020833333333333333 0.002777777777777778
1 0.546875 0.15416666666666667 0.0020833333333333333 0.002777777777777778
1 0.1875 0.1638888888888889 0.025 0.022222222222222223
1 0.178125 0.15138888888888888 0.0020833333333333333 0.002777777777777778
1 0.9427083333333334 0.1527777777777778 0.00625 0.011111111111111112
1 0.9375 0.1486111111111111 0.004166666666666667 0.002777777777777778
1 0.6989583333333333 0.14583333333333334 0.0020833333333333333 0.002777777777777778
1 0.865625 0.14166666666666666 0.0020833333333333333 0.005555555555555556
1 0.5635416666666667 0.14027777777777778 0.00625 0.008333333333333333
1 0.46979166666666666 0.1375 0.0020833333333333333 0.002777777777777778
1 0.46458333333333335 0.1375 0.004166666666666667 0.002777777777777778
1 0.8041666666666667 0.14583333333333334 0.008333333333333333 0.025
1 0.7302083333333333 0.1361111111111111 0.0020833333333333333 0.005555555555555556
1 0.7072916666666667 0.12777777777777777 0.00625 0.005555555555555556
1 0.921875 0.13333333333333333 0.014583333333333334 0.022222222222222223
1 0.11770833333333333 0.12361111111111112 0.0020833333333333333 0.002777777777777778
1 0.215625 0.11944444444444445 0.01875 0.005555555555555556
1 0.928125 0.1125 0.0020833333333333333 0.002777777777777778
1 0.9208333333333333 0.11388888888888889 0.0125 0.011111111111111112
1 0.7145833333333333 0.11666666666666667 0.004166666666666667 0.016666666666666666
1 0.021875 0.13194444444444445 0.04375 0.04722222222222222
1 0.73125 0.11944444444444445 0.0125 0.027777777777777776
1 0.915625 0.10416666666666667 0.0020833333333333333 0.002777777777777778
1 0.115625 0.10416666666666667 0.0020833333333333333 0.002777777777777778
1 0.078125 0.10416666666666667 0.0020833333333333333 0.002777777777777778
1 0.06979166666666667 0.10416666666666667 0.0020833333333333333 0.002777777777777778
1 0.21145833333333333 0.10138888888888889 0.0020833333333333333 0.002777777777777778
1 0.5072916666666667 0.1 0.00625 0.005555555555555556
1 0.709375 0.09583333333333334 0.0020833333333333333 0.002777777777777778
1 0.9322916666666666 0.09305555555555556 0.0020833333333333333 0.002777777777777778
1 0.484375 0.09305555555555556 0.0020833333333333333 0.002777777777777778
1 0.49270833333333336 0.09166666666666666 0.010416666666666666 0.005555555555555556
1 0.9739583333333334 0.08472222222222223 0.0020833333333333333 0.002777777777777778
1 0.796875 0.08472222222222223 0.0020833333333333333 0.008333333333333333
1 0.7072916666666667 0.08055555555555556 0.0020833333333333333 0.005555555555555556
1 0.13125 0.0763888888888889 0.0125 0.008333333333333333
1 0.6572916666666667 0.07083333333333333 0.0020833333333333333 0.002777777777777778
1 0.23020833333333332 0.07083333333333333 0.00625 0.008333333333333333
1 0.3104166666666667 0.07222222222222222 0.008333333333333333 0.016666666666666666
1 0.5177083333333333 0.05694444444444444 0.0020833333333333333 0.002777777777777778
1 0.190625 0.05694444444444444 0.0020833333333333333 0.002777777777777778
1 0.11770833333333333 0.05694444444444444 0.0020833333333333333 0.002777777777777778
1 0.6552083333333333 0.05416666666666667 0.0020833333333333333 0.002777777777777778
1 0.9989583333333333 0.05416666666666667 0.0020833333333333333 0.008333333333333333
1 0.13854166666666667 0.05138888888888889 0.0020833333333333333 0.002777777777777778
1 0.13333333333333333 0.05277777777777778 0.004166666666666667 0.005555555555555556
1 0.234375 0.04861111111111111 0.0020833333333333333 0.002777777777777778
1 0.803125 0.05555555555555555 0.010416666666666666 0.022222222222222223
1 0.36354166666666665 0.05277777777777778 0.010416666666666666 0.016666666666666666
1 0.5302083333333333 0.03888888888888889 0.0020833333333333333 0.005555555555555556
1 0.3260416666666667 0.04027777777777778 0.014583333333333334 0.013888888888888888
1 0.15833333333333333 0.03333333333333333 0.004166666666666667 0.005555555555555556
1 0.85 0.11805555555555555 0.06666666666666667 0.18611111111111112
1 0.15729166666666666 0.02361111111111111 0.0020833333333333333 0.002777777777777778
1 0.215625 0.015277777777777777 0.0020833333333333333 0.002777777777777778
1 0.48541666666666666 0.011111111111111112 0.0125 0.005555555555555556
1 0.15520833333333334 0.011111111111111112 0.00625 0.005555555555555556
1 0.21770833333333334 0.006944444444444444 0.0020833333333333333 0.002777777777777778
1 0.9489583333333333 0.05277777777777778 0.08541666666666667 0.1
1 0.89375 0.009722222222222222 0.0125 0.019444444444444445
1 0.86875 0.002777777777777778 0.004166666666666667 0.005555555555555556
1 0.7864583333333334 0.001388888888888889 0.0020833333333333333 0.002777777777777778
1 0.45 0.07916666666666666 0.14166666666666666 0.15833333333333333
1 0.41041666666666665 0.002777777777777778 0.004166666666666667 0.005555555555555556
1 0.36354166666666665 0.015277777777777777 0.08541666666666667 0.030555555555555555
1 0.3458333333333333 0.5 0.6916666666666667 1.0
1 0.196875 0.02361111111111111 0.01875 0.04722222222222222
1 0.14895833333333333 0.001388888888888889 0.0020833333333333333 0.002777777777777778
1 0.075 0.05 0.15 0.1
