0 0.8635416666666667 0.8263888888888888 0.0020833333333333333 0.002777777777777778
0 0.0010416666666666667 0.8027777777777778 0.0020833333333333333 0.005555555555555556
0 0.7729166666666667 0.7111111111111111 0.004166666666666667 0.005555555555555556
0 0.7729166666666667 0.6958333333333333 0.008333333333333333 0.008333333333333333
0 0.8333333333333334 0.6583333333333333 0.008333333333333333 0.011111111111111112
0 0.7958333333333333 0.6125 0.029166666666666667 0.03611111111111111
0 0.8947916666666667 0.5902777777777778 0.0020833333333333333 0.002777777777777778
0 0.1 0.5458333333333333 0.016666666666666666 0.019444444444444445
0 0.765625 0.5513888888888889 0.01875 0.03611111111111111
0 0.7625 0.5208333333333334 0.008333333333333333 0.008333333333333333
0 0.7072916666666667 0.5180555555555556 0.0020833333333333333 0.002777777777777778
0 0.9020833333333333 0.5125 0.004166666666666667 0.002777777777777778
0 0.7864583333333334 0.5125 0.0020833333333333333 0.002777777777777778
0 0.79375 0.5125 0.008333333333333333 0.008333333333333333
0 0.7489583333333333 0.5138888888888888 0.010416666666666666 0.011111111111111112
0 0.7395833333333334 0.5111111111111111 0.004166666666666667 0.005555555555555556
0 0.7854166666666667 0.5041666666666667 0.004166666666666667 0.008333333333333333
0 0.7802083333333333 0.5041666666666667 0.0020833333333333333 0.008333333333333333
0 0.9114583333333334 0.4986111111111111 0.0020833333333333333 0.002777777777777778
0 0.14791666666666667 0.4930555555555556 0.004166666666666667 0.002777777777777778
0 0.134375 0.49722222222222223 0.01875 0.011111111111111112
0 0.41041666666666665 0.4861111111111111 0.004166666666666667 0.005555555555555556
0 0.090625 0.4791666666666667 0.0020833333333333333 0.002777777777777778
0 0.1 0.4777777777777778 0.004166666666666667 0.005555555555555556
0 0.43020833333333336 0.475 0.0020833333333333333 0.005555555555555556
0 0.14375 0.4736111111111111 0.004166666666666667 0.002777777777777778
0 0.15104166666666666 0.4708333333333333 0.0020833333333333333 0.002777777777777778
0 0.11979166666666667 0.475 0.027083333333333334 0.011111111111111112
0 0.11354166666666667 0.46805555555555556 0.0020833333333333333 0.002777777777777778
0 0.07395833333333333 0.46944444444444444 0.0020833333333333333 0.005555555555555556
0 0.07916666666666666 0.4847222222222222 0.06666666666666667 0.041666666666666664
0 0.6552083333333333 0.45694444444444443 0.0020833333333333333 0.002777777777777778
0 0.084375 0.45694444444444443 0.0020833333333333333 0.002777777777777778
0 0.07708333333333334 0.45416666666666666 0.004166666666666667 0.002777777777777778
0 0.8552083333333333 0.4486111111111111 0.0020833333333333333 0.002777777777777778
0 0.071875 0.4486111111111111 0.0020833333333333333 0.002777777777777778
0 0.007291666666666667 0.44305555555555554 0.0020833333333333333 0.002777777777777778
0 0.8229166666666666 0.42916666666666664 0.004166666666666667 0.002777777777777778
0 0.7677083333333333 0.4236111111111111 0.00625 0.002777777777777778
0 0.759375 0.42777777777777776 0.010416666666666666 0.011111111111111112
0 0.7510416666666667 0.4236111111111111 0.0020833333333333333 0.002777777777777778
0 0.7739583333333333 0.42083333333333334 0.0020833333333333333 0.002777777777777778
0 0.22604166666666667 0.42083333333333334 0.0020833333333333333 0.002777777777777778
0 0.8270833333333333 0.4236111111111111 0.008333333333333333 0.013888888888888888
0 0.43020833333333336 0.41805555555555557 0.0020833333333333333 0.002777777777777778
0 0.8239583333333333 0.4125 0.0020833333333333333 0.002777777777777778
0 0.8385416666666666 0.4097222222222222 0.0020833333333333333 0.002777777777777778
0 0.8052083333333333 0.4097222222222222 0.0020833333333333333 0.002777777777777778
0 0.7885416666666667 0.4097222222222222 0.0020833333333333333 0.002777777777777778
0 0.8333333333333334 0.4097222222222222 0.004166666666666667 0.008333333333333333
0 0.828125 0.4083333333333333 0.0020833333333333333 0.005555555555555556
0 0.4239583333333333 0.4041666666666667 0.0020833333333333333 0.002777777777777778
0 0.8177083333333334 0.4013888888888889 0.014583333333333334 0.008333333333333333
0 0.6541666666666667 0.3902777777777778 0.004166666666666667 0.002777777777777778
0 0.45416666666666666 0.3861111111111111 0.004166666666666667 0.011111111111111112
0 0.2125 0.3819444444444444 0.004166666666666667 0.002777777777777778
0 0.6072916666666667 0.37916666666666665 0.0020833333333333333 0.002777777777777778
0 0.18229166666666666 0.36527777777777776 0.0020833333333333333 0.002777777777777778
0 0.865625 0.3541666666666667 0.0020833333333333333 0.002777777777777778
0 0.225 0.36944444444444446 0.016666666666666666 0.03888888888888889
0 0.9239583333333333 0.3375 0.0020833333333333333 0.002777777777777778
0 0.6041666666666666 0.33055555555555555 0.004166666666666667 0.005555555555555556
0 0.121875 0.32916666666666666 0.0020833333333333333 0.002777777777777778
0 0.7510416666666667 0.3263888888888889 0.0020833333333333333 0.002777777777777778
0 0.21458333333333332 0.3347222222222222 0.0125 0.019444444444444445
0 0.609375 0.3194444444444444 0.0020833333333333333 0.005555555555555556
0 0.8645833333333334 0.32083333333333336 0.004166666666666667 0.013888888888888888
0 0.4947916666666667 0.31666666666666665 0.00625 0.005555555555555556
0 0.5958333333333333 0.30694444444444446 0.004166666666666667 0.002777777777777778
0 0.46979166666666666 0.30972222222222223 0.00625 0.008333333333333333
0 0.33645833333333336 0.3055555555555556 0.00625 0.005555555555555556
0 0.7760416666666666 0.3013888888888889 0.0020833333333333333 0.002777777777777778
0 0.7572916666666667 0.3013888888888889 0.0020833333333333333 0.002777777777777778
0 0.7625 0.3013888888888889 0.004166666666666667 0.008333333333333333
0 0.75 0.2986111111111111 0.008333333333333333 0.008333333333333333
0 0.9260416666666667 0.2847222222222222 0.0020833333333333333 0.002777777777777778
0 0.83125 0.2861111111111111 0.004166666666666667 0.005555555555555556
0 0.7645833333333333 0.2861111111111111 0.004166666666666667 0.005555555555555556
0 0.4375 0.2861111111111111 0.029166666666666667 0.011111111111111112
0 0.178125 0.2833333333333333 0.0020833333333333333 0.005555555555555556
0 0.8322916666666667 0.2791666666666667 0.0020833333333333333 0.002777777777777778
0 0.9083333333333333 0.27361111111111114 0.004166666666666667 0.002777777777777778
0 0.85625 0.2777777777777778 0.0125 0.011111111111111112
0 0.75 0.275 0.004166666666666667 0.005555555555555556
0 0.9166666666666666 0.2722222222222222 0.008333333333333333 0.005555555555555556
0 0.828125 0.2708333333333333 0.0020833333333333333 0.002777777777777778
0 0.06770833333333333 0.2708333333333333 0.0020833333333333333 0.002777777777777778
0 0.9239583333333333 0.26805555555555555 0.0020833333333333333 0.002777777777777778
0 0.8354166666666667 0.26944444444444443 0.004166666666666667 0.005555555555555556
0 0.7958333333333333 0.2722222222222222 0.008333333333333333 0.011111111111111112
0 0.7614583333333333 0.275 0.010416666666666666 0.016666666666666666
0 0.171875 0.2652777777777778 0.0020833333333333333 0.002777777777777778
0 0.13020833333333334 0.2652777777777778 0.0020833333333333333 0.002777777777777778
0 0.8197916666666667 0.2638888888888889 0.00625 0.005555555555555556
0 0.496875 0.2625 0.0020833333333333333 0.002777777777777778
0 0.8291666666666667 0.2625 0.004166666666666667 0.008333333333333333
0 0.7895833333333333 0.2611111111111111 0.004166666666666667 0.005555555555555556
0 0.7177083333333333 0.25972222222222224 0.0020833333333333333 0.002777777777777778
0 0.36354166666666665 0.25972222222222224 0.0020833333333333333 0.002777777777777778
0 0.359375 0.25972222222222224 0.0020833333333333333 0.002777777777777778
0 0.7447916666666666 0.2625 0.00625 0.013888888888888888
0 0.7364583333333333 0.25833333333333336 0.0020833333333333333 0.005555555555555556
0 0.13958333333333334 0.25833333333333336 0.008333333333333333 0.005555555555555556
0 0.0020833333333333333 0.25833333333333336 0.004166666666666667 0.005555555555555556
0 0.7083333333333334 0.25416666666666665 0.004166666666666667 0.002777777777777778
0 0.7395833333333334 0.2513888888888889 0.004166666666666667 0.002777777777777778
0 0.640625 0.2513888888888889 0.0020833333333333333 0.002777777777777778
0 0.778125 0.24861111111111112 0.0020833333333333333 0.002777777777777778
0 0.484375 0.2513888888888889 0.00625 0.008333333333333333
0 0.29270833333333335 0.25416666666666665 0.010416666666666666 0.013888888888888888
0 0.7552083333333334 0.24305555555555555 0.0020833333333333333 0.002777777777777778
0 0.8020833333333334 0.25277777777777777 0.025 0.027777777777777776
0 0.7760416666666666 0.24027777777777778 0.0020833333333333333 0.002777777777777778
0 0.7260416666666667 0.24027777777777778 0.0020833333333333333 0.002777777777777778
0 0.6145833333333334 0.25277777777777777 0.016666666666666666 0.027777777777777776
0 0.8333333333333334 0.2513888888888889 0.05 0.030555555555555555
0 0.78125 0.2375 0.004166666666666667 0.002777777777777778
0 0.765625 0.23472222222222222 0.0020833333333333333 0.002777777777777778
0 0.7645833333333333 0.24305555555555555 0.020833333333333332 0.019444444444444445
0 0.7510416666666667 0.2361111111111111 0.0020833333333333333 0.005555555555555556
0 0.603125 0.2361111111111111 0.0020833333333333333 0.005555555555555556
0 0.809375 0.23194444444444445 0.0020833333333333333 0.002777777777777778
0 0.403125 0.2375 0.01875 0.019444444444444445
0 0.8072916666666666 0.2222222222222222 0.00625 0.005555555555555556
0 0.5947916666666667 0.22083333333333333 0.0020833333333333333 0.002777777777777778
0 0.38645833333333335 0.21944444444444444 0.00625 0.005555555555555556
0 0.2833333333333333 0.21805555555555556 0.004166666666666667 0.002777777777777778
0 0.6458333333333334 0.2152777777777778 0.004166666666666667 0.002777777777777778
0 0.6354166666666666 0.21666666666666667 0.004166666666666667 0.005555555555555556
0 0.603125 0.2152777777777778 0.0020833333333333333 0.002777777777777778
0 0.5989583333333334 0.21805555555555556 0.00625 0.008333333333333333
0 0.7479166666666667 0.21388888888888888 0.004166666666666667 0.005555555555555556
0 0.43645833333333334 0.23472222222222222 0.03125 0.04722222222222222
0 0.8104166666666667 0.2125 0.008333333333333333 0.008333333333333333
0 0.6354166666666666 0.20972222222222223 0.004166666666666667 0.002777777777777778
0 0.38645833333333335 0.20972222222222223 0.0020833333333333333 0.002777777777777778
0 0.653125 0.20416666666666666 0.0020833333333333333 0.002777777777777778
0 0.6458333333333334 0.20694444444444443 0.016666666666666666 0.008333333333333333
0 0.3927083333333333 0.20416666666666666 0.0020833333333333333 0.002777777777777778
0 0.6302083333333334 0.22361111111111112 0.04791666666666667 0.04722222222222222
0 0.8489583333333334 0.1986111111111111 0.0020833333333333333 0.002777777777777778
0 0.8447916666666667 0.1986111111111111 0.0020833333333333333 0.002777777777777778
0 0.3885416666666667 0.1986111111111111 0.0020833333333333333 0.002777777777777778
0 0.26875 0.20277777777777778 0.004166666666666667 0.011111111111111112
0 0.715625 0.19583333333333333 0.0020833333333333333 0.002777777777777778
0 0.38333333333333336 0.19583333333333333 0.004166666666666667 0.002777777777777778
0 0.4010416666666667 0.19444444444444445 0.0020833333333333333 0.005555555555555556
0 0.07395833333333333 0.19027777777777777 0.0020833333333333333 0.002777777777777778
0 0.057291666666666664 0.19027777777777777 0.0020833333333333333 0.002777777777777778
0 0.715625 0.3458333333333333 0.23958333333333334 0.3194444444444444
0 0.659375 0.18194444444444444 0.0020833333333333333 0.002777777777777778
0 0.690625 0.17916666666666667 0.0020833333333333333 0.002777777777777778
0 0.6989583333333333 0.18333333333333332 0.010416666666666666 0.016666666666666666
0 0.008333333333333333 0.17777777777777778 0.004166666666666667 0.005555555555555556
0 0.7052083333333333 0.17083333333333334 0.0020833333333333333 0.002777777777777778
0 0.65 0.17083333333333334 0.008333333333333333 0.002777777777777778
0 0.07708333333333334 0.17222222222222222 0.004166666666666667 0.005555555555555556
0 0.06979166666666667 0.17222222222222222 0.00625 0.005555555555555556
0 0.06041666666666667 0.17777777777777778 0.029166666666666667 0.016666666666666666
0 0.7010416666666667 0.16805555555555557 0.0020833333333333333 0.002777777777777778
0 0.6677083333333333 0.16805555555555557 0.0020833333333333333 0.002777777777777778
0 0.38958333333333334 0.17916666666666667 0.0125 0.025
0 0.6625 0.16666666666666666 0.004166666666666667 0.005555555555555556
0 0.6572916666666667 0.16666666666666666 0.0020833333333333333 0.005555555555555556
0 0.08020833333333334 0.16527777777777777 0.0020833333333333333 0.002777777777777778
0 0.7135416666666666 0.1638888888888889 0.0020833333333333333 0.005555555555555556
0 0.6229166666666667 0.16944444444444445 0.004166666666666667 0.016666666666666666
0 0.653125 0.15694444444444444 0.0020833333333333333 0.002777777777777778
0 0.6666666666666666 0.15833333333333333 0.016666666666666666 0.011111111111111112
0 0.38958333333333334 0.15694444444444444 0.004166666666666667 0.008333333333333333
0 0.6760416666666667 0.1486111111111111 0.0020833333333333333 0.002777777777777778
0 0.653125 0.1486111111111111 0.00625 0.002777777777777778
0 0.409375 0.15 0.0020833333333333333 0.005555555555555556
0 0.007291666666666667 0.14583333333333334 0.0020833333333333333 0.002777777777777778
0 0.659375 0.14722222222222223 0.014583333333333334 0.011111111111111112
0 0.615625 0.1486111111111111 0.014583333333333334 0.013888888888888888
0 0.41875 0.14583333333333334 0.0125 0.008333333333333333
0 0.671875 0.14027777777777778 0.0020833333333333333 0.002777777777777778
0 0.6677083333333333 0.14027777777777778 0.0020833333333333333 0.002777777777777778
0 0.41354166666666664 0.14166666666666666 0.00625 0.005555555555555556
0 0.07916666666666666 0.1527777777777778 0.020833333333333332 0.027777777777777776
0 0.007291666666666667 0.15694444444444444 0.014583333333333334 0.03611111111111111
0 0.4239583333333333 0.1361111111111111 0.00625 0.005555555555555556
0 0.0875 0.13472222222222222 0.008333333333333333 0.002777777777777778
0 0.7479166666666667 0.12916666666666668 0.004166666666666667 0.008333333333333333
0 0.7197916666666667 0.12361111111111112 0.0020833333333333333 0.002777777777777778
0 0.4864583333333333 0.12777777777777777 0.00625 0.011111111111111112
0 0.4083333333333333 0.12361111111111112 0.004166666666666667 0.002777777777777778
0 0.746875 0.12083333333333333 0.0020833333333333333 0.002777777777777778
0 0.728125 0.12083333333333333 0.0020833333333333333 0.002777777777777778
0 0.5541666666666667 0.12222222222222222 0.004166666666666667 0.005555555555555556
0 0.690625 0.11805555555555555 0.0020833333333333333 0.002777777777777778
0 0.44166666666666665 0.12361111111111112 0.008333333333333333 0.013888888888888888
0 0.42916666666666664 0.11944444444444445 0.004166666666666667 0.005555555555555556
0 0.078125 0.12083333333333333 0.00625 0.008333333333333333
0 0.003125 0.125 0.00625 0.016666666666666666
0 0.440625 0.11388888888888889 0.0020833333333333333 0.005555555555555556
0 0.5479166666666667 0.10972222222222222 0.004166666666666667 0.002777777777777778
0 0.35625 0.11527777777777778 0.008333333333333333 0.013888888888888888
0 0.5375 0.10833333333333334 0.008333333333333333 0.005555555555555556
0 0.4552083333333333 0.10972222222222222 0.00625 0.008333333333333333
0 0.43020833333333336 0.10694444444444444 0.0020833333333333333 0.002777777777777778
0 0.39166666666666666 0.10694444444444444 0.004166666666666667 0.002777777777777778
0 0.546875 0.10416666666666667 0.0020833333333333333 0.002777777777777778
0 0.35520833333333335 0.10416666666666667 0.0020833333333333333 0.002777777777777778
0 0.5 0.10694444444444444 0.016666666666666666 0.013888888888888888
0 0.4510416666666667 0.10277777777777777 0.0020833333333333333 0.005555555555555556
0 0.44479166666666664 0.10416666666666667 0.00625 0.008333333333333333
0 0.5416666666666666 0.1 0.004166666666666667 0.005555555555555556
0 0.5072916666666667 0.09861111111111111 0.0020833333333333333 0.002777777777777778
0 0.42083333333333334 0.10416666666666667 0.004166666666666667 0.013888888888888888
0 0.53125 0.09861111111111111 0.004166666666666667 0.008333333333333333
0 0.115625 0.09583333333333334 0.0020833333333333333 0.002777777777777778
0 0.5510416666666667 0.09027777777777778 0.0020833333333333333 0.002777777777777778
0 0.64375 0.09444444444444444 0.016666666666666666 0.016666666666666666
0 0.35520833333333335 0.08611111111111111 0.010416666666666666 0.011111111111111112
0 0.042708333333333334 0.08333333333333333 0.010416666666666666 0.016666666666666666
0 0.5114583333333333 0.0763888888888889 0.00625 0.008333333333333333
0 0.6260416666666667 0.07083333333333333 0.0020833333333333333 0.002777777777777778
0 0.020833333333333332 0.07916666666666666 0.025 0.03611111111111111
1 0.05416666666666667 0.9986111111111111 0.004166666666666667 0.002777777777777778
1 0.09583333333333334 0.9972222222222222 0.004166666666666667 0.005555555555555556
1 0.053125 0.9930555555555556 0.0020833333333333333 0.002777777777777778
1 0.096875 0.9791666666666666 0.0020833333333333333 0.002777777777777778
1 0.07291666666666667 0.9833333333333333 0.041666666666666664 0.03333333333333333
1 0.007291666666666667 0.9833333333333333 0.014583333333333334 0.03333333333333333
1 0.8354166666666667 0.9555555555555556 0.004166666666666667 0.005555555555555556
1 0.0125 0.9597222222222223 0.008333333333333333 0.013888888888888888
1 0.04791666666666667 0.9694444444444444 0.041666666666666664 0.05
1 0.057291666666666664 0.9472222222222222 0.0020833333333333333 0.005555555555555556
1 0.020833333333333332 0.9458333333333333 0.004166666666666667 0.002777777777777778
1 0.8239583333333333 0.9402777777777778 0.0020833333333333333 0.002777777777777778
1 0.040625 0.9527777777777777 0.027083333333333334 0.027777777777777776
1 0.025 0.9402777777777778 0.004166666666666667 0.002777777777777778
1 0.052083333333333336 0.9388888888888889 0.004166666666666667 0.005555555555555556
1 0.030208333333333334 0.9486111111111111 0.022916666666666665 0.025
1 0.023958333333333335 0.9347222222222222 0.0020833333333333333 0.002777777777777778
1 0.011458333333333333 0.9388888888888889 0.0020833333333333333 0.016666666666666666
1 0.8458333333333333 0.9291666666666667 0.004166666666666667 0.002777777777777778
1 0.8177083333333334 0.9291666666666667 0.0020833333333333333 0.002777777777777778
1 0.06770833333333333 0.9263888888888889 0.0020833333333333333 0.002777777777777778
1 0.05520833333333333 0.9291666666666667 0.010416666666666666 0.008333333333333333
1 0.815625 0.9236111111111112 0.0020833333333333333 0.002777777777777778
1 0.07708333333333334 0.9333333333333333 0.020833333333333332 0.022222222222222223
1 0.040625 0.9236111111111112 0.0020833333333333333 0.002777777777777778
1 0.04583333333333333 0.9180555555555555 0.004166666666666667 0.002777777777777778
1 0.09791666666666667 0.9152777777777777 0.004166666666666667 0.002777777777777778
1 0.065625 0.9125 0.0020833333333333333 0.002777777777777778
1 0.8114583333333333 0.9055555555555556 0.0020833333333333333 0.005555555555555556
1 0.057291666666666664 0.9041666666666667 0.0020833333333333333 0.002777777777777778
1 0.053125 0.9125 0.010416666666666666 0.019444444444444445
1 0.825 0.8986111111111111 0.004166666666666667 0.002777777777777778
1 0.8354166666666667 0.9041666666666667 0.008333333333333333 0.019444444444444445
1 0.7947916666666667 0.8972222222222223 0.010416666666666666 0.005555555555555556
1 0.08020833333333334 0.8958333333333334 0.0020833333333333333 0.002777777777777778
1 0.8072916666666666 0.8902777777777777 0.0020833333333333333 0.002777777777777778
1 0.08854166666666667 0.8902777777777777 0.0020833333333333333 0.002777777777777778
1 0.10833333333333334 0.8930555555555556 0.008333333333333333 0.013888888888888888
1 0.071875 0.8875 0.00625 0.002777777777777778
1 0.8125 0.8875 0.004166666666666667 0.008333333333333333
1 0.11145833333333334 0.8819444444444444 0.00625 0.002777777777777778
1 0.084375 0.8819444444444444 0.0020833333333333333 0.002777777777777778
1 0.07708333333333334 0.8819444444444444 0.004166666666666667 0.002777777777777778
1 0.128125 0.8791666666666667 0.0020833333333333333 0.002777777777777778
1 0.08020833333333334 0.8763888888888889 0.00625 0.002777777777777778
1 0.04479166666666667 0.8763888888888889 0.0020833333333333333 0.002777777777777778
1 0.7979166666666667 0.875 0.016666666666666666 0.011111111111111112
1 0.18229166666666666 0.8666666666666667 0.0020833333333333333 0.005555555555555556
1 0.8677083333333333 0.8513888888888889 0.0020833333333333333 0.002777777777777778
1 0.8541666666666666 0.8708333333333333 0.020833333333333332 0.041666666666666664
1 0.021875 0.8805555555555555 0.027083333333333334 0.08333333333333333
1 0.83125 0.8611111111111112 0.020833333333333332 0.05555555555555555
1 0.04583333333333333 0.8416666666666667 0.025 0.022222222222222223
1 0.9197916666666667 0.8291666666666667 0.0020833333333333333 0.002777777777777778
1 0.06979166666666667 0.8291666666666667 0.0020833333333333333 0.002777777777777778
1 0.057291666666666664 0.8263888888888888 0.00625 0.013888888888888888
1 0.08541666666666667 0.8194444444444444 0.004166666666666667 0.005555555555555556
1 0.07708333333333334 0.8208333333333333 0.0125 0.008333333333333333
1 0.078125 0.8069444444444445 0.0020833333333333333 0.002777777777777778
1 0.853125 0.8152777777777778 0.022916666666666665 0.03611111111111111
1 0.10104166666666667 0.7875 0.0020833333333333333 0.002777777777777778
1 0.008333333333333333 0.8111111111111111 0.016666666666666666 0.05
1 0.8916666666666667 0.8055555555555556 0.041666666666666664 0.044444444444444446
1 0.903125 0.775 0.00625 0.005555555555555556
1 0.05 0.7958333333333333 0.05 0.05277777777777778
1 0.9645833333333333 0.7680555555555556 0.004166666666666667 0.002777777777777778
1 0.023958333333333335 0.7680555555555556 0.0020833333333333333 0.002777777777777778
1 0.03125 0.7583333333333333 0.004166666666666667 0.005555555555555556
1 0.028125 0.7513888888888889 0.0020833333333333333 0.002777777777777778
1 0.041666666666666664 0.7513888888888889 0.004166666666666667 0.013888888888888888
1 0.042708333333333334 0.7388888888888889 0.0020833333333333333 0.005555555555555556
1 0.871875 0.7319444444444444 0.0020833333333333333 0.002777777777777778
1 0.75 0.7361111111111112 0.008333333333333333 0.022222222222222223
1 0.190625 0.7263888888888889 0.010416666666666666 0.008333333333333333
1 0.190625 0.7180555555555556 0.0020833333333333333 0.002777777777777778
1 0.165625 0.7180555555555556 0.0020833333333333333 0.002777777777777778
1 0.3020833333333333 0.7152777777777778 0.004166666666666667 0.002777777777777778
1 0.20208333333333334 0.7222222222222222 0.0125 0.016666666666666666
1 0.18645833333333334 0.7138888888888889 0.0020833333333333333 0.005555555555555556
1 0.175 0.7152777777777778 0.0125 0.013888888888888888
1 0.33645833333333336 0.7069444444444445 0.0020833333333333333 0.002777777777777778
1 0.278125 0.7069444444444445 0.0020833333333333333 0.002777777777777778
1 0.05520833333333333 0.7041666666666667 0.0020833333333333333 0.002777777777777778
1 0.20104166666666667 0.6958333333333333 0.0020833333333333333 0.002777777777777778
1 0.4822916666666667 0.6916666666666667 0.00625 0.005555555555555556
1 0.846875 0.6819444444444445 0.0020833333333333333 0.002777777777777778
1 0.8322916666666667 0.6819444444444445 0.0020833333333333333 0.002777777777777778
1 0.5635416666666667 0.7013888888888888 0.00625 0.041666666666666664
1 0.83125 0.675 0.004166666666666667 0.005555555555555556
1 0.16041666666666668 0.6708333333333333 0.004166666666666667 0.002777777777777778
1 0.25416666666666665 0.6694444444444444 0.008333333333333333 0.005555555555555556
1 0.37083333333333335 0.6638888888888889 0.008333333333333333 0.005555555555555556
1 0.8864583333333333 0.6541666666666667 0.0020833333333333333 0.002777777777777778
1 0.5114583333333333 0.6486111111111111 0.0020833333333333333 0.002777777777777778
1 0.4239583333333333 0.6527777777777778 0.052083333333333336 0.022222222222222223
1 0.053125 0.6444444444444445 0.0020833333333333333 0.005555555555555556
1 0.026041666666666668 0.7125 0.052083333333333336 0.14166666666666666
1 0.5364583333333334 0.6375 0.0020833333333333333 0.002777777777777778
1 0.5239583333333333 0.6513888888888889 0.03958333333333333 0.030555555555555555
1 0.22708333333333333 0.6375 0.004166666666666667 0.002777777777777778
1 0.046875 0.6361111111111111 0.0020833333333333333 0.005555555555555556
1 0.75625 0.6291666666666667 0.004166666666666667 0.002777777777777778
1 0.42916666666666664 0.6305555555555555 0.008333333333333333 0.005555555555555556
1 0.2604166666666667 0.6263888888888889 0.004166666666666667 0.002777777777777778
1 0.24270833333333333 0.6263888888888889 0.0020833333333333333 0.002777777777777778
1 0.7552083333333334 0.6236111111111111 0.0020833333333333333 0.002777777777777778
1 0.26145833333333335 0.6208333333333333 0.0020833333333333333 0.002777777777777778
1 0.2552083333333333 0.6208333333333333 0.0020833333333333333 0.002777777777777778
1 0.23333333333333334 0.6222222222222222 0.004166666666666667 0.005555555555555556
1 0.228125 0.6180555555555556 0.0020833333333333333 0.002777777777777778
1 0.153125 0.6125 0.0020833333333333333 0.002777777777777778
1 0.159375 0.6069444444444444 0.0020833333333333333 0.002777777777777778
1 0.16354166666666667 0.7430555555555556 0.2520833333333333 0.275
1 0.63125 0.6041666666666666 0.004166666666666667 0.002777777777777778
1 0.6677083333333333 0.6013888888888889 0.0020833333333333333 0.002777777777777778
1 0.6552083333333333 0.6013888888888889 0.00625 0.002777777777777778
1 0.646875 0.6013888888888889 0.0020833333333333333 0.002777777777777778
1 0.26145833333333335 0.6013888888888889 0.0020833333333333333 0.002777777777777778
1 0.7364583333333333 0.5986111111111111 0.0020833333333333333 0.002777777777777778
1 0.6197916666666666 0.5930555555555556 0.0020833333333333333 0.002777777777777778
1 0.734375 0.5916666666666667 0.0020833333333333333 0.005555555555555556
1 0.004166666666666667 0.5958333333333333 0.008333333333333333 0.013888888888888888
1 0.6447916666666667 0.5916666666666667 0.04375 0.011111111111111112
1 0.134375 0.5819444444444445 0.0020833333333333333 0.002777777777777778
1 0.7239583333333334 0.5791666666666667 0.0020833333333333333 0.002777777777777778
1 0.46770833333333334 0.5763888888888888 0.0020833333333333333 0.002777777777777778
1 0.13645833333333332 0.5763888888888888 0.0020833333333333333 0.002777777777777778
1 0.13854166666666667 0.5708333333333333 0.0020833333333333333 0.002777777777777778
1 0.9447916666666667 0.5597222222222222 0.0020833333333333333 0.002777777777777778
1 0.9895833333333334 0.5583333333333333 0.008333333333333333 0.005555555555555556
1 0.9697916666666667 0.5569444444444445 0.0020833333333333333 0.002777777777777778
1 0.8677083333333333 0.5555555555555556 0.0020833333333333333 0.005555555555555556
1 0.7822916666666667 0.5541666666666667 0.0020833333333333333 0.002777777777777778
1 0.6302083333333334 0.5569444444444445 0.00625 0.008333333333333333
1 0.153125 0.5541666666666667 0.0020833333333333333 0.002777777777777778
1 0.14895833333333333 0.5541666666666667 0.0020833333333333333 0.002777777777777778
1 0.9020833333333333 0.5486111111111112 0.004166666666666667 0.002777777777777778
1 0.9104166666666667 0.5513888888888889 0.008333333333333333 0.013888888888888888
1 0.78125 0.5458333333333333 0.004166666666666667 0.002777777777777778
1 0.6520833333333333 0.5472222222222223 0.004166666666666667 0.005555555555555556
1 0.6739583333333333 0.5458333333333333 0.014583333333333334 0.008333333333333333
1 0.7989583333333333 0.5430555555555555 0.010416666666666666 0.008333333333333333
1 0.7802083333333333 0.5402777777777777 0.0020833333333333333 0.002777777777777778
1 0.6375 0.5375 0.004166666666666667 0.002777777777777778
1 0.803125 0.5347222222222222 0.0020833333333333333 0.002777777777777778
1 0.7104166666666667 0.5472222222222223 0.0125 0.027777777777777776
1 0.6854166666666667 0.5416666666666666 0.025 0.016666666666666666
1 0.653125 0.5347222222222222 0.0020833333333333333 0.002777777777777778
1 0.6489583333333333 0.5347222222222222 0.0020833333333333333 0.002777777777777778
1 0.7916666666666666 0.5333333333333333 0.008333333333333333 0.005555555555555556
1 0.6708333333333333 0.5333333333333333 0.004166666666666667 0.005555555555555556
1 0.7833333333333333 0.5291666666666667 0.004166666666666667 0.002777777777777778
1 0.7697916666666667 0.5291666666666667 0.0020833333333333333 0.002777777777777778
1 0.6614583333333334 0.5305555555555556 0.010416666666666666 0.011111111111111112
1 0.5447916666666667 0.5236111111111111 0.0020833333333333333 0.002777777777777778
1 0.7729166666666667 0.5222222222222223 0.008333333333333333 0.005555555555555556
1 0.5510416666666667 0.5291666666666667 0.01875 0.030555555555555555
1 0.6041666666666666 0.5166666666666667 0.004166666666666667 0.011111111111111112
1 0.6729166666666667 0.5097222222222222 0.004166666666666667 0.008333333333333333
1 0.6541666666666667 0.5069444444444444 0.004166666666666667 0.002777777777777778
1 0.6385416666666667 0.5069444444444444 0.0020833333333333333 0.002777777777777778
1 0.18229166666666666 0.5083333333333333 0.00625 0.005555555555555556
1 0.6947916666666667 0.5138888888888888 0.022916666666666665 0.022222222222222223
1 0.665625 0.5041666666666667 0.0020833333333333333 0.002777777777777778
1 0.6447916666666667 0.5041666666666667 0.0020833333333333333 0.002777777777777778
1 0.16770833333333332 0.5069444444444444 0.01875 0.008333333333333333
1 0.6583333333333333 0.5013888888888889 0.004166666666666667 0.002777777777777778
1 0.9979166666666667 0.5013888888888889 0.004166666666666667 0.008333333333333333
1 0.9458333333333333 0.5236111111111111 0.0875 0.05277777777777778
1 0.984375 0.4930555555555556 0.0020833333333333333 0.002777777777777778
1 0.565625 0.4930555555555556 0.0020833333333333333 0.002777777777777778
1 0.61875 0.49583333333333335 0.0125 0.013888888888888888
1 0.5802083333333333 0.49027777777777776 0.0020833333333333333 0.002777777777777778
1 0.7791666666666667 0.48333333333333334 0.004166666666666667 0.005555555555555556
1 0.7885416666666667 0.48055555555555557 0.0020833333333333333 0.005555555555555556
1 0.6260416666666667 0.4791666666666667 0.010416666666666666 0.013888888888888888
1 0.7927083333333333 0.4722222222222222 0.0020833333333333333 0.005555555555555556
1 0.7333333333333333 0.5347222222222222 0.075 0.13055555555555556
1 0.6260416666666667 0.46805555555555556 0.0020833333333333333 0.002777777777777778
1 0.6052083333333333 0.475 0.010416666666666666 0.016666666666666666
1 0.7927083333333333 0.4652777777777778 0.0020833333333333333 0.002777777777777778
1 0.6364583333333333 0.4652777777777778 0.0020833333333333333 0.002777777777777778
1 0.6427083333333333 0.4625 0.0020833333333333333 0.002777777777777778
1 0.6052083333333333 0.4597222222222222 0.0020833333333333333 0.002777777777777778
1 0.784375 0.45694444444444443 0.0020833333333333333 0.002777777777777778
1 0.7895833333333333 0.45416666666666666 0.004166666666666667 0.008333333333333333
1 0.7729166666666667 0.4513888888888889 0.004166666666666667 0.002777777777777778
1 0.8302083333333333 0.45555555555555555 0.01875 0.022222222222222223
1 0.646875 0.44583333333333336 0.0020833333333333333 0.002777777777777778
1 0.6385416666666667 0.44583333333333336 0.0020833333333333333 0.002777777777777778
1 0.76875 0.44166666666666665 0.004166666666666667 0.005555555555555556
1 0.5802083333333333 0.44027777777777777 0.0020833333333333333 0.002777777777777778
1 0.6489583333333333 0.4375 0.0020833333333333333 0.002777777777777778
1 0.7854166666666667 0.44027777777777777 0.0125 0.013888888888888888
1 0.7760416666666666 0.43472222222222223 0.0020833333333333333 0.002777777777777778
1 0.8708333333333333 0.43194444444444446 0.004166666666666667 0.002777777777777778
1 0.209375 0.43194444444444446 0.0020833333333333333 0.002777777777777778
1 0.8791666666666667 0.7138888888888889 0.24166666666666667 0.5722222222222222
1 0.653125 0.42916666666666664 0.00625 0.008333333333333333
1 0.884375 0.4236111111111111 0.0020833333333333333 0.002777777777777778
1 0.6572916666666667 0.42083333333333334 0.0020833333333333333 0.002777777777777778
1 0.5447916666666667 0.40694444444444444 0.0020833333333333333 0.002777777777777778
1 0.6395833333333333 0.39861111111111114 0.004166666666666667 0.002777777777777778
1 0.6239583333333333 0.39861111111111114 0.0020833333333333333 0.002777777777777778
1 0.115625 0.3958333333333333 0.0020833333333333333 0.002777777777777778
1 0.11145833333333334 0.3958333333333333 0.0020833333333333333 0.002777777777777778
1 0.6333333333333333 0.3958333333333333 0.004166666666666667 0.008333333333333333
1 0.5947916666666667 0.3875 0.0020833333333333333 0.002777777777777778
1 0.5854166666666667 0.4 0.0125 0.027777777777777776
1 0.521875 0.3819444444444444 0.0020833333333333333 0.002777777777777778
1 0.5729166666666666 0.3861111111111111 0.0125 0.016666666666666666
1 0.5822916666666667 0.37083333333333335 0.0020833333333333333 0.002777777777777778
1 0.834375 0.37083333333333335 0.0020833333333333333 0.008333333333333333
1 0.8375 0.3638888888888889 0.004166666666666667 0.005555555555555556
1 0.584375 0.3638888888888889 0.0020833333333333333 0.005555555555555556
1 0.5864583333333333 0.35694444444444445 0.0020833333333333333 0.002777777777777778
1 0.5697916666666667 0.3597222222222222 0.00625 0.008333333333333333
1 0.5395833333333333 0.5152777777777777 0.14583333333333334 0.325
1 0.9041666666666667 0.35138888888888886 0.008333333333333333 0.002777777777777778
1 0.4864583333333333 0.35138888888888886 0.0020833333333333333 0.002777777777777778
1 0.6135416666666667 0.3486111111111111 0.0020833333333333333 0.002777777777777778
1 0.48854166666666665 0.3458333333333333 0.0020833333333333333 0.002777777777777778
1 0.503125 0.34444444444444444 0.0020833333333333333 0.011111111111111112
1 0.49583333333333335 0.33611111111111114 0.004166666666666667 0.005555555555555556
1 0.503125 0.32916666666666666 0.0020833333333333333 0.002777777777777778
1 0.49375 0.33055555555555555 0.008333333333333333 0.005555555555555556
1 0.503125 0.3236111111111111 0.0020833333333333333 0.002777777777777778
1 0.5322916666666667 0.28194444444444444 0.0020833333333333333 0.002777777777777778
1 0.8791666666666667 0.32083333333333336 0.0875 0.09166666666666666
1 0.146875 0.2708333333333333 0.0020833333333333333 0.002777777777777778
1 0.37395833333333334 0.2722222222222222 0.00625 0.011111111111111112
1 0.396875 0.25416666666666665 0.0020833333333333333 0.002777777777777778
1 0.37604166666666666 0.24583333333333332 0.0020833333333333333 0.002777777777777778
1 0.3697916666666667 0.24861111111111112 0.00625 0.008333333333333333
1 0.171875 0.24583333333333332 0.0020833333333333333 0.002777777777777778
1 0.37395833333333334 0.24027777777777778 0.0020833333333333333 0.002777777777777778
1 0.17395833333333333 0.24027777777777778 0.0020833333333333333 0.002777777777777778
1 0.10729166666666666 0.2375 0.0020833333333333333 0.002777777777777778
1 0.017708333333333333 0.2263888888888889 0.0020833333333333333 0.002777777777777778
1 0.9791666666666666 0.22777777777777777 0.0125 0.011111111111111112
1 0.621875 0.24861111111111112 0.035416666666666666 0.058333333333333334
1 0.8010416666666667 0.21805555555555556 0.0020833333333333333 0.002777777777777778
1 0.005208333333333333 0.21805555555555556 0.010416666666666666 0.002777777777777778
1 0.8395833333333333 0.24027777777777778 0.05416666666666667 0.05277777777777778
1 0.821875 0.18333333333333332 0.00625 0.005555555555555556
1 0.565625 0.18194444444444444 0.0020833333333333333 0.002777777777777778
1 0.609375 0.1638888888888889 0.01875 0.016666666666666666
1 0.578125 0.15138888888888888 0.0020833333333333333 0.002777777777777778
1 0.2947916666666667 0.1486111111111111 0.0020833333333333333 0.002777777777777778
1 0.290625 0.14583333333333334 0.0020833333333333333 0.002777777777777778
1 0.7708333333333334 0.1527777777777778 0.016666666666666666 0.022222222222222223
1 0.4375 0.19444444444444445 0.0875 0.14444444444444443
1 0.784375 0.175 0.08541666666666667 0.1111111111111111
1 0.28020833333333334 0.12083333333333333 0.0020833333333333333 0.002777777777777778
1 0.49895833333333334 0.13194444444444445 0.014583333333333334 0.030555555555555555
1 0.378125 0.1527777777777778 0.03958333333333333 0.07777777777777778
1 0.284375 0.10972222222222222 0.0020833333333333333 0.002777777777777778
1 0.8708333333333333 0.14166666666666666 0.075 0.07222222222222222
1 0.2989583333333333 0.11944444444444445 0.03125 0.044444444444444446
1 0.328125 0.09583333333333334 0.0020833333333333333 0.002777777777777778
1 0.821875 0.09444444444444444 0.010416666666666666 0.011111111111111112
1 0.525 0.2 0.12916666666666668 0.2222222222222222
1 0.43333333333333335 0.1 0.008333333333333333 0.022222222222222223
1 0.11770833333333333 0.08888888888888889 0.00625 0.005555555555555556
1 0.4354166666666667 0.08472222222222223 0.004166666666666667 0.002777777777777778
1 0.33958333333333335 0.09027777777777778 0.0125 0.013888888888888888
1 0.8854166666666666 0.09722222222222222 0.041666666666666664 0.03333333333333333
1 0.434375 0.07916666666666666 0.0020833333333333333 0.002777777777777778
1 0.74375 0.08333333333333333 0.020833333333333332 0.022222222222222223
1 0.109375 0.07777777777777778 0.010416666666666666 0.016666666666666666
1 0.09270833333333334 0.07777777777777778 0.010416666666666666 0.016666666666666666
1 0.7614583333333333 0.07083333333333333 0.010416666666666666 0.008333333333333333
1 0.11979166666666667 0.07361111111111111 0.00625 0.013888888888888888
1 0.103125 0.06805555555555555 0.0020833333333333333 0.002777777777777778
1 0.084375 0.07083333333333333 0.00625 0.008333333333333333
1 0.04791666666666667 0.11666666666666667 0.075 0.1
1 0.5364583333333334 0.08194444444444444 0.03958333333333333 0.03611111111111111
1 0.321875 0.06527777777777778 0.0020833333333333333 0.002777777777777778
1 0.13645833333333332 0.06666666666666667 0.0020833333333333333 0.005555555555555556
1 0.0375 0.06527777777777778 0.004166666666666667 0.002777777777777778
1 0.40729166666666666 0.0625 0.0020833333333333333 0.002777777777777778
1 0.08958333333333333 0.06388888888888888 0.008333333333333333 0.005555555555555556
1 0.4114583333333333 0.059722222222222225 0.0020833333333333333 0.002777777777777778
1 0.403125 0.059722222222222225 0.0020833333333333333 0.002777777777777778
1 0.35625 0.059722222222222225 0.004166666666666667 0.002777777777777778
1 0.12395833333333334 0.06111111111111111 0.0020833333333333333 0.005555555555555556
1 0.734375 0.06111111111111111 0.014583333333333334 0.016666666666666666
1 0.178125 0.05416666666666667 0.0020833333333333333 0.002777777777777778
1 0.134375 0.05694444444444444 0.00625 0.008333333333333333
1 0.078125 0.058333333333333334 0.010416666666666666 0.011111111111111112
1 0.5125 0.05694444444444444 0.008333333333333333 0.013888888888888888
1 0.6625 0.05 0.008333333333333333 0.011111111111111112
1 0.6375 0.06805555555555555 0.016666666666666666 0.04722222222222222
1 0.5572916666666666 0.05555555555555555 0.027083333333333334 0.022222222222222223
1 0.06354166666666666 0.04722222222222222 0.0020833333333333333 0.005555555555555556
1 0.036458333333333336 0.058333333333333334 0.027083333333333334 0.027777777777777776
1 0.5302083333333333 0.04583333333333333 0.00625 0.008333333333333333
1 0.490625 0.06666666666666667 0.027083333333333334 0.05
1 0.409375 0.043055555555555555 0.0020833333333333333 0.002777777777777778
1 0.09791666666666667 0.04861111111111111 0.008333333333333333 0.013888888888888888
1 0.08020833333333334 0.041666666666666664 0.0020833333333333333 0.005555555555555556
1 0.7583333333333333 0.04722222222222222 0.020833333333333332 0.022222222222222223
1 0.359375 0.0375 0.0020833333333333333 0.002777777777777778
1 0.075 0.0375 0.004166666666666667 0.002777777777777778
1 0.06979166666666667 0.03888888888888889 0.0020833333333333333 0.005555555555555556
1 0.4114583333333333 0.034722222222222224 0.0020833333333333333 0.002777777777777778
1 0.384375 0.03611111111111111 0.0020833333333333333 0.005555555555555556
1 0.084375 0.034722222222222224 0.0020833333333333333 0.002777777777777778
1 0.9625 0.04722222222222222 0.020833333333333332 0.03333333333333333
1 0.16979166666666667 0.03333333333333333 0.00625 0.005555555555555556
1 0.028125 0.034722222222222224 0.0020833333333333333 0.008333333333333333
1 0.415625 0.029166666666666667 0.0020833333333333333 0.002777777777777778
1 0.128125 0.029166666666666667 0.0020833333333333333 0.002777777777777778
1 0.005208333333333333 0.0375 0.010416666666666666 0.019444444444444445
1 0.29583333333333334 0.02638888888888889 0.004166666666666667 0.002777777777777778
1 0.115625 0.02638888888888889 0.0020833333333333333 0.002777777777777778
1 0.7010416666666667 0.043055555555555555 0.027083333333333334 0.041666666666666664
1 0.47604166666666664 0.02361111111111111 0.0020833333333333333 0.002777777777777778
1 0.12604166666666666 0.02361111111111111 0.0020833333333333333 0.002777777777777778
1 0.11979166666666667 0.02361111111111111 0.0020833333333333333 0.002777777777777778
1 0.003125 0.02361111111111111 0.0020833333333333333 0.002777777777777778
1 0.13854166666666667 0.020833333333333332 0.0020833333333333333 0.002777777777777778
1 0.1125 0.020833333333333332 0.004166666666666667 0.002777777777777778
1 0.015625 0.03194444444444444 0.010416666666666666 0.025
1 0.121875 0.018055555555555554 0.0020833333333333333 0.002777777777777778
1 0.026041666666666668 0.018055555555555554 0.0020833333333333333 0.002777777777777778
1 0.428125 0.015277777777777777 0.0020833333333333333 0.002777777777777778
1 0.11041666666666666 0.013888888888888888 0.004166666666666667 0.005555555555555556
1 0.022916666666666665 0.0125 0.004166666666666667 0.002777777777777778
1 0.016666666666666666 0.013888888888888888 0.004166666666666667 0.005555555555555556
1 0.13645833333333332 0.009722222222222222 0.0020833333333333333 0.002777777777777778
1 0.4635416666666667 0.006944444444444444 0.0020833333333333333 0.002777777777777778
1 0.011458333333333333 0.006944444444444444 0.0020833333333333333 0.002777777777777778
1 0.008333333333333333 0.013888888888888888 0.008333333333333333 0.016666666666666666
1 0.140625 0.004166666666666667 0.0020833333333333333 0.002777777777777778
1 0.4427083333333333 0.06666666666666667 0.07708333333333334 0.13333333333333333
1 0.33229166666666665 0.04027777777777778 0.04791666666666667 0.08055555555555556
1 0.24479166666666666 0.3888888888888889 0.4895833333333333 0.7777777777777778
1 0.15104166666666666 0.006944444444444444 0.00625 0.013888888888888888
1 0.06458333333333334 0.022222222222222223 0.09166666666666666 0.044444444444444446
1 0.013541666666666667 0.001388888888888889 0.00625 0.002777777777777778
1 0.007291666666666667 0.001388888888888889 0.0020833333333333333 0.002777777777777778
2 0.09583333333333334 0.9972222222222222 0.004166666666666667 0.005555555555555556
2 0.09270833333333334 0.9875 0.0020833333333333333 0.002777777777777778
2 0.06354166666666666 0.9902777777777778 0.00625 0.008333333333333333
2 0.06354166666666666 0.9833333333333333 0.00625 0.005555555555555556
2 0.08020833333333334 0.9736111111111111 0.022916666666666665 0.013888888888888888
2 0.9239583333333333 0.9513888888888888 0.0020833333333333333 0.002777777777777778
2 0.06041666666666667 0.9527777777777777 0.0125 0.011111111111111112
2 0.057291666666666664 0.9472222222222222 0.0020833333333333333 0.005555555555555556
2 0.020833333333333332 0.9458333333333333 0.004166666666666667 0.002777777777777778
2 0.042708333333333334 0.9513888888888888 0.022916666666666665 0.025
2 0.025 0.9402777777777778 0.004166666666666667 0.002777777777777778
2 0.052083333333333336 0.9388888888888889 0.004166666666666667 0.005555555555555556
2 0.03333333333333333 0.9472222222222222 0.016666666666666666 0.022222222222222223
2 0.8770833333333333 0.9583333333333334 0.058333333333333334 0.05
2 0.023958333333333335 0.9347222222222222 0.0020833333333333333 0.002777777777777778
2 0.07604166666666666 0.9319444444444445 0.01875 0.019444444444444445
2 0.059375 0.9277777777777778 0.01875 0.011111111111111112
2 0.03958333333333333 0.9222222222222223 0.004166666666666667 0.005555555555555556
2 0.04583333333333333 0.9180555555555555 0.004166666666666667 0.002777777777777778
2 0.040625 0.9152777777777777 0.0020833333333333333 0.002777777777777778
2 0.065625 0.9125 0.0020833333333333333 0.002777777777777778
2 0.8322916666666667 0.8986111111111111 0.0020833333333333333 0.002777777777777778
2 0.825 0.8986111111111111 0.004166666666666667 0.002777777777777778
2 0.06770833333333333 0.8986111111111111 0.0020833333333333333 0.002777777777777778
2 0.08020833333333334 0.8958333333333334 0.0020833333333333333 0.002777777777777778
2 0.05625 0.8958333333333334 0.004166666666666667 0.002777777777777778
2 0.8135416666666667 0.8902777777777777 0.0020833333333333333 0.002777777777777778
2 0.08854166666666667 0.8902777777777777 0.0020833333333333333 0.002777777777777778
2 0.026041666666666668 0.8902777777777777 0.0020833333333333333 0.002777777777777778
2 0.03333333333333333 0.8875 0.004166666666666667 0.002777777777777778
2 0.109375 0.8819444444444444 0.0020833333333333333 0.002777777777777778
2 0.084375 0.8819444444444444 0.0020833333333333333 0.002777777777777778
2 0.07291666666666667 0.8861111111111111 0.0125 0.011111111111111112
2 0.041666666666666664 0.9 0.03333333333333333 0.044444444444444446
2 0.04479166666666667 0.8763888888888889 0.0020833333333333333 0.002777777777777778
2 0.9583333333333334 0.9361111111111111 0.08333333333333333 0.12777777777777777
2 0.7947916666666667 0.875 0.01875 0.011111111111111112
2 0.06145833333333333 0.8708333333333333 0.0020833333333333333 0.002777777777777778
2 0.078125 0.8680555555555556 0.027083333333333334 0.019444444444444445
2 0.08854166666666667 0.8541666666666666 0.0020833333333333333 0.002777777777777778
2 0.0625 0.8513888888888889 0.008333333333333333 0.008333333333333333
2 0.08645833333333333 0.8458333333333333 0.0020833333333333333 0.002777777777777778
2 0.9322916666666666 0.8180555555555555 0.0020833333333333333 0.002777777777777778
2 0.12291666666666666 0.8430555555555556 0.04583333333333333 0.06388888888888888
2 0.004166666666666667 0.8055555555555556 0.008333333333333333 0.022222222222222223
2 0.8625 0.8402777777777778 0.07916666666666666 0.10277777777777777
2 0.921875 0.7958333333333333 0.022916666666666665 0.041666666666666664
2 0.98125 0.7930555555555555 0.0375 0.041666666666666664
2 0.965625 0.7680555555555556 0.0020833333333333333 0.002777777777777778
2 0.042708333333333334 0.7652777777777777 0.0020833333333333333 0.002777777777777778
2 0.03125 0.7583333333333333 0.004166666666666667 0.005555555555555556
2 0.028125 0.7513888888888889 0.0020833333333333333 0.002777777777777778
2 0.15520833333333334 0.7486111111111111 0.0020833333333333333 0.002777777777777778
2 0.14270833333333333 0.7513888888888889 0.010416666666666666 0.008333333333333333
2 0.13229166666666667 0.7486111111111111 0.0020833333333333333 0.002777777777777778
2 0.9989583333333333 0.7458333333333333 0.0020833333333333333 0.002777777777777778
2 0.042708333333333334 0.7388888888888889 0.0020833333333333333 0.005555555555555556
2 0.8729166666666667 0.7333333333333333 0.004166666666666667 0.005555555555555556
2 0.896875 0.7291666666666666 0.01875 0.008333333333333333
2 0.18854166666666666 0.7236111111111111 0.0020833333333333333 0.002777777777777778
2 0.165625 0.7180555555555556 0.0020833333333333333 0.002777777777777778
2 0.2947916666666667 0.7152777777777778 0.0020833333333333333 0.002777777777777778
2 0.190625 0.7166666666666667 0.0020833333333333333 0.005555555555555556
2 0.975 0.7388888888888889 0.05 0.05555555555555555
2 0.30104166666666665 0.7138888888888889 0.00625 0.005555555555555556
2 0.20208333333333334 0.7180555555555556 0.0125 0.013888888888888888
2 0.284375 0.7125 0.00625 0.008333333333333333
2 0.18645833333333334 0.7125 0.0020833333333333333 0.008333333333333333
2 0.278125 0.7069444444444445 0.0020833333333333333 0.002777777777777778
2 0.19375 0.7083333333333334 0.004166666666666667 0.005555555555555556
2 0.175 0.7138888888888889 0.0125 0.016666666666666666
2 0.146875 0.7069444444444445 0.0020833333333333333 0.008333333333333333
2 0.05520833333333333 0.7041666666666667 0.0020833333333333333 0.002777777777777778
2 0.303125 0.7013888888888888 0.0020833333333333333 0.002777777777777778
2 0.18645833333333334 0.7013888888888888 0.0020833333333333333 0.002777777777777778
2 0.011458333333333333 0.7013888888888888 0.0020833333333333333 0.002777777777777778
2 0.19791666666666666 0.6972222222222222 0.008333333333333333 0.005555555555555556
2 0.153125 0.6972222222222222 0.0020833333333333333 0.005555555555555556
2 0.209375 0.6930555555555555 0.0020833333333333333 0.002777777777777778
2 0.8760416666666667 0.6819444444444445 0.0020833333333333333 0.002777777777777778
2 0.16875 0.6958333333333333 0.0125 0.030555555555555555
2 0.775 0.7152777777777778 0.016666666666666666 0.08055555555555556
2 0.29791666666666666 0.6763888888888889 0.0125 0.008333333333333333
2 0.31145833333333334 0.6944444444444444 0.014583333333333334 0.05555555555555555
2 0.0010416666666666667 0.6652777777777777 0.0020833333333333333 0.002777777777777778
2 0.19479166666666667 0.6597222222222222 0.0020833333333333333 0.002777777777777778
2 0.27395833333333336 0.6569444444444444 0.0020833333333333333 0.002777777777777778
2 0.8864583333333333 0.6541666666666667 0.0020833333333333333 0.002777777777777778
2 0.06354166666666666 0.6416666666666667 0.00625 0.005555555555555556
2 0.22708333333333333 0.6375 0.004166666666666667 0.002777777777777778
2 0.026041666666666668 0.6958333333333333 0.052083333333333336 0.11944444444444445
2 0.003125 0.6444444444444445 0.00625 0.016666666666666666
2 0.051041666666666666 0.6402777777777777 0.010416666666666666 0.013888888888888888
2 0.0010416666666666667 0.6319444444444444 0.0020833333333333333 0.002777777777777778
2 0.05625 0.6291666666666667 0.004166666666666667 0.002777777777777778
2 0.2604166666666667 0.6263888888888889 0.004166666666666667 0.002777777777777778
2 0.25833333333333336 0.6708333333333333 0.0875 0.09166666666666666
2 0.24479166666666666 0.6277777777777778 0.00625 0.005555555555555556
2 0.04895833333333333 0.6263888888888889 0.0020833333333333333 0.002777777777777778
2 0.8052083333333333 0.6263888888888889 0.0020833333333333333 0.008333333333333333
2 0.7666666666666667 0.6277777777777778 0.004166666666666667 0.011111111111111112
2 0.5166666666666667 0.6236111111111111 0.004166666666666667 0.002777777777777778
2 0.26145833333333335 0.6208333333333333 0.0020833333333333333 0.002777777777777778
2 0.2552083333333333 0.6208333333333333 0.0020833333333333333 0.002777777777777778
2 0.784375 0.6152777777777778 0.0020833333333333333 0.002777777777777778
2 0.23854166666666668 0.6166666666666667 0.0020833333333333333 0.011111111111111112
2 0.153125 0.6125 0.0020833333333333333 0.002777777777777778
2 0.9239583333333333 0.6138888888888889 0.00625 0.011111111111111112
2 0.884375 0.6097222222222223 0.0020833333333333333 0.002777777777777778
2 0.7822916666666667 0.6097222222222223 0.0020833333333333333 0.002777777777777778
2 0.159375 0.6069444444444444 0.0020833333333333333 0.002777777777777778
2 0.5364583333333334 0.6013888888888889 0.0020833333333333333 0.008333333333333333
2 0.13958333333333334 0.5986111111111111 0.004166666666666667 0.002777777777777778
2 0.7739583333333333 0.5972222222222222 0.00625 0.005555555555555556
2 0.8854166666666666 0.6 0.016666666666666666 0.016666666666666666
2 0.81875 0.5986111111111111 0.004166666666666667 0.013888888888888888
2 0.8947916666666667 0.5902777777777778 0.0020833333333333333 0.002777777777777778
2 0.153125 0.5916666666666667 0.00625 0.016666666666666666
2 0.5510416666666667 0.5819444444444445 0.0020833333333333333 0.002777777777777778
2 0.16145833333333334 0.5819444444444445 0.0020833333333333333 0.002777777777777778
2 0.13645833333333332 0.5847222222222223 0.00625 0.008333333333333333
2 0.8302083333333333 0.7055555555555556 0.12291666666666666 0.25555555555555554
2 0.384375 0.5861111111111111 0.03958333333333333 0.016666666666666666
2 0.153125 0.5791666666666667 0.0020833333333333333 0.002777777777777778
2 0.14375 0.5847222222222223 0.004166666666666667 0.019444444444444445
2 0.13645833333333332 0.5763888888888888 0.0020833333333333333 0.002777777777777778
2 0.8427083333333333 0.5708333333333333 0.0020833333333333333 0.002777777777777778
2 0.13854166666666667 0.5708333333333333 0.0020833333333333333 0.002777777777777778
2 0.46875 0.5694444444444444 0.004166666666666667 0.005555555555555556
2 0.15104166666666666 0.5680555555555555 0.0020833333333333333 0.002777777777777778
2 0.8197916666666667 0.5652777777777778 0.0020833333333333333 0.002777777777777778
2 0.46979166666666666 0.5625 0.0020833333333333333 0.002777777777777778
2 0.15520833333333334 0.5597222222222222 0.0020833333333333333 0.002777777777777778
2 0.8697916666666666 0.5791666666666667 0.04791666666666667 0.04722222222222222
2 0.4739583333333333 0.5569444444444445 0.0020833333333333333 0.002777777777777778
2 0.8677083333333333 0.5555555555555556 0.0020833333333333333 0.005555555555555556
2 0.7645833333333333 0.5763888888888888 0.025 0.04722222222222222
2 0.578125 0.5541666666666667 0.0020833333333333333 0.002777777777777778
2 0.1625 0.5569444444444445 0.008333333333333333 0.008333333333333333
2 0.15416666666666667 0.5541666666666667 0.004166666666666667 0.002777777777777778
2 0.14895833333333333 0.5541666666666667 0.0020833333333333333 0.002777777777777778
2 0.8614583333333333 0.5513888888888889 0.0020833333333333333 0.002777777777777778
2 0.16458333333333333 0.5513888888888889 0.004166666666666667 0.002777777777777778
2 0.96875 0.5486111111111112 0.004166666666666667 0.002777777777777778
2 0.9020833333333333 0.5486111111111112 0.004166666666666667 0.002777777777777778
2 0.8572916666666667 0.5486111111111112 0.0020833333333333333 0.002777777777777778
2 0.9104166666666667 0.5513888888888889 0.008333333333333333 0.013888888888888888
2 0.7739583333333333 0.5458333333333333 0.0020833333333333333 0.002777777777777778
2 0.15416666666666667 0.5458333333333333 0.004166666666666667 0.002777777777777778
2 0.765625 0.5486111111111112 0.00625 0.013888888888888888
2 0.75 0.5472222222222223 0.004166666666666667 0.011111111111111112
2 0.7958333333333333 0.5402777777777777 0.004166666666666667 0.002777777777777778
2 0.3729166666666667 0.5569444444444445 0.020833333333333332 0.03611111111111111
2 0.5104166666666666 0.5458333333333333 0.004166666666666667 0.019444444444444445
2 0.15625 0.5388888888888889 0.004166666666666667 0.005555555555555556
2 0.8604166666666667 0.5430555555555555 0.0625 0.019444444444444445
2 0.7760416666666666 0.5416666666666666 0.010416666666666666 0.016666666666666666
2 0.59375 0.5375 0.004166666666666667 0.008333333333333333
2 0.16145833333333334 0.5347222222222222 0.0020833333333333333 0.002777777777777778
2 0.7927083333333333 0.5333333333333333 0.00625 0.005555555555555556
2 0.8072916666666666 0.5305555555555556 0.0020833333333333333 0.005555555555555556
2 0.784375 0.5291666666666667 0.00625 0.002777777777777778
2 0.7583333333333333 0.5319444444444444 0.004166666666666667 0.008333333333333333
2 0.5635416666666667 0.5291666666666667 0.0020833333333333333 0.002777777777777778
2 0.721875 0.5305555555555556 0.00625 0.011111111111111112
2 0.5520833333333334 0.5361111111111111 0.0125 0.027777777777777776
2 0.5145833333333333 0.5277777777777778 0.004166666666666667 0.011111111111111112
2 0.715625 0.5208333333333334 0.0020833333333333333 0.002777777777777778
2 0.7739583333333333 0.5208333333333334 0.010416666666666666 0.008333333333333333
2 0.7395833333333334 0.5291666666666667 0.0125 0.025
2 0.115625 0.5180555555555556 0.0020833333333333333 0.002777777777777778
2 0.715625 0.5152777777777777 0.0020833333333333333 0.002777777777777778
2 0.9666666666666667 0.5069444444444444 0.004166666666666667 0.002777777777777778
2 0.18229166666666666 0.5083333333333333 0.00625 0.005555555555555556
2 0.796875 0.5138888888888888 0.022916666666666665 0.022222222222222223
2 0.7072916666666667 0.5041666666666667 0.0020833333333333333 0.002777777777777778
2 0.6895833333333333 0.5083333333333333 0.0125 0.011111111111111112
2 0.6447916666666667 0.5041666666666667 0.0020833333333333333 0.002777777777777778
2 0.7885416666666667 0.5041666666666667 0.010416666666666666 0.008333333333333333
2 0.6583333333333333 0.5013888888888889 0.004166666666666667 0.002777777777777778
2 0.6385416666666667 0.5013888888888889 0.00625 0.002777777777777778
2 0.20208333333333334 0.5013888888888889 0.004166666666666667 0.002777777777777778
2 0.15416666666666667 0.5013888888888889 0.004166666666666667 0.002777777777777778
2 0.96875 0.5 0.004166666666666667 0.005555555555555556
2 0.9541666666666667 0.5 0.008333333333333333 0.005555555555555556
2 0.9447916666666667 0.4986111111111111 0.00625 0.002777777777777778
2 0.7239583333333334 0.49583333333333335 0.0020833333333333333 0.002777777777777778
2 0.17395833333333333 0.5013888888888889 0.035416666666666666 0.019444444444444445
2 0.8229166666666666 0.49027777777777776 0.004166666666666667 0.002777777777777778
2 0.7958333333333333 0.4930555555555556 0.004166666666666667 0.008333333333333333
2 0.7802083333333333 0.4986111111111111 0.0020833333333333333 0.019444444444444445
2 0.6239583333333333 0.4930555555555556 0.0020833333333333333 0.008333333333333333
2 0.041666666666666664 0.49166666666666664 0.004166666666666667 0.005555555555555556
2 0.68125 0.4875 0.008333333333333333 0.002777777777777778
2 0.8197916666666667 0.4847222222222222 0.0020833333333333333 0.002777777777777778
2 0.778125 0.4847222222222222 0.0020833333333333333 0.002777777777777778
2 0.5302083333333333 0.5027777777777778 0.01875 0.044444444444444446
2 0.821875 0.4791666666666667 0.0020833333333333333 0.002777777777777778
2 0.090625 0.4791666666666667 0.0020833333333333333 0.002777777777777778
2 0.734375 0.47638888888888886 0.0020833333333333333 0.002777777777777778
2 0.328125 0.47638888888888886 0.0020833333333333333 0.002777777777777778
2 0.1 0.4777777777777778 0.004166666666666667 0.005555555555555556
2 0.0375 0.48055555555555557 0.004166666666666667 0.011111111111111112
2 0.084375 0.4708333333333333 0.0020833333333333333 0.002777777777777778
2 0.07395833333333333 0.47638888888888886 0.014583333333333334 0.013888888888888888
2 0.903125 0.5 0.05625 0.06666666666666667
2 0.12916666666666668 0.4791666666666667 0.04583333333333333 0.025
2 0.07395833333333333 0.46805555555555556 0.0020833333333333333 0.008333333333333333
2 0.6583333333333333 0.48333333333333334 0.07083333333333333 0.05555555555555555
2 0.14791666666666667 0.4583333333333333 0.004166666666666667 0.005555555555555556
2 0.084375 0.45694444444444443 0.0020833333333333333 0.002777777777777778
2 0.07708333333333334 0.45416666666666666 0.004166666666666667 0.002777777777777778
2 0.06770833333333333 0.45416666666666666 0.0020833333333333333 0.002777777777777778
2 0.7729166666666667 0.4513888888888889 0.004166666666666667 0.002777777777777778
2 0.7072916666666667 0.4527777777777778 0.010416666666666666 0.005555555555555556
2 0.85625 0.45 0.004166666666666667 0.005555555555555556
2 0.7104166666666667 0.4486111111111111 0.004166666666666667 0.002777777777777778
2 0.071875 0.4486111111111111 0.0020833333333333333 0.002777777777777778
2 0.9010416666666666 0.45 0.00625 0.011111111111111112
2 0.646875 0.44583333333333336 0.0020833333333333333 0.002777777777777778
2 0.6489583333333333 0.4375 0.0020833333333333333 0.002777777777777778
2 0.49583333333333335 0.4375 0.004166666666666667 0.002777777777777778
2 0.051041666666666666 0.4375 0.0020833333333333333 0.002777777777777778
2 0.8708333333333333 0.43194444444444446 0.004166666666666667 0.002777777777777778
2 0.5052083333333334 0.4361111111111111 0.00625 0.011111111111111112
2 0.8552083333333333 0.4708333333333333 0.08541666666666667 0.08611111111111111
2 0.7864583333333334 0.4361111111111111 0.010416666666666666 0.016666666666666666
2 0.7760416666666666 0.43194444444444446 0.0020833333333333333 0.008333333333333333
2 0.8260416666666667 0.42916666666666664 0.010416666666666666 0.008333333333333333
2 0.8833333333333333 0.425 0.004166666666666667 0.005555555555555556
2 0.7802083333333333 0.4236111111111111 0.0020833333333333333 0.002777777777777778
2 0.7677083333333333 0.4236111111111111 0.00625 0.002777777777777778
2 0.4427083333333333 0.4236111111111111 0.0020833333333333333 0.002777777777777778
2 0.775 0.4222222222222222 0.004166666666666667 0.005555555555555556
2 0.6572916666666667 0.42083333333333334 0.0020833333333333333 0.002777777777777778
2 0.7572916666666667 0.41805555555555557 0.0020833333333333333 0.002777777777777778
2 0.4635416666666667 0.4166666666666667 0.0020833333333333333 0.005555555555555556
2 0.4552083333333333 0.4125 0.0020833333333333333 0.002777777777777778
2 0.008333333333333333 0.4097222222222222 0.004166666666666667 0.002777777777777778
2 0.0020833333333333333 0.4125 0.004166666666666667 0.008333333333333333
2 0.8322916666666667 0.40694444444444444 0.0020833333333333333 0.002777777777777778
2 0.828125 0.40694444444444444 0.0020833333333333333 0.002777777777777778
2 0.6958333333333333 0.4097222222222222 0.004166666666666667 0.008333333333333333
2 0.7833333333333333 0.4097222222222222 0.008333333333333333 0.013888888888888888
2 0.7416666666666667 0.4625 0.0625 0.125
2 0.709375 0.3972222222222222 0.00625 0.005555555555555556
2 0.7020833333333333 0.3972222222222222 0.004166666666666667 0.005555555555555556
2 0.840625 0.38472222222222224 0.0020833333333333333 0.002777777777777778
2 0.6916666666666667 0.4388888888888889 0.08333333333333333 0.11666666666666667
2 0.6291666666666667 0.38472222222222224 0.025 0.030555555555555555
2 0.5697916666666667 0.41805555555555557 0.06041666666666667 0.125
2 0.56875 0.35833333333333334 0.004166666666666667 0.005555555555555556
2 0.9291666666666667 0.3527777777777778 0.008333333333333333 0.005555555555555556
2 0.6135416666666667 0.3486111111111111 0.0020833333333333333 0.002777777777777778
2 0.6239583333333333 0.3458333333333333 0.0020833333333333333 0.002777777777777778
2 0.60625 0.3416666666666667 0.004166666666666667 0.005555555555555556
2 0.6114583333333333 0.3375 0.0020833333333333333 0.002777777777777778
2 0.6177083333333333 0.33611111111111114 0.00625 0.005555555555555556
2 0.478125 0.3347222222222222 0.0020833333333333333 0.002777777777777778
2 0.6229166666666667 0.33194444444444443 0.004166666666666667 0.002777777777777778
2 0.6291666666666667 0.325 0.020833333333333332 0.011111111111111112
2 0.8052083333333333 0.3125 0.00625 0.002777777777777778
2 0.7697916666666667 0.30972222222222223 0.0020833333333333333 0.002777777777777778
2 0.796875 0.30416666666666664 0.0020833333333333333 0.002777777777777778
2 0.80625 0.30277777777777776 0.0125 0.005555555555555556
2 0.7760416666666666 0.3013888888888889 0.0020833333333333333 0.002777777777777778
2 0.65625 0.3194444444444444 0.041666666666666664 0.03888888888888889
2 0.878125 0.2875 0.0020833333333333333 0.002777777777777778
2 0.8947916666666667 0.2763888888888889 0.0020833333333333333 0.002777777777777778
2 0.8145833333333333 0.33611111111111114 0.225 0.12777777777777777
2 0.8364583333333333 0.2708333333333333 0.0020833333333333333 0.002777777777777778
2 0.6947916666666667 0.28055555555555556 0.03958333333333333 0.027777777777777776
2 0.896875 0.2569444444444444 0.0020833333333333333 0.002777777777777778
2 0.7697916666666667 0.25 0.0020833333333333333 0.005555555555555556
2 0.6645833333333333 0.24861111111111112 0.004166666666666667 0.002777777777777778
2 0.5302083333333333 0.24583333333333332 0.0020833333333333333 0.002777777777777778
2 0.7802083333333333 0.2375 0.0020833333333333333 0.002777777777777778
2 0.759375 0.23472222222222222 0.0020833333333333333 0.002777777777777778
2 0.978125 0.22916666666666666 0.014583333333333334 0.013888888888888888
2 0.7489583333333333 0.225 0.0020833333333333333 0.005555555555555556
2 0.7385416666666667 0.2222222222222222 0.00625 0.011111111111111112
2 0.734375 0.21805555555555556 0.0020833333333333333 0.002777777777777778
2 0.628125 0.25555555555555554 0.052083333333333336 0.07777777777777778
2 0.8135416666666667 0.2152777777777778 0.0020833333333333333 0.002777777777777778
2 0.603125 0.2152777777777778 0.0020833333333333333 0.002777777777777778
2 0.8135416666666667 0.20972222222222223 0.0020833333333333333 0.002777777777777778
2 0.6864583333333333 0.20972222222222223 0.0020833333333333333 0.002777777777777778
2 0.7 0.20555555555555555 0.03333333333333333 0.03888888888888889
2 0.7010416666666667 0.18333333333333332 0.0020833333333333333 0.005555555555555556
2 0.565625 0.18194444444444444 0.0020833333333333333 0.002777777777777778
2 0.8229166666666666 0.18194444444444444 0.008333333333333333 0.008333333333333333
2 0.5614583333333333 0.17916666666666667 0.0020833333333333333 0.002777777777777778
2 0.9052083333333333 0.1763888888888889 0.0020833333333333333 0.002777777777777778
2 0.225 0.175 0.004166666666666667 0.005555555555555556
2 0.8885416666666667 0.1736111111111111 0.010416666666666666 0.008333333333333333
2 0.8802083333333334 0.17083333333333334 0.0020833333333333333 0.002777777777777778
2 0.5541666666666667 0.18194444444444444 0.025 0.025
2 0.5270833333333333 0.16527777777777777 0.004166666666666667 0.002777777777777778
2 0.9052083333333333 0.16527777777777777 0.00625 0.008333333333333333
2 0.8708333333333333 0.16111111111111112 0.008333333333333333 0.011111111111111112
2 0.6666666666666666 0.15833333333333333 0.016666666666666666 0.011111111111111112
2 0.578125 0.15138888888888888 0.0020833333333333333 0.002777777777777778
2 0.6552083333333333 0.1486111111111111 0.0020833333333333333 0.002777777777777778
2 0.6125 0.16111111111111112 0.025 0.027777777777777776
2 0.8510416666666667 0.15138888888888888 0.022916666666666665 0.019444444444444445
2 0.6677083333333333 0.14583333333333334 0.01875 0.013888888888888888
2 0.43645833333333334 0.13472222222222222 0.0020833333333333333 0.002777777777777778
2 0.425 0.1361111111111111 0.004166666666666667 0.005555555555555556
2 0.89375 0.14166666666666666 0.016666666666666666 0.027777777777777776
2 0.43854166666666666 0.12916666666666668 0.0020833333333333333 0.002777777777777778
2 0.33125 0.12916666666666668 0.004166666666666667 0.002777777777777778
2 0.9125 0.12777777777777777 0.008333333333333333 0.005555555555555556
2 0.7479166666666667 0.13055555555555556 0.004166666666666667 0.011111111111111112
2 0.6979166666666666 0.12638888888888888 0.004166666666666667 0.008333333333333333
2 0.746875 0.12083333333333333 0.0020833333333333333 0.002777777777777778
2 0.8020833333333334 0.19305555555555556 0.13333333333333333 0.1527777777777778
2 0.44479166666666664 0.12361111111111112 0.00625 0.013888888888888888
2 0.24583333333333332 0.12222222222222222 0.008333333333333333 0.011111111111111112
2 0.4552083333333333 0.1125 0.0020833333333333333 0.002777777777777778
2 0.3333333333333333 0.11805555555555555 0.0125 0.013888888888888888
2 0.23229166666666667 0.11666666666666667 0.010416666666666666 0.011111111111111112
2 0.17604166666666668 0.11805555555555555 0.035416666666666666 0.013888888888888888
2 0.5927083333333333 0.10972222222222222 0.0020833333333333333 0.002777777777777778
2 0.20729166666666668 0.11388888888888889 0.022916666666666665 0.022222222222222223
2 0.19479166666666667 0.10416666666666667 0.0020833333333333333 0.002777777777777778
2 0.6895833333333333 0.1 0.004166666666666667 0.005555555555555556
2 0.6510416666666666 0.09861111111111111 0.0020833333333333333 0.002777777777777778
2 0.16458333333333333 0.09305555555555556 0.004166666666666667 0.002777777777777778
2 0.11875 0.09305555555555556 0.008333333333333333 0.008333333333333333
2 0.8208333333333333 0.09305555555555556 0.016666666666666666 0.019444444444444445
2 0.3458333333333333 0.08611111111111111 0.004166666666666667 0.005555555555555556
2 0.165625 0.08472222222222223 0.0020833333333333333 0.002777777777777778
2 0.8697916666666666 0.10416666666666667 0.07291666666666667 0.04722222222222222
2 0.440625 0.10416666666666667 0.027083333333333334 0.05277777777777778
2 0.15729166666666666 0.07916666666666666 0.0020833333333333333 0.002777777777777778
2 0.23541666666666666 0.08055555555555556 0.004166666666666667 0.011111111111111112
2 0.153125 0.0763888888888889 0.0020833333333333333 0.002777777777777778
2 0.5927083333333333 0.07361111111111111 0.0020833333333333333 0.002777777777777778
2 0.609375 0.07083333333333333 0.0020833333333333333 0.002777777777777778
2 0.4322916666666667 0.07222222222222222 0.00625 0.005555555555555556
2 0.8083333333333333 0.07083333333333333 0.008333333333333333 0.008333333333333333
2 0.7927083333333333 0.06527777777777778 0.0020833333333333333 0.002777777777777778
2 0.6114583333333333 0.0625 0.0020833333333333333 0.002777777777777778
2 0.25 0.06527777777777778 0.008333333333333333 0.008333333333333333
2 0.07708333333333334 0.0625 0.008333333333333333 0.002777777777777778
2 0.011458333333333333 0.05416666666666667 0.0020833333333333333 0.002777777777777778
2 0.6239583333333333 0.04861111111111111 0.0020833333333333333 0.002777777777777778
2 0.3854166666666667 0.05277777777777778 0.004166666666666667 0.011111111111111112
2 0.55625 0.05555555555555555 0.029166666666666667 0.022222222222222223
2 0.190625 0.04722222222222222 0.00625 0.005555555555555556
2 0.16979166666666667 0.04583333333333333 0.0020833333333333333 0.002777777777777778
2 0.13125 0.04722222222222222 0.004166666666666667 0.005555555555555556
2 0.3770833333333333 0.04583333333333333 0.004166666666666667 0.008333333333333333
2 0.14583333333333334 0.04722222222222222 0.0125 0.011111111111111112
2 0.015625 0.044444444444444446 0.0020833333333333333 0.005555555555555556
2 0.0020833333333333333 0.044444444444444446 0.004166666666666667 0.005555555555555556
2 0.35104166666666664 0.04027777777777778 0.0020833333333333333 0.002777777777777778
2 0.15625 0.041666666666666664 0.008333333333333333 0.005555555555555556
2 0.14583333333333334 0.041666666666666664 0.004166666666666667 0.005555555555555556
2 0.6479166666666667 0.06805555555555555 0.04583333333333333 0.06388888888888888
2 0.359375 0.0375 0.0020833333333333333 0.002777777777777778
2 0.29583333333333334 0.44583333333333336 0.5916666666666667 0.825
2 0.171875 0.034722222222222224 0.0020833333333333333 0.002777777777777778
2 0.9625 0.04722222222222222 0.020833333333333332 0.03333333333333333
2 0.346875 0.03194444444444444 0.00625 0.008333333333333333
2 0.3229166666666667 0.030555555555555555 0.004166666666666667 0.005555555555555556
2 0.33958333333333335 0.029166666666666667 0.004166666666666667 0.008333333333333333
2 0.1625 0.03333333333333333 0.008333333333333333 0.016666666666666666
2 0.08229166666666667 0.02638888888888889 0.0020833333333333333 0.002777777777777778
2 0.734375 0.0763888888888889 0.09375 0.10833333333333334
2 0.11979166666666667 0.02361111111111111 0.0020833333333333333 0.002777777777777778
2 0.40729166666666666 0.020833333333333332 0.0020833333333333333 0.002777777777777778
2 0.2552083333333333 0.020833333333333332 0.0020833333333333333 0.002777777777777778
2 0.016666666666666666 0.03194444444444444 0.008333333333333333 0.025
2 0.31875 0.034722222222222224 0.025 0.03611111111111111
2 0.121875 0.018055555555555554 0.0020833333333333333 0.002777777777777778
2 0.008333333333333333 0.019444444444444445 0.004166666666666667 0.005555555555555556
2 0.2552083333333333 0.015277777777777777 0.0020833333333333333 0.002777777777777778
2 0.32395833333333335 0.0125 0.0020833333333333333 0.002777777777777778
2 0.022916666666666665 0.0125 0.004166666666666667 0.002777777777777778
2 0.016666666666666666 0.013888888888888888 0.004166666666666667 0.005555555555555556
2 0.41458333333333336 0.016666666666666666 0.008333333333333333 0.016666666666666666
2 0.005208333333333333 0.011111111111111112 0.0020833333333333333 0.005555555555555556
2 0.140625 0.004166666666666667 0.0020833333333333333 0.002777777777777778
2 0.021875 0.005555555555555556 0.00625 0.005555555555555556
2 0.321875 0.004166666666666667 0.00625 0.008333333333333333
2 0.31666666666666665 0.0125 0.016666666666666666 0.025
2 0.18020833333333333 0.019444444444444445 0.01875 0.03888888888888889
2 0.153125 0.006944444444444444 0.010416666666666666 0.013888888888888888
2 0.014583333333333334 0.001388888888888889 0.004166666666666667 0.002777777777777778
