0 0.7135416666666666 0.68828125 0.014583333333333334 0.0078125
0 0.7020833333333333 0.684375 0.004166666666666667 0.003125
0 0.671875 0.671875 0.00625 0.003125
0 0.303125 0.65859375 0.0020833333333333333 0.0015625
0 0.6395833333333333 0.6578125 0.004166666666666667 0.003125
0 0.6322916666666667 0.65390625 0.0020833333333333333 0.0015625
0 0.28125 0.6578125 0.0125 0.009375
0 0.28229166666666666 0.65078125 0.0020833333333333333 0.0015625
0 0.6239583333333333 0.64921875 0.022916666666666665 0.0109375
0 0.5791666666666667 0.64375 0.004166666666666667 0.003125
0 0.2833333333333333 0.64453125 0.008333333333333333 0.0046875
0 0.6052083333333333 0.63984375 0.00625 0.0046875
0 0.315625 0.63046875 0.0020833333333333333 0.0015625
0 0.5875 0.63125 0.025 0.00625
0 0.46875 0.628125 0.004166666666666667 0.003125
0 0.41354166666666664 0.62421875 0.0020833333333333333 0.0015625
0 0.596875 0.6203125 0.00625 0.003125
0 0.5875 0.61953125 0.008333333333333333 0.0046875
0 0.30520833333333336 0.62734375 0.03125 0.0328125
0 0.5520833333333334 0.6109375 0.008333333333333333 0.003125
0 0.3385416666666667 0.60859375 0.00625 0.0015625
0 0.34270833333333334 0.6046875 0.00625 0.003125
0 0.16875 0.60625 0.020833333333333332 0.00625
0 0.19479166666666667 0.6015625 0.010416666666666666 0.003125
0 0.5135416666666667 0.60234375 0.035416666666666666 0.0109375
0 0.20104166666666667 0.59609375 0.0020833333333333333 0.0046875
0 0.5552083333333333 0.5921875 0.0020833333333333333 0.003125
0 0.32083333333333336 0.59375 0.029166666666666667 0.021875
0 0.23125 0.59140625 0.020833333333333332 0.0296875
0 0.28020833333333334 0.584375 0.052083333333333336 0.025
0 0.23020833333333332 0.56171875 0.0020833333333333333 0.0015625
0 0.29583333333333334 0.56015625 0.004166666666666667 0.0046875
0 0.19583333333333333 0.56328125 0.020833333333333332 0.0140625
0 0.23020833333333332 0.55703125 0.00625 0.0046875
0 0.440625 0.565625 0.022916666666666665 0.025
0 0.4625 0.5515625 0.008333333333333333 0.003125
0 0.23541666666666666 0.55 0.004166666666666667 0.003125
0 0.18541666666666667 0.5515625 0.025 0.009375
0 0.26979166666666665 0.534375 0.00625 0.003125
0 0.41458333333333336 0.52734375 0.004166666666666667 0.0015625
0 0.27291666666666664 0.5234375 0.008333333333333333 0.003125
0 0.5916666666666667 0.5203125 0.016666666666666666 0.003125
0 0.4479166666666667 0.53125 0.020833333333333332 0.025
0 0.25625 0.5265625 0.016666666666666666 0.021875
0 0.41041666666666665 0.521875 0.0625 0.03125
0 0.28958333333333336 0.503125 0.004166666666666667 0.003125
0 0.5791666666666667 0.50078125 0.008333333333333333 0.0078125
0 0.29791666666666666 0.49609375 0.004166666666666667 0.0046875
0 0.21875 0.51171875 0.04583333333333333 0.0359375
0 0.5375 0.48515625 0.008333333333333333 0.0046875
0 0.234375 0.48984375 0.01875 0.0203125
0 0.5239583333333333 0.478125 0.00625 0.003125
0 0.2989583333333333 0.478125 0.00625 0.00625
0 0.32395833333333335 0.4765625 0.010416666666666666 0.00625
0 0.5114583333333333 0.47578125 0.010416666666666666 0.0078125
0 0.2875 0.47265625 0.004166666666666667 0.0015625
0 0.3020833333333333 0.4640625 0.004166666666666667 0.003125
0 0.49895833333333334 0.4671875 0.010416666666666666 0.0125
0 0.5197916666666667 0.525 0.11875 0.128125
0 0.20104166666666667 0.46171875 0.0020833333333333333 0.0015625
0 0.19895833333333332 0.45859375 0.0020833333333333333 0.0015625
0 0.5010416666666667 0.45703125 0.0020833333333333333 0.0015625
0 0.4635416666666667 0.45234375 0.0020833333333333333 0.0046875
0 0.46770833333333334 0.43984375 0.0020833333333333333 0.0015625
0 0.23020833333333332 0.43515625 0.0020833333333333333 0.0015625
0 0.38333333333333336 0.44765625 0.05 0.0328125
0 0.44583333333333336 0.42421875 0.058333333333333334 0.0359375
0 0.5010416666666667 0.40078125 0.0020833333333333333 0.0015625
0 0.2708333333333333 0.3890625 0.004166666666666667 0.003125
0 0.39375 0.4078125 0.0375 0.04375
0 0.28541666666666665 0.378125 0.008333333333333333 0.003125
0 0.40208333333333335 0.3828125 0.004166666666666667 0.015625
0 0.3927083333333333 0.3703125 0.010416666666666666 0.0125
0 0.17708333333333334 0.34921875 0.04583333333333333 0.0078125
0 0.5083333333333333 0.35703125 0.016666666666666666 0.0359375
0 0.11875 0.3359375 0.004166666666666667 0.003125
0 0.5229166666666667 0.33046875 0.004166666666666667 0.0046875
0 0.5302083333333333 0.321875 0.00625 0.00625
0 0.3645833333333333 0.32265625 0.016666666666666666 0.0109375
0 0.27291666666666664 0.31796875 0.029166666666666667 0.0171875
0 0.38125 0.3125 0.0125 0.009375
0 0.303125 0.303125 0.0020833333333333333 0.003125
0 0.2916666666666667 0.3015625 0.016666666666666666 0.00625
0 0.30625 0.296875 0.004166666666666667 0.003125
0 0.2760416666666667 0.29296875 0.0020833333333333333 0.0015625
0 0.296875 0.29140625 0.0020833333333333333 0.0015625
0 0.2833333333333333 0.2921875 0.004166666666666667 0.003125
0 0.2708333333333333 0.2921875 0.004166666666666667 0.003125
0 0.3020833333333333 0.290625 0.004166666666666667 0.003125
0 0.275 0.2875 0.004166666666666667 0.003125
0 0.2552083333333333 0.28671875 0.0020833333333333333 0.0015625
0 0.2635416666666667 0.28515625 0.0020833333333333333 0.0015625
0 0.565625 0.2921875 0.014583333333333334 0.021875
0 0.284375 0.28046875 0.0020833333333333333 0.0015625
0 0.23854166666666668 0.28671875 0.04791666666666667 0.0265625
0 0.5770833333333333 0.27578125 0.008333333333333333 0.0109375
0 0.5864583333333333 0.2625 0.00625 0.00625
0 0.3458333333333333 0.2609375 0.016666666666666666 0.00625
0 0.3333333333333333 0.25234375 0.0125 0.0046875
0 0.21458333333333332 0.2234375 0.004166666666666667 0.003125
0 0.30416666666666664 0.2265625 0.03333333333333333 0.015625
0 0.20208333333333334 0.22265625 0.016666666666666666 0.0109375
0 0.20104166666666667 0.21328125 0.0020833333333333333 0.0015625
0 0.196875 0.21015625 0.0020833333333333333 0.0015625
0 0.12604166666666666 0.19375 0.03125 0.034375
0 0.290625 0.11328125 0.0020833333333333333 0.0015625
0 0.23333333333333334 0.10703125 0.008333333333333333 0.0109375
0 0.3302083333333333 0.1015625 0.0020833333333333333 0.003125
0 0.290625 0.09453125 0.0020833333333333333 0.0015625
0 0.22291666666666668 0.096875 0.004166666666666667 0.00625
0 0.33229166666666665 0.08828125 0.0020833333333333333 0.0015625
0 0.296875 0.08828125 0.0020833333333333333 0.0015625
0 0.31979166666666664 0.0859375 0.010416666666666666 0.003125
0 0.3229166666666667 0.08203125 0.004166666666666667 0.0015625
0 0.2989583333333333 0.08203125 0.0020833333333333333 0.0046875
0 0.290625 0.08125 0.0020833333333333333 0.003125
0 0.2989583333333333 0.07578125 0.0020833333333333333 0.0015625
0 0.3104166666666667 0.0734375 0.0125 0.003125
0 0.29583333333333334 0.096875 0.07083333333333333 0.078125
0 0.9895833333333334 0.021875 0.020833333333333332 0.04375
0 0.925 0.00546875 0.025 0.0109375
0 0.10104166666666667 0.00390625 0.022916666666666665 0.0078125
1 0.2760416666666667 0.74765625 0.0020833333333333333 0.0015625
1 0.934375 0.72578125 0.0020833333333333333 0.0015625
1 0.2552083333333333 0.740625 0.08541666666666667 0.053125
1 0.271875 0.71328125 0.0020833333333333333 0.0015625
1 0.2604166666666667 0.70078125 0.03333333333333333 0.0203125
1 0.7291666666666666 0.68828125 0.008333333333333333 0.0046875
1 0.6635416666666667 0.67265625 0.00625 0.0046875
1 0.6520833333333333 0.67109375 0.0125 0.0046875
1 0.3645833333333333 0.66484375 0.03333333333333333 0.0171875
1 0.440625 0.64921875 0.0020833333333333333 0.0015625
1 0.2677083333333333 0.64765625 0.0020833333333333333 0.0015625
1 0.3125 0.64765625 0.004166666666666667 0.0046875
1 0.46458333333333335 0.64296875 0.004166666666666667 0.0046875
1 0.3802083333333333 0.6453125 0.00625 0.009375
1 0.47291666666666665 0.63828125 0.004166666666666667 0.0046875
1 0.36354166666666665 0.64453125 0.00625 0.0171875
1 0.6197916666666666 0.63515625 0.0020833333333333333 0.0015625
1 0.5864583333333333 0.640625 0.01875 0.0125
1 0.5697916666666667 0.63515625 0.0020833333333333333 0.0015625
1 0.35 0.646875 0.008333333333333333 0.025
1 0.565625 0.63359375 0.0020833333333333333 0.0015625
1 0.44583333333333336 0.6390625 0.025 0.01875
1 0.47291666666666665 0.63125 0.004166666666666667 0.00625
1 0.571875 0.628125 0.00625 0.003125
1 0.4552083333333333 0.62734375 0.0020833333333333333 0.0015625
1 0.640625 0.62109375 0.0020833333333333333 0.0015625
1 0.6270833333333333 0.6203125 0.008333333333333333 0.003125
1 0.61875 0.62578125 0.03333333333333333 0.0140625
1 0.6114583333333333 0.61953125 0.0020833333333333333 0.0015625
1 0.465625 0.621875 0.00625 0.00625
1 0.45416666666666666 0.61953125 0.004166666666666667 0.0015625
1 0.4479166666666667 0.61953125 0.004166666666666667 0.0015625
1 0.5708333333333333 0.61953125 0.025 0.0109375
1 0.5395833333333333 0.61484375 0.004166666666666667 0.0015625
1 0.384375 0.62265625 0.03125 0.0234375
1 0.359375 0.6171875 0.00625 0.015625
1 0.14895833333333333 0.61015625 0.0020833333333333333 0.0015625
1 0.5572916666666666 0.60703125 0.0020833333333333333 0.0015625
1 0.578125 0.60625 0.0020833333333333333 0.003125
1 0.509375 0.60546875 0.0020833333333333333 0.0015625
1 0.35208333333333336 0.60625 0.004166666666666667 0.003125
1 0.4552083333333333 0.60390625 0.0020833333333333333 0.0015625
1 0.43854166666666666 0.61171875 0.027083333333333334 0.0171875
1 0.36041666666666666 0.60234375 0.008333333333333333 0.0046875
1 0.571875 0.6015625 0.00625 0.00625
1 0.26458333333333334 0.59921875 0.004166666666666667 0.0015625
1 0.14270833333333333 0.5984375 0.0020833333333333333 0.003125
1 0.575 0.59453125 0.004166666666666667 0.0046875
1 0.490625 0.59296875 0.0020833333333333333 0.0015625
1 0.446875 0.59140625 0.0020833333333333333 0.0015625
1 0.15729166666666666 0.58125 0.00625 0.00625
1 0.165625 0.57578125 0.0020833333333333333 0.0015625
1 0.20416666666666666 0.58359375 0.008333333333333333 0.0203125
1 0.196875 0.57421875 0.0020833333333333333 0.0015625
1 0.17083333333333334 0.57421875 0.004166666666666667 0.0015625
1 0.17604166666666668 0.57265625 0.0020833333333333333 0.0015625
1 0.27395833333333336 0.56796875 0.0020833333333333333 0.0015625
1 0.28020833333333334 0.56640625 0.00625 0.0046875
1 0.17916666666666667 0.565625 0.004166666666666667 0.003125
1 0.45729166666666665 0.5625 0.00625 0.009375
1 0.27291666666666664 0.55703125 0.0125 0.0078125
1 0.2760416666666667 0.5515625 0.00625 0.003125
1 0.521875 0.54921875 0.0020833333333333333 0.0015625
1 0.4947916666666667 0.55234375 0.00625 0.0078125
1 0.5197916666666667 0.54453125 0.0020833333333333333 0.0015625
1 0.203125 0.53828125 0.0020833333333333333 0.0015625
1 0.4739583333333333 0.5375 0.010416666666666666 0.00625
1 0.23958333333333334 0.53828125 0.008333333333333333 0.0109375
1 0.17604166666666668 0.5328125 0.0020833333333333333 0.003125
1 0.5677083333333334 0.53046875 0.0020833333333333333 0.0015625
1 0.5739583333333333 0.52734375 0.0020833333333333333 0.0015625
1 0.509375 0.52734375 0.0020833333333333333 0.0015625
1 0.56875 0.5265625 0.004166666666666667 0.003125
1 0.5916666666666667 0.52421875 0.004166666666666667 0.0015625
1 0.6010416666666667 0.52421875 0.00625 0.0046875
1 0.5052083333333334 0.52265625 0.0020833333333333333 0.0015625
1 0.615625 0.52109375 0.03125 0.0078125
1 0.4895833333333333 0.52890625 0.016666666666666666 0.0265625
1 0.1875 0.51796875 0.0125 0.0046875
1 0.559375 0.51640625 0.00625 0.0046875
1 0.484375 0.51171875 0.0020833333333333333 0.0015625
1 0.5854166666666667 0.50859375 0.004166666666666667 0.0015625
1 0.4791666666666667 0.509375 0.004166666666666667 0.003125
1 0.35520833333333335 0.553125 0.17708333333333334 0.09375
1 0.5916666666666667 0.50703125 0.016666666666666666 0.0078125
1 0.484375 0.503125 0.00625 0.003125
1 0.4270833333333333 0.50234375 0.004166666666666667 0.0015625
1 0.5072916666666667 0.50078125 0.0020833333333333333 0.0015625
1 0.2760416666666667 0.51328125 0.052083333333333336 0.0265625
1 0.478125 0.49765625 0.0020833333333333333 0.0015625
1 0.46875 0.503125 0.016666666666666666 0.01875
1 0.4583333333333333 0.4984375 0.008333333333333333 0.009375
1 0.21041666666666667 0.4921875 0.008333333333333333 0.003125
1 0.215625 0.4875 0.0020833333333333333 0.003125
1 0.553125 0.49453125 0.052083333333333336 0.0203125
1 0.4510416666666667 0.48671875 0.01875 0.0046875
1 0.4354166666666667 0.4921875 0.016666666666666666 0.015625
1 0.42291666666666666 0.4875 0.008333333333333333 0.00625
1 0.490625 0.48203125 0.0020833333333333333 0.0015625
1 0.5239583333333333 0.50546875 0.06041666666666667 0.0609375
1 0.5291666666666667 0.475 0.004166666666666667 0.003125
1 0.21666666666666667 0.47578125 0.008333333333333333 0.0046875
1 0.31354166666666666 0.478125 0.014583333333333334 0.0125
1 0.39479166666666665 0.47109375 0.0020833333333333333 0.0015625
1 0.50625 0.46953125 0.004166666666666667 0.0046875
1 0.259375 0.48203125 0.06041666666666667 0.0453125
1 0.48125 0.46484375 0.025 0.0140625
1 0.46979166666666666 0.45546875 0.0020833333333333333 0.0015625
1 0.5145833333333333 0.45625 0.004166666666666667 0.00625
1 0.35520833333333335 0.45234375 0.0020833333333333333 0.0015625
1 0.3625 0.48046875 0.1125 0.0671875
1 0.303125 0.44765625 0.0020833333333333333 0.0015625
1 0.4947916666666667 0.44609375 0.0020833333333333333 0.0015625
1 0.43020833333333336 0.46015625 0.06041666666666667 0.0296875
1 0.32708333333333334 0.4390625 0.008333333333333333 0.00625
1 0.3802083333333333 0.43671875 0.014583333333333334 0.0046875
1 0.30416666666666664 0.42421875 0.004166666666666667 0.0015625
1 0.234375 0.42421875 0.0020833333333333333 0.0015625
1 0.378125 0.4265625 0.027083333333333334 0.0125
1 0.23645833333333333 0.42109375 0.0020833333333333333 0.0015625
1 0.240625 0.41953125 0.0020833333333333333 0.0015625
1 0.21875 0.4328125 0.016666666666666666 0.028125
1 0.5260416666666666 0.41640625 0.00625 0.0015625
1 0.48541666666666666 0.41640625 0.004166666666666667 0.0015625
1 0.265625 0.41484375 0.0020833333333333333 0.0015625
1 0.26145833333333335 0.41328125 0.0020833333333333333 0.0015625
1 0.4822916666666667 0.4125 0.0020833333333333333 0.003125
1 0.46145833333333336 0.40390625 0.0020833333333333333 0.0015625
1 0.31979166666666664 0.40390625 0.0020833333333333333 0.0015625
1 0.496875 0.42890625 0.04791666666666667 0.0546875
1 0.47291666666666665 0.4046875 0.008333333333333333 0.00625
1 0.36875 0.41171875 0.0125 0.0203125
1 0.33958333333333335 0.41171875 0.0375 0.0234375
1 0.31354166666666666 0.39921875 0.0020833333333333333 0.0015625
1 0.321875 0.39765625 0.0020833333333333333 0.0015625
1 0.41875 0.396875 0.008333333333333333 0.00625
1 0.32395833333333335 0.39296875 0.0020833333333333333 0.0015625
1 0.5229166666666667 0.4 0.0125 0.028125
1 0.359375 0.38671875 0.0020833333333333333 0.0015625
1 0.6052083333333333 0.3890625 0.022916666666666665 0.009375
1 0.44583333333333336 0.39453125 0.025 0.0203125
1 0.5302083333333333 0.38359375 0.0020833333333333333 0.0015625
1 0.43125 0.38359375 0.008333333333333333 0.0046875
1 0.37604166666666666 0.38203125 0.0020833333333333333 0.0015625
1 0.26979166666666665 0.38203125 0.0020833333333333333 0.0015625
1 0.31979166666666664 0.38515625 0.010416666666666666 0.0109375
1 0.5052083333333334 0.378125 0.0020833333333333333 0.003125
1 0.38125 0.37890625 0.004166666666666667 0.0046875
1 0.36354166666666665 0.37734375 0.00625 0.0046875
1 0.296875 0.37578125 0.0020833333333333333 0.0015625
1 0.42291666666666666 0.375 0.004166666666666667 0.003125
1 0.38229166666666664 0.37421875 0.0020833333333333333 0.0015625
1 0.565625 0.3734375 0.00625 0.003125
1 0.41770833333333335 0.37265625 0.0020833333333333333 0.0015625
1 0.559375 0.371875 0.00625 0.003125
1 0.38229166666666664 0.3671875 0.0020833333333333333 0.003125
1 0.5791666666666667 0.365625 0.004166666666666667 0.003125
1 0.5552083333333333 0.36640625 0.00625 0.0046875
1 0.534375 0.3703125 0.014583333333333334 0.015625
1 0.28020833333333334 0.36328125 0.0020833333333333333 0.0015625
1 0.27395833333333336 0.36328125 0.00625 0.0046875
1 0.2635416666666667 0.3625 0.00625 0.003125
1 0.5708333333333333 0.36953125 0.0375 0.0265625
1 0.265625 0.35703125 0.0020833333333333333 0.0046875
1 0.5177083333333333 0.35390625 0.0020833333333333333 0.0015625
1 0.4083333333333333 0.36171875 0.016666666666666666 0.0171875
1 0.31145833333333334 0.3546875 0.0020833333333333333 0.003125
1 0.284375 0.35078125 0.0020833333333333333 0.0015625
1 0.528125 0.34765625 0.0020833333333333333 0.0015625
1 0.42916666666666664 0.346875 0.004166666666666667 0.003125
1 0.278125 0.35 0.00625 0.009375
1 0.5239583333333333 0.34453125 0.0020833333333333333 0.0015625
1 0.21979166666666666 0.34453125 0.00625 0.0046875
1 0.4197916666666667 0.33828125 0.0020833333333333333 0.0015625
1 0.3385416666666667 0.340625 0.010416666666666666 0.009375
1 0.41354166666666664 0.33359375 0.0020833333333333333 0.0015625
1 0.340625 0.33359375 0.0020833333333333333 0.0015625
1 0.453125 0.31796875 0.0020833333333333333 0.0015625
1 0.44166666666666665 0.33125 0.0375 0.028125
1 0.4197916666666667 0.3171875 0.00625 0.003125
1 0.4125 0.31484375 0.004166666666666667 0.0015625
1 0.3927083333333333 0.30703125 0.0020833333333333333 0.0015625
1 0.396875 0.303125 0.0020833333333333333 0.003125
1 0.4010416666666667 0.29921875 0.0020833333333333333 0.0015625
1 0.4010416666666667 0.29609375 0.0020833333333333333 0.0015625
1 0.12916666666666668 0.29765625 0.008333333333333333 0.0046875
1 0.40520833333333334 0.29453125 0.0020833333333333333 0.0015625
1 0.540625 0.32734375 0.03958333333333333 0.0734375
1 0.3927083333333333 0.28828125 0.0020833333333333333 0.0015625
1 0.4041666666666667 0.2875 0.004166666666666667 0.003125
1 0.13229166666666667 0.28203125 0.0020833333333333333 0.0015625
1 0.4010416666666667 0.28046875 0.0020833333333333333 0.0015625
1 0.3489583333333333 0.3296875 0.13958333333333334 0.103125
1 0.21666666666666667 0.2796875 0.004166666666666667 0.003125
1 0.16770833333333332 0.27421875 0.0020833333333333333 0.0015625
1 0.3458333333333333 0.27265625 0.004166666666666667 0.0015625
1 0.353125 0.27109375 0.0020833333333333333 0.0015625
1 0.33645833333333336 0.271875 0.00625 0.003125
1 0.165625 0.27109375 0.0020833333333333333 0.0015625
1 0.5864583333333333 0.27265625 0.00625 0.0078125
1 0.37604166666666666 0.27578125 0.03958333333333333 0.0140625
1 0.15208333333333332 0.2703125 0.016666666666666666 0.003125
1 0.13541666666666666 0.2703125 0.008333333333333333 0.00625
1 0.578125 0.26640625 0.0020833333333333333 0.0015625
1 0.35208333333333336 0.253125 0.008333333333333333 0.00625
1 0.38333333333333336 0.25 0.004166666666666667 0.003125
1 0.34479166666666666 0.24921875 0.0020833333333333333 0.0015625
1 0.3385416666666667 0.24765625 0.0020833333333333333 0.0015625
1 0.596875 0.24140625 0.0020833333333333333 0.0015625
1 0.596875 0.2515625 0.022916666666666665 0.028125
1 0.353125 0.23828125 0.0020833333333333333 0.0015625
1 0.325 0.25546875 0.025 0.0390625
1 0.29270833333333335 0.23515625 0.0020833333333333333 0.0015625
1 0.28229166666666666 0.253125 0.052083333333333336 0.046875
1 0.19375 0.28984375 0.14583333333333334 0.1328125
1 0.3614583333333333 0.23515625 0.05625 0.0703125
1 0.14479166666666668 0.19375 0.0020833333333333333 0.003125
1 0.13645833333333332 0.18359375 0.0020833333333333333 0.0015625
1 0.10833333333333334 0.20703125 0.08333333333333333 0.0578125
1 0.21458333333333332 0.2 0.1375 0.05
1 0.16770833333333332 0.175 0.0020833333333333333 0.00625
1 0.16145833333333334 0.16796875 0.0020833333333333333 0.0015625
1 0.346875 0.16640625 0.0020833333333333333 0.0015625
1 0.35208333333333336 0.16484375 0.004166666666666667 0.0015625
1 0.15729166666666666 0.16484375 0.0020833333333333333 0.0015625
1 0.3625 0.16171875 0.008333333333333333 0.0046875
1 0.16770833333333332 0.13359375 0.0020833333333333333 0.0015625
1 0.16666666666666666 0.1296875 0.004166666666666667 0.003125
1 0.2833333333333333 0.1640625 0.20833333333333334 0.103125
1 0.3572916666666667 0.11015625 0.0020833333333333333 0.0015625
1 0.209375 0.10078125 0.00625 0.0078125
1 0.24895833333333334 0.1046875 0.014583333333333334 0.021875
1 0.2125 0.09296875 0.004166666666666667 0.0015625
1 0.24791666666666667 0.08828125 0.004166666666666667 0.0078125
1 0.22604166666666667 0.08046875 0.0020833333333333333 0.0015625
1 0.23645833333333333 0.0734375 0.00625 0.00625
1 0.2520833333333333 0.07109375 0.004166666666666667 0.0046875
1 0.24270833333333333 0.06796875 0.0020833333333333333 0.0015625
1 0.9135416666666667 0.05546875 0.0020833333333333333 0.0015625
1 0.996875 0.05390625 0.0020833333333333333 0.0015625
1 0.9958333333333333 0.04921875 0.008333333333333333 0.0046875
1 0.103125 0.01796875 0.0020833333333333333 0.0015625
1 0.10729166666666666 0.01484375 0.0020833333333333333 0.0015625
1 0.040625 0.009375 0.010416666666666666 0.009375
1 0.9833333333333333 0.0015625 0.008333333333333333 0.003125
1 0.9135416666666667 0.0265625 0.14791666666666667 0.053125
1 0.017708333333333333 0.00078125 0.0020833333333333333 0.0015625
