0 0.5697916666666667 0.48671875 0.00625 0.0046875
0 0.5385416666666667 0.4734375 0.027083333333333334 0.0125
0 0.521875 0.46796875 0.0020833333333333333 0.0015625
0 0.5072916666666667 0.4625 0.01875 0.009375
0 0.44895833333333335 0.4421875 0.035416666666666666 0.009375
0 0.290625 0.43828125 0.014583333333333334 0.0109375
0 0.809375 0.4125 0.014583333333333334 0.009375
0 0.2708333333333333 0.3953125 0.008333333333333333 0.003125
0 0.225 0.39375 0.029166666666666667 0.025
0 0.240625 0.37890625 0.00625 0.0046875
0 0.22604166666666667 0.36796875 0.0020833333333333333 0.0015625
0 0.7177083333333333 0.36640625 0.0020833333333333333 0.0015625
0 0.76875 0.36171875 0.0125 0.0078125
0 0.68125 0.35625 0.029166666666666667 0.009375
0 0.6822916666666666 0.34609375 0.0020833333333333333 0.0015625
0 0.6708333333333333 0.34453125 0.008333333333333333 0.0015625
0 0.6979166666666666 0.34296875 0.004166666666666667 0.0015625
0 0.4739583333333333 0.35390625 0.04375 0.0234375
0 0.6916666666666667 0.34140625 0.004166666666666667 0.0015625
0 0.6364583333333333 0.34140625 0.0020833333333333333 0.0015625
0 0.5947916666666667 0.33515625 0.0020833333333333333 0.0015625
0 0.5604166666666667 0.3421875 0.125 0.021875
0 0.33645833333333336 0.3109375 0.010416666666666666 0.003125
0 0.53125 0.30859375 0.004166666666666667 0.0015625
0 0.3729166666666667 0.30703125 0.004166666666666667 0.0015625
0 0.34270833333333334 0.30703125 0.0020833333333333333 0.0015625
0 0.3385416666666667 0.30703125 0.0020833333333333333 0.0015625
0 0.37604166666666666 0.30078125 0.0020833333333333333 0.0015625
0 0.2760416666666667 0.3015625 0.0020833333333333333 0.003125
0 0.5572916666666666 0.30078125 0.014583333333333334 0.0046875
0 0.5708333333333333 0.29609375 0.004166666666666667 0.0015625
0 0.7854166666666667 0.2796875 0.004166666666666667 0.00625
0 0.659375 0.215625 0.010416666666666666 0.003125
0 0.6479166666666667 0.21484375 0.004166666666666667 0.0015625
0 0.6416666666666667 0.21171875 0.008333333333333333 0.0046875
0 0.7375 0.1734375 0.008333333333333333 0.003125
0 0.2520833333333333 0.171875 0.004166666666666667 0.00625
0 0.7989583333333333 0.12734375 0.022916666666666665 0.0078125
0 0.03229166666666667 0.00234375 0.0020833333333333333 0.0015625
0 0.028125 0.00234375 0.0020833333333333333 0.0015625
1 0.6364583333333333 0.9984375 0.0020833333333333333 0.003125
1 0.5739583333333333 0.9875 0.010416666666666666 0.00625
1 0.6541666666666667 0.97265625 0.025 0.0078125
1 0.6697916666666667 0.965625 0.0020833333333333333 0.003125
1 0.5802083333333333 0.971875 0.027083333333333334 0.01875
1 0.7041666666666667 0.94765625 0.008333333333333333 0.0046875
1 0.7947916666666667 0.90390625 0.010416666666666666 0.0078125
1 0.9302083333333333 0.8296875 0.0020833333333333333 0.003125
1 0.9177083333333333 0.8328125 0.010416666666666666 0.009375
1 0.925 0.82734375 0.004166666666666667 0.0015625
1 0.240625 0.56953125 0.0020833333333333333 0.0015625
1 0.23645833333333333 0.56953125 0.0020833333333333333 0.0015625
1 0.871875 0.5390625 0.00625 0.009375
1 0.890625 0.51015625 0.0020833333333333333 0.0015625
1 0.8822916666666667 0.509375 0.00625 0.009375
1 0.5697916666666667 0.49140625 0.0020833333333333333 0.0015625
1 0.565625 0.48984375 0.0020833333333333333 0.0015625
1 0.5604166666666667 0.4890625 0.004166666666666667 0.003125
1 0.5479166666666667 0.484375 0.004166666666666667 0.003125
1 0.53125 0.47890625 0.004166666666666667 0.0015625
1 0.5802083333333333 0.4875 0.04791666666666667 0.028125
1 0.5145833333333333 0.471875 0.004166666666666667 0.003125
1 0.5489583333333333 0.4703125 0.0020833333333333333 0.003125
1 0.49895833333333334 0.46796875 0.0020833333333333333 0.0015625
1 0.5395833333333333 0.46640625 0.0125 0.0046875
1 0.4947916666666667 0.465625 0.00625 0.003125
1 0.8697916666666666 0.4640625 0.00625 0.00625
1 0.48854166666666665 0.4609375 0.00625 0.003125
1 0.521875 0.45859375 0.0020833333333333333 0.0015625
1 0.515625 0.4578125 0.00625 0.003125
1 0.475 0.45390625 0.004166666666666667 0.0015625
1 0.46770833333333334 0.45234375 0.0020833333333333333 0.0015625
1 0.4635416666666667 0.45078125 0.0020833333333333333 0.0015625
1 0.45625 0.44921875 0.004166666666666667 0.0015625
1 0.2760416666666667 0.44765625 0.0020833333333333333 0.0015625
1 0.496875 0.45078125 0.027083333333333334 0.0109375
1 0.440625 0.44609375 0.0020833333333333333 0.0015625
1 0.34479166666666666 0.4484375 0.010416666666666666 0.00625
1 0.33125 0.44921875 0.008333333333333333 0.0078125
1 0.60625 0.44453125 0.004166666666666667 0.0015625
1 0.2864583333333333 0.446875 0.014583333333333334 0.00625
1 0.47708333333333336 0.44375 0.008333333333333333 0.003125
1 0.5885416666666666 0.44765625 0.03958333333333333 0.0171875
1 0.571875 0.43984375 0.0020833333333333333 0.0015625
1 0.428125 0.4421875 0.01875 0.00625
1 0.28020833333333334 0.440625 0.0020833333333333333 0.003125
1 0.19583333333333333 0.44375 0.008333333333333333 0.009375
1 0.46458333333333335 0.4390625 0.0125 0.003125
1 0.453125 0.43671875 0.0020833333333333333 0.0015625
1 0.20104166666666667 0.43671875 0.0020833333333333333 0.0015625
1 0.8354166666666667 0.4359375 0.004166666666666667 0.003125
1 0.44583333333333336 0.4359375 0.004166666666666667 0.003125
1 0.43854166666666666 0.434375 0.0020833333333333333 0.003125
1 0.834375 0.43203125 0.0020833333333333333 0.0015625
1 0.34791666666666665 0.43515625 0.029166666666666667 0.0109375
1 0.290625 0.43046875 0.0020833333333333333 0.0015625
1 0.43645833333333334 0.43046875 0.01875 0.0078125
1 0.026041666666666668 0.42734375 0.0020833333333333333 0.0015625
1 0.8177083333333334 0.42421875 0.0020833333333333333 0.0015625
1 0.37604166666666666 0.42265625 0.0020833333333333333 0.0015625
1 0.8072916666666666 0.41796875 0.0020833333333333333 0.0015625
1 0.5510416666666667 0.41484375 0.0020833333333333333 0.0015625
1 0.49583333333333335 0.42109375 0.10416666666666667 0.0171875
1 0.46770833333333334 0.40703125 0.0020833333333333333 0.0015625
1 0.8302083333333333 0.40546875 0.0020833333333333333 0.0015625
1 0.4739583333333333 0.40703125 0.00625 0.0046875
1 0.2833333333333333 0.4046875 0.008333333333333333 0.003125
1 0.2760416666666667 0.40390625 0.0020833333333333333 0.0015625
1 0.11979166666666667 0.40234375 0.0020833333333333333 0.0015625
1 0.253125 0.40078125 0.0020833333333333333 0.0015625
1 0.24583333333333332 0.4 0.004166666666666667 0.003125
1 0.6614583333333334 0.40078125 0.010416666666666666 0.0140625
1 0.2916666666666667 0.39296875 0.004166666666666667 0.0015625
1 0.15104166666666666 0.39296875 0.0020833333333333333 0.0015625
1 0.2833333333333333 0.3921875 0.008333333333333333 0.003125
1 0.146875 0.39921875 0.04791666666666667 0.0171875
1 0.2708333333333333 0.38984375 0.0125 0.0046875
1 0.2552083333333333 0.38828125 0.014583333333333334 0.0046875
1 0.25833333333333336 0.37890625 0.004166666666666667 0.0015625
1 0.659375 0.37734375 0.0020833333333333333 0.0015625
1 0.296875 0.37734375 0.0020833333333333333 0.0015625
1 0.29270833333333335 0.37734375 0.0020833333333333333 0.0015625
1 0.2677083333333333 0.37734375 0.0020833333333333333 0.0015625
1 0.18645833333333334 0.45078125 0.06041666666666667 0.1484375
1 0.209375 0.37421875 0.0020833333333333333 0.0015625
1 0.7375 0.37265625 0.004166666666666667 0.0015625
1 0.23125 0.3734375 0.0125 0.003125
1 0.7260416666666667 0.37109375 0.00625 0.0015625
1 0.653125 0.37109375 0.0020833333333333333 0.0015625
1 0.7177083333333333 0.36953125 0.0020833333333333333 0.0015625
1 0.46979166666666666 0.36953125 0.0020833333333333333 0.0015625
1 0.4635416666666667 0.36953125 0.00625 0.0015625
1 0.440625 0.36953125 0.0020833333333333333 0.0015625
1 0.2864583333333333 0.36796875 0.0020833333333333333 0.0015625
1 0.28229166666666666 0.36640625 0.0020833333333333333 0.0015625
1 0.625 0.365625 0.016666666666666666 0.00625
1 0.21666666666666667 0.365625 0.008333333333333333 0.00625
1 0.6395833333333333 0.3609375 0.004166666666666667 0.003125
1 0.6197916666666666 0.36015625 0.0020833333333333333 0.0015625
1 0.25729166666666664 0.36015625 0.0020833333333333333 0.0015625
1 0.23854166666666668 0.36015625 0.0020833333333333333 0.0015625
1 0.6270833333333333 0.35859375 0.004166666666666667 0.0015625
1 0.24270833333333333 0.35859375 0.0020833333333333333 0.0015625
1 0.634375 0.35703125 0.0020833333333333333 0.0015625
1 0.5072916666666667 0.35703125 0.0020833333333333333 0.0015625
1 0.571875 0.35546875 0.0020833333333333333 0.0015625
1 0.7677083333333333 0.35390625 0.0020833333333333333 0.0015625
1 0.6260416666666667 0.35390625 0.0020833333333333333 0.0015625
1 0.6302083333333334 0.35234375 0.0020833333333333333 0.0015625
1 0.6052083333333333 0.35234375 0.0020833333333333333 0.0015625
1 0.6020833333333333 0.359375 0.025 0.015625
1 0.7604166666666666 0.35 0.004166666666666667 0.003125
1 0.4510416666666667 0.34921875 0.0020833333333333333 0.0015625
1 0.45625 0.346875 0.004166666666666667 0.003125
1 0.4635416666666667 0.34453125 0.0020833333333333333 0.0015625
1 0.7489583333333333 0.34453125 0.00625 0.0046875
1 0.7354166666666667 0.3421875 0.008333333333333333 0.003125
1 0.4895833333333333 0.33828125 0.004166666666666667 0.0015625
1 0.753125 0.3375 0.0020833333333333333 0.003125
1 0.5052083333333334 0.33515625 0.0020833333333333333 0.0015625
1 0.34479166666666666 0.33515625 0.0020833333333333333 0.0015625
1 0.7104166666666667 0.334375 0.008333333333333333 0.003125
1 0.2552083333333333 0.334375 0.0020833333333333333 0.003125
1 0.5364583333333334 0.33203125 0.00625 0.0015625
1 0.3489583333333333 0.33203125 0.0020833333333333333 0.0015625
1 0.559375 0.33046875 0.0020833333333333333 0.0015625
1 0.5239583333333333 0.33046875 0.0020833333333333333 0.0015625
1 0.5197916666666667 0.33046875 0.0020833333333333333 0.0015625
1 0.515625 0.33046875 0.0020833333333333333 0.0015625
1 0.31145833333333334 0.32265625 0.0020833333333333333 0.0015625
1 0.7583333333333333 0.321875 0.004166666666666667 0.003125
1 0.303125 0.32109375 0.0020833333333333333 0.0015625
1 0.33541666666666664 0.31796875 0.004166666666666667 0.0015625
1 0.7614583333333333 0.31484375 0.0020833333333333333 0.0015625
1 0.5375 0.31015625 0.004166666666666667 0.0015625
1 0.7614583333333333 0.309375 0.0020833333333333333 0.003125
1 0.32083333333333336 0.31328125 0.016666666666666666 0.0140625
1 0.33541666666666664 0.30546875 0.004166666666666667 0.0015625
1 0.34479166666666666 0.30390625 0.0020833333333333333 0.0015625
1 0.384375 0.30234375 0.00625 0.0046875
1 0.26145833333333335 0.30234375 0.0020833333333333333 0.0046875
1 0.7854166666666667 0.30390625 0.0125 0.0234375
1 0.671875 0.28203125 0.0020833333333333333 0.0015625
1 0.5041666666666667 0.2828125 0.004166666666666667 0.003125
1 0.290625 0.27578125 0.0020833333333333333 0.0015625
1 0.396875 0.27109375 0.0020833333333333333 0.0015625
1 0.284375 0.26953125 0.0020833333333333333 0.0015625
1 0.39479166666666665 0.26796875 0.0020833333333333333 0.0015625
1 0.18645833333333334 0.26640625 0.0020833333333333333 0.0015625
1 0.284375 0.26484375 0.0020833333333333333 0.0015625
1 0.259375 0.26484375 0.0020833333333333333 0.0015625
1 0.284375 0.26171875 0.0020833333333333333 0.0015625
1 0.25729166666666664 0.26171875 0.0020833333333333333 0.0015625
1 0.17291666666666666 0.2609375 0.004166666666666667 0.003125
1 0.39895833333333336 0.25859375 0.0020833333333333333 0.0015625
1 0.28229166666666666 0.25703125 0.0020833333333333333 0.0015625
1 0.39166666666666666 0.2609375 0.0125 0.0125
1 0.153125 0.25546875 0.0020833333333333333 0.0015625
1 0.21145833333333333 0.25390625 0.0020833333333333333 0.0015625
1 0.6635416666666667 0.25234375 0.0020833333333333333 0.0015625
1 0.2635416666666667 0.25234375 0.0020833333333333333 0.0015625
1 0.9989583333333333 0.24921875 0.0020833333333333333 0.0015625
1 0.11979166666666667 0.24921875 0.0020833333333333333 0.0015625
1 0.115625 0.24921875 0.0020833333333333333 0.0015625
1 0.13645833333333332 0.24765625 0.0020833333333333333 0.0015625
1 0.146875 0.246875 0.014583333333333334 0.003125
1 0.10729166666666666 0.24609375 0.0020833333333333333 0.0015625
1 0.9958333333333333 0.2453125 0.008333333333333333 0.003125
1 0.1625 0.2453125 0.004166666666666667 0.003125
1 0.15729166666666666 0.24453125 0.0020833333333333333 0.0015625
1 0.234375 0.2828125 0.05625 0.0875
1 0.25625 0.2484375 0.008333333333333333 0.021875
1 0.25416666666666665 0.23359375 0.004166666666666667 0.0015625
1 0.5552083333333333 0.23203125 0.0020833333333333333 0.0015625
1 0.5614583333333333 0.23046875 0.0020833333333333333 0.0015625
1 0.66875 0.228125 0.004166666666666667 0.003125
1 0.5802083333333333 0.22109375 0.0020833333333333333 0.0015625
1 0.0020833333333333333 0.22265625 0.004166666666666667 0.0046875
1 0.4666666666666667 0.32421875 0.4083333333333333 0.2359375
1 0.27291666666666664 0.2171875 0.008333333333333333 0.025
1 0.6270833333333333 0.20546875 0.016666666666666666 0.0046875
1 0.2708333333333333 0.203125 0.004166666666666667 0.003125
1 0.7447916666666666 0.18203125 0.0020833333333333333 0.0015625
1 0.2635416666666667 0.1828125 0.0020833333333333333 0.003125
1 0.834375 0.17578125 0.0020833333333333333 0.0015625
1 0.790625 0.1703125 0.0020833333333333333 0.003125
1 0.75 0.171875 0.0375 0.01875
1 0.059375 0.16015625 0.0020833333333333333 0.0015625
1 0.06354166666666666 0.15859375 0.0020833333333333333 0.0046875
1 0.059375 0.15703125 0.0020833333333333333 0.0015625
1 0.03229166666666667 0.16796875 0.06458333333333334 0.0984375
1 0.8927083333333333 0.11953125 0.0020833333333333333 0.0046875
1 0.9104166666666667 0.10078125 0.03333333333333333 0.0140625
1 0.021875 0.09453125 0.0020833333333333333 0.0015625
1 0.011458333333333333 0.09453125 0.0020833333333333333 0.0015625
1 0.8260416666666667 0.1359375 0.13125 0.103125
1 0.013541666666666667 0.10625 0.027083333333333334 0.046875
1 0.0010416666666666667 0.06328125 0.0020833333333333333 0.0015625
1 0.89375 0.0578125 0.004166666666666667 0.003125
1 0.013541666666666667 0.06484375 0.022916666666666665 0.0171875
1 0.8979166666666667 0.04296875 0.004166666666666667 0.0046875
1 0.03125 0.040625 0.004166666666666667 0.003125
1 0.015625 0.040625 0.0020833333333333333 0.003125
1 0.007291666666666667 0.03828125 0.0020833333333333333 0.0015625
1 0.04895833333333333 0.0421875 0.035416666666666666 0.021875
1 0.8864583333333333 0.03046875 0.0020833333333333333 0.0015625
1 0.9239583333333333 0.01953125 0.08125 0.0390625
1 0.030208333333333334 0.0125 0.06041666666666667 0.025
2 0.240625 0.56953125 0.0020833333333333333 0.0015625
2 0.23645833333333333 0.56953125 0.0020833333333333333 0.0015625
2 0.559375 0.4875 0.00625 0.003125
2 0.5489583333333333 0.48359375 0.0020833333333333333 0.0015625
2 0.5322916666666667 0.47890625 0.0020833333333333333 0.0015625
2 0.49583333333333335 0.4640625 0.004166666666666667 0.003125
2 0.8697916666666666 0.46328125 0.00625 0.0046875
2 0.490625 0.46171875 0.0020833333333333333 0.0015625
2 0.47604166666666664 0.45390625 0.0020833333333333333 0.0015625
2 0.34270833333333334 0.44921875 0.0020833333333333333 0.0015625
2 0.8739583333333333 0.44765625 0.0020833333333333333 0.0015625
2 0.5885416666666666 0.44296875 0.0020833333333333333 0.0015625
2 0.28020833333333334 0.44140625 0.0020833333333333333 0.0015625
2 0.3385416666666667 0.43828125 0.00625 0.0015625
2 0.8354166666666667 0.43203125 0.004166666666666667 0.0015625
2 0.36354166666666665 0.43203125 0.010416666666666666 0.0046875
2 0.81875 0.42421875 0.004166666666666667 0.0015625
2 0.37604166666666666 0.42265625 0.0020833333333333333 0.0015625
2 0.4864583333333333 0.42109375 0.0020833333333333333 0.0015625
2 0.48020833333333335 0.42109375 0.00625 0.0015625
2 0.3 0.43359375 0.03333333333333333 0.0296875
2 0.8083333333333333 0.41796875 0.004166666666666667 0.0015625
2 0.5072916666666667 0.41953125 0.014583333333333334 0.0046875
2 0.471875 0.41796875 0.00625 0.0015625
2 0.49375 0.45703125 0.2125 0.0828125
2 0.37916666666666665 0.41796875 0.008333333333333333 0.0109375
2 0.809375 0.4125 0.014583333333333334 0.009375
2 0.315625 0.40703125 0.0020833333333333333 0.0015625
2 0.47291666666666665 0.40625 0.008333333333333333 0.003125
2 0.30625 0.40703125 0.0125 0.0046875
2 0.28541666666666665 0.40390625 0.004166666666666667 0.0015625
2 0.24479166666666666 0.39921875 0.0020833333333333333 0.0015625
2 0.25729166666666664 0.39765625 0.0020833333333333333 0.0015625
2 0.25729166666666664 0.37890625 0.0020833333333333333 0.0015625
2 0.659375 0.37734375 0.0020833333333333333 0.0015625
2 0.296875 0.37734375 0.0020833333333333333 0.0015625
2 0.7427083333333333 0.37421875 0.0020833333333333333 0.0015625
2 0.7375 0.37265625 0.004166666666666667 0.0015625
2 0.7270833333333333 0.37109375 0.004166666666666667 0.0015625
2 0.31979166666666664 0.38359375 0.04375 0.0265625
2 0.653125 0.3703125 0.0020833333333333333 0.003125
2 0.4635416666666667 0.36953125 0.00625 0.0015625
2 0.30104166666666665 0.36875 0.014583333333333334 0.003125
2 0.7177083333333333 0.36640625 0.0020833333333333333 0.0015625
2 0.3489583333333333 0.37109375 0.014583333333333334 0.0109375
2 0.709375 0.36484375 0.0020833333333333333 0.0015625
2 0.21145833333333333 0.44375 0.15625 0.1625
2 0.6395833333333333 0.3609375 0.004166666666666667 0.003125
2 0.23854166666666668 0.36015625 0.0020833333333333333 0.0015625
2 0.76875 0.36171875 0.0125 0.0078125
2 0.6760416666666667 0.359375 0.010416666666666666 0.003125
2 0.5072916666666667 0.35703125 0.0020833333333333333 0.0015625
2 0.5572916666666666 0.35546875 0.0020833333333333333 0.0015625
2 0.571875 0.3546875 0.0020833333333333333 0.003125
2 0.59375 0.35234375 0.008333333333333333 0.0015625
2 0.26979166666666665 0.35078125 0.0020833333333333333 0.0015625
2 0.759375 0.35 0.0020833333333333333 0.003125
2 0.33125 0.35546875 0.016666666666666666 0.0171875
2 0.6822916666666666 0.34609375 0.0020833333333333333 0.0015625
2 0.6708333333333333 0.34453125 0.008333333333333333 0.0015625
2 0.6979166666666666 0.34296875 0.004166666666666667 0.0015625
2 0.7322916666666667 0.34140625 0.0020833333333333333 0.0015625
2 0.6916666666666667 0.34140625 0.004166666666666667 0.0015625
2 0.6375 0.34140625 0.004166666666666667 0.0015625
2 0.615625 0.3390625 0.014583333333333334 0.003125
2 0.4895833333333333 0.33828125 0.004166666666666667 0.0015625
2 0.6697916666666667 0.33671875 0.0020833333333333333 0.0015625
2 0.7104166666666667 0.33515625 0.004166666666666667 0.0015625
2 0.35 0.33828125 0.008333333333333333 0.0078125
2 0.603125 0.33359375 0.0020833333333333333 0.0015625
2 0.2791666666666667 0.34140625 0.008333333333333333 0.0171875
2 0.5364583333333334 0.33203125 0.00625 0.0015625
2 0.5197916666666667 0.33046875 0.0020833333333333333 0.0015625
2 0.759375 0.321875 0.0020833333333333333 0.003125
2 0.33645833333333336 0.31796875 0.0020833333333333333 0.0015625
2 0.34479166666666666 0.31484375 0.0020833333333333333 0.0015625
2 0.4864583333333333 0.31796875 0.027083333333333334 0.0109375
2 0.43645833333333334 0.31484375 0.0020833333333333333 0.0046875
2 0.34270833333333334 0.30703125 0.0020833333333333333 0.0015625
2 0.35104166666666664 0.31015625 0.010416666666666666 0.0109375
2 0.3260416666666667 0.31171875 0.027083333333333334 0.0140625
2 0.38229166666666664 0.30234375 0.0020833333333333333 0.0015625
2 0.26145833333333335 0.303125 0.0020833333333333333 0.003125
2 0.7697916666666667 0.296875 0.0020833333333333333 0.003125
2 0.25 0.309375 0.020833333333333332 0.028125
2 0.671875 0.28203125 0.0020833333333333333 0.0015625
2 0.5041666666666667 0.28203125 0.004166666666666667 0.0015625
2 0.7802083333333333 0.3 0.022916666666666665 0.046875
2 0.23125 0.278125 0.016666666666666666 0.01875
2 0.259375 0.26484375 0.0020833333333333333 0.0015625
2 0.5864583333333333 0.28828125 0.17291666666666666 0.0515625
2 0.38229166666666664 0.26328125 0.0020833333333333333 0.0015625
2 0.25729166666666664 0.26171875 0.0020833333333333333 0.0015625
2 0.28229166666666666 0.25703125 0.0020833333333333333 0.0015625
2 0.6635416666666667 0.25234375 0.0020833333333333333 0.0015625
2 0.21875 0.25859375 0.016666666666666666 0.0203125
2 0.13645833333333332 0.24765625 0.0020833333333333333 0.0015625
2 0.146875 0.246875 0.014583333333333334 0.003125
2 0.728125 0.23828125 0.0020833333333333333 0.0015625
2 0.2552083333333333 0.23359375 0.0020833333333333333 0.0015625
2 0.5552083333333333 0.23203125 0.0020833333333333333 0.0015625
2 0.6697916666666667 0.22734375 0.0020833333333333333 0.0015625
2 0.6354166666666666 0.22421875 0.004166666666666667 0.0015625
2 0.48541666666666666 0.3125 0.3333333333333333 0.215625
2 0.8416666666666667 0.1703125 0.004166666666666667 0.003125
2 0.26666666666666666 0.24921875 0.03333333333333333 0.1671875
2 0.8229166666666666 0.17421875 0.025 0.0234375
2 0.7416666666666667 0.17109375 0.03333333333333333 0.0171875
2 0.24479166666666666 0.15234375 0.0020833333333333333 0.0015625
2 0.8520833333333333 0.12109375 0.008333333333333333 0.0078125
2 0.8760416666666667 0.1234375 0.01875 0.021875
2 0.7958333333333333 0.128125 0.058333333333333334 0.046875
2 0.90625 0.096875 0.016666666666666666 0.00625
2 0.8354166666666667 0.09765625 0.016666666666666666 0.0234375
2 0.051041666666666666 0.05078125 0.010416666666666666 0.0015625
2 0.8989583333333333 0.04453125 0.0020833333333333333 0.0015625
2 0.04583333333333333 0.03828125 0.016666666666666666 0.0109375
2 0.953125 0.0015625 0.010416666666666666 0.003125
2 0.9447916666666667 0.0015625 0.0020833333333333333 0.003125
2 0.026041666666666668 0.0078125 0.035416666666666666 0.015625
