0 0.9635416666666666 0.85859375 0.0020833333333333333 0.0015625
0 0.9197916666666667 0.83515625 0.014583333333333334 0.0078125
0 0.9010416666666666 0.8234375 0.010416666666666666 0.00625
0 0.3875 0.67578125 0.004166666666666667 0.0015625
0 0.38125 0.66015625 0.0125 0.0140625
0 0.36666666666666664 0.646875 0.004166666666666667 0.003125
0 0.37395833333333334 0.64609375 0.00625 0.0109375
0 0.946875 0.6375 0.0020833333333333333 0.003125
0 0.359375 0.6328125 0.014583333333333334 0.015625
0 0.8145833333333333 0.6203125 0.008333333333333333 0.00625
0 0.8552083333333333 0.58203125 0.0020833333333333333 0.0015625
0 0.25729166666666664 0.54296875 0.0020833333333333333 0.0015625
0 0.12916666666666668 0.50625 0.004166666666666667 0.003125
0 0.26979166666666665 0.5640625 0.19375 0.128125
0 0.8270833333333333 0.49765625 0.004166666666666667 0.0015625
0 0.11979166666666667 0.49453125 0.00625 0.0015625
0 0.12604166666666666 0.49296875 0.0020833333333333333 0.0015625
0 0.11354166666666667 0.49296875 0.0020833333333333333 0.0015625
0 0.103125 0.49296875 0.00625 0.0015625
0 0.8427083333333333 0.4921875 0.01875 0.01875
0 0.034375 0.47734375 0.0020833333333333333 0.0015625
0 0.021875 0.46875 0.04375 0.00625
0 0.15 0.4515625 0.004166666666666667 0.00625
0 0.78125 0.4390625 0.008333333333333333 0.00625
0 0.134375 0.4328125 0.0020833333333333333 0.003125
0 0.7364583333333333 0.45234375 0.03125 0.0609375
0 0.725 0.42265625 0.004166666666666667 0.0015625
0 0.11979166666666667 0.421875 0.00625 0.00625
0 0.12916666666666668 0.42109375 0.0125 0.0171875
0 0.08854166666666667 0.36796875 0.010416666666666666 0.0140625
0 0.08125 0.3578125 0.004166666666666667 0.003125
0 0.24375 0.3546875 0.004166666666666667 0.00625
0 0.10208333333333333 0.37109375 0.029166666666666667 0.0390625
0 0.07291666666666667 0.34921875 0.008333333333333333 0.0046875
0 0.06770833333333333 0.34453125 0.0020833333333333333 0.0015625
0 0.2520833333333333 0.34453125 0.008333333333333333 0.0078125
0 0.65 0.3390625 0.004166666666666667 0.003125
0 0.26145833333333335 0.32734375 0.0020833333333333333 0.0015625
0 0.25729166666666664 0.328125 0.0020833333333333333 0.003125
0 0.05416666666666667 0.3359375 0.016666666666666666 0.028125
0 0.5947916666666667 0.3125 0.010416666666666666 0.003125
0 0.43645833333333334 0.30703125 0.0020833333333333333 0.0015625
0 0.6114583333333333 0.303125 0.0020833333333333333 0.003125
0 0.278125 0.303125 0.00625 0.003125
0 0.8364583333333333 0.30078125 0.0020833333333333333 0.0015625
0 0.8322916666666667 0.30078125 0.0020833333333333333 0.0015625
0 0.575 0.303125 0.016666666666666666 0.00625
0 0.6989583333333333 0.29453125 0.0020833333333333333 0.0015625
0 0.8770833333333333 0.28828125 0.004166666666666667 0.0046875
0 0.4979166666666667 0.28046875 0.008333333333333333 0.0078125
0 0.7864583333333334 0.27578125 0.0020833333333333333 0.0015625
0 0.7625 0.27578125 0.004166666666666667 0.0015625
0 0.7572916666666667 0.2765625 0.0020833333333333333 0.003125
0 0.7354166666666667 0.278125 0.004166666666666667 0.00625
0 0.39791666666666664 0.275 0.004166666666666667 0.009375
0 0.7708333333333334 0.27734375 0.025 0.0171875
0 0.7708333333333334 0.2703125 0.004166666666666667 0.003125
0 0.621875 0.27109375 0.00625 0.0046875
0 0.515625 0.26796875 0.0020833333333333333 0.0015625
0 0.34479166666666666 0.27109375 0.010416666666666666 0.0078125
0 0.75 0.26953125 0.008333333333333333 0.0078125
0 0.6791666666666667 0.275 0.04583333333333333 0.03125
0 0.03854166666666667 0.25546875 0.014583333333333334 0.0203125
0 0.9322916666666666 0.24296875 0.0020833333333333333 0.0015625
0 0.6572916666666667 0.24296875 0.0020833333333333333 0.0015625
0 0.121875 0.24921875 0.010416666666666666 0.0171875
0 0.051041666666666666 0.24140625 0.010416666666666666 0.0046875
0 0.875 0.2390625 0.004166666666666667 0.003125
0 0.9322916666666666 0.23671875 0.0020833333333333333 0.0015625
0 0.928125 0.23671875 0.0020833333333333333 0.0015625
0 0.8635416666666667 0.23671875 0.0020833333333333333 0.0015625
0 0.665625 0.24609375 0.027083333333333334 0.0203125
0 0.25729166666666664 0.24296875 0.022916666666666665 0.0140625
0 0.8822916666666667 0.23515625 0.0020833333333333333 0.0015625
0 0.86875 0.2359375 0.004166666666666667 0.003125
0 0.6416666666666667 0.2359375 0.004166666666666667 0.003125
0 0.0625 0.23359375 0.004166666666666667 0.0015625
0 0.47291666666666665 0.3 0.14583333333333334 0.1375
0 0.9604166666666667 0.22734375 0.004166666666666667 0.0015625
0 0.9458333333333333 0.23046875 0.016666666666666666 0.0078125
0 0.6416666666666667 0.2296875 0.004166666666666667 0.00625
0 0.7010416666666667 0.2296875 0.027083333333333334 0.009375
0 0.6229166666666667 0.22734375 0.016666666666666666 0.0046875
0 0.08958333333333333 0.23203125 0.03333333333333333 0.0140625
0 0.7260416666666667 0.22265625 0.0020833333333333333 0.0015625
0 0.041666666666666664 0.2234375 0.004166666666666667 0.003125
0 0.7322916666666667 0.221875 0.0020833333333333333 0.003125
0 0.13333333333333333 0.22109375 0.020833333333333332 0.0109375
0 0.7385416666666667 0.21015625 0.0020833333333333333 0.0015625
0 0.030208333333333334 0.22421875 0.01875 0.0296875
0 0.33229166666666665 0.20859375 0.0020833333333333333 0.0015625
0 0.23854166666666668 0.21640625 0.03958333333333333 0.0171875
0 0.728125 0.20703125 0.0020833333333333333 0.0015625
0 0.7135416666666666 0.20546875 0.0020833333333333333 0.0015625
0 0.16354166666666667 0.20625 0.0020833333333333333 0.003125
0 0.3885416666666667 0.20234375 0.0020833333333333333 0.0015625
0 0.384375 0.20234375 0.0020833333333333333 0.0015625
0 0.2635416666666667 0.203125 0.010416666666666666 0.00625
0 0.08333333333333333 0.21171875 0.016666666666666666 0.0234375
0 0.8947916666666667 0.2046875 0.0020833333333333333 0.0125
0 0.7354166666666667 0.19921875 0.004166666666666667 0.0015625
0 0.6020833333333333 0.19765625 0.004166666666666667 0.0015625
0 0.7572916666666667 0.19609375 0.0020833333333333333 0.0015625
0 0.7447916666666666 0.19609375 0.0020833333333333333 0.0015625
0 0.359375 0.19453125 0.00625 0.0046875
0 0.353125 0.19140625 0.0020833333333333333 0.0015625
0 0.3489583333333333 0.19140625 0.0020833333333333333 0.0015625
0 0.765625 0.18828125 0.0020833333333333333 0.0015625
0 0.23125 0.18984375 0.008333333333333333 0.0046875
0 0.890625 0.18828125 0.0020833333333333333 0.0046875
0 0.3302083333333333 0.184375 0.0020833333333333333 0.003125
0 0.571875 0.1890625 0.022916666666666665 0.01875
0 0.9 0.1796875 0.008333333333333333 0.00625
0 0.26979166666666665 0.17734375 0.0020833333333333333 0.0015625
0 0.9322916666666666 0.18203125 0.01875 0.0140625
0 0.8114583333333333 0.17421875 0.0020833333333333333 0.0015625
0 0.5270833333333333 0.2140625 0.058333333333333334 0.08125
0 0.778125 0.17265625 0.0020833333333333333 0.0015625
0 0.3489583333333333 0.17109375 0.0020833333333333333 0.0015625
0 0.08020833333333334 0.17578125 0.014583333333333334 0.0109375
0 0.7895833333333333 0.16953125 0.004166666666666667 0.0015625
0 0.6552083333333333 0.184375 0.035416666666666666 0.03125
0 0.603125 0.16796875 0.0020833333333333333 0.0015625
0 0.020833333333333332 0.1734375 0.025 0.015625
0 0.6145833333333334 0.16875 0.008333333333333333 0.0125
0 0.3489583333333333 0.16171875 0.0020833333333333333 0.0015625
0 0.6020833333333333 0.1625 0.004166666666666667 0.00625
0 0.21770833333333334 0.16796875 0.06458333333333334 0.0234375
0 0.36354166666666665 0.15234375 0.0020833333333333333 0.0015625
0 0.18229166666666666 0.153125 0.00625 0.003125
0 0.14895833333333333 0.16796875 0.06458333333333334 0.0328125
0 0.34270833333333334 0.15078125 0.0020833333333333333 0.0015625
0 0.13645833333333332 0.14921875 0.0020833333333333333 0.0015625
0 0.309375 0.14765625 0.0020833333333333333 0.0015625
0 0.646875 0.153125 0.022916666666666665 0.01875
0 0.33125 0.146875 0.008333333333333333 0.00625
0 0.359375 0.14140625 0.0020833333333333333 0.0015625
0 0.796875 0.140625 0.0020833333333333333 0.003125
0 0.10729166666666666 0.140625 0.00625 0.003125
0 0.275 0.14140625 0.016666666666666666 0.0109375
0 0.09791666666666667 0.1390625 0.004166666666666667 0.00625
0 0.4375 0.19375 0.1875 0.121875
0 0.13020833333333334 0.134375 0.0020833333333333333 0.003125
0 0.07395833333333333 0.12734375 0.0020833333333333333 0.0015625
0 0.24895833333333334 0.134375 0.027083333333333334 0.01875
0 0.065625 0.1375 0.03125 0.025
0 0.296875 0.12421875 0.0020833333333333333 0.0015625
0 0.13645833333333332 0.1265625 0.00625 0.00625
0 0.6010416666666667 0.11953125 0.0020833333333333333 0.0015625
0 0.23020833333333332 0.12109375 0.00625 0.0046875
0 0.008333333333333333 0.125 0.016666666666666666 0.0125
0 0.8114583333333333 0.11640625 0.0020833333333333333 0.0015625
0 0.6322916666666667 0.11640625 0.0020833333333333333 0.0015625
0 0.23020833333333332 0.11640625 0.0020833333333333333 0.0015625
0 0.10104166666666667 0.1203125 0.014583333333333334 0.009375
0 0.8072916666666666 0.115625 0.0020833333333333333 0.003125
0 0.44479166666666664 0.1140625 0.010416666666666666 0.00625
0 0.634375 0.1109375 0.0020833333333333333 0.003125
0 0.603125 0.10859375 0.0020833333333333333 0.0015625
0 0.21979166666666666 0.1109375 0.01875 0.009375
0 0.603125 0.10546875 0.0020833333333333333 0.0015625
0 0.4125 0.10234375 0.008333333333333333 0.0046875
0 0.37916666666666665 0.10703125 0.016666666666666666 0.0140625
0 0.234375 0.1046875 0.010416666666666666 0.009375
0 0.11875 0.1078125 0.0125 0.015625
0 0.08958333333333333 0.1015625 0.004166666666666667 0.003125
0 0.21875 0.0984375 0.004166666666666667 0.003125
0 0.06354166666666666 0.09765625 0.0020833333333333333 0.0015625
0 0.5958333333333333 0.09609375 0.004166666666666667 0.0015625
0 0.7729166666666667 0.0984375 0.020833333333333332 0.009375
0 0.234375 0.09296875 0.0020833333333333333 0.0015625
0 0.30625 0.09140625 0.008333333333333333 0.0046875
0 0.2760416666666667 0.09375 0.010416666666666666 0.0125
0 0.029166666666666667 0.0890625 0.008333333333333333 0.00625
0 0.03854166666666667 0.084375 0.00625 0.003125
0 0.3572916666666667 0.0953125 0.022916666666666665 0.028125
0 0.221875 0.08203125 0.0020833333333333333 0.0015625
0 0.8135416666666667 0.0953125 0.052083333333333336 0.0375
0 0.15625 0.0796875 0.0125 0.009375
0 0.029166666666666667 0.07734375 0.008333333333333333 0.0046875
0 0.790625 0.07265625 0.0020833333333333333 0.0015625
0 0.39166666666666666 0.0828125 0.03333333333333333 0.021875
0 0.9395833333333333 0.07265625 0.008333333333333333 0.0046875
0 0.09895833333333333 0.07109375 0.0020833333333333333 0.0015625
0 0.3625 0.07109375 0.004166666666666667 0.0046875
0 0.33645833333333336 0.0703125 0.0020833333333333333 0.00625
0 0.22395833333333334 0.06328125 0.0020833333333333333 0.0015625
0 0.18854166666666666 0.06328125 0.0020833333333333333 0.0015625
0 0.215625 0.06015625 0.0020833333333333333 0.0015625
0 0.296875 0.059375 0.00625 0.003125
0 0.24895833333333334 0.05859375 0.0020833333333333333 0.0015625
0 0.165625 0.0625 0.00625 0.009375
0 0.9822916666666667 0.059375 0.01875 0.0125
0 0.051041666666666666 0.05234375 0.0020833333333333333 0.0015625
0 0.04583333333333333 0.05234375 0.004166666666666667 0.0015625
0 0.03854166666666667 0.05234375 0.0020833333333333333 0.0015625
0 0.278125 0.05078125 0.0020833333333333333 0.0015625
0 0.15104166666666666 0.0515625 0.00625 0.003125
0 0.9885416666666667 0.04765625 0.0020833333333333333 0.0015625
0 0.3385416666666667 0.046875 0.00625 0.003125
0 0.9885416666666667 0.04453125 0.0020833333333333333 0.0015625
0 0.275 0.0453125 0.004166666666666667 0.003125
0 0.69375 0.04609375 0.0125 0.0109375
0 0.678125 0.12109375 0.10625 0.1609375
0 0.896875 0.03671875 0.00625 0.0015625
0 0.3614583333333333 0.03125 0.0020833333333333333 0.003125
0 0.2520833333333333 0.04140625 0.0625 0.0328125
0 0.08645833333333333 0.02421875 0.0020833333333333333 0.0015625
0 0.8447916666666667 0.01796875 0.0020833333333333333 0.0015625
0 0.8489583333333334 0.0171875 0.0020833333333333333 0.003125
0 0.084375 0.01796875 0.00625 0.0046875
0 0.8708333333333333 0.01484375 0.004166666666666667 0.0015625
0 0.20729166666666668 0.0140625 0.010416666666666666 0.003125
0 0.8614583333333333 0.0140625 0.010416666666666666 0.009375
0 0.016666666666666666 0.0109375 0.004166666666666667 0.003125
0 0.8270833333333333 0.0140625 0.0375 0.0125
0 0.8052083333333333 0.00859375 0.0020833333333333333 0.0015625
0 0.68125 0.009375 0.03333333333333333 0.01875
0 0.44895833333333335 0.078125 0.3645833333333333 0.15625
0 0.22708333333333333 0.00625 0.0125 0.0125
1 0.9958333333333333 0.96171875 0.004166666666666667 0.0015625
1 0.9760416666666667 0.91328125 0.0020833333333333333 0.0015625
1 0.95625 0.94140625 0.0875 0.0796875
1 0.946875 0.8859375 0.010416666666666666 0.009375
1 0.9197916666666667 0.84296875 0.0020833333333333333 0.0015625
1 0.915625 0.84140625 0.0020833333333333333 0.0015625
1 0.9114583333333334 0.83984375 0.0020833333333333333 0.0015625
1 0.9041666666666667 0.8390625 0.004166666666666667 0.003125
1 0.8927083333333333 0.83203125 0.0020833333333333333 0.0015625
1 0.978125 0.79921875 0.0020833333333333333 0.0015625
1 0.971875 0.79453125 0.0020833333333333333 0.0015625
1 0.7291666666666666 0.78125 0.008333333333333333 0.00625
1 0.7197916666666667 0.77578125 0.0020833333333333333 0.0015625
1 0.7145833333333333 0.7734375 0.004166666666666667 0.003125
1 0.696875 0.76328125 0.0020833333333333333 0.0015625
1 0.7145833333333333 0.73828125 0.004166666666666667 0.0046875
1 0.7322916666666667 0.73359375 0.0020833333333333333 0.0015625
1 0.7385416666666667 0.72734375 0.0020833333333333333 0.0015625
1 0.7697916666666667 0.71953125 0.0020833333333333333 0.0015625
1 0.9739583333333334 0.71796875 0.0020833333333333333 0.0015625
1 0.734375 0.72578125 0.014583333333333334 0.0171875
1 0.7927083333333333 0.71640625 0.0020833333333333333 0.0015625
1 0.721875 0.71484375 0.0020833333333333333 0.0015625
1 0.796875 0.71328125 0.0020833333333333333 0.0015625
1 0.746875 0.7125 0.0020833333333333333 0.003125
1 0.7239583333333334 0.71171875 0.0020833333333333333 0.0015625
1 0.7229166666666667 0.709375 0.008333333333333333 0.00625
1 0.7270833333333333 0.7046875 0.004166666666666667 0.003125
1 0.7177083333333333 0.70234375 0.0020833333333333333 0.0015625
1 0.7135416666666666 0.70234375 0.0020833333333333333 0.0015625
1 0.7052083333333333 0.6984375 0.0020833333333333333 0.015625
1 0.7052083333333333 0.6875 0.0020833333333333333 0.003125
1 0.5177083333333333 0.68671875 0.00625 0.0078125
1 0.803125 0.690625 0.014583333333333334 0.01875
1 0.7052083333333333 0.68046875 0.0020833333333333333 0.0015625
1 0.396875 0.67890625 0.0020833333333333333 0.0015625
1 0.528125 0.678125 0.010416666666666666 0.00625
1 0.3802083333333333 0.671875 0.0020833333333333333 0.003125
1 0.378125 0.66796875 0.0020833333333333333 0.0015625
1 0.3697916666666667 0.65859375 0.0020833333333333333 0.0015625
1 0.36770833333333336 0.65546875 0.0020833333333333333 0.0015625
1 0.9489583333333333 0.65390625 0.0020833333333333333 0.0015625
1 0.384375 0.653125 0.0020833333333333333 0.003125
1 0.6635416666666667 0.653125 0.035416666666666666 0.00625
1 0.5520833333333334 0.65390625 0.0125 0.0078125
1 0.6385416666666667 0.6484375 0.010416666666666666 0.003125
1 0.8270833333333333 0.75703125 0.3458333333333333 0.2515625
1 0.6364583333333333 0.63828125 0.13541666666666666 0.0359375
1 0.3697916666666667 0.60859375 0.0020833333333333333 0.0015625
1 0.9947916666666666 0.6046875 0.010416666666666666 0.003125
1 0.9541666666666667 0.6125 0.08333333333333333 0.025
1 0.36354166666666665 0.6015625 0.00625 0.00625
1 0.35520833333333335 0.59296875 0.00625 0.0046875
1 0.34479166666666666 0.58203125 0.0020833333333333333 0.0015625
1 0.3416666666666667 0.578125 0.004166666666666667 0.003125
1 0.9875 0.584375 0.025 0.021875
1 0.8635416666666667 0.57265625 0.0020833333333333333 0.0015625
1 0.340625 0.56796875 0.0020833333333333333 0.0015625
1 0.3416666666666667 0.56328125 0.004166666666666667 0.0015625
1 0.33645833333333336 0.56796875 0.03125 0.0140625
1 0.32083333333333336 0.55859375 0.004166666666666667 0.0015625
1 0.3333333333333333 0.5578125 0.004166666666666667 0.003125
1 0.3260416666666667 0.55703125 0.00625 0.0046875
1 0.3260416666666667 0.55078125 0.0020833333333333333 0.0015625
1 0.3125 0.54921875 0.008333333333333333 0.0046875
1 0.303125 0.5453125 0.00625 0.003125
1 0.8208333333333333 0.53046875 0.0125 0.0046875
1 0.17291666666666666 0.52578125 0.05 0.0171875
1 0.14479166666666668 0.51484375 0.0020833333333333333 0.0015625
1 0.17395833333333333 0.51328125 0.0020833333333333333 0.0015625
1 0.13645833333333332 0.5140625 0.0020833333333333333 0.003125
1 0.13645833333333332 0.51015625 0.0020833333333333333 0.0015625
1 0.121875 0.51015625 0.0020833333333333333 0.0015625
1 0.8510416666666667 0.50390625 0.0020833333333333333 0.0015625
1 0.8552083333333333 0.50078125 0.0020833333333333333 0.0015625
1 0.80625 0.50078125 0.004166666666666667 0.0015625
1 0.15520833333333334 0.49453125 0.0020833333333333333 0.0015625
1 0.14375 0.496875 0.0125 0.00625
1 0.06979166666666667 0.48984375 0.00625 0.0046875
1 0.059375 0.48671875 0.0020833333333333333 0.0015625
1 0.746875 0.48515625 0.014583333333333334 0.0015625
1 0.12083333333333333 0.4875 0.025 0.00625
1 0.05 0.48515625 0.008333333333333333 0.0015625
1 0.7625 0.48515625 0.004166666666666667 0.0046875
1 0.7583333333333333 0.4828125 0.004166666666666667 0.003125
1 0.734375 0.48203125 0.00625 0.0046875
1 0.8458333333333333 0.484375 0.020833333333333332 0.01875
1 0.73125 0.4765625 0.004166666666666667 0.003125
1 0.09895833333333333 0.47578125 0.0020833333333333333 0.0015625
1 0.728125 0.47265625 0.0020833333333333333 0.0015625
1 0.7583333333333333 0.471875 0.004166666666666667 0.003125
1 0.134375 0.471875 0.0020833333333333333 0.003125
1 0.084375 0.46953125 0.0020833333333333333 0.0015625
1 0.803125 0.496875 0.07291666666666667 0.059375
1 0.746875 0.46171875 0.0020833333333333333 0.0015625
1 0.7697916666666667 0.459375 0.00625 0.00625
1 0.721875 0.46171875 0.010416666666666666 0.0171875
1 0.8364583333333333 0.44921875 0.0020833333333333333 0.0015625
1 0.15729166666666666 0.47734375 0.035416666666666666 0.0578125
1 0.7729166666666667 0.46015625 0.05416666666666667 0.0265625
1 0.8322916666666667 0.44453125 0.0020833333333333333 0.0015625
1 0.159375 0.44375 0.00625 0.00625
1 0.14166666666666666 0.45 0.0125 0.03125
1 0.8354166666666667 0.43671875 0.03333333333333333 0.0140625
1 0.8572916666666667 0.42890625 0.0020833333333333333 0.0015625
1 0.8458333333333333 0.4296875 0.004166666666666667 0.003125
1 0.9020833333333333 0.42734375 0.004166666666666667 0.0046875
1 0.8572916666666667 0.42578125 0.0020833333333333333 0.0015625
1 0.7885416666666667 0.434375 0.022916666666666665 0.021875
1 0.9645833333333333 0.4234375 0.004166666666666667 0.003125
1 0.803125 0.42265625 0.0020833333333333333 0.0015625
1 0.7302083333333333 0.42265625 0.0020833333333333333 0.0015625
1 0.8677083333333333 0.421875 0.014583333333333334 0.00625
1 0.7697916666666667 0.41953125 0.0020833333333333333 0.0015625
1 0.09270833333333334 0.41796875 0.0020833333333333333 0.0015625
1 0.5364583333333334 0.415625 0.0020833333333333333 0.003125
1 0.090625 0.41484375 0.0020833333333333333 0.0015625
1 0.55625 0.41640625 0.020833333333333332 0.0140625
1 0.08645833333333333 0.41015625 0.0020833333333333333 0.0015625
1 0.90625 0.40390625 0.004166666666666667 0.0015625
1 0.7635416666666667 0.4015625 0.00625 0.003125
1 0.65 0.4125 0.03333333333333333 0.025
1 0.91875 0.39921875 0.004166666666666667 0.0015625
1 0.7635416666666667 0.39765625 0.00625 0.0015625
1 0.08020833333333334 0.4015625 0.010416666666666666 0.009375
1 0.7739583333333333 0.39765625 0.00625 0.0046875
1 0.984375 0.39609375 0.03125 0.0046875
1 0.7760416666666666 0.38984375 0.0020833333333333333 0.0015625
1 0.565625 0.3953125 0.022916666666666665 0.015625
1 0.13958333333333334 0.403125 0.0125 0.03125
1 0.7697916666666667 0.38671875 0.0020833333333333333 0.0015625
1 0.21354166666666666 0.38671875 0.0020833333333333333 0.0015625
1 0.20520833333333333 0.38671875 0.0020833333333333333 0.0015625
1 0.8927083333333333 0.49765625 0.21458333333333332 0.2328125
1 0.06770833333333333 0.37890625 0.0020833333333333333 0.0046875
1 0.9291666666666667 0.378125 0.0125 0.00625
1 0.95 0.37578125 0.008333333333333333 0.0046875
1 0.8104166666666667 0.3765625 0.016666666666666666 0.00625
1 0.146875 0.37421875 0.0020833333333333333 0.0015625
1 0.06145833333333333 0.37421875 0.0020833333333333333 0.0015625
1 0.9614583333333333 0.371875 0.010416666666666666 0.003125
1 0.128125 0.37109375 0.0020833333333333333 0.0015625
1 0.4947916666666667 0.36953125 0.0020833333333333333 0.0015625
1 0.146875 0.36953125 0.0020833333333333333 0.0015625
1 0.057291666666666664 0.36796875 0.0020833333333333333 0.0015625
1 0.24270833333333333 0.36484375 0.0020833333333333333 0.0015625
1 0.775 0.365625 0.016666666666666666 0.00625
1 0.5083333333333333 0.3671875 0.008333333333333333 0.009375
1 0.22083333333333333 0.375 0.025 0.025
1 0.121875 0.3640625 0.0020833333333333333 0.003125
1 0.565625 0.36171875 0.0020833333333333333 0.0046875
1 0.059375 0.3640625 0.00625 0.009375
1 0.11875 0.359375 0.004166666666666667 0.003125
1 0.9364583333333333 0.3578125 0.00625 0.003125
1 0.559375 0.3578125 0.00625 0.009375
1 0.5385416666666667 0.36484375 0.04791666666666667 0.0234375
1 0.14479166666666668 0.35859375 0.0020833333333333333 0.0109375
1 0.8729166666666667 0.3671875 0.029166666666666667 0.034375
1 0.440625 0.35078125 0.0020833333333333333 0.0015625
1 0.25416666666666665 0.35390625 0.008333333333333333 0.0078125
1 0.9885416666666667 0.3578125 0.022916666666666665 0.025
1 0.134375 0.34765625 0.0020833333333333333 0.0046875
1 0.240625 0.346875 0.00625 0.00625
1 0.8947916666666667 0.34453125 0.010416666666666666 0.0109375
1 0.24479166666666666 0.33984375 0.0020833333333333333 0.0015625
1 0.5260416666666666 0.34453125 0.014583333333333334 0.0140625
1 0.246875 0.33671875 0.0020833333333333333 0.0015625
1 0.9927083333333333 0.3328125 0.014583333333333334 0.009375
1 0.5489583333333333 0.3375 0.027083333333333334 0.025
1 0.9083333333333333 0.32578125 0.016666666666666666 0.0140625
1 0.8260416666666667 0.31484375 0.0020833333333333333 0.0015625
1 0.8125 0.3171875 0.020833333333333332 0.00625
1 0.32083333333333336 0.31328125 0.004166666666666667 0.0015625
1 0.315625 0.31328125 0.0020833333333333333 0.0015625
1 0.33125 0.3125 0.008333333333333333 0.003125
1 0.8291666666666667 0.31015625 0.004166666666666667 0.0015625
1 0.815625 0.3109375 0.00625 0.003125
1 0.3104166666666667 0.3109375 0.004166666666666667 0.003125
1 0.5572916666666666 0.31640625 0.01875 0.0203125
1 0.3385416666666667 0.30625 0.00625 0.003125
1 0.9208333333333333 0.3078125 0.0125 0.009375
1 0.3729166666666667 0.3046875 0.004166666666666667 0.003125
1 0.3177083333333333 0.30546875 0.01875 0.0046875
1 0.340625 0.30234375 0.0020833333333333333 0.0015625
1 0.9114583333333334 0.30078125 0.0020833333333333333 0.0015625
1 0.771875 0.3015625 0.00625 0.003125
1 0.378125 0.3015625 0.0020833333333333333 0.003125
1 0.37395833333333334 0.29921875 0.0020833333333333333 0.0015625
1 0.371875 0.29609375 0.0020833333333333333 0.0015625
1 0.27708333333333335 0.29453125 0.004166666666666667 0.0015625
1 0.9072916666666667 0.28828125 0.0020833333333333333 0.0015625
1 0.28541666666666665 0.2890625 0.004166666666666667 0.003125
1 0.28020833333333334 0.28828125 0.0020833333333333333 0.0015625
1 0.690625 0.35390625 0.24791666666666667 0.1421875
1 0.5552083333333333 0.29140625 0.01875 0.0171875
1 0.603125 0.2828125 0.0020833333333333333 0.003125
1 0.378125 0.28671875 0.014583333333333334 0.0109375
1 0.35520833333333335 0.284375 0.00625 0.00625
1 0.5645833333333333 0.2828125 0.004166666666666667 0.009375
1 0.5364583333333334 0.2796875 0.0020833333333333333 0.003125
1 0.3572916666666667 0.27734375 0.0020833333333333333 0.0015625
1 0.6302083333333334 0.27578125 0.0020833333333333333 0.0015625
1 0.534375 0.27578125 0.0020833333333333333 0.0015625
1 0.3416666666666667 0.2828125 0.020833333333333332 0.015625
1 0.321875 0.2796875 0.010416666666666666 0.009375
1 0.8697916666666666 0.27421875 0.0020833333333333333 0.0015625
1 0.634375 0.27421875 0.0020833333333333333 0.0015625
1 0.9135416666666667 0.2734375 0.00625 0.003125
1 0.2677083333333333 0.27265625 0.0020833333333333333 0.0015625
1 0.603125 0.271875 0.0020833333333333333 0.003125
1 0.8697916666666666 0.2703125 0.0020833333333333333 0.003125
1 0.5260416666666666 0.26953125 0.0020833333333333333 0.0015625
1 0.6385416666666667 0.26875 0.0020833333333333333 0.003125
1 0.4239583333333333 0.290625 0.01875 0.046875
1 0.35208333333333336 0.27109375 0.004166666666666667 0.0078125
1 0.9145833333333333 0.26796875 0.004166666666666667 0.0046875
1 0.5229166666666667 0.26640625 0.004166666666666667 0.0015625
1 0.5177083333333333 0.26484375 0.0020833333333333333 0.0015625
1 0.6364583333333333 0.26328125 0.0020833333333333333 0.0015625
1 0.875 0.2625 0.004166666666666667 0.003125
1 0.7302083333333333 0.26171875 0.0020833333333333333 0.0015625
1 0.496875 0.26171875 0.0020833333333333333 0.0015625
1 0.871875 0.25859375 0.0020833333333333333 0.0015625
1 0.5135416666666667 0.25625 0.0020833333333333333 0.003125
1 0.5322916666666667 0.253125 0.022916666666666665 0.00625
1 0.475 0.25859375 0.05 0.0171875
1 0.25416666666666665 0.253125 0.016666666666666666 0.00625
1 0.24270833333333333 0.25078125 0.0020833333333333333 0.0015625
1 0.559375 0.2625 0.022916666666666665 0.028125
1 0.8697916666666666 0.24765625 0.0020833333333333333 0.0015625
1 0.828125 0.2484375 0.00625 0.00625
1 0.051041666666666666 0.24609375 0.0020833333333333333 0.0015625
1 0.24270833333333333 0.24453125 0.0020833333333333333 0.0015625
1 0.128125 0.2453125 0.0020833333333333333 0.003125
1 0.371875 0.24609375 0.010416666666666666 0.0078125
1 0.9739583333333334 0.24375 0.0020833333333333333 0.00625
1 0.036458333333333336 0.24140625 0.0020833333333333333 0.0015625
1 0.12604166666666666 0.23984375 0.0020833333333333333 0.0015625
1 0.7677083333333333 0.2390625 0.0020833333333333333 0.003125
1 0.27291666666666664 0.2390625 0.008333333333333333 0.003125
1 0.11041666666666666 0.24296875 0.008333333333333333 0.0109375
1 0.06041666666666667 0.24140625 0.008333333333333333 0.0078125
1 0.9 0.2515625 0.04583333333333333 0.03125
1 0.775 0.2375 0.004166666666666667 0.003125
1 0.24479166666666666 0.2375 0.0020833333333333333 0.003125
1 0.971875 0.2359375 0.0020833333333333333 0.003125
1 0.43020833333333336 0.2359375 0.0020833333333333333 0.003125
1 0.9302083333333333 0.278125 0.13958333333333334 0.09375
1 0.7916666666666666 0.2453125 0.058333333333333334 0.028125
1 0.803125 0.23046875 0.0020833333333333333 0.0015625
1 0.21666666666666667 0.2390625 0.03333333333333333 0.01875
1 0.12083333333333333 0.23359375 0.0125 0.0078125
1 0.2375 0.228125 0.008333333333333333 0.003125
1 0.134375 0.22734375 0.0020833333333333333 0.0015625
1 0.221875 0.22578125 0.0020833333333333333 0.0015625
1 0.06145833333333333 0.22734375 0.00625 0.0046875
1 0.09375 0.22421875 0.004166666666666667 0.0015625
1 0.08854166666666667 0.22421875 0.0020833333333333333 0.0015625
1 0.05520833333333333 0.22421875 0.0020833333333333333 0.0015625
1 0.271875 0.22265625 0.0020833333333333333 0.0015625
1 0.15 0.2234375 0.008333333333333333 0.003125
1 0.09895833333333333 0.221875 0.00625 0.003125
1 0.10729166666666666 0.21953125 0.0020833333333333333 0.0015625
1 0.11458333333333333 0.2234375 0.025 0.015625
1 0.6885416666666667 0.21328125 0.0020833333333333333 0.0015625
1 0.65 0.225 0.029166666666666667 0.025
1 0.49375 0.228125 0.0125 0.034375
1 0.159375 0.21015625 0.014583333333333334 0.0046875
1 0.259375 0.21953125 0.027083333333333334 0.0265625
1 0.11145833333333334 0.20390625 0.0020833333333333333 0.0015625
1 0.915625 0.20390625 0.010416666666666666 0.0078125
1 0.153125 0.2015625 0.0020833333333333333 0.003125
1 0.10520833333333333 0.2 0.010416666666666666 0.00625
1 0.22395833333333334 0.2 0.01875 0.01875
1 0.203125 0.19140625 0.00625 0.0046875
1 0.95625 0.1875 0.004166666666666667 0.003125
1 0.95 0.20859375 0.1 0.0546875
1 0.9677083333333333 0.184375 0.014583333333333334 0.00625
1 0.66875 0.19765625 0.058333333333333334 0.0328125
1 0.6072916666666667 0.18203125 0.0020833333333333333 0.0015625
1 0.21354166666666666 0.18203125 0.00625 0.0015625
1 0.20729166666666668 0.18203125 0.0020833333333333333 0.0015625
1 0.196875 0.1828125 0.0020833333333333333 0.003125
1 0.16458333333333333 0.2 0.10416666666666667 0.0375
1 0.026041666666666668 0.18359375 0.014583333333333334 0.0046875
1 0.9958333333333333 0.178125 0.008333333333333333 0.003125
1 0.946875 0.17734375 0.0020833333333333333 0.0015625
1 0.6427083333333333 0.17734375 0.0020833333333333333 0.0015625
1 0.19375 0.18125 0.016666666666666666 0.009375
1 0.013541666666666667 0.178125 0.0020833333333333333 0.003125
1 0.5541666666666667 0.1796875 0.008333333333333333 0.009375
1 0.004166666666666667 0.17421875 0.004166666666666667 0.0015625
1 0.6052083333333333 0.17265625 0.0020833333333333333 0.0015625
1 0.425 0.17421875 0.008333333333333333 0.0046875
1 0.403125 0.1734375 0.00625 0.003125
1 0.11666666666666667 0.17578125 0.008333333333333333 0.0078125
1 0.9947916666666666 0.17109375 0.0020833333333333333 0.0015625
1 0.23125 0.17890625 0.025 0.0171875
1 0.8822916666666667 0.17109375 0.00625 0.0046875
1 0.090625 0.175 0.00625 0.0125
1 0.08020833333333334 0.16796875 0.0020833333333333333 0.0015625
1 0.05 0.16875 0.004166666666666667 0.003125
1 0.028125 0.16640625 0.0020833333333333333 0.0015625
1 0.37395833333333334 0.1640625 0.00625 0.003125
1 0.07083333333333333 0.18203125 0.03333333333333333 0.0390625
1 0.6854166666666667 0.1671875 0.008333333333333333 0.0125
1 0.5427083333333333 0.1640625 0.010416666666666666 0.00625
1 0.01875 0.1625 0.008333333333333333 0.003125
1 0.005208333333333333 0.1640625 0.00625 0.00625
1 0.59375 0.1703125 0.020833333333333332 0.021875
1 0.5333333333333333 0.1640625 0.004166666666666667 0.009375
1 0.36354166666666665 0.16171875 0.010416666666666666 0.0078125
1 0.9239583333333333 0.15703125 0.0020833333333333333 0.0015625
1 0.45729166666666665 0.15546875 0.0020833333333333333 0.0015625
1 0.051041666666666666 0.1578125 0.014583333333333334 0.00625
1 0.678125 0.16015625 0.014583333333333334 0.0171875
1 0.3375 0.24765625 0.15416666666666667 0.1953125
1 0.12916666666666668 0.15 0.004166666666666667 0.003125
1 0.9677083333333333 0.16640625 0.06458333333333334 0.0390625
1 0.159375 0.15859375 0.052083333333333336 0.0296875
1 0.45729166666666665 0.14296875 0.0020833333333333333 0.0015625
1 0.035416666666666666 0.14921875 0.025 0.0171875
1 0.6208333333333333 0.16328125 0.0375 0.0484375
1 0.03125 0.13984375 0.0125 0.0078125
1 0.005208333333333333 0.1421875 0.010416666666666666 0.015625
1 0.5822916666666667 0.134375 0.00625 0.00625
1 0.017708333333333333 0.13203125 0.0020833333333333333 0.0015625
1 0.023958333333333335 0.12890625 0.0020833333333333333 0.0015625
1 0.33645833333333336 0.1328125 0.022916666666666665 0.01875
1 0.63125 0.12265625 0.004166666666666667 0.0015625
1 0.034375 0.12578125 0.03125 0.0140625
1 0.3541666666666667 0.12265625 0.025 0.0203125
1 0.08020833333333334 0.125 0.03125 0.028125
1 0.007291666666666667 0.11015625 0.0020833333333333333 0.0015625
1 0.9947916666666666 0.11875 0.010416666666666666 0.028125
1 0.9979166666666667 0.0984375 0.004166666666666667 0.003125
1 0.9979166666666667 0.08828125 0.004166666666666667 0.0046875
1 0.007291666666666667 0.0921875 0.014583333333333334 0.0125
1 0.9270833333333334 0.08359375 0.004166666666666667 0.0046875
1 0.051041666666666666 0.07734375 0.0020833333333333333 0.0015625
1 0.9770833333333333 0.07578125 0.008333333333333333 0.0015625
1 0.05520833333333333 0.07578125 0.0020833333333333333 0.0015625
1 0.9239583333333333 0.07421875 0.03958333333333333 0.0109375
1 0.2760416666666667 0.08125 0.04791666666666667 0.040625
1 0.011458333333333333 0.06953125 0.022916666666666665 0.0203125
1 0.16458333333333333 0.053125 0.004166666666666667 0.003125
1 0.5270833333333333 0.05390625 0.0125 0.0078125
1 0.2916666666666667 0.12734375 0.4666666666666667 0.1578125
1 0.215625 0.05 0.0020833333333333333 0.003125
1 0.18125 0.046875 0.0125 0.00625
1 0.203125 0.03984375 0.0020833333333333333 0.0015625
1 0.609375 0.03984375 0.022916666666666665 0.0171875
1 0.15729166666666666 0.034375 0.022916666666666665 0.0125
1 0.16354166666666667 0.02734375 0.0020833333333333333 0.0015625
1 0.1625 0.0234375 0.008333333333333333 0.003125
1 0.6614583333333334 0.00703125 0.0020833333333333333 0.0015625
1 0.003125 0.0125 0.00625 0.0125
1 0.9864583333333333 0.00078125 0.0020833333333333333 0.0015625
1 0.7614583333333333 0.0015625 0.00625 0.003125
1 0.7666666666666667 0.0921875 0.30833333333333335 0.184375
1 0.19375 0.01015625 0.058333333333333334 0.0203125
1 0.12708333333333333 0.00234375 0.016666666666666666 0.0046875
1 0.07291666666666667 0.0546875 0.14583333333333334 0.109375
2 0.984375 0.83828125 0.014583333333333334 0.0078125
2 0.746875 0.78984375 0.0020833333333333333 0.0015625
2 0.746875 0.78671875 0.0020833333333333333 0.0015625
2 0.7614583333333333 0.759375 0.03125 0.015625
2 0.8822916666666667 0.81015625 0.21458333333333332 0.1203125
2 0.7697916666666667 0.7453125 0.022916666666666665 0.009375
2 0.703125 0.76015625 0.07708333333333334 0.0484375
2 0.76875 0.7265625 0.004166666666666667 0.003125
2 0.734375 0.72421875 0.00625 0.0046875
2 0.8625 0.71484375 0.004166666666666667 0.0015625
2 0.6770833333333334 0.70234375 0.004166666666666667 0.0046875
2 0.9791666666666666 0.696875 0.008333333333333333 0.003125
2 0.7229166666666667 0.7015625 0.0125 0.03125
2 0.803125 0.69296875 0.014583333333333334 0.0171875
2 0.7229166666666667 0.68671875 0.004166666666666667 0.0046875
2 0.7177083333333333 0.6828125 0.0020833333333333333 0.003125
2 0.709375 0.69296875 0.010416666666666666 0.0328125
2 0.9541666666666667 0.65390625 0.020833333333333332 0.0390625
2 0.6416666666666667 0.64140625 0.125 0.0359375
2 0.9885416666666667 0.61953125 0.0020833333333333333 0.0015625
2 0.9760416666666667 0.6203125 0.01875 0.00625
2 0.9510416666666667 0.61953125 0.014583333333333334 0.0078125
2 0.3645833333333333 0.603125 0.004166666666666667 0.003125
2 0.35520833333333335 0.59296875 0.00625 0.0046875
2 0.34479166666666666 0.6328125 0.10625 0.103125
2 0.2864583333333333 0.58046875 0.0020833333333333333 0.0015625
2 0.33229166666666665 0.57734375 0.0020833333333333333 0.0015625
2 0.30833333333333335 0.5734375 0.0125 0.00625
2 0.33541666666666664 0.56953125 0.004166666666666667 0.0015625
2 0.321875 0.56953125 0.0020833333333333333 0.0015625
2 0.340625 0.56796875 0.0020833333333333333 0.0015625
2 0.3260416666666667 0.56796875 0.0020833333333333333 0.0015625
2 0.33125 0.565625 0.004166666666666667 0.003125
2 0.3260416666666667 0.55703125 0.010416666666666666 0.0046875
2 0.8479166666666667 0.58671875 0.08333333333333333 0.0765625
2 0.3020833333333333 0.54921875 0.041666666666666664 0.0296875
2 0.8166666666666667 0.53046875 0.004166666666666667 0.0015625
2 0.19479166666666667 0.525 0.035416666666666666 0.01875
2 0.203125 0.5140625 0.00625 0.003125
2 0.17395833333333333 0.51328125 0.0020833333333333333 0.0015625
2 0.13645833333333332 0.51328125 0.0020833333333333333 0.0015625
2 0.121875 0.51015625 0.0020833333333333333 0.0015625
2 0.9885416666666667 0.49140625 0.0020833333333333333 0.0015625
2 0.06979166666666667 0.48984375 0.00625 0.0046875
2 0.13541666666666666 0.50546875 0.07916666666666666 0.0390625
2 0.7572916666666667 0.4828125 0.0020833333333333333 0.003125
2 0.140625 0.47890625 0.0020833333333333333 0.0015625
2 0.7572916666666667 0.471875 0.0020833333333333333 0.003125
2 0.134375 0.471875 0.0020833333333333333 0.003125
2 0.8145833333333333 0.50390625 0.0875 0.0703125
2 0.084375 0.46953125 0.0020833333333333333 0.0015625
2 0.0375 0.47265625 0.075 0.0140625
2 0.959375 0.4484375 0.00625 0.003125
2 0.159375 0.44453125 0.0020833333333333333 0.0015625
2 0.15729166666666666 0.44140625 0.0020833333333333333 0.0015625
2 0.9625 0.428125 0.016666666666666666 0.00625
2 0.9635416666666666 0.42421875 0.0020833333333333333 0.0015625
2 0.915625 0.41328125 0.0020833333333333333 0.0015625
2 0.55625 0.41640625 0.0125 0.0109375
2 0.7572916666666667 0.44765625 0.08541666666666667 0.0765625
2 0.7114583333333333 0.40703125 0.0020833333333333333 0.0015625
2 0.7666666666666667 0.40078125 0.0125 0.0046875
2 0.7635416666666667 0.39765625 0.00625 0.0015625
2 0.9302083333333333 0.39296875 0.0020833333333333333 0.0015625
2 0.5666666666666667 0.39609375 0.016666666666666666 0.0078125
2 0.7583333333333333 0.3921875 0.004166666666666667 0.00625
2 0.13229166666666667 0.378125 0.0020833333333333333 0.003125
2 0.7302083333333333 0.371875 0.0020833333333333333 0.003125
2 0.6333333333333333 0.38203125 0.05 0.0234375
2 0.684375 0.390625 0.04791666666666667 0.04375
2 0.121875 0.36484375 0.0020833333333333333 0.0015625
2 0.14479166666666668 0.3609375 0.0020833333333333333 0.00625
2 0.11770833333333333 0.359375 0.0020833333333333333 0.003125
2 0.7197916666666667 0.3625 0.01875 0.015625
2 0.14479166666666668 0.3546875 0.0020833333333333333 0.003125
2 0.703125 0.3546875 0.00625 0.00625
2 0.48125 0.34609375 0.004166666666666667 0.0046875
2 0.4427083333333333 0.34140625 0.0020833333333333333 0.0015625
2 0.8135416666666667 0.33984375 0.0020833333333333333 0.0015625
2 0.8072916666666666 0.33828125 0.0020833333333333333 0.0015625
2 0.440625 0.33828125 0.0020833333333333333 0.0015625
2 0.43854166666666666 0.33515625 0.0020833333333333333 0.0015625
2 0.7958333333333333 0.3359375 0.008333333333333333 0.00625
2 0.646875 0.33359375 0.0020833333333333333 0.0015625
2 0.7885416666666667 0.33203125 0.0020833333333333333 0.0015625
2 0.10729166666666666 0.403125 0.12291666666666666 0.1625
2 0.7833333333333333 0.325 0.020833333333333332 0.009375
2 0.471875 0.31875 0.00625 0.003125
2 0.32916666666666666 0.31171875 0.004166666666666667 0.0015625
2 0.8291666666666667 0.31015625 0.004166666666666667 0.0015625
2 0.8177083333333334 0.31015625 0.0020833333333333333 0.0015625
2 0.43854166666666666 0.31328125 0.00625 0.0078125
2 0.303125 0.30703125 0.0020833333333333333 0.0015625
2 0.8614583333333333 0.30390625 0.0020833333333333333 0.0015625
2 0.4354166666666667 0.30625 0.004166666666666667 0.00625
2 0.8364583333333333 0.30078125 0.0020833333333333333 0.0015625
2 0.778125 0.30078125 0.0020833333333333333 0.0015625
2 0.484375 0.30859375 0.022916666666666665 0.0171875
2 0.440625 0.30390625 0.00625 0.0078125
2 0.98125 0.30390625 0.03333333333333333 0.0109375
2 0.8302083333333333 0.29921875 0.00625 0.0046875
2 0.784375 0.2984375 0.00625 0.003125
2 0.790625 0.29609375 0.0020833333333333333 0.0015625
2 0.9416666666666667 0.29609375 0.004166666666666667 0.0046875
2 0.9302083333333333 0.29453125 0.0020833333333333333 0.0015625
2 0.9239583333333333 0.29609375 0.00625 0.0046875
2 0.8427083333333333 0.2953125 0.010416666666666666 0.00625
2 0.2552083333333333 0.33515625 0.07708333333333334 0.0890625
2 0.4979166666666667 0.28984375 0.008333333333333333 0.0046875
2 0.48854166666666665 0.28828125 0.0020833333333333333 0.0015625
2 0.28541666666666665 0.2890625 0.004166666666666667 0.003125
2 0.33958333333333335 0.28046875 0.0125 0.0046875
2 0.4979166666666667 0.28046875 0.008333333333333333 0.0078125
2 0.48854166666666665 0.27734375 0.0020833333333333333 0.0015625
2 0.8322916666666667 0.27578125 0.0020833333333333333 0.0015625
2 0.7864583333333334 0.27578125 0.0020833333333333333 0.0015625
2 0.478125 0.27578125 0.0020833333333333333 0.0015625
2 0.38645833333333335 0.27578125 0.0020833333333333333 0.0015625
2 0.8697916666666666 0.2890625 0.03958333333333333 0.03125
2 0.91875 0.2765625 0.016666666666666666 0.009375
2 0.26875 0.27265625 0.004166666666666667 0.0015625
2 0.8739583333333333 0.27109375 0.0020833333333333333 0.0015625
2 0.8697916666666666 0.2703125 0.0020833333333333333 0.003125
2 0.7510416666666667 0.30390625 0.06875 0.0703125
2 0.5052083333333334 0.27265625 0.014583333333333334 0.0078125
2 0.5208333333333334 0.2671875 0.0125 0.00625
2 0.4239583333333333 0.26328125 0.0020833333333333333 0.0015625
2 0.34375 0.26953125 0.020833333333333332 0.0140625
2 0.8760416666666667 0.26171875 0.0020833333333333333 0.0015625
2 0.9802083333333333 0.25859375 0.00625 0.0015625
2 0.871875 0.25859375 0.0020833333333333333 0.0015625
2 0.9885416666666667 0.2578125 0.0020833333333333333 0.003125
2 0.9520833333333333 0.25703125 0.004166666666666667 0.0015625
2 0.9458333333333333 0.25703125 0.004166666666666667 0.0015625
2 0.11770833333333333 0.25703125 0.0020833333333333333 0.0015625
2 0.9739583333333334 0.25078125 0.0020833333333333333 0.0015625
2 0.04479166666666667 0.2578125 0.00625 0.015625
2 0.8385416666666666 0.24921875 0.0020833333333333333 0.0015625
2 0.203125 0.24765625 0.0020833333333333333 0.0015625
2 0.8458333333333333 0.25390625 0.041666666666666664 0.0203125
2 0.8239583333333333 0.24296875 0.0020833333333333333 0.0015625
2 0.7677083333333333 0.2390625 0.0020833333333333333 0.003125
2 0.41041666666666665 0.2484375 0.025 0.021875
2 0.1 0.2390625 0.004166666666666667 0.003125
2 0.09270833333333334 0.23828125 0.0020833333333333333 0.0015625
2 0.8635416666666667 0.23671875 0.0020833333333333333 0.0015625
2 0.775 0.2375 0.004166666666666667 0.003125
2 0.7572916666666667 0.23671875 0.0020833333333333333 0.0015625
2 0.04791666666666667 0.2421875 0.03333333333333333 0.0125
2 0.9729166666666667 0.240625 0.004166666666666667 0.0125
2 0.86875 0.23671875 0.004166666666666667 0.0046875
2 0.41354166666666664 0.23515625 0.0020833333333333333 0.0015625
2 0.08020833333333334 0.23515625 0.0020833333333333333 0.0015625
2 0.7552083333333334 0.23359375 0.00625 0.0015625
2 0.0625 0.23359375 0.004166666666666667 0.0015625
2 0.79375 0.2359375 0.0125 0.009375
2 0.40729166666666666 0.2328125 0.00625 0.003125
2 0.2125 0.2375 0.020833333333333332 0.0125
2 0.803125 0.23046875 0.0020833333333333333 0.0015625
2 0.9916666666666667 0.2296875 0.004166666666666667 0.003125
2 0.07395833333333333 0.2296875 0.0020833333333333333 0.003125
2 0.027083333333333334 0.2296875 0.004166666666666667 0.00625
2 0.9875 0.22578125 0.004166666666666667 0.0015625
2 0.6760416666666667 0.2265625 0.0020833333333333333 0.003125
2 0.08333333333333333 0.22578125 0.004166666666666667 0.0015625
2 0.09479166666666666 0.22421875 0.0020833333333333333 0.0015625
2 0.052083333333333336 0.22578125 0.025 0.0078125
2 0.709375 0.221875 0.0020833333333333333 0.003125
2 0.1 0.221875 0.004166666666666667 0.003125
2 0.036458333333333336 0.22578125 0.00625 0.0109375
2 0.996875 0.21953125 0.0020833333333333333 0.0015625
2 0.6822916666666666 0.21796875 0.0020833333333333333 0.0015625
2 0.03229166666666667 0.21796875 0.0020833333333333333 0.0015625
2 0.11875 0.23671875 0.0625 0.0421875
2 0.08645833333333333 0.21484375 0.0020833333333333333 0.0015625
2 0.03229166666666667 0.21484375 0.0020833333333333333 0.0015625
2 0.7489583333333333 0.21328125 0.0020833333333333333 0.0015625
2 0.6885416666666667 0.21328125 0.0020833333333333333 0.0015625
2 0.022916666666666665 0.21796875 0.004166666666666667 0.0140625
2 0.9447916666666667 0.21015625 0.00625 0.0015625
2 0.7385416666666667 0.21015625 0.0020833333333333333 0.0015625
2 0.6864583333333333 0.21015625 0.0020833333333333333 0.0015625
2 0.026041666666666668 0.21015625 0.0020833333333333333 0.0015625
2 0.6989583333333333 0.20859375 0.0020833333333333333 0.0015625
2 0.15520833333333334 0.20859375 0.0020833333333333333 0.0015625
2 0.9427083333333334 0.20703125 0.00625 0.0015625
2 0.728125 0.20703125 0.0020833333333333333 0.0015625
2 0.7135416666666666 0.20546875 0.0020833333333333333 0.0015625
2 0.16354166666666667 0.20859375 0.010416666666666666 0.0078125
2 0.08229166666666667 0.20546875 0.0020833333333333333 0.0015625
2 0.9583333333333334 0.20625 0.016666666666666666 0.00625
2 0.09166666666666666 0.2046875 0.004166666666666667 0.003125
2 0.16979166666666667 0.20234375 0.0020833333333333333 0.0015625
2 0.978125 0.20078125 0.0020833333333333333 0.0015625
2 0.371875 0.20078125 0.00625 0.0046875
2 0.7572916666666667 0.19609375 0.0020833333333333333 0.0015625
2 0.7447916666666666 0.19609375 0.0020833333333333333 0.0015625
2 0.390625 0.196875 0.0020833333333333333 0.003125
2 0.9895833333333334 0.1953125 0.004166666666666667 0.003125
2 0.08333333333333333 0.19765625 0.008333333333333333 0.0078125
2 0.9979166666666667 0.19375 0.004166666666666667 0.003125
2 0.765625 0.18828125 0.0020833333333333333 0.0015625
2 0.7322916666666667 0.18828125 0.0020833333333333333 0.0015625
2 0.3302083333333333 0.184375 0.0020833333333333333 0.003125
2 0.765625 0.18046875 0.0020833333333333333 0.0015625
2 0.4322916666666667 0.17890625 0.0020833333333333333 0.0015625
2 0.3885416666666667 0.17890625 0.0020833333333333333 0.0015625
2 0.19479166666666667 0.17890625 0.0020833333333333333 0.0015625
2 0.990625 0.17265625 0.0020833333333333333 0.0015625
2 0.778125 0.17265625 0.0020833333333333333 0.0015625
2 0.4010416666666667 0.17890625 0.01875 0.0140625
2 0.9947916666666666 0.17109375 0.0020833333333333333 0.0015625
2 0.3489583333333333 0.17109375 0.0020833333333333333 0.0015625
2 0.37916666666666665 0.171875 0.008333333333333333 0.00625
2 0.3302083333333333 0.16953125 0.0020833333333333333 0.0015625
2 0.08020833333333334 0.16796875 0.0020833333333333333 0.0015625
2 0.07604166666666666 0.1796875 0.03125 0.025
2 0.022916666666666665 0.16875 0.004166666666666667 0.003125
2 0.01875 0.17578125 0.029166666666666667 0.0171875
2 0.020833333333333332 0.16328125 0.004166666666666667 0.0015625
2 0.014583333333333334 0.165625 0.008333333333333333 0.00625
2 0.37083333333333335 0.16328125 0.008333333333333333 0.0046875
2 0.396875 0.1609375 0.014583333333333334 0.015625
2 0.10729166666666666 0.159375 0.027083333333333334 0.015625
2 0.45729166666666665 0.15078125 0.0020833333333333333 0.0015625
2 0.99375 0.1578125 0.0125 0.021875
2 0.465625 0.14765625 0.0020833333333333333 0.0015625
2 0.4708333333333333 0.14140625 0.004166666666666667 0.0015625
2 0.4635416666666667 0.14375 0.010416666666666666 0.00625
2 0.003125 0.14375 0.00625 0.009375
2 0.4791666666666667 0.13828125 0.008333333333333333 0.0046875
2 0.42604166666666665 0.14609375 0.014583333333333334 0.0203125
2 0.4864583333333333 0.13515625 0.0020833333333333333 0.0015625
2 0.5197916666666667 0.13046875 0.0020833333333333333 0.0015625
2 0.0010416666666666667 0.13046875 0.0020833333333333333 0.0015625
2 0.5385416666666667 0.13125 0.010416666666666666 0.009375
2 0.603125 0.12578125 0.0020833333333333333 0.0015625
2 0.603125 0.115625 0.0020833333333333333 0.003125
2 0.5052083333333334 0.10703125 0.0020833333333333333 0.0015625
2 0.16354166666666667 0.10703125 0.0020833333333333333 0.0015625
2 0.8916666666666667 0.1109375 0.016666666666666666 0.015625
2 0.9947916666666666 0.11484375 0.010416666666666666 0.0359375
2 0.6208333333333333 0.09609375 0.004166666666666667 0.0015625
2 0.6104166666666667 0.0984375 0.020833333333333332 0.009375
2 0.9270833333333334 0.0828125 0.004166666666666667 0.003125
2 0.9979166666666667 0.07421875 0.004166666666666667 0.0046875
2 0.790625 0.07265625 0.0020833333333333333 0.0015625
2 0.790625 0.06953125 0.0020833333333333333 0.0015625
2 0.925 0.0734375 0.041666666666666664 0.0125
2 0.8010416666666667 0.06796875 0.0020833333333333333 0.0015625
2 0.7375 0.06875 0.008333333333333333 0.009375
2 0.6229166666666667 0.0796875 0.016666666666666666 0.03125
2 0.740625 0.06171875 0.0020833333333333333 0.0015625
2 0.971875 0.0546875 0.0020833333333333333 0.003125
2 0.7364583333333333 0.05234375 0.00625 0.0046875
2 0.278125 0.05078125 0.0020833333333333333 0.0015625
2 0.55 0.0484375 0.004166666666666667 0.003125
2 0.275 0.0453125 0.004166666666666667 0.003125
2 0.3770833333333333 0.03671875 0.025 0.0078125
2 0.7697916666666667 0.0421875 0.01875 0.021875
2 0.3614583333333333 0.03203125 0.0020833333333333333 0.0015625
2 0.7572916666666667 0.02890625 0.0020833333333333333 0.0015625
2 0.8239583333333333 0.01953125 0.0020833333333333333 0.0015625
2 0.33541666666666664 0.0203125 0.004166666666666667 0.003125
2 0.340625 0.01640625 0.0020833333333333333 0.0015625
2 0.33541666666666664 0.01640625 0.004166666666666667 0.0015625
2 0.6489583333333333 0.0140625 0.00625 0.003125
2 0.65625 0.01171875 0.004166666666666667 0.0015625
2 0.978125 0.03828125 0.04375 0.0765625
2 0.7020833333333333 0.0265625 0.09166666666666666 0.053125
2 0.35208333333333336 0.01171875 0.029166666666666667 0.0234375
2 0.4864583333333333 0.1875 0.9729166666666667 0.375
