0 0.03333333333333333 0.67734375 0.004166666666666667 0.0015625
0 0.853125 0.59453125 0.0020833333333333333 0.0015625
0 0.32916666666666666 0.58203125 0.008333333333333333 0.0046875
0 0.39375 0.575 0.0125 0.009375
0 0.9635416666666666 0.55859375 0.0020833333333333333 0.0046875
0 0.978125 0.5484375 0.00625 0.003125
0 0.9645833333333333 0.54765625 0.008333333333333333 0.0046875
0 0.990625 0.53984375 0.0020833333333333333 0.0015625
0 0.9489583333333333 0.52890625 0.0020833333333333333 0.0015625
0 0.896875 0.5234375 0.0020833333333333333 0.003125
0 0.7791666666666667 0.5203125 0.0125 0.009375
0 0.8947916666666667 0.509375 0.00625 0.003125
0 0.39479166666666665 0.5234375 0.022916666666666665 0.0375
0 0.35833333333333334 0.503125 0.004166666666666667 0.003125
0 0.36875 0.5 0.016666666666666666 0.009375
0 0.7645833333333333 0.49609375 0.004166666666666667 0.0078125
0 0.8302083333333333 0.49140625 0.0020833333333333333 0.0015625
0 0.6354166666666666 0.4765625 0.008333333333333333 0.00625
0 0.7645833333333333 0.48046875 0.0125 0.0171875
0 0.8520833333333333 0.46796875 0.008333333333333333 0.0015625
0 0.8635416666666667 0.46484375 0.0020833333333333333 0.0015625
0 0.8583333333333333 0.46484375 0.004166666666666667 0.0015625
0 0.7770833333333333 0.4671875 0.016666666666666666 0.009375
0 0.7614583333333333 0.46640625 0.00625 0.0078125
0 0.6395833333333333 0.46328125 0.004166666666666667 0.0078125
0 0.7958333333333333 0.44609375 0.004166666666666667 0.0046875
0 0.9510416666666667 0.44140625 0.0020833333333333333 0.0015625
0 0.75 0.440625 0.004166666666666667 0.003125
0 0.8020833333333334 0.4390625 0.004166666666666667 0.00625
0 0.8020833333333334 0.42109375 0.004166666666666667 0.0046875
0 0.8833333333333333 0.415625 0.004166666666666667 0.003125
0 0.8177083333333334 0.41484375 0.0020833333333333333 0.0015625
0 0.80625 0.409375 0.004166666666666667 0.003125
0 0.3177083333333333 0.4296875 0.05625 0.046875
0 0.9666666666666667 0.39609375 0.0125 0.0109375
0 0.946875 0.38515625 0.0020833333333333333 0.0015625
0 0.7572916666666667 0.38203125 0.0020833333333333333 0.0015625
0 0.978125 0.38671875 0.022916666666666665 0.0234375
0 0.6489583333333333 0.37734375 0.014583333333333334 0.0046875
0 0.971875 0.37265625 0.0020833333333333333 0.0015625
0 0.665625 0.38203125 0.06875 0.0265625
0 0.671875 0.36484375 0.0020833333333333333 0.0015625
0 0.7260416666666667 0.35546875 0.0020833333333333333 0.0015625
0 0.490625 0.34921875 0.0020833333333333333 0.0015625
0 0.534375 0.3484375 0.010416666666666666 0.015625
0 0.9322916666666666 0.3609375 0.07291666666666667 0.0625
0 0.9958333333333333 0.3328125 0.008333333333333333 0.009375
0 0.4479166666666667 0.328125 0.004166666666666667 0.003125
0 0.428125 0.33203125 0.035416666666666666 0.0140625
0 0.49270833333333336 0.32421875 0.0020833333333333333 0.0015625
0 0.8333333333333334 0.3234375 0.004166666666666667 0.003125
0 0.678125 0.31328125 0.0020833333333333333 0.0015625
0 0.7583333333333333 0.31015625 0.0125 0.0078125
0 0.7354166666666667 0.30546875 0.029166666666666667 0.0109375
0 0.6354166666666666 0.33671875 0.09583333333333334 0.0734375
0 0.6177083333333333 0.30078125 0.0020833333333333333 0.0015625
0 0.9479166666666666 0.30625 0.058333333333333334 0.021875
0 0.6208333333333333 0.29609375 0.004166666666666667 0.0078125
0 0.7708333333333334 0.2890625 0.008333333333333333 0.003125
0 0.8333333333333334 0.2953125 0.07916666666666666 0.034375
0 0.553125 0.28203125 0.01875 0.0109375
0 0.5666666666666667 0.2765625 0.004166666666666667 0.003125
0 0.8583333333333333 0.27421875 0.004166666666666667 0.0015625
0 0.7489583333333333 0.27265625 0.0020833333333333333 0.0015625
0 0.509375 0.2734375 0.00625 0.003125
0 0.36770833333333336 0.27734375 0.010416666666666666 0.0140625
0 0.7447916666666666 0.26953125 0.0020833333333333333 0.0015625
0 0.8479166666666667 0.26640625 0.004166666666666667 0.0015625
0 0.878125 0.2640625 0.0020833333333333333 0.003125
0 0.8625 0.26328125 0.004166666666666667 0.0015625
0 0.8552083333333333 0.26328125 0.0020833333333333333 0.0015625
0 0.8333333333333334 0.259375 0.004166666666666667 0.003125
0 0.6864583333333333 0.25859375 0.0020833333333333333 0.0015625
0 0.8395833333333333 0.25625 0.004166666666666667 0.003125
0 0.89375 0.275 0.029166666666666667 0.046875
0 0.471875 0.2515625 0.0020833333333333333 0.003125
0 0.88125 0.24765625 0.008333333333333333 0.0078125
0 0.45729166666666665 0.27421875 0.07291666666666667 0.0609375
0 0.8427083333333333 0.25234375 0.01875 0.0203125
0 0.8229166666666666 0.2515625 0.020833333333333332 0.01875
0 0.9791666666666666 0.2453125 0.041666666666666664 0.009375
0 0.83125 0.2421875 0.004166666666666667 0.003125
0 0.9052083333333333 0.2359375 0.00625 0.003125
0 0.7739583333333333 0.25859375 0.11875 0.0484375
0 0.028125 0.23671875 0.00625 0.0046875
0 0.6239583333333333 0.23359375 0.0020833333333333333 0.0015625
0 0.40625 0.23828125 0.0125 0.0109375
0 0.334375 0.22734375 0.0020833333333333333 0.0015625
0 0.8770833333333333 0.225 0.0125 0.00625
0 0.5052083333333334 0.2234375 0.00625 0.003125
0 0.403125 0.21328125 0.0020833333333333333 0.0015625
0 0.010416666666666666 0.215625 0.0125 0.00625
0 0.9927083333333333 0.2125 0.010416666666666666 0.00625
0 0.5708333333333333 0.21171875 0.008333333333333333 0.0078125
0 0.978125 0.20703125 0.0020833333333333333 0.0015625
0 0.8625 0.2125 0.029166666666666667 0.015625
0 0.6645833333333333 0.2078125 0.004166666666666667 0.0125
0 0.646875 0.20234375 0.0020833333333333333 0.0015625
0 0.8052083333333333 0.19921875 0.0020833333333333333 0.0015625
0 0.65 0.19921875 0.004166666666666667 0.0015625
0 0.8479166666666667 0.1984375 0.008333333333333333 0.003125
0 0.8239583333333333 0.196875 0.01875 0.009375
0 0.7447916666666666 0.1953125 0.00625 0.00625
0 0.7645833333333333 0.19375 0.004166666666666667 0.00625
0 0.609375 0.19140625 0.01875 0.0078125
0 0.35520833333333335 0.18828125 0.0020833333333333333 0.0015625
0 0.79375 0.1953125 0.016666666666666666 0.01875
0 0.7739583333333333 0.18828125 0.010416666666666666 0.0046875
0 0.39166666666666666 0.1875 0.004166666666666667 0.003125
0 0.35104166666666664 0.18671875 0.0020833333333333333 0.0015625
0 0.45729166666666665 0.20703125 0.06875 0.0453125
0 0.3302083333333333 0.18515625 0.0020833333333333333 0.0015625
0 0.20104166666666667 0.18203125 0.0020833333333333333 0.0015625
0 0.665625 0.17734375 0.0020833333333333333 0.0015625
0 0.40520833333333334 0.18359375 0.027083333333333334 0.0171875
0 0.2 0.1765625 0.004166666666666667 0.003125
0 0.928125 0.175 0.0020833333333333333 0.003125
0 0.296875 0.16953125 0.0020833333333333333 0.0015625
0 0.8447916666666667 0.17734375 0.04375 0.0203125
0 0.12916666666666668 0.16953125 0.008333333333333333 0.0046875
0 0.7822916666666667 0.16640625 0.0020833333333333333 0.0015625
0 0.8010416666666667 0.16640625 0.010416666666666666 0.0078125
0 0.5302083333333333 0.1640625 0.0020833333333333333 0.003125
0 0.2375 0.1640625 0.016666666666666666 0.0125
0 0.30416666666666664 0.16171875 0.016666666666666666 0.0109375
0 0.6166666666666667 0.1671875 0.041666666666666664 0.028125
0 0.5645833333333333 0.1578125 0.016666666666666666 0.021875
0 0.43020833333333336 0.1484375 0.0020833333333333333 0.003125
0 0.06354166666666666 0.146875 0.00625 0.003125
0 0.5375 0.14140625 0.008333333333333333 0.0046875
0 0.990625 0.13828125 0.0020833333333333333 0.0015625
0 0.353125 0.13828125 0.0020833333333333333 0.0015625
0 0.005208333333333333 0.140625 0.010416666666666666 0.00625
0 0.9625 0.175 0.075 0.078125
0 0.9645833333333333 0.1375 0.004166666666666667 0.003125
0 0.34479166666666666 0.14140625 0.027083333333333334 0.0140625
0 0.43645833333333334 0.134375 0.00625 0.003125
0 0.7895833333333333 0.13359375 0.004166666666666667 0.0046875
0 0.884375 0.12890625 0.0020833333333333333 0.0015625
0 0.8802083333333334 0.12890625 0.0020833333333333333 0.0015625
0 0.69375 0.128125 0.004166666666666667 0.003125
0 0.9552083333333333 0.13515625 0.01875 0.0203125
0 0.5395833333333333 0.1265625 0.004166666666666667 0.003125
0 0.875 0.13203125 0.04583333333333333 0.0171875
0 0.7875 0.12265625 0.004166666666666667 0.0015625
0 0.88125 0.121875 0.004166666666666667 0.003125
0 0.8197916666666667 0.1390625 0.04791666666666667 0.0375
0 0.028125 0.12265625 0.010416666666666666 0.0046875
0 0.7333333333333333 0.13125 0.07083333333333333 0.025
0 0.6875 0.121875 0.008333333333333333 0.00625
0 0.6302083333333334 0.1171875 0.0020833333333333333 0.003125
0 0.07291666666666667 0.1203125 0.0125 0.009375
0 0.696875 0.1171875 0.00625 0.00625
0 0.6583333333333333 0.14296875 0.058333333333333334 0.0609375
0 0.08645833333333333 0.1140625 0.0020833333333333333 0.003125
0 0.53125 0.11875 0.008333333333333333 0.015625
0 0.40625 0.11484375 0.0125 0.0078125
0 0.9854166666666667 0.1140625 0.020833333333333332 0.0125
0 0.8604166666666667 0.11015625 0.008333333333333333 0.0046875
0 0.746875 0.10859375 0.0020833333333333333 0.0015625
0 0.603125 0.11015625 0.010416666666666666 0.0046875
0 0.5385416666666667 0.10703125 0.0020833333333333333 0.0015625
0 0.553125 0.10703125 0.022916666666666665 0.0078125
0 0.53125 0.10703125 0.008333333333333333 0.0078125
0 0.415625 0.10390625 0.0020833333333333333 0.0015625
0 0.6708333333333333 0.103125 0.004166666666666667 0.003125
0 0.6052083333333333 0.10390625 0.0020833333333333333 0.0046875
0 0.6010416666666667 0.103125 0.0020833333333333333 0.003125
0 0.4197916666666667 0.10078125 0.0020833333333333333 0.0015625
0 0.1 0.103125 0.008333333333333333 0.00625
0 0.41458333333333336 0.1 0.004166666666666667 0.003125
0 0.109375 0.09765625 0.0020833333333333333 0.0015625
0 0.16458333333333333 0.09765625 0.004166666666666667 0.0046875
0 0.06875 0.0984375 0.004166666666666667 0.009375
0 0.029166666666666667 0.1046875 0.04583333333333333 0.025
0 0.20416666666666666 0.09453125 0.016666666666666666 0.0078125
0 0.9052083333333333 0.09140625 0.00625 0.0046875
0 0.7302083333333333 0.08984375 0.0020833333333333333 0.0015625
0 0.096875 0.0890625 0.0020833333333333333 0.003125
0 0.7322916666666667 0.08671875 0.0020833333333333333 0.0015625
0 0.3104166666666667 0.09140625 0.0125 0.0140625
0 0.016666666666666666 0.08359375 0.03333333333333333 0.0078125
0 0.13020833333333334 0.078125 0.010416666666666666 0.003125
0 0.8979166666666667 0.0828125 0.020833333333333332 0.015625
0 0.871875 0.08359375 0.010416666666666666 0.0171875
0 0.4552083333333333 0.0796875 0.010416666666666666 0.009375
0 0.41770833333333335 0.0796875 0.010416666666666666 0.009375
0 0.115625 0.07890625 0.014583333333333334 0.0078125
0 0.8666666666666667 0.075 0.004166666666666667 0.003125
0 0.7822916666666667 0.07421875 0.0020833333333333333 0.0015625
0 0.95625 0.08203125 0.029166666666666667 0.0203125
0 0.7864583333333334 0.07109375 0.00625 0.0046875
0 0.6760416666666667 0.06953125 0.0020833333333333333 0.0015625
0 0.8895833333333333 0.07109375 0.0125 0.0078125
0 0.6864583333333333 0.0703125 0.00625 0.00625
0 0.8291666666666667 0.0703125 0.008333333333333333 0.009375
0 0.7291666666666666 0.07421875 0.016666666666666666 0.0171875
0 0.3302083333333333 0.06640625 0.0020833333333333333 0.0015625
0 0.3260416666666667 0.065625 0.0020833333333333333 0.003125
0 0.7802083333333333 0.06328125 0.0020833333333333333 0.0015625
0 0.7197916666666667 0.06328125 0.0020833333333333333 0.0015625
0 0.6208333333333333 0.06875 0.016666666666666666 0.0125
0 0.5302083333333333 0.0640625 0.00625 0.003125
0 0.8729166666666667 0.065625 0.0125 0.009375
0 0.14895833333333333 0.06171875 0.0020833333333333333 0.0015625
0 0.28541666666666665 0.0640625 0.0125 0.009375
0 0.7354166666666667 0.06015625 0.004166666666666667 0.0046875
0 0.5302083333333333 0.059375 0.0020833333333333333 0.003125
0 0.3177083333333333 0.05859375 0.0020833333333333333 0.0015625
0 0.31145833333333334 0.06328125 0.022916666666666665 0.0109375
0 0.7083333333333334 0.065625 0.020833333333333332 0.01875
0 0.6979166666666666 0.05703125 0.004166666666666667 0.0015625
0 0.671875 0.0578125 0.0020833333333333333 0.003125
0 0.55 0.06171875 0.016666666666666666 0.0109375
0 0.7697916666666667 0.05546875 0.0020833333333333333 0.0015625
0 0.75625 0.05703125 0.004166666666666667 0.0046875
0 0.7572916666666667 0.05234375 0.0020833333333333333 0.0015625
0 0.490625 0.05234375 0.00625 0.0015625
0 0.3 0.053125 0.004166666666666667 0.003125
0 0.13854166666666667 0.05234375 0.0020833333333333333 0.0015625
0 0.771875 0.0515625 0.0020833333333333333 0.003125
0 0.553125 0.0515625 0.00625 0.003125
0 0.5302083333333333 0.05234375 0.00625 0.0046875
0 0.31145833333333334 0.053125 0.014583333333333334 0.00625
0 0.16354166666666667 0.0515625 0.0020833333333333333 0.003125
0 0.546875 0.04921875 0.0020833333333333333 0.0015625
0 0.190625 0.05 0.0020833333333333333 0.003125
0 0.165625 0.04765625 0.0020833333333333333 0.0015625
0 0.7739583333333333 0.04609375 0.0020833333333333333 0.0015625
0 0.340625 0.04609375 0.00625 0.0046875
0 0.653125 0.04609375 0.022916666666666665 0.0078125
0 0.13854166666666667 0.04296875 0.0020833333333333333 0.0015625
0 0.68125 0.05546875 0.020833333333333332 0.0296875
0 0.471875 0.04140625 0.0020833333333333333 0.0015625
0 0.8020833333333334 0.040625 0.004166666666666667 0.003125
0 0.8197916666666667 0.03828125 0.0020833333333333333 0.0015625
0 0.8135416666666667 0.03828125 0.0020833333333333333 0.0015625
0 0.7083333333333334 0.0390625 0.004166666666666667 0.003125
0 0.6 0.04921875 0.029166666666666667 0.0234375
0 0.9958333333333333 0.0390625 0.008333333333333333 0.00625
0 0.7114583333333333 0.03671875 0.0020833333333333333 0.0015625
0 0.553125 0.03671875 0.0020833333333333333 0.0015625
0 0.4427083333333333 0.03671875 0.0020833333333333333 0.0015625
0 0.40208333333333335 0.0390625 0.004166666666666667 0.00625
0 0.4635416666666667 0.0390625 0.014583333333333334 0.0125
0 0.8864583333333333 0.04140625 0.014583333333333334 0.0203125
0 0.5822916666666667 0.03046875 0.0020833333333333333 0.0015625
0 0.471875 0.03046875 0.0020833333333333333 0.0015625
0 0.296875 0.03046875 0.0020833333333333333 0.0015625
0 0.42916666666666664 0.0296875 0.004166666666666667 0.003125
0 0.42291666666666666 0.03046875 0.004166666666666667 0.0046875
0 0.8802083333333334 0.02734375 0.0020833333333333333 0.0015625
0 0.8447916666666667 0.02734375 0.0020833333333333333 0.0015625
0 0.5822916666666667 0.02734375 0.0020833333333333333 0.0015625
0 0.41354166666666664 0.028125 0.00625 0.003125
0 0.7760416666666666 0.0421875 0.035416666666666666 0.034375
0 0.5697916666666667 0.03046875 0.014583333333333334 0.0109375
0 0.8322916666666667 0.02421875 0.0020833333333333333 0.0015625
0 0.49166666666666664 0.02578125 0.008333333333333333 0.0046875
0 0.446875 0.025 0.0020833333333333333 0.003125
0 0.2989583333333333 0.02578125 0.0020833333333333333 0.0046875
0 0.28229166666666666 0.02421875 0.0020833333333333333 0.0015625
0 0.2708333333333333 0.025 0.004166666666666667 0.003125
0 0.6854166666666667 0.03125 0.016666666666666666 0.01875
0 0.6739583333333333 0.02265625 0.0020833333333333333 0.0015625
0 0.27708333333333335 0.025 0.004166666666666667 0.00625
0 0.2625 0.0234375 0.008333333333333333 0.003125
0 0.30520833333333336 0.021875 0.00625 0.003125
0 0.684375 0.01953125 0.0020833333333333333 0.0015625
0 0.665625 0.01953125 0.0020833333333333333 0.0015625
0 0.5395833333333333 0.021875 0.004166666666666667 0.00625
0 0.296875 0.01953125 0.0020833333333333333 0.0015625
0 0.28854166666666664 0.0234375 0.00625 0.009375
0 0.484375 0.01796875 0.0020833333333333333 0.0015625
0 0.8739583333333333 0.01640625 0.0020833333333333333 0.0015625
0 0.86875 0.01875 0.008333333333333333 0.00625
0 0.6635416666666667 0.01640625 0.0020833333333333333 0.0015625
0 0.3625 0.01796875 0.008333333333333333 0.0046875
0 0.8635416666666667 0.01484375 0.0020833333333333333 0.0015625
0 0.5885416666666666 0.01484375 0.0020833333333333333 0.0015625
0 0.44895833333333335 0.01484375 0.0020833333333333333 0.0015625
0 0.315625 0.01484375 0.0020833333333333333 0.0015625
0 0.28020833333333334 0.01640625 0.00625 0.0046875
0 0.8427083333333333 0.01328125 0.0020833333333333333 0.0015625
0 0.715625 0.01328125 0.00625 0.0015625
0 0.6916666666666667 0.01875 0.008333333333333333 0.0125
0 0.6416666666666667 0.0140625 0.004166666666666667 0.003125
0 0.465625 0.01328125 0.0020833333333333333 0.0015625
0 0.30104166666666665 0.015625 0.010416666666666666 0.00625
0 0.759375 0.01171875 0.0020833333333333333 0.0015625
0 0.7552083333333334 0.01171875 0.0020833333333333333 0.0015625
0 0.5697916666666667 0.01171875 0.0020833333333333333 0.0015625
0 0.5010416666666667 0.01171875 0.0020833333333333333 0.0015625
0 0.4864583333333333 0.01171875 0.0020833333333333333 0.0015625
0 0.29270833333333335 0.0125 0.0020833333333333333 0.003125
0 0.8270833333333333 0.01875 0.0125 0.01875
0 0.7635416666666667 0.0109375 0.0020833333333333333 0.003125
0 0.7083333333333334 0.01171875 0.004166666666666667 0.0046875
0 0.31145833333333334 0.0125 0.00625 0.00625
0 0.2125 0.0203125 0.0125 0.021875
0 0.7 0.01015625 0.008333333333333333 0.0046875
0 0.5802083333333333 0.009375 0.0020833333333333333 0.003125
0 0.48125 0.01015625 0.004166666666666667 0.0046875
0 0.20729166666666668 0.00859375 0.0020833333333333333 0.0015625
0 0.8260416666666667 0.00703125 0.0020833333333333333 0.0015625
0 0.6885416666666667 0.00703125 0.0020833333333333333 0.0015625
0 0.540625 0.00703125 0.0020833333333333333 0.0015625
0 0.46041666666666664 0.00859375 0.004166666666666667 0.0046875
0 0.3260416666666667 0.00703125 0.0020833333333333333 0.0015625
0 0.309375 0.00703125 0.0020833333333333333 0.0015625
0 0.26666666666666666 0.0140625 0.029166666666666667 0.015625
0 0.584375 0.00546875 0.0020833333333333333 0.0015625
0 0.7520833333333333 0.00625 0.016666666666666666 0.00625
0 0.6864583333333333 0.00390625 0.0020833333333333333 0.0015625
0 0.3385416666666667 0.00703125 0.014583333333333334 0.0078125
0 0.31354166666666666 0.00390625 0.0020833333333333333 0.0015625
0 0.8260416666666667 0.00234375 0.0020833333333333333 0.0015625
0 0.8114583333333333 0.01875 0.022916666666666665 0.034375
0 0.5708333333333333 0.00546875 0.008333333333333333 0.0078125
0 0.34791666666666665 0.00546875 0.008333333333333333 0.0078125
0 0.290625 0.00234375 0.0020833333333333333 0.0015625
0 0.7677083333333333 0.00078125 0.0020833333333333333 0.0015625
0 0.6239583333333333 0.00625 0.035416666666666666 0.0125
0 0.5885416666666666 0.00546875 0.010416666666666666 0.0109375
0 0.546875 0.00078125 0.0020833333333333333 0.0015625
0 0.51875 0.021875 0.05 0.04375
0 0.4708333333333333 0.00703125 0.020833333333333332 0.0140625
0 0.45 0.0015625 0.004166666666666667 0.003125
0 0.434375 0.021875 0.03125 0.04375
0 0.38125 0.01328125 0.05416666666666667 0.0265625
0 0.21770833333333334 0.0046875 0.010416666666666666 0.009375
0 0.10208333333333333 0.02890625 0.19583333333333333 0.0578125
0 0.028125 0.00234375 0.010416666666666666 0.0046875
0 0.010416666666666666 0.00078125 0.004166666666666667 0.0015625
1 0.20208333333333334 0.8984375 0.004166666666666667 0.003125
1 0.184375 0.89453125 0.014583333333333334 0.0078125
1 0.26666666666666666 0.87890625 0.0125 0.0078125
1 0.14895833333333333 0.87109375 0.027083333333333334 0.0078125
1 0.31666666666666665 0.8625 0.008333333333333333 0.00625
1 0.21354166666666666 0.875 0.027083333333333334 0.03125
1 0.33125 0.85234375 0.004166666666666667 0.0015625
1 0.33645833333333336 0.84765625 0.00625 0.0046875
1 0.35 0.8375 0.0125 0.009375
1 0.29791666666666666 0.6375 0.004166666666666667 0.003125
1 0.628125 0.6359375 0.0020833333333333333 0.003125
1 0.609375 0.64375 0.04375 0.025
1 0.6125 0.6265625 0.004166666666666667 0.003125
1 0.596875 0.6234375 0.00625 0.003125
1 0.9635416666666666 0.62265625 0.00625 0.0046875
1 0.7729166666666667 0.621875 0.004166666666666667 0.003125
1 0.9645833333333333 0.61796875 0.004166666666666667 0.0015625
1 0.2708333333333333 0.59765625 0.008333333333333333 0.0046875
1 0.2947916666666667 0.57734375 0.0020833333333333333 0.0015625
1 0.09270833333333334 0.57421875 0.0020833333333333333 0.0015625
1 0.9614583333333333 0.57265625 0.014583333333333334 0.0046875
1 0.25416666666666665 0.553125 0.004166666666666667 0.003125
1 0.89375 0.51640625 0.0125 0.0046875
1 0.28541666666666665 0.4984375 0.008333333333333333 0.003125
1 0.13333333333333333 0.7046875 0.26666666666666666 0.421875
1 0.2989583333333333 0.49140625 0.01875 0.0078125
1 0.9458333333333333 0.50859375 0.10833333333333334 0.0640625
1 0.8166666666666667 0.48125 0.0125 0.009375
1 0.9947916666666666 0.4796875 0.010416666666666666 0.009375
1 0.8916666666666667 0.471875 0.004166666666666667 0.00625
1 0.22708333333333333 0.46171875 0.004166666666666667 0.0015625
1 0.9635416666666666 0.46171875 0.00625 0.0046875
1 0.221875 0.46015625 0.0020833333333333333 0.0015625
1 0.228125 0.45859375 0.0020833333333333333 0.0015625
1 0.22604166666666667 0.45390625 0.0020833333333333333 0.0015625
1 0.8875 0.45546875 0.025 0.0234375
1 0.9041666666666667 0.44453125 0.004166666666666667 0.0078125
1 0.9635416666666666 0.4421875 0.01875 0.015625
1 0.34270833333333334 0.42578125 0.0020833333333333333 0.0015625
1 0.9635416666666666 0.42265625 0.0020833333333333333 0.0015625
1 0.32708333333333334 0.40390625 0.008333333333333333 0.0046875
1 0.334375 0.40078125 0.0020833333333333333 0.0015625
1 0.10416666666666667 0.396875 0.008333333333333333 0.00625
1 0.06354166666666666 0.40234375 0.07291666666666667 0.0234375
1 0.8822916666666667 0.4296875 0.14791666666666667 0.090625
1 0.6020833333333333 0.3828125 0.004166666666666667 0.00625
1 0.6354166666666666 0.38046875 0.004166666666666667 0.0046875
1 0.44583333333333336 0.378125 0.008333333333333333 0.003125
1 0.9833333333333333 0.3984375 0.03333333333333333 0.05
1 0.7583333333333333 0.3734375 0.008333333333333333 0.003125
1 0.7489583333333333 0.37265625 0.0020833333333333333 0.0015625
1 0.403125 0.37265625 0.0020833333333333333 0.0015625
1 0.246875 0.36640625 0.0020833333333333333 0.0015625
1 0.6645833333333333 0.359375 0.029166666666666667 0.01875
1 0.746875 0.35234375 0.03958333333333333 0.0140625
1 0.42604166666666665 0.34453125 0.0020833333333333333 0.0015625
1 0.40729166666666666 0.35078125 0.027083333333333334 0.0140625
1 0.17083333333333334 0.33671875 0.004166666666666667 0.0046875
1 0.153125 0.33203125 0.0020833333333333333 0.0015625
1 0.49583333333333335 0.33515625 0.0125 0.0109375
1 0.15729166666666666 0.32890625 0.0020833333333333333 0.0015625
1 0.128125 0.33671875 0.04375 0.0171875
1 0.31979166666666664 0.328125 0.0020833333333333333 0.003125
1 0.16354166666666667 0.328125 0.0020833333333333333 0.003125
1 0.21666666666666667 0.32578125 0.004166666666666667 0.0015625
1 0.86875 0.32109375 0.004166666666666667 0.0015625
1 0.8697916666666666 0.31640625 0.0020833333333333333 0.0015625
1 0.8125 0.31640625 0.008333333333333333 0.0046875
1 0.78125 0.31875 0.03333333333333333 0.0125
1 0.022916666666666665 0.31171875 0.004166666666666667 0.0015625
1 0.13854166666666667 0.31328125 0.010416666666666666 0.0078125
1 0.065625 0.31015625 0.0020833333333333333 0.0015625
1 0.06145833333333333 0.31015625 0.0020833333333333333 0.0015625
1 0.440625 0.31484375 0.01875 0.0140625
1 0.38645833333333335 0.30234375 0.0020833333333333333 0.0015625
1 0.8885416666666667 0.31796875 0.03958333333333333 0.0421875
1 0.7854166666666667 0.2984375 0.008333333333333333 0.003125
1 0.384375 0.28984375 0.010416666666666666 0.0046875
1 0.8135416666666667 0.2890625 0.014583333333333334 0.00625
1 0.5072916666666667 0.28671875 0.010416666666666666 0.0078125
1 0.340625 0.27890625 0.0020833333333333333 0.0015625
1 0.346875 0.27734375 0.0020833333333333333 0.0015625
1 0.784375 0.2828125 0.035416666666666666 0.015625
1 0.6354166666666666 0.2875 0.03333333333333333 0.025
1 0.6 0.475 0.8 0.4125
1 0.46770833333333334 0.26015625 0.022916666666666665 0.0109375
1 0.3885416666666667 0.26328125 0.027083333333333334 0.0234375
1 0.3614583333333333 0.2546875 0.04375 0.03125
1 0.42291666666666666 0.22265625 0.0375 0.0171875
1 0.378125 0.21484375 0.0020833333333333333 0.0015625
1 0.7739583333333333 0.209375 0.0020833333333333333 0.003125
1 0.22395833333333334 0.20546875 0.0020833333333333333 0.0015625
1 0.24479166666666666 0.20234375 0.0020833333333333333 0.0015625
1 0.8229166666666666 0.23125 0.10416666666666667 0.0625
1 0.49375 0.19921875 0.004166666666666667 0.0015625
1 0.6270833333333333 0.21171875 0.029166666666666667 0.0296875
1 0.68125 0.246875 0.12083333333333333 0.10625
1 0.21145833333333333 0.19921875 0.04375 0.0140625
1 0.42916666666666664 0.17734375 0.004166666666666667 0.0015625
1 0.35104166666666664 0.17734375 0.0020833333333333333 0.0015625
1 0.9416666666666667 0.2375 0.11666666666666667 0.125
1 0.65 0.18515625 0.03333333333333333 0.0234375
1 0.21979166666666666 0.17109375 0.00625 0.0078125
1 0.196875 0.1625 0.010416666666666666 0.009375
1 0.753125 0.1703125 0.04791666666666667 0.034375
1 0.5833333333333334 0.15234375 0.004166666666666667 0.0015625
1 0.7875 0.15546875 0.0125 0.0109375
1 0.934375 0.1578125 0.027083333333333334 0.021875
1 0.3885416666666667 0.1609375 0.022916666666666665 0.028125
1 0.19479166666666667 0.14765625 0.00625 0.0015625
1 0.13645833333333332 0.146875 0.00625 0.003125
1 0.8479166666666667 0.13984375 0.004166666666666667 0.0015625
1 0.7333333333333333 0.16171875 0.0625 0.0453125
1 0.6989583333333333 0.14453125 0.010416666666666666 0.0140625
1 0.22708333333333333 0.15 0.020833333333333332 0.03125
1 0.5489583333333333 0.1328125 0.00625 0.003125
1 0.071875 0.13671875 0.014583333333333334 0.0109375
1 0.22604166666666667 0.25546875 0.45208333333333334 0.2484375
1 0.11770833333333333 0.14921875 0.03125 0.0390625
1 0.4947916666666667 0.20546875 0.12291666666666666 0.1546875
1 0.3697916666666667 0.13125 0.0020833333333333333 0.00625
1 0.6697916666666667 0.12734375 0.0020833333333333333 0.0015625
1 0.16354166666666667 0.12734375 0.0020833333333333333 0.0015625
1 0.5614583333333333 0.1265625 0.00625 0.003125
1 0.315625 0.128125 0.010416666666666666 0.00625
1 0.051041666666666666 0.12734375 0.014583333333333334 0.0046875
1 0.978125 0.12890625 0.01875 0.0140625
1 0.6 0.13203125 0.041666666666666664 0.0234375
1 0.5166666666666667 0.13203125 0.016666666666666666 0.0234375
1 0.365625 0.121875 0.014583333333333334 0.00625
1 0.275 0.13203125 0.07083333333333333 0.0359375
1 0.0375 0.11640625 0.004166666666666667 0.0046875
1 0.9635416666666666 0.115625 0.0020833333333333333 0.00625
1 0.8864583333333333 0.11171875 0.0020833333333333333 0.0015625
1 0.46770833333333334 0.115625 0.00625 0.009375
1 0.05416666666666667 0.1171875 0.020833333333333332 0.0125
1 0.38125 0.11328125 0.008333333333333333 0.0078125
1 0.4166666666666667 0.11796875 0.05 0.0234375
1 0.3020833333333333 0.10859375 0.004166666666666667 0.0046875
1 0.6291666666666667 0.10859375 0.020833333333333332 0.0078125
1 0.9572916666666667 0.103125 0.00625 0.003125
1 0.4625 0.10234375 0.008333333333333333 0.0015625
1 0.45208333333333334 0.10234375 0.004166666666666667 0.0015625
1 0.3958333333333333 0.103125 0.004166666666666667 0.003125
1 0.18958333333333333 0.10546875 0.0125 0.0078125
1 0.8958333333333334 0.1046875 0.008333333333333333 0.009375
1 0.49270833333333336 0.10390625 0.014583333333333334 0.0078125
1 0.44166666666666665 0.1015625 0.0125 0.003125
1 0.9302083333333333 0.10859375 0.04791666666666667 0.0328125
1 0.016666666666666666 0.09453125 0.004166666666666667 0.0046875
1 0.084375 0.09765625 0.014583333333333334 0.0140625
1 0.3302083333333333 0.0875 0.0020833333333333333 0.003125
1 0.12604166666666666 0.0890625 0.014583333333333334 0.009375
1 0.94375 0.0875 0.020833333333333332 0.0125
1 0.22395833333333334 0.0953125 0.03958333333333333 0.028125
1 0.85 0.0765625 0.008333333333333333 0.003125
1 0.5291666666666667 0.075 0.03333333333333333 0.0125
1 0.9166666666666666 0.0734375 0.029166666666666667 0.021875
1 0.9177083333333333 0.06015625 0.0020833333333333333 0.0015625
1 0.84375 0.0609375 0.004166666666666667 0.003125
1 0.190625 0.0625 0.014583333333333334 0.00625
1 0.928125 0.05859375 0.0020833333333333333 0.0015625
1 0.9114583333333334 0.059375 0.0020833333333333333 0.003125
1 0.471875 0.06015625 0.00625 0.0046875
1 0.5364583333333334 0.05703125 0.0020833333333333333 0.0015625
1 0.5083333333333333 0.059375 0.020833333333333332 0.009375
1 0.9260416666666667 0.05390625 0.00625 0.0078125
1 0.16979166666666667 0.0578125 0.022916666666666665 0.015625
1 0.38333333333333336 0.046875 0.008333333333333333 0.00625
1 0.9854166666666667 0.06875 0.029166666666666667 0.053125
1 0.5791666666666667 0.0609375 0.05416666666666667 0.046875
1 0.06875 0.05390625 0.1375 0.0359375
1 0.41354166666666664 0.05234375 0.10625 0.0359375
1 0.3125 0.03828125 0.016666666666666666 0.0078125
1 0.4875 0.03671875 0.025 0.0140625
1 0.8989583333333333 0.02734375 0.0020833333333333333 0.0015625
1 0.24583333333333332 0.046875 0.09166666666666666 0.040625
1 0.22395833333333334 0.02734375 0.0020833333333333333 0.0015625
1 0.00625 0.028125 0.0125 0.021875
1 0.334375 0.0203125 0.01875 0.009375
1 0.6364583333333333 0.0484375 0.08958333333333333 0.071875
1 0.9395833333333333 0.0109375 0.004166666666666667 0.003125
1 0.7854166666666667 0.00703125 0.004166666666666667 0.0046875
1 0.95 0.03671875 0.1 0.0671875
1 0.6552083333333333 0.00703125 0.01875 0.0140625
1 0.6114583333333333 0.00078125 0.010416666666666666 0.0015625
1 0.525 0.0015625 0.0125 0.003125
