0 0.33229166666666665 0.47421875 0.00625 0.0078125
0 0.44375 0.4125 0.004166666666666667 0.00625
0 0.4322916666666667 0.40390625 0.00625 0.0046875
0 0.596875 0.39140625 0.00625 0.0046875
0 0.9427083333333334 0.36171875 0.0020833333333333333 0.0015625
0 0.9427083333333334 0.3546875 0.00625 0.00625
0 0.28229166666666666 0.34765625 0.010416666666666666 0.0015625
0 0.47604166666666664 0.30234375 0.014583333333333334 0.0078125
0 0.503125 0.28203125 0.0020833333333333333 0.0015625
0 0.5697916666666667 0.28046875 0.0020833333333333333 0.0015625
0 0.565625 0.28046875 0.0020833333333333333 0.0015625
0 0.5677083333333334 0.27734375 0.0020833333333333333 0.0015625
0 0.565625 0.27421875 0.0020833333333333333 0.0015625
0 0.35625 0.24453125 0.0125 0.0171875
0 0.35625 0.23046875 0.004166666666666667 0.0078125
0 0.6260416666666667 0.20859375 0.0020833333333333333 0.0015625
0 0.540625 0.20703125 0.0020833333333333333 0.0015625
0 0.671875 0.20234375 0.0020833333333333333 0.0015625
0 0.6302083333333334 0.203125 0.0020833333333333333 0.003125
0 0.6114583333333333 0.20234375 0.00625 0.0046875
0 0.603125 0.18828125 0.0020833333333333333 0.0015625
0 0.5697916666666667 0.18203125 0.0020833333333333333 0.0015625
0 0.5697916666666667 0.17890625 0.0020833333333333333 0.0015625
0 0.6885416666666667 0.1921875 0.022916666666666665 0.03125
0 0.3927083333333333 0.1703125 0.0020833333333333333 0.003125
0 0.39895833333333336 0.16640625 0.0020833333333333333 0.0015625
0 0.203125 0.1625 0.0020833333333333333 0.003125
0 0.39895833333333336 0.16015625 0.0020833333333333333 0.0015625
0 0.409375 0.15859375 0.0020833333333333333 0.0046875
0 0.415625 0.15390625 0.0020833333333333333 0.0015625
0 0.4114583333333333 0.15390625 0.0020833333333333333 0.0015625
0 0.6197916666666666 0.15078125 0.0020833333333333333 0.0015625
0 0.61875 0.13828125 0.004166666666666667 0.0046875
0 0.625 0.13203125 0.004166666666666667 0.0015625
0 0.4322916666666667 0.13046875 0.0020833333333333333 0.0015625
0 0.6708333333333333 0.1375 0.03333333333333333 0.01875
0 0.6385416666666667 0.12890625 0.0020833333333333333 0.0015625
0 0.621875 0.12890625 0.0020833333333333333 0.0015625
0 0.359375 0.12890625 0.0020833333333333333 0.0046875
0 0.6239583333333333 0.12421875 0.0020833333333333333 0.0015625
0 0.43645833333333334 0.12265625 0.00625 0.0046875
0 0.596875 0.11484375 0.0020833333333333333 0.0015625
0 0.515625 0.1171875 0.014583333333333334 0.0125
0 0.6958333333333333 0.1109375 0.008333333333333333 0.003125
0 0.596875 0.10078125 0.0020833333333333333 0.0015625
0 0.5833333333333334 0.10625 0.0125 0.0125
0 0.5989583333333334 0.09140625 0.0020833333333333333 0.0015625
0 0.5927083333333333 0.0921875 0.0020833333333333333 0.003125
0 0.5927083333333333 0.08828125 0.0020833333333333333 0.0015625
0 0.5302083333333333 0.08984375 0.0020833333333333333 0.0078125
0 0.6 0.0859375 0.004166666666666667 0.003125
0 0.5927083333333333 0.08515625 0.0020833333333333333 0.0015625
0 0.7572916666666667 0.04609375 0.0020833333333333333 0.0015625
1 0.49375 0.7875 0.0125 0.003125
1 0.4166666666666667 0.7875 0.008333333333333333 0.00625
1 0.4 0.778125 0.0125 0.00625
1 0.03125 0.7625 0.004166666666666667 0.003125
1 0.19479166666666667 0.75234375 0.0020833333333333333 0.0015625
1 0.20104166666666667 0.75078125 0.0020833333333333333 0.0015625
1 0.007291666666666667 0.75078125 0.0020833333333333333 0.0015625
1 0.903125 0.74765625 0.0020833333333333333 0.0015625
1 0.8708333333333333 0.74765625 0.004166666666666667 0.0015625
1 0.005208333333333333 0.7484375 0.010416666666666666 0.009375
1 0.8864583333333333 0.73828125 0.0020833333333333333 0.0015625
1 0.004166666666666667 0.73828125 0.008333333333333333 0.0078125
1 0.896875 0.73515625 0.00625 0.0046875
1 0.015625 0.73203125 0.0020833333333333333 0.0015625
1 0.028125 0.73203125 0.0020833333333333333 0.0046875
1 0.9635416666666666 0.7296875 0.00625 0.00625
1 0.8614583333333333 0.728125 0.0020833333333333333 0.003125
1 0.8302083333333333 0.728125 0.0020833333333333333 0.003125
1 0.030208333333333334 0.7265625 0.00625 0.003125
1 0.01875 0.72734375 0.004166666666666667 0.0046875
1 0.8541666666666666 0.721875 0.004166666666666667 0.003125
1 0.041666666666666664 0.7171875 0.004166666666666667 0.003125
1 0.004166666666666667 0.72421875 0.008333333333333333 0.0171875
1 0.051041666666666666 0.71171875 0.0020833333333333333 0.0015625
1 0.04583333333333333 0.7125 0.004166666666666667 0.003125
1 0.0010416666666666667 0.7125 0.0020833333333333333 0.003125
1 0.017708333333333333 0.71640625 0.014583333333333334 0.0140625
1 0.19479166666666667 0.7359375 0.07708333333333334 0.05625
1 0.04583333333333333 0.70625 0.008333333333333333 0.00625
1 0.4375 0.7078125 0.004166666666666667 0.0125
1 0.00625 0.70234375 0.0125 0.0046875
1 0.051041666666666666 0.69609375 0.0020833333333333333 0.0015625
1 0.07604166666666666 0.68984375 0.0020833333333333333 0.0015625
1 0.11979166666666667 0.68671875 0.0020833333333333333 0.0015625
1 0.07604166666666666 0.68671875 0.0020833333333333333 0.0015625
1 0.065625 0.68671875 0.0020833333333333333 0.0015625
1 0.115625 0.68515625 0.0020833333333333333 0.0015625
1 0.04479166666666667 0.7015625 0.035416666666666666 0.040625
1 0.11145833333333334 0.68046875 0.0020833333333333333 0.0015625
1 0.0875 0.6859375 0.0375 0.0125
1 0.3333333333333333 0.68515625 0.03333333333333333 0.0140625
1 0.11770833333333333 0.67890625 0.0020833333333333333 0.0015625
1 0.08020833333333334 0.67890625 0.0020833333333333333 0.0015625
1 0.06145833333333333 0.67890625 0.0020833333333333333 0.0015625
1 0.042708333333333334 0.67890625 0.0020833333333333333 0.0015625
1 0.31354166666666666 0.67734375 0.0020833333333333333 0.0015625
1 0.12291666666666666 0.67734375 0.004166666666666667 0.0046875
1 0.07708333333333334 0.67578125 0.004166666666666667 0.0015625
1 0.08229166666666667 0.67421875 0.0020833333333333333 0.0015625
1 0.015625 0.68203125 0.03125 0.0171875
1 0.013541666666666667 0.67109375 0.0020833333333333333 0.0015625
1 0.8677083333333333 0.675 0.01875 0.015625
1 0.39895833333333336 0.71484375 0.07708333333333334 0.1015625
1 0.8677083333333333 0.6640625 0.00625 0.003125
1 0.057291666666666664 0.66328125 0.0020833333333333333 0.0015625
1 0.013541666666666667 0.66328125 0.0020833333333333333 0.0015625
1 0.07708333333333334 0.6609375 0.004166666666666667 0.003125
1 0.3854166666666667 0.66171875 0.004166666666666667 0.0078125
1 0.29375 0.66640625 0.0375 0.0171875
1 0.005208333333333333 0.65859375 0.0020833333333333333 0.0015625
1 0.05625 0.66875 0.0375 0.025
1 0.025 0.65703125 0.004166666666666667 0.0015625
1 0.011458333333333333 0.65703125 0.00625 0.0078125
1 0.0010416666666666667 0.6546875 0.0020833333333333333 0.003125
1 0.2791666666666667 0.65234375 0.004166666666666667 0.0015625
1 0.015625 0.64921875 0.0020833333333333333 0.0015625
1 0.0375 0.64453125 0.004166666666666667 0.0015625
1 0.1125 0.64609375 0.004166666666666667 0.0078125
1 0.15729166666666666 0.64140625 0.0020833333333333333 0.0015625
1 0.11979166666666667 0.63828125 0.0020833333333333333 0.0015625
1 0.053125 0.63828125 0.0020833333333333333 0.0015625
1 0.06458333333333334 0.63984375 0.008333333333333333 0.0140625
1 0.13541666666666666 0.628125 0.004166666666666667 0.003125
1 0.06979166666666667 0.62890625 0.0020833333333333333 0.0046875
1 0.016666666666666666 0.63984375 0.03333333333333333 0.0296875
1 0.042708333333333334 0.62109375 0.0020833333333333333 0.0015625
1 0.17708333333333334 0.62265625 0.0125 0.0078125
1 0.16770833333333332 0.61640625 0.0020833333333333333 0.0015625
1 0.13854166666666667 0.61640625 0.00625 0.0046875
1 0.13125 0.615625 0.004166666666666667 0.00625
1 0.17291666666666666 0.6125 0.004166666666666667 0.003125
1 0.053125 0.61015625 0.0020833333333333333 0.0015625
1 0.13854166666666667 0.609375 0.00625 0.003125
1 0.040625 0.61171875 0.01875 0.0078125
1 0.010416666666666666 0.6171875 0.020833333333333332 0.01875
1 0.240625 0.60703125 0.0020833333333333333 0.0015625
1 0.053125 0.60703125 0.0020833333333333333 0.0015625
1 0.221875 0.60625 0.0020833333333333333 0.003125
1 0.13229166666666667 0.60546875 0.010416666666666666 0.0015625
1 0.021875 0.60703125 0.014583333333333334 0.0046875
1 0.00625 0.60390625 0.008333333333333333 0.0015625
1 0.051041666666666666 0.60234375 0.0020833333333333333 0.0015625
1 0.025 0.60234375 0.004166666666666667 0.0015625
1 0.01875 0.60234375 0.004166666666666667 0.0046875
1 0.190625 0.5984375 0.00625 0.003125
1 0.06458333333333334 0.609375 0.03333333333333333 0.028125
1 0.015625 0.5953125 0.00625 0.003125
1 0.023958333333333335 0.59296875 0.0020833333333333333 0.0015625
1 0.07916666666666666 0.5890625 0.004166666666666667 0.003125
1 0.07916666666666666 0.58359375 0.008333333333333333 0.0046875
1 0.05520833333333333 0.57421875 0.0020833333333333333 0.0015625
1 0.005208333333333333 0.57109375 0.0020833333333333333 0.0015625
1 0.5052083333333334 0.56796875 0.010416666666666666 0.0046875
1 0.013541666666666667 0.575 0.027083333333333334 0.01875
1 0.49270833333333336 0.55078125 0.0020833333333333333 0.0015625
1 0.4666666666666667 0.55390625 0.020833333333333332 0.0140625
1 0.08020833333333334 0.546875 0.00625 0.003125
1 0.06979166666666667 0.546875 0.010416666666666666 0.00625
1 0.03958333333333333 0.5484375 0.0125 0.0125
1 0.0010416666666666667 0.54296875 0.0020833333333333333 0.0015625
1 0.27395833333333336 0.54140625 0.0020833333333333333 0.0015625
1 0.04479166666666667 0.56171875 0.035416666666666666 0.0421875
1 0.37604166666666666 0.5609375 0.07291666666666667 0.05
1 0.32395833333333335 0.56015625 0.03125 0.0546875
1 0.10625 0.53203125 0.004166666666666667 0.0015625
1 0.334375 0.52890625 0.0020833333333333333 0.0015625
1 0.521875 0.54375 0.06875 0.0375
1 0.06979166666666667 0.5265625 0.00625 0.00625
1 0.459375 0.5203125 0.03958333333333333 0.021875
1 0.13229166666666667 0.50546875 0.0020833333333333333 0.0015625
1 0.128125 0.50546875 0.0020833333333333333 0.0015625
1 0.11979166666666667 0.50546875 0.0020833333333333333 0.0015625
1 0.13229166666666667 0.50234375 0.0020833333333333333 0.0015625
1 0.08125 0.5125 0.0125 0.021875
1 0.10208333333333333 0.4984375 0.004166666666666667 0.003125
1 0.023958333333333335 0.521875 0.04791666666666667 0.0625
1 0.334375 0.48828125 0.0020833333333333333 0.0015625
1 0.28020833333333334 0.48828125 0.0020833333333333333 0.0015625
1 0.3302083333333333 0.48671875 0.0020833333333333333 0.0015625
1 0.7572916666666667 0.48515625 0.0020833333333333333 0.0015625
1 0.321875 0.4875 0.010416666666666666 0.00625
1 0.28020833333333334 0.48515625 0.0020833333333333333 0.0015625
1 0.7510416666666667 0.50625 0.052083333333333336 0.046875
1 0.27708333333333335 0.4796875 0.004166666666666667 0.00625
1 0.28229166666666666 0.47578125 0.0020833333333333333 0.0015625
1 0.146875 0.4765625 0.00625 0.003125
1 0.1125 0.4875 0.058333333333333334 0.025
1 0.3072916666666667 0.47421875 0.0020833333333333333 0.0015625
1 0.296875 0.4765625 0.014583333333333334 0.00625
1 0.3145833333333333 0.47421875 0.008333333333333333 0.0046875
1 0.321875 0.47109375 0.0020833333333333333 0.0015625
1 0.30520833333333336 0.47109375 0.0020833333333333333 0.0015625
1 0.2947916666666667 0.47109375 0.0020833333333333333 0.0015625
1 0.184375 0.56015625 0.19791666666666666 0.1796875
1 0.21354166666666666 0.4765625 0.027083333333333334 0.015625
1 0.8239583333333333 0.46796875 0.0020833333333333333 0.0015625
1 0.32083333333333336 0.4671875 0.004166666666666667 0.003125
1 0.10625 0.45859375 0.029166666666666667 0.0265625
1 0.7291666666666666 0.4421875 0.004166666666666667 0.003125
1 0.04375 0.43046875 0.004166666666666667 0.0015625
1 0.05416666666666667 0.4234375 0.004166666666666667 0.003125
1 0.9697916666666667 0.41171875 0.0020833333333333333 0.0015625
1 0.065625 0.4125 0.0020833333333333333 0.003125
1 0.019791666666666666 0.41171875 0.0020833333333333333 0.0015625
1 0.9697916666666667 0.40859375 0.0020833333333333333 0.0015625
1 0.06770833333333333 0.40859375 0.0020833333333333333 0.0015625
1 0.109375 0.40546875 0.0020833333333333333 0.0015625
1 0.10104166666666667 0.40390625 0.0020833333333333333 0.0015625
1 0.121875 0.40234375 0.0020833333333333333 0.0015625
1 0.15833333333333333 0.40234375 0.0125 0.0046875
1 0.10416666666666667 0.39921875 0.004166666666666667 0.0015625
1 0.12916666666666668 0.4 0.008333333333333333 0.00625
1 0.11666666666666667 0.40078125 0.008333333333333333 0.0078125
1 0.078125 0.39765625 0.0020833333333333333 0.0015625
1 0.10625 0.37734375 0.004166666666666667 0.0015625
1 0.24166666666666667 0.37421875 0.004166666666666667 0.0015625
1 0.28541666666666665 0.3734375 0.004166666666666667 0.003125
1 0.265625 0.37265625 0.0020833333333333333 0.0015625
1 0.23645833333333333 0.37265625 0.0020833333333333333 0.0046875
1 0.04895833333333333 0.375 0.010416666666666666 0.009375
1 0.29270833333333335 0.3703125 0.0020833333333333333 0.003125
1 0.028125 0.36953125 0.0020833333333333333 0.0015625
1 0.03958333333333333 0.36875 0.004166666666666667 0.003125
1 0.28020833333333334 0.36640625 0.0020833333333333333 0.0015625
1 0.18854166666666666 0.36640625 0.0020833333333333333 0.0015625
1 0.17916666666666667 0.3703125 0.008333333333333333 0.009375
1 0.959375 0.35390625 0.00625 0.0015625
1 0.215625 0.35390625 0.0020833333333333333 0.0015625
1 0.13229166666666667 0.35234375 0.0020833333333333333 0.0015625
1 0.9302083333333333 0.35078125 0.0020833333333333333 0.0015625
1 0.271875 0.35078125 0.0020833333333333333 0.0015625
1 0.121875 0.35078125 0.0020833333333333333 0.0015625
1 0.9520833333333333 0.35390625 0.004166666666666667 0.0109375
1 0.9947916666666666 0.3484375 0.010416666666666666 0.003125
1 0.9854166666666667 0.34765625 0.004166666666666667 0.0015625
1 0.23229166666666667 0.34765625 0.0020833333333333333 0.0015625
1 0.1875 0.35078125 0.025 0.0078125
1 0.20520833333333333 0.34453125 0.0020833333333333333 0.0015625
1 0.115625 0.34453125 0.0020833333333333333 0.0015625
1 0.21145833333333333 0.3453125 0.014583333333333334 0.009375
1 0.165625 0.35 0.035416666666666666 0.01875
1 0.10833333333333334 0.34296875 0.008333333333333333 0.0046875
1 0.196875 0.33828125 0.0020833333333333333 0.0015625
1 0.9833333333333333 0.3375 0.004166666666666667 0.003125
1 0.18541666666666667 0.3375 0.004166666666666667 0.003125
1 0.023958333333333335 0.33671875 0.0020833333333333333 0.0015625
1 0.175 0.3359375 0.004166666666666667 0.003125
1 0.19270833333333334 0.33515625 0.00625 0.0046875
1 0.184375 0.33359375 0.0020833333333333333 0.0015625
1 0.12395833333333334 0.33359375 0.0020833333333333333 0.0015625
1 0.026041666666666668 0.33359375 0.0020833333333333333 0.0015625
1 0.020833333333333332 0.33203125 0.004166666666666667 0.0015625
1 0.20625 0.33359375 0.016666666666666666 0.0078125
1 0.315625 0.3296875 0.0020833333333333333 0.003125
1 0.017708333333333333 0.35625 0.035416666666666666 0.05625
1 0.24583333333333332 0.328125 0.004166666666666667 0.003125
1 0.17395833333333333 0.3296875 0.00625 0.00625
1 0.13333333333333333 0.328125 0.004166666666666667 0.003125
1 0.12708333333333333 0.32734375 0.004166666666666667 0.0015625
1 0.19270833333333334 0.32578125 0.0020833333333333333 0.0015625
1 0.140625 0.32578125 0.0020833333333333333 0.0015625
1 0.1875 0.325 0.004166666666666667 0.003125
1 0.023958333333333335 0.32578125 0.00625 0.0046875
1 0.18645833333333334 0.31953125 0.0020833333333333333 0.0015625
1 0.996875 0.31953125 0.00625 0.0046875
1 0.18229166666666666 0.31796875 0.0020833333333333333 0.0015625
1 0.14895833333333333 0.30703125 0.0020833333333333333 0.0015625
1 0.0625 0.2734375 0.004166666666666667 0.003125
1 0.065625 0.27109375 0.0020833333333333333 0.0015625
1 0.017708333333333333 0.23984375 0.0020833333333333333 0.0015625
1 0.005208333333333333 0.240625 0.010416666666666666 0.00625
1 0.0125 0.23671875 0.008333333333333333 0.0078125
1 0.9864583333333333 0.23203125 0.0020833333333333333 0.0015625
1 0.978125 0.23203125 0.0020833333333333333 0.0015625
1 0.9739583333333334 0.23203125 0.0020833333333333333 0.0015625
1 0.025 0.234375 0.008333333333333333 0.009375
1 0.013541666666666667 0.23046875 0.0020833333333333333 0.0015625
1 0.046875 0.22890625 0.0020833333333333333 0.0015625
1 0.020833333333333332 0.2265625 0.004166666666666667 0.003125
1 0.921875 0.22265625 0.0020833333333333333 0.0015625
1 0.0125 0.22421875 0.004166666666666667 0.0046875
1 0.017708333333333333 0.22109375 0.0020833333333333333 0.0015625
1 0.971875 0.21640625 0.0020833333333333333 0.0015625
1 0.9072916666666667 0.21484375 0.0020833333333333333 0.0015625
1 0.005208333333333333 0.2171875 0.00625 0.00625
1 0.015625 0.21015625 0.0020833333333333333 0.0015625
1 0.009375 0.20859375 0.0020833333333333333 0.0015625
1 0.49895833333333334 0.2046875 0.0020833333333333333 0.003125
1 0.9552083333333333 0.20078125 0.0020833333333333333 0.0015625
1 0.946875 0.20078125 0.0020833333333333333 0.0015625
1 0.50625 0.19765625 0.004166666666666667 0.0015625
1 0.5010416666666667 0.1984375 0.0020833333333333333 0.003125
1 0.9489583333333333 0.19609375 0.0020833333333333333 0.0015625
1 0.490625 0.19765625 0.00625 0.0078125
1 0.496875 0.19296875 0.0020833333333333333 0.0015625
1 0.209375 0.19296875 0.0020833333333333333 0.0015625
1 0.9885416666666667 0.19140625 0.0020833333333333333 0.0015625
1 0.471875 0.18515625 0.0020833333333333333 0.0046875
1 0.9489583333333333 0.18046875 0.0020833333333333333 0.0015625
1 0.196875 0.17890625 0.0020833333333333333 0.0015625
1 0.409375 0.178125 0.00625 0.003125
1 0.11145833333333334 0.1765625 0.0020833333333333333 0.003125
1 0.321875 0.16953125 0.0020833333333333333 0.0015625
1 0.11770833333333333 0.16953125 0.0020833333333333333 0.0015625
1 0.003125 0.16796875 0.0020833333333333333 0.0015625
1 0.103125 0.16640625 0.0020833333333333333 0.0015625
1 0.6447916666666667 0.165625 0.0020833333333333333 0.003125
1 0.6510416666666666 0.165625 0.00625 0.00625
1 0.21979166666666666 0.1671875 0.00625 0.009375
1 0.14166666666666666 0.1640625 0.004166666666666667 0.003125
1 0.6364583333333333 0.16171875 0.0020833333333333333 0.0015625
1 0.0020833333333333333 0.16171875 0.004166666666666667 0.0015625
1 0.4635416666666667 0.1609375 0.00625 0.003125
1 0.23229166666666667 0.16015625 0.0020833333333333333 0.0015625
1 0.221875 0.16015625 0.00625 0.0015625
1 0.12083333333333333 0.16328125 0.0125 0.0078125
1 0.3802083333333333 0.15859375 0.0020833333333333333 0.0015625
1 0.2125 0.159375 0.004166666666666667 0.00625
1 0.43854166666666666 0.15546875 0.0020833333333333333 0.0015625
1 0.45625 0.1546875 0.008333333333333333 0.00625
1 0.43854166666666666 0.15234375 0.0020833333333333333 0.0015625
1 0.22291666666666668 0.153125 0.004166666666666667 0.003125
1 0.47291666666666665 0.1546875 0.0125 0.009375
1 0.46770833333333334 0.15078125 0.0020833333333333333 0.0015625
1 0.4322916666666667 0.15234375 0.00625 0.0046875
1 0.384375 0.15078125 0.0020833333333333333 0.0015625
1 0.203125 0.15078125 0.0020833333333333333 0.0015625
1 0.20729166666666668 0.15234375 0.010416666666666666 0.0078125
1 0.7583333333333333 0.14765625 0.004166666666666667 0.0015625
1 0.753125 0.14765625 0.0020833333333333333 0.0015625
1 0.7666666666666667 0.1453125 0.004166666666666667 0.003125
1 0.7447916666666666 0.14609375 0.010416666666666666 0.0046875
1 0.48125 0.1453125 0.004166666666666667 0.003125
1 0.6895833333333333 0.14375 0.004166666666666667 0.003125
1 0.20520833333333333 0.14296875 0.0020833333333333333 0.0015625
1 0.103125 0.14375 0.00625 0.003125
1 0.8083333333333333 0.14375 0.008333333333333333 0.00625
1 0.6947916666666667 0.14140625 0.0020833333333333333 0.0015625
1 0.44583333333333336 0.1484375 0.016666666666666666 0.015625
1 0.1625 0.14375 0.004166666666666667 0.00625
1 0.4395833333333333 0.13984375 0.004166666666666667 0.0015625
1 0.13125 0.1421875 0.004166666666666667 0.00625
1 0.7447916666666666 0.1390625 0.0020833333333333333 0.003125
1 0.40520833333333334 0.13828125 0.0020833333333333333 0.0015625
1 0.4010416666666667 0.13828125 0.0020833333333333333 0.0015625
1 0.5989583333333334 0.13671875 0.0020833333333333333 0.0015625
1 0.809375 0.1359375 0.00625 0.003125
1 0.234375 0.1375 0.0020833333333333333 0.00625
1 0.43125 0.13359375 0.004166666666666667 0.0015625
1 0.16145833333333334 0.13359375 0.0020833333333333333 0.0015625
1 0.7697916666666667 0.13203125 0.0020833333333333333 0.0015625
1 0.7020833333333333 0.134375 0.004166666666666667 0.00625
1 0.5947916666666667 0.13203125 0.0020833333333333333 0.0015625
1 0.39895833333333336 0.13203125 0.0020833333333333333 0.0015625
1 0.8020833333333334 0.1328125 0.008333333333333333 0.0125
1 0.21354166666666666 0.12734375 0.0020833333333333333 0.0015625
1 0.203125 0.12578125 0.0020833333333333333 0.0015625
1 0.19270833333333334 0.13125 0.014583333333333334 0.0125
1 0.1 0.12578125 0.004166666666666667 0.0015625
1 0.696875 0.1265625 0.00625 0.00625
1 0.5322916666666667 0.12421875 0.0020833333333333333 0.0015625
1 0.07604166666666666 0.12421875 0.0020833333333333333 0.0015625
1 0.40625 0.12265625 0.004166666666666667 0.0015625
1 0.9614583333333333 0.12109375 0.0020833333333333333 0.0015625
1 0.21979166666666666 0.121875 0.0020833333333333333 0.003125
1 0.115625 0.11875 0.0020833333333333333 0.003125
1 0.28541666666666665 0.11796875 0.004166666666666667 0.0046875
1 0.11979166666666667 0.11640625 0.0020833333333333333 0.0015625
1 0.05520833333333333 0.11640625 0.0020833333333333333 0.0015625
1 0.051041666666666666 0.11640625 0.0020833333333333333 0.0015625
1 0.3697916666666667 0.115625 0.0020833333333333333 0.003125
1 0.8520833333333333 0.11328125 0.004166666666666667 0.0015625
1 0.29270833333333335 0.11328125 0.0020833333333333333 0.0015625
1 0.3697916666666667 0.11171875 0.0020833333333333333 0.0015625
1 0.8677083333333333 0.10703125 0.0020833333333333333 0.0015625
1 0.2947916666666667 0.10703125 0.0020833333333333333 0.0015625
1 0.190625 0.10703125 0.0020833333333333333 0.0015625
1 0.16666666666666666 0.1234375 0.06666666666666667 0.034375
1 0.2677083333333333 0.10546875 0.0020833333333333333 0.0015625
1 0.46041666666666664 0.125 0.0375 0.04375
1 0.325 0.10390625 0.004166666666666667 0.0015625
1 0.6135416666666667 0.10234375 0.0020833333333333333 0.0015625
1 0.35208333333333336 0.1046875 0.004166666666666667 0.00625
1 0.8697916666666666 0.10234375 0.010416666666666666 0.0046875
1 0.6197916666666666 0.10078125 0.0020833333333333333 0.0015625
1 0.5270833333333333 0.103125 0.0125 0.00625
1 0.47604166666666664 0.10234375 0.00625 0.0046875
1 0.996875 0.1015625 0.00625 0.00625
1 0.8072916666666666 0.09921875 0.0020833333333333333 0.0015625
1 0.8010416666666667 0.09921875 0.0020833333333333333 0.0015625
1 0.6447916666666667 0.1 0.0020833333333333333 0.003125
1 0.3697916666666667 0.09921875 0.0020833333333333333 0.0015625
1 0.2708333333333333 0.10078125 0.004166666666666667 0.0046875
1 0.9552083333333333 0.09765625 0.0020833333333333333 0.0015625
1 0.45625 0.09765625 0.004166666666666667 0.0015625
1 0.9510416666666667 0.09609375 0.0020833333333333333 0.0015625
1 0.803125 0.09609375 0.0020833333333333333 0.0015625
1 0.38958333333333334 0.09921875 0.004166666666666667 0.0078125
1 0.23020833333333332 0.096875 0.010416666666666666 0.003125
1 0.978125 0.0953125 0.0020833333333333333 0.003125
1 0.79375 0.096875 0.008333333333333333 0.00625
1 0.7677083333333333 0.09453125 0.0020833333333333333 0.0015625
1 0.5083333333333333 0.1 0.020833333333333332 0.0125
1 0.175 0.1015625 0.020833333333333332 0.015625
1 0.484375 0.09296875 0.0020833333333333333 0.0015625
1 0.9552083333333333 0.09140625 0.0020833333333333333 0.0015625
1 0.7729166666666667 0.09375 0.004166666666666667 0.00625
1 0.7614583333333333 0.09140625 0.0020833333333333333 0.0015625
1 0.234375 0.09140625 0.00625 0.0015625
1 0.634375 0.09453125 0.014583333333333334 0.0109375
1 0.621875 0.08984375 0.0020833333333333333 0.0015625
1 0.4864583333333333 0.090625 0.00625 0.003125
1 0.41354166666666664 0.10625 0.06458333333333334 0.034375
1 0.38645833333333335 0.09140625 0.0020833333333333333 0.0046875
1 0.16770833333333332 0.09296875 0.0020833333333333333 0.0078125
1 0.628125 0.08828125 0.0020833333333333333 0.0015625
1 0.48854166666666665 0.10390625 0.014583333333333334 0.0328125
1 0.43020833333333336 0.08828125 0.0020833333333333333 0.0015625
1 0.07395833333333333 0.08828125 0.0020833333333333333 0.0015625
1 0.6145833333333334 0.08671875 0.004166666666666667 0.0015625
1 0.065625 0.0890625 0.010416666666666666 0.00625
1 0.23541666666666666 0.0859375 0.008333333333333333 0.003125
1 0.40625 0.08515625 0.008333333333333333 0.0046875
1 0.7572916666666667 0.084375 0.00625 0.00625
1 0.6114583333333333 0.08203125 0.0020833333333333333 0.0015625
1 0.6177083333333333 0.08046875 0.0020833333333333333 0.0015625
1 0.4791666666666667 0.08359375 0.004166666666666667 0.0078125
1 0.371875 0.08046875 0.0020833333333333333 0.0015625
1 0.22395833333333334 0.08203125 0.00625 0.0046875
1 0.21770833333333334 0.08046875 0.0020833333333333333 0.0015625
1 0.23541666666666666 0.08046875 0.008333333333333333 0.0046875
1 0.9989583333333333 0.078125 0.0020833333333333333 0.003125
1 0.1875 0.078125 0.004166666666666667 0.003125
1 0.06666666666666667 0.08046875 0.0125 0.0078125
1 0.49270833333333336 0.07578125 0.0020833333333333333 0.0015625
1 0.30833333333333335 0.07578125 0.004166666666666667 0.0015625
1 0.29375 0.07578125 0.004166666666666667 0.0015625
1 0.26875 0.07578125 0.004166666666666667 0.0015625
1 0.259375 0.0765625 0.00625 0.00625
1 0.5270833333333333 0.0734375 0.004166666666666667 0.003125
1 0.46770833333333334 0.07265625 0.0020833333333333333 0.0015625
1 0.27395833333333336 0.07265625 0.0020833333333333333 0.0015625
1 0.665625 0.07109375 0.0020833333333333333 0.0015625
1 0.33229166666666665 0.078125 0.010416666666666666 0.015625
1 0.134375 0.07109375 0.0020833333333333333 0.0015625
1 0.5354166666666667 0.07109375 0.008333333333333333 0.0046875
1 0.4791666666666667 0.07265625 0.016666666666666666 0.0078125
1 0.31979166666666664 0.0703125 0.010416666666666666 0.003125
1 0.053125 0.06953125 0.0020833333333333333 0.0015625
1 0.7885416666666667 0.08125 0.03125 0.028125
1 0.546875 0.07109375 0.010416666666666666 0.0078125
1 0.23229166666666667 0.06875 0.00625 0.003125
1 0.06770833333333333 0.06796875 0.0020833333333333333 0.0015625
1 0.7822916666666667 0.06640625 0.0020833333333333333 0.0015625
1 0.540625 0.06640625 0.0020833333333333333 0.0015625
1 0.3177083333333333 0.06640625 0.0020833333333333333 0.0015625
1 0.15520833333333334 0.06640625 0.0020833333333333333 0.0015625
1 0.08645833333333333 0.06640625 0.00625 0.0015625
1 0.8083333333333333 0.06484375 0.004166666666666667 0.0015625
1 0.6625 0.06640625 0.004166666666666667 0.0046875
1 0.21770833333333334 0.06484375 0.0020833333333333333 0.0015625
1 0.8645833333333334 0.06328125 0.004166666666666667 0.0015625
1 0.7854166666666667 0.0640625 0.004166666666666667 0.003125
1 0.7697916666666667 0.0640625 0.0020833333333333333 0.003125
1 0.5572916666666666 0.065625 0.010416666666666666 0.00625
1 0.5458333333333333 0.0640625 0.004166666666666667 0.003125
1 0.375 0.06328125 0.004166666666666667 0.0015625
1 0.17916666666666667 0.065625 0.004166666666666667 0.00625
1 0.15520833333333334 0.06796875 0.014583333333333334 0.0109375
1 0.08229166666666667 0.06328125 0.0020833333333333333 0.0015625
1 0.6697916666666667 0.06171875 0.0020833333333333333 0.0015625
1 0.21979166666666666 0.06171875 0.0020833333333333333 0.0015625
1 0.14895833333333333 0.06328125 0.010416666666666666 0.0046875
1 0.013541666666666667 0.06171875 0.0020833333333333333 0.0015625
1 0.7739583333333333 0.0609375 0.0020833333333333333 0.003125
1 0.5447916666666667 0.06015625 0.0020833333333333333 0.0015625
1 0.5114583333333333 0.0703125 0.022916666666666665 0.021875
1 0.14270833333333333 0.0796875 0.035416666666666666 0.040625
1 0.559375 0.05859375 0.0020833333333333333 0.0015625
1 0.47604166666666664 0.05859375 0.0020833333333333333 0.0015625
1 0.18020833333333333 0.05859375 0.0020833333333333333 0.0015625
1 0.6416666666666667 0.0578125 0.004166666666666667 0.003125
1 0.6447916666666667 0.0671875 0.035416666666666666 0.021875
1 0.10729166666666666 0.05703125 0.0020833333333333333 0.0015625
1 0.278125 0.05546875 0.0020833333333333333 0.0015625
1 0.20104166666666667 0.06640625 0.022916666666666665 0.0234375
1 0.17083333333333334 0.06484375 0.0125 0.0203125
1 0.6645833333333333 0.0578125 0.008333333333333333 0.009375
1 0.15833333333333333 0.05546875 0.004166666666666667 0.0046875
1 0.128125 0.05390625 0.0020833333333333333 0.0015625
1 0.4114583333333333 0.05234375 0.0020833333333333333 0.0015625
1 0.8114583333333333 0.05078125 0.0020833333333333333 0.0015625
1 0.6572916666666667 0.05078125 0.0020833333333333333 0.0015625
1 0.35104166666666664 0.05390625 0.00625 0.0078125
1 0.22395833333333334 0.0515625 0.0020833333333333333 0.003125
1 0.15520833333333334 0.05078125 0.0020833333333333333 0.0015625
1 0.146875 0.0515625 0.00625 0.003125
1 0.11145833333333334 0.05078125 0.0020833333333333333 0.0015625
1 0.19895833333333332 0.04921875 0.0020833333333333333 0.0015625
1 0.18541666666666667 0.04921875 0.004166666666666667 0.0015625
1 0.740625 0.0484375 0.0020833333333333333 0.003125
1 0.7364583333333333 0.0484375 0.0020833333333333333 0.003125
1 0.20729166666666668 0.04921875 0.010416666666666666 0.0046875
1 0.109375 0.04765625 0.0020833333333333333 0.0015625
1 0.42604166666666665 0.04609375 0.0020833333333333333 0.0015625
1 0.8614583333333333 0.04453125 0.0020833333333333333 0.0015625
1 0.8572916666666667 0.04453125 0.0020833333333333333 0.0015625
1 0.8354166666666667 0.08125 0.04583333333333333 0.075
1 0.6614583333333334 0.04453125 0.0020833333333333333 0.0015625
1 0.146875 0.0453125 0.0020833333333333333 0.003125
1 0.8708333333333333 0.04375 0.008333333333333333 0.003125
1 0.4239583333333333 0.0421875 0.0020833333333333333 0.003125
1 0.3770833333333333 0.0421875 0.004166666666666667 0.003125
1 0.21041666666666667 0.04140625 0.004166666666666667 0.0015625
1 0.203125 0.0421875 0.0020833333333333333 0.003125
1 0.5 0.284375 1.0 0.490625
1 0.5135416666666667 0.03828125 0.0020833333333333333 0.0015625
1 0.18958333333333333 0.0421875 0.020833333333333332 0.009375
1 0.9927083333333333 0.0375 0.00625 0.003125
1 0.9197916666666667 0.03671875 0.0020833333333333333 0.0015625
1 0.8010416666666667 0.03671875 0.0020833333333333333 0.0015625
1 0.746875 0.03671875 0.0020833333333333333 0.0015625
1 0.33958333333333335 0.03515625 0.004166666666666667 0.0015625
1 0.2 0.03671875 0.004166666666666667 0.0046875
1 0.9114583333333334 0.03359375 0.0020833333333333333 0.0015625
1 0.8052083333333333 0.03359375 0.0020833333333333333 0.0015625
1 0.18020833333333333 0.03515625 0.00625 0.0046875
1 0.040625 0.03359375 0.0020833333333333333 0.0015625
1 0.9166666666666666 0.0328125 0.004166666666666667 0.003125
1 0.6697916666666667 0.03671875 0.01875 0.0109375
1 0.5135416666666667 0.03203125 0.0020833333333333333 0.0015625
1 0.06979166666666667 0.0515625 0.06875 0.040625
1 0.6 0.05703125 0.06666666666666667 0.0546875
1 0.39895833333333336 0.03125 0.00625 0.003125
1 0.07604166666666666 0.03046875 0.0020833333333333333 0.0015625
1 0.9072916666666667 0.02890625 0.0020833333333333333 0.0015625
1 0.70625 0.06484375 0.07916666666666666 0.0734375
1 0.6802083333333333 0.02890625 0.0020833333333333333 0.0015625
1 0.134375 0.02890625 0.0020833333333333333 0.0015625
1 0.734375 0.02734375 0.0020833333333333333 0.0015625
1 0.34479166666666666 0.02734375 0.0020833333333333333 0.0015625
1 0.178125 0.028125 0.00625 0.003125
1 0.3385416666666667 0.02578125 0.0020833333333333333 0.0015625
1 0.18229166666666666 0.02578125 0.0020833333333333333 0.0015625
1 0.04895833333333333 0.02578125 0.0020833333333333333 0.0015625
1 0.9010416666666666 0.02421875 0.0020833333333333333 0.0015625
1 0.19270833333333334 0.0265625 0.010416666666666666 0.00625
1 0.178125 0.02421875 0.0020833333333333333 0.0015625
1 0.15833333333333333 0.0359375 0.025 0.025
1 0.8697916666666666 0.02265625 0.0020833333333333333 0.0015625
1 0.8552083333333333 0.02421875 0.00625 0.0046875
1 0.846875 0.0234375 0.0020833333333333333 0.003125
1 0.8239583333333333 0.02265625 0.0020833333333333333 0.0015625
1 0.8166666666666667 0.0234375 0.004166666666666667 0.003125
1 0.221875 0.02265625 0.0020833333333333333 0.0015625
1 0.159375 0.02265625 0.0020833333333333333 0.0015625
1 0.051041666666666666 0.02265625 0.0020833333333333333 0.0015625
1 0.18333333333333332 0.02109375 0.004166666666666667 0.0015625
1 0.0020833333333333333 0.021875 0.004166666666666667 0.003125
1 0.7885416666666667 0.0203125 0.0020833333333333333 0.003125
1 0.171875 0.0203125 0.014583333333333334 0.003125
1 0.007291666666666667 0.01953125 0.0020833333333333333 0.0015625
1 0.35833333333333334 0.021875 0.020833333333333332 0.0125
1 0.17395833333333333 0.01640625 0.0020833333333333333 0.0015625
1 0.07708333333333334 0.021875 0.016666666666666666 0.0125
1 0.011458333333333333 0.01640625 0.0020833333333333333 0.0015625
1 0.8479166666666667 0.01640625 0.008333333333333333 0.0046875
1 0.134375 0.01484375 0.0020833333333333333 0.0015625
1 0.12395833333333334 0.01484375 0.0020833333333333333 0.0015625
1 0.11979166666666667 0.01484375 0.0020833333333333333 0.0015625
1 0.00625 0.015625 0.004166666666666667 0.003125
1 0.840625 0.01328125 0.0020833333333333333 0.0015625
1 0.8364583333333333 0.01640625 0.00625 0.0078125
1 0.05416666666666667 0.0171875 0.016666666666666666 0.009375
1 0.030208333333333334 0.01875 0.022916666666666665 0.0125
1 0.023958333333333335 0.01328125 0.0020833333333333333 0.0015625
1 0.8239583333333333 0.01015625 0.0020833333333333333 0.0015625
1 0.428125 0.01015625 0.0020833333333333333 0.0015625
1 0.4125 0.046875 0.11666666666666667 0.075
1 0.8041666666666667 0.0171875 0.03333333333333333 0.01875
1 0.10208333333333333 0.0140625 0.025 0.0125
1 0.396875 0.00546875 0.0020833333333333333 0.0015625
1 0.14166666666666666 0.00546875 0.004166666666666667 0.0046875
1 0.38645833333333335 0.01328125 0.05625 0.0234375
1 0.06875 0.01171875 0.0125 0.0203125
1 0.378125 0.00078125 0.0020833333333333333 0.0015625
1 0.16458333333333333 0.0015625 0.004166666666666667 0.003125
1 0.15520833333333334 0.00234375 0.00625 0.0046875
1 0.12916666666666668 0.00625 0.016666666666666666 0.0125
1 0.084375 0.00859375 0.014583333333333334 0.0171875
1 0.03125 0.00078125 0.004166666666666667 0.0015625
1 0.020833333333333332 0.00078125 0.008333333333333333 0.0015625
1 0.007291666666666667 0.003125 0.014583333333333334 0.00625
