0 0.06770833333333333 0.85078125 0.0020833333333333333 0.0015625
0 0.403125 0.8 0.0020833333333333333 0.003125
0 0.353125 0.73671875 0.0020833333333333333 0.0015625
0 0.9510416666666667 0.70078125 0.0020833333333333333 0.0015625
0 0.953125 0.68984375 0.0020833333333333333 0.0015625
0 0.8489583333333334 0.68828125 0.0020833333333333333 0.0015625
0 0.9552083333333333 0.68671875 0.0020833333333333333 0.0015625
0 0.9572916666666667 0.68359375 0.0020833333333333333 0.0015625
0 0.578125 0.6875 0.01875 0.009375
0 0.553125 0.6765625 0.010416666666666666 0.003125
0 0.9625 0.6734375 0.004166666666666667 0.003125
0 0.8333333333333334 0.67578125 0.016666666666666666 0.0171875
0 0.53125 0.6671875 0.004166666666666667 0.003125
0 0.884375 0.67578125 0.04791666666666667 0.0265625
0 0.846875 0.6640625 0.010416666666666666 0.00625
0 0.7791666666666667 0.67265625 0.0375 0.0234375
0 0.809375 0.64453125 0.022916666666666665 0.0234375
0 0.8270833333333333 0.628125 0.020833333333333332 0.00625
0 0.871875 0.634375 0.022916666666666665 0.025
0 0.8708333333333333 0.60703125 0.008333333333333333 0.0046875
0 0.846875 0.60625 0.027083333333333334 0.025
0 0.803125 0.578125 0.00625 0.00625
0 0.8791666666666667 0.58203125 0.0375 0.0171875
0 0.7541666666666667 0.575 0.004166666666666667 0.003125
0 0.8364583333333333 0.571875 0.00625 0.009375
0 0.803125 0.56953125 0.00625 0.0046875
0 0.8354166666666667 0.5640625 0.004166666666666667 0.003125
0 0.7677083333333333 0.56015625 0.0020833333333333333 0.0015625
0 0.696875 0.5578125 0.0020833333333333333 0.003125
0 0.7541666666666667 0.546875 0.008333333333333333 0.00625
0 0.7552083333333334 0.53671875 0.0020833333333333333 0.0015625
0 0.8510416666666667 0.51640625 0.0020833333333333333 0.0015625
0 0.7114583333333333 0.50703125 0.0020833333333333333 0.0015625
0 0.9947916666666666 0.49296875 0.0020833333333333333 0.0015625
0 0.74375 0.49140625 0.004166666666666667 0.0015625
0 0.703125 0.49140625 0.0020833333333333333 0.0015625
0 0.7541666666666667 0.4890625 0.004166666666666667 0.003125
0 0.9125 0.52109375 0.175 0.0796875
0 0.7677083333333333 0.48046875 0.0020833333333333333 0.0015625
0 0.8489583333333334 0.47265625 0.0020833333333333333 0.0015625
0 0.8041666666666667 0.471875 0.008333333333333333 0.003125
0 0.796875 0.46953125 0.0020833333333333333 0.0015625
0 0.784375 0.46796875 0.0020833333333333333 0.0015625
0 0.7677083333333333 0.46328125 0.0020833333333333333 0.0015625
0 0.73125 0.46484375 0.004166666666666667 0.0046875
0 0.7989583333333333 0.45859375 0.0020833333333333333 0.0015625
0 0.7552083333333334 0.45859375 0.0020833333333333333 0.0015625
0 0.75 0.45859375 0.004166666666666667 0.0015625
0 0.8197916666666667 0.45078125 0.0020833333333333333 0.0015625
0 0.7510416666666667 0.45078125 0.0020833333333333333 0.0015625
0 0.7552083333333334 0.44921875 0.0020833333333333333 0.0015625
0 0.7833333333333333 0.446875 0.004166666666666667 0.003125
0 0.759375 0.44296875 0.0020833333333333333 0.0015625
0 0.7822916666666667 0.44140625 0.0020833333333333333 0.0015625
0 0.7677083333333333 0.44140625 0.0020833333333333333 0.0015625
0 0.8197916666666667 0.43203125 0.0020833333333333333 0.0015625
0 0.4822916666666667 0.43671875 0.010416666666666666 0.0109375
0 0.9322916666666666 0.43046875 0.0020833333333333333 0.0015625
0 0.734375 0.43046875 0.0020833333333333333 0.0015625
0 0.821875 0.42890625 0.0020833333333333333 0.0015625
0 0.734375 0.42734375 0.0020833333333333333 0.0015625
0 0.11770833333333333 0.42734375 0.0020833333333333333 0.0015625
0 0.3145833333333333 0.42578125 0.008333333333333333 0.0046875
0 0.828125 0.42265625 0.0020833333333333333 0.0015625
0 0.31354166666666666 0.42109375 0.0020833333333333333 0.0015625
0 0.9583333333333334 0.4234375 0.020833333333333332 0.015625
0 0.9125 0.4203125 0.008333333333333333 0.009375
0 0.7947916666666667 0.415625 0.0020833333333333333 0.003125
0 0.9895833333333334 0.421875 0.020833333333333332 0.01875
0 0.9489583333333333 0.41328125 0.0020833333333333333 0.0015625
0 0.8229166666666666 0.41015625 0.004166666666666667 0.0046875
0 0.9458333333333333 0.403125 0.0125 0.0125
0 0.9197916666666667 0.4 0.0020833333333333333 0.00625
0 0.7552083333333334 0.41484375 0.08541666666666667 0.0390625
0 0.165625 0.38984375 0.00625 0.0078125
0 0.903125 0.38203125 0.00625 0.0046875
0 0.29791666666666666 0.38671875 0.016666666666666666 0.0140625
0 0.9552083333333333 0.37734375 0.0020833333333333333 0.0015625
0 0.85625 0.3953125 0.041666666666666664 0.0375
0 0.0020833333333333333 0.378125 0.004166666666666667 0.003125
0 0.8052083333333333 0.390625 0.04791666666666667 0.03125
0 0.7697916666666667 0.38203125 0.027083333333333334 0.0140625
0 0.37916666666666665 0.37734375 0.020833333333333332 0.0046875
0 0.9229166666666667 0.375 0.004166666666666667 0.003125
0 0.9625 0.3625 0.008333333333333333 0.00625
0 0.9822916666666667 0.37578125 0.035416666666666666 0.0359375
0 0.96875 0.35234375 0.004166666666666667 0.0015625
0 0.6885416666666667 0.35390625 0.0020833333333333333 0.0046875
0 0.9916666666666667 0.35 0.016666666666666666 0.009375
0 0.20833333333333334 0.3984375 0.1375 0.10625
0 0.696875 0.340625 0.00625 0.00625
0 0.440625 0.32578125 0.0020833333333333333 0.0015625
0 0.41770833333333335 0.32421875 0.0020833333333333333 0.0015625
0 0.22395833333333334 0.325 0.00625 0.003125
0 0.421875 0.32265625 0.0020833333333333333 0.0015625
0 0.415625 0.31875 0.0020833333333333333 0.003125
0 0.22604166666666667 0.31640625 0.0020833333333333333 0.0015625
0 0.23020833333333332 0.315625 0.0020833333333333333 0.003125
0 0.425 0.3140625 0.004166666666666667 0.003125
0 0.41458333333333336 0.3125 0.004166666666666667 0.00625
0 0.25833333333333336 0.3296875 0.07083333333333333 0.040625
0 0.9552083333333333 0.32421875 0.05625 0.0328125
0 0.25 0.30234375 0.0125 0.0046875
0 0.4125 0.30390625 0.0125 0.0140625
0 0.8614583333333333 0.296875 0.00625 0.00625
0 0.5635416666666667 0.29609375 0.0020833333333333333 0.0046875
0 0.8135416666666667 0.28984375 0.0020833333333333333 0.0015625
0 0.5697916666666667 0.284375 0.00625 0.00625
0 0.38229166666666664 0.30390625 0.06458333333333334 0.0546875
0 0.8635416666666667 0.32421875 0.16458333333333333 0.1015625
0 0.86875 0.27734375 0.008333333333333333 0.0078125
0 0.7958333333333333 0.2765625 0.008333333333333333 0.00625
0 0.58125 0.27578125 0.0125 0.0078125
0 0.571875 0.27265625 0.0020833333333333333 0.0015625
0 0.32083333333333336 0.2703125 0.025 0.021875
0 0.2604166666666667 0.27890625 0.07916666666666666 0.0453125
0 0.128125 0.2578125 0.00625 0.003125
0 0.8791666666666667 0.25390625 0.008333333333333333 0.0046875
0 0.421875 0.2625 0.01875 0.021875
0 0.24791666666666667 0.25234375 0.004166666666666667 0.0015625
0 0.13854166666666667 0.253125 0.00625 0.003125
0 0.5947916666666667 0.24765625 0.0020833333333333333 0.0015625
0 0.590625 0.2484375 0.0020833333333333333 0.003125
0 0.3541666666666667 0.2484375 0.008333333333333333 0.003125
0 0.21875 0.2484375 0.008333333333333333 0.003125
0 0.9604166666666667 0.24765625 0.008333333333333333 0.0046875
0 0.30416666666666664 0.2453125 0.008333333333333333 0.01875
0 0.8989583333333333 0.23359375 0.0020833333333333333 0.0015625
0 0.8895833333333333 0.2328125 0.004166666666666667 0.003125
0 0.89375 0.22734375 0.004166666666666667 0.0015625
0 0.5364583333333334 0.22578125 0.0020833333333333333 0.0015625
0 0.28125 0.23203125 0.008333333333333333 0.0140625
0 0.9302083333333333 0.22421875 0.0020833333333333333 0.0015625
0 0.896875 0.22421875 0.0020833333333333333 0.0015625
0 0.3697916666666667 0.2234375 0.00625 0.003125
0 0.759375 0.22109375 0.0020833333333333333 0.0015625
0 0.45 0.221875 0.004166666666666667 0.003125
0 0.8572916666666667 0.21796875 0.0020833333333333333 0.0015625
0 0.35625 0.22265625 0.0125 0.0109375
0 0.2635416666666667 0.221875 0.00625 0.009375
0 0.93125 0.23984375 0.0625 0.0484375
0 0.271875 0.215625 0.0020833333333333333 0.003125
0 0.7677083333333333 0.2140625 0.0020833333333333333 0.003125
0 0.7572916666666667 0.21484375 0.00625 0.0046875
0 0.909375 0.2140625 0.014583333333333334 0.009375
0 0.9552083333333333 0.209375 0.00625 0.00625
0 0.9760416666666667 0.20546875 0.010416666666666666 0.0109375
0 0.9197916666666667 0.203125 0.00625 0.00625
0 0.8229166666666666 0.24453125 0.11666666666666667 0.0890625
0 0.33229166666666665 0.20078125 0.0020833333333333333 0.0015625
0 0.9489583333333333 0.1984375 0.0020833333333333333 0.003125
0 0.49583333333333335 0.19609375 0.004166666666666667 0.0046875
0 0.9708333333333333 0.19375 0.004166666666666667 0.003125
0 0.9677083333333333 0.18984375 0.0020833333333333333 0.0015625
0 0.8260416666666667 0.18828125 0.0020833333333333333 0.0015625
0 0.34270833333333334 0.190625 0.010416666666666666 0.00625
0 0.5427083333333333 0.17734375 0.0020833333333333333 0.0015625
0 0.9958333333333333 0.18203125 0.008333333333333333 0.0140625
0 0.9572916666666667 0.1765625 0.0020833333333333333 0.003125
0 0.46041666666666664 0.1734375 0.008333333333333333 0.003125
0 0.996875 0.16875 0.0020833333333333333 0.003125
0 0.9729166666666667 0.175 0.0375 0.028125
0 0.30104166666666665 0.19296875 0.07291666666666667 0.0640625
0 0.9104166666666667 0.178125 0.041666666666666664 0.040625
0 0.42604166666666665 0.15234375 0.00625 0.0046875
0 0.44375 0.15625 0.029166666666666667 0.01875
0 0.459375 0.14609375 0.0020833333333333333 0.0015625
0 0.278125 0.14375 0.01875 0.009375
0 0.30416666666666664 0.13828125 0.004166666666666667 0.0015625
0 0.61875 0.14375 0.07083333333333333 0.021875
0 0.7739583333333333 0.13046875 0.0020833333333333333 0.0015625
0 0.2989583333333333 0.12890625 0.0020833333333333333 0.0015625
0 0.3541666666666667 0.13125 0.0125 0.0125
0 0.5322916666666667 0.1234375 0.0020833333333333333 0.003125
0 0.16875 0.12421875 0.008333333333333333 0.0046875
0 0.309375 0.121875 0.0020833333333333333 0.003125
0 0.9604166666666667 0.12109375 0.0125 0.0078125
0 0.4375 0.1234375 0.0125 0.021875
0 0.8010416666666667 0.1125 0.00625 0.003125
0 0.7885416666666667 0.11015625 0.0020833333333333333 0.0015625
0 0.3260416666666667 0.11015625 0.0020833333333333333 0.0015625
0 0.325 0.12890625 0.03333333333333333 0.0453125
0 0.37604166666666666 0.1171875 0.022916666666666665 0.025
0 0.6427083333333333 0.09765625 0.0020833333333333333 0.0015625
0 0.23125 0.1421875 0.09583333333333334 0.096875
0 0.309375 0.0921875 0.0020833333333333333 0.003125
0 0.578125 0.090625 0.0020833333333333333 0.003125
0 0.328125 0.090625 0.0020833333333333333 0.003125
0 0.321875 0.0921875 0.00625 0.00625
0 0.9833333333333333 0.090625 0.03333333333333333 0.01875
0 0.3385416666666667 0.07734375 0.0020833333333333333 0.0015625
0 0.9354166666666667 0.07265625 0.004166666666666667 0.0015625
0 0.35104166666666664 0.0734375 0.0020833333333333333 0.003125
0 0.5416666666666666 0.06875 0.008333333333333333 0.003125
0 0.35104166666666664 0.06796875 0.0020833333333333333 0.0015625
0 0.28958333333333336 0.09140625 0.05 0.0484375
0 0.771875 0.06171875 0.0020833333333333333 0.0015625
0 0.909375 0.06015625 0.0020833333333333333 0.0015625
0 0.896875 0.05390625 0.0020833333333333333 0.0015625
0 0.2635416666666667 0.05625 0.01875 0.009375
0 0.9833333333333333 0.05390625 0.008333333333333333 0.0078125
0 0.3958333333333333 0.04453125 0.004166666666666667 0.0078125
0 0.36666666666666664 0.0703125 0.0375 0.059375
0 0.35833333333333334 0.040625 0.004166666666666667 0.003125
0 0.9760416666666667 0.03984375 0.014583333333333334 0.0046875
0 0.33125 0.03828125 0.004166666666666667 0.0046875
0 0.46770833333333334 0.03515625 0.0020833333333333333 0.0015625
0 0.4583333333333333 0.04140625 0.016666666666666666 0.0140625
0 0.33645833333333336 0.0296875 0.0020833333333333333 0.003125
0 0.7770833333333333 0.02734375 0.004166666666666667 0.0015625
0 0.446875 0.025 0.00625 0.00625
0 0.030208333333333334 0.02265625 0.0020833333333333333 0.0015625
0 0.9989583333333333 0.02109375 0.0020833333333333333 0.0015625
0 0.46041666666666664 0.02578125 0.0125 0.0109375
0 0.053125 0.021875 0.00625 0.003125
0 0.9979166666666667 0.01796875 0.004166666666666667 0.0015625
0 0.9552083333333333 0.02109375 0.022916666666666665 0.0109375
0 0.9166666666666666 0.03671875 0.029166666666666667 0.0484375
0 0.035416666666666666 0.0140625 0.004166666666666667 0.00625
0 0.7864583333333334 0.00859375 0.0020833333333333333 0.0015625
0 0.9864583333333333 0.0046875 0.00625 0.00625
0 0.9802083333333333 0.003125 0.00625 0.00625
0 0.9385416666666667 0.0078125 0.014583333333333334 0.015625
0 0.83125 0.10234375 0.19583333333333333 0.2046875
0 0.621875 0.00859375 0.03958333333333333 0.0171875
0 0.44166666666666665 0.00234375 0.004166666666666667 0.0046875
0 0.434375 0.00625 0.014583333333333334 0.0125
0 0.3885416666666667 0.00078125 0.0020833333333333333 0.0015625
0 0.34791666666666665 0.0125 0.0375 0.025
0 0.17604166666666668 0.01484375 0.027083333333333334 0.0296875
1 0.27395833333333336 0.99921875 0.0020833333333333333 0.0015625
1 0.184375 0.99765625 0.0020833333333333333 0.0015625
1 0.9145833333333333 0.93984375 0.004166666666666667 0.0015625
1 0.978125 0.96796875 0.04375 0.0640625
1 0.23854166666666668 0.93828125 0.00625 0.0046875
1 0.3 0.96640625 0.06666666666666667 0.0671875
1 0.075 0.9328125 0.004166666666666667 0.003125
1 0.9822916666666667 0.93046875 0.0020833333333333333 0.0015625
1 0.23854166666666668 0.92734375 0.0020833333333333333 0.0015625
1 0.903125 0.92421875 0.0020833333333333333 0.0015625
1 0.021875 0.92421875 0.0020833333333333333 0.0015625
1 0.25833333333333336 0.921875 0.004166666666666667 0.003125
1 0.2875 0.92109375 0.008333333333333333 0.0046875
1 0.246875 0.91640625 0.0020833333333333333 0.0015625
1 0.9072916666666667 0.93125 0.052083333333333336 0.046875
1 0.259375 0.90703125 0.0020833333333333333 0.0015625
1 0.8885416666666667 0.90546875 0.0020833333333333333 0.0015625
1 0.36770833333333336 0.90546875 0.0020833333333333333 0.0015625
1 0.290625 0.90546875 0.0020833333333333333 0.0015625
1 0.86875 0.9046875 0.004166666666666667 0.003125
1 0.284375 0.90390625 0.0020833333333333333 0.0015625
1 0.25833333333333336 0.90390625 0.004166666666666667 0.0015625
1 0.028125 0.9125 0.014583333333333334 0.01875
1 0.26666666666666666 0.8984375 0.004166666666666667 0.003125
1 0.871875 0.89765625 0.00625 0.0046875
1 0.9958333333333333 0.890625 0.008333333333333333 0.003125
1 0.025 0.8953125 0.004166666666666667 0.0125
1 0.403125 0.88671875 0.0020833333333333333 0.0015625
1 0.9010416666666666 0.88359375 0.0020833333333333333 0.0015625
1 0.8885416666666667 0.88046875 0.0020833333333333333 0.0015625
1 0.4114583333333333 0.87890625 0.010416666666666666 0.0109375
1 0.40208333333333335 0.8765625 0.004166666666666667 0.00625
1 0.01875 0.87421875 0.008333333333333333 0.0109375
1 0.8885416666666667 0.86796875 0.0020833333333333333 0.0015625
1 0.959375 0.86484375 0.0020833333333333333 0.0015625
1 0.8614583333333333 0.86484375 0.0020833333333333333 0.0015625
1 0.8697916666666666 0.86484375 0.010416666666666666 0.0078125
1 0.41458333333333336 0.8625 0.004166666666666667 0.003125
1 0.26666666666666666 0.865625 0.020833333333333332 0.0125
1 0.9635416666666666 0.859375 0.0020833333333333333 0.003125
1 0.2552083333333333 0.8609375 0.00625 0.00625
1 0.24270833333333333 0.85703125 0.0020833333333333333 0.0015625
1 0.4427083333333333 0.85546875 0.0020833333333333333 0.0015625
1 0.8635416666666667 0.85390625 0.0020833333333333333 0.0015625
1 0.8729166666666667 0.85625 0.0125 0.0125
1 0.025 0.85546875 0.020833333333333332 0.0109375
1 0.309375 0.84765625 0.0020833333333333333 0.0015625
1 0.2864583333333333 0.84140625 0.0020833333333333333 0.0015625
1 0.28125 0.84140625 0.004166666666666667 0.0015625
1 0.29270833333333335 0.83984375 0.0020833333333333333 0.0015625
1 0.2760416666666667 0.83984375 0.0020833333333333333 0.0015625
1 0.29791666666666666 0.8375 0.004166666666666667 0.003125
1 0.259375 0.83671875 0.0020833333333333333 0.0015625
1 0.496875 0.83515625 0.0020833333333333333 0.0015625
1 0.49166666666666664 0.83515625 0.004166666666666667 0.0015625
1 0.465625 0.83515625 0.0020833333333333333 0.0015625
1 0.2552083333333333 0.83515625 0.0020833333333333333 0.0015625
1 0.26979166666666665 0.83359375 0.0020833333333333333 0.0015625
1 0.48541666666666666 0.8328125 0.004166666666666667 0.003125
1 0.45416666666666666 0.83515625 0.008333333333333333 0.0078125
1 0.3260416666666667 0.83203125 0.0020833333333333333 0.0015625
1 0.30520833333333336 0.8328125 0.0020833333333333333 0.003125
1 0.015625 0.8375 0.00625 0.0125
1 0.9489583333333333 0.82890625 0.0020833333333333333 0.0015625
1 0.8770833333333333 0.828125 0.004166666666666667 0.003125
1 0.4666666666666667 0.82890625 0.025 0.0078125
1 0.8760416666666667 0.82421875 0.0020833333333333333 0.0015625
1 0.871875 0.82421875 0.0020833333333333333 0.0015625
1 0.30520833333333336 0.82421875 0.0020833333333333333 0.0015625
1 0.065625 0.82421875 0.0020833333333333333 0.0015625
1 0.4427083333333333 0.8265625 0.01875 0.015625
1 0.028125 0.81953125 0.0020833333333333333 0.0015625
1 0.9604166666666667 0.81875 0.004166666666666667 0.003125
1 0.8645833333333334 0.81875 0.008333333333333333 0.00625
1 0.03333333333333333 0.81640625 0.004166666666666667 0.0046875
1 0.971875 0.81328125 0.0020833333333333333 0.0015625
1 0.9989583333333333 0.81171875 0.0020833333333333333 0.0015625
1 0.03854166666666667 0.81171875 0.0020833333333333333 0.0015625
1 0.3072916666666667 0.815625 0.0020833333333333333 0.0125
1 0.9989583333333333 0.80859375 0.0020833333333333333 0.0015625
1 0.9458333333333333 0.86953125 0.10833333333333334 0.1265625
1 0.39895833333333336 0.8078125 0.0020833333333333333 0.003125
1 0.9989583333333333 0.80546875 0.0020833333333333333 0.0015625
1 0.9 0.80703125 0.004166666666666667 0.0046875
1 0.4197916666666667 0.82109375 0.022916666666666665 0.0390625
1 0.4270833333333333 0.80078125 0.004166666666666667 0.0015625
1 0.39479166666666665 0.80078125 0.00625 0.0046875
1 0.43854166666666666 0.79609375 0.0020833333333333333 0.0015625
1 0.4083333333333333 0.80078125 0.0125 0.0109375
1 0.865625 0.78515625 0.0020833333333333333 0.0015625
1 0.8364583333333333 0.7828125 0.0020833333333333333 0.003125
1 0.828125 0.78125 0.0020833333333333333 0.003125
1 0.9291666666666667 0.7796875 0.004166666666666667 0.003125
1 0.4166666666666667 0.78203125 0.004166666666666667 0.0078125
1 0.34375 0.778125 0.004166666666666667 0.00625
1 0.38333333333333336 0.76875 0.004166666666666667 0.003125
1 0.9708333333333333 0.784375 0.058333333333333334 0.04375
1 0.3854166666666667 0.7640625 0.004166666666666667 0.00625
1 0.34479166666666666 0.75703125 0.0020833333333333333 0.0015625
1 0.8552083333333333 0.75390625 0.0020833333333333333 0.0015625
1 0.346875 0.75234375 0.0020833333333333333 0.0015625
1 0.3854166666666667 0.7546875 0.008333333333333333 0.009375
1 0.35208333333333336 0.75 0.004166666666666667 0.003125
1 0.059375 0.74609375 0.0020833333333333333 0.0015625
1 0.20520833333333333 0.74140625 0.010416666666666666 0.0078125
1 0.19895833333333332 0.73359375 0.0020833333333333333 0.0015625
1 0.3072916666666667 0.73046875 0.0020833333333333333 0.0015625
1 0.18854166666666666 0.72734375 0.0020833333333333333 0.0015625
1 0.5708333333333333 0.72734375 0.004166666666666667 0.0046875
1 0.5885416666666666 0.72265625 0.014583333333333334 0.0046875
1 0.17395833333333333 0.7234375 0.014583333333333334 0.00625
1 0.06770833333333333 0.72109375 0.0020833333333333333 0.0015625
1 0.36354166666666665 0.71953125 0.0020833333333333333 0.0015625
1 0.6010416666666667 0.7171875 0.0020833333333333333 0.003125
1 0.634375 0.7109375 0.0020833333333333333 0.003125
1 0.628125 0.71015625 0.00625 0.0046875
1 0.6489583333333333 0.70703125 0.0020833333333333333 0.0015625
1 0.6197916666666666 0.70703125 0.0020833333333333333 0.0015625
1 0.6427083333333333 0.70546875 0.0020833333333333333 0.0015625
1 0.6125 0.70625 0.008333333333333333 0.003125
1 0.20729166666666668 0.7171875 0.03958333333333333 0.025
1 0.6385416666666667 0.70390625 0.0020833333333333333 0.0015625
1 0.628125 0.70234375 0.0020833333333333333 0.0015625
1 0.21354166666666666 0.70234375 0.0020833333333333333 0.0015625
1 0.203125 0.70390625 0.0020833333333333333 0.0046875
1 0.14270833333333333 0.70234375 0.0020833333333333333 0.0015625
1 0.5989583333333334 0.70078125 0.0020833333333333333 0.0015625
1 0.33125 0.71796875 0.041666666666666664 0.0359375
1 0.5895833333333333 0.69765625 0.0125 0.0046875
1 0.6197916666666666 0.69609375 0.010416666666666666 0.0046875
1 0.5447916666666667 0.69453125 0.0020833333333333333 0.0015625
1 0.09895833333333333 0.69296875 0.0020833333333333333 0.0015625
1 0.8927083333333333 0.69140625 0.0020833333333333333 0.0015625
1 0.6104166666666667 0.6921875 0.004166666666666667 0.003125
1 0.5697916666666667 0.69140625 0.0020833333333333333 0.0015625
1 0.528125 0.69140625 0.0020833333333333333 0.0015625
1 0.9020833333333333 0.690625 0.008333333333333333 0.003125
1 0.7708333333333334 0.68984375 0.008333333333333333 0.0015625
1 0.846875 0.6921875 0.035416666666666666 0.009375
1 0.6041666666666666 0.6890625 0.004166666666666667 0.003125
1 0.5989583333333334 0.68828125 0.0020833333333333333 0.0015625
1 0.5947916666666667 0.6875 0.0020833333333333333 0.003125
1 0.3302083333333333 0.68671875 0.0020833333333333333 0.0015625
1 0.859375 0.68515625 0.0020833333333333333 0.0015625
1 0.8239583333333333 0.68515625 0.0020833333333333333 0.0015625
1 0.590625 0.6859375 0.0020833333333333333 0.003125
1 0.196875 0.68515625 0.0020833333333333333 0.0015625
1 0.17395833333333333 0.6859375 0.014583333333333334 0.00625
1 0.8614583333333333 0.68203125 0.0020833333333333333 0.0015625
1 0.8197916666666667 0.68203125 0.0020833333333333333 0.0015625
1 0.5510416666666667 0.68203125 0.0020833333333333333 0.0015625
1 0.32916666666666666 0.68203125 0.004166666666666667 0.0015625
1 0.16979166666666667 0.68203125 0.0020833333333333333 0.0015625
1 0.584375 0.68125 0.00625 0.003125
1 0.5447916666666667 0.68046875 0.0020833333333333333 0.0015625
1 0.4322916666666667 0.67890625 0.0020833333333333333 0.0015625
1 0.8104166666666667 0.68046875 0.016666666666666666 0.0078125
1 0.21875 0.83828125 0.3875 0.3234375
1 0.17604166666666668 0.67421875 0.0020833333333333333 0.0015625
1 0.5354166666666667 0.6734375 0.004166666666666667 0.003125
1 0.7552083333333334 0.6734375 0.0020833333333333333 0.00625
1 0.5583333333333333 0.67265625 0.008333333333333333 0.0046875
1 0.5302083333333333 0.67109375 0.0020833333333333333 0.0015625
1 0.440625 0.66796875 0.0020833333333333333 0.0015625
1 0.9979166666666667 0.66953125 0.004166666666666667 0.0078125
1 0.9947916666666666 0.66640625 0.0020833333333333333 0.0015625
1 0.546875 0.66796875 0.010416666666666666 0.0046875
1 0.39895833333333336 0.71171875 0.08958333333333333 0.0984375
1 0.39479166666666665 0.65703125 0.0020833333333333333 0.0015625
1 0.7739583333333333 0.65546875 0.0020833333333333333 0.0015625
1 0.3729166666666667 0.65859375 0.029166666666666667 0.0109375
1 0.784375 0.65078125 0.0020833333333333333 0.0015625
1 0.4197916666666667 0.65625 0.03958333333333333 0.0125
1 0.7895833333333333 0.64765625 0.008333333333333333 0.0046875
1 0.184375 0.646875 0.0020833333333333333 0.003125
1 0.7927083333333333 0.64296875 0.0020833333333333333 0.0015625
1 0.18645833333333334 0.64140625 0.0020833333333333333 0.0046875
1 0.20416666666666666 0.659375 0.058333333333333334 0.046875
1 0.79375 0.63125 0.004166666666666667 0.003125
1 0.196875 0.63203125 0.00625 0.0046875
1 0.18958333333333333 0.63125 0.004166666666666667 0.003125
1 0.09583333333333334 0.63046875 0.004166666666666667 0.0046875
1 0.7947916666666667 0.62734375 0.0020833333333333333 0.0015625
1 0.771875 0.62734375 0.0020833333333333333 0.0015625
1 0.434375 0.62734375 0.0020833333333333333 0.0015625
1 0.19895833333333332 0.62421875 0.0020833333333333333 0.0015625
1 0.096875 0.625 0.0020833333333333333 0.003125
1 0.909375 0.62265625 0.0020833333333333333 0.0015625
1 0.7947916666666667 0.62265625 0.0020833333333333333 0.0015625
1 0.43020833333333336 0.62265625 0.00625 0.0046875
1 0.9635416666666666 0.61484375 0.0020833333333333333 0.0015625
1 0.8510416666666667 0.63984375 0.03125 0.0515625
1 0.8041666666666667 0.6140625 0.020833333333333332 0.01875
1 0.6760416666666667 0.60234375 0.0020833333333333333 0.0015625
1 0.27291666666666664 0.60078125 0.004166666666666667 0.0015625
1 0.5552083333333333 0.5921875 0.0020833333333333333 0.003125
1 0.12604166666666666 0.58828125 0.0020833333333333333 0.0015625
1 0.034375 0.58515625 0.0020833333333333333 0.0015625
1 0.9885416666666667 0.58359375 0.0020833333333333333 0.0015625
1 0.9052083333333333 0.5796875 0.00625 0.003125
1 0.11145833333333334 0.57734375 0.014583333333333334 0.0015625
1 0.903125 0.57578125 0.0020833333333333333 0.0015625
1 0.93125 0.57734375 0.008333333333333333 0.0078125
1 0.4947916666666667 0.571875 0.0020833333333333333 0.003125
1 0.13854166666666667 0.575 0.027083333333333334 0.0125
1 0.15520833333333334 0.56796875 0.0020833333333333333 0.0015625
1 0.73125 0.5703125 0.004166666666666667 0.009375
1 0.184375 0.56640625 0.0020833333333333333 0.0015625
1 0.17291666666666666 0.56484375 0.004166666666666667 0.0015625
1 0.0375 0.56875 0.004166666666666667 0.0125
1 0.3458333333333333 0.6046875 0.15 0.0875
1 0.5479166666666667 0.56640625 0.029166666666666667 0.0171875
1 0.853125 0.56328125 0.022916666666666665 0.0140625
1 0.40208333333333335 0.55234375 0.004166666666666667 0.0015625
1 0.559375 0.5515625 0.00625 0.003125
1 0.3416666666666667 0.55546875 0.016666666666666666 0.0109375
1 0.25 0.54765625 0.004166666666666667 0.0046875
1 0.03229166666666667 0.54609375 0.0020833333333333333 0.0015625
1 0.8979166666666667 0.54609375 0.016666666666666666 0.0046875
1 0.5729166666666666 0.54453125 0.004166666666666667 0.0015625
1 0.715625 0.5515625 0.022916666666666665 0.01875
1 0.903125 0.54140625 0.0020833333333333333 0.0015625
1 0.821875 0.5515625 0.022916666666666665 0.021875
1 0.7395833333333334 0.54140625 0.008333333333333333 0.0046875
1 0.359375 0.54140625 0.010416666666666666 0.0046875
1 0.128125 0.53984375 0.0020833333333333333 0.0015625
1 0.5885416666666666 0.53828125 0.0020833333333333333 0.0015625
1 0.16041666666666668 0.5421875 0.0125 0.009375
1 0.090625 0.53828125 0.0020833333333333333 0.0015625
1 0.896875 0.53828125 0.00625 0.0046875
1 0.59375 0.53671875 0.004166666666666667 0.0015625
1 0.14166666666666666 0.5390625 0.020833333333333332 0.00625
1 0.1 0.53671875 0.004166666666666667 0.0015625
1 0.12291666666666666 0.53671875 0.004166666666666667 0.0046875
1 0.11354166666666667 0.53515625 0.0020833333333333333 0.0015625
1 0.034375 0.5359375 0.00625 0.00625
1 0.103125 0.53203125 0.0020833333333333333 0.0015625
1 0.09895833333333333 0.53203125 0.0020833333333333333 0.0015625
1 0.08229166666666667 0.53203125 0.0020833333333333333 0.0015625
1 0.134375 0.53046875 0.00625 0.0015625
1 0.12708333333333333 0.53046875 0.004166666666666667 0.0015625
1 0.08645833333333333 0.53125 0.0020833333333333333 0.003125
1 0.7583333333333333 0.53203125 0.0125 0.0078125
1 0.33125 0.5359375 0.041666666666666664 0.015625
1 0.09479166666666666 0.52890625 0.0020833333333333333 0.0015625
1 0.090625 0.52890625 0.0020833333333333333 0.0015625
1 0.33645833333333336 0.52734375 0.00625 0.0015625
1 0.12395833333333334 0.52734375 0.0020833333333333333 0.0015625
1 0.9135416666666667 0.65625 0.17291666666666666 0.2625
1 0.10833333333333334 0.52890625 0.020833333333333332 0.0109375
1 0.703125 0.5234375 0.0020833333333333333 0.003125
1 0.20833333333333334 0.52265625 0.008333333333333333 0.0046875
1 0.18125 0.521875 0.008333333333333333 0.00625
1 0.17395833333333333 0.51953125 0.0020833333333333333 0.0015625
1 0.06979166666666667 0.53046875 0.03125 0.0296875
1 0.11145833333333334 0.51953125 0.01875 0.0140625
1 0.7635416666666667 0.51171875 0.0020833333333333333 0.0015625
1 0.08541666666666667 0.51171875 0.004166666666666667 0.0015625
1 0.8354166666666667 0.51328125 0.025 0.0203125
1 0.8145833333333333 0.50234375 0.004166666666666667 0.0015625
1 0.16354166666666667 0.50390625 0.00625 0.0078125
1 0.096875 0.49921875 0.0020833333333333333 0.0015625
1 0.028125 0.4984375 0.00625 0.003125
1 0.7322916666666667 0.51171875 0.03958333333333333 0.0328125
1 0.5958333333333333 0.496875 0.004166666666666667 0.003125
1 0.07291666666666667 0.49609375 0.0125 0.0078125
1 0.13333333333333333 0.5125 0.04583333333333333 0.04375
1 0.10833333333333334 0.49296875 0.008333333333333333 0.0046875
1 0.08645833333333333 0.490625 0.00625 0.003125
1 0.019791666666666666 0.48671875 0.0020833333333333333 0.0015625
1 0.93125 0.4875 0.016666666666666666 0.015625
1 0.79375 0.50234375 0.041666666666666664 0.0453125
1 0.07395833333333333 0.48046875 0.0020833333333333333 0.0015625
1 0.7364583333333333 0.4765625 0.0020833333333333333 0.003125
1 0.9760416666666667 0.47265625 0.01875 0.0109375
1 0.078125 0.46796875 0.0020833333333333333 0.0015625
1 0.15625 0.4765625 0.020833333333333332 0.021875
1 0.10104166666666667 0.46640625 0.0020833333333333333 0.0015625
1 0.9854166666666667 0.46328125 0.004166666666666667 0.0046875
1 0.903125 0.4609375 0.0020833333333333333 0.003125
1 0.15729166666666666 0.46171875 0.0020833333333333333 0.0046875
1 0.09270833333333334 0.4609375 0.00625 0.003125
1 0.040625 0.46484375 0.010416666666666666 0.0109375
1 0.9958333333333333 0.4609375 0.008333333333333333 0.009375
1 0.9916666666666667 0.4578125 0.004166666666666667 0.003125
1 0.9583333333333334 0.46484375 0.016666666666666666 0.0171875
1 0.075 0.4625 0.03333333333333333 0.015625
1 0.9958333333333333 0.45234375 0.004166666666666667 0.0046875
1 0.8583333333333333 0.4609375 0.05 0.021875
1 0.83125 0.4515625 0.004166666666666667 0.003125
1 0.471875 0.45078125 0.0020833333333333333 0.0015625
1 0.1125 0.46953125 0.04583333333333333 0.0421875
1 0.06875 0.4515625 0.008333333333333333 0.00625
1 0.059375 0.4484375 0.00625 0.003125
1 0.928125 0.4515625 0.010416666666666666 0.0125
1 0.8229166666666666 0.44765625 0.0125 0.0046875
1 0.04895833333333333 0.44765625 0.00625 0.0046875
1 0.03854166666666667 0.44140625 0.0020833333333333333 0.0015625
1 0.1375 0.446875 0.0125 0.01875
1 0.303125 0.4421875 0.010416666666666666 0.015625
1 0.734375 0.440625 0.027083333333333334 0.015625
1 0.03125 0.471875 0.0625 0.078125
1 0.88125 0.44296875 0.03333333333333333 0.0234375
1 0.14479166666666668 0.43203125 0.0020833333333333333 0.0015625
1 0.18645833333333334 0.43046875 0.0020833333333333333 0.0015625
1 0.16979166666666667 0.43046875 0.0020833333333333333 0.0015625
1 0.128125 0.43671875 0.014583333333333334 0.0140625
1 0.011458333333333333 0.43046875 0.0020833333333333333 0.0015625
1 0.15625 0.43046875 0.0125 0.0046875
1 0.9822916666666667 0.43828125 0.035416666666666666 0.0234375
1 0.18125 0.428125 0.004166666666666667 0.003125
1 0.8333333333333334 0.428125 0.025 0.00625
1 0.7291666666666666 0.428125 0.008333333333333333 0.00625
1 0.48020833333333335 0.42578125 0.0020833333333333333 0.0015625
1 0.19166666666666668 0.4265625 0.004166666666666667 0.003125
1 0.475 0.4234375 0.004166666666666667 0.003125
1 0.19791666666666666 0.4234375 0.004166666666666667 0.003125
1 0.008333333333333333 0.425 0.004166666666666667 0.00625
1 0.005208333333333333 0.41640625 0.0020833333333333333 0.0046875
1 0.515625 0.440625 0.06458333333333334 0.06875
1 0.11770833333333333 0.40625 0.00625 0.003125
1 0.5572916666666666 0.40234375 0.0020833333333333333 0.0015625
1 0.9072916666666667 0.40625 0.01875 0.0125
1 0.228125 0.40234375 0.010416666666666666 0.0046875
1 0.20416666666666666 0.40390625 0.008333333333333333 0.0078125
1 0.8302083333333333 0.396875 0.010416666666666666 0.009375
1 0.765625 0.39609375 0.014583333333333334 0.0078125
1 0.47708333333333336 0.3953125 0.016666666666666666 0.009375
1 0.496875 0.3921875 0.010416666666666666 0.00625
1 0.003125 0.390625 0.00625 0.003125
1 0.9104166666666667 0.39140625 0.020833333333333332 0.0109375
1 0.9447916666666667 0.38828125 0.03958333333333333 0.0140625
1 0.15104166666666666 0.37890625 0.014583333333333334 0.0078125
1 0.11979166666666667 0.38671875 0.014583333333333334 0.0296875
1 0.13645833333333332 0.37265625 0.00625 0.0078125
1 0.11979166666666667 0.35390625 0.0020833333333333333 0.0015625
1 0.5291666666666667 0.35234375 0.008333333333333333 0.0015625
1 0.2864583333333333 0.34921875 0.0020833333333333333 0.0015625
1 0.084375 0.34921875 0.0020833333333333333 0.0015625
1 0.096875 0.34609375 0.0020833333333333333 0.0015625
1 0.25729166666666664 0.3640625 0.06875 0.040625
1 0.7604166666666666 0.346875 0.008333333333333333 0.009375
1 0.7520833333333333 0.3453125 0.004166666666666667 0.00625
1 0.16979166666666667 0.340625 0.0020833333333333333 0.003125
1 0.6958333333333333 0.3328125 0.004166666666666667 0.003125
1 0.06770833333333333 0.33203125 0.0020833333333333333 0.0015625
1 0.7822916666666667 0.33359375 0.00625 0.0078125
1 0.07395833333333333 0.33046875 0.0020833333333333333 0.0015625
1 0.75625 0.32734375 0.004166666666666667 0.0015625
1 0.7489583333333333 0.32734375 0.0020833333333333333 0.0015625
1 0.6947916666666667 0.32421875 0.0020833333333333333 0.0015625
1 0.08020833333333334 0.33203125 0.010416666666666666 0.0171875
1 0.69375 0.3203125 0.004166666666666667 0.003125
1 0.17395833333333333 0.3234375 0.014583333333333334 0.015625
1 0.6739583333333333 0.334375 0.035416666666666666 0.053125
1 0.5541666666666667 0.30703125 0.008333333333333333 0.0015625
1 0.5427083333333333 0.3078125 0.00625 0.003125
1 0.5354166666666667 0.30703125 0.004166666666666667 0.0015625
1 0.06979166666666667 0.31796875 0.014583333333333334 0.0234375
1 0.19895833333333332 0.31328125 0.027083333333333334 0.0171875
1 0.565625 0.30546875 0.00625 0.0046875
1 0.5375 0.30234375 0.004166666666666667 0.0015625
1 0.521875 0.30234375 0.0020833333333333333 0.0015625
1 0.7989583333333333 0.30234375 0.00625 0.0046875
1 0.7677083333333333 0.30078125 0.0020833333333333333 0.0015625
1 0.984375 0.29609375 0.0020833333333333333 0.0015625
1 0.8083333333333333 0.2984375 0.008333333333333333 0.00625
1 0.04895833333333333 0.29609375 0.0020833333333333333 0.0015625
1 0.7739583333333333 0.31171875 0.01875 0.0359375
1 0.0125 0.29296875 0.025 0.0046875
1 0.784375 0.28984375 0.0020833333333333333 0.0015625
1 0.005208333333333333 0.28984375 0.00625 0.0015625
1 0.78125 0.28671875 0.004166666666666667 0.0015625
1 0.803125 0.28515625 0.0020833333333333333 0.0015625
1 0.79375 0.2875 0.0125 0.00625
1 0.5822916666666667 0.2890625 0.022916666666666665 0.015625
1 0.028125 0.28203125 0.00625 0.0046875
1 0.975 0.309375 0.05 0.0625
1 0.21979166666666666 0.278125 0.0020833333333333333 0.003125
1 0.021875 0.27890625 0.0020833333333333333 0.0046875
1 0.76875 0.27265625 0.004166666666666667 0.0015625
1 0.5895833333333333 0.271875 0.004166666666666667 0.003125
1 0.496875 0.26953125 0.0020833333333333333 0.0015625
1 0.8875 0.275 0.020833333333333332 0.015625
1 0.08958333333333333 0.26953125 0.004166666666666667 0.0046875
1 0.6083333333333333 0.2671875 0.008333333333333333 0.003125
1 0.184375 0.2609375 0.00625 0.003125
1 0.6177083333333333 0.2609375 0.00625 0.00625
1 0.26979166666666665 0.25859375 0.0020833333333333333 0.0015625
1 0.125 0.26640625 0.0375 0.0171875
1 0.35208333333333336 0.26171875 0.016666666666666666 0.0109375
1 0.6239583333333333 0.25390625 0.0020833333333333333 0.0015625
1 0.11666666666666667 0.25625 0.0125 0.00625
1 0.790625 0.26796875 0.03125 0.0328125
1 0.38229166666666664 0.259375 0.01875 0.015625
1 0.2760416666666667 0.25546875 0.014583333333333334 0.0078125
1 0.2625 0.25546875 0.008333333333333333 0.0078125
1 0.014583333333333334 0.26328125 0.029166666666666667 0.0265625
1 0.234375 0.25 0.0020833333333333333 0.003125
1 0.796875 0.2484375 0.0020833333333333333 0.003125
1 0.26979166666666665 0.2484375 0.0020833333333333333 0.003125
1 0.7885416666666667 0.246875 0.00625 0.003125
1 0.78125 0.24609375 0.004166666666666667 0.0015625
1 0.7729166666666667 0.246875 0.008333333333333333 0.003125
1 0.2635416666666667 0.24765625 0.00625 0.0046875
1 0.20208333333333334 0.246875 0.0125 0.00625
1 0.21458333333333332 0.24375 0.008333333333333333 0.003125
1 0.153125 0.24296875 0.0020833333333333333 0.0015625
1 0.584375 0.24140625 0.0020833333333333333 0.0015625
1 0.590625 0.23984375 0.0020833333333333333 0.0015625
1 0.575 0.240625 0.004166666666666667 0.003125
1 0.5677083333333334 0.24140625 0.00625 0.0046875
1 0.015625 0.23984375 0.0020833333333333333 0.0015625
1 0.49375 0.46640625 0.6625 0.4640625
1 0.26979166666666665 0.23203125 0.0020833333333333333 0.0015625
1 0.23020833333333332 0.23828125 0.010416666666666666 0.0140625
1 0.18645833333333334 0.26875 0.09375 0.075
1 0.009375 0.23203125 0.0020833333333333333 0.0015625
1 0.578125 0.22734375 0.0020833333333333333 0.0015625
1 0.5552083333333333 0.234375 0.022916666666666665 0.015625
1 0.26979166666666665 0.22734375 0.0020833333333333333 0.0015625
1 0.009375 0.22734375 0.0020833333333333333 0.0015625
1 0.011458333333333333 0.2328125 0.01875 0.015625
1 0.415625 0.22265625 0.0020833333333333333 0.0015625
1 0.15729166666666666 0.22265625 0.0020833333333333333 0.0015625
1 0.884375 0.21953125 0.00625 0.0046875
1 0.16458333333333333 0.22109375 0.008333333333333333 0.0078125
1 0.05416666666666667 0.21796875 0.004166666666666667 0.0015625
1 0.8291666666666667 0.21796875 0.004166666666666667 0.0046875
1 0.38645833333333335 0.21640625 0.014583333333333334 0.0078125
1 0.325 0.2328125 0.05 0.040625
1 0.759375 0.21171875 0.0020833333333333333 0.0015625
1 0.415625 0.215625 0.014583333333333334 0.009375
1 0.6864583333333333 0.2109375 0.0020833333333333333 0.003125
1 0.5072916666666667 0.23125 0.07708333333333334 0.04375
1 0.07604166666666666 0.21015625 0.00625 0.0015625
1 0.9791666666666666 0.24140625 0.041666666666666664 0.0671875
1 0.759375 0.20859375 0.0020833333333333333 0.0015625
1 0.7364583333333333 0.20859375 0.0020833333333333333 0.0015625
1 0.678125 0.209375 0.0020833333333333333 0.003125
1 0.7760416666666666 0.20703125 0.0020833333333333333 0.0015625
1 0.8010416666666667 0.2078125 0.01875 0.00625
1 0.346875 0.2109375 0.014583333333333334 0.0125
1 0.9916666666666667 0.20234375 0.004166666666666667 0.0015625
1 0.9385416666666667 0.20625 0.010416666666666666 0.009375
1 0.9020833333333333 0.203125 0.004166666666666667 0.003125
1 0.8364583333333333 0.1984375 0.00625 0.003125
1 0.5875 0.1984375 0.008333333333333333 0.003125
1 0.22916666666666666 0.21015625 0.058333333333333334 0.0296875
1 0.6447916666666667 0.19609375 0.00625 0.0046875
1 0.21770833333333334 0.19453125 0.0020833333333333333 0.0015625
1 0.8239583333333333 0.19609375 0.010416666666666666 0.0078125
1 0.6552083333333333 0.19375 0.00625 0.003125
1 0.6239583333333333 0.18984375 0.0020833333333333333 0.0015625
1 0.19791666666666666 0.2 0.025 0.021875
1 0.19479166666666667 0.18828125 0.0020833333333333333 0.0015625
1 0.19895833333333332 0.18671875 0.0020833333333333333 0.0015625
1 0.017708333333333333 0.2078125 0.035416666666666666 0.04375
1 0.7302083333333333 0.18203125 0.0020833333333333333 0.0015625
1 0.5958333333333333 0.18125 0.020833333333333332 0.00625
1 0.36875 0.17734375 0.004166666666666667 0.0046875
1 0.6135416666666667 0.17421875 0.0020833333333333333 0.0015625
1 0.6197916666666666 0.17578125 0.014583333333333334 0.0078125
1 0.5010416666666667 0.1734375 0.010416666666666666 0.003125
1 0.06875 0.17109375 0.004166666666666667 0.0015625
1 0.940625 0.1828125 0.014583333333333334 0.034375
1 0.35104166666666664 0.17578125 0.027083333333333334 0.0203125
1 0.784375 0.16328125 0.0020833333333333333 0.0015625
1 0.878125 0.1875 0.035416666666666666 0.05625
1 0.7833333333333333 0.16015625 0.004166666666666667 0.0015625
1 0.421875 0.17890625 0.027083333333333334 0.0421875
1 0.6385416666666667 0.15703125 0.0020833333333333333 0.0015625
1 0.9020833333333333 0.1578125 0.016666666666666666 0.009375
1 0.65625 0.1578125 0.020833333333333332 0.0125
1 0.5125 0.1546875 0.008333333333333333 0.00625
1 0.5041666666666667 0.15234375 0.004166666666666667 0.0015625
1 0.36770833333333336 0.15703125 0.01875 0.0171875
1 0.010416666666666666 0.15390625 0.020833333333333332 0.0109375
1 0.7635416666666667 0.14609375 0.0020833333333333333 0.0015625
1 0.021875 0.14609375 0.0020833333333333333 0.0015625
1 0.19479166666666667 0.146875 0.00625 0.00625
1 0.190625 0.14453125 0.0020833333333333333 0.0015625
1 0.009375 0.14453125 0.0020833333333333333 0.0015625
1 0.6614583333333334 0.14609375 0.00625 0.0078125
1 0.265625 0.1515625 0.01875 0.01875
1 0.18229166666666666 0.1453125 0.010416666666666666 0.00625
1 0.6552083333333333 0.13828125 0.0020833333333333333 0.0015625
1 0.6604166666666667 0.1375 0.004166666666666667 0.003125
1 0.17604166666666668 0.13828125 0.00625 0.0046875
1 0.07083333333333333 0.13515625 0.004166666666666667 0.0015625
1 0.090625 0.134375 0.00625 0.003125
1 0.9291666666666667 0.1359375 0.016666666666666666 0.009375
1 0.7697916666666667 0.13203125 0.0020833333333333333 0.0015625
1 0.16666666666666666 0.1328125 0.008333333333333333 0.00625
1 0.025 0.13046875 0.004166666666666667 0.0015625
1 0.10104166666666667 0.12890625 0.0020833333333333333 0.0015625
1 0.01875 0.1296875 0.004166666666666667 0.003125
1 0.5729166666666666 0.17578125 0.14166666666666666 0.0984375
1 0.38229166666666664 0.14140625 0.035416666666666666 0.0296875
1 0.09166666666666666 0.128125 0.004166666666666667 0.003125
1 0.9583333333333334 0.13046875 0.016666666666666666 0.0109375
1 0.4510416666666667 0.12421875 0.0020833333333333333 0.0015625
1 0.934375 0.12578125 0.010416666666666666 0.0078125
1 0.6677083333333333 0.12265625 0.0020833333333333333 0.0015625
1 0.15 0.125 0.0125 0.00625
1 0.11145833333333334 0.1234375 0.0020833333333333333 0.003125
1 0.4510416666666667 0.12109375 0.0020833333333333333 0.0015625
1 0.14479166666666668 0.12109375 0.0020833333333333333 0.0015625
1 0.08020833333333334 0.12265625 0.00625 0.0046875
1 0.084375 0.11953125 0.0020833333333333333 0.0015625
1 0.071875 0.115625 0.00625 0.003125
1 0.18333333333333332 0.1140625 0.004166666666666667 0.003125
1 0.16354166666666667 0.11484375 0.022916666666666665 0.0046875
1 0.7802083333333333 0.11171875 0.0020833333333333333 0.0015625
1 0.46979166666666666 0.11015625 0.0020833333333333333 0.0015625
1 0.771875 0.1078125 0.0020833333333333333 0.003125
1 0.47708333333333336 0.10859375 0.004166666666666667 0.0046875
1 0.7760416666666666 0.10546875 0.0020833333333333333 0.0015625
1 0.46979166666666666 0.10390625 0.0020833333333333333 0.0015625
1 0.18229166666666666 0.10703125 0.00625 0.0078125
1 0.7 0.109375 0.0125 0.015625
1 0.6291666666666667 0.10546875 0.008333333333333333 0.0078125
1 0.5677083333333334 0.1015625 0.0020833333333333333 0.003125
1 0.6354166666666666 0.09921875 0.004166666666666667 0.0015625
1 0.765625 0.09765625 0.0020833333333333333 0.0015625
1 0.9770833333333333 0.12734375 0.04583333333333333 0.0640625
1 0.7239583333333334 0.09609375 0.0020833333333333333 0.0015625
1 0.7854166666666667 0.0953125 0.004166666666666667 0.003125
1 0.7302083333333333 0.09140625 0.0020833333333333333 0.0015625
1 0.7104166666666667 0.09296875 0.004166666666666667 0.0046875
1 0.640625 0.08984375 0.0020833333333333333 0.0015625
1 0.796875 0.0890625 0.010416666666666666 0.003125
1 0.7552083333333334 0.08828125 0.0020833333333333333 0.0015625
1 0.6291666666666667 0.090625 0.008333333333333333 0.00625
1 0.7697916666666667 0.08671875 0.0020833333333333333 0.0015625
1 0.7614583333333333 0.090625 0.010416666666666666 0.009375
1 0.6927083333333334 0.09140625 0.0020833333333333333 0.0109375
1 0.41354166666666664 0.08671875 0.0020833333333333333 0.0015625
1 0.7989583333333333 0.08515625 0.0020833333333333333 0.0015625
1 0.778125 0.08359375 0.0020833333333333333 0.0015625
1 0.6989583333333333 0.08515625 0.0020833333333333333 0.0046875
1 0.703125 0.08125 0.0020833333333333333 0.003125
1 0.7864583333333334 0.07890625 0.0020833333333333333 0.0015625
1 0.78125 0.078125 0.004166666666666667 0.00625
1 0.7697916666666667 0.078125 0.014583333333333334 0.00625
1 0.753125 0.07421875 0.0020833333333333333 0.0015625
1 0.7489583333333333 0.07421875 0.0020833333333333333 0.0015625
1 0.6489583333333333 0.07421875 0.0020833333333333333 0.0015625
1 0.04583333333333333 0.14609375 0.09166666666666666 0.1453125
1 0.740625 0.07265625 0.0020833333333333333 0.0015625
1 0.13645833333333332 0.0734375 0.00625 0.003125
1 0.709375 0.07109375 0.0020833333333333333 0.0015625
1 0.09375 0.06953125 0.004166666666666667 0.0015625
1 0.025 0.06953125 0.004166666666666667 0.0015625
1 0.803125 0.06953125 0.00625 0.0046875
1 0.13958333333333334 0.096875 0.10833333333333334 0.059375
1 0.91875 0.090625 0.05 0.05
1 0.28020833333333334 0.06640625 0.0020833333333333333 0.0015625
1 0.005208333333333333 0.0671875 0.010416666666666666 0.003125
1 0.640625 0.06484375 0.0020833333333333333 0.0015625
1 0.9864583333333333 0.07421875 0.027083333333333334 0.0234375
1 0.27395833333333336 0.06640625 0.00625 0.0078125
1 0.09583333333333334 0.06328125 0.004166666666666667 0.0046875
1 0.6583333333333333 0.0609375 0.004166666666666667 0.003125
1 0.765625 0.05859375 0.0020833333333333333 0.0015625
1 0.725 0.06015625 0.0125 0.0109375
1 0.309375 0.07109375 0.027083333333333334 0.0328125
1 0.19895833333333332 0.05546875 0.0020833333333333333 0.0015625
1 0.6489583333333333 0.05390625 0.0020833333333333333 0.0015625
1 0.46979166666666666 0.05390625 0.0020833333333333333 0.0015625
1 0.6447916666666667 0.053125 0.0020833333333333333 0.003125
1 0.2947916666666667 0.053125 0.00625 0.003125
1 0.7625 0.04921875 0.004166666666666667 0.0015625
1 0.26458333333333334 0.04609375 0.004166666666666667 0.0015625
1 0.7395833333333334 0.04609375 0.0125 0.0078125
1 0.803125 0.04140625 0.00625 0.0015625
1 0.025 0.05 0.05 0.021875
1 0.9979166666666667 0.0390625 0.004166666666666667 0.003125
1 0.3260416666666667 0.04375 0.01875 0.015625
1 0.7552083333333334 0.040625 0.014583333333333334 0.0125
1 0.3104166666666667 0.0328125 0.008333333333333333 0.003125
1 0.09583333333333334 0.040625 0.020833333333333332 0.01875
1 0.809375 0.034375 0.010416666666666666 0.009375
1 0.7697916666666667 0.034375 0.00625 0.009375
1 0.3 0.03125 0.004166666666666667 0.003125
1 0.9979166666666667 0.02734375 0.004166666666666667 0.0015625
1 0.803125 0.02734375 0.0020833333333333333 0.0015625
1 0.3145833333333333 0.028125 0.004166666666666667 0.003125
1 0.30104166666666665 0.02578125 0.0020833333333333333 0.0015625
1 0.7864583333333334 0.03359375 0.01875 0.0265625
1 0.284375 0.01953125 0.0020833333333333333 0.0015625
1 0.278125 0.01953125 0.0020833333333333333 0.0015625
1 0.08020833333333334 0.01953125 0.0020833333333333333 0.0015625
1 0.0625 0.02109375 0.004166666666666667 0.0046875
1 0.6385416666666667 0.01953125 0.00625 0.0046875
1 0.3260416666666667 0.01796875 0.0020833333333333333 0.0015625
1 0.27395833333333336 0.01796875 0.0020833333333333333 0.0015625
1 0.959375 0.04453125 0.06458333333333334 0.0578125
1 0.26979166666666665 0.01640625 0.0020833333333333333 0.0015625
1 0.265625 0.01640625 0.0020833333333333333 0.0015625
1 0.00625 0.025 0.0125 0.025
1 0.6489583333333333 0.01015625 0.0020833333333333333 0.0015625
1 0.25416666666666665 0.0125 0.016666666666666666 0.00625
1 0.996875 0.009375 0.00625 0.00625
1 0.6510416666666666 0.00546875 0.0020833333333333333 0.0015625
1 0.31875 0.01484375 0.016666666666666666 0.0203125
1 0.703125 0.00234375 0.0020833333333333333 0.0015625
1 0.6635416666666667 0.00234375 0.0020833333333333333 0.0015625
1 0.27395833333333336 0.00234375 0.0020833333333333333 0.0015625
1 0.9708333333333333 0.0015625 0.004166666666666667 0.003125
1 0.965625 0.00078125 0.0020833333333333333 0.0015625
1 0.9 0.0078125 0.029166666666666667 0.015625
1 0.8677083333333333 0.0015625 0.0020833333333333333 0.003125
1 0.6510416666666666 0.00078125 0.0020833333333333333 0.0015625
1 0.6239583333333333 0.0703125 0.3145833333333333 0.140625
1 0.45625 0.08046875 0.22916666666666666 0.1609375
1 0.31875 0.0015625 0.004166666666666667 0.003125
1 0.26979166666666665 0.00078125 0.0020833333333333333 0.0015625
1 0.23541666666666666 0.00234375 0.008333333333333333 0.0046875
1 0.196875 0.07265625 0.19791666666666666 0.1453125
1 0.128125 0.0015625 0.00625 0.003125
1 0.057291666666666664 0.0109375 0.06458333333333334 0.021875
