0 0.28854166666666664 0.8125 0.0020833333333333333 0.003125
0 0.478125 0.72265625 0.0020833333333333333 0.0015625
0 0.396875 0.72265625 0.0020833333333333333 0.0015625
0 0.9208333333333333 0.696875 0.004166666666666667 0.003125
0 0.9520833333333333 0.67734375 0.004166666666666667 0.0015625
0 0.934375 0.67734375 0.0020833333333333333 0.0015625
0 0.940625 0.66328125 0.010416666666666666 0.0109375
0 0.9666666666666667 0.6484375 0.008333333333333333 0.0125
0 0.9833333333333333 0.62578125 0.004166666666666667 0.0015625
0 0.9635416666666666 0.61171875 0.0020833333333333333 0.0015625
0 0.9885416666666667 0.6140625 0.00625 0.0125
0 0.965625 0.60546875 0.0020833333333333333 0.0015625
0 0.9697916666666667 0.60234375 0.0020833333333333333 0.0015625
0 0.44479166666666664 0.49765625 0.00625 0.0015625
0 0.43333333333333335 0.5265625 0.03333333333333333 0.059375
0 0.4322916666666667 0.4890625 0.010416666666666666 0.009375
0 0.415625 0.4765625 0.00625 0.003125
0 0.409375 0.4640625 0.00625 0.00625
0 0.45208333333333334 0.459375 0.008333333333333333 0.00625
0 0.3958333333333333 0.4484375 0.004166666666666667 0.003125
0 0.2635416666666667 0.43984375 0.00625 0.0046875
0 0.25 0.4328125 0.0125 0.00625
0 0.23854166666666668 0.4265625 0.00625 0.003125
0 0.7854166666666667 0.42109375 0.004166666666666667 0.0015625
0 0.784375 0.41796875 0.0020833333333333333 0.0015625
0 0.7375 0.41484375 0.004166666666666667 0.0046875
0 0.3729166666666667 0.43828125 0.05416666666666667 0.0515625
0 0.7322916666666667 0.41015625 0.0020833333333333333 0.0015625
0 0.2635416666666667 0.41015625 0.00625 0.0046875
0 0.7697916666666667 0.4109375 0.010416666666666666 0.009375
0 0.7979166666666667 0.403125 0.008333333333333333 0.003125
0 0.33645833333333336 0.40234375 0.0020833333333333333 0.0015625
0 0.3489583333333333 0.40546875 0.014583333333333334 0.0109375
0 0.715625 0.396875 0.00625 0.003125
0 0.215625 0.409375 0.05625 0.028125
0 0.16666666666666666 0.396875 0.008333333333333333 0.003125
0 0.33541666666666664 0.39609375 0.008333333333333333 0.0078125
0 0.315625 0.38671875 0.0020833333333333333 0.0015625
0 0.6947916666666667 0.3859375 0.022916666666666665 0.009375
0 0.590625 0.37734375 0.0020833333333333333 0.0015625
0 0.38958333333333334 0.39609375 0.04583333333333333 0.0390625
0 0.6322916666666667 0.37265625 0.0020833333333333333 0.0015625
0 0.3645833333333333 0.37265625 0.004166666666666667 0.0046875
0 0.65625 0.3703125 0.0375 0.015625
0 0.15 0.3625 0.016666666666666666 0.009375
0 0.625 0.36015625 0.025 0.0109375
0 0.6322916666666667 0.35234375 0.0020833333333333333 0.0015625
0 0.6375 0.3515625 0.004166666666666667 0.003125
0 0.13541666666666666 0.353125 0.0125 0.009375
0 0.6541666666666667 0.346875 0.004166666666666667 0.003125
0 0.165625 0.340625 0.00625 0.00625
0 0.4666666666666667 0.34140625 0.0125 0.0109375
0 0.7125 0.33515625 0.004166666666666667 0.0015625
0 0.321875 0.36171875 0.07291666666666667 0.0546875
0 0.16979166666666667 0.334375 0.0020833333333333333 0.003125
0 0.7145833333333333 0.33203125 0.004166666666666667 0.0015625
0 0.703125 0.35859375 0.08958333333333333 0.0546875
0 0.7197916666666667 0.33046875 0.0020833333333333333 0.0015625
0 0.715625 0.32890625 0.0020833333333333333 0.0015625
0 0.8927083333333333 0.32734375 0.0020833333333333333 0.0015625
0 0.6635416666666667 0.328125 0.00625 0.003125
0 0.27395833333333336 0.32734375 0.0020833333333333333 0.0015625
0 0.10833333333333334 0.33828125 0.0375 0.0234375
0 0.49166666666666664 0.325 0.016666666666666666 0.00625
0 0.4427083333333333 0.3296875 0.014583333333333334 0.015625
0 0.2 0.32265625 0.004166666666666667 0.0015625
0 0.08541666666666667 0.3234375 0.004166666666666667 0.003125
0 0.5052083333333334 0.31484375 0.010416666666666666 0.0109375
0 0.052083333333333336 0.30859375 0.004166666666666667 0.0015625
0 0.646875 0.3140625 0.022916666666666665 0.01875
0 0.18958333333333333 0.309375 0.0125 0.009375
0 0.4197916666666667 0.30078125 0.00625 0.0046875
0 0.446875 0.29765625 0.00625 0.0015625
0 0.428125 0.296875 0.00625 0.003125
0 0.20833333333333334 0.28515625 0.004166666666666667 0.0015625
0 0.19791666666666666 0.28984375 0.016666666666666666 0.0109375
0 0.5177083333333333 0.28359375 0.014583333333333334 0.0171875
0 0.434375 0.27265625 0.0020833333333333333 0.0015625
0 0.5239583333333333 0.26953125 0.0020833333333333333 0.0015625
0 0.51875 0.2703125 0.004166666666666667 0.003125
0 0.5239583333333333 0.26640625 0.0020833333333333333 0.0015625
0 0.33645833333333336 0.2640625 0.0020833333333333333 0.003125
0 0.528125 0.2609375 0.00625 0.003125
0 0.14583333333333334 0.26640625 0.008333333333333333 0.0140625
0 0.403125 0.25859375 0.0020833333333333333 0.0015625
0 0.5270833333333333 0.25703125 0.004166666666666667 0.0015625
0 0.22916666666666666 0.25625 0.008333333333333333 0.003125
0 0.06875 0.25625 0.004166666666666667 0.003125
0 0.390625 0.25234375 0.0020833333333333333 0.0015625
0 0.28958333333333336 0.27421875 0.041666666666666664 0.0515625
0 0.5239583333333333 0.24609375 0.0020833333333333333 0.0015625
0 0.3458333333333333 0.24921875 0.025 0.0109375
0 0.16875 0.2515625 0.016666666666666666 0.015625
0 0.440625 0.25625 0.03958333333333333 0.0375
0 0.11666666666666667 0.2390625 0.004166666666666667 0.00625
0 0.8708333333333333 0.22890625 0.004166666666666667 0.0015625
0 0.184375 0.2234375 0.0020833333333333333 0.003125
0 0.359375 0.221875 0.010416666666666666 0.00625
0 0.17083333333333334 0.221875 0.020833333333333332 0.00625
0 0.8604166666666667 0.2390625 0.07916666666666666 0.046875
0 0.43645833333333334 0.21484375 0.0020833333333333333 0.0015625
0 0.15520833333333334 0.21484375 0.0020833333333333333 0.0015625
0 0.3697916666666667 0.2140625 0.0020833333333333333 0.003125
0 0.18020833333333333 0.21171875 0.0020833333333333333 0.0015625
0 0.909375 0.21171875 0.01875 0.0109375
0 0.171875 0.21015625 0.010416666666666666 0.0078125
0 0.9114583333333334 0.20390625 0.0020833333333333333 0.0015625
0 0.23125 0.19765625 0.004166666666666667 0.0046875
0 0.16354166666666667 0.19609375 0.0020833333333333333 0.0015625
0 0.5375 0.225 0.09166666666666666 0.065625
0 0.90625 0.203125 0.05416666666666667 0.025
0 0.171875 0.19140625 0.0020833333333333333 0.0015625
0 0.21875 0.18125 0.025 0.009375
0 0.4197916666666667 0.171875 0.010416666666666666 0.009375
0 0.4322916666666667 0.16484375 0.0020833333333333333 0.0046875
0 0.15729166666666666 0.14765625 0.0020833333333333333 0.0015625
0 0.21875 0.17109375 0.15 0.0546875
0 0.16354166666666667 0.1453125 0.00625 0.003125
0 0.23125 0.14296875 0.004166666666666667 0.0015625
0 0.19583333333333333 0.14609375 0.008333333333333333 0.0078125
0 0.13125 0.146875 0.020833333333333332 0.009375
0 0.159375 0.13984375 0.03125 0.0078125
0 0.14166666666666666 0.13515625 0.004166666666666667 0.0015625
0 0.084375 0.13046875 0.0020833333333333333 0.0015625
0 0.33958333333333335 0.1296875 0.004166666666666667 0.003125
0 0.22395833333333334 0.128125 0.0020833333333333333 0.003125
0 0.890625 0.12421875 0.0020833333333333333 0.0015625
0 0.6364583333333333 0.121875 0.00625 0.003125
0 0.6197916666666666 0.11796875 0.010416666666666666 0.0109375
0 0.5822916666666667 0.115625 0.014583333333333334 0.009375
0 0.571875 0.109375 0.0020833333333333333 0.003125
0 0.56875 0.103125 0.008333333333333333 0.009375
0 0.378125 0.1 0.0020833333333333333 0.003125
0 0.6270833333333333 0.096875 0.0125 0.00625
0 0.5677083333333334 0.0953125 0.0020833333333333333 0.003125
0 0.9427083333333334 0.096875 0.014583333333333334 0.009375
0 0.3802083333333333 0.09296875 0.0020833333333333333 0.0015625
0 0.290625 0.175 0.24375 0.178125
0 0.6489583333333333 0.1 0.035416666666666666 0.03125
0 0.928125 0.08359375 0.0020833333333333333 0.0015625
0 0.8760416666666667 0.08203125 0.0020833333333333333 0.0015625
0 0.5166666666666667 0.08359375 0.008333333333333333 0.0046875
0 0.75625 0.0796875 0.004166666666666667 0.003125
0 0.828125 0.0734375 0.00625 0.003125
0 0.634375 0.07265625 0.0020833333333333333 0.0015625
0 0.8572916666666667 0.07265625 0.0020833333333333333 0.0046875
0 0.5697916666666667 0.06796875 0.0020833333333333333 0.0015625
0 0.24270833333333333 0.065625 0.0020833333333333333 0.00625
0 0.903125 0.06171875 0.0020833333333333333 0.0015625
0 0.46979166666666666 0.1265625 0.11458333333333333 0.134375
0 0.8291666666666667 0.05859375 0.004166666666666667 0.0015625
0 0.8427083333333333 0.06328125 0.00625 0.0171875
0 0.4625 0.04921875 0.004166666666666667 0.0015625
0 0.8520833333333333 0.0484375 0.004166666666666667 0.003125
0 0.5510416666666667 0.04765625 0.0020833333333333333 0.0015625
0 0.45208333333333334 0.0484375 0.0125 0.003125
0 0.4395833333333333 0.046875 0.008333333333333333 0.003125
0 0.05520833333333333 0.04140625 0.0020833333333333333 0.0015625
0 0.43020833333333336 0.0390625 0.0020833333333333333 0.003125
0 0.9552083333333333 0.03515625 0.0020833333333333333 0.0015625
0 0.415625 0.034375 0.0020833333333333333 0.003125
0 0.40208333333333335 0.03125 0.004166666666666667 0.003125
0 0.7791666666666667 0.03046875 0.008333333333333333 0.0078125
0 0.834375 0.0265625 0.0020833333333333333 0.003125
0 0.4083333333333333 0.0234375 0.0125 0.003125
0 0.39895833333333336 0.0234375 0.0020833333333333333 0.003125
0 0.31875 0.021875 0.0125 0.00625
0 0.3854166666666667 0.021875 0.0125 0.009375
0 0.42083333333333334 0.01796875 0.008333333333333333 0.0046875
0 0.5354166666666667 0.015625 0.004166666666666667 0.003125
0 0.9177083333333333 0.01328125 0.0020833333333333333 0.0015625
0 0.43333333333333335 0.015625 0.008333333333333333 0.00625
0 0.915625 0.01015625 0.0020833333333333333 0.0015625
0 0.203125 0.0703125 0.10625 0.121875
0 0.6802083333333333 0.0125 0.014583333333333334 0.009375
0 0.29791666666666666 0.01015625 0.008333333333333333 0.0078125
0 0.6302083333333334 0.00546875 0.0020833333333333333 0.0015625
0 0.5395833333333333 0.0078125 0.004166666666666667 0.00625
0 0.9770833333333333 0.00390625 0.0125 0.0078125
0 0.9447916666666667 0.00546875 0.01875 0.0109375
0 0.8375 0.00703125 0.004166666666666667 0.0140625
0 0.83125 0.00234375 0.004166666666666667 0.0046875
0 0.8010416666666667 0.0015625 0.010416666666666666 0.003125
0 0.7927083333333333 0.00078125 0.0020833333333333333 0.0015625
0 0.7677083333333333 0.0046875 0.014583333333333334 0.009375
0 0.6822916666666666 0.00078125 0.0020833333333333333 0.0015625
0 0.6770833333333334 0.00234375 0.008333333333333333 0.0046875
0 0.6666666666666666 0.0015625 0.004166666666666667 0.003125
0 0.5604166666666667 0.003125 0.004166666666666667 0.00625
0 0.5520833333333334 0.00390625 0.008333333333333333 0.0078125
0 0.5416666666666666 0.0015625 0.008333333333333333 0.003125
0 0.528125 0.0078125 0.014583333333333334 0.015625
0 0.415625 0.0015625 0.0020833333333333333 0.003125
0 0.403125 0.00390625 0.01875 0.0078125
0 0.36041666666666666 0.0046875 0.020833333333333332 0.009375
0 0.3145833333333333 0.0078125 0.020833333333333332 0.015625
0 0.10833333333333334 0.0625 0.16666666666666666 0.125
1 0.9052083333333333 0.99453125 0.0020833333333333333 0.0015625
1 0.9375 0.98828125 0.0125 0.0234375
1 0.946875 0.95703125 0.022916666666666665 0.0859375
1 0.8322916666666667 0.87734375 0.0020833333333333333 0.0015625
1 0.7958333333333333 0.92109375 0.07083333333333333 0.0921875
1 0.815625 0.87578125 0.010416666666666666 0.0046875
1 0.7979166666666667 0.875 0.004166666666666667 0.003125
1 0.32395833333333335 0.87265625 0.0020833333333333333 0.0015625
1 0.8354166666666667 0.871875 0.004166666666666667 0.003125
1 0.9489583333333333 0.86953125 0.0020833333333333333 0.0015625
1 0.9322916666666666 0.86484375 0.0020833333333333333 0.0015625
1 0.8416666666666667 0.8640625 0.008333333333333333 0.009375
1 0.30104166666666665 0.86640625 0.014583333333333334 0.0171875
1 0.8552083333333333 0.85546875 0.0020833333333333333 0.0015625
1 0.3697916666666667 0.84609375 0.0020833333333333333 0.0015625
1 0.9541666666666667 0.86328125 0.06666666666666667 0.0421875
1 0.371875 0.84140625 0.0020833333333333333 0.0015625
1 0.29270833333333335 0.84609375 0.014583333333333334 0.0203125
1 0.8208333333333333 0.840625 0.0125 0.01875
1 0.37604166666666666 0.83203125 0.0020833333333333333 0.0015625
1 0.875 0.83125 0.004166666666666667 0.003125
1 0.31145833333333334 0.8265625 0.010416666666666666 0.00625
1 0.8375 0.8234375 0.004166666666666667 0.003125
1 0.296875 0.82265625 0.0020833333333333333 0.0015625
1 0.840625 0.81953125 0.0020833333333333333 0.0015625
1 0.3729166666666667 0.8203125 0.004166666666666667 0.003125
1 0.5239583333333333 0.81796875 0.0020833333333333333 0.0015625
1 0.3802083333333333 0.82109375 0.00625 0.0078125
1 0.8760416666666667 0.82109375 0.010416666666666666 0.0109375
1 0.28125 0.815625 0.004166666666666667 0.003125
1 0.88125 0.81171875 0.004166666666666667 0.0015625
1 0.38645833333333335 0.81171875 0.0020833333333333333 0.0015625
1 0.2947916666666667 0.8109375 0.0020833333333333333 0.003125
1 0.521875 0.80859375 0.0020833333333333333 0.0015625
1 0.8010416666666667 0.80703125 0.0020833333333333333 0.0015625
1 0.7760416666666666 0.80703125 0.0020833333333333333 0.0015625
1 0.521875 0.80546875 0.0020833333333333333 0.0015625
1 0.75 0.809375 0.03333333333333333 0.0125
1 0.834375 0.80234375 0.0020833333333333333 0.0015625
1 0.38958333333333334 0.80546875 0.004166666666666667 0.0078125
1 0.38645833333333335 0.80078125 0.0020833333333333333 0.0015625
1 0.85 0.8046875 0.020833333333333332 0.0125
1 0.8197916666666667 0.8015625 0.014583333333333334 0.00625
1 0.76875 0.8 0.004166666666666667 0.003125
1 0.8083333333333333 0.79765625 0.004166666666666667 0.0015625
1 0.7760416666666666 0.7984375 0.00625 0.003125
1 0.2916666666666667 0.8015625 0.016666666666666666 0.0125
1 0.7802083333333333 0.79453125 0.0020833333333333333 0.0015625
1 0.29270833333333335 0.79453125 0.0020833333333333333 0.0015625
1 0.8625 0.7921875 0.004166666666666667 0.003125
1 0.29375 0.79140625 0.004166666666666667 0.0015625
1 0.5114583333333333 0.78984375 0.0020833333333333333 0.0015625
1 0.2989583333333333 0.78984375 0.0020833333333333333 0.0015625
1 0.39791666666666664 0.78984375 0.004166666666666667 0.0046875
1 0.2947916666666667 0.78515625 0.0020833333333333333 0.0015625
1 0.3927083333333333 0.78359375 0.0020833333333333333 0.0015625
1 0.2864583333333333 0.78359375 0.0020833333333333333 0.0015625
1 0.8677083333333333 0.78046875 0.0020833333333333333 0.0015625
1 0.28541666666666665 0.78046875 0.004166666666666667 0.0015625
1 0.8697916666666666 0.77734375 0.0020833333333333333 0.0015625
1 0.29791666666666666 0.77890625 0.004166666666666667 0.0046875
1 0.65625 0.7796875 0.0375 0.015625
1 0.8760416666666667 0.77109375 0.0020833333333333333 0.0015625
1 0.6791666666666667 0.7734375 0.008333333333333333 0.00625
1 0.6239583333333333 0.76953125 0.0020833333333333333 0.0015625
1 0.2791666666666667 0.77109375 0.008333333333333333 0.0078125
1 0.60625 0.7671875 0.004166666666666667 0.003125
1 0.303125 0.76640625 0.0020833333333333333 0.0015625
1 0.28020833333333334 0.76484375 0.0020833333333333333 0.0015625
1 0.6145833333333334 0.76328125 0.004166666666666667 0.0015625
1 0.509375 0.76015625 0.0020833333333333333 0.0015625
1 0.33125 0.7609375 0.004166666666666667 0.003125
1 0.39479166666666665 0.75859375 0.0020833333333333333 0.0015625
1 0.878125 0.7578125 0.0020833333333333333 0.003125
1 0.3302083333333333 0.75703125 0.0020833333333333333 0.0015625
1 0.5052083333333334 0.75703125 0.0020833333333333333 0.0046875
1 0.878125 0.75390625 0.0020833333333333333 0.0015625
1 0.21770833333333334 0.74921875 0.0020833333333333333 0.0015625
1 0.5197916666666667 0.74609375 0.0020833333333333333 0.0015625
1 0.440625 0.7453125 0.0020833333333333333 0.003125
1 0.8822916666666667 0.74296875 0.0020833333333333333 0.0015625
1 0.5010416666666667 0.73828125 0.0020833333333333333 0.0015625
1 0.4510416666666667 0.73828125 0.0020833333333333333 0.0015625
1 0.403125 0.740625 0.00625 0.009375
1 0.2833333333333333 0.73515625 0.008333333333333333 0.0046875
1 0.8760416666666667 0.73125 0.0020833333333333333 0.003125
1 0.4666666666666667 0.73046875 0.004166666666666667 0.0046875
1 0.25104166666666666 0.73203125 0.01875 0.0078125
1 0.21354166666666666 0.72890625 0.0020833333333333333 0.0015625
1 0.18333333333333332 0.74375 0.020833333333333332 0.03125
1 0.434375 0.72734375 0.0020833333333333333 0.0015625
1 0.096875 0.72734375 0.00625 0.0015625
1 0.035416666666666666 0.728125 0.004166666666666667 0.003125
1 0.46770833333333334 0.72578125 0.0020833333333333333 0.0015625
1 0.41041666666666665 0.72734375 0.004166666666666667 0.0046875
1 0.21145833333333333 0.72578125 0.0020833333333333333 0.0015625
1 0.4864583333333333 0.72421875 0.0020833333333333333 0.0015625
1 0.2833333333333333 0.72578125 0.008333333333333333 0.0046875
1 0.19479166666666667 0.72421875 0.0020833333333333333 0.0015625
1 0.18958333333333333 0.72421875 0.004166666666666667 0.0015625
1 0.4114583333333333 0.721875 0.0020833333333333333 0.003125
1 0.38645833333333335 0.72109375 0.0020833333333333333 0.0015625
1 0.15208333333333332 0.728125 0.0375 0.015625
1 0.06145833333333333 0.73046875 0.03958333333333333 0.0203125
1 0.5197916666666667 0.72109375 0.0020833333333333333 0.0046875
1 0.38229166666666664 0.71796875 0.0020833333333333333 0.0015625
1 0.9979166666666667 0.7171875 0.004166666666666667 0.003125
1 0.9072916666666667 0.71640625 0.0020833333333333333 0.0015625
1 0.86875 0.71875 0.004166666666666667 0.00625
1 0.23854166666666668 0.71640625 0.0020833333333333333 0.0015625
1 0.5104166666666666 0.75859375 0.020833333333333332 0.0890625
1 0.365625 0.71484375 0.0020833333333333333 0.0015625
1 0.9864583333333333 0.71328125 0.0020833333333333333 0.0015625
1 0.49375 0.71640625 0.008333333333333333 0.0078125
1 0.25416666666666665 0.71875 0.0125 0.0125
1 0.521875 0.7125 0.0020833333333333333 0.003125
1 0.48020833333333335 0.71484375 0.010416666666666666 0.0078125
1 0.9947916666666666 0.7125 0.00625 0.00625
1 0.115625 0.71796875 0.014583333333333334 0.0171875
1 0.41770833333333335 0.70859375 0.0020833333333333333 0.0015625
1 0.8739583333333333 0.70703125 0.0020833333333333333 0.0015625
1 0.4197916666666667 0.70546875 0.0020833333333333333 0.0015625
1 0.9125 0.74453125 0.075 0.0890625
1 0.26458333333333334 0.7078125 0.016666666666666666 0.015625
1 0.21354166666666666 0.70625 0.014583333333333334 0.0125
1 0.178125 0.70859375 0.01875 0.0203125
1 0.5697916666666667 0.696875 0.0020833333333333333 0.003125
1 0.22604166666666667 0.72265625 0.052083333333333336 0.0578125
1 0.934375 0.69609375 0.00625 0.0078125
1 0.49166666666666664 0.69375 0.008333333333333333 0.00625
1 0.5260416666666666 0.69375 0.0020833333333333333 0.009375
1 0.3645833333333333 0.7 0.05416666666666667 0.021875
1 0.5645833333333333 0.6890625 0.004166666666666667 0.00625
1 0.9541666666666667 0.690625 0.008333333333333333 0.0125
1 0.478125 0.684375 0.010416666666666666 0.009375
1 0.403125 0.6890625 0.04791666666666667 0.021875
1 0.25 0.684375 0.0125 0.0125
1 0.9177083333333333 0.6828125 0.00625 0.015625
1 0.32708333333333334 0.6765625 0.008333333333333333 0.003125
1 0.9614583333333333 0.678125 0.00625 0.009375
1 0.9239583333333333 0.671875 0.0020833333333333333 0.003125
1 0.5739583333333333 0.67109375 0.0020833333333333333 0.0015625
1 0.5614583333333333 0.67109375 0.0020833333333333333 0.0015625
1 0.47604166666666664 0.67109375 0.0020833333333333333 0.0015625
1 0.965625 0.66953125 0.0020833333333333333 0.0015625
1 0.30520833333333336 0.71640625 0.07291666666666667 0.0953125
1 0.9260416666666667 0.66796875 0.0020833333333333333 0.0015625
1 0.41770833333333335 0.67265625 0.027083333333333334 0.0109375
1 0.24791666666666667 0.671875 0.020833333333333332 0.009375
1 0.5114583333333333 0.665625 0.0020833333333333333 0.003125
1 0.31875 0.66484375 0.004166666666666667 0.0015625
1 0.9677083333333333 0.66171875 0.0020833333333333333 0.0015625
1 0.553125 0.6796875 0.08541666666666667 0.0375
1 0.9302083333333333 0.6625 0.00625 0.00625
1 0.31145833333333334 0.6609375 0.0020833333333333333 0.003125
1 0.371875 0.6578125 0.0020833333333333333 0.003125
1 0.5302083333333333 0.65546875 0.0020833333333333333 0.0015625
1 0.5177083333333333 0.65390625 0.0020833333333333333 0.0015625
1 0.5322916666666667 0.65078125 0.0020833333333333333 0.0015625
1 0.4427083333333333 0.65234375 0.00625 0.0046875
1 0.49166666666666664 0.675 0.03333333333333333 0.053125
1 0.3385416666666667 0.65234375 0.00625 0.0078125
1 0.49895833333333334 0.64453125 0.0020833333333333333 0.0015625
1 0.340625 0.64453125 0.0020833333333333333 0.0015625
1 0.5229166666666667 0.64375 0.004166666666666667 0.00625
1 0.4791666666666667 0.64375 0.008333333333333333 0.00625
1 0.334375 0.64140625 0.0020833333333333333 0.0015625
1 0.20729166666666668 0.6484375 0.04791666666666667 0.015625
1 0.5041666666666667 0.64453125 0.004166666666666667 0.0109375
1 0.33645833333333336 0.63828125 0.0020833333333333333 0.0015625
1 0.5166666666666667 0.63828125 0.004166666666666667 0.0046875
1 0.4166666666666667 0.63828125 0.004166666666666667 0.0046875
1 0.521875 0.6359375 0.0020833333333333333 0.003125
1 0.18125 0.6375 0.029166666666666667 0.009375
1 0.525 0.63125 0.004166666666666667 0.003125
1 0.5041666666666667 0.63359375 0.008333333333333333 0.0078125
1 0.4875 0.6328125 0.008333333333333333 0.009375
1 0.46979166666666666 0.628125 0.0020833333333333333 0.00625
1 0.3802083333333333 0.640625 0.027083333333333334 0.03125
1 0.465625 0.61796875 0.0020833333333333333 0.0015625
1 0.49166666666666664 0.621875 0.0125 0.0125
1 0.4875 0.6140625 0.004166666666666667 0.003125
1 0.465625 0.61328125 0.0020833333333333333 0.0015625
1 0.53125 0.6171875 0.008333333333333333 0.0125
1 0.571875 0.60703125 0.0020833333333333333 0.0015625
1 0.959375 0.60078125 0.0020833333333333333 0.0015625
1 0.4125 0.6171875 0.025 0.034375
1 0.5614583333333333 0.5796875 0.0020833333333333333 0.003125
1 0.459375 0.57890625 0.0020833333333333333 0.0015625
1 0.5802083333333333 0.57578125 0.0020833333333333333 0.0015625
1 0.5645833333333333 0.575 0.004166666666666667 0.003125
1 0.5635416666666667 0.5640625 0.00625 0.003125
1 0.44895833333333335 0.5671875 0.010416666666666666 0.0125
1 0.440625 0.55859375 0.0020833333333333333 0.0015625
1 0.43645833333333334 0.55546875 0.0020833333333333333 0.0015625
1 0.4197916666666667 0.54921875 0.014583333333333334 0.0109375
1 0.5572916666666666 0.540625 0.010416666666666666 0.009375
1 0.3802083333333333 0.53671875 0.0020833333333333333 0.0015625
1 0.4239583333333333 0.52734375 0.0020833333333333333 0.0015625
1 0.6916666666666667 0.52421875 0.0125 0.0015625
1 0.4197916666666667 0.52109375 0.0020833333333333333 0.0015625
1 0.6791666666666667 0.5296875 0.07083333333333333 0.021875
1 0.4510416666666667 0.49921875 0.0020833333333333333 0.0015625
1 0.4635416666666667 0.49453125 0.0020833333333333333 0.0046875
1 0.4083333333333333 0.49375 0.004166666666666667 0.003125
1 0.40729166666666666 0.4890625 0.0020833333333333333 0.003125
1 0.46041666666666664 0.4875 0.004166666666666667 0.00625
1 0.409375 0.48515625 0.0020833333333333333 0.0015625
1 0.5208333333333334 0.4875 0.0375 0.015625
1 0.55625 0.47890625 0.004166666666666667 0.0015625
1 0.5510416666666667 0.47578125 0.0020833333333333333 0.0015625
1 0.403125 0.4796875 0.010416666666666666 0.009375
1 0.45625 0.475 0.008333333333333333 0.0125
1 0.44895833333333335 0.46796875 0.0020833333333333333 0.0015625
1 0.39166666666666666 0.47109375 0.008333333333333333 0.0078125
1 0.44375 0.4625 0.004166666666666667 0.003125
1 0.2833333333333333 0.4609375 0.004166666666666667 0.003125
1 0.8635416666666667 0.4578125 0.00625 0.00625
1 0.37083333333333335 0.45703125 0.008333333333333333 0.0046875
1 0.553125 0.44765625 0.0020833333333333333 0.0015625
1 0.27708333333333335 0.44921875 0.020833333333333332 0.0109375
1 0.35 0.43671875 0.004166666666666667 0.0046875
1 0.8375 0.434375 0.008333333333333333 0.003125
1 0.4197916666666667 0.46171875 0.05625 0.0578125
1 0.26458333333333334 0.434375 0.004166666666666667 0.003125
1 0.6645833333333333 0.434375 0.004166666666666667 0.00625
1 0.396875 0.43203125 0.0020833333333333333 0.0015625
1 0.2375 0.43125 0.004166666666666667 0.003125
1 0.3458333333333333 0.43046875 0.004166666666666667 0.0046875
1 0.5708333333333333 0.525 0.25416666666666665 0.20625
1 0.40625 0.43046875 0.0125 0.0203125
1 0.25416666666666665 0.42578125 0.0125 0.0109375
1 0.7354166666666667 0.4203125 0.004166666666666667 0.003125
1 0.31145833333333334 0.41796875 0.0020833333333333333 0.0015625
1 0.38333333333333336 0.4234375 0.0125 0.015625
1 0.30520833333333336 0.41640625 0.0020833333333333333 0.0015625
1 0.43020833333333336 0.4359375 0.03125 0.046875
1 0.39375 0.41640625 0.008333333333333333 0.0078125
1 0.30104166666666665 0.41171875 0.0020833333333333333 0.0015625
1 0.2864583333333333 0.41171875 0.0020833333333333333 0.0015625
1 0.28229166666666666 0.41171875 0.0020833333333333333 0.0015625
1 0.33229166666666665 0.41015625 0.0020833333333333333 0.0015625
1 0.25416666666666665 0.41015625 0.004166666666666667 0.0015625
1 0.246875 0.4109375 0.0020833333333333333 0.003125
1 0.4197916666666667 0.41015625 0.00625 0.0046875
1 0.23645833333333333 0.40859375 0.0020833333333333333 0.0015625
1 0.80625 0.409375 0.016666666666666666 0.00625
1 0.7947916666666667 0.40703125 0.0020833333333333333 0.0015625
1 0.434375 0.40703125 0.0020833333333333333 0.0015625
1 0.14479166666666668 0.4125 0.014583333333333334 0.0125
1 0.29270833333333335 0.40703125 0.00625 0.0046875
1 0.725 0.41015625 0.0125 0.0140625
1 0.32708333333333334 0.4046875 0.004166666666666667 0.003125
1 0.8125 0.403125 0.004166666666666667 0.003125
1 0.278125 0.40234375 0.0020833333333333333 0.0015625
1 0.259375 0.40234375 0.00625 0.0015625
1 0.7135416666666666 0.40078125 0.0020833333333333333 0.0015625
1 0.44375 0.41015625 0.016666666666666666 0.0203125
1 0.365625 0.4046875 0.014583333333333334 0.0125
1 0.7041666666666667 0.39765625 0.0125 0.0046875
1 0.403125 0.39609375 0.0020833333333333333 0.0015625
1 0.36354166666666665 0.39609375 0.00625 0.0015625
1 0.7666666666666667 0.39453125 0.004166666666666667 0.0015625
1 0.32083333333333336 0.396875 0.004166666666666667 0.00625
1 0.69375 0.39296875 0.004166666666666667 0.0015625
1 0.43125 0.39375 0.008333333333333333 0.00625
1 0.4 0.3921875 0.004166666666666667 0.003125
1 0.346875 0.39296875 0.010416666666666666 0.0078125
1 0.20729166666666668 0.38984375 0.0020833333333333333 0.0015625
1 0.428125 0.38828125 0.0020833333333333333 0.0015625
1 0.39375 0.3875 0.004166666666666667 0.003125
1 0.421875 0.3953125 0.014583333333333334 0.021875
1 0.3375 0.38515625 0.008333333333333333 0.0046875
1 0.4239583333333333 0.38359375 0.00625 0.0046875
1 0.309375 0.38203125 0.0020833333333333333 0.0015625
1 0.16666666666666666 0.3828125 0.004166666666666667 0.003125
1 0.7989583333333333 0.4296875 0.12708333333333333 0.1
1 0.7010416666666667 0.38203125 0.00625 0.0046875
1 0.6677083333333333 0.396875 0.06875 0.034375
1 0.3072916666666667 0.37890625 0.0020833333333333333 0.0015625
1 0.3302083333333333 0.37890625 0.00625 0.0078125
1 0.728125 0.38828125 0.027083333333333334 0.0296875
1 0.375 0.37421875 0.004166666666666667 0.0015625
1 0.6864583333333333 0.3765625 0.01875 0.009375
1 0.64375 0.3734375 0.004166666666666667 0.003125
1 0.715625 0.37109375 0.0020833333333333333 0.0015625
1 0.353125 0.37421875 0.014583333333333334 0.0078125
1 0.32083333333333336 0.371875 0.004166666666666667 0.003125
1 0.18645833333333334 0.38203125 0.035416666666666666 0.0265625
1 0.14791666666666667 0.371875 0.008333333333333333 0.00625
1 0.7114583333333333 0.36796875 0.0020833333333333333 0.0015625
1 0.60625 0.38203125 0.0875 0.0328125
1 0.16979166666666667 0.36484375 0.0020833333333333333 0.0015625
1 0.3572916666666667 0.36328125 0.0020833333333333333 0.0015625
1 0.13541666666666666 0.3640625 0.004166666666666667 0.003125
1 0.609375 0.36171875 0.0020833333333333333 0.0015625
1 0.6052083333333333 0.36171875 0.0020833333333333333 0.0015625
1 0.3 0.36328125 0.004166666666666667 0.0046875
1 0.40520833333333334 0.36875 0.014583333333333334 0.01875
1 0.6072916666666667 0.35859375 0.0020833333333333333 0.0015625
1 0.69375 0.359375 0.025 0.00625
1 0.721875 0.35546875 0.0020833333333333333 0.0015625
1 0.409375 0.3640625 0.014583333333333334 0.01875
1 0.346875 0.35234375 0.0020833333333333333 0.0015625
1 0.34270833333333334 0.35234375 0.0020833333333333333 0.0015625
1 0.715625 0.35078125 0.0020833333333333333 0.0015625
1 0.33645833333333336 0.3515625 0.00625 0.003125
1 0.6125 0.35234375 0.020833333333333332 0.0078125
1 0.46145833333333336 0.34921875 0.0020833333333333333 0.0015625
1 0.4552083333333333 0.34921875 0.00625 0.0015625
1 0.7104166666666667 0.3484375 0.004166666666666667 0.003125
1 0.165625 0.34765625 0.0020833333333333333 0.0015625
1 0.6614583333333334 0.35859375 0.03958333333333333 0.0265625
1 0.6614583333333334 0.34609375 0.0020833333333333333 0.0015625
1 0.5989583333333334 0.346875 0.0020833333333333333 0.003125
1 0.28958333333333336 0.35390625 0.016666666666666666 0.0171875
1 0.26458333333333334 0.34765625 0.004166666666666667 0.0046875
1 0.16145833333333334 0.34609375 0.0020833333333333333 0.0015625
1 0.803125 0.38046875 0.06875 0.0734375
1 0.671875 0.34453125 0.0020833333333333333 0.0015625
1 0.32708333333333334 0.34609375 0.008333333333333333 0.0046875
1 0.8239583333333333 0.34140625 0.0020833333333333333 0.0015625
1 0.8177083333333334 0.34140625 0.0020833333333333333 0.0015625
1 0.7145833333333333 0.34140625 0.016666666666666666 0.0078125
1 0.8635416666666667 0.33515625 0.0020833333333333333 0.0015625
1 0.875 0.33359375 0.004166666666666667 0.0015625
1 0.6552083333333333 0.33359375 0.0020833333333333333 0.0015625
1 0.6052083333333333 0.3359375 0.010416666666666666 0.00625
1 0.4739583333333333 0.34140625 0.01875 0.0171875
1 0.27395833333333336 0.340625 0.010416666666666666 0.015625
1 0.84375 0.33984375 0.0125 0.0171875
1 0.4895833333333333 0.334375 0.008333333333333333 0.00625
1 0.8635416666666667 0.33046875 0.0020833333333333333 0.0015625
1 0.828125 0.334375 0.010416666666666666 0.009375
1 0.28854166666666664 0.33046875 0.00625 0.0015625
1 0.7260416666666667 0.32890625 0.0020833333333333333 0.0015625
1 0.1625 0.33046875 0.008333333333333333 0.0046875
1 0.8666666666666667 0.32734375 0.004166666666666667 0.0015625
1 0.6354166666666666 0.3296875 0.004166666666666667 0.00625
1 0.778125 0.32578125 0.0020833333333333333 0.0015625
1 0.45729166666666665 0.328125 0.00625 0.00625
1 0.14166666666666666 0.34296875 0.04583333333333333 0.0359375
1 0.10104166666666667 0.32578125 0.0020833333333333333 0.0015625
1 0.8677083333333333 0.32421875 0.0020833333333333333 0.0015625
1 0.46458333333333335 0.3265625 0.004166666666666667 0.00625
1 0.16770833333333332 0.32421875 0.0020833333333333333 0.0015625
1 0.06979166666666667 0.32421875 0.0020833333333333333 0.0015625
1 0.784375 0.3234375 0.00625 0.003125
1 0.057291666666666664 0.31796875 0.0020833333333333333 0.0015625
1 0.815625 0.31640625 0.0020833333333333333 0.0015625
1 0.7947916666666667 0.31640625 0.0020833333333333333 0.0015625
1 0.13645833333333332 0.3171875 0.0020833333333333333 0.003125
1 0.865625 0.31953125 0.01875 0.0109375
1 0.5114583333333333 0.3234375 0.03125 0.01875
1 0.14791666666666667 0.31796875 0.008333333333333333 0.0078125
1 0.8489583333333334 0.3140625 0.010416666666666666 0.003125
1 0.4666666666666667 0.31640625 0.004166666666666667 0.0078125
1 0.1375 0.31328125 0.004166666666666667 0.0015625
1 0.08125 0.3140625 0.004166666666666667 0.003125
1 0.6697916666666667 0.31875 0.01875 0.015625
1 0.634375 0.31171875 0.0020833333333333333 0.0015625
1 0.653125 0.30859375 0.0020833333333333333 0.0015625
1 0.8625 0.30703125 0.004166666666666667 0.0015625
1 0.06354166666666666 0.30703125 0.0020833333333333333 0.0015625
1 0.8364583333333333 0.30625 0.00625 0.003125
1 0.25729166666666664 0.30859375 0.00625 0.0078125
1 0.6291666666666667 0.30625 0.008333333333333333 0.00625
1 0.021875 0.30390625 0.0020833333333333333 0.0015625
1 0.621875 0.30078125 0.0020833333333333333 0.0015625
1 0.5114583333333333 0.30078125 0.0020833333333333333 0.0015625
1 0.042708333333333334 0.30078125 0.0020833333333333333 0.0015625
1 0.6447916666666667 0.30078125 0.00625 0.0046875
1 0.4166666666666667 0.30859375 0.03333333333333333 0.0203125
1 0.00625 0.29921875 0.004166666666666667 0.0015625
1 0.378125 0.29765625 0.0020833333333333333 0.0015625
1 0.228125 0.29609375 0.0020833333333333333 0.0015625
1 0.5177083333333333 0.303125 0.014583333333333334 0.01875
1 0.4739583333333333 0.3078125 0.03125 0.028125
1 0.23541666666666666 0.31484375 0.0625 0.0421875
1 0.478125 0.29140625 0.0020833333333333333 0.0015625
1 0.39895833333333336 0.2921875 0.0020833333333333333 0.003125
1 0.225 0.29765625 0.016666666666666666 0.0140625
1 0.453125 0.28671875 0.0020833333333333333 0.0015625
1 0.271875 0.29375 0.014583333333333334 0.015625
1 0.5239583333333333 0.28671875 0.0020833333333333333 0.0046875
1 0.23020833333333332 0.28671875 0.00625 0.0046875
1 0.8010416666666667 0.28359375 0.0020833333333333333 0.0015625
1 0.69375 0.3046875 0.025 0.04375
1 0.26979166666666665 0.28359375 0.0020833333333333333 0.0015625
1 0.22604166666666667 0.28359375 0.0020833333333333333 0.0015625
1 0.5270833333333333 0.2828125 0.004166666666666667 0.003125
1 0.5302083333333333 0.28046875 0.0020833333333333333 0.0015625
1 0.6979166666666666 0.278125 0.004166666666666667 0.003125
1 0.20729166666666668 0.27734375 0.0020833333333333333 0.0015625
1 0.246875 0.27890625 0.010416666666666666 0.0078125
1 0.21875 0.278125 0.016666666666666666 0.00625
1 0.196875 0.27578125 0.0020833333333333333 0.0015625
1 0.13958333333333334 0.27578125 0.004166666666666667 0.0015625
1 0.25833333333333336 0.271875 0.020833333333333332 0.00625
1 0.15625 0.271875 0.004166666666666667 0.00625
1 0.8291666666666667 0.2671875 0.004166666666666667 0.003125
1 0.5385416666666667 0.2671875 0.0020833333333333333 0.003125
1 0.5333333333333333 0.2703125 0.004166666666666667 0.009375
1 0.228125 0.2671875 0.00625 0.003125
1 0.221875 0.26640625 0.0020833333333333333 0.0015625
1 0.6427083333333333 0.26484375 0.0020833333333333333 0.0015625
1 0.396875 0.26484375 0.0020833333333333333 0.0015625
1 0.134375 0.26640625 0.00625 0.0046875
1 0.11145833333333334 0.26484375 0.0020833333333333333 0.0015625
1 0.10520833333333333 0.26484375 0.00625 0.0015625
1 0.834375 0.26328125 0.0020833333333333333 0.0015625
1 0.20625 0.265625 0.025 0.009375
1 0.06979166666666667 0.26015625 0.0020833333333333333 0.0015625
1 0.15520833333333334 0.2625 0.010416666666666666 0.009375
1 0.50625 0.25859375 0.004166666666666667 0.0046875
1 0.35520833333333335 0.26328125 0.027083333333333334 0.0140625
1 0.17604166666666668 0.25859375 0.00625 0.0046875
1 0.7177083333333333 0.25546875 0.0020833333333333333 0.0015625
1 0.7177083333333333 0.25234375 0.0020833333333333333 0.0015625
1 0.18229166666666666 0.26328125 0.014583333333333334 0.0234375
1 0.18020833333333333 0.25 0.00625 0.003125
1 0.15208333333333332 0.24765625 0.004166666666666667 0.0046875
1 0.18333333333333332 0.2453125 0.004166666666666667 0.003125
1 0.11979166666666667 0.253125 0.03958333333333333 0.01875
1 0.05416666666666667 0.253125 0.029166666666666667 0.01875
1 0.09791666666666667 0.2453125 0.004166666666666667 0.00625
1 0.3458333333333333 0.2703125 0.075 0.059375
1 0.18229166666666666 0.2421875 0.00625 0.003125
1 0.17604166666666668 0.24140625 0.0020833333333333333 0.0015625
1 0.15729166666666666 0.24140625 0.0020833333333333333 0.0015625
1 0.3697916666666667 0.24375 0.00625 0.009375
1 0.86875 0.23828125 0.004166666666666667 0.0015625
1 0.140625 0.23828125 0.00625 0.0015625
1 0.88125 0.23671875 0.004166666666666667 0.0015625
1 0.875 0.2375 0.004166666666666667 0.003125
1 0.6208333333333333 0.23671875 0.004166666666666667 0.0015625
1 0.128125 0.23828125 0.014583333333333334 0.0109375
1 0.5947916666666667 0.26328125 0.10625 0.0734375
1 0.16354166666666667 0.22734375 0.0020833333333333333 0.0015625
1 0.834375 0.22578125 0.0020833333333333333 0.0015625
1 0.63125 0.2265625 0.004166666666666667 0.003125
1 0.6010416666666667 0.22578125 0.0020833333333333333 0.0015625
1 0.9072916666666667 0.22421875 0.0020833333333333333 0.0015625
1 0.084375 0.23046875 0.03125 0.0171875
1 0.15416666666666667 0.2234375 0.008333333333333333 0.00625
1 0.13333333333333333 0.21953125 0.004166666666666667 0.0015625
1 0.8489583333333334 0.21796875 0.0020833333333333333 0.0015625
1 0.3958333333333333 0.21484375 0.008333333333333333 0.0015625
1 0.3885416666666667 0.21328125 0.0020833333333333333 0.0015625
1 0.39895833333333336 0.21171875 0.0020833333333333333 0.0015625
1 0.10729166666666666 0.2078125 0.010416666666666666 0.00625
1 0.28020833333333334 0.20234375 0.01875 0.0078125
1 0.296875 0.19765625 0.0020833333333333333 0.0015625
1 0.240625 0.19765625 0.010416666666666666 0.0046875
1 0.21666666666666667 0.20546875 0.06666666666666667 0.0359375
1 0.9385416666666667 0.18203125 0.0020833333333333333 0.0015625
1 0.40208333333333335 0.19609375 0.09583333333333334 0.0296875
1 0.996875 0.18046875 0.0020833333333333333 0.0015625
1 0.290625 0.18046875 0.00625 0.0078125
1 0.196875 0.17890625 0.00625 0.0046875
1 0.43125 0.1734375 0.004166666666666667 0.003125
1 0.296875 0.16796875 0.0020833333333333333 0.0015625
1 0.146875 0.16171875 0.00625 0.0015625
1 0.11458333333333333 0.18828125 0.08333333333333333 0.0640625
1 0.534375 0.15546875 0.0020833333333333333 0.0015625
1 0.94375 0.1515625 0.0125 0.003125
1 0.775 0.26015625 0.12083333333333333 0.2203125
1 0.37604166666666666 0.1421875 0.014583333333333334 0.015625
1 0.6020833333333333 0.13359375 0.004166666666666667 0.0015625
1 0.28020833333333334 0.15625 0.09375 0.05
1 0.07291666666666667 0.13203125 0.004166666666666667 0.0015625
1 0.16770833333333332 0.13203125 0.06875 0.0140625
1 0.5197916666666667 0.12890625 0.01875 0.0109375
1 0.07083333333333333 0.1390625 0.0375 0.03125
1 0.42604166666666665 0.1484375 0.03958333333333333 0.053125
1 0.10833333333333334 0.121875 0.016666666666666666 0.00625
1 0.0875 0.1203125 0.0125 0.003125
1 0.596875 0.12265625 0.022916666666666665 0.0109375
1 0.3020833333333333 0.1171875 0.020833333333333332 0.015625
1 0.5114583333333333 0.1078125 0.0020833333333333333 0.003125
1 0.5041666666666667 0.10859375 0.008333333333333333 0.0109375
1 0.06979166666666667 0.10390625 0.0020833333333333333 0.0015625
1 0.023958333333333335 0.10390625 0.0020833333333333333 0.0015625
1 0.4625 0.10859375 0.008333333333333333 0.0140625
1 0.7572916666666667 0.09921875 0.0020833333333333333 0.0015625
1 0.40520833333333334 0.09765625 0.010416666666666666 0.0140625
1 0.5895833333333333 0.10078125 0.020833333333333332 0.0234375
1 0.019791666666666666 0.08671875 0.0020833333333333333 0.0015625
1 0.009375 0.08671875 0.0020833333333333333 0.0015625
1 0.014583333333333334 0.08671875 0.004166666666666667 0.0046875
1 0.03229166666666667 0.09296875 0.022916666666666665 0.0203125
1 0.009375 0.0828125 0.0020833333333333333 0.003125
1 0.5635416666666667 0.08046875 0.0020833333333333333 0.0015625
1 0.003125 0.08046875 0.00625 0.0046875
1 0.49375 0.078125 0.004166666666666667 0.003125
1 0.14583333333333334 0.08203125 0.0125 0.0109375
1 0.5364583333333334 0.0984375 0.052083333333333336 0.053125
1 0.503125 0.07265625 0.00625 0.0046875
1 0.5979166666666667 0.06796875 0.004166666666666667 0.0046875
1 0.14270833333333333 0.06171875 0.00625 0.0078125
1 0.35104166666666664 0.05234375 0.0020833333333333333 0.0015625
1 0.5885416666666666 0.0578125 0.027083333333333334 0.015625
1 0.6072916666666667 0.04921875 0.0020833333333333333 0.0015625
1 0.59375 0.04609375 0.004166666666666667 0.0015625
1 0.5708333333333333 0.053125 0.008333333333333333 0.015625
1 0.6125 0.04453125 0.008333333333333333 0.0046875
1 0.8947916666666667 0.04140625 0.010416666666666666 0.0109375
1 0.14791666666666667 0.03984375 0.016666666666666666 0.0203125
1 0.08020833333333334 0.0296875 0.0020833333333333333 0.003125
1 0.790625 0.02734375 0.0020833333333333333 0.0015625
1 0.04479166666666667 0.02734375 0.0020833333333333333 0.0015625
1 0.08333333333333333 0.02578125 0.004166666666666667 0.0015625
1 0.078125 0.02578125 0.0020833333333333333 0.0015625
1 0.027083333333333334 0.053125 0.05416666666666667 0.05625
1 0.0010416666666666667 0.02265625 0.0020833333333333333 0.0015625
1 0.7958333333333333 0.02265625 0.008333333333333333 0.0046875
1 0.95625 0.0203125 0.004166666666666667 0.00625
1 0.9135416666666667 0.0203125 0.01875 0.009375
1 0.15729166666666666 0.021875 0.01875 0.0125
1 0.8947916666666667 0.0171875 0.014583333333333334 0.0125
1 0.9677083333333333 0.01015625 0.0020833333333333333 0.0015625
1 0.640625 0.00859375 0.0020833333333333333 0.0015625
1 0.6260416666666667 0.01484375 0.010416666666666666 0.0140625
1 0.990625 0.00703125 0.014583333333333334 0.0140625
1 0.903125 0.0015625 0.00625 0.003125
1 0.8177083333333334 0.00078125 0.0020833333333333333 0.0015625
1 0.5885416666666666 0.0015625 0.00625 0.003125
1 0.6885416666666667 0.1421875 0.6229166666666667 0.284375
1 0.29270833333333335 0.03671875 0.14375 0.0734375
1 0.20729166666666668 0.0046875 0.01875 0.009375
