0 0.2760416666666667 0.921875 0.0020833333333333333 0.003125
0 0.2635416666666667 0.921875 0.0020833333333333333 0.003125
0 0.703125 0.784375 0.0020833333333333333 0.003125
0 0.696875 0.77734375 0.0020833333333333333 0.0015625
0 0.6729166666666667 0.765625 0.0125 0.00625
0 0.6604166666666667 0.7609375 0.008333333333333333 0.003125
0 0.5739583333333333 0.7359375 0.010416666666666666 0.003125
0 0.5458333333333333 0.73515625 0.008333333333333333 0.0015625
0 0.5302083333333333 0.73359375 0.0020833333333333333 0.0015625
0 0.459375 0.73203125 0.00625 0.0015625
0 0.16770833333333332 0.621875 0.0020833333333333333 0.003125
0 0.165625 0.61796875 0.0020833333333333333 0.0015625
0 0.4427083333333333 0.48046875 0.0020833333333333333 0.0015625
0 0.44166666666666665 0.47734375 0.004166666666666667 0.0015625
0 0.31354166666666666 0.46328125 0.0020833333333333333 0.0015625
0 0.4479166666666667 0.434375 0.008333333333333333 0.009375
0 0.26979166666666665 0.30234375 0.0020833333333333333 0.0015625
0 0.265625 0.30234375 0.0020833333333333333 0.0015625
0 0.546875 0.2484375 0.014583333333333334 0.009375
0 0.5635416666666667 0.2359375 0.00625 0.00625
0 0.5833333333333334 0.21484375 0.008333333333333333 0.0078125
0 0.5958333333333333 0.20390625 0.008333333333333333 0.0046875
1 0.15625 0.99921875 0.016666666666666666 0.0015625
1 0.0020833333333333333 0.9984375 0.004166666666666667 0.003125
1 0.32708333333333334 0.99609375 0.0125 0.0078125
1 0.06458333333333334 0.9953125 0.0125 0.00625
1 0.128125 0.99375 0.035416666666666666 0.0125
1 0.22916666666666666 0.98828125 0.016666666666666666 0.0171875
1 0.284375 0.96640625 0.0020833333333333333 0.0015625
1 0.20833333333333334 0.9671875 0.004166666666666667 0.003125
1 0.228125 0.96640625 0.00625 0.0046875
1 0.21458333333333332 0.9578125 0.004166666666666667 0.003125
1 0.29270833333333335 0.95390625 0.0020833333333333333 0.0015625
1 0.296875 0.95234375 0.0020833333333333333 0.0015625
1 0.228125 0.946875 0.0020833333333333333 0.003125
1 0.18020833333333333 0.94140625 0.0020833333333333333 0.0015625
1 0.22604166666666667 0.940625 0.0020833333333333333 0.003125
1 0.5697916666666667 0.93671875 0.0020833333333333333 0.0015625
1 0.16041666666666668 0.93125 0.004166666666666667 0.003125
1 0.56875 0.93046875 0.004166666666666667 0.0078125
1 0.05 0.9546875 0.1 0.059375
1 0.253125 0.9234375 0.00625 0.003125
1 0.18854166666666666 0.92109375 0.0020833333333333333 0.0015625
1 0.28854166666666664 0.95078125 0.04375 0.0703125
1 0.011458333333333333 0.91875 0.0020833333333333333 0.00625
1 0.31979166666666664 0.915625 0.0020833333333333333 0.003125
1 0.5635416666666667 0.909375 0.0020833333333333333 0.003125
1 0.33125 0.9078125 0.025 0.00625
1 0.346875 0.90390625 0.0020833333333333333 0.0015625
1 0.18854166666666666 0.90390625 0.0020833333333333333 0.0015625
1 0.0125 0.90703125 0.008333333333333333 0.0109375
1 0.5072916666666667 0.89453125 0.0020833333333333333 0.0015625
1 0.38958333333333334 0.8953125 0.0125 0.003125
1 0.3104166666666667 0.89453125 0.004166666666666667 0.0015625
1 0.18645833333333334 0.89296875 0.0020833333333333333 0.0015625
1 0.31145833333333334 0.89140625 0.0020833333333333333 0.0015625
1 0.39479166666666665 0.89140625 0.014583333333333334 0.0046875
1 0.315625 0.88984375 0.0020833333333333333 0.0015625
1 0.32083333333333336 0.88828125 0.004166666666666667 0.0015625
1 0.18229166666666666 0.8890625 0.0020833333333333333 0.003125
1 0.44895833333333335 0.88671875 0.0020833333333333333 0.0015625
1 0.4114583333333333 0.89140625 0.014583333333333334 0.0109375
1 0.33541666666666664 0.88515625 0.008333333333333333 0.0046875
1 0.025 0.89140625 0.05 0.0171875
1 0.4625 0.87734375 0.004166666666666667 0.0015625
1 0.4552083333333333 0.87734375 0.0020833333333333333 0.0015625
1 0.5229166666666667 0.88125 0.020833333333333332 0.0125
1 0.3927083333333333 0.875 0.03125 0.00625
1 0.353125 0.87265625 0.0020833333333333333 0.0015625
1 0.49270833333333336 0.86953125 0.0020833333333333333 0.0015625
1 0.48541666666666666 0.86953125 0.004166666666666667 0.0015625
1 0.440625 0.86484375 0.0020833333333333333 0.0015625
1 0.019791666666666666 0.86171875 0.0020833333333333333 0.0015625
1 0.009375 0.85859375 0.0020833333333333333 0.0015625
1 0.007291666666666667 0.85390625 0.0020833333333333333 0.0015625
1 0.0125 0.85234375 0.004166666666666667 0.0015625
1 0.221875 0.85078125 0.0020833333333333333 0.0015625
1 0.008333333333333333 0.85 0.004166666666666667 0.003125
1 0.17395833333333333 0.84765625 0.0020833333333333333 0.0015625
1 0.23020833333333332 0.84609375 0.00625 0.0109375
1 0.4427083333333333 0.83671875 0.0020833333333333333 0.0015625
1 0.15729166666666666 0.83515625 0.0020833333333333333 0.0015625
1 0.17395833333333333 0.82890625 0.0020833333333333333 0.0015625
1 0.459375 0.82734375 0.0020833333333333333 0.0015625
1 0.4635416666666667 0.85703125 0.04791666666666667 0.0640625
1 0.4395833333333333 0.825 0.004166666666666667 0.003125
1 0.020833333333333332 0.83203125 0.025 0.0171875
1 0.7552083333333334 0.82265625 0.0020833333333333333 0.0015625
1 0.7458333333333333 0.8234375 0.004166666666666667 0.003125
1 0.4552083333333333 0.82265625 0.0020833333333333333 0.0015625
1 0.052083333333333336 0.8234375 0.008333333333333333 0.003125
1 0.234375 0.81953125 0.0020833333333333333 0.0015625
1 0.21458333333333332 0.821875 0.008333333333333333 0.00625
1 0.06354166666666666 0.81953125 0.0020833333333333333 0.0015625
1 0.228125 0.81796875 0.0020833333333333333 0.0015625
1 0.20729166666666668 0.81796875 0.0020833333333333333 0.0015625
1 0.7520833333333333 0.8171875 0.004166666666666667 0.003125
1 0.2552083333333333 0.8171875 0.0020833333333333333 0.003125
1 0.22395833333333334 0.81640625 0.0020833333333333333 0.0015625
1 0.190625 0.8171875 0.0020833333333333333 0.003125
1 0.24166666666666667 0.81484375 0.004166666666666667 0.0015625
1 0.21666666666666667 0.8109375 0.004166666666666667 0.003125
1 0.209375 0.80703125 0.0020833333333333333 0.0015625
1 0.071875 0.80703125 0.0020833333333333333 0.0015625
1 0.041666666666666664 0.80625 0.004166666666666667 0.003125
1 0.196875 0.80390625 0.00625 0.0046875
1 0.06770833333333333 0.8015625 0.00625 0.003125
1 0.715625 0.79765625 0.0020833333333333333 0.0015625
1 0.36770833333333336 0.7984375 0.0020833333333333333 0.003125
1 0.10729166666666666 0.79765625 0.0020833333333333333 0.0015625
1 0.728125 0.79765625 0.00625 0.0046875
1 0.003125 0.79140625 0.0020833333333333333 0.0015625
1 0.10104166666666667 0.7890625 0.00625 0.003125
1 0.029166666666666667 0.8046875 0.0375 0.034375
1 0.2989583333333333 0.78671875 0.0020833333333333333 0.0015625
1 0.29375 0.78515625 0.004166666666666667 0.0015625
1 0.28854166666666664 0.78515625 0.0020833333333333333 0.0015625
1 0.036458333333333336 0.78515625 0.0020833333333333333 0.0015625
1 0.3072916666666667 0.78359375 0.0020833333333333333 0.0015625
1 0.275 0.78125 0.020833333333333332 0.00625
1 0.36770833333333336 0.77734375 0.0020833333333333333 0.0015625
1 0.071875 0.77734375 0.0020833333333333333 0.0015625
1 0.003125 0.77578125 0.00625 0.0015625
1 0.33645833333333336 0.77265625 0.0020833333333333333 0.0015625
1 0.684375 0.76484375 0.0020833333333333333 0.0015625
1 0.165625 0.74140625 0.0020833333333333333 0.0015625
1 0.05520833333333333 0.72890625 0.0020833333333333333 0.0015625
1 0.4666666666666667 0.7265625 0.008333333333333333 0.003125
1 0.3302083333333333 0.8390625 0.23125 0.2625
1 0.19270833333333334 0.67265625 0.00625 0.0046875
1 0.090625 0.66796875 0.0020833333333333333 0.0015625
1 0.20416666666666666 0.6765625 0.04583333333333333 0.046875
1 0.16770833333333332 0.63984375 0.0020833333333333333 0.0015625
1 0.5291666666666667 0.60390625 0.008333333333333333 0.0171875
1 0.12395833333333334 0.76015625 0.24791666666666667 0.4171875
1 0.46875 0.528125 0.004166666666666667 0.003125
1 0.9916666666666667 0.53671875 0.016666666666666666 0.0234375
1 0.228125 0.4890625 0.00625 0.003125
1 0.18125 0.48984375 0.008333333333333333 0.0046875
1 0.18541666666666667 0.48671875 0.004166666666666667 0.0015625
1 0.21875 0.48515625 0.004166666666666667 0.0015625
1 0.29270833333333335 0.48359375 0.0020833333333333333 0.0015625
1 0.215625 0.48203125 0.0020833333333333333 0.0015625
1 0.434375 0.48359375 0.010416666666666666 0.0109375
1 0.21770833333333334 0.47734375 0.0020833333333333333 0.0015625
1 0.20625 0.47734375 0.008333333333333333 0.0046875
1 0.49583333333333335 0.46953125 0.004166666666666667 0.0015625
1 0.5072916666666667 0.46640625 0.0020833333333333333 0.0015625
1 0.24791666666666667 0.49921875 0.0375 0.0671875
1 0.228125 0.46484375 0.0020833333333333333 0.0015625
1 0.515625 0.46328125 0.0020833333333333333 0.0015625
1 0.484375 0.46328125 0.0020833333333333333 0.0015625
1 0.49375 0.4625 0.008333333333333333 0.003125
1 0.5322916666666667 0.46015625 0.0020833333333333333 0.0015625
1 0.49895833333333334 0.46015625 0.0020833333333333333 0.0015625
1 0.3020833333333333 0.47109375 0.020833333333333332 0.0234375
1 0.23333333333333334 0.46171875 0.004166666666666667 0.0046875
1 0.503125 0.45859375 0.0020833333333333333 0.0015625
1 0.5135416666666667 0.45703125 0.0020833333333333333 0.0015625
1 0.5239583333333333 0.4578125 0.014583333333333334 0.00625
1 0.31979166666666664 0.45546875 0.0020833333333333333 0.0015625
1 0.22395833333333334 0.45234375 0.0020833333333333333 0.0015625
1 0.203125 0.45078125 0.0020833333333333333 0.0015625
1 0.43854166666666666 0.44453125 0.0020833333333333333 0.0015625
1 0.209375 0.44140625 0.0020833333333333333 0.0015625
1 0.20520833333333333 0.4390625 0.0020833333333333333 0.003125
1 0.48333333333333334 0.50625 0.09166666666666666 0.15
1 0.190625 0.43203125 0.0020833333333333333 0.0015625
1 0.19166666666666668 0.4390625 0.03333333333333333 0.015625
1 0.328125 0.44296875 0.03125 0.0265625
1 0.18541666666666667 0.43046875 0.004166666666666667 0.0015625
1 0.17083333333333334 0.42734375 0.008333333333333333 0.0046875
1 0.4270833333333333 0.4140625 0.004166666666666667 0.003125
1 0.43020833333333336 0.40859375 0.0020833333333333333 0.0015625
1 0.9302083333333333 0.353125 0.0020833333333333333 0.003125
1 0.7322916666666667 0.35234375 0.010416666666666666 0.0078125
1 0.2635416666666667 0.34609375 0.0020833333333333333 0.0015625
1 0.2552083333333333 0.34609375 0.0020833333333333333 0.0015625
1 0.25104166666666666 0.346875 0.0020833333333333333 0.003125
1 0.253125 0.34296875 0.0020833333333333333 0.0015625
1 0.26458333333333334 0.3421875 0.004166666666666667 0.003125
1 0.9677083333333333 0.33359375 0.0020833333333333333 0.0015625
1 0.75625 0.32890625 0.004166666666666667 0.0015625
1 0.6385416666666667 0.32734375 0.0020833333333333333 0.0015625
1 0.26145833333333335 0.32734375 0.0020833333333333333 0.0015625
1 0.98125 0.321875 0.004166666666666667 0.00625
1 0.6302083333333334 0.346875 0.052083333333333336 0.05625
1 0.28854166666666664 0.31640625 0.0020833333333333333 0.0015625
1 0.5770833333333333 0.31640625 0.020833333333333332 0.0109375
1 0.4114583333333333 0.3125 0.0020833333333333333 0.003125
1 0.18645833333333334 0.31171875 0.0020833333333333333 0.0015625
1 0.965625 0.3078125 0.0020833333333333333 0.003125
1 0.18020833333333333 0.3078125 0.00625 0.003125
1 0.9302083333333333 0.30625 0.0020833333333333333 0.003125
1 0.18854166666666666 0.30546875 0.0020833333333333333 0.0015625
1 0.9302083333333333 0.30234375 0.0020833333333333333 0.0015625
1 0.8947916666666667 0.30234375 0.0020833333333333333 0.0015625
1 0.8822916666666667 0.29921875 0.0020833333333333333 0.0015625
1 0.421875 0.29921875 0.0020833333333333333 0.0015625
1 0.2552083333333333 0.31875 0.08958333333333333 0.040625
1 0.8864583333333333 0.2984375 0.0020833333333333333 0.003125
1 0.9114583333333334 0.29609375 0.0020833333333333333 0.0015625
1 0.40520833333333334 0.29609375 0.0020833333333333333 0.0015625
1 0.4010416666666667 0.29453125 0.0020833333333333333 0.0015625
1 0.41041666666666665 0.30234375 0.020833333333333332 0.0203125
1 0.9729166666666667 0.29921875 0.016666666666666666 0.0171875
1 0.40520833333333334 0.29140625 0.0020833333333333333 0.0015625
1 0.07083333333333333 0.2953125 0.008333333333333333 0.009375
1 0.9364583333333333 0.28984375 0.0020833333333333333 0.0015625
1 0.9104166666666667 0.29140625 0.004166666666666667 0.0046875
1 0.4114583333333333 0.28984375 0.0020833333333333333 0.0015625
1 0.4197916666666667 0.2921875 0.0020833333333333333 0.009375
1 0.40729166666666666 0.28828125 0.0020833333333333333 0.0015625
1 0.3572916666666667 0.28828125 0.0020833333333333333 0.0015625
1 0.09375 0.2921875 0.008333333333333333 0.009375
1 0.934375 0.28671875 0.0020833333333333333 0.0015625
1 0.40729166666666666 0.28515625 0.0020833333333333333 0.0015625
1 0.353125 0.28515625 0.0020833333333333333 0.0015625
1 0.4114583333333333 0.284375 0.0020833333333333333 0.003125
1 0.4010416666666667 0.28359375 0.0020833333333333333 0.0015625
1 0.3572916666666667 0.2828125 0.0020833333333333333 0.003125
1 0.478125 0.28046875 0.0020833333333333333 0.0015625
1 0.41458333333333336 0.28046875 0.004166666666666667 0.0015625
1 0.9291666666666667 0.2796875 0.004166666666666667 0.003125
1 0.396875 0.28203125 0.00625 0.0078125
1 0.35520833333333335 0.27890625 0.0020833333333333333 0.0015625
1 0.3489583333333333 0.27890625 0.0020833333333333333 0.0015625
1 0.403125 0.27890625 0.0020833333333333333 0.0046875
1 0.365625 0.27578125 0.0020833333333333333 0.0015625
1 0.9385416666666667 0.27421875 0.0020833333333333333 0.0015625
1 0.3614583333333333 0.27421875 0.0020833333333333333 0.0015625
1 0.3541666666666667 0.275 0.004166666666666667 0.003125
1 0.44166666666666665 0.27109375 0.004166666666666667 0.0015625
1 0.359375 0.27109375 0.0020833333333333333 0.0015625
1 0.959375 0.27109375 0.010416666666666666 0.0046875
1 0.36875 0.271875 0.004166666666666667 0.00625
1 0.26875 0.28359375 0.07083333333333333 0.0328125
1 0.6666666666666666 0.2671875 0.004166666666666667 0.003125
1 0.4427083333333333 0.26640625 0.0020833333333333333 0.0046875
1 0.8927083333333333 0.26328125 0.0020833333333333333 0.0015625
1 0.8947916666666667 0.28125 0.027083333333333334 0.0375
1 0.596875 0.26640625 0.00625 0.0078125
1 0.45 0.26484375 0.004166666666666667 0.0046875
1 0.10520833333333333 0.27578125 0.022916666666666665 0.0265625
1 0.46145833333333336 0.2703125 0.027083333333333334 0.01875
1 0.665625 0.26171875 0.00625 0.0046875
1 0.45625 0.26015625 0.004166666666666667 0.0015625
1 0.43854166666666666 0.259375 0.0020833333333333333 0.003125
1 0.42604166666666665 0.25859375 0.0020833333333333333 0.0015625
1 0.6739583333333333 0.25546875 0.0020833333333333333 0.0015625
1 0.6677083333333333 0.25625 0.00625 0.003125
1 0.4635416666666667 0.25625 0.0020833333333333333 0.003125
1 0.41041666666666665 0.4015625 0.30416666666666664 0.296875
1 0.6697916666666667 0.25078125 0.0020833333333333333 0.0015625
1 0.37604166666666666 0.24609375 0.0020833333333333333 0.0015625
1 0.3885416666666667 0.2453125 0.0020833333333333333 0.003125
1 0.934375 0.2515625 0.014583333333333334 0.01875
1 0.023958333333333335 0.24296875 0.0020833333333333333 0.0015625
1 0.4010416666666667 0.2578125 0.08125 0.04375
1 0.7197916666666667 0.21953125 0.0020833333333333333 0.0015625
1 0.03333333333333333 0.23359375 0.06666666666666667 0.0328125
1 0.7197916666666667 0.21484375 0.0020833333333333333 0.0015625
1 0.0010416666666666667 0.21484375 0.0020833333333333333 0.0015625
1 0.007291666666666667 0.20390625 0.0020833333333333333 0.0015625
1 0.715625 0.20234375 0.0020833333333333333 0.0015625
1 0.7114583333333333 0.20078125 0.0020833333333333333 0.0015625
1 0.709375 0.20546875 0.00625 0.0109375
1 0.7135416666666666 0.19609375 0.0020833333333333333 0.0015625
1 0.7114583333333333 0.19140625 0.0020833333333333333 0.0015625
1 0.029166666666666667 0.20078125 0.008333333333333333 0.0203125
1 0.14479166666666668 0.16015625 0.0020833333333333333 0.0015625
1 0.6520833333333333 0.14921875 0.004166666666666667 0.0046875
1 0.665625 0.14375 0.0020833333333333333 0.00625
1 0.6583333333333333 0.14921875 0.008333333333333333 0.0171875
1 0.12083333333333333 0.14453125 0.008333333333333333 0.0078125
1 0.6635416666666667 0.13828125 0.0020833333333333333 0.0015625
1 0.18020833333333333 0.13828125 0.0020833333333333333 0.0015625
1 0.1875 0.13671875 0.004166666666666667 0.0046875
1 0.003125 0.1375 0.00625 0.009375
1 0.171875 0.134375 0.010416666666666666 0.00625
1 0.16875 0.1296875 0.004166666666666667 0.003125
1 0.14583333333333334 0.13046875 0.008333333333333333 0.0078125
1 0.153125 0.12421875 0.0020833333333333333 0.0015625
1 0.03854166666666667 0.109375 0.010416666666666666 0.00625
1 0.04895833333333333 0.10078125 0.0020833333333333333 0.0015625
1 0.03958333333333333 0.1015625 0.0125 0.0125
1 0.0020833333333333333 0.078125 0.004166666666666667 0.00625
2 0.32395833333333335 0.9953125 0.01875 0.009375
2 0.023958333333333335 0.97890625 0.00625 0.0015625
2 0.2833333333333333 0.97890625 0.016666666666666666 0.0109375
2 0.041666666666666664 0.97421875 0.08333333333333333 0.0109375
2 0.16979166666666667 0.9671875 0.00625 0.003125
2 0.16354166666666667 0.96640625 0.0020833333333333333 0.0015625
2 0.159375 0.96640625 0.0020833333333333333 0.0015625
2 0.28229166666666666 0.96015625 0.010416666666666666 0.0203125
2 0.014583333333333334 0.9484375 0.004166666666666667 0.003125
2 0.005208333333333333 0.93828125 0.010416666666666666 0.0109375
2 0.184375 0.9359375 0.010416666666666666 0.009375
2 0.171875 0.92734375 0.010416666666666666 0.0046875
2 0.18125 0.9203125 0.008333333333333333 0.00625
2 0.31979166666666664 0.915625 0.0020833333333333333 0.003125
2 0.2989583333333333 0.92109375 0.01875 0.0203125
2 0.18020833333333333 0.9125 0.00625 0.003125
2 0.17395833333333333 0.91015625 0.0020833333333333333 0.0015625
2 0.16458333333333333 0.90859375 0.004166666666666667 0.0015625
2 0.32395833333333335 0.9046875 0.010416666666666666 0.003125
2 0.3333333333333333 0.90625 0.029166666666666667 0.009375
2 0.171875 0.903125 0.00625 0.009375
2 0.16458333333333333 0.89765625 0.004166666666666667 0.0046875
2 0.38958333333333334 0.8953125 0.0125 0.003125
2 0.04375 0.89609375 0.004166666666666667 0.0046875
2 0.04583333333333333 0.8890625 0.008333333333333333 0.003125
2 0.33645833333333336 0.88515625 0.0020833333333333333 0.0015625
2 0.490625 0.88359375 0.0020833333333333333 0.0015625
2 0.01875 0.88828125 0.0375 0.0109375
2 0.35104166666666664 0.88203125 0.01875 0.0046875
2 0.4239583333333333 0.87890625 0.0020833333333333333 0.0015625
2 0.4625 0.87734375 0.004166666666666667 0.0015625
2 0.4552083333333333 0.87734375 0.0020833333333333333 0.0015625
2 0.3697916666666667 0.87734375 0.0020833333333333333 0.0015625
2 0.3416666666666667 0.90234375 0.15416666666666667 0.0609375
2 0.09375 0.89765625 0.14583333333333334 0.0515625
2 0.4864583333333333 0.87734375 0.09375 0.0203125
2 0.253125 0.90703125 0.05625 0.0859375
2 0.2875 0.8609375 0.008333333333333333 0.00625
2 0.13020833333333334 0.86015625 0.00625 0.0078125
2 0.11354166666666667 0.85234375 0.0020833333333333333 0.0015625
2 0.334375 0.84609375 0.00625 0.0046875
2 0.3302083333333333 0.84140625 0.0020833333333333333 0.0015625
2 0.31875 0.84296875 0.0125 0.0046875
2 0.26979166666666665 0.84140625 0.0020833333333333333 0.0015625
2 0.303125 0.83984375 0.0020833333333333333 0.0015625
2 0.16145833333333334 0.82890625 0.0020833333333333333 0.0015625
2 0.16145833333333334 0.82578125 0.0020833333333333333 0.0015625
2 0.746875 0.82421875 0.0020833333333333333 0.0015625
2 0.31354166666666666 0.82421875 0.0020833333333333333 0.0015625
2 0.030208333333333334 0.8140625 0.0020833333333333333 0.003125
2 0.071875 0.80703125 0.0020833333333333333 0.0015625
2 0.165625 0.8328125 0.014583333333333334 0.05625
2 0.06875 0.8015625 0.004166666666666667 0.003125
2 0.036458333333333336 0.8015625 0.0020833333333333333 0.003125
2 0.728125 0.7984375 0.00625 0.003125
2 0.10729166666666666 0.79765625 0.0020833333333333333 0.0015625
2 0.10416666666666667 0.8234375 0.058333333333333334 0.053125
2 0.44583333333333336 0.82578125 0.020833333333333332 0.0640625
2 0.209375 0.81484375 0.08541666666666667 0.0421875
2 0.10104166666666667 0.78984375 0.00625 0.0015625
2 0.13229166666666667 0.7890625 0.0020833333333333333 0.003125
2 0.3125 0.7859375 0.004166666666666667 0.003125
2 0.11875 0.78671875 0.008333333333333333 0.0046875
2 0.7041666666666667 0.784375 0.004166666666666667 0.003125
2 0.3072916666666667 0.78359375 0.0020833333333333333 0.0015625
2 0.17395833333333333 0.784375 0.01875 0.00625
2 0.696875 0.77734375 0.0020833333333333333 0.0015625
2 0.36770833333333336 0.77734375 0.0020833333333333333 0.0015625
2 0.071875 0.77734375 0.0020833333333333333 0.0015625
2 0.21666666666666667 0.7765625 0.008333333333333333 0.003125
2 0.334375 0.796875 0.04375 0.046875
2 0.06145833333333333 0.77265625 0.0020833333333333333 0.0015625
2 0.34479166666666666 0.76953125 0.0020833333333333333 0.0015625
2 0.06354166666666666 0.76953125 0.0020833333333333333 0.0015625
2 0.34270833333333334 0.76640625 0.0020833333333333333 0.0015625
2 0.057291666666666664 0.76796875 0.0020833333333333333 0.0046875
2 0.04791666666666667 0.76796875 0.0125 0.0046875
2 0.6770833333333334 0.76796875 0.020833333333333332 0.0109375
2 0.6625 0.7609375 0.004166666666666667 0.003125
2 0.6572916666666667 0.76015625 0.0020833333333333333 0.0015625
2 0.39479166666666665 0.76015625 0.0020833333333333333 0.0015625
2 0.36354166666666665 0.75859375 0.010416666666666666 0.0078125
2 0.3302083333333333 0.7546875 0.0020833333333333333 0.00625
2 0.06458333333333334 0.7515625 0.004166666666666667 0.003125
2 0.035416666666666666 0.75234375 0.004166666666666667 0.0046875
2 0.146875 0.74765625 0.0020833333333333333 0.0015625
2 0.39791666666666664 0.7515625 0.029166666666666667 0.01875
2 0.415625 0.74140625 0.0020833333333333333 0.0015625
2 0.030208333333333334 0.7421875 0.0020833333333333333 0.003125
2 0.421875 0.73828125 0.0020833333333333333 0.0015625
2 0.028125 0.7375 0.0020833333333333333 0.003125
2 0.5739583333333333 0.7359375 0.010416666666666666 0.003125
2 0.4270833333333333 0.7359375 0.004166666666666667 0.003125
2 0.43333333333333335 0.7328125 0.004166666666666667 0.003125
2 0.43854166666666666 0.73046875 0.0020833333333333333 0.0015625
2 0.5302083333333333 0.73203125 0.03958333333333333 0.0078125
2 0.4708333333333333 0.72890625 0.029166666666666667 0.0078125
2 0.3375 0.72109375 0.0125 0.0234375
2 0.16666666666666666 0.72890625 0.016666666666666666 0.0421875
2 0.03333333333333333 0.70390625 0.03333333333333333 0.0171875
2 0.165625 0.6890625 0.0020833333333333333 0.003125
2 0.19270833333333334 0.67109375 0.0020833333333333333 0.0015625
2 0.075 0.70234375 0.04583333333333333 0.0765625
2 0.08020833333333334 0.6578125 0.014583333333333334 0.03125
2 0.05520833333333333 0.65234375 0.010416666666666666 0.0234375
2 0.16979166666666667 0.64765625 0.08125 0.0765625
2 0.5177083333333333 0.56796875 0.010416666666666666 0.0109375
2 0.5104166666666666 0.559375 0.004166666666666667 0.003125
2 0.4979166666666667 0.5453125 0.020833333333333332 0.028125
2 0.346875 0.53125 0.00625 0.003125
2 0.38333333333333336 0.5265625 0.0125 0.009375
2 0.35520833333333335 0.521875 0.00625 0.00625
2 0.3645833333333333 0.51484375 0.004166666666666667 0.0015625
2 0.3697916666666667 0.51328125 0.0020833333333333333 0.0015625
2 0.3645833333333333 0.50546875 0.008333333333333333 0.0078125
2 0.384375 0.50234375 0.01875 0.0109375
2 0.2552083333333333 0.49765625 0.010416666666666666 0.0078125
2 0.42083333333333334 0.4796875 0.004166666666666667 0.003125
2 0.4166666666666667 0.48828125 0.04583333333333333 0.0234375
2 0.38125 0.478125 0.004166666666666667 0.003125
2 0.49583333333333335 0.46953125 0.004166666666666667 0.0015625
2 0.38645833333333335 0.47109375 0.0020833333333333333 0.0046875
2 0.2989583333333333 0.4765625 0.010416666666666666 0.015625
2 0.5072916666666667 0.46640625 0.0020833333333333333 0.0015625
2 0.23333333333333334 0.4703125 0.008333333333333333 0.009375
2 0.228125 0.46484375 0.0020833333333333333 0.0015625
2 0.515625 0.46328125 0.0020833333333333333 0.0015625
2 0.49375 0.46484375 0.020833333333333332 0.0046875
2 0.484375 0.46328125 0.0020833333333333333 0.0015625
2 0.38645833333333335 0.4640625 0.0020833333333333333 0.003125
2 0.3104166666666667 0.4640625 0.0125 0.00625
2 0.23229166666666667 0.4625 0.0020833333333333333 0.003125
2 0.5239583333333333 0.45859375 0.014583333333333334 0.0046875
2 0.528125 0.45546875 0.00625 0.0015625
2 0.36041666666666666 0.4578125 0.004166666666666667 0.009375
2 0.203125 0.45078125 0.0020833333333333333 0.0015625
2 0.32083333333333336 0.45078125 0.016666666666666666 0.0109375
2 0.42291666666666666 0.44921875 0.0125 0.0140625
2 0.3302083333333333 0.44296875 0.0020833333333333333 0.0015625
2 0.209375 0.44140625 0.0020833333333333333 0.0015625
2 0.203125 0.44453125 0.010416666666666666 0.0078125
2 0.3302083333333333 0.43671875 0.00625 0.0078125
2 0.18125 0.43515625 0.029166666666666667 0.0171875
2 0.4510416666666667 0.42578125 0.0020833333333333333 0.0015625
2 0.44583333333333336 0.42578125 0.004166666666666667 0.0015625
2 0.4041666666666667 0.44453125 0.016666666666666666 0.0390625
2 0.38229166666666664 0.428125 0.0020833333333333333 0.00625
2 0.4114583333333333 0.4203125 0.0020833333333333333 0.003125
2 0.4010416666666667 0.41953125 0.0020833333333333333 0.0015625
2 0.4270833333333333 0.4140625 0.004166666666666667 0.003125
2 0.24375 0.3484375 0.004166666666666667 0.003125
2 0.25104166666666666 0.346875 0.0020833333333333333 0.003125
2 0.46458333333333335 0.42265625 0.08333333333333333 0.2046875
2 0.26875 0.29921875 0.004166666666666667 0.0015625
2 0.25416666666666665 0.30625 0.04583333333333333 0.01875
2 0.5197916666666667 0.30625 0.022916666666666665 0.025
2 0.8895833333333333 0.2953125 0.004166666666666667 0.00625
2 0.3572916666666667 0.28828125 0.0020833333333333333 0.0015625
2 0.353125 0.28515625 0.0020833333333333333 0.0015625
2 0.3572916666666667 0.2828125 0.0020833333333333333 0.003125
2 0.5395833333333333 0.28359375 0.0125 0.0109375
2 0.290625 0.28125 0.014583333333333334 0.00625
2 0.5364583333333334 0.27421875 0.0020833333333333333 0.0015625
2 0.36875 0.271875 0.004166666666666667 0.00625
2 0.39895833333333336 0.26640625 0.01875 0.0171875
2 0.553125 0.26640625 0.022916666666666665 0.0203125
2 0.0625 0.2484375 0.004166666666666667 0.003125
2 0.37604166666666666 0.24609375 0.0020833333333333333 0.0015625
2 0.3697916666666667 0.2578125 0.01875 0.025
2 0.3885416666666667 0.2453125 0.0020833333333333333 0.003125
2 0.38229166666666664 0.24765625 0.00625 0.0078125
2 0.5427083333333333 0.253125 0.022916666666666665 0.021875
2 0.052083333333333336 0.24609375 0.0125 0.0078125
2 0.06458333333333334 0.240625 0.004166666666666667 0.003125
2 0.057291666666666664 0.23828125 0.00625 0.0046875
2 0.051041666666666666 0.22578125 0.0020833333333333333 0.0015625
2 0.003125 0.225 0.00625 0.003125
2 0.027083333333333334 0.22890625 0.05 0.0234375
2 0.709375 0.20703125 0.00625 0.0078125
2 0.007291666666666667 0.20390625 0.0020833333333333333 0.0015625
2 0.715625 0.20234375 0.0020833333333333333 0.0015625
2 0.575 0.221875 0.041666666666666664 0.040625
2 0.7072916666666667 0.20078125 0.0020833333333333333 0.0015625
2 0.029166666666666667 0.20078125 0.008333333333333333 0.0203125
2 0.01875 0.1578125 0.004166666666666667 0.003125
2 0.019791666666666666 0.15390625 0.0020833333333333333 0.0015625
2 0.1875 0.13671875 0.004166666666666667 0.0046875
2 0.003125 0.1375 0.00625 0.009375
2 0.14583333333333334 0.13046875 0.008333333333333333 0.0078125
2 0.03854166666666667 0.109375 0.010416666666666666 0.00625
2 0.04895833333333333 0.10078125 0.0020833333333333333 0.0015625
2 0.0375 0.1015625 0.016666666666666666 0.0125
