0 0.9614583333333333 0.85703125 0.0020833333333333333 0.0015625
0 0.33229166666666665 0.83359375 0.0020833333333333333 0.0015625
0 0.996875 0.82890625 0.00625 0.0015625
0 0.965625 0.82890625 0.0020833333333333333 0.0015625
0 0.33958333333333335 0.828125 0.004166666666666667 0.003125
0 0.9604166666666667 0.8265625 0.004166666666666667 0.003125
0 0.996875 0.825 0.00625 0.003125
0 0.38229166666666664 0.8234375 0.00625 0.003125
0 0.3375 0.8265625 0.020833333333333332 0.0125
0 0.96875 0.81875 0.004166666666666667 0.003125
0 0.3489583333333333 0.81640625 0.014583333333333334 0.0046875
0 0.9958333333333333 0.81171875 0.004166666666666667 0.0046875
0 0.9770833333333333 0.81015625 0.004166666666666667 0.0015625
0 0.378125 0.81015625 0.0020833333333333333 0.0015625
0 0.9708333333333333 0.79765625 0.004166666666666667 0.0015625
0 0.975 0.79375 0.004166666666666667 0.003125
0 0.9677083333333333 0.78828125 0.0020833333333333333 0.0015625
0 0.6802083333333333 0.76953125 0.0020833333333333333 0.0015625
0 0.6760416666666667 0.76796875 0.0020833333333333333 0.0015625
0 0.2375 0.7703125 0.008333333333333333 0.00625
0 0.6802083333333333 0.76484375 0.0020833333333333333 0.0015625
0 0.6760416666666667 0.76328125 0.014583333333333334 0.0109375
0 0.6645833333333333 0.75703125 0.004166666666666667 0.0015625
0 0.5125 0.7578125 0.004166666666666667 0.003125
0 0.5041666666666667 0.759375 0.004166666666666667 0.00625
0 0.6541666666666667 0.75859375 0.0125 0.0078125
0 0.6697916666666667 0.75390625 0.0020833333333333333 0.0015625
0 0.6572916666666667 0.75078125 0.00625 0.0015625
0 0.7052083333333333 0.74921875 0.0020833333333333333 0.0015625
0 0.23125 0.74765625 0.004166666666666667 0.0015625
0 0.6947916666666667 0.74609375 0.0020833333333333333 0.0015625
0 0.5197916666666667 0.746875 0.0020833333333333333 0.003125
0 0.7083333333333334 0.74453125 0.004166666666666667 0.0015625
0 0.6770833333333334 0.75 0.016666666666666666 0.015625
0 0.6645833333333333 0.74765625 0.020833333333333332 0.0109375
0 0.5145833333333333 0.74453125 0.004166666666666667 0.0046875
0 0.6989583333333333 0.7421875 0.00625 0.003125
0 0.26875 0.75 0.029166666666666667 0.01875
0 0.653125 0.740625 0.00625 0.003125
0 0.5125 0.73671875 0.004166666666666667 0.0015625
0 0.7197916666666667 0.73515625 0.0020833333333333333 0.0015625
0 0.7 0.73515625 0.004166666666666667 0.0015625
0 0.4947916666666667 0.73359375 0.0020833333333333333 0.0015625
0 0.43645833333333334 0.734375 0.0020833333333333333 0.003125
0 0.7177083333333333 0.73203125 0.0020833333333333333 0.0015625
0 0.7104166666666667 0.740625 0.0125 0.01875
0 0.8625 0.7296875 0.004166666666666667 0.003125
0 0.7197916666666667 0.72890625 0.0020833333333333333 0.0015625
0 0.4864583333333333 0.72890625 0.0020833333333333333 0.0015625
0 0.4864583333333333 0.7375 0.04375 0.01875
0 0.46145833333333336 0.72890625 0.0020833333333333333 0.0046875
0 0.8395833333333333 0.73046875 0.029166666666666667 0.0109375
0 0.6385416666666667 0.72734375 0.00625 0.0046875
0 0.296875 0.7265625 0.00625 0.003125
0 0.709375 0.7234375 0.0020833333333333333 0.003125
0 0.634375 0.73125 0.03125 0.028125
0 0.4375 0.72421875 0.008333333333333333 0.0140625
0 0.64375 0.7171875 0.004166666666666667 0.003125
0 0.2552083333333333 0.7203125 0.014583333333333334 0.009375
0 0.7177083333333333 0.71953125 0.010416666666666666 0.0109375
0 0.8583333333333333 0.70703125 0.004166666666666667 0.0015625
0 0.6322916666666667 0.71171875 0.027083333333333334 0.0109375
0 0.44166666666666665 0.71015625 0.0125 0.0078125
0 0.7385416666666667 0.70625 0.0020833333333333333 0.003125
0 0.6416666666666667 0.7046875 0.008333333333333333 0.003125
0 0.63125 0.7046875 0.004166666666666667 0.003125
0 0.559375 0.70234375 0.0020833333333333333 0.0015625
0 0.503125 0.70234375 0.0020833333333333333 0.0015625
0 0.26458333333333334 0.70546875 0.004166666666666667 0.0078125
0 0.4875 0.7015625 0.008333333333333333 0.003125
0 0.565625 0.69765625 0.00625 0.0015625
0 0.5760416666666667 0.69453125 0.0020833333333333333 0.0015625
0 0.5572916666666666 0.69296875 0.0020833333333333333 0.0015625
0 0.3177083333333333 0.7015625 0.027083333333333334 0.021875
0 0.78125 0.709375 0.08333333333333333 0.046875
0 0.3875 0.7046875 0.025 0.040625
0 0.859375 0.67734375 0.0020833333333333333 0.0015625
0 0.29583333333333334 0.68203125 0.008333333333333333 0.0109375
0 0.8677083333333333 0.67890625 0.010416666666666666 0.0078125
0 0.8177083333333334 0.7 0.10625 0.05625
0 0.6354166666666666 0.6859375 0.029166666666666667 0.034375
0 0.73125 0.66875 0.004166666666666667 0.00625
0 0.803125 0.66640625 0.0020833333333333333 0.0046875
0 0.8270833333333333 0.6671875 0.041666666666666664 0.0125
0 0.34791666666666665 0.66640625 0.0125 0.0109375
0 0.7177083333333333 0.65859375 0.0020833333333333333 0.0015625
0 0.353125 0.65859375 0.0020833333333333333 0.0015625
0 0.33125 0.65390625 0.004166666666666667 0.0015625
0 0.3854166666666667 0.65390625 0.004166666666666667 0.0046875
0 0.346875 0.65546875 0.010416666666666666 0.0109375
0 0.3802083333333333 0.64765625 0.0020833333333333333 0.0015625
0 0.32916666666666666 0.64765625 0.008333333333333333 0.0078125
0 0.553125 0.67578125 0.05625 0.0765625
0 0.5270833333333333 0.6375 0.008333333333333333 0.00625
0 0.496875 0.5859375 0.0020833333333333333 0.003125
0 0.496875 0.58203125 0.0020833333333333333 0.0015625
0 0.496875 0.578125 0.0020833333333333333 0.003125
0 0.5041666666666667 0.575 0.008333333333333333 0.00625
0 0.03854166666666667 0.5875 0.014583333333333334 0.034375
0 0.48541666666666666 0.57421875 0.029166666666666667 0.0203125
0 0.3645833333333333 0.5421875 0.004166666666666667 0.003125
0 0.284375 0.54375 0.00625 0.00625
0 0.7385416666666667 0.521875 0.022916666666666665 0.03125
0 0.6489583333333333 0.54140625 0.14791666666666667 0.0765625
0 0.721875 0.49921875 0.01875 0.0078125
0 0.31979166666666664 0.48515625 0.0020833333333333333 0.0015625
0 0.9458333333333333 0.47734375 0.004166666666666667 0.0046875
0 0.37395833333333334 0.5265625 0.12708333333333333 0.109375
0 0.3375 0.47578125 0.008333333333333333 0.0078125
0 0.4354166666666667 0.48828125 0.0375 0.0390625
0 0.5229166666666667 0.47890625 0.0375 0.0296875
0 0.015625 0.4734375 0.03125 0.025
0 0.49375 0.45625 0.008333333333333333 0.00625
0 0.5864583333333333 0.46328125 0.010416666666666666 0.0234375
0 0.48854166666666665 0.45546875 0.010416666666666666 0.0078125
0 0.5385416666666667 0.4515625 0.00625 0.003125
0 0.47604166666666664 0.43671875 0.0020833333333333333 0.0015625
0 0.35625 0.43359375 0.041666666666666664 0.0234375
0 0.53125 0.4390625 0.10416666666666667 0.046875
0 0.35 0.41796875 0.0125 0.0078125
0 0.3645833333333333 0.409375 0.004166666666666667 0.00625
0 0.515625 0.40546875 0.0020833333333333333 0.0015625
0 0.9 0.40703125 0.016666666666666666 0.0109375
0 0.6958333333333333 0.41015625 0.020833333333333332 0.0171875
0 0.6197916666666666 0.409375 0.06458333333333334 0.028125
0 0.6885416666666667 0.39140625 0.0020833333333333333 0.0015625
0 0.6885416666666667 0.38828125 0.0020833333333333333 0.0015625
0 0.7010416666666667 0.38359375 0.0020833333333333333 0.0015625
0 0.8864583333333333 0.390625 0.010416666666666666 0.01875
0 0.596875 0.384375 0.00625 0.00625
0 0.8947916666666667 0.37578125 0.0020833333333333333 0.0015625
0 0.903125 0.3765625 0.010416666666666666 0.00625
0 0.496875 0.36953125 0.0020833333333333333 0.0015625
0 0.9354166666666667 0.36953125 0.004166666666666667 0.0046875
0 0.296875 0.359375 0.00625 0.00625
0 0.4479166666666667 0.35234375 0.004166666666666667 0.0015625
0 0.315625 0.38515625 0.07708333333333334 0.0671875
0 0.475 0.34453125 0.004166666666666667 0.0078125
0 0.4375 0.34609375 0.008333333333333333 0.0140625
0 0.421875 0.33671875 0.0020833333333333333 0.0015625
0 0.45729166666666665 0.3421875 0.014583333333333334 0.021875
0 0.47604166666666664 0.3796875 0.17708333333333334 0.115625
0 0.371875 0.3203125 0.05625 0.05625
1 0.9729166666666667 0.88671875 0.004166666666666667 0.0015625
1 0.9822916666666667 0.88515625 0.0020833333333333333 0.0015625
1 0.9979166666666667 0.8796875 0.004166666666666667 0.003125
1 0.971875 0.8765625 0.04375 0.015625
1 0.9802083333333333 0.83359375 0.0020833333333333333 0.0015625
1 0.36770833333333336 0.8328125 0.0020833333333333333 0.003125
1 0.3614583333333333 0.83046875 0.0020833333333333333 0.0015625
1 0.3625 0.82578125 0.004166666666666667 0.0015625
1 0.36354166666666665 0.82109375 0.0020833333333333333 0.0015625
1 0.9864583333333333 0.82265625 0.00625 0.0109375
1 0.19791666666666666 0.78203125 0.004166666666666667 0.0015625
1 0.21770833333333334 0.78046875 0.0020833333333333333 0.0015625
1 0.20416666666666666 0.78046875 0.004166666666666667 0.0015625
1 0.6697916666666667 0.77890625 0.0020833333333333333 0.0015625
1 0.18020833333333333 0.78046875 0.010416666666666666 0.0046875
1 0.659375 0.77421875 0.0020833333333333333 0.0015625
1 0.65625 0.76953125 0.0125 0.0046875
1 0.25729166666666664 0.76796875 0.0020833333333333333 0.0015625
1 0.171875 0.75859375 0.0020833333333333333 0.0015625
1 0.2760416666666667 0.759375 0.010416666666666666 0.00625
1 0.19479166666666667 0.75546875 0.0020833333333333333 0.0015625
1 0.16875 0.75390625 0.004166666666666667 0.0046875
1 0.6354166666666666 0.7578125 0.025 0.01875
1 0.85625 0.74140625 0.004166666666666667 0.0015625
1 0.6197916666666666 0.74296875 0.00625 0.0078125
1 0.17395833333333333 0.7421875 0.00625 0.00625
1 0.8697916666666666 0.73828125 0.0020833333333333333 0.0015625
1 0.8291666666666667 0.73828125 0.008333333333333333 0.0015625
1 0.8197916666666667 0.73671875 0.0020833333333333333 0.0015625
1 0.6166666666666667 0.73515625 0.004166666666666667 0.0046875
1 0.884375 0.73203125 0.0020833333333333333 0.0015625
1 0.7875 0.7296875 0.004166666666666667 0.003125
1 0.36666666666666664 0.76796875 0.1625 0.0828125
1 0.521875 0.72578125 0.0020833333333333333 0.0015625
1 0.21145833333333333 0.73203125 0.022916666666666665 0.0171875
1 0.5052083333333334 0.72265625 0.00625 0.0015625
1 0.234375 0.7203125 0.0020833333333333333 0.003125
1 0.7697916666666667 0.71796875 0.0020833333333333333 0.0015625
1 0.765625 0.71640625 0.0020833333333333333 0.0015625
1 0.7489583333333333 0.7171875 0.0020833333333333333 0.003125
1 0.34270833333333334 0.71875 0.027083333333333334 0.00625
1 0.18229166666666666 0.71328125 0.0020833333333333333 0.0015625
1 0.7552083333333334 0.71015625 0.00625 0.0046875
1 0.33229166666666665 0.7109375 0.0020833333333333333 0.00625
1 0.9375 0.70546875 0.004166666666666667 0.0015625
1 0.721875 0.70703125 0.010416666666666666 0.0046875
1 0.18333333333333332 0.74140625 0.03333333333333333 0.0734375
1 0.9614583333333333 0.75078125 0.07708333333333334 0.0984375
1 0.33541666666666664 0.70390625 0.004166666666666667 0.0046875
1 0.24583333333333332 0.70234375 0.008333333333333333 0.0046875
1 0.7229166666666667 0.7 0.004166666666666667 0.003125
1 0.9572916666666667 0.69765625 0.0020833333333333333 0.0015625
1 0.48020833333333335 0.70859375 0.05625 0.0296875
1 0.903125 0.69140625 0.0020833333333333333 0.0015625
1 0.8822916666666667 0.7140625 0.035416666666666666 0.046875
1 0.428125 0.69921875 0.010416666666666666 0.0171875
1 0.965625 0.6890625 0.00625 0.003125
1 0.9635416666666666 0.68671875 0.0020833333333333333 0.0015625
1 0.19270833333333334 0.6859375 0.0020833333333333333 0.003125
1 0.96875 0.684375 0.004166666666666667 0.003125
1 0.9739583333333334 0.68203125 0.0020833333333333333 0.0015625
1 0.19479166666666667 0.68203125 0.0020833333333333333 0.0015625
1 0.9770833333333333 0.68359375 0.0125 0.0078125
1 0.19479166666666667 0.6890625 0.014583333333333334 0.025
1 0.3927083333333333 0.67421875 0.0020833333333333333 0.0015625
1 0.3697916666666667 0.67265625 0.0020833333333333333 0.0015625
1 0.40208333333333335 0.67265625 0.008333333333333333 0.0046875
1 0.390625 0.66796875 0.0020833333333333333 0.0015625
1 0.40729166666666666 0.665625 0.010416666666666666 0.00625
1 0.390625 0.66328125 0.0020833333333333333 0.0015625
1 0.25416666666666665 0.665625 0.008333333333333333 0.00625
1 0.7697916666666667 0.6625 0.00625 0.00625
1 0.6885416666666667 0.69921875 0.07708333333333334 0.0796875
1 0.26875 0.66875 0.020833333333333332 0.01875
1 0.24270833333333333 0.66015625 0.0020833333333333333 0.0015625
1 0.13645833333333332 0.66015625 0.0020833333333333333 0.0015625
1 0.671875 0.65859375 0.0020833333333333333 0.0015625
1 0.21979166666666666 0.66015625 0.00625 0.0046875
1 0.246875 0.65703125 0.0020833333333333333 0.0015625
1 0.9885416666666667 0.6671875 0.022916666666666665 0.025
1 0.9697916666666667 0.65546875 0.0020833333333333333 0.0015625
1 0.36666666666666664 0.65625 0.004166666666666667 0.003125
1 0.3625 0.65703125 0.004166666666666667 0.0046875
1 0.934375 0.65390625 0.00625 0.0015625
1 0.39479166666666665 0.65390625 0.0020833333333333333 0.0015625
1 0.22916666666666666 0.6546875 0.004166666666666667 0.003125
1 0.378125 0.65234375 0.0020833333333333333 0.0015625
1 0.8604166666666667 0.65234375 0.008333333333333333 0.0046875
1 0.7625 0.65390625 0.008333333333333333 0.0109375
1 0.709375 0.65078125 0.00625 0.0046875
1 0.5739583333333333 0.64921875 0.0020833333333333333 0.0015625
1 0.43645833333333334 0.64765625 0.0020833333333333333 0.0015625
1 0.36875 0.64921875 0.004166666666666667 0.0046875
1 0.3177083333333333 0.64453125 0.0020833333333333333 0.0015625
1 0.2760416666666667 0.64609375 0.0020833333333333333 0.0046875
1 0.8458333333333333 0.64453125 0.0125 0.0046875
1 0.3697916666666667 0.64296875 0.0020833333333333333 0.0015625
1 0.9479166666666666 0.64140625 0.004166666666666667 0.0015625
1 0.91875 0.65 0.020833333333333332 0.01875
1 0.9427083333333334 0.63984375 0.0020833333333333333 0.0015625
1 0.709375 0.63515625 0.0020833333333333333 0.0015625
1 0.23020833333333332 0.65546875 0.06458333333333334 0.0421875
1 0.1625 0.6390625 0.008333333333333333 0.009375
1 0.28958333333333336 0.64140625 0.05 0.0234375
1 0.38229166666666664 0.62734375 0.0020833333333333333 0.0015625
1 0.31145833333333334 0.62109375 0.0020833333333333333 0.0015625
1 0.20208333333333334 0.61640625 0.004166666666666667 0.0015625
1 0.21145833333333333 0.61171875 0.0020833333333333333 0.0015625
1 0.19479166666666667 0.61171875 0.0020833333333333333 0.0015625
1 0.18541666666666667 0.60703125 0.008333333333333333 0.0046875
1 0.178125 0.60390625 0.0020833333333333333 0.0015625
1 0.515625 0.60234375 0.0020833333333333333 0.0015625
1 0.19791666666666666 0.59609375 0.004166666666666667 0.0015625
1 0.16979166666666667 0.5984375 0.00625 0.00625
1 0.65625 0.59609375 0.020833333333333332 0.0078125
1 0.1375 0.58984375 0.008333333333333333 0.0078125
1 0.5916666666666667 0.5875 0.008333333333333333 0.009375
1 0.415625 0.58359375 0.0020833333333333333 0.0015625
1 0.9510416666666667 0.64140625 0.09791666666666667 0.1203125
1 0.6625 0.58359375 0.008333333333333333 0.0046875
1 0.40520833333333334 0.58046875 0.0020833333333333333 0.0015625
1 0.4010416666666667 0.57890625 0.0020833333333333333 0.0015625
1 0.39479166666666665 0.5765625 0.0020833333333333333 0.003125
1 0.7364583333333333 0.615625 0.13125 0.0875
1 0.346875 0.57109375 0.0020833333333333333 0.0015625
1 0.6 0.57109375 0.008333333333333333 0.0046875
1 0.6416666666666667 0.63203125 0.13333333333333333 0.1296875
1 0.603125 0.56640625 0.0020833333333333333 0.0015625
1 0.353125 0.55859375 0.0020833333333333333 0.0015625
1 0.3145833333333333 0.55390625 0.004166666666666667 0.0015625
1 0.35833333333333334 0.5546875 0.004166666666666667 0.00625
1 0.31145833333333334 0.55078125 0.0020833333333333333 0.0015625
1 0.453125 0.54921875 0.0020833333333333333 0.0015625
1 0.440625 0.54921875 0.0020833333333333333 0.0015625
1 0.35208333333333336 0.55 0.004166666666666667 0.003125
1 0.2947916666666667 0.55 0.010416666666666666 0.003125
1 0.7385416666666667 0.56015625 0.014583333333333334 0.0265625
1 0.459375 0.54765625 0.0020833333333333333 0.0015625
1 0.3375 0.55859375 0.020833333333333332 0.0234375
1 0.5354166666666667 0.54765625 0.004166666666666667 0.0046875
1 0.35520833333333335 0.54453125 0.0020833333333333333 0.0015625
1 0.7552083333333334 0.54375 0.0020833333333333333 0.003125
1 0.7447916666666666 0.54296875 0.0020833333333333333 0.0015625
1 0.34270833333333334 0.54296875 0.0020833333333333333 0.0015625
1 0.2708333333333333 0.5453125 0.008333333333333333 0.00625
1 0.3572916666666667 0.54140625 0.0020833333333333333 0.0015625
1 0.3489583333333333 0.54140625 0.0020833333333333333 0.0015625
1 0.2604166666666667 0.53984375 0.008333333333333333 0.0078125
1 0.446875 0.540625 0.01875 0.0125
1 0.43645833333333334 0.5328125 0.0020833333333333333 0.003125
1 0.36041666666666666 0.53515625 0.008333333333333333 0.0078125
1 0.32916666666666666 0.53984375 0.05 0.0203125
1 0.75625 0.5328125 0.004166666666666667 0.015625
1 0.46770833333333334 0.528125 0.014583333333333334 0.00625
1 0.4322916666666667 0.52421875 0.0020833333333333333 0.0015625
1 0.315625 0.521875 0.01875 0.00625
1 0.9729166666666667 0.54609375 0.05416666666666667 0.0578125
1 0.275 0.5234375 0.03333333333333333 0.021875
1 0.903125 0.51171875 0.0020833333333333333 0.0015625
1 0.42916666666666664 0.5171875 0.016666666666666666 0.0125
1 0.89375 0.5078125 0.004166666666666667 0.003125
1 0.3885416666666667 0.59609375 0.41875 0.1828125
1 0.934375 0.50390625 0.0020833333333333333 0.0015625
1 0.9239583333333333 0.5046875 0.00625 0.003125
1 0.29583333333333334 0.51015625 0.008333333333333333 0.0140625
1 0.278125 0.50546875 0.03125 0.0109375
1 0.9416666666666667 0.5 0.004166666666666667 0.003125
1 0.8989583333333333 0.49921875 0.0020833333333333333 0.0015625
1 0.46041666666666664 0.50234375 0.0125 0.0078125
1 0.25729166666666664 0.49765625 0.0020833333333333333 0.0015625
1 0.8572916666666667 0.49609375 0.0020833333333333333 0.0015625
1 0.2708333333333333 0.496875 0.004166666666666667 0.003125
1 0.890625 0.4953125 0.0020833333333333333 0.003125
1 0.28854166666666664 0.49453125 0.00625 0.0015625
1 0.28125 0.49453125 0.004166666666666667 0.0015625
1 0.253125 0.49453125 0.0020833333333333333 0.0015625
1 0.278125 0.48984375 0.0020833333333333333 0.0015625
1 0.27395833333333336 0.48984375 0.0020833333333333333 0.0015625
1 0.909375 0.49765625 0.014583333333333334 0.0203125
1 0.5697916666666667 0.48828125 0.0020833333333333333 0.0015625
1 0.275 0.48671875 0.008333333333333333 0.0015625
1 0.9552083333333333 0.48515625 0.0020833333333333333 0.0015625
1 0.8760416666666667 0.48515625 0.0020833333333333333 0.0015625
1 0.4010416666666667 0.496875 0.022916666666666665 0.028125
1 0.253125 0.48359375 0.0020833333333333333 0.0015625
1 0.81875 0.48203125 0.004166666666666667 0.0015625
1 0.2989583333333333 0.48984375 0.01875 0.0171875
1 0.803125 0.503125 0.13125 0.046875
1 0.825 0.48046875 0.004166666666666667 0.0015625
1 0.8072916666666666 0.48046875 0.0020833333333333333 0.0015625
1 0.25729166666666664 0.48125 0.0020833333333333333 0.003125
1 0.8958333333333334 0.48515625 0.008333333333333333 0.0140625
1 0.259375 0.47734375 0.0020833333333333333 0.0015625
1 0.953125 0.47578125 0.0020833333333333333 0.0015625
1 0.8447916666666667 0.47578125 0.0020833333333333333 0.0015625
1 0.7125 0.47734375 0.008333333333333333 0.0046875
1 0.6979166666666666 0.47734375 0.004166666666666667 0.0046875
1 0.278125 0.47890625 0.03125 0.0078125
1 0.3177083333333333 0.4765625 0.010416666666666666 0.009375
1 0.9114583333333334 0.47109375 0.0020833333333333333 0.0015625
1 0.36666666666666664 0.4703125 0.004166666666666667 0.003125
1 0.3572916666666667 0.46953125 0.0020833333333333333 0.0015625
1 0.37916666666666665 0.47109375 0.016666666666666666 0.0078125
1 0.346875 0.46875 0.00625 0.003125
1 0.053125 0.46796875 0.0020833333333333333 0.0015625
1 0.3177083333333333 0.46328125 0.0020833333333333333 0.0015625
1 0.753125 0.46015625 0.0020833333333333333 0.0015625
1 0.31145833333333334 0.46015625 0.0020833333333333333 0.0015625
1 0.875 0.459375 0.004166666666666667 0.003125
1 0.7447916666666666 0.45859375 0.0020833333333333333 0.0015625
1 0.7395833333333334 0.45859375 0.004166666666666667 0.0015625
1 0.05520833333333333 0.45859375 0.00625 0.0078125
1 0.01875 0.45546875 0.004166666666666667 0.0015625
1 0.33229166666666665 0.4546875 0.0020833333333333333 0.003125
1 0.051041666666666666 0.45390625 0.0020833333333333333 0.0015625
1 0.0125 0.45390625 0.004166666666666667 0.0015625
1 0.9447916666666667 0.45234375 0.0020833333333333333 0.0015625
1 0.3541666666666667 0.45078125 0.016666666666666666 0.0015625
1 0.340625 0.45078125 0.0020833333333333333 0.0015625
1 0.334375 0.45078125 0.0020833333333333333 0.0015625
1 0.059375 0.44921875 0.0020833333333333333 0.0015625
1 0.05520833333333333 0.44609375 0.0020833333333333333 0.0015625
1 0.38125 0.453125 0.029166666666666667 0.01875
1 0.325 0.44453125 0.008333333333333333 0.0046875
1 0.4114583333333333 0.44453125 0.00625 0.0078125
1 0.06354166666666666 0.44375 0.0020833333333333333 0.00625
1 0.07708333333333334 0.5640625 0.15416666666666667 0.246875
1 0.029166666666666667 0.44453125 0.004166666666666667 0.0078125
1 0.00625 0.4421875 0.004166666666666667 0.003125
1 0.03229166666666667 0.43984375 0.0020833333333333333 0.0015625
1 0.0010416666666666667 0.43984375 0.0020833333333333333 0.0015625
1 0.046875 0.43359375 0.0020833333333333333 0.0015625
1 0.019791666666666666 0.43671875 0.014583333333333334 0.0078125
1 0.46145833333333336 0.46484375 0.07708333333333334 0.0671875
1 0.05625 0.4359375 0.008333333333333333 0.009375
1 0.046875 0.42890625 0.0020833333333333333 0.0015625
1 0.05625 0.428125 0.004166666666666667 0.003125
1 0.996875 0.4265625 0.00625 0.003125
1 0.453125 0.4265625 0.00625 0.003125
1 0.9916666666666667 0.4484375 0.016666666666666666 0.053125
1 0.47708333333333336 0.4234375 0.004166666666666667 0.003125
1 0.396875 0.42265625 0.0020833333333333333 0.0015625
1 0.3072916666666667 0.42265625 0.0020833333333333333 0.0015625
1 0.9947916666666666 0.41796875 0.0020833333333333333 0.0015625
1 0.28958333333333336 0.41953125 0.020833333333333332 0.0046875
1 0.8864583333333333 0.41640625 0.0020833333333333333 0.0015625
1 0.49270833333333336 0.415625 0.010416666666666666 0.003125
1 0.8885416666666667 0.41328125 0.0020833333333333333 0.0015625
1 0.278125 0.4125 0.0020833333333333333 0.003125
1 0.8864583333333333 0.41015625 0.0020833333333333333 0.0015625
1 0.9927083333333333 0.4125 0.014583333333333334 0.009375
1 0.65 0.45546875 0.14583333333333334 0.0984375
1 0.878125 0.40703125 0.00625 0.0046875
1 0.38645833333333335 0.4109375 0.03958333333333333 0.0125
1 0.9885416666666667 0.40390625 0.0020833333333333333 0.0015625
1 0.684375 0.39921875 0.0020833333333333333 0.0015625
1 0.553125 0.396875 0.027083333333333334 0.009375
1 0.41041666666666665 0.4 0.020833333333333332 0.021875
1 0.6729166666666667 0.390625 0.008333333333333333 0.00625
1 0.5552083333333333 0.38828125 0.0020833333333333333 0.0015625
1 0.721875 0.4078125 0.01875 0.046875
1 0.4125 0.3859375 0.004166666666666667 0.003125
1 0.007291666666666667 0.38359375 0.0020833333333333333 0.0015625
1 0.6854166666666667 0.38203125 0.004166666666666667 0.0015625
1 0.34375 0.40078125 0.04583333333333333 0.0421875
1 0.4947916666666667 0.38515625 0.014583333333333334 0.0140625
1 0.6489583333333333 0.384375 0.035416666666666666 0.01875
1 0.49270833333333336 0.37578125 0.0020833333333333333 0.0015625
1 0.47604166666666664 0.37578125 0.0020833333333333333 0.0015625
1 0.9322916666666666 0.42890625 0.13125 0.1109375
1 0.08020833333333334 0.37421875 0.0020833333333333333 0.0015625
1 0.07291666666666667 0.3734375 0.016666666666666666 0.009375
1 0.06875 0.36953125 0.004166666666666667 0.0015625
1 0.057291666666666664 0.37109375 0.00625 0.0046875
1 0.890625 0.36796875 0.0020833333333333333 0.0015625
1 0.29270833333333335 0.36796875 0.00625 0.0078125
1 0.017708333333333333 0.36640625 0.022916666666666665 0.0078125
1 0.290625 0.3625 0.0020833333333333333 0.003125
1 0.4822916666666667 0.36796875 0.014583333333333334 0.0171875
1 0.023958333333333335 0.36015625 0.0020833333333333333 0.0015625
1 0.015625 0.36015625 0.0020833333333333333 0.0015625
1 0.046875 0.36171875 0.03125 0.0078125
1 0.06770833333333333 0.35703125 0.0020833333333333333 0.0015625
1 0.05 0.35546875 0.004166666666666667 0.0015625
1 0.06041666666666667 0.3546875 0.008333333333333333 0.003125
1 0.596875 0.35390625 0.0020833333333333333 0.0046875
1 0.07708333333333334 0.35390625 0.008333333333333333 0.0046875
1 0.06666666666666667 0.353125 0.004166666666666667 0.003125
1 0.63125 0.3515625 0.016666666666666666 0.003125
1 0.9770833333333333 0.3609375 0.04583333333333333 0.025
1 0.4895833333333333 0.34921875 0.0125 0.0046875
1 0.0625 0.34765625 0.004166666666666667 0.0015625
1 0.4822916666666667 0.34609375 0.0020833333333333333 0.0015625
1 0.06979166666666667 0.346875 0.0020833333333333333 0.003125
1 0.26875 0.3453125 0.004166666666666667 0.003125
1 0.07708333333333334 0.34453125 0.004166666666666667 0.0046875
1 0.365625 0.3578125 0.035416666666666666 0.0375
1 0.071875 0.340625 0.00625 0.003125
1 0.440625 0.33203125 0.0020833333333333333 0.0015625
1 0.3385416666666667 0.33046875 0.0020833333333333333 0.0015625
1 0.38645833333333335 0.33125 0.00625 0.00625
1 0.515625 0.32734375 0.0020833333333333333 0.0015625
1 0.2864583333333333 0.3453125 0.10625 0.0375
1 0.5989583333333334 0.30390625 0.0020833333333333333 0.0015625
1 0.565625 0.346875 0.06875 0.090625
1 0.6375 0.3375 0.07916666666666666 0.075
1 0.6302083333333334 0.296875 0.0020833333333333333 0.003125
1 0.6010416666666667 0.29609375 0.0020833333333333333 0.0015625
1 0.6104166666666667 0.2953125 0.020833333333333332 0.0125
1 0.6489583333333333 0.2921875 0.01875 0.015625
1 0.9541666666666667 0.2265625 0.004166666666666667 0.003125
1 0.9291666666666667 0.21328125 0.004166666666666667 0.0046875
1 0.984375 0.2171875 0.01875 0.015625
1 0.934375 0.20859375 0.0020833333333333333 0.0015625
1 0.95 0.209375 0.05416666666666667 0.059375
