0 0.8520833333333333 0.63984375 0.0125 0.0078125
0 0.013541666666666667 0.63359375 0.0020833333333333333 0.0015625
0 0.0010416666666666667 0.60625 0.0020833333333333333 0.003125
0 0.004166666666666667 0.60234375 0.008333333333333333 0.0015625
0 0.8322916666666667 0.61328125 0.027083333333333334 0.0265625
0 0.8291666666666667 0.5984375 0.008333333333333333 0.003125
0 0.840625 0.59453125 0.0020833333333333333 0.0015625
0 0.011458333333333333 0.590625 0.022916666666666665 0.0125
0 0.8604166666666667 0.5890625 0.03333333333333333 0.0125
0 0.6239583333333333 0.57421875 0.00625 0.0015625
0 0.014583333333333334 0.553125 0.0125 0.00625
0 0.9489583333333333 0.54765625 0.0020833333333333333 0.0015625
0 0.9302083333333333 0.54765625 0.00625 0.0015625
0 0.9510416666666667 0.54453125 0.0020833333333333333 0.0015625
0 0.9427083333333334 0.54609375 0.010416666666666666 0.0046875
0 0.634375 0.54765625 0.010416666666666666 0.0109375
0 0.13229166666666667 0.53046875 0.0020833333333333333 0.0015625
0 0.115625 0.52578125 0.0020833333333333333 0.0015625
0 0.13020833333333334 0.51953125 0.0020833333333333333 0.0015625
0 0.121875 0.50625 0.01875 0.0125
0 0.11979166666666667 0.515625 0.04791666666666667 0.03125
0 0.07916666666666666 0.5140625 0.029166666666666667 0.034375
0 0.09791666666666667 0.49921875 0.0125 0.0078125
0 0.628125 0.50625 0.027083333333333334 0.034375
0 0.18854166666666666 0.4765625 0.00625 0.003125
0 0.18229166666666666 0.475 0.0020833333333333333 0.003125
0 0.240625 0.4734375 0.010416666666666666 0.003125
0 0.19166666666666668 0.46796875 0.016666666666666666 0.0109375
0 0.20416666666666666 0.465625 0.0125 0.009375
0 0.08229166666666667 0.45625 0.00625 0.003125
0 0.16458333333333333 0.45390625 0.0375 0.0171875
0 0.08854166666666667 0.44609375 0.0020833333333333333 0.0015625
0 0.059375 0.4515625 0.01875 0.015625
0 0.09166666666666666 0.43984375 0.004166666666666667 0.0015625
0 0.08645833333333333 0.440625 0.0020833333333333333 0.003125
0 0.10104166666666667 0.43671875 0.0020833333333333333 0.0015625
0 0.090625 0.43671875 0.0020833333333333333 0.0015625
0 0.078125 0.43671875 0.00625 0.0046875
0 0.084375 0.434375 0.0020833333333333333 0.003125
0 0.23333333333333334 0.43046875 0.008333333333333333 0.0046875
0 0.08854166666666667 0.42734375 0.0020833333333333333 0.0015625
0 0.10729166666666666 0.42578125 0.0020833333333333333 0.0015625
0 0.06770833333333333 0.428125 0.00625 0.00625
0 0.09791666666666667 0.42890625 0.008333333333333333 0.0109375
0 0.21770833333333334 0.421875 0.010416666666666666 0.00625
0 0.11770833333333333 0.41171875 0.0020833333333333333 0.0015625
0 0.12916666666666668 0.4078125 0.004166666666666667 0.003125
0 0.721875 0.41171875 0.014583333333333334 0.0140625
0 0.7416666666666667 0.40625 0.0125 0.00625
0 0.13958333333333334 0.39609375 0.004166666666666667 0.0015625
0 0.14479166666666668 0.3859375 0.00625 0.003125
0 0.14479166666666668 0.38203125 0.0020833333333333333 0.0015625
0 0.1375 0.38125 0.004166666666666667 0.003125
0 0.08229166666666667 0.3859375 0.03125 0.015625
0 0.057291666666666664 0.3796875 0.010416666666666666 0.003125
0 0.036458333333333336 0.37890625 0.0020833333333333333 0.0015625
0 0.8114583333333333 0.37578125 0.0020833333333333333 0.0015625
0 0.2677083333333333 0.37265625 0.0020833333333333333 0.0015625
0 0.12395833333333334 0.3703125 0.0020833333333333333 0.003125
0 0.7302083333333333 0.37421875 0.027083333333333334 0.0171875
0 0.11666666666666667 0.3828125 0.0625 0.034375
0 0.013541666666666667 0.37265625 0.014583333333333334 0.0140625
0 0.8395833333333333 0.37421875 0.0375 0.0234375
0 0.07083333333333333 0.35859375 0.004166666666666667 0.0015625
0 0.6427083333333333 0.359375 0.00625 0.009375
0 0.06979166666666667 0.35546875 0.0020833333333333333 0.0015625
0 0.052083333333333336 0.353125 0.0125 0.00625
0 0.0010416666666666667 0.353125 0.0020833333333333333 0.00625
0 0.05520833333333333 0.34921875 0.0020833333333333333 0.0015625
0 0.20104166666666667 0.34765625 0.0020833333333333333 0.0015625
0 0.051041666666666666 0.34765625 0.0020833333333333333 0.0015625
0 0.6427083333333333 0.34609375 0.0020833333333333333 0.0015625
0 0.81875 0.35078125 0.020833333333333332 0.0203125
0 0.16979166666666667 0.34765625 0.022916666666666665 0.0140625
0 0.7760416666666666 0.34453125 0.010416666666666666 0.0109375
0 0.04895833333333333 0.33984375 0.0020833333333333333 0.0015625
0 0.4635416666666667 0.3390625 0.0020833333333333333 0.003125
0 0.04375 0.3390625 0.004166666666666667 0.00625
0 0.028125 0.33984375 0.010416666666666666 0.0078125
0 0.075 0.33671875 0.008333333333333333 0.0046875
0 0.059375 0.34296875 0.022916666666666665 0.0203125
0 0.07604166666666666 0.32890625 0.010416666666666666 0.0078125
0 0.06458333333333334 0.33515625 0.025 0.0203125
0 0.628125 0.32421875 0.0020833333333333333 0.0015625
0 0.06354166666666666 0.31953125 0.0020833333333333333 0.0015625
0 0.03854166666666667 0.32109375 0.00625 0.0046875
0 0.828125 0.31640625 0.0020833333333333333 0.0015625
0 0.8197916666666667 0.31640625 0.0020833333333333333 0.0015625
0 0.628125 0.31640625 0.0020833333333333333 0.0015625
0 0.8364583333333333 0.31484375 0.0020833333333333333 0.0015625
0 0.8239583333333333 0.31484375 0.0020833333333333333 0.0015625
0 0.07395833333333333 0.31484375 0.0020833333333333333 0.0015625
0 0.8166666666666667 0.3140625 0.004166666666666667 0.003125
0 0.8072916666666666 0.3125 0.010416666666666666 0.00625
0 0.06770833333333333 0.31015625 0.0020833333333333333 0.0015625
0 0.16979166666666667 0.30546875 0.00625 0.0046875
0 0.8645833333333334 0.3015625 0.004166666666666667 0.003125
0 0.825 0.30234375 0.016666666666666666 0.0046875
0 0.6572916666666667 0.346875 0.08125 0.103125
0 0.090625 0.31796875 0.04791666666666667 0.0484375
0 0.21145833333333333 0.28828125 0.0020833333333333333 0.0015625
0 0.85 0.28984375 0.025 0.0109375
0 0.8177083333333334 0.2890625 0.01875 0.009375
0 0.815625 0.28203125 0.0020833333333333333 0.0015625
0 0.253125 0.2828125 0.014583333333333334 0.009375
0 0.19479166666666667 0.27890625 0.0020833333333333333 0.0015625
0 0.27395833333333336 0.2765625 0.00625 0.003125
0 0.20520833333333333 0.2765625 0.010416666666666666 0.003125
0 0.18020833333333333 0.27734375 0.00625 0.0046875
0 0.19583333333333333 0.275 0.004166666666666667 0.003125
0 0.178125 0.27265625 0.0020833333333333333 0.0015625
0 0.25833333333333336 0.27265625 0.004166666666666667 0.0046875
0 0.19583333333333333 0.27109375 0.004166666666666667 0.0015625
0 0.20416666666666666 0.27109375 0.008333333333333333 0.0046875
0 0.1875 0.2734375 0.004166666666666667 0.009375
0 0.8666666666666667 0.2671875 0.004166666666666667 0.003125
0 0.20729166666666668 0.2625 0.010416666666666666 0.00625
0 0.196875 0.26015625 0.0020833333333333333 0.0015625
0 0.890625 0.25859375 0.0020833333333333333 0.0015625
0 0.8864583333333333 0.25703125 0.0020833333333333333 0.0015625
0 0.878125 0.25703125 0.0020833333333333333 0.0015625
0 0.21145833333333333 0.25703125 0.0020833333333333333 0.0015625
0 0.18854166666666666 0.25703125 0.0020833333333333333 0.0015625
0 0.03854166666666667 0.25703125 0.00625 0.0046875
0 0.8927083333333333 0.2546875 0.0020833333333333333 0.003125
0 0.025 0.2546875 0.004166666666666667 0.003125
0 0.896875 0.25390625 0.0020833333333333333 0.0046875
0 0.878125 0.25234375 0.010416666666666666 0.0015625
0 0.890625 0.25078125 0.0020833333333333333 0.0015625
0 0.8864583333333333 0.25078125 0.0020833333333333333 0.0015625
0 0.8760416666666667 0.246875 0.0020833333333333333 0.003125
0 0.8947916666666667 0.2421875 0.0020833333333333333 0.003125
0 0.8760416666666667 0.2390625 0.0020833333333333333 0.003125
0 0.17083333333333334 0.23828125 0.004166666666666667 0.0015625
0 0.30520833333333336 0.2390625 0.00625 0.009375
0 0.8833333333333333 0.23828125 0.0125 0.0109375
0 0.8979166666666667 0.23671875 0.0125 0.0109375
0 0.8447916666666667 0.2328125 0.0020833333333333333 0.003125
0 0.8052083333333333 0.23515625 0.0020833333333333333 0.0078125
0 0.84375 0.25390625 0.075 0.0484375
0 0.8822916666666667 0.22890625 0.0020833333333333333 0.0015625
0 0.265625 0.22734375 0.0020833333333333333 0.0015625
0 0.46875 0.228125 0.004166666666666667 0.00625
0 0.29791666666666666 0.2375 0.07083333333333333 0.040625
0 0.3020833333333333 0.21171875 0.004166666666666667 0.0046875
0 0.29270833333333335 0.20859375 0.010416666666666666 0.0078125
0 0.48125 0.21328125 0.0125 0.0203125
0 0.740625 0.20078125 0.0020833333333333333 0.0015625
0 0.30833333333333335 0.203125 0.008333333333333333 0.00625
0 0.7270833333333333 0.196875 0.004166666666666667 0.003125
0 0.5 0.196875 0.004166666666666667 0.003125
0 0.2760416666666667 0.19296875 0.0020833333333333333 0.0015625
0 0.5552083333333333 0.18515625 0.0020833333333333333 0.0015625
0 0.7197916666666667 0.1859375 0.00625 0.00625
0 0.17291666666666666 0.18984375 0.029166666666666667 0.0140625
0 0.715625 0.18203125 0.0020833333333333333 0.0015625
0 0.7802083333333333 0.17734375 0.0020833333333333333 0.0015625
0 0.7635416666666667 0.17734375 0.0020833333333333333 0.0015625
0 0.7322916666666667 0.1859375 0.022916666666666665 0.01875
0 0.753125 0.17578125 0.0020833333333333333 0.0015625
0 0.24479166666666666 0.1765625 0.0020833333333333333 0.003125
0 0.7583333333333333 0.17578125 0.004166666666666667 0.0046875
0 0.240625 0.17421875 0.0020833333333333333 0.0015625
0 0.18020833333333333 0.17109375 0.0020833333333333333 0.0015625
0 0.007291666666666667 0.175 0.014583333333333334 0.0125
0 0.33645833333333336 0.165625 0.00625 0.00625
0 0.221875 0.16328125 0.0020833333333333333 0.0015625
0 0.22604166666666667 0.1703125 0.027083333333333334 0.015625
0 0.184375 0.16328125 0.010416666666666666 0.0109375
0 0.203125 0.16015625 0.014583333333333334 0.0109375
0 0.321875 0.1546875 0.00625 0.009375
0 0.18333333333333332 0.15078125 0.004166666666666667 0.0015625
0 0.246875 0.15078125 0.00625 0.0046875
0 0.309375 0.17578125 0.08958333333333333 0.0578125
0 0.265625 0.146875 0.0020833333333333333 0.003125
0 0.12291666666666666 0.14765625 0.008333333333333333 0.0046875
0 0.159375 0.146875 0.00625 0.00625
0 0.09270833333333334 0.15078125 0.035416666666666666 0.0234375
0 0.14270833333333333 0.13984375 0.01875 0.0078125
0 0.2625 0.13203125 0.004166666666666667 0.0015625
0 0.046875 0.13046875 0.0020833333333333333 0.0015625
0 0.8239583333333333 0.12890625 0.0020833333333333333 0.0015625
0 0.010416666666666666 0.13828125 0.020833333333333332 0.0234375
0 0.34791666666666665 0.1390625 0.07916666666666666 0.028125
0 0.8364583333333333 0.12265625 0.0020833333333333333 0.0015625
0 0.728125 0.1234375 0.00625 0.003125
0 0.06770833333333333 0.125 0.010416666666666666 0.00625
0 0.3104166666666667 0.1265625 0.025 0.0125
0 0.140625 0.12265625 0.010416666666666666 0.0046875
0 0.8135416666666667 0.1296875 0.022916666666666665 0.021875
0 0.803125 0.121875 0.0020833333333333333 0.00625
0 0.8239583333333333 0.11796875 0.0020833333333333333 0.0015625
0 0.29375 0.11796875 0.008333333333333333 0.0015625
0 0.21458333333333332 0.11484375 0.004166666666666667 0.0015625
0 0.8427083333333333 0.11875 0.022916666666666665 0.021875
0 0.165625 0.10703125 0.0020833333333333333 0.0015625
0 0.07083333333333333 0.10859375 0.008333333333333333 0.0046875
0 0.24166666666666667 0.1109375 0.05 0.015625
0 0.05 0.11484375 0.029166666666666667 0.0265625
0 0.052083333333333336 0.10078125 0.004166666666666667 0.0015625
0 0.24583333333333332 0.09921875 0.004166666666666667 0.0015625
0 0.065625 0.0984375 0.0020833333333333333 0.003125
0 0.8302083333333333 0.09609375 0.00625 0.0015625
0 0.14791666666666667 0.10078125 0.029166666666666667 0.0109375
0 0.103125 0.1015625 0.01875 0.0125
0 0.8333333333333334 0.0921875 0.004166666666666667 0.003125
0 0.5822916666666667 0.0921875 0.0020833333333333333 0.003125
0 0.8177083333333334 0.090625 0.00625 0.00625
0 0.159375 0.09375 0.010416666666666666 0.0125
0 0.0010416666666666667 0.09296875 0.0020833333333333333 0.0109375
0 0.8322916666666667 0.08671875 0.0020833333333333333 0.0015625
0 0.825 0.08984375 0.008333333333333333 0.0078125
0 0.7072916666666667 0.08203125 0.0020833333333333333 0.0015625
0 0.31145833333333334 0.0859375 0.014583333333333334 0.009375
0 0.2989583333333333 0.08203125 0.0020833333333333333 0.0015625
0 0.178125 0.0953125 0.027083333333333334 0.028125
0 0.315625 0.08046875 0.0020833333333333333 0.0015625
0 0.28854166666666664 0.07890625 0.0020833333333333333 0.0015625
0 0.171875 0.07890625 0.0020833333333333333 0.0015625
0 0.803125 0.078125 0.0020833333333333333 0.00625
0 0.27395833333333336 0.07578125 0.0020833333333333333 0.0015625
0 0.328125 0.07421875 0.0020833333333333333 0.0015625
0 0.7697916666666667 0.12265625 0.09375 0.1015625
0 0.246875 0.0734375 0.00625 0.003125
0 0.4947916666666667 0.07109375 0.0020833333333333333 0.0015625
0 0.040625 0.07109375 0.0020833333333333333 0.0015625
0 0.24479166666666666 0.06953125 0.0020833333333333333 0.0015625
0 0.278125 0.06875 0.00625 0.003125
0 0.24791666666666667 0.06640625 0.004166666666666667 0.0015625
0 0.834375 0.06484375 0.0020833333333333333 0.0015625
0 0.503125 0.06484375 0.0020833333333333333 0.0015625
0 0.2552083333333333 0.06484375 0.0020833333333333333 0.0015625
0 0.05625 0.0640625 0.004166666666666667 0.003125
0 0.26979166666666665 0.06171875 0.0020833333333333333 0.0015625
0 0.13125 0.06328125 0.004166666666666667 0.0046875
0 0.5145833333333333 0.0609375 0.004166666666666667 0.003125
0 0.059375 0.06015625 0.0020833333333333333 0.0015625
0 0.2833333333333333 0.059375 0.008333333333333333 0.003125
0 0.24895833333333334 0.05859375 0.0020833333333333333 0.0015625
0 0.5197916666666667 0.05703125 0.0020833333333333333 0.0015625
0 0.8302083333333333 0.05546875 0.0020833333333333333 0.0015625
0 0.6489583333333333 0.05546875 0.0020833333333333333 0.0015625
0 0.2552083333333333 0.059375 0.010416666666666666 0.009375
0 0.75625 0.05390625 0.004166666666666667 0.0015625
0 0.28958333333333336 0.0546875 0.004166666666666667 0.003125
0 0.278125 0.05390625 0.0020833333333333333 0.0015625
0 0.184375 0.0640625 0.014583333333333334 0.021875
0 0.25729166666666664 0.05234375 0.0020833333333333333 0.0015625
0 0.23645833333333333 0.053125 0.0020833333333333333 0.003125
0 0.30833333333333335 0.053125 0.008333333333333333 0.00625
0 0.042708333333333334 0.04921875 0.0020833333333333333 0.0015625
0 0.9052083333333333 0.04765625 0.0020833333333333333 0.0015625
0 0.040625 0.04609375 0.0020833333333333333 0.0015625
0 0.23958333333333334 0.0453125 0.004166666666666667 0.003125
0 0.2604166666666667 0.053125 0.04583333333333333 0.025
0 0.15104166666666666 0.04921875 0.014583333333333334 0.0171875
0 0.22604166666666667 0.0390625 0.00625 0.003125
0 0.9625 0.03671875 0.004166666666666667 0.0015625
0 0.26875 0.0328125 0.004166666666666667 0.003125
0 0.228125 0.03203125 0.0020833333333333333 0.0015625
0 0.221875 0.03359375 0.00625 0.0046875
0 0.008333333333333333 0.0515625 0.016666666666666666 0.040625
0 0.9395833333333333 0.03359375 0.020833333333333332 0.0078125
0 0.921875 0.03046875 0.0020833333333333333 0.0015625
0 0.228125 0.02890625 0.0020833333333333333 0.0015625
0 0.9260416666666667 0.028125 0.0020833333333333333 0.003125
0 0.234375 0.02734375 0.0020833333333333333 0.0015625
0 0.9135416666666667 0.02578125 0.0020833333333333333 0.0015625
0 0.221875 0.0265625 0.0020833333333333333 0.003125
0 0.15416666666666667 0.0265625 0.004166666666666667 0.003125
0 0.06041666666666667 0.04765625 0.0375 0.0453125
0 0.9583333333333334 0.02421875 0.016666666666666666 0.0015625
0 0.90625 0.02578125 0.008333333333333333 0.0046875
0 0.8989583333333333 0.02421875 0.0020833333333333333 0.0015625
0 0.21666666666666667 0.02578125 0.004166666666666667 0.0078125
0 0.2125 0.021875 0.004166666666666667 0.003125
0 0.20729166666666668 0.02109375 0.0020833333333333333 0.0015625
0 0.9010416666666666 0.0203125 0.0020833333333333333 0.003125
0 0.21979166666666666 0.01953125 0.0020833333333333333 0.0015625
0 0.2791666666666667 0.0203125 0.029166666666666667 0.009375
0 0.28020833333333334 0.01328125 0.0020833333333333333 0.0015625
0 0.8489583333333334 0.01015625 0.0020833333333333333 0.0015625
0 0.9 0.00703125 0.004166666666666667 0.0015625
0 0.89375 0.01171875 0.004166666666666667 0.0109375
0 0.9229166666666667 0.00546875 0.004166666666666667 0.0015625
0 0.503125 0.00625 0.00625 0.00625
0 0.86875 0.0171875 0.041666666666666664 0.034375
0 0.665625 0.0953125 0.33958333333333335 0.190625
0 0.33958333333333335 0.00078125 0.004166666666666667 0.0015625
0 0.3104166666666667 0.00234375 0.016666666666666666 0.0046875
0 0.209375 0.00859375 0.035416666666666666 0.0171875
0 0.15 0.0015625 0.004166666666666667 0.003125
1 0.08854166666666667 0.90234375 0.0020833333333333333 0.0046875
1 0.09270833333333334 0.89453125 0.0020833333333333333 0.0015625
1 0.10416666666666667 0.89296875 0.008333333333333333 0.0109375
1 0.06666666666666667 0.89375 0.008333333333333333 0.0125
1 0.10208333333333333 0.88515625 0.004166666666666667 0.0015625
1 0.09479166666666666 0.88203125 0.0020833333333333333 0.0015625
1 0.08541666666666667 0.8921875 0.020833333333333332 0.021875
1 0.07708333333333334 0.86953125 0.004166666666666667 0.0015625
1 0.028125 0.82265625 0.010416666666666666 0.0046875
1 0.036458333333333336 0.84375 0.07291666666666667 0.071875
1 0.04895833333333333 0.79453125 0.0020833333333333333 0.0015625
1 0.03854166666666667 0.78828125 0.0020833333333333333 0.0015625
1 0.071875 0.72890625 0.0020833333333333333 0.0015625
1 0.74375 0.71171875 0.016666666666666666 0.0171875
1 0.06979166666666667 0.69921875 0.0020833333333333333 0.0015625
1 0.07395833333333333 0.69609375 0.0020833333333333333 0.0015625
1 0.057291666666666664 0.69453125 0.0020833333333333333 0.0015625
1 0.057291666666666664 0.68203125 0.0020833333333333333 0.0015625
1 0.021875 0.68203125 0.0020833333333333333 0.0015625
1 0.06770833333333333 0.67734375 0.0020833333333333333 0.0015625
1 0.04583333333333333 0.675 0.004166666666666667 0.003125
1 0.865625 0.67265625 0.0020833333333333333 0.0015625
1 0.07604166666666666 0.67109375 0.0020833333333333333 0.0015625
1 0.853125 0.67109375 0.00625 0.0046875
1 0.8447916666666667 0.66953125 0.0020833333333333333 0.0015625
1 0.75625 0.67109375 0.004166666666666667 0.0078125
1 0.040625 0.66796875 0.0020833333333333333 0.0015625
1 0.025 0.66484375 0.004166666666666667 0.0046875
1 0.071875 0.66171875 0.0020833333333333333 0.0015625
1 0.8760416666666667 0.66015625 0.0020833333333333333 0.0015625
1 0.06770833333333333 0.66015625 0.0020833333333333333 0.0015625
1 0.81875 0.6578125 0.004166666666666667 0.003125
1 0.753125 0.66015625 0.0020833333333333333 0.0078125
1 0.6864583333333333 0.65703125 0.0020833333333333333 0.0015625
1 0.06145833333333333 0.65703125 0.0020833333333333333 0.0015625
1 0.8552083333333333 0.65546875 0.0020833333333333333 0.0015625
1 0.8645833333333334 0.66171875 0.025 0.0171875
1 0.8145833333333333 0.65390625 0.004166666666666667 0.0015625
1 0.753125 0.65390625 0.0020833333333333333 0.0015625
1 0.759375 0.65234375 0.0020833333333333333 0.0015625
1 0.7197916666666667 0.67109375 0.08541666666666667 0.0390625
1 0.8385416666666666 0.65703125 0.022916666666666665 0.0140625
1 0.12395833333333334 0.65234375 0.00625 0.0046875
1 0.8427083333333333 0.64921875 0.0020833333333333333 0.0015625
1 0.8427083333333333 0.64609375 0.0020833333333333333 0.0015625
1 0.7645833333333333 0.646875 0.004166666666666667 0.003125
1 0.021875 0.64453125 0.0020833333333333333 0.0015625
1 0.12291666666666666 0.6453125 0.004166666666666667 0.00625
1 0.096875 0.671875 0.06875 0.059375
1 0.81875 0.64453125 0.004166666666666667 0.0078125
1 0.7614583333333333 0.64140625 0.00625 0.0046875
1 0.096875 0.640625 0.0020833333333333333 0.003125
1 0.11979166666666667 0.63828125 0.0020833333333333333 0.0015625
1 0.0010416666666666667 0.63828125 0.0020833333333333333 0.0015625
1 0.859375 0.63671875 0.0020833333333333333 0.0015625
1 0.09270833333333334 0.63984375 0.00625 0.0078125
1 0.8166666666666667 0.63671875 0.004166666666666667 0.0046875
1 0.8010416666666667 0.63359375 0.0020833333333333333 0.0015625
1 0.078125 0.6359375 0.00625 0.00625
1 0.021875 0.63515625 0.0020833333333333333 0.0046875
1 0.13333333333333333 0.6328125 0.008333333333333333 0.003125
1 0.0010416666666666667 0.63203125 0.0020833333333333333 0.0015625
1 0.7989583333333333 0.63046875 0.0020833333333333333 0.0015625
1 0.7614583333333333 0.6296875 0.0020833333333333333 0.003125
1 0.17291666666666666 0.62890625 0.004166666666666667 0.0015625
1 0.08125 0.63046875 0.004166666666666667 0.0046875
1 0.13229166666666667 0.62734375 0.0020833333333333333 0.0015625
1 0.7677083333333333 0.62578125 0.0020833333333333333 0.0015625
1 0.004166666666666667 0.62734375 0.008333333333333333 0.0046875
1 0.840625 0.625 0.0020833333333333333 0.003125
1 0.809375 0.63828125 0.010416666666666666 0.0296875
1 0.7510416666666667 0.62421875 0.0020833333333333333 0.0015625
1 0.171875 0.62421875 0.0020833333333333333 0.0015625
1 0.14270833333333333 0.62109375 0.0020833333333333333 0.0015625
1 0.6322916666666667 0.61796875 0.00625 0.0046875
1 0.15833333333333333 0.6171875 0.004166666666666667 0.003125
1 0.846875 0.61484375 0.0020833333333333333 0.0015625
1 0.15520833333333334 0.6265625 0.03125 0.025
1 0.115625 0.61640625 0.0020833333333333333 0.0046875
1 0.8510416666666667 0.6125 0.0020833333333333333 0.003125
1 0.615625 0.60703125 0.014583333333333334 0.0109375
1 0.14375 0.60234375 0.004166666666666667 0.0015625
1 0.8354166666666667 0.603125 0.004166666666666667 0.00625
1 0.121875 0.60078125 0.0020833333333333333 0.0015625
1 0.8583333333333333 0.59921875 0.004166666666666667 0.0015625
1 0.609375 0.5984375 0.00625 0.003125
1 0.12395833333333334 0.59765625 0.0020833333333333333 0.0015625
1 0.8854166666666666 0.5953125 0.004166666666666667 0.003125
1 0.8770833333333333 0.59453125 0.004166666666666667 0.0015625
1 0.6114583333333333 0.5921875 0.0020833333333333333 0.003125
1 0.175 0.59140625 0.004166666666666667 0.0015625
1 0.17395833333333333 0.5875 0.0020833333333333333 0.003125
1 0.13854166666666667 0.58515625 0.0020833333333333333 0.0015625
1 0.08125 0.58515625 0.004166666666666667 0.0015625
1 0.013541666666666667 0.58046875 0.0020833333333333333 0.0015625
1 0.021875 0.57890625 0.0020833333333333333 0.0015625
1 0.005208333333333333 0.58125 0.010416666666666666 0.00625
1 0.027083333333333334 0.57734375 0.004166666666666667 0.0015625
1 0.007291666666666667 0.57578125 0.0020833333333333333 0.0015625
1 0.6177083333333333 0.57109375 0.0020833333333333333 0.0015625
1 0.909375 0.57265625 0.00625 0.0140625
1 0.09895833333333333 0.56640625 0.0020833333333333333 0.0015625
1 0.09479166666666666 0.56484375 0.0020833333333333333 0.0015625
1 0.9052083333333333 0.56328125 0.0020833333333333333 0.0015625
1 0.09895833333333333 0.56171875 0.00625 0.0046875
1 0.8989583333333333 0.559375 0.00625 0.003125
1 0.09166666666666666 0.56015625 0.004166666666666667 0.0046875
1 0.8989583333333333 0.55546875 0.0020833333333333333 0.0015625
1 0.9083333333333333 0.5546875 0.004166666666666667 0.003125
1 0.21979166666666666 0.55546875 0.00625 0.0046875
1 0.20104166666666667 0.54921875 0.0020833333333333333 0.0015625
1 0.17291666666666666 0.54765625 0.004166666666666667 0.0015625
1 0.096875 0.55234375 0.00625 0.0109375
1 0.178125 0.54609375 0.0020833333333333333 0.0015625
1 0.12708333333333333 0.546875 0.004166666666666667 0.003125
1 0.178125 0.54296875 0.0020833333333333333 0.0015625
1 0.6760416666666667 0.53046875 0.01875 0.0078125
1 0.203125 0.528125 0.00625 0.003125
1 0.07395833333333333 0.6390625 0.14791666666666667 0.2375
1 0.609375 0.5203125 0.0020833333333333333 0.003125
1 0.021875 0.51796875 0.0020833333333333333 0.0015625
1 0.6104166666666667 0.5140625 0.004166666666666667 0.00625
1 0.22916666666666666 0.521875 0.05416666666666667 0.03125
1 0.615625 0.50234375 0.0020833333333333333 0.0015625
1 0.03125 0.50390625 0.004166666666666667 0.0046875
1 0.6875 0.5125 0.025 0.025
1 0.175 0.54453125 0.09166666666666666 0.0984375
1 0.734375 0.4953125 0.0020833333333333333 0.003125
1 0.26145833333333335 0.49453125 0.0020833333333333333 0.0015625
1 0.25416666666666665 0.4953125 0.004166666666666667 0.003125
1 0.036458333333333336 0.49453125 0.0020833333333333333 0.0015625
1 0.265625 0.49296875 0.0020833333333333333 0.0015625
1 0.8958333333333334 0.4921875 0.008333333333333333 0.003125
1 0.8885416666666667 0.49296875 0.0020833333333333333 0.0046875
1 0.7260416666666667 0.49140625 0.0020833333333333333 0.0015625
1 0.20520833333333333 0.4921875 0.0020833333333333333 0.003125
1 0.6208333333333333 0.49453125 0.008333333333333333 0.0109375
1 0.940625 0.4890625 0.00625 0.003125
1 0.9145833333333333 0.4890625 0.004166666666666667 0.003125
1 0.90625 0.48828125 0.004166666666666667 0.0015625
1 0.7020833333333333 0.49375 0.0125 0.0125
1 0.6447916666666667 0.4859375 0.0020833333333333333 0.003125
1 0.19166666666666668 0.48515625 0.004166666666666667 0.0015625
1 0.6708333333333333 0.48671875 0.0125 0.0078125
1 0.20520833333333333 0.48359375 0.0020833333333333333 0.0015625
1 0.19270833333333334 0.50078125 0.027083333333333334 0.0359375
1 0.665625 0.48203125 0.0020833333333333333 0.0015625
1 0.27395833333333336 0.48203125 0.0020833333333333333 0.0015625
1 0.0010416666666666667 0.48203125 0.0020833333333333333 0.0015625
1 0.6822916666666666 0.48046875 0.0020833333333333333 0.0015625
1 0.215625 0.484375 0.014583333333333334 0.009375
1 0.20520833333333333 0.48046875 0.0020833333333333333 0.0015625
1 0.6864583333333333 0.47890625 0.0020833333333333333 0.0015625
1 0.6125 0.4796875 0.004166666666666667 0.003125
1 0.26979166666666665 0.47890625 0.0020833333333333333 0.0015625
1 0.7197916666666667 0.48359375 0.014583333333333334 0.0171875
1 0.6927083333333334 0.47578125 0.0020833333333333333 0.0015625
1 0.65625 0.48515625 0.016666666666666666 0.0203125
1 0.609375 0.47578125 0.0020833333333333333 0.0015625
1 0.271875 0.47578125 0.0020833333333333333 0.0015625
1 0.265625 0.47578125 0.0020833333333333333 0.0015625
1 0.646875 0.47421875 0.0020833333333333333 0.0015625
1 0.8572916666666667 0.47421875 0.00625 0.0046875
1 0.6270833333333333 0.4734375 0.008333333333333333 0.00625
1 0.6322916666666667 0.46953125 0.0020833333333333333 0.0015625
1 0.25416666666666665 0.47109375 0.008333333333333333 0.0046875
1 0.6395833333333333 0.46875 0.008333333333333333 0.00625
1 0.6166666666666667 0.46484375 0.004166666666666667 0.0046875
1 0.7760416666666666 0.55625 0.32708333333333334 0.20625
1 0.23333333333333334 0.46171875 0.025 0.0171875
1 0.21145833333333333 0.44921875 0.00625 0.0046875
1 0.06666666666666667 0.48046875 0.13333333333333333 0.0890625
1 0.7395833333333334 0.43203125 0.004166666666666667 0.0015625
1 0.7260416666666667 0.4296875 0.010416666666666666 0.003125
1 0.740625 0.428125 0.010416666666666666 0.00625
1 0.18958333333333333 0.43984375 0.09583333333333334 0.0296875
1 0.23645833333333333 0.42421875 0.0020833333333333333 0.0015625
1 0.7427083333333333 0.42265625 0.0020833333333333333 0.0015625
1 0.23645833333333333 0.42109375 0.0020833333333333333 0.0015625
1 0.32395833333333335 0.4296875 0.027083333333333334 0.021875
1 0.7145833333333333 0.42109375 0.020833333333333332 0.0109375
1 0.3020833333333333 0.4109375 0.004166666666666667 0.003125
1 0.23229166666666667 0.41015625 0.0020833333333333333 0.0015625
1 0.7520833333333333 0.4140625 0.020833333333333332 0.0125
1 0.31354166666666666 0.40625 0.0020833333333333333 0.003125
1 0.2916666666666667 0.409375 0.0125 0.009375
1 0.759375 0.40078125 0.0020833333333333333 0.0015625
1 0.678125 0.40078125 0.0020833333333333333 0.0015625
1 0.2916666666666667 0.4015625 0.004166666666666667 0.003125
1 0.746875 0.39921875 0.0020833333333333333 0.0015625
1 0.6677083333333333 0.39921875 0.0020833333333333333 0.0015625
1 0.00625 0.41171875 0.0125 0.0265625
1 0.6833333333333333 0.3984375 0.004166666666666667 0.003125
1 0.378125 0.39765625 0.0020833333333333333 0.0015625
1 0.6989583333333333 0.40390625 0.01875 0.0203125
1 0.30416666666666664 0.39609375 0.004166666666666667 0.0046875
1 0.378125 0.38984375 0.0020833333333333333 0.0015625
1 0.06458333333333334 0.40078125 0.06666666666666667 0.0234375
1 0.8552083333333333 0.38828125 0.00625 0.0015625
1 0.8447916666666667 0.38828125 0.0020833333333333333 0.0015625
1 0.24479166666666666 0.38828125 0.0020833333333333333 0.0015625
1 0.6447916666666667 0.3875 0.00625 0.003125
1 0.8364583333333333 0.384375 0.00625 0.003125
1 0.8083333333333333 0.3828125 0.004166666666666667 0.003125
1 0.6427083333333333 0.38203125 0.0020833333333333333 0.0015625
1 0.008333333333333333 0.3875 0.016666666666666666 0.015625
1 0.29375 0.384375 0.0125 0.0125
1 0.8010416666666667 0.37734375 0.0020833333333333333 0.0015625
1 0.703125 0.38203125 0.00625 0.0109375
1 0.35208333333333336 0.3796875 0.0125 0.00625
1 0.340625 0.37734375 0.0020833333333333333 0.0015625
1 0.2604166666666667 0.42421875 0.04583333333333333 0.0953125
1 0.37083333333333335 0.384375 0.008333333333333333 0.01875
1 0.23854166666666668 0.37578125 0.0020833333333333333 0.0015625
1 0.8197916666666667 0.37578125 0.010416666666666666 0.0046875
1 0.28541666666666665 0.375 0.004166666666666667 0.003125
1 0.184375 0.39765625 0.052083333333333336 0.0484375
1 0.23229166666666667 0.39140625 0.022916666666666665 0.0390625
1 0.16979166666666667 0.37265625 0.0020833333333333333 0.0015625
1 0.2520833333333333 0.37265625 0.004166666666666667 0.0046875
1 0.47604166666666664 0.3703125 0.0020833333333333333 0.003125
1 0.8 0.36875 0.004166666666666667 0.003125
1 0.8614583333333333 0.36640625 0.0020833333333333333 0.0015625
1 0.4791666666666667 0.375 0.008333333333333333 0.01875
1 0.853125 0.36171875 0.0020833333333333333 0.0015625
1 0.80625 0.365625 0.0125 0.009375
1 0.6375 0.36796875 0.008333333333333333 0.0140625
1 0.3375 0.36875 0.07916666666666666 0.015625
1 0.790625 0.36015625 0.0020833333333333333 0.0015625
1 0.34270833333333334 0.36015625 0.0020833333333333333 0.0015625
1 0.30625 0.36015625 0.004166666666666667 0.0015625
1 0.8291666666666667 0.35859375 0.004166666666666667 0.0015625
1 0.7604166666666666 0.378125 0.05 0.040625
1 0.3260416666666667 0.35859375 0.0020833333333333333 0.0015625
1 0.7927083333333333 0.35625 0.0020833333333333333 0.003125
1 0.8322916666666667 0.35390625 0.0020833333333333333 0.0015625
1 0.6229166666666667 0.3546875 0.004166666666666667 0.003125
1 0.34791666666666665 0.35625 0.03333333333333333 0.00625
1 0.7916666666666666 0.35234375 0.004166666666666667 0.0015625
1 0.6552083333333333 0.353125 0.0020833333333333333 0.003125
1 0.478125 0.3578125 0.010416666666666666 0.0125
1 0.346875 0.35234375 0.0020833333333333333 0.0015625
1 0.353125 0.35078125 0.0020833333333333333 0.0015625
1 0.24270833333333333 0.35078125 0.0020833333333333333 0.0015625
1 0.015625 0.35078125 0.0020833333333333333 0.0015625
1 0.6208333333333333 0.35 0.004166666666666667 0.003125
1 0.4739583333333333 0.34921875 0.0020833333333333333 0.0015625
1 0.290625 0.36015625 0.03958333333333333 0.0234375
1 0.011458333333333333 0.35 0.0020833333333333333 0.003125
1 0.615625 0.34765625 0.0020833333333333333 0.0015625
1 0.325 0.3515625 0.029166666666666667 0.009375
1 0.459375 0.34453125 0.0020833333333333333 0.0015625
1 0.4583333333333333 0.35078125 0.016666666666666666 0.0171875
1 0.44583333333333336 0.35390625 0.020833333333333332 0.0234375
1 0.8041666666666667 0.3421875 0.004166666666666667 0.003125
1 0.8302083333333333 0.3390625 0.0020833333333333333 0.003125
1 0.8135416666666667 0.33828125 0.0020833333333333333 0.0015625
1 0.31979166666666664 0.34140625 0.022916666666666665 0.0109375
1 0.46770833333333334 0.3359375 0.0020833333333333333 0.003125
1 0.609375 0.33359375 0.0020833333333333333 0.0015625
1 0.4583333333333333 0.33203125 0.004166666666666667 0.0046875
1 0.0020833333333333333 0.33125 0.004166666666666667 0.003125
1 0.20104166666666667 0.32734375 0.0020833333333333333 0.0015625
1 0.7916666666666666 0.33359375 0.008333333333333333 0.0203125
1 0.6114583333333333 0.325 0.00625 0.00625
1 0.2635416666666667 0.34375 0.01875 0.04375
1 0.259375 0.32265625 0.0020833333333333333 0.0015625
1 0.7947916666666667 0.32109375 0.0020833333333333333 0.0015625
1 0.609375 0.31875 0.0020833333333333333 0.003125
1 0.020833333333333332 0.325 0.041666666666666664 0.015625
1 0.5697916666666667 0.31484375 0.00625 0.0015625
1 0.559375 0.31484375 0.00625 0.0015625
1 0.5260416666666666 0.31328125 0.0020833333333333333 0.0015625
1 0.5364583333333334 0.31171875 0.0020833333333333333 0.0015625
1 0.609375 0.31015625 0.0020833333333333333 0.0015625
1 0.540625 0.31015625 0.0020833333333333333 0.0015625
1 0.296875 0.30859375 0.0020833333333333333 0.0015625
1 0.28229166666666666 0.31015625 0.014583333333333334 0.0046875
1 0.26458333333333334 0.31328125 0.0125 0.0109375
1 0.265625 0.30546875 0.0020833333333333333 0.0015625
1 0.8729166666666667 0.30703125 0.004166666666666667 0.0078125
1 0.29270833333333335 0.30234375 0.0020833333333333333 0.0015625
1 0.209375 0.303125 0.0020833333333333333 0.003125
1 0.8697916666666666 0.30078125 0.0020833333333333333 0.0015625
1 0.296875 0.3015625 0.0020833333333333333 0.003125
1 0.6510416666666666 0.29765625 0.0020833333333333333 0.0015625
1 0.29270833333333335 0.29609375 0.0020833333333333333 0.0015625
1 0.3104166666666667 0.29453125 0.004166666666666667 0.0015625
1 0.8510416666666667 0.3046875 0.04375 0.025
1 0.321875 0.29140625 0.0020833333333333333 0.0015625
1 0.4739583333333333 0.28984375 0.0020833333333333333 0.0015625
1 0.3072916666666667 0.28828125 0.0020833333333333333 0.0015625
1 0.296875 0.28984375 0.00625 0.0046875
1 0.734375 0.32734375 0.11041666666666666 0.0828125
1 0.24270833333333333 0.31796875 0.09375 0.0640625
1 0.7354166666666667 0.2859375 0.004166666666666667 0.00625
1 0.8375 0.2796875 0.008333333333333333 0.00625
1 0.46979166666666666 0.28203125 0.00625 0.0109375
1 0.846875 0.2765625 0.00625 0.003125
1 0.8760416666666667 0.27421875 0.0020833333333333333 0.0015625
1 0.7833333333333333 0.27265625 0.020833333333333332 0.0046875
1 0.3958333333333333 0.2703125 0.004166666666666667 0.009375
1 0.5114583333333333 0.265625 0.0020833333333333333 0.003125
1 0.24583333333333332 0.26875 0.008333333333333333 0.0125
1 0.5864583333333333 0.26171875 0.0020833333333333333 0.0015625
1 0.39895833333333336 0.26484375 0.00625 0.0078125
1 0.7322916666666667 0.2671875 0.014583333333333334 0.015625
1 0.6958333333333333 0.28515625 0.020833333333333332 0.0515625
1 0.31979166666666664 0.25703125 0.0020833333333333333 0.0015625
1 0.3125 0.271875 0.020833333333333332 0.03125
1 0.7010416666666667 0.25625 0.0020833333333333333 0.003125
1 0.75 0.259375 0.025 0.0125
1 0.7145833333333333 0.2546875 0.0125 0.003125
1 0.5197916666666667 0.2546875 0.0020833333333333333 0.003125
1 0.5177083333333333 0.25078125 0.0020833333333333333 0.0015625
1 0.23958333333333334 0.25546875 0.0125 0.0109375
1 0.190625 0.24765625 0.0020833333333333333 0.0015625
1 0.378125 0.24140625 0.0020833333333333333 0.0015625
1 0.3875 0.24140625 0.004166666666666667 0.0046875
1 0.3875 0.25 0.016666666666666666 0.021875
1 0.45208333333333334 0.24140625 0.0125 0.0140625
1 0.8135416666666667 0.22890625 0.0020833333333333333 0.0015625
1 0.7677083333333333 0.22734375 0.0020833333333333333 0.0015625
1 0.33125 0.2328125 0.016666666666666666 0.015625
1 0.428125 0.30390625 0.18958333333333333 0.1640625
1 0.31979166666666664 0.22265625 0.0020833333333333333 0.0015625
1 0.48854166666666665 0.21640625 0.0020833333333333333 0.0015625
1 0.46770833333333334 0.21640625 0.0020833333333333333 0.0015625
1 0.490625 0.21328125 0.0020833333333333333 0.0015625
1 0.3177083333333333 0.2140625 0.00625 0.009375
1 0.7541666666666667 0.20859375 0.004166666666666667 0.0015625
1 0.004166666666666667 0.203125 0.008333333333333333 0.003125
1 0.32708333333333334 0.20078125 0.004166666666666667 0.0015625
1 0.7489583333333333 0.19453125 0.0020833333333333333 0.0015625
1 0.7770833333333333 0.19296875 0.004166666666666667 0.0015625
1 0.7447916666666666 0.18515625 0.0020833333333333333 0.0015625
1 0.6822916666666666 0.18515625 0.0020833333333333333 0.0015625
1 0.5125 0.184375 0.008333333333333333 0.00625
1 0.103125 0.18203125 0.0020833333333333333 0.0015625
1 0.503125 0.18046875 0.0020833333333333333 0.0015625
1 0.14479166666666668 0.18359375 0.014583333333333334 0.0078125
1 0.6260416666666667 0.17890625 0.0020833333333333333 0.0015625
1 0.68125 0.17734375 0.004166666666666667 0.0046875
1 0.6447916666666667 0.17578125 0.0020833333333333333 0.0015625
1 0.121875 0.17578125 0.0020833333333333333 0.0015625
1 0.109375 0.17890625 0.014583333333333334 0.0078125
1 0.08229166666666667 0.1828125 0.01875 0.015625
1 0.6572916666666667 0.17421875 0.0020833333333333333 0.0015625
1 0.06458333333333334 0.1734375 0.004166666666666667 0.003125
1 0.6645833333333333 0.171875 0.004166666666666667 0.003125
1 0.2989583333333333 0.16015625 0.0020833333333333333 0.0015625
1 0.8072916666666666 0.1515625 0.0020833333333333333 0.003125
1 0.803125 0.15078125 0.0020833333333333333 0.0015625
1 0.8114583333333333 0.15 0.0020833333333333333 0.003125
1 0.8166666666666667 0.1484375 0.004166666666666667 0.003125
1 0.390625 0.14765625 0.0020833333333333333 0.0015625
1 0.04583333333333333 0.146875 0.004166666666666667 0.003125
1 0.06354166666666666 0.14609375 0.0020833333333333333 0.0046875
1 0.30416666666666664 0.14375 0.004166666666666667 0.003125
1 0.825 0.14140625 0.004166666666666667 0.0046875
1 0.059375 0.14296875 0.01875 0.0109375
1 0.8572916666666667 0.13359375 0.0020833333333333333 0.0015625
1 0.8427083333333333 0.134375 0.00625 0.003125
1 0.27395833333333336 0.13046875 0.0020833333333333333 0.0015625
1 0.09479166666666666 0.13203125 0.010416666666666666 0.0046875
1 0.7270833333333333 0.13203125 0.008333333333333333 0.0109375
1 0.328125 0.12421875 0.0020833333333333333 0.0015625
1 0.08645833333333333 0.12421875 0.0020833333333333333 0.0015625
1 0.0010416666666666667 0.12265625 0.0020833333333333333 0.0015625
1 0.09583333333333334 0.12421875 0.0125 0.0078125
1 0.321875 0.11796875 0.0020833333333333333 0.0015625
1 0.796875 0.1171875 0.0020833333333333333 0.003125
1 0.271875 0.11171875 0.0020833333333333333 0.0015625
1 0.2677083333333333 0.11171875 0.0020833333333333333 0.0015625
1 0.8333333333333334 0.10234375 0.004166666666666667 0.0015625
1 0.2125 0.1015625 0.0125 0.003125
1 0.19895833333333332 0.10078125 0.0020833333333333333 0.0015625
1 0.046875 0.09609375 0.0020833333333333333 0.0015625
1 0.15 0.23125 0.3 0.271875
1 0.32395833333333335 0.09296875 0.0020833333333333333 0.0015625
1 0.3260416666666667 0.08984375 0.0020833333333333333 0.0015625
1 0.8427083333333333 0.0890625 0.0020833333333333333 0.003125
1 0.21458333333333332 0.09296875 0.020833333333333332 0.0109375
1 0.853125 0.0875 0.0020833333333333333 0.003125
1 0.840625 0.08359375 0.0020833333333333333 0.0015625
1 0.7864583333333334 0.08125 0.00625 0.00625
1 0.053125 0.0859375 0.04791666666666667 0.015625
1 0.8364583333333333 0.07734375 0.0020833333333333333 0.0015625
1 0.6989583333333333 0.0765625 0.00625 0.003125
1 0.65625 0.0875 0.0125 0.025
1 0.046875 0.0765625 0.00625 0.003125
1 0.18958333333333333 0.0734375 0.004166666666666667 0.003125
1 0.12395833333333334 0.08203125 0.01875 0.0203125
1 0.828125 0.07578125 0.014583333333333334 0.0109375
1 0.16770833333333332 0.0671875 0.0020833333333333333 0.003125
1 0.7895833333333333 0.06875 0.0125 0.015625
1 0.15 0.07421875 0.025 0.0265625
1 0.023958333333333335 0.05546875 0.0020833333333333333 0.0015625
1 0.16145833333333334 0.05703125 0.010416666666666666 0.0078125
1 0.25625 0.075 0.12083333333333333 0.0625
1 0.165625 0.0359375 0.014583333333333334 0.009375
1 0.027083333333333334 0.03984375 0.025 0.0203125
1 0.8208333333333333 0.0484375 0.03333333333333333 0.04375
1 0.8885416666666667 0.0421875 0.05625 0.034375
1 0.08125 0.02109375 0.004166666666666667 0.0046875
1 0.042708333333333334 0.01796875 0.0020833333333333333 0.0015625
1 0.059375 0.01484375 0.0020833333333333333 0.0015625
1 0.06770833333333333 0.00859375 0.0020833333333333333 0.0015625
1 0.058333333333333334 0.00703125 0.008333333333333333 0.0078125
1 0.8375 0.00234375 0.004166666666666667 0.0046875
1 0.13541666666666666 0.04453125 0.0875 0.0890625
1 0.10625 0.0015625 0.0125 0.003125
1 0.078125 0.00390625 0.00625 0.0078125
