0 0.5520833333333334 0.621875 0.004166666666666667 0.003125
0 0.33541666666666664 0.5765625 0.004166666666666667 0.003125
0 0.059375 0.55546875 0.010416666666666666 0.0015625
0 0.0375 0.55625 0.004166666666666667 0.003125
0 0.42916666666666664 0.50703125 0.004166666666666667 0.0015625
0 0.4510416666666667 0.49921875 0.0020833333333333333 0.0015625
0 0.46875 0.49453125 0.004166666666666667 0.0015625
0 0.27291666666666664 0.46875 0.008333333333333333 0.009375
0 0.5677083333333334 0.4578125 0.0020833333333333333 0.003125
0 0.26666666666666666 0.459375 0.004166666666666667 0.00625
0 0.5989583333333334 0.43046875 0.0020833333333333333 0.0015625
0 0.38645833333333335 0.42734375 0.010416666666666666 0.0046875
0 0.07708333333333334 0.3890625 0.020833333333333332 0.015625
0 0.696875 0.36328125 0.0020833333333333333 0.0015625
0 0.653125 0.3828125 0.08125 0.040625
0 0.7010416666666667 0.36171875 0.0020833333333333333 0.0015625
0 0.70625 0.36015625 0.004166666666666667 0.0015625
0 0.6958333333333333 0.359375 0.008333333333333333 0.003125
0 0.7177083333333333 0.35703125 0.0020833333333333333 0.0015625
0 0.7385416666666667 0.3515625 0.010416666666666666 0.003125
0 0.028125 0.35546875 0.05625 0.0359375
0 0.596875 0.3375 0.0020833333333333333 0.003125
0 0.7927083333333333 0.33515625 0.0020833333333333333 0.0015625
0 0.784375 0.340625 0.07708333333333334 0.01875
0 0.7864583333333334 0.33203125 0.0020833333333333333 0.0015625
0 0.6052083333333333 0.3265625 0.010416666666666666 0.009375
0 0.6239583333333333 0.31640625 0.0020833333333333333 0.0015625
0 0.625 0.309375 0.029166666666666667 0.021875
0 0.5635416666666667 0.29453125 0.0020833333333333333 0.0015625
0 0.5614583333333333 0.28515625 0.0020833333333333333 0.0015625
0 0.071875 0.315625 0.14375 0.071875
0 0.08645833333333333 0.27890625 0.0020833333333333333 0.0015625
0 0.6739583333333333 0.278125 0.0020833333333333333 0.003125
0 0.659375 0.2765625 0.00625 0.003125
0 0.07083333333333333 0.271875 0.004166666666666667 0.003125
0 0.4197916666666667 0.28515625 0.03958333333333333 0.0328125
0 0.6895833333333333 0.2671875 0.008333333333333333 0.00625
0 0.08125 0.2703125 0.025 0.0125
0 0.06041666666666667 0.26328125 0.004166666666666667 0.0015625
0 0.6979166666666666 0.2625 0.004166666666666667 0.003125
0 0.38645833333333335 0.26328125 0.00625 0.0046875
0 0.05520833333333333 0.26171875 0.0020833333333333333 0.0015625
0 0.7072916666666667 0.25859375 0.0020833333333333333 0.0015625
0 0.396875 0.2578125 0.00625 0.003125
0 0.7125 0.25703125 0.004166666666666667 0.0046875
0 0.7270833333333333 0.2484375 0.004166666666666667 0.003125
0 0.7052083333333333 0.24765625 0.0020833333333333333 0.0015625
0 0.7322916666666667 0.24609375 0.0020833333333333333 0.0015625
0 0.7104166666666667 0.2453125 0.004166666666666667 0.003125
0 0.7229166666666667 0.2390625 0.004166666666666667 0.003125
0 0.7447916666666666 0.23984375 0.014583333333333334 0.0078125
0 0.7020833333333333 0.23359375 0.004166666666666667 0.0015625
0 0.7604166666666666 0.2328125 0.0125 0.00625
0 0.7427083333333333 0.23046875 0.0020833333333333333 0.0015625
0 0.7364583333333333 0.23203125 0.00625 0.0046875
0 0.753125 0.22734375 0.0020833333333333333 0.0015625
0 0.7833333333333333 0.22421875 0.004166666666666667 0.0015625
0 0.7895833333333333 0.22265625 0.004166666666666667 0.0015625
0 0.8260416666666667 0.21953125 0.014583333333333334 0.0015625
0 0.8135416666666667 0.21953125 0.00625 0.0015625
0 0.8697916666666666 0.21796875 0.0020833333333333333 0.0015625
0 0.8739583333333333 0.21640625 0.0020833333333333333 0.0015625
0 0.7822916666666667 0.21640625 0.0020833333333333333 0.0015625
0 0.803125 0.21484375 0.0020833333333333333 0.0015625
0 0.13645833333333332 0.21328125 0.0020833333333333333 0.0015625
0 0.12708333333333333 0.2125 0.008333333333333333 0.003125
0 0.128125 0.20703125 0.0020833333333333333 0.0015625
0 0.12395833333333334 0.20703125 0.0020833333333333333 0.0015625
0 0.14270833333333333 0.20625 0.00625 0.003125
0 0.13541666666666666 0.20625 0.004166666666666667 0.003125
0 0.27395833333333336 0.2578125 0.07291666666666667 0.115625
0 0.6333333333333333 0.19921875 0.004166666666666667 0.0015625
0 0.0020833333333333333 0.1984375 0.004166666666666667 0.003125
0 0.042708333333333334 0.225 0.08541666666666667 0.075
0 0.21145833333333333 0.18671875 0.0020833333333333333 0.0015625
0 0.103125 0.19765625 0.06875 0.0296875
0 0.026041666666666668 0.18359375 0.0020833333333333333 0.0015625
0 0.7916666666666666 0.18203125 0.004166666666666667 0.0015625
0 0.221875 0.18203125 0.0020833333333333333 0.0015625
0 0.19270833333333334 0.18046875 0.0020833333333333333 0.0015625
0 0.20625 0.18125 0.016666666666666666 0.009375
0 0.19895833333333332 0.175 0.0020833333333333333 0.003125
0 0.2864583333333333 0.17265625 0.0020833333333333333 0.0015625
0 0.2125 0.1734375 0.004166666666666667 0.003125
0 0.18229166666666666 0.1890625 0.01875 0.034375
0 0.036458333333333336 0.17265625 0.0020833333333333333 0.0015625
0 0.17291666666666666 0.17421875 0.004166666666666667 0.0078125
0 0.0125 0.17890625 0.025 0.0171875
0 0.19270833333333334 0.16875 0.0020833333333333333 0.003125
0 0.027083333333333334 0.16796875 0.004166666666666667 0.0015625
0 0.6802083333333333 0.1671875 0.0020833333333333333 0.003125
0 0.675 0.16796875 0.004166666666666667 0.0046875
0 0.2947916666666667 0.16640625 0.0020833333333333333 0.0015625
0 0.23229166666666667 0.16796875 0.0020833333333333333 0.0046875
0 0.184375 0.16640625 0.010416666666666666 0.0109375
0 0.17083333333333334 0.16640625 0.008333333333333333 0.0109375
0 0.28958333333333336 0.16484375 0.008333333333333333 0.0109375
0 0.28854166666666664 0.15703125 0.0020833333333333333 0.0015625
0 0.903125 0.17578125 0.09791666666666667 0.0421875
0 0.29375 0.15625 0.004166666666666667 0.003125
0 0.07708333333333334 0.1609375 0.025 0.0125
0 0.16354166666666667 0.15546875 0.00625 0.0078125
0 0.615625 0.15078125 0.0020833333333333333 0.0015625
0 0.6020833333333333 0.153125 0.004166666666666667 0.00625
0 0.20104166666666667 0.15859375 0.022916666666666665 0.0203125
0 0.2989583333333333 0.14765625 0.0020833333333333333 0.0015625
0 0.23541666666666666 0.1640625 0.0375 0.034375
0 0.115625 0.15390625 0.01875 0.0140625
0 0.6447916666666667 0.14609375 0.0020833333333333333 0.0015625
0 0.203125 0.14609375 0.010416666666666666 0.0015625
0 0.22083333333333333 0.14453125 0.004166666666666667 0.0015625
0 0.17916666666666667 0.15078125 0.025 0.0140625
0 0.24270833333333333 0.14296875 0.0020833333333333333 0.0015625
0 0.6520833333333333 0.1421875 0.0125 0.00625
0 0.6791666666666667 0.1375 0.008333333333333333 0.003125
0 0.6239583333333333 0.13359375 0.0020833333333333333 0.0015625
0 0.7947916666666667 0.13125 0.00625 0.003125
0 0.6447916666666667 0.12890625 0.0020833333333333333 0.0015625
0 0.803125 0.12578125 0.010416666666666666 0.0046875
0 0.8302083333333333 0.1234375 0.00625 0.003125
0 0.815625 0.12265625 0.0020833333333333333 0.0015625
0 0.7916666666666666 0.1203125 0.008333333333333333 0.003125
0 0.63125 0.12109375 0.004166666666666667 0.0078125
0 0.66875 0.10625 0.004166666666666667 0.003125
0 0.628125 0.10234375 0.0020833333333333333 0.0015625
0 0.14375 0.103125 0.004166666666666667 0.003125
0 0.9947916666666666 0.09609375 0.0020833333333333333 0.0015625
0 0.6489583333333333 0.09609375 0.0020833333333333333 0.0015625
0 0.2604166666666667 0.10078125 0.0125 0.0109375
0 0.6427083333333333 0.096875 0.00625 0.0125
0 0.8572916666666667 0.08984375 0.0020833333333333333 0.0015625
0 0.23333333333333334 0.1125 0.0375 0.046875
0 0.16354166666666667 0.08984375 0.0020833333333333333 0.0015625
0 0.9010416666666666 0.08828125 0.0020833333333333333 0.0015625
0 0.634375 0.08984375 0.00625 0.0046875
0 0.159375 0.08671875 0.0020833333333333333 0.0015625
0 0.196875 0.08515625 0.0020833333333333333 0.0015625
0 0.16354166666666667 0.08515625 0.0020833333333333333 0.0015625
0 0.23125 0.08359375 0.004166666666666667 0.0015625
0 0.17916666666666667 0.109375 0.058333333333333334 0.053125
0 0.81875 0.08203125 0.004166666666666667 0.0015625
0 0.19270833333333334 0.08203125 0.0020833333333333333 0.0015625
0 0.946875 0.11015625 0.10625 0.0640625
0 0.6427083333333333 0.07578125 0.0020833333333333333 0.0015625
0 0.196875 0.07578125 0.0020833333333333333 0.0015625
0 0.6510416666666666 0.0796875 0.00625 0.0125
0 0.6072916666666667 0.07265625 0.0020833333333333333 0.0015625
0 0.5697916666666667 0.07265625 0.0020833333333333333 0.0015625
0 0.203125 0.08046875 0.00625 0.0171875
0 0.196875 0.07265625 0.0020833333333333333 0.0015625
0 0.084375 0.0734375 0.0020833333333333333 0.003125
0 0.9989583333333333 0.071875 0.0020833333333333333 0.003125
0 0.6677083333333333 0.06953125 0.0020833333333333333 0.0015625
0 0.5927083333333333 0.06953125 0.0020833333333333333 0.0015625
0 0.20104166666666667 0.06953125 0.0020833333333333333 0.0015625
0 0.6041666666666666 0.0703125 0.004166666666666667 0.00625
0 0.571875 0.06796875 0.0020833333333333333 0.0015625
0 0.996875 0.06640625 0.0020833333333333333 0.0015625
0 0.646875 0.06953125 0.00625 0.0078125
0 0.19270833333333334 0.0671875 0.010416666666666666 0.00625
0 0.18333333333333332 0.06484375 0.004166666666666667 0.0015625
0 0.971875 0.06328125 0.0020833333333333333 0.0015625
0 0.6322916666666667 0.06171875 0.0020833333333333333 0.0015625
0 0.603125 0.06171875 0.0020833333333333333 0.0015625
0 0.17395833333333333 0.06171875 0.0020833333333333333 0.0015625
0 0.07395833333333333 0.06796875 0.014583333333333334 0.0140625
0 0.6489583333333333 0.06171875 0.00625 0.0046875
0 0.6010416666666667 0.05859375 0.0020833333333333333 0.0015625
0 0.91875 0.05703125 0.004166666666666667 0.0015625
0 0.5760416666666667 0.05546875 0.0020833333333333333 0.0015625
0 0.9104166666666667 0.05703125 0.0125 0.0109375
0 0.26979166666666665 0.0546875 0.010416666666666666 0.00625
0 0.65 0.04921875 0.004166666666666667 0.0015625
0 0.540625 0.04765625 0.0020833333333333333 0.0015625
0 0.5354166666666667 0.05 0.004166666666666667 0.00625
0 0.653125 0.04609375 0.0020833333333333333 0.0015625
0 0.9895833333333334 0.04453125 0.004166666666666667 0.0015625
0 0.8833333333333333 0.04375 0.004166666666666667 0.003125
0 0.6927083333333334 0.0453125 0.014583333333333334 0.00625
0 0.5927083333333333 0.04140625 0.0020833333333333333 0.0015625
0 0.6552083333333333 0.040625 0.0020833333333333333 0.003125
0 0.659375 0.0390625 0.0020833333333333333 0.003125
0 0.5927083333333333 0.0375 0.0020833333333333333 0.003125
0 0.984375 0.03515625 0.0020833333333333333 0.0015625
0 0.971875 0.03203125 0.0020833333333333333 0.0015625
0 0.13854166666666667 0.06015625 0.06041666666666667 0.0578125
0 0.08854166666666667 0.02890625 0.0020833333333333333 0.0015625
0 0.303125 0.02734375 0.0020833333333333333 0.0015625
0 0.5020833333333333 0.03125 0.008333333333333333 0.0125
0 0.8875 0.02578125 0.004166666666666667 0.0046875
0 0.184375 0.0328125 0.035416666666666666 0.021875
0 0.12395833333333334 0.01171875 0.0020833333333333333 0.0015625
0 0.16145833333333334 0.00859375 0.0020833333333333333 0.0015625
0 0.096875 0.00859375 0.0020833333333333333 0.0015625
0 0.11458333333333333 0.00546875 0.004166666666666667 0.0015625
0 0.13854166666666667 0.00390625 0.0020833333333333333 0.0015625
0 0.13125 0.00703125 0.008333333333333333 0.0078125
0 0.09583333333333334 0.00390625 0.0125 0.0046875
0 0.9614583333333333 0.003125 0.010416666666666666 0.00625
0 0.9072916666666667 0.0015625 0.0020833333333333333 0.003125
0 0.6354166666666666 0.01171875 0.004166666666666667 0.0234375
0 0.7614583333333333 0.10390625 0.47708333333333336 0.2078125
0 0.5604166666666667 0.0015625 0.004166666666666667 0.003125
0 0.240625 0.046875 0.06875 0.09375
0 0.20416666666666666 0.00546875 0.020833333333333332 0.0109375
0 0.16770833333333332 0.0015625 0.03125 0.003125
0 0.13958333333333334 0.00078125 0.008333333333333333 0.0015625
0 0.10520833333333333 0.00234375 0.00625 0.0046875
0 0.08645833333333333 0.00078125 0.0020833333333333333 0.0015625
1 0.13020833333333334 0.72890625 0.0020833333333333333 0.0015625
1 0.603125 0.69765625 0.0020833333333333333 0.0015625
1 0.128125 0.6765625 0.0020833333333333333 0.003125
1 0.12916666666666668 0.70625 0.020833333333333332 0.071875
1 0.13229166666666667 0.66796875 0.0020833333333333333 0.0015625
1 0.15520833333333334 0.66484375 0.00625 0.0046875
1 0.146875 0.66328125 0.0020833333333333333 0.0015625
1 0.14270833333333333 0.66328125 0.0020833333333333333 0.0015625
1 0.14479166666666668 0.66015625 0.0020833333333333333 0.0015625
1 0.1375 0.66015625 0.008333333333333333 0.0078125
1 0.178125 0.6484375 0.00625 0.003125
1 0.16354166666666667 0.64453125 0.0020833333333333333 0.0015625
1 0.5729166666666666 0.66328125 0.05416666666666667 0.0640625
1 0.19270833333333334 0.6375 0.01875 0.015625
1 0.178125 0.63828125 0.022916666666666665 0.0171875
1 0.5625 0.63125 0.008333333333333333 0.0125
1 0.23645833333333333 0.62890625 0.00625 0.0078125
1 0.25104166666666666 0.6234375 0.00625 0.003125
1 0.23020833333333332 0.61953125 0.0020833333333333333 0.0015625
1 0.5427083333333333 0.62265625 0.00625 0.0109375
1 0.5572916666666666 0.61484375 0.0020833333333333333 0.0015625
1 0.13541666666666666 0.6109375 0.004166666666666667 0.003125
1 0.234375 0.6078125 0.0020833333333333333 0.003125
1 0.553125 0.60546875 0.0020833333333333333 0.0015625
1 0.15729166666666666 0.60546875 0.0020833333333333333 0.0015625
1 0.146875 0.60390625 0.0020833333333333333 0.0015625
1 0.55 0.603125 0.004166666666666667 0.003125
1 0.5364583333333334 0.6078125 0.00625 0.0125
1 0.16354166666666667 0.603125 0.00625 0.003125
1 0.340625 0.5765625 0.014583333333333334 0.009375
1 0.20729166666666668 0.57265625 0.0020833333333333333 0.0015625
1 0.5427083333333333 0.58203125 0.010416666666666666 0.0234375
1 0.19270833333333334 0.57265625 0.01875 0.0046875
1 0.3260416666666667 0.56953125 0.0020833333333333333 0.0015625
1 0.2520833333333333 0.59375 0.058333333333333334 0.053125
1 0.521875 0.5703125 0.00625 0.009375
1 0.2635416666666667 0.5671875 0.00625 0.003125
1 0.08854166666666667 0.58203125 0.17708333333333334 0.0359375
1 0.6260416666666667 0.56484375 0.01875 0.0078125
1 0.5697916666666667 0.56015625 0.0020833333333333333 0.0015625
1 0.221875 0.56015625 0.0020833333333333333 0.0015625
1 0.06458333333333334 0.56015625 0.008333333333333333 0.0015625
1 0.011458333333333333 0.56015625 0.00625 0.0015625
1 0.003125 0.56015625 0.0020833333333333333 0.0015625
1 0.5760416666666667 0.559375 0.0020833333333333333 0.003125
1 0.046875 0.5609375 0.022916666666666665 0.00625
1 0.023958333333333335 0.55703125 0.01875 0.0046875
1 0.178125 0.55390625 0.0020833333333333333 0.0015625
1 0.053125 0.55234375 0.00625 0.0015625
1 0.11770833333333333 0.55078125 0.0020833333333333333 0.0015625
1 0.09479166666666666 0.5515625 0.00625 0.003125
1 0.5177083333333333 0.55234375 0.00625 0.0078125
1 0.540625 0.54765625 0.0020833333333333333 0.0015625
1 0.434375 0.5515625 0.010416666666666666 0.015625
1 0.5208333333333334 0.54453125 0.004166666666666667 0.0046875
1 0.19895833333333332 0.54140625 0.0020833333333333333 0.0015625
1 0.421875 0.53984375 0.0020833333333333333 0.0015625
1 0.38125 0.53828125 0.008333333333333333 0.0046875
1 0.325 0.5359375 0.004166666666666667 0.003125
1 0.41770833333333335 0.534375 0.00625 0.00625
1 0.334375 0.52734375 0.00625 0.0046875
1 0.4083333333333333 0.5296875 0.041666666666666664 0.021875
1 0.17604166666666668 0.52109375 0.00625 0.0046875
1 0.37604166666666666 0.51953125 0.027083333333333334 0.0109375
1 0.3489583333333333 0.515625 0.010416666666666666 0.00625
1 0.24375 0.5140625 0.004166666666666667 0.003125
1 0.4427083333333333 0.51171875 0.0020833333333333333 0.0015625
1 0.39375 0.5125 0.004166666666666667 0.003125
1 0.35625 0.51015625 0.004166666666666667 0.0015625
1 0.16354166666666667 0.50859375 0.0020833333333333333 0.0015625
1 0.4510416666666667 0.50703125 0.0020833333333333333 0.0015625
1 0.4552083333333333 0.50546875 0.0020833333333333333 0.0015625
1 0.40729166666666666 0.509375 0.01875 0.009375
1 0.3854166666666667 0.50546875 0.004166666666666667 0.0015625
1 0.36041666666666666 0.50625 0.004166666666666667 0.003125
1 0.4322916666666667 0.49921875 0.0020833333333333333 0.0015625
1 0.421875 0.50078125 0.010416666666666666 0.0046875
1 0.30833333333333335 0.4984375 0.004166666666666667 0.003125
1 0.43125 0.4953125 0.008333333333333333 0.003125
1 0.375 0.4953125 0.004166666666666667 0.003125
1 0.3229166666666667 0.4953125 0.004166666666666667 0.003125
1 0.44166666666666665 0.49453125 0.008333333333333333 0.0046875
1 0.42604166666666665 0.49140625 0.0020833333333333333 0.0015625
1 0.3302083333333333 0.49140625 0.00625 0.0046875
1 0.5114583333333333 0.48828125 0.0020833333333333333 0.0015625
1 0.503125 0.48671875 0.0020833333333333333 0.0015625
1 0.4197916666666667 0.48671875 0.0020833333333333333 0.0015625
1 0.390625 0.4953125 0.022916666666666665 0.01875
1 0.33645833333333336 0.4875 0.0020833333333333333 0.003125
1 0.5760416666666667 0.4875 0.00625 0.00625
1 0.4354166666666667 0.4859375 0.004166666666666667 0.003125
1 0.5677083333333334 0.48203125 0.0020833333333333333 0.0015625
1 0.34375 0.48125 0.004166666666666667 0.003125
1 0.6177083333333333 0.47890625 0.0020833333333333333 0.0015625
1 0.4114583333333333 0.47890625 0.0020833333333333333 0.0015625
1 0.56875 0.47734375 0.004166666666666667 0.0046875
1 0.32395833333333335 0.478125 0.010416666666666666 0.00625
1 0.44479166666666664 0.47421875 0.0020833333333333333 0.0015625
1 0.3302083333333333 0.47265625 0.0020833333333333333 0.0015625
1 0.4427083333333333 0.47109375 0.0020833333333333333 0.0015625
1 0.45416666666666666 0.46875 0.008333333333333333 0.003125
1 0.5760416666666667 0.46796875 0.00625 0.0046875
1 0.571875 0.46640625 0.0020833333333333333 0.0015625
1 0.621875 0.46328125 0.0020833333333333333 0.0015625
1 0.575 0.46328125 0.004166666666666667 0.0015625
1 0.584375 0.46171875 0.0020833333333333333 0.0015625
1 0.32083333333333336 0.465625 0.020833333333333332 0.0125
1 0.5760416666666667 0.45859375 0.0020833333333333333 0.0015625
1 0.13229166666666667 0.45859375 0.0020833333333333333 0.0015625
1 0.5927083333333333 0.45703125 0.0020833333333333333 0.0015625
1 0.5864583333333333 0.4578125 0.0020833333333333333 0.003125
1 0.471875 0.45703125 0.0020833333333333333 0.0015625
1 0.46145833333333336 0.45703125 0.0020833333333333333 0.0015625
1 0.6020833333333333 0.45625 0.004166666666666667 0.003125
1 0.15416666666666667 0.45390625 0.004166666666666667 0.0015625
1 0.146875 0.45 0.00625 0.003125
1 0.140625 0.44609375 0.0020833333333333333 0.0015625
1 0.5447916666666667 0.4421875 0.0020833333333333333 0.003125
1 0.13645833333333332 0.5046875 0.16458333333333333 0.128125
1 0.5895833333333333 0.44765625 0.020833333333333332 0.0171875
1 0.28229166666666666 0.4453125 0.00625 0.015625
1 0.178125 0.4390625 0.00625 0.003125
1 0.030208333333333334 0.4390625 0.0020833333333333333 0.003125
1 0.026041666666666668 0.43828125 0.0020833333333333333 0.0015625
1 0.27395833333333336 0.44375 0.00625 0.015625
1 0.003125 0.43671875 0.0020833333333333333 0.0015625
1 0.353125 0.43671875 0.0020833333333333333 0.0046875
1 0.3885416666666667 0.43359375 0.0020833333333333333 0.0015625
1 0.26145833333333335 0.43359375 0.0020833333333333333 0.0015625
1 0.16354166666666667 0.43515625 0.010416666666666666 0.0046875
1 0.60625 0.4875 0.04583333333333333 0.115625
1 0.2864583333333333 0.4359375 0.00625 0.0125
1 0.278125 0.4328125 0.0020833333333333333 0.00625
1 0.396875 0.428125 0.00625 0.00625
1 0.359375 0.44921875 0.04375 0.0515625
1 0.18645833333333334 0.4234375 0.0020833333333333333 0.003125
1 0.5989583333333334 0.42265625 0.0020833333333333333 0.0046875
1 0.6427083333333333 0.41640625 0.0020833333333333333 0.0015625
1 0.646875 0.41484375 0.0020833333333333333 0.0015625
1 0.3697916666666667 0.4140625 0.00625 0.003125
1 0.37604166666666666 0.41171875 0.0020833333333333333 0.0015625
1 0.29791666666666666 0.4125 0.004166666666666667 0.003125
1 0.115625 0.41171875 0.0020833333333333333 0.0015625
1 0.10104166666666667 0.40859375 0.0020833333333333333 0.0015625
1 0.5697916666666667 0.4078125 0.0020833333333333333 0.003125
1 0.19895833333333332 0.41015625 0.00625 0.0078125
1 0.3802083333333333 0.40546875 0.0020833333333333333 0.0015625
1 0.2791666666666667 0.4046875 0.008333333333333333 0.003125
1 0.578125 0.4015625 0.0020833333333333333 0.003125
1 0.10520833333333333 0.403125 0.010416666666666666 0.00625
1 0.08333333333333333 0.4015625 0.004166666666666667 0.003125
1 0.2875 0.40078125 0.008333333333333333 0.0046875
1 0.6260416666666667 0.41171875 0.014583333333333334 0.0296875
1 0.19479166666666667 0.39609375 0.0020833333333333333 0.0015625
1 0.49895833333333334 0.39453125 0.00625 0.0046875
1 0.28020833333333334 0.39453125 0.00625 0.0046875
1 0.27395833333333336 0.39140625 0.0020833333333333333 0.0015625
1 0.496875 0.38984375 0.0020833333333333333 0.0015625
1 0.565625 0.38828125 0.0020833333333333333 0.0015625
1 0.6572916666666667 0.38671875 0.0020833333333333333 0.0015625
1 0.09270833333333334 0.38671875 0.0020833333333333333 0.0015625
1 0.49270833333333336 0.38515625 0.00625 0.0046875
1 0.2635416666666667 0.38359375 0.0020833333333333333 0.0015625
1 0.09166666666666666 0.3828125 0.004166666666666667 0.003125
1 0.04583333333333333 0.38359375 0.04583333333333333 0.0078125
1 0.1625 0.37734375 0.004166666666666667 0.0015625
1 0.1375 0.37890625 0.0375 0.0046875
1 0.090625 0.37734375 0.0020833333333333333 0.0015625
1 0.08645833333333333 0.37734375 0.0020833333333333333 0.0015625
1 0.5708333333333333 0.37890625 0.008333333333333333 0.0078125
1 0.25729166666666664 0.3765625 0.0020833333333333333 0.003125
1 0.10416666666666667 0.37578125 0.004166666666666667 0.0015625
1 0.98125 0.37265625 0.008333333333333333 0.0046875
1 0.990625 0.36953125 0.0020833333333333333 0.0015625
1 0.48541666666666666 0.371875 0.004166666666666667 0.00625
1 0.5677083333333334 0.36640625 0.0020833333333333333 0.0015625
1 0.9666666666666667 0.365625 0.004166666666666667 0.003125
1 0.5822916666666667 0.36484375 0.0020833333333333333 0.0046875
1 0.48020833333333335 0.36328125 0.0020833333333333333 0.0015625
1 0.5708333333333333 0.3625 0.004166666666666667 0.003125
1 0.08645833333333333 0.36328125 0.01875 0.0046875
1 0.11145833333333334 0.36015625 0.0020833333333333333 0.0015625
1 0.10104166666666667 0.3609375 0.00625 0.003125
1 0.065625 0.3640625 0.014583333333333334 0.009375
1 0.96875 0.35859375 0.004166666666666667 0.0015625
1 0.740625 0.35859375 0.0020833333333333333 0.0015625
1 0.95 0.35703125 0.004166666666666667 0.0015625
1 0.7479166666666667 0.35703125 0.008333333333333333 0.0015625
1 0.5885416666666666 0.35546875 0.0020833333333333333 0.0015625
1 0.9427083333333334 0.35390625 0.0020833333333333333 0.0015625
1 0.1125 0.35390625 0.004166666666666667 0.0015625
1 0.953125 0.35078125 0.0020833333333333333 0.0015625
1 0.4114583333333333 0.3515625 0.0020833333333333333 0.003125
1 0.8010416666666667 0.34453125 0.0020833333333333333 0.0015625
1 0.796875 0.34453125 0.0020833333333333333 0.0015625
1 0.7260416666666667 0.3453125 0.00625 0.003125
1 0.8145833333333333 0.34296875 0.004166666666666667 0.0015625
1 0.7385416666666667 0.34296875 0.0020833333333333333 0.0015625
1 0.8197916666666667 0.34140625 0.0020833333333333333 0.0015625
1 0.8552083333333333 0.33984375 0.014583333333333334 0.0015625
1 0.8447916666666667 0.33984375 0.0020833333333333333 0.0015625
1 0.8395833333333333 0.33984375 0.004166666666666667 0.0015625
1 0.7489583333333333 0.33984375 0.0020833333333333333 0.0015625
1 0.5885416666666666 0.340625 0.0020833333333333333 0.003125
1 0.5552083333333333 0.3359375 0.0020833333333333333 0.003125
1 0.559375 0.33359375 0.0020833333333333333 0.0015625
1 0.06145833333333333 0.34375 0.09375 0.028125
1 0.815625 0.32734375 0.0020833333333333333 0.0015625
1 0.596875 0.32734375 0.0020833333333333333 0.0015625
1 0.005208333333333333 0.3296875 0.010416666666666666 0.00625
1 0.6166666666666667 0.3234375 0.004166666666666667 0.003125
1 0.6614583333333334 0.31640625 0.0020833333333333333 0.0015625
1 0.340625 0.31640625 0.0020833333333333333 0.0015625
1 0.44479166666666664 0.31484375 0.0020833333333333333 0.0015625
1 0.35833333333333334 0.31484375 0.004166666666666667 0.0046875
1 0.34479166666666666 0.31171875 0.0020833333333333333 0.0015625
1 0.675 0.3171875 0.016666666666666666 0.015625
1 0.6697916666666667 0.31015625 0.0020833333333333333 0.0015625
1 0.35104166666666664 0.31015625 0.00625 0.0046875
1 0.11145833333333334 0.30859375 0.00625 0.0015625
1 0.6802083333333333 0.30703125 0.0020833333333333333 0.0015625
1 0.6760416666666667 0.30703125 0.0020833333333333333 0.0015625
1 0.44895833333333335 0.29609375 0.0020833333333333333 0.0015625
1 0.3104166666666667 0.29609375 0.004166666666666667 0.0046875
1 0.3177083333333333 0.29296875 0.0020833333333333333 0.0015625
1 0.415625 0.29140625 0.0020833333333333333 0.0015625
1 0.440625 0.28984375 0.0020833333333333333 0.0015625
1 0.43645833333333334 0.28671875 0.0020833333333333333 0.0015625
1 0.40520833333333334 0.28359375 0.0020833333333333333 0.0015625
1 0.6802083333333333 0.27890625 0.0020833333333333333 0.0015625
1 0.278125 0.27578125 0.0020833333333333333 0.0015625
1 0.09895833333333333 0.27421875 0.0020833333333333333 0.0015625
1 0.096875 0.27109375 0.0020833333333333333 0.0015625
1 0.496875 0.26953125 0.0020833333333333333 0.0015625
1 0.33229166666666665 0.2703125 0.00625 0.009375
1 0.584375 0.26484375 0.0020833333333333333 0.0015625
1 0.334375 0.2625 0.00625 0.003125
1 0.5916666666666667 0.259375 0.004166666666666667 0.003125
1 0.090625 0.25859375 0.0020833333333333333 0.0015625
1 0.8104166666666667 0.24921875 0.004166666666666667 0.0015625
1 0.08645833333333333 0.25 0.010416666666666666 0.00625
1 0.909375 0.24140625 0.0020833333333333333 0.0015625
1 0.85625 0.2421875 0.004166666666666667 0.003125
1 0.10625 0.2390625 0.004166666666666667 0.003125
1 0.09791666666666667 0.240625 0.008333333333333333 0.00625
1 0.9541666666666667 0.23359375 0.004166666666666667 0.0015625
1 0.6229166666666667 0.23125 0.004166666666666667 0.003125
1 0.9552083333333333 0.22890625 0.0020833333333333333 0.0015625
1 0.890625 0.22890625 0.00625 0.0015625
1 0.8864583333333333 0.22578125 0.0020833333333333333 0.0015625
1 0.8364583333333333 0.22578125 0.0020833333333333333 0.0015625
1 0.6125 0.22734375 0.008333333333333333 0.0046875
1 0.9427083333333334 0.2234375 0.00625 0.003125
1 0.8822916666666667 0.22109375 0.0020833333333333333 0.0015625
1 0.63125 0.22265625 0.004166666666666667 0.0046875
1 0.9572916666666667 0.21796875 0.0020833333333333333 0.0015625
1 0.8802083333333334 0.2390625 0.07708333333333334 0.04375
1 0.9854166666666667 0.2171875 0.004166666666666667 0.003125
1 0.915625 0.21328125 0.0020833333333333333 0.0015625
1 0.8552083333333333 0.2140625 0.0020833333333333333 0.003125
1 0.5885416666666666 0.21328125 0.0020833333333333333 0.0015625
1 0.09791666666666667 0.225 0.07083333333333333 0.025
1 0.909375 0.2125 0.00625 0.003125
1 0.8822916666666667 0.21171875 0.0020833333333333333 0.0015625
1 0.8479166666666667 0.2125 0.004166666666666667 0.003125
1 0.9385416666666667 0.2109375 0.0020833333333333333 0.003125
1 0.878125 0.21015625 0.0020833333333333333 0.0015625
1 0.8416666666666667 0.21171875 0.004166666666666667 0.0046875
1 0.946875 0.2078125 0.0020833333333333333 0.003125
1 0.91875 0.20546875 0.004166666666666667 0.0015625
1 0.8489583333333334 0.20546875 0.0020833333333333333 0.0015625
1 0.9416666666666667 0.20546875 0.004166666666666667 0.0046875
1 0.778125 0.20390625 0.0020833333333333333 0.0015625
1 0.27395833333333336 0.20390625 0.0020833333333333333 0.0015625
1 0.9677083333333333 0.20234375 0.0020833333333333333 0.0015625
1 0.853125 0.20234375 0.0020833333333333333 0.0015625
1 0.7427083333333333 0.203125 0.0020833333333333333 0.003125
1 0.4822916666666667 0.20234375 0.0020833333333333333 0.0015625
1 0.22395833333333334 0.20390625 0.0020833333333333333 0.0046875
1 0.9052083333333333 0.20078125 0.0020833333333333333 0.0015625
1 0.8489583333333334 0.20078125 0.0020833333333333333 0.0015625
1 0.9177083333333333 0.19921875 0.00625 0.0046875
1 0.22395833333333334 0.1984375 0.0020833333333333333 0.003125
1 0.9697916666666667 0.196875 0.0020833333333333333 0.003125
1 0.83125 0.1984375 0.0125 0.00625
1 0.7739583333333333 0.19609375 0.0020833333333333333 0.0015625
1 0.8427083333333333 0.19453125 0.0020833333333333333 0.0015625
1 0.20104166666666667 0.19453125 0.0020833333333333333 0.0015625
1 0.8625 0.196875 0.008333333333333333 0.009375
1 0.7833333333333333 0.19296875 0.004166666666666667 0.0015625
1 0.21354166666666666 0.19453125 0.00625 0.0078125
1 0.8802083333333334 0.18828125 0.0020833333333333333 0.0015625
1 0.8385416666666666 0.1890625 0.0020833333333333333 0.003125
1 0.22395833333333334 0.19140625 0.00625 0.0078125
1 0.865625 0.18671875 0.0020833333333333333 0.0015625
1 0.828125 0.18828125 0.010416666666666666 0.0046875
1 0.5739583333333333 0.1890625 0.00625 0.00625
1 0.9864583333333333 0.18359375 0.0020833333333333333 0.0015625
1 0.9052083333333333 0.1859375 0.00625 0.00625
1 0.8979166666666667 0.18125 0.004166666666666667 0.003125
1 0.8916666666666667 0.18046875 0.004166666666666667 0.0015625
1 0.8458333333333333 0.17890625 0.004166666666666667 0.0015625
1 0.8979166666666667 0.17734375 0.004166666666666667 0.0015625
1 0.8239583333333333 0.178125 0.0020833333333333333 0.003125
1 0.9864583333333333 0.17578125 0.0020833333333333333 0.0015625
1 0.9645833333333333 0.17734375 0.004166666666666667 0.0046875
1 0.9583333333333334 0.17421875 0.004166666666666667 0.0015625
1 0.8479166666666667 0.175 0.004166666666666667 0.003125
1 0.9802083333333333 0.16953125 0.0020833333333333333 0.0015625
1 0.8364583333333333 0.16953125 0.0020833333333333333 0.0015625
1 0.85 0.1703125 0.004166666666666667 0.00625
1 0.9864583333333333 0.16328125 0.0020833333333333333 0.0015625
1 0.8322916666666667 0.16328125 0.0020833333333333333 0.0015625
1 0.8395833333333333 0.1625 0.004166666666666667 0.003125
1 0.846875 0.16015625 0.0020833333333333333 0.0015625
1 0.9510416666666667 0.15703125 0.0020833333333333333 0.0015625
1 0.9822916666666667 0.15546875 0.0020833333333333333 0.0015625
1 0.9010416666666666 0.15390625 0.0020833333333333333 0.0015625
1 0.8947916666666667 0.1546875 0.00625 0.003125
1 0.6322916666666667 0.153125 0.0020833333333333333 0.003125
1 0.98125 0.1515625 0.004166666666666667 0.003125
1 0.9885416666666667 0.1484375 0.00625 0.003125
1 0.8708333333333333 0.146875 0.004166666666666667 0.003125
1 0.965625 0.15625 0.027083333333333334 0.03125
1 0.859375 0.14140625 0.0020833333333333333 0.0015625
1 0.8510416666666667 0.1421875 0.0020833333333333333 0.003125
1 0.9791666666666666 0.140625 0.004166666666666667 0.003125
1 0.915625 0.13984375 0.0020833333333333333 0.0015625
1 0.8302083333333333 0.14296875 0.010416666666666666 0.0078125
1 0.8739583333333333 0.140625 0.00625 0.00625
1 0.8510416666666667 0.13828125 0.0020833333333333333 0.0015625
1 0.91875 0.13671875 0.004166666666666667 0.0015625
1 0.8979166666666667 0.13828125 0.004166666666666667 0.0046875
1 0.8635416666666667 0.13671875 0.0020833333333333333 0.0015625
1 0.234375 0.13671875 0.0020833333333333333 0.0015625
1 0.8510416666666667 0.13515625 0.0020833333333333333 0.0015625
1 0.83125 0.13671875 0.004166666666666667 0.0046875
1 0.8197916666666667 0.13671875 0.00625 0.0046875
1 0.809375 0.1359375 0.010416666666666666 0.003125
1 0.86875 0.13671875 0.008333333333333333 0.0078125
1 0.18854166666666666 0.13984375 0.06041666666666667 0.0140625
1 0.9666666666666667 0.1328125 0.008333333333333333 0.003125
1 0.928125 0.13203125 0.0020833333333333333 0.0015625
1 0.8572916666666667 0.1328125 0.0020833333333333333 0.003125
1 0.825 0.1328125 0.004166666666666667 0.003125
1 0.8197916666666667 0.13203125 0.0020833333333333333 0.0015625
1 0.9447916666666667 0.140625 0.01875 0.021875
1 0.9322916666666666 0.13046875 0.0020833333333333333 0.0015625
1 0.8989583333333333 0.13125 0.0020833333333333333 0.003125
1 0.9510416666666667 0.12734375 0.0020833333333333333 0.0015625
1 0.928125 0.12734375 0.0020833333333333333 0.0015625
1 0.6072916666666667 0.12734375 0.0020833333333333333 0.0015625
1 0.8145833333333333 0.128125 0.029166666666666667 0.00625
1 0.6447916666666667 0.12265625 0.0020833333333333333 0.0015625
1 0.8583333333333333 0.12265625 0.004166666666666667 0.0046875
1 0.8510416666666667 0.12265625 0.00625 0.0046875
1 0.9375 0.12265625 0.0125 0.0109375
1 0.9270833333333334 0.12109375 0.008333333333333333 0.0078125
1 0.159375 0.115625 0.0020833333333333333 0.003125
1 0.9083333333333333 0.11875 0.0125 0.0125
1 0.6322916666666667 0.11328125 0.0020833333333333333 0.0015625
1 0.9177083333333333 0.1140625 0.00625 0.00625
1 0.16979166666666667 0.11171875 0.0020833333333333333 0.0015625
1 0.8572916666666667 0.1109375 0.0020833333333333333 0.003125
1 0.9114583333333334 0.10859375 0.0020833333333333333 0.0046875
1 0.903125 0.10703125 0.0020833333333333333 0.0015625
1 0.8510416666666667 0.11171875 0.00625 0.0109375
1 0.6364583333333333 0.10703125 0.0020833333333333333 0.0015625
1 0.91875 0.1046875 0.004166666666666667 0.003125
1 0.884375 0.128125 0.035416666666666666 0.053125
1 0.615625 0.1015625 0.0020833333333333333 0.003125
1 0.21145833333333333 0.11484375 0.010416666666666666 0.0296875
1 0.915625 0.09921875 0.0020833333333333333 0.0015625
1 0.6520833333333333 0.09765625 0.004166666666666667 0.0015625
1 0.6322916666666667 0.103125 0.010416666666666666 0.015625
1 0.32395833333333335 0.09609375 0.0020833333333333333 0.0015625
1 0.25625 0.096875 0.004166666666666667 0.003125
1 0.9072916666666667 0.09921875 0.00625 0.0109375
1 0.9 0.09609375 0.004166666666666667 0.0078125
1 0.8916666666666667 0.09609375 0.004166666666666667 0.0078125
1 0.29791666666666666 0.11875 0.025 0.053125
1 0.15208333333333332 0.1 0.025 0.015625
1 0.259375 0.09140625 0.00625 0.0046875
1 0.64375 0.08359375 0.0125 0.0171875
1 0.16875 0.07421875 0.008333333333333333 0.0046875
1 0.32395833333333335 0.06328125 0.0020833333333333333 0.0015625
1 0.3260416666666667 0.059375 0.0020833333333333333 0.003125
1 0.3260416666666667 0.05078125 0.0020833333333333333 0.0015625
1 0.703125 0.04765625 0.00625 0.0046875
1 0.19270833333333334 0.05703125 0.052083333333333336 0.0265625
1 0.921875 0.0375 0.022916666666666665 0.01875
1 0.33645833333333336 0.02890625 0.0020833333333333333 0.0015625
1 0.5729166666666666 0.02734375 0.004166666666666667 0.0015625
1 0.5010416666666667 0.27578125 0.2520833333333333 0.5046875
1 0.15416666666666667 0.0265625 0.10833333333333334 0.028125
1 0.34270833333333334 0.0078125 0.01875 0.015625
1 0.25729166666666664 0.1578125 0.08958333333333333 0.315625
1 0.1875 0.30625 0.375 0.6125
