0 0.7697916666666667 0.83671875 0.00625 0.0046875
0 0.7177083333333333 0.79765625 0.014583333333333334 0.0078125
0 0.703125 0.79140625 0.00625 0.0046875
0 0.32916666666666666 0.78359375 0.008333333333333333 0.0078125
0 0.26145833333333335 0.77734375 0.0020833333333333333 0.0015625
0 0.28125 0.7765625 0.004166666666666667 0.003125
0 0.32395833333333335 0.7734375 0.00625 0.003125
0 0.33229166666666665 0.77109375 0.0020833333333333333 0.0015625
0 0.33958333333333335 0.76953125 0.004166666666666667 0.0046875
0 0.3416666666666667 0.76015625 0.008333333333333333 0.0078125
0 0.34270833333333334 0.753125 0.00625 0.003125
0 0.265625 0.75078125 0.014583333333333334 0.0078125
0 0.33125 0.75078125 0.016666666666666666 0.0140625
0 0.3177083333333333 0.73125 0.0020833333333333333 0.003125
0 0.5520833333333334 0.69609375 0.0125 0.0078125
0 0.7135416666666666 0.68125 0.022916666666666665 0.00625
0 0.053125 0.67578125 0.0020833333333333333 0.0015625
0 0.26666666666666666 0.67265625 0.008333333333333333 0.0046875
0 0.7635416666666667 0.66796875 0.0020833333333333333 0.0015625
0 0.078125 0.671875 0.03125 0.0125
0 0.7697916666666667 0.66484375 0.0020833333333333333 0.0015625
0 0.10104166666666667 0.66484375 0.0020833333333333333 0.0015625
0 0.36770833333333336 0.66328125 0.0020833333333333333 0.0015625
0 0.030208333333333334 0.6625 0.0020833333333333333 0.003125
0 0.10208333333333333 0.659375 0.004166666666666667 0.00625
0 0.3 0.696875 0.05416666666666667 0.090625
0 0.8041666666666667 0.6484375 0.008333333333333333 0.003125
0 0.06354166666666666 0.64765625 0.0020833333333333333 0.0015625
0 0.25104166666666666 0.65859375 0.03125 0.0328125
0 0.8166666666666667 0.6421875 0.008333333333333333 0.00625
0 0.83125 0.63515625 0.0125 0.0046875
0 0.146875 0.659375 0.05625 0.059375
0 0.8447916666666667 0.62890625 0.0020833333333333333 0.0015625
0 0.065625 0.628125 0.0020833333333333333 0.003125
0 0.10416666666666667 0.628125 0.008333333333333333 0.009375
0 0.34791666666666665 0.62890625 0.03333333333333333 0.0296875
0 0.603125 0.61171875 0.0020833333333333333 0.0015625
0 0.19895833333333332 0.60546875 0.00625 0.0015625
0 0.5760416666666667 0.60078125 0.0020833333333333333 0.0015625
0 0.08854166666666667 0.59921875 0.0020833333333333333 0.0015625
0 0.11354166666666667 0.6 0.014583333333333334 0.00625
0 0.10104166666666667 0.59296875 0.0020833333333333333 0.0015625
0 0.5947916666666667 0.5890625 0.0020833333333333333 0.003125
0 0.565625 0.58359375 0.010416666666666666 0.0046875
0 0.12916666666666668 0.5828125 0.008333333333333333 0.003125
0 0.55625 0.578125 0.004166666666666667 0.003125
0 0.5895833333333333 0.57734375 0.004166666666666667 0.0046875
0 0.253125 0.60234375 0.11875 0.0640625
0 0.6 0.5796875 0.008333333333333333 0.028125
0 0.159375 0.5640625 0.01875 0.009375
0 0.45416666666666666 0.55703125 0.004166666666666667 0.0015625
0 0.5354166666666667 0.55703125 0.004166666666666667 0.0046875
0 0.475 0.5515625 0.004166666666666667 0.003125
0 0.18541666666666667 0.55390625 0.004166666666666667 0.0078125
0 0.35104166666666664 0.55234375 0.010416666666666666 0.0078125
0 0.5895833333333333 0.5484375 0.008333333333333333 0.009375
0 0.18020833333333333 0.53515625 0.0020833333333333333 0.0015625
0 0.2864583333333333 0.53359375 0.0020833333333333333 0.0015625
0 0.51875 0.53515625 0.025 0.0078125
0 0.275 0.53359375 0.004166666666666667 0.0046875
0 0.28020833333333334 0.52890625 0.0020833333333333333 0.0015625
0 0.5427083333333333 0.52578125 0.0020833333333333333 0.0015625
0 0.5385416666666667 0.52578125 0.0020833333333333333 0.0015625
0 0.23020833333333332 0.553125 0.07708333333333334 0.05625
0 0.165625 0.5421875 0.03125 0.034375
0 0.484375 0.53125 0.01875 0.025
0 0.2520833333333333 0.51875 0.008333333333333333 0.00625
0 0.515625 0.51796875 0.014583333333333334 0.0140625
0 0.43854166666666666 0.5109375 0.010416666666666666 0.003125
0 0.28541666666666665 0.51953125 0.05416666666666667 0.0359375
0 0.26145833333333335 0.49921875 0.0020833333333333333 0.0015625
0 0.26875 0.49296875 0.004166666666666667 0.0015625
0 0.23020833333333332 0.4828125 0.00625 0.003125
0 0.253125 0.47578125 0.0020833333333333333 0.0015625
0 0.2625 0.48125 0.016666666666666666 0.01875
0 0.25104166666666666 0.47265625 0.0020833333333333333 0.0015625
0 0.246875 0.4734375 0.0020833333333333333 0.003125
0 0.321875 0.48828125 0.035416666666666666 0.0421875
0 0.496875 0.46484375 0.0020833333333333333 0.0015625
0 0.534375 0.46171875 0.0020833333333333333 0.0078125
0 0.55625 0.48984375 0.1 0.0734375
0 0.4010416666666667 0.45625 0.00625 0.009375
0 0.5302083333333333 0.44765625 0.0020833333333333333 0.0015625
0 0.384375 0.4484375 0.00625 0.003125
0 0.5885416666666666 0.44765625 0.014583333333333334 0.0171875
0 0.6052083333333333 0.434375 0.014583333333333334 0.0125
0 0.4895833333333333 0.434375 0.004166666666666667 0.0125
0 0.6177083333333333 0.42265625 0.0020833333333333333 0.0015625
0 0.3020833333333333 0.42265625 0.004166666666666667 0.0046875
0 0.2947916666666667 0.421875 0.0020833333333333333 0.003125
0 0.47604166666666664 0.42421875 0.014583333333333334 0.0171875
0 0.19895833333333332 0.40234375 0.014583333333333334 0.0109375
0 0.6395833333333333 0.3875 0.0375 0.025
0 0.428125 0.36640625 0.010416666666666666 0.0109375
0 0.46145833333333336 0.35703125 0.0020833333333333333 0.0015625
0 0.44895833333333335 0.3609375 0.01875 0.009375
0 0.471875 0.34921875 0.0020833333333333333 0.0015625
0 0.3697916666666667 0.34375 0.0020833333333333333 0.003125
0 0.3802083333333333 0.33046875 0.0020833333333333333 0.0046875
0 0.23125 0.32421875 0.004166666666666667 0.0015625
0 0.3802083333333333 0.31640625 0.0020833333333333333 0.0015625
0 0.4427083333333333 0.31015625 0.0020833333333333333 0.0015625
0 0.35833333333333334 0.3265625 0.058333333333333334 0.034375
0 0.43645833333333334 0.309375 0.00625 0.00625
0 0.334375 0.28359375 0.0020833333333333333 0.0015625
0 0.31875 0.2765625 0.004166666666666667 0.003125
0 0.32708333333333334 0.2765625 0.008333333333333333 0.015625
0 0.3625 0.27578125 0.04583333333333333 0.0203125
0 0.36041666666666666 0.2609375 0.004166666666666667 0.003125
0 0.35520833333333335 0.26015625 0.0020833333333333333 0.0015625
0 0.38229166666666664 0.26171875 0.03125 0.0078125
0 0.18541666666666667 0.24765625 0.004166666666666667 0.0015625
0 0.146875 0.23828125 0.0020833333333333333 0.0015625
0 0.20416666666666666 0.15625 0.008333333333333333 0.00625
0 0.4010416666666667 0.14765625 0.0020833333333333333 0.0015625
0 0.37916666666666665 0.14765625 0.004166666666666667 0.0015625
0 0.465625 0.14140625 0.0020833333333333333 0.0015625
0 0.45625 0.140625 0.008333333333333333 0.003125
0 0.471875 0.13984375 0.00625 0.0046875
0 0.4395833333333333 0.1390625 0.004166666666666667 0.003125
0 0.4510416666666667 0.13515625 0.0020833333333333333 0.0015625
0 0.440625 0.134375 0.0020833333333333333 0.003125
0 0.4708333333333333 0.1296875 0.004166666666666667 0.003125
0 0.45416666666666666 0.128125 0.004166666666666667 0.003125
0 0.4354166666666667 0.12734375 0.0125 0.0265625
0 0.41041666666666665 0.12109375 0.0125 0.0203125
0 0.16666666666666666 0.115625 0.008333333333333333 0.015625
0 0.384375 0.09921875 0.0020833333333333333 0.0015625
0 0.13020833333333334 0.09765625 0.0020833333333333333 0.0015625
0 0.3802083333333333 0.07734375 0.0020833333333333333 0.0015625
0 0.3885416666666667 0.06796875 0.0020833333333333333 0.0046875
1 0.06875 0.9265625 0.008333333333333333 0.003125
1 0.09583333333333334 0.8984375 0.004166666666666667 0.003125
1 0.05625 0.91015625 0.020833333333333332 0.0296875
1 0.08020833333333334 0.90625 0.022916666666666665 0.03125
1 0.065625 0.86953125 0.13125 0.0390625
1 0.103125 0.82734375 0.0020833333333333333 0.0015625
1 0.084375 0.82734375 0.0020833333333333333 0.0015625
1 0.6614583333333334 0.81484375 0.0020833333333333333 0.0015625
1 0.06770833333333333 0.8109375 0.0020833333333333333 0.003125
1 0.078125 0.8265625 0.04375 0.0375
1 0.7010416666666667 0.7984375 0.00625 0.003125
1 0.2864583333333333 0.78515625 0.0020833333333333333 0.0015625
1 0.5177083333333333 0.784375 0.00625 0.003125
1 0.503125 0.78203125 0.0020833333333333333 0.0015625
1 0.4822916666666667 0.7828125 0.010416666666666666 0.003125
1 0.6864583333333333 0.77890625 0.0020833333333333333 0.0015625
1 0.6822916666666666 0.7765625 0.0020833333333333333 0.003125
1 0.6541666666666667 0.7765625 0.025 0.0125
1 0.6729166666666667 0.771875 0.0125 0.00625
1 0.5739583333333333 0.76953125 0.0020833333333333333 0.0015625
1 0.403125 0.76953125 0.0020833333333333333 0.0015625
1 0.6458333333333334 0.76328125 0.020833333333333332 0.0046875
1 0.5625 0.76171875 0.004166666666666667 0.0015625
1 0.44479166666666664 0.76171875 0.0020833333333333333 0.0015625
1 0.6489583333333333 0.76015625 0.0020833333333333333 0.0015625
1 0.4635416666666667 0.76796875 0.01875 0.0171875
1 0.653125 0.75859375 0.0020833333333333333 0.0015625
1 0.5677083333333334 0.75859375 0.00625 0.0015625
1 0.5552083333333333 0.7578125 0.0020833333333333333 0.003125
1 0.4010416666666667 0.75390625 0.0020833333333333333 0.0015625
1 0.30104166666666665 0.75625 0.01875 0.00625
1 0.653125 0.753125 0.010416666666666666 0.003125
1 0.6708333333333333 0.753125 0.0125 0.00625
1 0.2947916666666667 0.75 0.010416666666666666 0.003125
1 0.6447916666666667 0.74765625 0.0020833333333333333 0.0015625
1 0.5458333333333333 0.7546875 0.0125 0.01875
1 0.43645833333333334 0.76015625 0.01875 0.0296875
1 0.42916666666666664 0.7484375 0.0125 0.009375
1 0.315625 0.746875 0.00625 0.00625
1 0.3927083333333333 0.74140625 0.0020833333333333333 0.0015625
1 0.3104166666666667 0.740625 0.004166666666666667 0.003125
1 0.6572916666666667 0.73828125 0.0020833333333333333 0.0015625
1 0.33125 0.73828125 0.004166666666666667 0.0015625
1 0.415625 0.73515625 0.0020833333333333333 0.0015625
1 0.53125 0.7359375 0.016666666666666666 0.009375
1 0.66875 0.728125 0.008333333333333333 0.003125
1 0.5885416666666666 0.728125 0.0020833333333333333 0.00625
1 0.32708333333333334 0.72734375 0.004166666666666667 0.0078125
1 0.534375 0.72578125 0.00625 0.0078125
1 0.49375 0.72265625 0.004166666666666667 0.0015625
1 0.3729166666666667 0.72578125 0.008333333333333333 0.0078125
1 0.6302083333333334 0.72109375 0.0020833333333333333 0.0015625
1 0.6989583333333333 0.7203125 0.0020833333333333333 0.003125
1 0.6875 0.72109375 0.008333333333333333 0.0046875
1 0.36354166666666665 0.7171875 0.0020833333333333333 0.003125
1 0.33229166666666665 0.71171875 0.0020833333333333333 0.0015625
1 0.5125 0.71328125 0.025 0.0171875
1 0.5052083333333334 0.70546875 0.0020833333333333333 0.0015625
1 0.5010416666666667 0.70546875 0.0020833333333333333 0.0015625
1 0.49583333333333335 0.7015625 0.008333333333333333 0.003125
1 0.665625 0.7 0.010416666666666666 0.003125
1 0.4947916666666667 0.6984375 0.0020833333333333333 0.003125
1 0.278125 0.69609375 0.0020833333333333333 0.0015625
1 0.6416666666666667 0.69453125 0.004166666666666667 0.0015625
1 0.696875 0.69296875 0.00625 0.0046875
1 0.278125 0.69140625 0.0020833333333333333 0.0015625
1 0.26979166666666665 0.68671875 0.0020833333333333333 0.0015625
1 0.5989583333333334 0.734375 0.11875 0.103125
1 0.22604166666666667 0.68359375 0.0020833333333333333 0.0015625
1 0.6822916666666666 0.6796875 0.00625 0.003125
1 0.5697916666666667 0.6796875 0.00625 0.003125
1 0.4427083333333333 0.67890625 0.0020833333333333333 0.0015625
1 0.7427083333333333 0.6796875 0.014583333333333334 0.00625
1 0.709375 0.67734375 0.0020833333333333333 0.0015625
1 0.7572916666666667 0.67578125 0.010416666666666666 0.0015625
1 0.6729166666666667 0.67578125 0.004166666666666667 0.0015625
1 0.6489583333333333 0.67265625 0.0020833333333333333 0.0015625
1 0.6302083333333334 0.6734375 0.00625 0.003125
1 0.6833333333333333 0.67109375 0.004166666666666667 0.0015625
1 0.678125 0.66796875 0.0020833333333333333 0.0015625
1 0.6822916666666666 0.66484375 0.0020833333333333333 0.0015625
1 0.73125 0.66484375 0.029166666666666667 0.0140625
1 0.75625 0.65546875 0.029166666666666667 0.0109375
1 0.778125 0.64921875 0.0020833333333333333 0.0015625
1 0.6489583333333333 0.64609375 0.0020833333333333333 0.0015625
1 0.6458333333333334 0.64296875 0.008333333333333333 0.0015625
1 0.6385416666666667 0.64140625 0.0020833333333333333 0.0015625
1 0.6677083333333333 0.64296875 0.014583333333333334 0.0078125
1 0.653125 0.6390625 0.010416666666666666 0.003125
1 0.24479166666666666 0.63828125 0.0020833333333333333 0.0015625
1 0.10416666666666667 0.64296875 0.008333333333333333 0.0109375
1 0.5729166666666666 0.63984375 0.0125 0.0078125
1 0.5697916666666667 0.63671875 0.0020833333333333333 0.0046875
1 0.29375 0.63515625 0.004166666666666667 0.0015625
1 0.7 0.64296875 0.025 0.0234375
1 0.16145833333333334 0.63046875 0.0020833333333333333 0.0015625
1 0.15729166666666666 0.62890625 0.0020833333333333333 0.0015625
1 0.12708333333333333 0.634375 0.016666666666666666 0.0125
1 0.7177083333333333 0.62734375 0.00625 0.0046875
1 0.3729166666666667 0.62890625 0.016666666666666666 0.0109375
1 0.5041666666666667 0.6234375 0.008333333333333333 0.003125
1 0.17916666666666667 0.6234375 0.004166666666666667 0.003125
1 0.15104166666666666 0.62265625 0.0020833333333333333 0.0015625
1 0.11979166666666667 0.62734375 0.027083333333333334 0.0109375
1 0.6052083333333333 0.61953125 0.0020833333333333333 0.0015625
1 0.071875 0.61875 0.010416666666666666 0.009375
1 0.20104166666666667 0.6140625 0.010416666666666666 0.003125
1 0.5322916666666667 0.61875 0.022916666666666665 0.025
1 0.30625 0.628125 0.0375 0.04375
1 0.23020833333333332 0.60234375 0.0020833333333333333 0.0015625
1 0.3 0.6015625 0.004166666666666667 0.003125
1 0.128125 0.59765625 0.0020833333333333333 0.0015625
1 0.571875 0.59296875 0.00625 0.0046875
1 0.3614583333333333 0.5953125 0.010416666666666666 0.009375
1 0.18854166666666666 0.5953125 0.0020833333333333333 0.009375
1 0.221875 0.590625 0.0020833333333333333 0.003125
1 0.5697916666666667 0.58828125 0.0020833333333333333 0.0015625
1 0.5770833333333333 0.58828125 0.004166666666666667 0.0046875
1 0.215625 0.59140625 0.014583333333333334 0.0140625
1 0.07291666666666667 0.58515625 0.0125 0.0015625
1 0.5864583333333333 0.58515625 0.00625 0.0078125
1 0.5770833333333333 0.5828125 0.004166666666666667 0.003125
1 0.178125 0.58359375 0.00625 0.0046875
1 0.5489583333333333 0.59296875 0.014583333333333334 0.0265625
1 0.19479166666666667 0.584375 0.010416666666666666 0.009375
1 0.5625 0.578125 0.004166666666666667 0.003125
1 0.24375 0.5859375 0.0125 0.01875
1 0.2833333333333333 0.5734375 0.004166666666666667 0.003125
1 0.5510416666666667 0.57265625 0.010416666666666666 0.0046875
1 0.5354166666666667 0.57734375 0.008333333333333333 0.0140625
1 0.553125 0.56953125 0.0020833333333333333 0.0015625
1 0.28541666666666665 0.56953125 0.004166666666666667 0.0015625
1 0.37395833333333334 0.57421875 0.01875 0.0140625
1 0.5177083333333333 0.56640625 0.0020833333333333333 0.0015625
1 0.5135416666666667 0.56484375 0.0020833333333333333 0.0015625
1 0.5427083333333333 0.5625 0.0020833333333333333 0.003125
1 0.603125 0.55546875 0.0020833333333333333 0.0015625
1 0.5802083333333333 0.55546875 0.0020833333333333333 0.0015625
1 0.6010416666666667 0.55234375 0.0020833333333333333 0.0015625
1 0.5802083333333333 0.55 0.0020833333333333333 0.003125
1 0.5802083333333333 0.54609375 0.0020833333333333333 0.0015625
1 0.575 0.53515625 0.004166666666666667 0.0046875
1 0.41354166666666664 0.53046875 0.0020833333333333333 0.0015625
1 0.19375 0.53125 0.004166666666666667 0.003125
1 0.584375 0.5296875 0.0020833333333333333 0.003125
1 0.3177083333333333 0.52734375 0.0020833333333333333 0.0015625
1 0.29791666666666666 0.54921875 0.0625 0.0515625
1 0.23125 0.52421875 0.008333333333333333 0.0015625
1 0.17916666666666667 0.52421875 0.004166666666666667 0.0015625
1 0.4479166666666667 0.6484375 0.24583333333333332 0.253125
1 0.21770833333333334 0.52265625 0.014583333333333334 0.0015625
1 0.16770833333333332 0.51796875 0.0020833333333333333 0.0015625
1 0.6052083333333333 0.51015625 0.0020833333333333333 0.0015625
1 0.28229166666666666 0.50703125 0.0020833333333333333 0.0015625
1 0.296875 0.49453125 0.0020833333333333333 0.0015625
1 0.6364583333333333 0.496875 0.06041666666666667 0.01875
1 0.34479166666666666 0.48828125 0.0020833333333333333 0.0015625
1 0.278125 0.5 0.022916666666666665 0.025
1 0.49270833333333336 0.49296875 0.03125 0.0140625
1 0.6114583333333333 0.4859375 0.0020833333333333333 0.003125
1 0.33229166666666665 0.48671875 0.0020833333333333333 0.0046875
1 0.4 0.5109375 0.09583333333333334 0.0625
1 0.334375 0.48046875 0.0020833333333333333 0.0015625
1 0.6 0.484375 0.016666666666666666 0.0125
1 0.36354166666666665 0.47734375 0.0020833333333333333 0.0015625
1 0.553125 0.47578125 0.0020833333333333333 0.0015625
1 0.6208333333333333 0.475 0.025 0.015625
1 0.271875 0.471875 0.010416666666666666 0.015625
1 0.5604166666666667 0.46953125 0.008333333333333333 0.0140625
1 0.41354166666666664 0.46015625 0.010416666666666666 0.0046875
1 0.23229166666666667 0.45859375 0.0020833333333333333 0.0015625
1 0.40729166666666666 0.45546875 0.0020833333333333333 0.0015625
1 0.346875 0.46484375 0.010416666666666666 0.0203125
1 0.43125 0.4546875 0.004166666666666667 0.003125
1 0.365625 0.45078125 0.0020833333333333333 0.0015625
1 0.2833333333333333 0.45078125 0.004166666666666667 0.0015625
1 0.275 0.45625 0.008333333333333333 0.0125
1 0.44479166666666664 0.45 0.00625 0.003125
1 0.5697916666666667 0.44765625 0.00625 0.0015625
1 0.46979166666666666 0.4484375 0.0020833333333333333 0.003125
1 0.5427083333333333 0.45703125 0.014583333333333334 0.0265625
1 0.46770833333333334 0.44453125 0.0020833333333333333 0.0015625
1 0.28958333333333336 0.446875 0.008333333333333333 0.00625
1 0.396875 0.4421875 0.00625 0.003125
1 0.390625 0.44140625 0.0020833333333333333 0.0015625
1 0.5875 0.46015625 0.04583333333333333 0.0421875
1 0.5104166666666666 0.4484375 0.029166666666666667 0.021875
1 0.30416666666666664 0.43671875 0.004166666666666667 0.0015625
1 0.46770833333333334 0.43828125 0.00625 0.0078125
1 0.33125 0.4421875 0.03333333333333333 0.021875
1 0.315625 0.4328125 0.0020833333333333333 0.003125
1 0.3104166666666667 0.43359375 0.004166666666666667 0.0046875
1 0.296875 0.43203125 0.0020833333333333333 0.0015625
1 0.31979166666666664 0.43046875 0.0020833333333333333 0.0015625
1 0.4947916666666667 0.43125 0.0020833333333333333 0.00625
1 0.43333333333333335 0.43671875 0.0125 0.0203125
1 0.6 0.42578125 0.004166666666666667 0.0015625
1 0.46458333333333335 0.42578125 0.004166666666666667 0.0015625
1 0.5260416666666666 0.4265625 0.00625 0.009375
1 0.490625 0.421875 0.0020833333333333333 0.003125
1 0.6072916666666667 0.41953125 0.0020833333333333333 0.0015625
1 0.48854166666666665 0.41640625 0.0020833333333333333 0.0015625
1 0.47604166666666664 0.41328125 0.0020833333333333333 0.0015625
1 0.29583333333333334 0.41484375 0.0125 0.0046875
1 0.25729166666666664 0.41328125 0.0020833333333333333 0.0015625
1 0.5239583333333333 0.41171875 0.0020833333333333333 0.0015625
1 0.48125 0.41171875 0.004166666666666667 0.0015625
1 0.640625 0.40859375 0.0020833333333333333 0.0015625
1 0.290625 0.40859375 0.0020833333333333333 0.0015625
1 0.6197916666666666 0.40703125 0.0020833333333333333 0.0015625
1 0.275 0.4078125 0.004166666666666667 0.003125
1 0.5114583333333333 0.40546875 0.0020833333333333333 0.0015625
1 0.23229166666666667 0.40546875 0.0020833333333333333 0.0046875
1 0.24375 0.396875 0.004166666666666667 0.003125
1 0.6510416666666666 0.39453125 0.0020833333333333333 0.0015625
1 0.259375 0.40703125 0.022916666666666665 0.0265625
1 0.5291666666666667 0.40625 0.008333333333333333 0.028125
1 0.21458333333333332 0.3921875 0.008333333333333333 0.003125
1 0.5760416666666667 0.41953125 0.08541666666666667 0.0609375
1 0.43645833333333334 0.40078125 0.04375 0.0265625
1 0.44479166666666664 0.38359375 0.0020833333333333333 0.0015625
1 0.4552083333333333 0.38046875 0.0020833333333333333 0.0015625
1 0.41770833333333335 0.38203125 0.00625 0.0046875
1 0.446875 0.37890625 0.0020833333333333333 0.0015625
1 0.4427083333333333 0.37890625 0.0020833333333333333 0.0015625
1 0.4322916666666667 0.3828125 0.022916666666666665 0.0125
1 0.22708333333333333 0.38515625 0.0375 0.0171875
1 0.665625 0.378125 0.010416666666666666 0.00625
1 0.45625 0.37578125 0.0125 0.0078125
1 0.21354166666666666 0.36875 0.010416666666666666 0.009375
1 0.215625 0.35703125 0.0020833333333333333 0.0015625
1 0.6864583333333333 0.365625 0.022916666666666665 0.021875
1 0.3385416666666667 0.34453125 0.0020833333333333333 0.0015625
1 0.24583333333333332 0.35859375 0.025 0.0296875
1 0.26145833333333335 0.34296875 0.0020833333333333333 0.0015625
1 0.30104166666666665 0.33671875 0.0020833333333333333 0.0015625
1 0.22083333333333333 0.33984375 0.008333333333333333 0.0109375
1 0.49895833333333334 0.3375 0.03125 0.0125
1 0.4864583333333333 0.32890625 0.0020833333333333333 0.0015625
1 0.490625 0.32734375 0.0020833333333333333 0.0015625
1 0.484375 0.32578125 0.0020833333333333333 0.0015625
1 0.3697916666666667 0.36875 0.21875 0.0875
1 0.21354166666666666 0.3421875 0.027083333333333334 0.040625
1 0.4822916666666667 0.321875 0.0020833333333333333 0.003125
1 0.3 0.3125 0.13333333333333333 0.053125
1 0.40520833333333334 0.26875 0.0020833333333333333 0.003125
1 0.39791666666666664 0.2703125 0.008333333333333333 0.00625
1 0.3072916666666667 0.26484375 0.0020833333333333333 0.0015625
1 0.9927083333333333 0.26328125 0.0020833333333333333 0.0015625
1 0.9739583333333334 0.26328125 0.0020833333333333333 0.0015625
1 0.996875 0.26171875 0.0020833333333333333 0.0015625
1 0.9677083333333333 0.26171875 0.0020833333333333333 0.0015625
1 0.23020833333333332 0.25390625 0.00625 0.0046875
1 0.24791666666666667 0.24921875 0.004166666666666667 0.0015625
1 0.2947916666666667 0.2546875 0.027083333333333334 0.015625
1 0.28020833333333334 0.24765625 0.0020833333333333333 0.0015625
1 0.24375 0.24609375 0.004166666666666667 0.0015625
1 0.44895833333333335 0.2671875 0.07291666666666667 0.046875
1 0.23229166666666667 0.24609375 0.014583333333333334 0.0078125
1 0.1625 0.24296875 0.004166666666666667 0.0046875
1 0.13020833333333334 0.24453125 0.00625 0.0078125
1 0.234375 0.23984375 0.0020833333333333333 0.0015625
1 0.446875 0.22734375 0.014583333333333334 0.0109375
1 0.9541666666666667 0.23984375 0.041666666666666664 0.0421875
1 0.4479166666666667 0.209375 0.020833333333333332 0.0125
1 0.246875 0.20390625 0.0020833333333333333 0.0046875
1 0.08854166666666667 0.20234375 0.0020833333333333333 0.0015625
1 0.084375 0.20234375 0.0020833333333333333 0.0015625
1 0.19583333333333333 0.19609375 0.004166666666666667 0.0015625
1 0.17604166666666668 0.18359375 0.0020833333333333333 0.0015625
1 0.14791666666666667 0.17734375 0.004166666666666667 0.0015625
1 0.39375 0.15390625 0.004166666666666667 0.0046875
1 0.184375 0.15234375 0.0020833333333333333 0.0015625
1 0.396875 0.14140625 0.0020833333333333333 0.0015625
1 0.38958333333333334 0.1453125 0.008333333333333333 0.009375
1 0.42083333333333334 0.1328125 0.004166666666666667 0.00625
1 0.18541666666666667 0.1109375 0.008333333333333333 0.00625
1 0.42083333333333334 0.103125 0.008333333333333333 0.00625
1 0.16770833333333332 0.09765625 0.0020833333333333333 0.0015625
1 0.16770833333333332 0.09140625 0.0020833333333333333 0.0015625
1 0.15729166666666666 0.1265625 0.052083333333333336 0.084375
1 0.35625 0.159375 0.3375 0.21875
1 0.39895833333333336 0.04921875 0.0020833333333333333 0.0015625
2 0.05625 0.91015625 0.020833333333333332 0.0296875
2 0.08020833333333334 0.903125 0.022916666666666665 0.025
2 0.10520833333333333 0.8671875 0.052083333333333336 0.03125
2 0.026041666666666668 0.86796875 0.052083333333333336 0.0328125
2 0.7708333333333334 0.83828125 0.004166666666666667 0.0015625
2 0.084375 0.82734375 0.0020833333333333333 0.0015625
2 0.6614583333333334 0.81484375 0.0020833333333333333 0.0015625
2 0.078125 0.8265625 0.04375 0.0375
2 0.7020833333333333 0.79765625 0.008333333333333333 0.0046875
2 0.628125 0.78515625 0.00625 0.0015625
2 0.5239583333333333 0.78203125 0.0020833333333333333 0.0015625
2 0.503125 0.78203125 0.0020833333333333333 0.0015625
2 0.27395833333333336 0.78203125 0.0020833333333333333 0.0015625
2 0.5166666666666667 0.78125 0.008333333333333333 0.009375
2 0.553125 0.77578125 0.0020833333333333333 0.0015625
2 0.26145833333333335 0.7765625 0.00625 0.003125
2 0.2552083333333333 0.7765625 0.0020833333333333333 0.003125
2 0.6135416666666667 0.778125 0.022916666666666665 0.009375
2 0.26979166666666665 0.77265625 0.0020833333333333333 0.0015625
2 0.33229166666666665 0.77109375 0.0020833333333333333 0.0015625
2 0.2760416666666667 0.77109375 0.0020833333333333333 0.0015625
2 0.5739583333333333 0.76953125 0.0020833333333333333 0.0015625
2 0.403125 0.76953125 0.0020833333333333333 0.0015625
2 0.584375 0.77265625 0.014583333333333334 0.0109375
2 0.5114583333333333 0.77109375 0.0020833333333333333 0.0078125
2 0.33958333333333335 0.76953125 0.004166666666666667 0.0046875
2 0.32916666666666666 0.76640625 0.004166666666666667 0.0015625
2 0.56875 0.75859375 0.004166666666666667 0.0015625
2 0.3416666666666667 0.76015625 0.008333333333333333 0.0078125
2 0.4010416666666667 0.75390625 0.0020833333333333333 0.0015625
2 0.34270833333333334 0.753125 0.00625 0.003125
2 0.6572916666666667 0.75546875 0.03958333333333333 0.0109375
2 0.42916666666666664 0.7515625 0.004166666666666667 0.003125
2 0.6510416666666666 0.775 0.15625 0.05625
2 0.434375 0.74453125 0.0020833333333333333 0.0015625
2 0.5708333333333333 0.740625 0.004166666666666667 0.003125
2 0.6572916666666667 0.73828125 0.0020833333333333333 0.0015625
2 0.6697916666666667 0.73671875 0.0020833333333333333 0.0015625
2 0.5833333333333334 0.73671875 0.004166666666666667 0.0015625
2 0.4375 0.7546875 0.020833333333333332 0.040625
2 0.33958333333333335 0.73671875 0.004166666666666667 0.0046875
2 0.565625 0.73359375 0.0020833333333333333 0.0015625
2 0.34479166666666666 0.734375 0.00625 0.00625
2 0.578125 0.73203125 0.00625 0.0078125
2 0.515625 0.72890625 0.0020833333333333333 0.0015625
2 0.37083333333333335 0.7234375 0.004166666666666667 0.003125
2 0.6302083333333334 0.72109375 0.0020833333333333333 0.0015625
2 0.35208333333333336 0.725 0.0125 0.009375
2 0.6822916666666666 0.7265625 0.035416666666666666 0.015625
2 0.36354166666666665 0.7171875 0.0020833333333333333 0.003125
2 0.6270833333333333 0.715625 0.004166666666666667 0.003125
2 0.4041666666666667 0.74296875 0.05 0.0609375
2 0.359375 0.715625 0.00625 0.00625
2 0.33125 0.7109375 0.004166666666666667 0.003125
2 0.6375 0.7109375 0.008333333333333333 0.00625
2 0.6697916666666667 0.69921875 0.0020833333333333333 0.0015625
2 0.646875 0.7015625 0.022916666666666665 0.009375
2 0.61875 0.715625 0.016666666666666666 0.0375
2 0.6041666666666666 0.69765625 0.004166666666666667 0.0015625
2 0.6666666666666666 0.690625 0.004166666666666667 0.003125
2 0.6447916666666667 0.69140625 0.010416666666666666 0.0078125
2 0.6520833333333333 0.68671875 0.004166666666666667 0.0015625
2 0.628125 0.68671875 0.0020833333333333333 0.0015625
2 0.22604166666666667 0.68359375 0.0020833333333333333 0.0015625
2 0.5822916666666667 0.67578125 0.0020833333333333333 0.0015625
2 0.6072916666666667 0.6625 0.00625 0.003125
2 0.5822916666666667 0.66171875 0.0020833333333333333 0.0015625
2 0.6166666666666667 0.6578125 0.004166666666666667 0.003125
2 0.7510416666666667 0.6671875 0.09791666666666667 0.034375
2 0.17291666666666666 0.66171875 0.004166666666666667 0.0265625
2 0.8114583333333333 0.64765625 0.0020833333333333333 0.0015625
2 0.80625 0.6484375 0.004166666666666667 0.003125
2 0.8010416666666667 0.64765625 0.0020833333333333333 0.0015625
2 0.171875 0.64609375 0.0020833333333333333 0.0015625
2 0.5802083333333333 0.64296875 0.0020833333333333333 0.0015625
2 0.8166666666666667 0.6421875 0.008333333333333333 0.00625
2 0.5864583333333333 0.63984375 0.0020833333333333333 0.0015625
2 0.6614583333333334 0.64296875 0.027083333333333334 0.0109375
2 0.83125 0.6359375 0.0125 0.00625
2 0.8510416666666667 0.63203125 0.0020833333333333333 0.0015625
2 0.8447916666666667 0.62890625 0.0020833333333333333 0.0015625
2 0.6052083333333333 0.62890625 0.0020833333333333333 0.0015625
2 0.5927083333333333 0.62890625 0.0020833333333333333 0.0015625
2 0.5729166666666666 0.63046875 0.004166666666666667 0.0046875
2 0.565625 0.628125 0.0020833333333333333 0.003125
2 0.14479166666666668 0.6578125 0.052083333333333336 0.0625
2 0.6135416666666667 0.62578125 0.0020833333333333333 0.0015625
2 0.5833333333333334 0.6265625 0.004166666666666667 0.003125
2 0.5552083333333333 0.63203125 0.014583333333333334 0.0140625
2 0.5614583333333333 0.62421875 0.0020833333333333333 0.0015625
2 0.615625 0.62265625 0.0020833333333333333 0.0015625
2 0.5947916666666667 0.6234375 0.0020833333333333333 0.003125
2 0.584375 0.62265625 0.0020833333333333333 0.0015625
2 0.578125 0.62265625 0.0020833333333333333 0.0015625
2 0.6197916666666666 0.62109375 0.0020833333333333333 0.0015625
2 0.5552083333333333 0.62109375 0.0020833333333333333 0.0015625
2 0.6052083333333333 0.61953125 0.0020833333333333333 0.0015625
2 0.5864583333333333 0.61953125 0.0020833333333333333 0.0015625
2 0.5645833333333333 0.6203125 0.004166666666666667 0.003125
2 0.5510416666666667 0.61796875 0.0020833333333333333 0.0015625
2 0.6052083333333333 0.61640625 0.0020833333333333333 0.0015625
2 0.5947916666666667 0.61484375 0.0020833333333333333 0.0015625
2 0.5822916666666667 0.6140625 0.0020833333333333333 0.003125
2 0.5510416666666667 0.61328125 0.0020833333333333333 0.0015625
2 0.603125 0.6125 0.0020833333333333333 0.003125
2 0.5760416666666667 0.61171875 0.0020833333333333333 0.0015625
2 0.5927083333333333 0.61015625 0.0020833333333333333 0.0015625
2 0.565625 0.61015625 0.0020833333333333333 0.0015625
2 0.58125 0.609375 0.004166666666666667 0.003125
2 0.5927083333333333 0.60546875 0.0020833333333333333 0.0015625
2 0.5802083333333333 0.60546875 0.0020833333333333333 0.0015625
2 0.590625 0.60234375 0.0020833333333333333 0.0015625
2 0.58125 0.6015625 0.004166666666666667 0.003125
2 0.5760416666666667 0.60078125 0.0020833333333333333 0.0015625
2 0.128125 0.59765625 0.0020833333333333333 0.0015625
2 0.58125 0.59609375 0.004166666666666667 0.0015625
2 0.5739583333333333 0.59375 0.0020833333333333333 0.003125
2 0.06354166666666666 0.58671875 0.0020833333333333333 0.0015625
2 0.08229166666666667 0.63203125 0.11041666666666666 0.0953125
2 0.590625 0.584375 0.010416666666666666 0.01875
2 0.6 0.5765625 0.008333333333333333 0.034375
2 0.28854166666666664 0.54453125 0.00625 0.0015625
2 0.28229166666666666 0.54296875 0.0020833333333333333 0.0015625
2 0.14479166666666668 0.53671875 0.0020833333333333333 0.0015625
2 0.2864583333333333 0.53359375 0.0020833333333333333 0.0015625
2 0.16770833333333332 0.51796875 0.0020833333333333333 0.0015625
2 0.2520833333333333 0.51953125 0.008333333333333333 0.0078125
2 0.2677083333333333 0.5015625 0.010416666666666666 0.00625
2 0.26145833333333335 0.49921875 0.0020833333333333333 0.0015625
2 0.6364583333333333 0.496875 0.00625 0.003125
2 0.22916666666666666 0.48203125 0.008333333333333333 0.0046875
2 0.253125 0.47578125 0.0020833333333333333 0.0015625
2 0.246875 0.4734375 0.0020833333333333333 0.003125
2 0.453125 0.44765625 0.0020833333333333333 0.0046875
2 0.46770833333333334 0.44453125 0.0020833333333333333 0.0015625
2 0.315625 0.43359375 0.0020833333333333333 0.0015625
2 0.296875 0.43203125 0.0020833333333333333 0.0015625
2 0.6 0.42578125 0.004166666666666667 0.0015625
2 0.46458333333333335 0.4265625 0.004166666666666667 0.003125
2 0.24895833333333334 0.4265625 0.010416666666666666 0.00625
2 0.6177083333333333 0.42265625 0.0020833333333333333 0.0015625
2 0.28854166666666664 0.42109375 0.0020833333333333333 0.0015625
2 0.6072916666666667 0.41953125 0.0020833333333333333 0.0015625
2 0.56875 0.41875 0.004166666666666667 0.003125
2 0.5885416666666666 0.41640625 0.00625 0.0046875
2 0.240625 0.41875 0.010416666666666666 0.009375
2 0.640625 0.40859375 0.0020833333333333333 0.0015625
2 0.6197916666666666 0.40703125 0.0020833333333333333 0.0015625
2 0.4125 0.596875 0.575 0.38125
2 0.259375 0.40859375 0.022916666666666665 0.0265625
2 0.24375 0.39921875 0.004166666666666667 0.0078125
2 0.6510416666666666 0.39453125 0.0020833333333333333 0.0015625
2 0.43333333333333335 0.40078125 0.029166666666666667 0.0203125
2 0.4552083333333333 0.38046875 0.0020833333333333333 0.0015625
2 0.40729166666666666 0.37421875 0.0020833333333333333 0.0015625
2 0.6291666666666667 0.39140625 0.07083333333333333 0.0453125
2 0.4552083333333333 0.3734375 0.010416666666666666 0.009375
2 0.6635416666666667 0.36796875 0.0020833333333333333 0.0015625
2 0.45729166666666665 0.36796875 0.0020833333333333333 0.0015625
2 0.6770833333333334 0.36953125 0.03333333333333333 0.0234375
2 0.3229166666666667 0.3578125 0.020833333333333332 0.0125
2 0.4635416666666667 0.35078125 0.0020833333333333333 0.0015625
2 0.4822916666666667 0.35 0.0020833333333333333 0.003125
2 0.396875 0.34921875 0.0020833333333333333 0.0015625
2 0.340625 0.34765625 0.01875 0.0046875
2 0.37916666666666665 0.3453125 0.004166666666666667 0.003125
2 0.3697916666666667 0.34375 0.0020833333333333333 0.003125
2 0.3458333333333333 0.34375 0.004166666666666667 0.00625
2 0.3375 0.34296875 0.004166666666666667 0.0046875
2 0.340625 0.33984375 0.0020833333333333333 0.0015625
2 0.32395833333333335 0.3359375 0.0020833333333333333 0.003125
2 0.48125 0.33203125 0.004166666666666667 0.0015625
2 0.47604166666666664 0.33203125 0.0020833333333333333 0.0015625
2 0.4864583333333333 0.32890625 0.0020833333333333333 0.0015625
2 0.3802083333333333 0.33046875 0.0020833333333333333 0.0046875
2 0.490625 0.32734375 0.0020833333333333333 0.0015625
2 0.484375 0.32578125 0.0020833333333333333 0.0015625
2 0.2677083333333333 0.32578125 0.0020833333333333333 0.0015625
2 0.46145833333333336 0.32265625 0.0020833333333333333 0.0015625
2 0.45729166666666665 0.32265625 0.0020833333333333333 0.0015625
2 0.4822916666666667 0.321875 0.0020833333333333333 0.003125
2 0.465625 0.32109375 0.0020833333333333333 0.0015625
2 0.45416666666666666 0.31875 0.004166666666666667 0.003125
2 0.4270833333333333 0.359375 0.1625 0.084375
2 0.3802083333333333 0.31640625 0.0020833333333333333 0.0015625
2 0.44479166666666664 0.31640625 0.0020833333333333333 0.0046875
2 0.440625 0.315625 0.0020833333333333333 0.003125
2 0.4552083333333333 0.31328125 0.0020833333333333333 0.0015625
2 0.459375 0.31171875 0.0020833333333333333 0.0015625
2 0.4427083333333333 0.31015625 0.0020833333333333333 0.0015625
2 0.43645833333333334 0.31015625 0.00625 0.0078125
2 0.228125 0.30546875 0.0020833333333333333 0.0015625
2 0.20833333333333334 0.303125 0.004166666666666667 0.003125
2 0.19479166666666667 0.30078125 0.0020833333333333333 0.0015625
2 0.203125 0.29609375 0.0020833333333333333 0.0015625
2 0.35625 0.28671875 0.004166666666666667 0.0015625
2 0.3416666666666667 0.2859375 0.004166666666666667 0.003125
2 0.3260416666666667 0.28359375 0.00625 0.0046875
2 0.31875 0.2765625 0.004166666666666667 0.003125
2 0.328125 0.26953125 0.0020833333333333333 0.0015625
2 0.18645833333333334 0.26796875 0.0020833333333333333 0.0015625
2 0.9739583333333334 0.26328125 0.0020833333333333333 0.0015625
2 0.978125 0.25390625 0.0020833333333333333 0.0015625
2 0.9708333333333333 0.25390625 0.008333333333333333 0.0078125
2 0.24479166666666666 0.24609375 0.0020833333333333333 0.0015625
2 0.9645833333333333 0.246875 0.004166666666666667 0.00625
2 0.1625 0.2421875 0.004166666666666667 0.003125
2 0.9625 0.240625 0.004166666666666667 0.003125
2 0.16145833333333334 0.23828125 0.0020833333333333333 0.0015625
2 0.146875 0.23828125 0.0020833333333333333 0.0015625
2 0.134375 0.23671875 0.0020833333333333333 0.0015625
2 0.13125 0.24140625 0.008333333333333333 0.0109375
2 0.11770833333333333 0.23515625 0.0020833333333333333 0.0015625
2 0.15729166666666666 0.234375 0.0020833333333333333 0.00625
2 0.12395833333333334 0.23203125 0.0020833333333333333 0.0015625
2 0.115625 0.23203125 0.0020833333333333333 0.0015625
2 0.16145833333333334 0.2296875 0.010416666666666666 0.009375
2 0.15104166666666666 0.23125 0.00625 0.0125
2 0.10729166666666666 0.2203125 0.0020833333333333333 0.003125
2 0.103125 0.21640625 0.0020833333333333333 0.0015625
2 0.08854166666666667 0.21640625 0.0020833333333333333 0.0015625
2 0.084375 0.21328125 0.0020833333333333333 0.0015625
2 0.084375 0.20859375 0.0020833333333333333 0.0015625
2 0.08854166666666667 0.20703125 0.0020833333333333333 0.0015625
2 0.08645833333333333 0.203125 0.00625 0.003125
2 0.34791666666666665 0.18671875 0.004166666666666667 0.0015625
2 0.33541666666666664 0.1890625 0.004166666666666667 0.009375
2 0.353125 0.17578125 0.0020833333333333333 0.0015625
2 0.346875 0.178125 0.00625 0.00625
2 0.28854166666666664 0.17265625 0.0020833333333333333 0.0015625
2 0.3385416666666667 0.16875 0.0020833333333333333 0.003125
2 0.32083333333333336 0.1859375 0.025 0.040625
2 0.23229166666666667 0.16640625 0.0020833333333333333 0.0015625
2 0.33229166666666665 0.16796875 0.00625 0.0078125
2 0.4947916666666667 0.14921875 0.0020833333333333333 0.0015625
2 0.471875 0.14140625 0.00625 0.0015625
2 0.465625 0.14140625 0.0020833333333333333 0.0015625
2 0.4708333333333333 0.1296875 0.004166666666666667 0.003125
2 0.23020833333333332 0.12734375 0.0020833333333333333 0.0015625
2 0.40729166666666666 0.12421875 0.0020833333333333333 0.0015625
2 0.3802083333333333 0.11484375 0.0020833333333333333 0.0015625
2 0.37395833333333334 0.1140625 0.00625 0.003125
2 0.384375 0.09921875 0.0020833333333333333 0.0015625
2 0.25625 0.24765625 0.25833333333333336 0.3234375
2 0.284375 0.09453125 0.014583333333333334 0.0203125
2 0.28854166666666664 0.08125 0.0020833333333333333 0.003125
2 0.290625 0.0765625 0.0020833333333333333 0.003125
2 0.39479166666666665 0.06484375 0.0020833333333333333 0.0015625
2 0.37604166666666666 0.06015625 0.0020833333333333333 0.0015625
2 0.3614583333333333 0.05859375 0.0020833333333333333 0.0046875
2 0.3802083333333333 0.05390625 0.0020833333333333333 0.0015625
2 0.39895833333333336 0.04921875 0.0020833333333333333 0.0015625
2 0.41041666666666665 0.16953125 0.225 0.2421875
2 0.37395833333333334 0.0484375 0.00625 0.003125
2 0.3614583333333333 0.0484375 0.014583333333333334 0.00625
