0 0.46145833333333336 0.67421875 0.010416666666666666 0.0046875
0 0.46875 0.66796875 0.004166666666666667 0.0046875
0 0.40520833333333334 0.66328125 0.00625 0.0046875
0 0.4635416666666667 0.66015625 0.0020833333333333333 0.0015625
0 0.9822916666666667 0.64609375 0.0020833333333333333 0.0015625
0 0.4979166666666667 0.6546875 0.020833333333333332 0.021875
0 0.9770833333333333 0.63828125 0.004166666666666667 0.0046875
0 0.4354166666666667 0.63984375 0.03333333333333333 0.0265625
0 0.30625 0.625 0.004166666666666667 0.003125
0 0.990625 0.62265625 0.0020833333333333333 0.0015625
0 0.41354166666666664 0.6234375 0.00625 0.003125
0 0.32916666666666666 0.6296875 0.0375 0.015625
0 0.303125 0.6078125 0.0020833333333333333 0.003125
0 0.9979166666666667 0.6015625 0.004166666666666667 0.003125
0 0.9885416666666667 0.60078125 0.0020833333333333333 0.0015625
0 0.9833333333333333 0.596875 0.004166666666666667 0.003125
0 0.9708333333333333 0.60234375 0.016666666666666666 0.0140625
0 0.9489583333333333 0.59609375 0.00625 0.0046875
0 0.8697916666666666 0.5953125 0.00625 0.00625
0 0.8854166666666666 0.5984375 0.016666666666666666 0.015625
0 0.8489583333333334 0.59296875 0.027083333333333334 0.0046875
0 0.990625 0.5921875 0.01875 0.009375
0 0.36666666666666664 0.6015625 0.05 0.05
0 0.9041666666666667 0.57578125 0.004166666666666667 0.0046875
0 0.265625 0.58359375 0.035416666666666666 0.0265625
0 0.35520833333333335 0.5734375 0.022916666666666665 0.015625
0 0.9729166666666667 0.5734375 0.025 0.021875
0 0.8583333333333333 0.57265625 0.04583333333333333 0.0234375
0 0.5010416666666667 0.575 0.04791666666666667 0.03125
0 0.390625 0.56171875 0.027083333333333334 0.0140625
0 0.26875 0.559375 0.04583333333333333 0.0125
0 0.32083333333333336 0.5515625 0.008333333333333333 0.003125
0 0.928125 0.5515625 0.014583333333333334 0.00625
0 0.328125 0.54140625 0.0020833333333333333 0.0046875
0 0.9333333333333333 0.540625 0.008333333333333333 0.00625
0 0.8739583333333333 0.5375 0.010416666666666666 0.00625
0 0.296875 0.53515625 0.035416666666666666 0.0109375
0 0.9552083333333333 0.52734375 0.0020833333333333333 0.0015625
0 0.9322916666666666 0.52734375 0.0020833333333333333 0.0015625
0 0.030208333333333334 0.52265625 0.00625 0.0046875
0 0.953125 0.51328125 0.0020833333333333333 0.0015625
0 0.9479166666666666 0.51796875 0.008333333333333333 0.0109375
0 0.4895833333333333 0.51328125 0.0125 0.0109375
0 0.321875 0.50859375 0.0020833333333333333 0.0015625
0 0.503125 0.50859375 0.00625 0.0046875
0 0.965625 0.51328125 0.014583333333333334 0.0203125
0 0.41770833333333335 0.50390625 0.00625 0.0046875
0 0.06041666666666667 0.509375 0.029166666666666667 0.01875
0 0.8677083333333333 0.49921875 0.0020833333333333333 0.0015625
0 0.8541666666666666 0.5015625 0.016666666666666666 0.009375
0 0.43020833333333336 0.49765625 0.0020833333333333333 0.0015625
0 0.29791666666666666 0.4984375 0.004166666666666667 0.003125
0 0.96875 0.49765625 0.008333333333333333 0.0078125
0 0.42291666666666666 0.53359375 0.09583333333333334 0.0796875
0 0.43020833333333336 0.49453125 0.0020833333333333333 0.0015625
0 0.34791666666666665 0.49921875 0.03333333333333333 0.0171875
0 0.8197916666666667 0.49140625 0.014583333333333334 0.0078125
0 0.9177083333333333 0.48359375 0.0020833333333333333 0.0015625
0 0.9114583333333334 0.484375 0.00625 0.003125
0 0.025 0.49140625 0.029166666666666667 0.0171875
0 0.846875 0.48203125 0.022916666666666665 0.0109375
0 0.8489583333333334 0.47265625 0.0020833333333333333 0.0015625
0 0.32395833333333335 0.4859375 0.035416666666666666 0.03125
0 0.3885416666666667 0.478125 0.014583333333333334 0.01875
0 0.04895833333333333 0.46328125 0.0020833333333333333 0.0015625
0 0.8479166666666667 0.46484375 0.008333333333333333 0.0078125
0 0.06354166666666666 0.45859375 0.0020833333333333333 0.0015625
0 0.353125 0.46875 0.027083333333333334 0.025
0 0.052083333333333336 0.45859375 0.016666666666666666 0.0046875
0 0.540625 0.45234375 0.0020833333333333333 0.0015625
0 0.42083333333333334 0.45234375 0.004166666666666667 0.0015625
0 0.9729166666666667 0.46484375 0.029166666666666667 0.0296875
0 0.553125 0.4484375 0.00625 0.003125
0 0.4864583333333333 0.45234375 0.022916666666666665 0.0140625
0 0.026041666666666668 0.4484375 0.022916666666666665 0.009375
0 0.035416666666666666 0.44296875 0.004166666666666667 0.0046875
0 0.903125 0.43984375 0.0020833333333333333 0.0015625
0 0.90625 0.44296875 0.016666666666666666 0.0109375
0 0.5239583333333333 0.44921875 0.035416666666666666 0.0234375
0 0.48333333333333334 0.42578125 0.004166666666666667 0.0015625
0 0.46875 0.4265625 0.008333333333333333 0.003125
0 0.8802083333333334 0.42421875 0.00625 0.0109375
0 0.44895833333333335 0.4125 0.0020833333333333333 0.003125
0 0.9177083333333333 0.4109375 0.01875 0.009375
0 0.03229166666666667 0.4046875 0.00625 0.009375
0 0.48125 0.4078125 0.03333333333333333 0.021875
0 0.025 0.3984375 0.008333333333333333 0.00625
0 0.0375 0.3921875 0.0125 0.0125
0 0.8052083333333333 0.38203125 0.0020833333333333333 0.0015625
0 0.9614583333333333 0.37890625 0.0020833333333333333 0.0015625
0 0.8010416666666667 0.3796875 0.0020833333333333333 0.003125
0 0.029166666666666667 0.37890625 0.004166666666666667 0.0015625
0 0.5833333333333334 0.3765625 0.004166666666666667 0.003125
0 0.9635416666666666 0.375 0.00625 0.003125
0 0.5916666666666667 0.37265625 0.0125 0.0046875
0 0.5989583333333334 0.36953125 0.0020833333333333333 0.0015625
0 0.84375 0.37890625 0.041666666666666664 0.0234375
0 0.59375 0.36796875 0.004166666666666667 0.0015625
0 0.415625 0.36953125 0.00625 0.0046875
0 0.559375 0.36640625 0.0020833333333333333 0.0015625
0 0.5958333333333333 0.3640625 0.004166666666666667 0.003125
0 0.5875 0.36328125 0.004166666666666667 0.0046875
0 0.9010416666666666 0.365625 0.014583333333333334 0.0125
0 0.8739583333333333 0.365625 0.014583333333333334 0.0125
0 0.590625 0.35859375 0.0020833333333333333 0.0015625
0 0.571875 0.3625 0.022916666666666665 0.0125
0 0.584375 0.35546875 0.0020833333333333333 0.0015625
0 0.26979166666666665 0.35546875 0.0020833333333333333 0.0015625
0 0.8364583333333333 0.35625 0.00625 0.00625
0 0.5760416666666667 0.3546875 0.0020833333333333333 0.003125
0 0.5697916666666667 0.35390625 0.0020833333333333333 0.0015625
0 0.4239583333333333 0.35078125 0.0020833333333333333 0.0015625
0 0.025 0.3515625 0.008333333333333333 0.003125
0 0.4041666666666667 0.3515625 0.004166666666666667 0.009375
0 0.003125 0.34765625 0.00625 0.0078125
0 0.978125 0.34296875 0.0020833333333333333 0.0015625
0 0.42604166666666665 0.34140625 0.0020833333333333333 0.0015625
0 0.8385416666666666 0.33671875 0.0020833333333333333 0.0015625
0 0.4552083333333333 0.34765625 0.05625 0.0234375
0 0.43020833333333336 0.32890625 0.0020833333333333333 0.0015625
0 0.43854166666666666 0.32734375 0.0020833333333333333 0.0015625
0 0.42604166666666665 0.32734375 0.0020833333333333333 0.0015625
0 0.378125 0.32734375 0.0020833333333333333 0.0015625
0 0.33645833333333336 0.32734375 0.0020833333333333333 0.0015625
0 0.019791666666666666 0.32578125 0.0020833333333333333 0.0015625
0 0.4239583333333333 0.32265625 0.0020833333333333333 0.0015625
0 0.4166666666666667 0.32421875 0.004166666666666667 0.0046875
0 0.2833333333333333 0.321875 0.004166666666666667 0.003125
0 0.4166666666666667 0.31875 0.008333333333333333 0.003125
0 0.721875 0.31015625 0.0020833333333333333 0.0015625
0 0.9135416666666667 0.3078125 0.010416666666666666 0.003125
0 0.07604166666666666 0.31171875 0.035416666666666666 0.0140625
0 0.9989583333333333 0.30234375 0.0020833333333333333 0.0015625
0 0.709375 0.30859375 0.01875 0.0140625
0 0.05520833333333333 0.30234375 0.0020833333333333333 0.0015625
0 0.965625 0.29921875 0.0020833333333333333 0.0015625
0 0.834375 0.3 0.0020833333333333333 0.003125
0 0.9979166666666667 0.2984375 0.004166666666666667 0.003125
0 0.46875 0.309375 0.05416666666666667 0.03125
0 0.05 0.29765625 0.0125 0.0109375
0 0.9989583333333333 0.29140625 0.0020833333333333333 0.0015625
0 0.01875 0.30859375 0.0375 0.0359375
0 0.7427083333333333 0.28515625 0.0020833333333333333 0.0015625
0 0.7489583333333333 0.28359375 0.0020833333333333333 0.0015625
0 0.9635416666666666 0.28203125 0.0020833333333333333 0.0015625
0 0.45208333333333334 0.2828125 0.004166666666666667 0.003125
0 0.5114583333333333 0.28046875 0.0020833333333333333 0.0015625
0 0.42604166666666665 0.28046875 0.0020833333333333333 0.0015625
0 0.065625 0.28046875 0.0020833333333333333 0.0015625
0 0.575 0.28125 0.020833333333333332 0.00625
0 0.4197916666666667 0.27890625 0.0020833333333333333 0.0015625
0 0.584375 0.27734375 0.0020833333333333333 0.0015625
0 0.5739583333333333 0.27734375 0.0020833333333333333 0.0015625
0 0.5572916666666666 0.2890625 0.052083333333333336 0.025
0 0.42604166666666665 0.27421875 0.0020833333333333333 0.0015625
0 0.42083333333333334 0.275 0.004166666666666667 0.003125
0 0.928125 0.27265625 0.0020833333333333333 0.0015625
0 0.540625 0.27265625 0.0020833333333333333 0.0015625
0 0.9729166666666667 0.271875 0.004166666666666667 0.003125
0 0.9875 0.275 0.025 0.015625
0 0.43645833333333334 0.271875 0.014583333333333334 0.009375
0 0.975 0.26640625 0.004166666666666667 0.0015625
0 0.390625 0.27421875 0.035416666666666666 0.0171875
0 0.965625 0.26484375 0.0020833333333333333 0.0015625
0 0.9322916666666666 0.2734375 0.03958333333333333 0.021875
0 0.459375 0.26171875 0.0020833333333333333 0.0015625
0 0.9885416666666667 0.26015625 0.0020833333333333333 0.0015625
0 0.98125 0.2609375 0.004166666666666667 0.003125
0 0.9958333333333333 0.25625 0.004166666666666667 0.003125
0 0.9635416666666666 0.25546875 0.0020833333333333333 0.0015625
0 0.3645833333333333 0.25234375 0.008333333333333333 0.0046875
0 0.43645833333333334 0.25078125 0.00625 0.0046875
0 0.05 0.25 0.004166666666666667 0.003125
0 0.890625 0.25078125 0.014583333333333334 0.0078125
0 0.051041666666666666 0.2609375 0.06458333333333334 0.034375
0 0.9989583333333333 0.23828125 0.0020833333333333333 0.0015625
0 0.42916666666666664 0.24296875 0.004166666666666667 0.0109375
0 0.019791666666666666 0.2421875 0.014583333333333334 0.009375
0 0.007291666666666667 0.23671875 0.0020833333333333333 0.0015625
0 0.9854166666666667 0.24609375 0.0125 0.0234375
0 0.005208333333333333 0.23359375 0.0020833333333333333 0.0015625
0 0.9010416666666666 0.234375 0.00625 0.00625
0 0.23020833333333332 0.23359375 0.00625 0.0046875
0 0.5166666666666667 0.246875 0.04583333333333333 0.0375
0 0.440625 0.22890625 0.0020833333333333333 0.0015625
0 0.30104166666666665 0.22890625 0.0020833333333333333 0.0015625
0 0.2989583333333333 0.2328125 0.010416666666666666 0.009375
0 0.2833333333333333 0.228125 0.004166666666666667 0.003125
0 0.440625 0.22578125 0.0020833333333333333 0.0015625
0 0.6854166666666667 0.23046875 0.020833333333333332 0.0140625
0 0.9697916666666667 0.22265625 0.0020833333333333333 0.0015625
0 0.43645833333333334 0.22265625 0.0020833333333333333 0.0015625
0 0.28854166666666664 0.22734375 0.00625 0.0109375
0 0.20625 0.22421875 0.008333333333333333 0.0046875
0 0.975 0.2203125 0.004166666666666667 0.003125
0 0.9625 0.21953125 0.004166666666666667 0.0046875
0 0.31354166666666666 0.21640625 0.0020833333333333333 0.0015625
0 0.95 0.23203125 0.041666666666666664 0.0359375
0 0.91875 0.2203125 0.025 0.01875
0 0.21979166666666666 0.20703125 0.0020833333333333333 0.0015625
0 0.4427083333333333 0.20703125 0.00625 0.0046875
0 0.84375 0.2046875 0.008333333333333333 0.00625
0 0.44375 0.20234375 0.004166666666666667 0.0015625
0 0.31354166666666666 0.20234375 0.0020833333333333333 0.0015625
0 0.0010416666666666667 0.20234375 0.0020833333333333333 0.0015625
0 0.040625 0.19921875 0.0020833333333333333 0.0015625
0 0.20729166666666668 0.1984375 0.0020833333333333333 0.003125
0 0.6697916666666667 0.196875 0.00625 0.00625
0 0.9760416666666667 0.19296875 0.0020833333333333333 0.0015625
0 0.4270833333333333 0.19609375 0.008333333333333333 0.0078125
0 0.43020833333333336 0.19140625 0.0020833333333333333 0.0015625
0 0.9739583333333334 0.18984375 0.0020833333333333333 0.0015625
0 0.4822916666666667 0.18984375 0.0020833333333333333 0.0015625
0 0.8864583333333333 0.18828125 0.0020833333333333333 0.0015625
0 0.540625 0.2015625 0.03958333333333333 0.03125
0 0.19479166666666667 0.18671875 0.00625 0.0015625
0 0.2125 0.184375 0.008333333333333333 0.003125
0 0.4875 0.1859375 0.008333333333333333 0.0125
0 0.390625 0.1921875 0.014583333333333334 0.025
0 0.49583333333333335 0.18046875 0.004166666666666667 0.0046875
0 0.440625 0.18046875 0.00625 0.0046875
0 0.42604166666666665 0.16953125 0.0020833333333333333 0.0015625
0 0.840625 0.16796875 0.0020833333333333333 0.0015625
0 0.4666666666666667 0.17421875 0.041666666666666664 0.0140625
0 0.440625 0.16875 0.0020833333333333333 0.003125
0 0.005208333333333333 0.17109375 0.010416666666666666 0.0078125
0 0.8322916666666667 0.16953125 0.010416666666666666 0.0109375
0 0.0020833333333333333 0.16328125 0.004166666666666667 0.0046875
0 0.4708333333333333 0.1609375 0.004166666666666667 0.003125
0 0.014583333333333334 0.159375 0.016666666666666666 0.00625
0 0.9760416666666667 0.16875 0.03125 0.03125
0 0.4270833333333333 0.1578125 0.004166666666666667 0.0125
0 0.8822916666666667 0.1875 0.18541666666666667 0.075
0 0.022916666666666665 0.14921875 0.008333333333333333 0.0015625
0 0.2708333333333333 0.14609375 0.0125 0.0203125
0 0.022916666666666665 0.13515625 0.004166666666666667 0.0015625
0 0.00625 0.13828125 0.0125 0.0078125
0 0.26979166666666665 0.13359375 0.0020833333333333333 0.0015625
0 0.9395833333333333 0.140625 0.016666666666666666 0.01875
0 0.9916666666666667 0.134375 0.016666666666666666 0.009375
0 0.4114583333333333 0.12890625 0.0020833333333333333 0.0015625
0 0.036458333333333336 0.13046875 0.014583333333333334 0.0046875
0 0.9145833333333333 0.12734375 0.004166666666666667 0.0015625
0 0.509375 0.12109375 0.0020833333333333333 0.0015625
0 0.43333333333333335 0.1203125 0.008333333333333333 0.003125
0 0.39479166666666665 0.11953125 0.0020833333333333333 0.0015625
0 0.007291666666666667 0.12421875 0.014583333333333334 0.0109375
0 0.17708333333333334 0.1171875 0.004166666666666667 0.003125
0 0.39895833333333336 0.115625 0.0020833333333333333 0.003125
0 0.928125 0.11171875 0.0020833333333333333 0.0015625
0 0.378125 0.11640625 0.00625 0.0109375
0 0.36354166666666665 0.115625 0.010416666666666666 0.009375
0 0.6229166666666667 0.10546875 0.004166666666666667 0.0015625
0 0.4166666666666667 0.1140625 0.008333333333333333 0.01875
0 0.5135416666666667 0.10234375 0.0020833333333333333 0.0015625
0 0.3927083333333333 0.11015625 0.01875 0.0171875
0 0.5197916666666667 0.1015625 0.00625 0.00625
0 0.340625 0.09765625 0.0020833333333333333 0.0015625
0 0.5177083333333333 0.09609375 0.0020833333333333333 0.0015625
0 0.26145833333333335 0.09609375 0.0020833333333333333 0.0015625
0 0.884375 0.09765625 0.010416666666666666 0.0109375
0 0.7739583333333333 0.09296875 0.0020833333333333333 0.0015625
0 0.26979166666666665 0.09609375 0.010416666666666666 0.0078125
0 0.8833333333333333 0.090625 0.0125 0.009375
0 0.38645833333333335 0.0859375 0.0020833333333333333 0.003125
0 0.026041666666666668 0.10546875 0.052083333333333336 0.0421875
0 0.42604166666666665 0.08203125 0.0020833333333333333 0.0015625
0 0.004166666666666667 0.08203125 0.008333333333333333 0.0015625
0 0.39895833333333336 0.08515625 0.00625 0.0109375
0 0.38645833333333335 0.08125 0.0020833333333333333 0.003125
0 0.036458333333333336 0.07890625 0.0020833333333333333 0.0015625
0 0.34479166666666666 0.07734375 0.0020833333333333333 0.0015625
0 0.0020833333333333333 0.078125 0.004166666666666667 0.003125
0 0.90625 0.0796875 0.029166666666666667 0.009375
0 0.5947916666666667 0.07421875 0.0020833333333333333 0.0015625
0 0.8052083333333333 0.07109375 0.0020833333333333333 0.0015625
0 0.7760416666666666 0.07265625 0.00625 0.0078125
0 0.44895833333333335 0.0703125 0.00625 0.003125
0 0.03958333333333333 0.07265625 0.0125 0.0078125
0 0.803125 0.06796875 0.0020833333333333333 0.0015625
0 0.8979166666666667 0.06953125 0.008333333333333333 0.0078125
0 0.8010416666666667 0.06484375 0.0020833333333333333 0.0015625
0 0.45729166666666665 0.09296875 0.11458333333333333 0.0578125
0 0.79375 0.06015625 0.004166666666666667 0.0015625
0 0.4864583333333333 0.059375 0.0020833333333333333 0.003125
0 0.016666666666666666 0.065625 0.03333333333333333 0.01875
0 0.5135416666666667 0.05546875 0.00625 0.0015625
0 0.784375 0.05546875 0.0020833333333333333 0.0046875
0 0.5010416666666667 0.05390625 0.0020833333333333333 0.0015625
0 0.50625 0.053125 0.004166666666666667 0.003125
0 0.453125 0.05234375 0.0020833333333333333 0.0015625
0 0.446875 0.05234375 0.0020833333333333333 0.0015625
0 0.496875 0.0515625 0.00625 0.003125
0 0.3885416666666667 0.0515625 0.0020833333333333333 0.003125
0 0.384375 0.053125 0.00625 0.00625
0 0.603125 0.04921875 0.0020833333333333333 0.0015625
0 0.5104166666666666 0.05078125 0.0125 0.0046875
0 0.4510416666666667 0.04921875 0.0020833333333333333 0.0015625
0 0.5979166666666667 0.0484375 0.004166666666666667 0.003125
0 0.446875 0.04609375 0.0020833333333333333 0.0015625
0 0.4947916666666667 0.04453125 0.0020833333333333333 0.0015625
0 0.390625 0.0453125 0.0020833333333333333 0.003125
0 0.4510416666666667 0.04453125 0.0020833333333333333 0.0046875
0 0.4322916666666667 0.0453125 0.00625 0.00625
0 0.49895833333333334 0.0421875 0.0020833333333333333 0.003125
0 0.4739583333333333 0.05625 0.035416666666666666 0.034375
0 0.8552083333333333 0.04453125 0.010416666666666666 0.0140625
0 0.8291666666666667 0.03984375 0.004166666666666667 0.0046875
0 0.434375 0.03828125 0.0020833333333333333 0.0015625
0 0.31354166666666666 0.24453125 0.3229166666666667 0.4203125
0 0.371875 0.03359375 0.00625 0.0015625
0 0.4864583333333333 0.034375 0.00625 0.00625
0 0.9239583333333333 0.03125 0.0020833333333333333 0.003125
0 0.446875 0.03515625 0.022916666666666665 0.0109375
0 0.815625 0.02890625 0.0020833333333333333 0.0015625
0 0.9135416666666667 0.0421875 0.022916666666666665 0.03125
0 0.007291666666666667 0.028125 0.0020833333333333333 0.003125
0 0.19270833333333334 0.02578125 0.0020833333333333333 0.0015625
0 0.0010416666666666667 0.02578125 0.0020833333333333333 0.0015625
0 0.04895833333333333 0.02421875 0.0020833333333333333 0.0015625
0 0.8229166666666666 0.0234375 0.004166666666666667 0.003125
0 0.8166666666666667 0.02421875 0.004166666666666667 0.0046875
0 0.026041666666666668 0.02421875 0.010416666666666666 0.0046875
0 0.75625 0.02265625 0.004166666666666667 0.0046875
0 0.4197916666666667 0.01796875 0.0020833333333333333 0.0015625
0 0.7635416666666667 0.0203125 0.00625 0.009375
0 0.3260416666666667 0.01484375 0.0020833333333333333 0.0015625
0 0.7552083333333334 0.015625 0.0020833333333333333 0.00625
0 0.890625 0.0109375 0.00625 0.003125
0 0.8510416666666667 0.01015625 0.0020833333333333333 0.0015625
0 0.7510416666666667 0.0109375 0.010416666666666666 0.003125
0 0.340625 0.01015625 0.0020833333333333333 0.0015625
0 0.90625 0.01171875 0.020833333333333332 0.0078125
0 0.31979166666666664 0.00703125 0.0020833333333333333 0.0015625
0 0.8552083333333333 0.00546875 0.0020833333333333333 0.0015625
0 0.8760416666666667 0.0046875 0.0020833333333333333 0.003125
0 0.009375 0.00703125 0.014583333333333334 0.0078125
0 0.9697916666666667 0.00078125 0.0020833333333333333 0.0015625
0 0.8854166666666666 0.0015625 0.004166666666666667 0.003125
0 0.878125 0.00078125 0.0020833333333333333 0.0015625
0 0.7427083333333333 0.1828125 0.34791666666666665 0.365625
0 0.565625 0.00078125 0.0020833333333333333 0.0015625
0 0.5520833333333334 0.0015625 0.0125 0.003125
0 0.4322916666666667 0.00078125 0.0020833333333333333 0.0015625
0 0.38125 0.0109375 0.029166666666666667 0.021875
0 0.3614583333333333 0.003125 0.00625 0.00625
0 0.25625 0.04375 0.15416666666666667 0.0875
1 0.019791666666666666 0.85 0.03958333333333333 0.046875
1 0.0010416666666666667 0.82578125 0.0020833333333333333 0.0015625
1 0.03854166666666667 0.82109375 0.0020833333333333333 0.0015625
1 0.06354166666666666 0.80859375 0.0020833333333333333 0.0015625
1 0.06979166666666667 0.79921875 0.0020833333333333333 0.0015625
1 0.0010416666666666667 0.79765625 0.0020833333333333333 0.0015625
1 0.03854166666666667 0.80625 0.06041666666666667 0.025
1 0.06875 0.79375 0.008333333333333333 0.00625
1 0.053125 0.78984375 0.0020833333333333333 0.0015625
1 0.04895833333333333 0.78984375 0.0020833333333333333 0.0015625
1 0.034375 0.78984375 0.0020833333333333333 0.0015625
1 0.029166666666666667 0.784375 0.008333333333333333 0.00625
1 0.011458333333333333 0.784375 0.014583333333333334 0.00625
1 0.007291666666666667 0.77734375 0.0020833333333333333 0.0015625
1 0.013541666666666667 0.7734375 0.00625 0.003125
1 0.017708333333333333 0.76796875 0.00625 0.0046875
1 0.00625 0.76953125 0.0125 0.0140625
1 0.023958333333333335 0.75859375 0.0020833333333333333 0.0015625
1 0.026041666666666668 0.75546875 0.0020833333333333333 0.0015625
1 0.0010416666666666667 0.75234375 0.0020833333333333333 0.0015625
1 0.01875 0.7546875 0.008333333333333333 0.009375
1 0.009375 0.74609375 0.00625 0.0078125
1 0.003125 0.728125 0.00625 0.00625
1 0.0125 0.7265625 0.025 0.025
1 0.478125 0.69140625 0.0020833333333333333 0.0015625
1 0.47604166666666664 0.68828125 0.0020833333333333333 0.0015625
1 0.5322916666666667 0.68359375 0.0020833333333333333 0.0015625
1 0.5010416666666667 0.68203125 0.0020833333333333333 0.0015625
1 0.4822916666666667 0.68203125 0.0020833333333333333 0.0015625
1 0.040625 0.68203125 0.0020833333333333333 0.0015625
1 0.490625 0.68359375 0.01875 0.0140625
1 0.040625 0.6703125 0.0020833333333333333 0.003125
1 0.5364583333333334 0.6796875 0.022916666666666665 0.03125
1 0.521875 0.66328125 0.0020833333333333333 0.0015625
1 0.5802083333333333 0.66171875 0.0020833333333333333 0.0015625
1 0.5947916666666667 0.67578125 0.04375 0.0296875
1 0.5447916666666667 0.66171875 0.0020833333333333333 0.0015625
1 0.5552083333333333 0.66015625 0.0020833333333333333 0.0015625
1 0.5854166666666667 0.66015625 0.004166666666666667 0.0046875
1 0.5739583333333333 0.65859375 0.0020833333333333333 0.0015625
1 0.5614583333333333 0.66015625 0.00625 0.0046875
1 0.534375 0.659375 0.00625 0.003125
1 0.5302083333333333 0.65703125 0.0020833333333333333 0.0015625
1 0.44166666666666665 0.6578125 0.004166666666666667 0.003125
1 0.5572916666666666 0.65546875 0.0020833333333333333 0.0015625
1 0.5645833333333333 0.65390625 0.004166666666666667 0.0015625
1 0.5166666666666667 0.6546875 0.004166666666666667 0.003125
1 0.534375 0.65078125 0.0020833333333333333 0.0015625
1 0.45729166666666665 0.6515625 0.0020833333333333333 0.003125
1 0.5385416666666667 0.64921875 0.0020833333333333333 0.0015625
1 0.5614583333333333 0.64921875 0.010416666666666666 0.0046875
1 0.5260416666666666 0.646875 0.0020833333333333333 0.003125
1 0.021875 0.67265625 0.04375 0.0546875
1 0.0010416666666666667 0.64609375 0.0020833333333333333 0.0015625
1 0.59375 0.65 0.020833333333333332 0.0125
1 0.553125 0.64453125 0.0020833333333333333 0.0015625
1 0.47604166666666664 0.6515625 0.03125 0.01875
1 0.5447916666666667 0.64375 0.00625 0.00625
1 0.5260416666666666 0.64140625 0.0020833333333333333 0.0015625
1 0.4864583333333333 0.64140625 0.0020833333333333333 0.0015625
1 0.48020833333333335 0.6421875 0.0020833333333333333 0.003125
1 0.528125 0.634375 0.00625 0.003125
1 0.4822916666666667 0.6328125 0.0020833333333333333 0.003125
1 0.3729166666666667 0.63671875 0.0125 0.0109375
1 0.534375 0.62890625 0.0020833333333333333 0.0015625
1 0.5208333333333334 0.63203125 0.008333333333333333 0.0078125
1 0.971875 0.62578125 0.0020833333333333333 0.0015625
1 0.9677083333333333 0.62421875 0.0020833333333333333 0.0015625
1 0.5760416666666667 0.62109375 0.0020833333333333333 0.0015625
1 0.2833333333333333 0.61640625 0.004166666666666667 0.0015625
1 0.9697916666666667 0.61796875 0.010416666666666666 0.0078125
1 0.565625 0.61328125 0.0020833333333333333 0.0015625
1 0.9927083333333333 0.61171875 0.0020833333333333333 0.0015625
1 0.2635416666666667 0.61171875 0.00625 0.0015625
1 0.33958333333333335 0.6171875 0.029166666666666667 0.015625
1 0.271875 0.61015625 0.0020833333333333333 0.0015625
1 0.978125 0.6078125 0.0020833333333333333 0.003125
1 0.28229166666666666 0.609375 0.014583333333333334 0.00625
1 0.6083333333333333 0.603125 0.0125 0.00625
1 0.265625 0.60078125 0.0020833333333333333 0.0015625
1 0.26145833333333335 0.60078125 0.0020833333333333333 0.0015625
1 0.6114583333333333 0.59921875 0.0020833333333333333 0.0015625
1 0.9385416666666667 0.59765625 0.0020833333333333333 0.0015625
1 0.5041666666666667 0.59765625 0.004166666666666667 0.0015625
1 0.540625 0.59609375 0.0020833333333333333 0.0015625
1 0.4375 0.5984375 0.008333333333333333 0.00625
1 0.6072916666666667 0.59453125 0.0020833333333333333 0.0015625
1 0.5760416666666667 0.6109375 0.03125 0.034375
1 0.5395833333333333 0.615625 0.06666666666666667 0.046875
1 0.9760416666666667 0.58984375 0.0020833333333333333 0.0015625
1 0.9416666666666667 0.59140625 0.004166666666666667 0.0046875
1 0.6177083333333333 0.58984375 0.0020833333333333333 0.0015625
1 0.41875 0.59375 0.0125 0.009375
1 0.2916666666666667 0.59296875 0.0125 0.0078125
1 0.6291666666666667 0.58828125 0.004166666666666667 0.0015625
1 0.390625 0.61015625 0.04375 0.0453125
1 0.9510416666666667 0.5875 0.00625 0.003125
1 0.5760416666666667 0.58359375 0.0020833333333333333 0.0015625
1 0.9854166666666667 0.5828125 0.004166666666666667 0.003125
1 0.8947916666666667 0.58203125 0.0020833333333333333 0.0015625
1 0.44479166666666664 0.58203125 0.0020833333333333333 0.0015625
1 0.915625 0.58203125 0.010416666666666666 0.0046875
1 0.5739583333333333 0.58046875 0.0020833333333333333 0.0015625
1 0.925 0.5796875 0.004166666666666667 0.003125
1 0.9875 0.57890625 0.008333333333333333 0.0046875
1 0.9635416666666666 0.584375 0.01875 0.015625
1 0.9177083333333333 0.57734375 0.0020833333333333333 0.0015625
1 0.8875 0.57734375 0.008333333333333333 0.0046875
1 0.41875 0.584375 0.0125 0.01875
1 0.32395833333333335 0.5890625 0.027083333333333334 0.028125
1 0.5677083333333334 0.57421875 0.0020833333333333333 0.0015625
1 0.23541666666666666 0.57265625 0.004166666666666667 0.0015625
1 0.8927083333333333 0.571875 0.0020833333333333333 0.003125
1 0.4822916666666667 0.60625 0.06875 0.075
1 0.37395833333333334 0.57265625 0.014583333333333334 0.0078125
1 0.23229166666666667 0.56953125 0.010416666666666666 0.0015625
1 0.007291666666666667 0.571875 0.010416666666666666 0.00625
1 0.9583333333333334 0.5671875 0.004166666666666667 0.003125
1 0.221875 0.5671875 0.00625 0.003125
1 0.9614583333333333 0.56328125 0.0020833333333333333 0.0015625
1 0.20104166666666667 0.56171875 0.0020833333333333333 0.0015625
1 0.8958333333333334 0.56171875 0.004166666666666667 0.0046875
1 0.021875 0.56015625 0.0020833333333333333 0.0015625
1 0.9583333333333334 0.559375 0.004166666666666667 0.003125
1 0.9010416666666666 0.5609375 0.0020833333333333333 0.00625
1 0.8729166666666667 0.559375 0.004166666666666667 0.003125
1 0.19375 0.559375 0.004166666666666667 0.003125
1 0.8895833333333333 0.5578125 0.004166666666666667 0.003125
1 0.31145833333333334 0.5671875 0.04375 0.021875
1 0.978125 0.56171875 0.04375 0.0234375
1 0.007291666666666667 0.55625 0.014583333333333334 0.0125
1 0.6104166666666667 0.575 0.0875 0.053125
1 0.55 0.54765625 0.004166666666666667 0.0015625
1 0.35833333333333334 0.55625 0.016666666666666666 0.01875
1 0.8791666666666667 0.55 0.020833333333333332 0.009375
1 0.8364583333333333 0.54609375 0.0020833333333333333 0.0015625
1 0.9875 0.54609375 0.004166666666666667 0.0046875
1 0.9604166666666667 0.54375 0.0125 0.00625
1 0.5739583333333333 0.54140625 0.0020833333333333333 0.0015625
1 0.565625 0.54140625 0.0020833333333333333 0.0015625
1 0.9260416666666667 0.53515625 0.0020833333333333333 0.0015625
1 0.24791666666666667 0.54375 0.058333333333333334 0.01875
1 0.005208333333333333 0.53515625 0.0020833333333333333 0.0015625
1 0.921875 0.55390625 0.06041666666666667 0.0421875
1 0.8416666666666667 0.534375 0.004166666666666667 0.003125
1 0.32395833333333335 0.53203125 0.0020833333333333333 0.0015625
1 0.31354166666666666 0.53203125 0.0020833333333333333 0.0015625
1 0.009375 0.53203125 0.0020833333333333333 0.0015625
1 0.84375 0.53046875 0.004166666666666667 0.0015625
1 0.5739583333333333 0.53046875 0.0020833333333333333 0.0015625
1 0.8572916666666667 0.5328125 0.01875 0.009375
1 0.8489583333333334 0.52890625 0.0020833333333333333 0.0015625
1 0.8385416666666666 0.52890625 0.0020833333333333333 0.0015625
1 0.5635416666666667 0.52890625 0.0020833333333333333 0.0015625
1 0.023958333333333335 0.5296875 0.0020833333333333333 0.003125
1 0.015625 0.52890625 0.0020833333333333333 0.0015625
1 0.06145833333333333 0.52734375 0.0020833333333333333 0.0015625
1 0.009375 0.52734375 0.0020833333333333333 0.0015625
1 0.853125 0.5265625 0.00625 0.003125
1 0.840625 0.52578125 0.0020833333333333333 0.0015625
1 0.565625 0.52578125 0.0020833333333333333 0.0015625
1 0.3020833333333333 0.52734375 0.008333333333333333 0.0046875
1 0.015625 0.52578125 0.0020833333333333333 0.0015625
1 0.928125 0.52421875 0.0020833333333333333 0.0015625
1 0.915625 0.52734375 0.014583333333333334 0.0078125
1 0.9239583333333333 0.52265625 0.0020833333333333333 0.0015625
1 0.32708333333333334 0.52578125 0.0125 0.0078125
1 0.053125 0.52421875 0.01875 0.0046875
1 0.3260416666666667 0.52109375 0.0020833333333333333 0.0015625
1 0.3177083333333333 0.52109375 0.0020833333333333333 0.0015625
1 0.9989583333333333 0.51953125 0.0020833333333333333 0.0015625
1 0.41875 0.52578125 0.016666666666666666 0.0140625
1 0.55625 0.51796875 0.004166666666666667 0.0015625
1 0.31145833333333334 0.51796875 0.00625 0.0046875
1 0.996875 0.51484375 0.0020833333333333333 0.0015625
1 0.019791666666666666 0.5125 0.0020833333333333333 0.003125
1 0.009375 0.5171875 0.010416666666666666 0.0125
1 0.30625 0.5109375 0.004166666666666667 0.003125
1 0.296875 0.5078125 0.014583333333333334 0.003125
1 0.9541666666666667 0.5046875 0.008333333333333333 0.003125
1 0.2833333333333333 0.49921875 0.004166666666666667 0.0015625
1 0.9760416666666667 0.49609375 0.0020833333333333333 0.0015625
1 0.284375 0.49609375 0.0020833333333333333 0.0015625
1 0.8697916666666666 0.4953125 0.00625 0.003125
1 0.440625 0.50234375 0.01875 0.0203125
1 0.290625 0.49375 0.00625 0.003125
1 0.8614583333333333 0.48828125 0.0020833333333333333 0.0015625
1 0.2989583333333333 0.490625 0.014583333333333334 0.00625
1 0.8802083333333334 0.50859375 0.07291666666666667 0.0515625
1 0.8760416666666667 0.48359375 0.0020833333333333333 0.0015625
1 0.378125 0.49140625 0.022916666666666665 0.0203125
1 0.3489583333333333 0.48359375 0.010416666666666666 0.0046875
1 0.06354166666666666 0.48203125 0.0020833333333333333 0.0015625
1 0.03229166666666667 0.47421875 0.0020833333333333333 0.0015625
1 0.026041666666666668 0.4765625 0.00625 0.00625
1 0.315625 0.47109375 0.0020833333333333333 0.0015625
1 0.040625 0.47109375 0.00625 0.0015625
1 0.013541666666666667 0.47109375 0.014583333333333334 0.0015625
1 0.5989583333333334 0.46796875 0.0020833333333333333 0.0015625
1 0.5895833333333333 0.46796875 0.004166666666666667 0.0015625
1 0.040625 0.46796875 0.0020833333333333333 0.0015625
1 0.834375 0.46640625 0.0020833333333333333 0.0015625
1 0.034375 0.4671875 0.0020833333333333333 0.003125
1 0.8322916666666667 0.46328125 0.0020833333333333333 0.0015625
1 0.8322916666666667 0.46015625 0.0020833333333333333 0.0015625
1 0.6072916666666667 0.45859375 0.0020833333333333333 0.0015625
1 0.8427083333333333 0.45703125 0.0020833333333333333 0.0015625
1 0.3229166666666667 0.46484375 0.008333333333333333 0.0171875
1 0.065625 0.45546875 0.0020833333333333333 0.0015625
1 0.030208333333333334 0.45703125 0.00625 0.0046875
1 0.0125 0.45859375 0.025 0.0078125
1 0.8447916666666667 0.45390625 0.0020833333333333333 0.0015625
1 0.828125 0.4546875 0.0020833333333333333 0.003125
1 0.8322916666666667 0.45078125 0.0020833333333333333 0.0015625
1 0.5864583333333333 0.4515625 0.00625 0.003125
1 0.4010416666666667 0.45234375 0.01875 0.0046875
1 0.36770833333333336 0.4625 0.01875 0.025
1 0.353125 0.45078125 0.0020833333333333333 0.0015625
1 0.004166666666666667 0.45234375 0.008333333333333333 0.0046875
1 0.978125 0.44921875 0.0020833333333333333 0.0015625
1 0.9625 0.44921875 0.004166666666666667 0.0015625
1 0.8864583333333333 0.44921875 0.0020833333333333333 0.0015625
1 0.8239583333333333 0.44921875 0.0020833333333333333 0.0015625
1 0.590625 0.44921875 0.0020833333333333333 0.0015625
1 0.35520833333333335 0.44453125 0.0020833333333333333 0.0015625
1 0.5916666666666667 0.44375 0.008333333333333333 0.003125
1 0.565625 0.44375 0.00625 0.003125
1 0.559375 0.44296875 0.0020833333333333333 0.0015625
1 0.578125 0.43984375 0.0020833333333333333 0.0015625
1 0.5677083333333334 0.43984375 0.0020833333333333333 0.0015625
1 0.5635416666666667 0.43984375 0.0020833333333333333 0.0015625
1 0.559375 0.43984375 0.0020833333333333333 0.0015625
1 0.042708333333333334 0.44453125 0.00625 0.0109375
1 0.4635416666666667 0.43828125 0.0020833333333333333 0.0015625
1 0.003125 0.44140625 0.00625 0.0078125
1 0.2864583333333333 0.43671875 0.0020833333333333333 0.0015625
1 0.8114583333333333 0.43359375 0.00625 0.0015625
1 0.35104166666666664 0.4375 0.010416666666666666 0.009375
1 0.484375 0.509375 0.18541666666666667 0.15625
1 0.9833333333333333 0.48203125 0.03333333333333333 0.1046875
1 0.9322916666666666 0.43046875 0.0020833333333333333 0.0015625
1 0.5239583333333333 0.43046875 0.0020833333333333333 0.0015625
1 0.034375 0.43046875 0.0020833333333333333 0.0015625
1 0.5395833333333333 0.43515625 0.020833333333333332 0.0140625
1 0.04375 0.4296875 0.008333333333333333 0.003125
1 0.496875 0.43671875 0.04791666666666667 0.0234375
1 0.8010416666666667 0.42421875 0.0020833333333333333 0.0015625
1 0.06354166666666666 0.42734375 0.01875 0.0078125
1 0.8395833333333333 0.42421875 0.0125 0.0046875
1 0.01875 0.4265625 0.0375 0.009375
1 0.9645833333333333 0.42265625 0.004166666666666667 0.0046875
1 0.07604166666666666 0.4203125 0.0020833333333333333 0.003125
1 0.5145833333333333 0.42109375 0.008333333333333333 0.0078125
1 0.9677083333333333 0.41796875 0.0020833333333333333 0.0046875
1 0.5197916666666667 0.41640625 0.0020833333333333333 0.0015625
1 0.8520833333333333 0.415625 0.004166666666666667 0.003125
1 0.828125 0.41640625 0.0020833333333333333 0.0046875
1 0.9364583333333333 0.41484375 0.00625 0.0046875
1 0.4635416666666667 0.4125 0.0020833333333333333 0.00625
1 0.052083333333333336 0.41328125 0.020833333333333332 0.0078125
1 0.009375 0.409375 0.01875 0.00625
1 0.8864583333333333 0.40546875 0.0020833333333333333 0.0015625
1 0.8510416666666667 0.4078125 0.014583333333333334 0.00625
1 0.525 0.40625 0.004166666666666667 0.003125
1 0.8927083333333333 0.40390625 0.0020833333333333333 0.0015625
1 0.8114583333333333 0.40390625 0.0020833333333333333 0.0046875
1 0.5114583333333333 0.403125 0.0020833333333333333 0.003125
1 0.93125 0.40234375 0.016666666666666666 0.0046875
1 0.828125 0.40078125 0.0020833333333333333 0.0015625
1 0.50625 0.40390625 0.008333333333333333 0.0109375
1 0.8916666666666667 0.3984375 0.004166666666666667 0.003125
1 0.8 0.39921875 0.008333333333333333 0.0046875
1 0.9104166666666667 0.40078125 0.020833333333333332 0.0109375
1 0.8802083333333334 0.39453125 0.0020833333333333333 0.0015625
1 0.5208333333333334 0.40078125 0.0125 0.0140625
1 0.8854166666666666 0.39296875 0.004166666666666667 0.0015625
1 0.49895833333333334 0.39609375 0.014583333333333334 0.0078125
1 0.9104166666666667 0.390625 0.004166666666666667 0.003125
1 0.8854166666666666 0.3890625 0.004166666666666667 0.003125
1 0.48125 0.3890625 0.004166666666666667 0.003125
1 0.4739583333333333 0.390625 0.014583333333333334 0.00625
1 0.890625 0.38671875 0.0020833333333333333 0.0015625
1 0.8760416666666667 0.3875 0.00625 0.00625
1 0.86875 0.38671875 0.004166666666666667 0.0046875
1 0.5822916666666667 0.38515625 0.0020833333333333333 0.0015625
1 0.7822916666666667 0.38359375 0.0020833333333333333 0.0015625
1 0.596875 0.38359375 0.0020833333333333333 0.0015625
1 0.5760416666666667 0.384375 0.00625 0.003125
1 0.04895833333333333 0.38359375 0.0020833333333333333 0.0015625
1 0.890625 0.38203125 0.0020833333333333333 0.0015625
1 0.88125 0.38359375 0.008333333333333333 0.0046875
1 0.9791666666666666 0.38046875 0.004166666666666667 0.0015625
1 0.878125 0.37890625 0.0020833333333333333 0.0015625
1 0.036458333333333336 0.37890625 0.00625 0.0015625
1 0.884375 0.37578125 0.0020833333333333333 0.0015625
1 0.89375 0.37421875 0.004166666666666667 0.0015625
1 0.7770833333333333 0.37265625 0.004166666666666667 0.0015625
1 0.765625 0.37265625 0.0020833333333333333 0.0015625
1 0.759375 0.37109375 0.0020833333333333333 0.0015625
1 0.75625 0.36796875 0.004166666666666667 0.0015625
1 0.8885416666666667 0.36484375 0.0020833333333333333 0.0015625
1 0.484375 0.36484375 0.00625 0.0015625
1 0.8885416666666667 0.36171875 0.0020833333333333333 0.0015625
1 0.44375 0.39609375 0.12916666666666668 0.0703125
1 0.2875 0.3640625 0.008333333333333333 0.00625
1 0.03125 0.3640625 0.004166666666666667 0.00625
1 0.8927083333333333 0.36015625 0.0020833333333333333 0.0015625
1 0.8614583333333333 0.3671875 0.022916666666666665 0.015625
1 0.8020833333333334 0.36640625 0.0375 0.0140625
1 0.490625 0.3609375 0.010416666666666666 0.003125
1 0.009375 0.37578125 0.01875 0.0390625
1 0.55 0.35859375 0.004166666666666667 0.0078125
1 0.03854166666666667 0.35546875 0.0020833333333333333 0.0015625
1 0.9708333333333333 0.35390625 0.004166666666666667 0.0015625
1 0.7572916666666667 0.353125 0.0020833333333333333 0.003125
1 0.8864583333333333 0.3546875 0.01875 0.009375
1 0.546875 0.3515625 0.00625 0.003125
1 0.03958333333333333 0.3515625 0.004166666666666667 0.003125
1 0.3260416666666667 0.34765625 0.0020833333333333333 0.0015625
1 0.321875 0.34765625 0.0020833333333333333 0.0015625
1 0.3458333333333333 0.353125 0.016666666666666666 0.015625
1 0.03958333333333333 0.346875 0.004166666666666667 0.003125
1 0.03125 0.34609375 0.008333333333333333 0.0046875
1 0.026041666666666668 0.34140625 0.0020833333333333333 0.0015625
1 0.9875 0.3515625 0.025 0.028125
1 0.753125 0.33828125 0.0020833333333333333 0.0015625
1 0.553125 0.340625 0.0020833333333333333 0.00625
1 0.74375 0.33671875 0.004166666666666667 0.0015625
1 0.7239583333333334 0.33671875 0.0020833333333333333 0.0015625
1 0.8041666666666667 0.33671875 0.004166666666666667 0.0046875
1 0.034375 0.33203125 0.01875 0.0015625
1 0.016666666666666666 0.33828125 0.016666666666666666 0.0171875
1 0.046875 0.32890625 0.0020833333333333333 0.0015625
1 0.49375 0.328125 0.020833333333333332 0.00625
1 0.3885416666666667 0.33046875 0.010416666666666666 0.0109375
1 0.2635416666666667 0.3265625 0.0020833333333333333 0.003125
1 0.7135416666666666 0.32265625 0.0020833333333333333 0.0015625
1 0.31145833333333334 0.32265625 0.0020833333333333333 0.0015625
1 0.09375 0.32109375 0.004166666666666667 0.0015625
1 0.06354166666666666 0.32109375 0.0020833333333333333 0.0015625
1 0.35520833333333335 0.32890625 0.03958333333333333 0.0203125
1 0.31354166666666666 0.31953125 0.0020833333333333333 0.0015625
1 0.04479166666666667 0.3203125 0.00625 0.003125
1 0.059375 0.31796875 0.0020833333333333333 0.0015625
1 0.05416666666666667 0.31484375 0.004166666666666667 0.0015625
1 0.04791666666666667 0.31640625 0.008333333333333333 0.0046875
1 0.325 0.31171875 0.008333333333333333 0.0046875
1 0.23854166666666668 0.30546875 0.0020833333333333333 0.0015625
1 0.84375 0.31796875 0.04583333333333333 0.0296875
1 0.5364583333333334 0.29921875 0.0020833333333333333 0.0015625
1 0.225 0.2984375 0.004166666666666667 0.003125
1 0.23645833333333333 0.29140625 0.0020833333333333333 0.0015625
1 0.030208333333333334 0.290625 0.0020833333333333333 0.003125
1 0.7354166666666667 0.28046875 0.004166666666666667 0.0015625
1 0.7447916666666666 0.27578125 0.0020833333333333333 0.0015625
1 0.740625 0.27421875 0.0020833333333333333 0.0015625
1 0.5114583333333333 0.27421875 0.0020833333333333333 0.0015625
1 0.7041666666666667 0.2640625 0.004166666666666667 0.003125
1 0.5291666666666667 0.278125 0.029166666666666667 0.03125
1 0.43020833333333336 0.26171875 0.0020833333333333333 0.0015625
1 0.8104166666666667 0.2625 0.004166666666666667 0.00625
1 0.9197916666666667 0.3890625 0.16041666666666668 0.2625
1 0.6947916666666667 0.25859375 0.0020833333333333333 0.0015625
1 0.46875 0.32890625 0.20416666666666666 0.1421875
1 0.010416666666666666 0.27109375 0.020833333333333332 0.0265625
1 0.7052083333333333 0.2578125 0.010416666666666666 0.003125
1 0.690625 0.25703125 0.0020833333333333333 0.0015625
1 0.8791666666666667 0.25625 0.004166666666666667 0.003125
1 0.6864583333333333 0.25546875 0.0020833333333333333 0.0015625
1 0.8739583333333333 0.25390625 0.0020833333333333333 0.0015625
1 0.7791666666666667 0.26484375 0.016666666666666666 0.0265625
1 0.8677083333333333 0.25078125 0.0020833333333333333 0.0015625
1 0.76875 0.253125 0.004166666666666667 0.00625
1 0.690625 0.25078125 0.0020833333333333333 0.0015625
1 0.4114583333333333 0.2609375 0.03125 0.021875
1 0.23020833333333332 0.24921875 0.0020833333333333333 0.0015625
1 0.690625 0.24765625 0.0020833333333333333 0.0015625
1 0.7260416666666667 0.26015625 0.03125 0.0296875
1 0.6875 0.23984375 0.004166666666666667 0.0015625
1 0.696875 0.246875 0.014583333333333334 0.01875
1 0.3697916666666667 0.2390625 0.00625 0.009375
1 0.33541666666666664 0.246875 0.05 0.03125
1 0.21979166666666666 0.2328125 0.0020833333333333333 0.003125
1 0.22395833333333334 0.23046875 0.0020833333333333333 0.0015625
1 0.9989583333333333 0.2296875 0.0020833333333333333 0.003125
1 0.934375 0.25078125 0.06875 0.0453125
1 0.8572916666666667 0.23984375 0.035416666666666666 0.0234375
1 0.041666666666666664 0.2296875 0.008333333333333333 0.003125
1 0.03333333333333333 0.22890625 0.004166666666666667 0.0015625
1 0.66875 0.228125 0.004166666666666667 0.003125
1 0.6614583333333334 0.22734375 0.0020833333333333333 0.0015625
1 0.46875 0.228125 0.004166666666666667 0.003125
1 0.434375 0.22734375 0.0020833333333333333 0.0015625
1 0.228125 0.22734375 0.0020833333333333333 0.0015625
1 0.8802083333333334 0.22734375 0.01875 0.0046875
1 0.865625 0.22734375 0.00625 0.0046875
1 0.8052083333333333 0.2375 0.027083333333333334 0.025
1 0.7208333333333333 0.22734375 0.008333333333333333 0.0046875
1 0.6739583333333333 0.22578125 0.0020833333333333333 0.0015625
1 0.030208333333333334 0.22578125 0.0020833333333333333 0.0015625
1 0.45 0.2359375 0.03333333333333333 0.025
1 0.42291666666666666 0.2234375 0.008333333333333333 0.00625
1 0.0020833333333333333 0.21796875 0.004166666666666667 0.0015625
1 0.9010416666666666 0.221875 0.00625 0.0125
1 0.04895833333333333 0.2171875 0.00625 0.003125
1 0.036458333333333336 0.2171875 0.0020833333333333333 0.003125
1 0.6791666666666667 0.215625 0.004166666666666667 0.00625
1 0.440625 0.21640625 0.014583333333333334 0.0078125
1 0.026041666666666668 0.21328125 0.0020833333333333333 0.0015625
1 0.946875 0.21015625 0.0020833333333333333 0.0015625
1 0.9416666666666667 0.2109375 0.004166666666666667 0.003125
1 0.0020833333333333333 0.2109375 0.004166666666666667 0.003125
1 0.6739583333333333 0.20703125 0.0020833333333333333 0.0015625
1 0.3854166666666667 0.2140625 0.025 0.015625
1 0.66875 0.2046875 0.004166666666666667 0.003125
1 0.9822916666666667 0.21484375 0.035416666666666666 0.0265625
1 0.057291666666666664 0.20234375 0.0020833333333333333 0.0015625
1 0.036458333333333336 0.203125 0.0020833333333333333 0.003125
1 0.9572916666666667 0.2015625 0.0020833333333333333 0.003125
1 0.3020833333333333 0.20625 0.008333333333333333 0.0125
1 0.95 0.2 0.008333333333333333 0.003125
1 0.9125 0.20859375 0.05416666666666667 0.0234375
1 0.31354166666666666 0.19765625 0.0020833333333333333 0.0015625
1 0.8375 0.19765625 0.004166666666666667 0.0046875
1 0.8083333333333333 0.20234375 0.016666666666666666 0.0171875
1 0.7979166666666667 0.1921875 0.004166666666666667 0.003125
1 0.034375 0.19140625 0.0020833333333333333 0.0015625
1 0.921875 0.18984375 0.0020833333333333333 0.0015625
1 0.7854166666666667 0.20078125 0.03333333333333333 0.0234375
1 0.9145833333333333 0.19296875 0.008333333333333333 0.0109375
1 0.04479166666666667 0.1859375 0.00625 0.003125
1 0.035416666666666666 0.18671875 0.008333333333333333 0.0046875
1 0.47604166666666664 0.20703125 0.09375 0.0484375
1 0.05520833333333333 0.17890625 0.0020833333333333333 0.0015625
1 0.409375 0.19453125 0.01875 0.0390625
1 0.04895833333333333 0.175 0.00625 0.003125
1 0.853125 0.1703125 0.0020833333333333333 0.003125
1 0.48541666666666666 0.1671875 0.03333333333333333 0.003125
1 0.030208333333333334 0.16953125 0.027083333333333334 0.0078125
1 0.19583333333333333 0.16171875 0.004166666666666667 0.0015625
1 0.271875 0.1671875 0.022916666666666665 0.015625
1 0.49166666666666664 0.15859375 0.004166666666666667 0.0015625
1 0.8791666666666667 0.1640625 0.04583333333333333 0.015625
1 0.4864583333333333 0.1578125 0.0020833333333333333 0.003125
1 0.034375 0.15234375 0.010416666666666666 0.0046875
1 0.665625 0.14921875 0.0020833333333333333 0.0015625
1 0.653125 0.1484375 0.00625 0.003125
1 0.005208333333333333 0.1484375 0.010416666666666666 0.00625
1 0.040625 0.14453125 0.0020833333333333333 0.0015625
1 0.6697916666666667 0.14453125 0.010416666666666666 0.0046875
1 0.04479166666666667 0.14296875 0.0020833333333333333 0.0015625
1 0.9885416666666667 0.1484375 0.022916666666666665 0.01875
1 0.9625 0.146875 0.029166666666666667 0.025
1 0.9177083333333333 0.14453125 0.03125 0.0328125
1 0.8083333333333333 0.1515625 0.07916666666666666 0.05
1 0.33229166666666665 0.1484375 0.04791666666666667 0.046875
1 0.9208333333333333 0.12109375 0.008333333333333333 0.0046875
1 0.478125 0.1265625 0.06875 0.028125
1 0.034375 0.10390625 0.0020833333333333333 0.0015625
1 0.8729166666666667 0.10625 0.0125 0.009375
1 0.16770833333333332 0.10234375 0.0020833333333333333 0.0015625
1 0.034375 0.09921875 0.0020833333333333333 0.0015625
1 0.196875 0.1 0.022916666666666665 0.009375
1 0.38125 0.09609375 0.008333333333333333 0.0109375
1 0.046875 0.08203125 0.0020833333333333333 0.0015625
1 0.051041666666666666 0.08046875 0.0020833333333333333 0.0015625
1 0.9135416666666667 0.1 0.04791666666666667 0.05
1 0.33229166666666665 0.08046875 0.014583333333333334 0.0109375
1 0.46041666666666664 0.0765625 0.016666666666666666 0.009375
1 0.315625 0.07421875 0.014583333333333334 0.0046875
1 0.8697916666666666 0.071875 0.0020833333333333333 0.003125
1 0.39375 0.0734375 0.008333333333333333 0.00625
1 0.4895833333333333 0.0734375 0.020833333333333332 0.0125
1 0.7979166666666667 0.0875 0.0375 0.05
1 0.31354166666666666 0.0578125 0.010416666666666666 0.00625
1 0.375 0.059375 0.0125 0.015625
1 0.30520833333333336 0.05234375 0.0020833333333333333 0.0015625
1 0.04583333333333333 0.0515625 0.004166666666666667 0.003125
1 0.040625 0.05078125 0.0020833333333333333 0.0015625
1 0.03229166666666667 0.05078125 0.0020833333333333333 0.0015625
1 0.028125 0.05234375 0.0020833333333333333 0.0046875
1 0.6708333333333333 0.0484375 0.004166666666666667 0.00625
1 0.021875 0.04453125 0.0020833333333333333 0.0015625
1 0.013541666666666667 0.04375 0.0020833333333333333 0.003125
1 0.008333333333333333 0.0421875 0.004166666666666667 0.003125
1 0.9322916666666666 0.04765625 0.01875 0.0171875
1 0.4083333333333333 0.04921875 0.03333333333333333 0.0296875
1 0.196875 0.03828125 0.00625 0.0078125
1 0.6875 0.02109375 0.0125 0.0078125
1 0.007291666666666667 0.0171875 0.014583333333333334 0.009375
1 0.4041666666666667 0.02109375 0.025 0.0203125
1 0.34791666666666665 0.02734375 0.0375 0.0328125
1 0.31145833333333334 0.0171875 0.010416666666666666 0.015625
1 0.228125 0.0109375 0.00625 0.009375
1 0.029166666666666667 0.0078125 0.008333333333333333 0.00625
1 0.052083333333333336 0.00546875 0.016666666666666666 0.0078125
1 0.821875 0.04453125 0.17708333333333334 0.0890625
1 0.44479166666666664 0.00234375 0.022916666666666665 0.0046875
1 0.41041666666666665 0.00234375 0.025 0.0046875
