0 0.8833333333333333 0.63359375 0.008333333333333333 0.0140625
0 0.7979166666666667 0.61640625 0.004166666666666667 0.0046875
0 0.8416666666666667 0.6203125 0.0625 0.0375
0 0.3697916666666667 0.60078125 0.00625 0.0015625
0 0.803125 0.59765625 0.0020833333333333333 0.0015625
0 0.8354166666666667 0.5984375 0.004166666666666667 0.00625
0 0.8302083333333333 0.59375 0.0020833333333333333 0.00625
0 0.4635416666666667 0.59140625 0.0020833333333333333 0.0015625
0 0.259375 0.5890625 0.00625 0.003125
0 0.253125 0.58828125 0.0020833333333333333 0.0015625
0 0.2677083333333333 0.58515625 0.0020833333333333333 0.0015625
0 0.7895833333333333 0.5953125 0.0125 0.028125
0 0.4197916666666667 0.596875 0.052083333333333336 0.04375
0 0.434375 0.57265625 0.0020833333333333333 0.0015625
0 0.23958333333333334 0.5640625 0.0375 0.028125
0 0.46875 0.5515625 0.004166666666666667 0.009375
0 0.43645833333333334 0.5484375 0.00625 0.003125
0 0.19583333333333333 0.54765625 0.004166666666666667 0.0015625
0 0.2635416666666667 0.5546875 0.022916666666666665 0.05625
0 0.534375 0.52265625 0.0020833333333333333 0.0015625
0 0.765625 0.52421875 0.027083333333333334 0.0265625
0 0.5479166666666667 0.51015625 0.008333333333333333 0.0046875
0 0.940625 0.49921875 0.010416666666666666 0.0046875
0 0.275 0.4953125 0.016666666666666666 0.009375
0 0.26458333333333334 0.4890625 0.004166666666666667 0.00625
0 0.5916666666666667 0.50078125 0.029166666666666667 0.0390625
0 0.6302083333333334 0.48046875 0.0020833333333333333 0.0015625
0 0.815625 0.47734375 0.0020833333333333333 0.0015625
0 0.6145833333333334 0.4796875 0.0125 0.00625
0 0.246875 0.47734375 0.0020833333333333333 0.0015625
0 0.240625 0.47578125 0.00625 0.0015625
0 0.9989583333333333 0.47421875 0.0020833333333333333 0.0015625
0 0.9114583333333334 0.47890625 0.010416666666666666 0.0109375
0 0.22916666666666666 0.47578125 0.0125 0.0046875
0 0.971875 0.4734375 0.010416666666666666 0.00625
0 0.83125 0.4859375 0.0625 0.0375
0 0.8052083333333333 0.46171875 0.0020833333333333333 0.0015625
0 0.6458333333333334 0.46953125 0.025 0.0171875
0 0.6677083333333333 0.4625 0.00625 0.00625
0 0.19791666666666666 0.4640625 0.004166666666666667 0.0125
0 0.803125 0.45625 0.00625 0.009375
0 0.32083333333333336 0.45234375 0.008333333333333333 0.0046875
0 0.675 0.45234375 0.008333333333333333 0.0078125
0 0.896875 0.4515625 0.027083333333333334 0.021875
0 0.928125 0.565625 0.14375 0.25625
0 0.646875 0.43515625 0.010416666666666666 0.0046875
0 0.4479166666666667 0.42890625 0.004166666666666667 0.0046875
0 0.7947916666666667 0.42265625 0.0020833333333333333 0.0015625
0 0.4510416666666667 0.4078125 0.010416666666666666 0.015625
0 0.43020833333333336 0.40703125 0.01875 0.0140625
0 0.8260416666666667 0.40234375 0.08125 0.0421875
0 0.8354166666666667 0.37890625 0.008333333333333333 0.0078125
0 0.8635416666666667 0.37265625 0.0020833333333333333 0.0015625
0 0.9208333333333333 0.3640625 0.15833333333333333 0.1375
0 0.9520833333333333 0.25546875 0.09583333333333334 0.0921875
0 0.934375 0.20703125 0.0020833333333333333 0.0015625
0 0.93125 0.19765625 0.004166666666666667 0.0046875
0 0.9864583333333333 0.13515625 0.0020833333333333333 0.0015625
0 0.9895833333333334 0.13984375 0.020833333333333332 0.0234375
0 0.934375 0.13125 0.010416666666666666 0.00625
0 0.8489583333333334 0.13203125 0.010416666666666666 0.0140625
0 0.809375 0.09296875 0.00625 0.0015625
0 0.8 0.0890625 0.004166666666666667 0.003125
0 0.6458333333333334 0.0921875 0.004166666666666667 0.009375
0 0.5010416666666667 0.08828125 0.0020833333333333333 0.0078125
0 0.8083333333333333 0.08515625 0.0125 0.0109375
0 0.6052083333333333 0.08125 0.014583333333333334 0.00625
0 0.6177083333333333 0.07734375 0.00625 0.0015625
0 0.675 0.084375 0.025 0.01875
0 0.6239583333333333 0.07578125 0.0020833333333333333 0.0015625
0 0.521875 0.08125 0.00625 0.0125
0 0.8760416666666667 0.07421875 0.0020833333333333333 0.0015625
0 0.8520833333333333 0.090625 0.05416666666666667 0.0375
0 0.5364583333333334 0.0734375 0.0020833333333333333 0.003125
0 0.890625 0.07734375 0.01875 0.0140625
0 0.9864583333333333 0.06953125 0.0020833333333333333 0.0015625
0 0.6302083333333334 0.0703125 0.0020833333333333333 0.003125
0 0.9989583333333333 0.06875 0.0020833333333333333 0.003125
0 0.7822916666666667 0.071875 0.014583333333333334 0.009375
0 0.5635416666666667 0.06796875 0.0020833333333333333 0.0015625
0 0.7833333333333333 0.06484375 0.004166666666666667 0.0015625
0 0.66875 0.0640625 0.004166666666666667 0.003125
0 0.784375 0.05703125 0.0020833333333333333 0.0015625
0 0.534375 0.059375 0.010416666666666666 0.009375
0 0.996875 0.05703125 0.00625 0.0078125
0 0.503125 0.04921875 0.0020833333333333333 0.0015625
0 0.621875 0.04609375 0.00625 0.0046875
0 0.8302083333333333 0.04140625 0.0020833333333333333 0.0015625
0 0.8052083333333333 0.04921875 0.035416666666666666 0.0203125
0 0.871875 0.03828125 0.0020833333333333333 0.0015625
0 0.8625 0.0359375 0.008333333333333333 0.00625
0 0.865625 0.03203125 0.0020833333333333333 0.0015625
0 0.5333333333333333 0.03515625 0.025 0.0078125
0 0.859375 0.03046875 0.0020833333333333333 0.0015625
0 0.484375 0.0296875 0.0020833333333333333 0.003125
0 0.4666666666666667 0.03046875 0.004166666666666667 0.0078125
0 0.6114583333333333 0.02734375 0.00625 0.0046875
0 0.49375 0.02890625 0.0125 0.0109375
0 0.8708333333333333 0.02421875 0.004166666666666667 0.0046875
0 0.47291666666666665 0.0203125 0.0125 0.009375
0 0.6083333333333333 0.01796875 0.016666666666666666 0.0078125
0 0.49166666666666664 0.01640625 0.004166666666666667 0.0046875
0 0.8895833333333333 0.0140625 0.004166666666666667 0.003125
0 0.4822916666666667 0.0140625 0.00625 0.003125
0 0.8864583333333333 0.0078125 0.0020833333333333333 0.003125
0 0.48333333333333334 0.00859375 0.004166666666666667 0.0046875
0 0.8916666666666667 0.00546875 0.004166666666666667 0.0046875
0 0.8125 0.021875 0.03333333333333333 0.0375
0 0.9979166666666667 0.00390625 0.004166666666666667 0.0078125
0 0.9927083333333333 0.00078125 0.0020833333333333333 0.0015625
0 0.94375 0.05390625 0.1125 0.1078125
0 0.859375 0.02109375 0.04791666666666667 0.0421875
0 0.8208333333333333 0.00078125 0.004166666666666667 0.0015625
1 0.140625 0.97890625 0.0020833333333333333 0.0015625
1 0.21770833333333334 0.97421875 0.0020833333333333333 0.0015625
1 0.14583333333333334 0.971875 0.0125 0.009375
1 0.21666666666666667 0.96484375 0.004166666666666667 0.0046875
1 0.18229166666666666 0.96328125 0.0020833333333333333 0.0015625
1 0.21979166666666666 0.96015625 0.0020833333333333333 0.0015625
1 0.184375 0.95859375 0.0020833333333333333 0.0015625
1 0.234375 0.95703125 0.0020833333333333333 0.0015625
1 0.20520833333333333 0.95390625 0.0020833333333333333 0.0015625
1 0.18958333333333333 0.95390625 0.004166666666666667 0.0046875
1 0.13645833333333332 0.95078125 0.0020833333333333333 0.0015625
1 0.21979166666666666 0.95390625 0.01875 0.0109375
1 0.24270833333333333 0.94453125 0.0020833333333333333 0.0015625
1 0.190625 0.9453125 0.0020833333333333333 0.00625
1 0.11979166666666667 0.94453125 0.010416666666666666 0.0046875
1 0.17604166666666668 0.93671875 0.0020833333333333333 0.0015625
1 0.16979166666666667 0.93671875 0.0020833333333333333 0.0015625
1 0.19791666666666666 0.9390625 0.008333333333333333 0.009375
1 0.18229166666666666 0.9359375 0.0020833333333333333 0.003125
1 0.178125 0.93359375 0.0020833333333333333 0.0015625
1 0.103125 0.93359375 0.0020833333333333333 0.0015625
1 0.20416666666666666 0.93125 0.004166666666666667 0.003125
1 0.18854166666666666 0.93203125 0.010416666666666666 0.0046875
1 0.20729166666666668 0.9328125 0.010416666666666666 0.009375
1 0.20104166666666667 0.92265625 0.0020833333333333333 0.0015625
1 0.13645833333333332 0.91953125 0.0020833333333333333 0.0015625
1 0.103125 0.91796875 0.0020833333333333333 0.0015625
1 0.128125 0.91640625 0.0020833333333333333 0.0015625
1 0.109375 0.91484375 0.0020833333333333333 0.0015625
1 0.23854166666666668 0.91328125 0.0020833333333333333 0.0015625
1 0.23229166666666667 0.9140625 0.0020833333333333333 0.003125
1 0.23541666666666666 0.93046875 0.0625 0.0421875
1 0.25729166666666664 0.90859375 0.0020833333333333333 0.0015625
1 0.23229166666666667 0.90703125 0.0020833333333333333 0.0015625
1 0.12916666666666668 0.91171875 0.0125 0.0109375
1 0.15833333333333333 0.90390625 0.004166666666666667 0.0046875
1 0.12291666666666666 0.903125 0.008333333333333333 0.003125
1 0.14166666666666666 0.93359375 0.07916666666666666 0.0640625
1 0.24895833333333334 0.9015625 0.010416666666666666 0.003125
1 0.15104166666666666 0.91171875 0.022916666666666665 0.0234375
1 0.234375 0.89765625 0.0020833333333333333 0.0015625
1 0.12395833333333334 0.8984375 0.010416666666666666 0.003125
1 0.24895833333333334 0.89453125 0.0020833333333333333 0.0015625
1 0.134375 0.89921875 0.00625 0.0109375
1 0.215625 0.89296875 0.0020833333333333333 0.0015625
1 0.23541666666666666 0.8921875 0.004166666666666667 0.003125
1 0.13020833333333334 0.89140625 0.0020833333333333333 0.0015625
1 0.12291666666666666 0.89296875 0.004166666666666667 0.0046875
1 0.21354166666666666 0.88671875 0.0020833333333333333 0.0015625
1 0.140625 0.88359375 0.00625 0.0046875
1 0.153125 0.87421875 0.0020833333333333333 0.0015625
1 0.184375 0.87265625 0.010416666666666666 0.0046875
1 0.14479166666666668 0.871875 0.0020833333333333333 0.003125
1 0.190625 0.86640625 0.0020833333333333333 0.0015625
1 0.18333333333333332 0.865625 0.004166666666666667 0.003125
1 0.196875 0.86328125 0.0020833333333333333 0.0015625
1 0.15104166666666666 0.86484375 0.0020833333333333333 0.0078125
1 0.19895833333333332 0.85859375 0.0020833333333333333 0.0015625
1 0.15729166666666666 0.85703125 0.0020833333333333333 0.0015625
1 0.18229166666666666 0.859375 0.00625 0.009375
1 0.203125 0.85546875 0.0020833333333333333 0.0046875
1 0.2 0.8515625 0.004166666666666667 0.003125
1 0.19270833333333334 0.8546875 0.00625 0.009375
1 0.196875 0.84609375 0.0020833333333333333 0.0015625
1 0.20625 0.84375 0.004166666666666667 0.003125
1 0.19895833333333332 0.84296875 0.0020833333333333333 0.0015625
1 0.140625 0.84296875 0.0020833333333333333 0.0015625
1 0.1625 0.8421875 0.004166666666666667 0.003125
1 0.20729166666666668 0.83828125 0.0020833333333333333 0.0015625
1 0.165625 0.83828125 0.0020833333333333333 0.0015625
1 0.15520833333333334 0.840625 0.00625 0.00625
1 0.14583333333333334 0.83984375 0.004166666666666667 0.0046875
1 0.14895833333333333 0.83203125 0.0020833333333333333 0.0046875
1 0.15729166666666666 0.8296875 0.0020833333333333333 0.00625
1 0.153125 0.82734375 0.0020833333333333333 0.0015625
1 0.14375 0.828125 0.004166666666666667 0.003125
1 0.14895833333333333 0.82578125 0.0020833333333333333 0.0015625
1 0.5916666666666667 0.79609375 0.020833333333333332 0.0203125
1 0.596875 0.78359375 0.0020833333333333333 0.0015625
1 0.6354166666666666 0.7234375 0.004166666666666667 0.00625
1 0.9177083333333333 0.69765625 0.0020833333333333333 0.0015625
1 0.9104166666666667 0.68984375 0.008333333333333333 0.0140625
1 0.9489583333333333 0.67890625 0.00625 0.0109375
1 0.9447916666666667 0.6734375 0.0020833333333333333 0.003125
1 0.9989583333333333 0.66796875 0.0020833333333333333 0.0015625
1 0.96875 0.66796875 0.0125 0.0015625
1 0.946875 0.66875 0.0020833333333333333 0.003125
1 0.95625 0.6671875 0.008333333333333333 0.003125
1 0.9010416666666666 0.6703125 0.00625 0.009375
1 0.8947916666666667 0.66171875 0.0020833333333333333 0.0015625
1 0.8958333333333334 0.65625 0.008333333333333333 0.009375
1 0.878125 0.64296875 0.0020833333333333333 0.0015625
1 0.8145833333333333 0.64140625 0.004166666666666667 0.0015625
1 0.865625 0.63359375 0.010416666666666666 0.0046875
1 0.41770833333333335 0.62421875 0.0020833333333333333 0.0015625
1 0.4239583333333333 0.621875 0.00625 0.003125
1 0.41354166666666664 0.62109375 0.0020833333333333333 0.0015625
1 0.4739583333333333 0.61640625 0.0020833333333333333 0.0015625
1 0.903125 0.6265625 0.022916666666666665 0.025
1 0.790625 0.61484375 0.0020833333333333333 0.0015625
1 0.39791666666666664 0.615625 0.004166666666666667 0.003125
1 0.3885416666666667 0.6109375 0.0020833333333333333 0.003125
1 0.365625 0.60546875 0.00625 0.0015625
1 0.5 0.60625 0.0125 0.00625
1 0.37916666666666665 0.6046875 0.016666666666666666 0.00625
1 0.45729166666666665 0.6109375 0.022916666666666665 0.028125
1 0.48854166666666665 0.59609375 0.0020833333333333333 0.0015625
1 0.45625 0.59296875 0.004166666666666667 0.0015625
1 0.35520833333333335 0.5984375 0.010416666666666666 0.0125
1 0.9895833333333334 0.61015625 0.020833333333333332 0.0453125
1 0.4947916666666667 0.59296875 0.03125 0.0140625
1 0.490625 0.58671875 0.0020833333333333333 0.0015625
1 0.47604166666666664 0.58671875 0.0020833333333333333 0.0015625
1 0.23854166666666668 0.5890625 0.014583333333333334 0.009375
1 0.7729166666666667 0.5859375 0.004166666666666667 0.01875
1 0.778125 0.578125 0.0020833333333333333 0.00625
1 0.46979166666666666 0.57578125 0.0020833333333333333 0.0015625
1 0.4739583333333333 0.57421875 0.0020833333333333333 0.0015625
1 0.4583333333333333 0.57578125 0.008333333333333333 0.0046875
1 0.465625 0.57421875 0.010416666666666666 0.0046875
1 0.7739583333333333 0.57109375 0.0020833333333333333 0.0015625
1 0.46770833333333334 0.56953125 0.0020833333333333333 0.0015625
1 0.44166666666666665 0.575 0.008333333333333333 0.0125
1 0.471875 0.56796875 0.0020833333333333333 0.0015625
1 0.7729166666666667 0.56640625 0.008333333333333333 0.0046875
1 0.49895833333333334 0.565625 0.0020833333333333333 0.003125
1 0.49270833333333336 0.565625 0.00625 0.00625
1 0.396875 0.571875 0.027083333333333334 0.025
1 0.3572916666666667 0.56796875 0.014583333333333334 0.0171875
1 0.8447916666666667 0.55546875 0.0020833333333333333 0.0015625
1 0.48541666666666666 0.55703125 0.008333333333333333 0.0109375
1 0.21458333333333332 0.55234375 0.004166666666666667 0.0015625
1 0.475 0.55703125 0.008333333333333333 0.0140625
1 0.19375 0.5515625 0.004166666666666667 0.003125
1 0.503125 0.55546875 0.01875 0.0140625
1 0.17604166666666668 0.54921875 0.00625 0.0015625
1 0.16458333333333333 0.54921875 0.004166666666666667 0.0015625
1 0.7604166666666666 0.55234375 0.0125 0.0109375
1 0.496875 0.54453125 0.0020833333333333333 0.0015625
1 0.753125 0.54140625 0.0020833333333333333 0.0015625
1 0.2760416666666667 0.5421875 0.0020833333333333333 0.00625
1 0.9552083333333333 0.53203125 0.00625 0.0046875
1 0.5739583333333333 0.53046875 0.00625 0.0015625
1 0.5614583333333333 0.52578125 0.0020833333333333333 0.0015625
1 0.42604166666666665 0.52578125 0.0020833333333333333 0.0015625
1 0.26145833333333335 0.5234375 0.010416666666666666 0.003125
1 0.8447916666666667 0.52265625 0.010416666666666666 0.0046875
1 0.7447916666666666 0.521875 0.0020833333333333333 0.003125
1 0.425 0.54453125 0.12083333333333333 0.0484375
1 0.5989583333333334 0.51953125 0.0020833333333333333 0.0015625
1 0.5427083333333333 0.51875 0.00625 0.003125
1 0.9885416666666667 0.51953125 0.01875 0.0109375
1 0.43020833333333336 0.51484375 0.0020833333333333333 0.0015625
1 0.821875 0.54609375 0.06875 0.0671875
1 0.7145833333333333 0.51171875 0.004166666666666667 0.0015625
1 0.4041666666666667 0.5203125 0.04583333333333333 0.021875
1 0.7177083333333333 0.50859375 0.0020833333333333333 0.0015625
1 0.84375 0.50859375 0.008333333333333333 0.0046875
1 0.8635416666666667 0.5078125 0.00625 0.009375
1 0.8239583333333333 0.50390625 0.01875 0.0078125
1 0.734375 0.51328125 0.03125 0.0265625
1 0.43125 0.50078125 0.004166666666666667 0.0015625
1 0.7802083333333333 0.49765625 0.010416666666666666 0.0015625
1 0.7666666666666667 0.49921875 0.008333333333333333 0.0046875
1 0.7125 0.50078125 0.004166666666666667 0.0078125
1 0.2635416666666667 0.49765625 0.0020833333333333333 0.0015625
1 0.7322916666666667 0.49609375 0.0020833333333333333 0.0015625
1 0.465625 0.49765625 0.0020833333333333333 0.0046875
1 0.7958333333333333 0.49453125 0.004166666666666667 0.0015625
1 0.725 0.4953125 0.008333333333333333 0.003125
1 0.4 0.5 0.020833333333333332 0.0125
1 0.7302083333333333 0.49140625 0.0020833333333333333 0.0015625
1 0.7239583333333334 0.48984375 0.0020833333333333333 0.0015625
1 0.7135416666666666 0.48984375 0.0020833333333333333 0.0015625
1 0.7041666666666667 0.490625 0.008333333333333333 0.00625
1 0.609375 0.48828125 0.00625 0.0015625
1 0.49583333333333335 0.48828125 0.008333333333333333 0.0078125
1 0.25625 0.48828125 0.004166666666666667 0.0078125
1 0.21770833333333334 0.48515625 0.0020833333333333333 0.0015625
1 0.6447916666666667 0.48359375 0.0020833333333333333 0.0015625
1 0.734375 0.48203125 0.0020833333333333333 0.0015625
1 0.24895833333333334 0.48203125 0.00625 0.0015625
1 0.23020833333333332 0.48203125 0.0020833333333333333 0.0015625
1 0.9333333333333333 0.48984375 0.016666666666666666 0.0203125
1 0.39479166666666665 0.48359375 0.014583333333333334 0.0109375
1 0.53125 0.478125 0.004166666666666667 0.003125
1 0.43854166666666666 0.4875 0.04791666666666667 0.025
1 0.3927083333333333 0.47265625 0.0020833333333333333 0.0015625
1 0.9354166666666667 0.471875 0.004166666666666667 0.003125
1 0.428125 0.46953125 0.0020833333333333333 0.0015625
1 0.46979166666666666 0.46796875 0.0020833333333333333 0.0015625
1 0.340625 0.50625 0.07708333333333334 0.078125
1 0.19270833333333334 0.5078125 0.12291666666666666 0.08125
1 0.5197916666666667 0.46640625 0.0020833333333333333 0.0015625
1 0.5114583333333333 0.503125 0.04791666666666667 0.075
1 0.321875 0.46484375 0.0020833333333333333 0.0015625
1 0.465625 0.46328125 0.0020833333333333333 0.0015625
1 0.459375 0.4625 0.0020833333333333333 0.003125
1 0.32395833333333335 0.46171875 0.0020833333333333333 0.0015625
1 0.31145833333333334 0.46171875 0.0020833333333333333 0.0015625
1 0.3104166666666667 0.4578125 0.004166666666666667 0.003125
1 0.32708333333333334 0.45625 0.004166666666666667 0.00625
1 0.309375 0.45390625 0.0020833333333333333 0.0015625
1 0.17395833333333333 0.45390625 0.0020833333333333333 0.0015625
1 0.8760416666666667 0.48515625 0.11875 0.0734375
1 0.6166666666666667 0.4546875 0.025 0.0125
1 0.3802083333333333 0.4515625 0.010416666666666666 0.00625
1 0.6375 0.44765625 0.0125 0.0046875
1 0.6802083333333333 0.43984375 0.0020833333333333333 0.0015625
1 0.33229166666666665 0.43828125 0.0020833333333333333 0.0015625
1 0.7697916666666667 0.43671875 0.0020833333333333333 0.0015625
1 0.15729166666666666 0.43671875 0.0020833333333333333 0.0015625
1 0.8 0.44140625 0.029166666666666667 0.0140625
1 0.6770833333333334 0.434375 0.004166666666666667 0.00625
1 0.315625 0.4390625 0.03125 0.015625
1 0.9166666666666666 0.43515625 0.0125 0.0109375
1 0.9239583333333333 0.42734375 0.0020833333333333333 0.0015625
1 0.9385416666666667 0.428125 0.010416666666666666 0.00625
1 0.7760416666666666 0.4390625 0.00625 0.028125
1 0.8427083333333333 0.42421875 0.0020833333333333333 0.0015625
1 0.85 0.42265625 0.004166666666666667 0.0015625
1 0.665625 0.42265625 0.0020833333333333333 0.0015625
1 0.6614583333333334 0.42109375 0.0020833333333333333 0.0015625
1 0.65625 0.41953125 0.004166666666666667 0.0015625
1 0.4635416666666667 0.41796875 0.0020833333333333333 0.0015625
1 0.6489583333333333 0.41640625 0.0020833333333333333 0.0015625
1 0.7604166666666666 0.41640625 0.0125 0.0078125
1 0.6354166666666666 0.41328125 0.004166666666666667 0.0015625
1 0.628125 0.41328125 0.0020833333333333333 0.0015625
1 0.6260416666666667 0.41015625 0.0020833333333333333 0.0015625
1 0.3177083333333333 0.40859375 0.0020833333333333333 0.0015625
1 0.61875 0.40859375 0.004166666666666667 0.0046875
1 0.2375 0.43984375 0.14166666666666666 0.0703125
1 0.93125 0.403125 0.004166666666666667 0.003125
1 0.796875 0.4015625 0.00625 0.003125
1 0.4510416666666667 0.39921875 0.0020833333333333333 0.0015625
1 0.42604166666666665 0.40234375 0.014583333333333334 0.0078125
1 0.9833333333333333 0.41796875 0.03333333333333333 0.0453125
1 0.44479166666666664 0.39609375 0.00625 0.0046875
1 0.8229166666666666 0.39453125 0.016666666666666666 0.0046875
1 0.5697916666666667 0.446875 0.09375 0.11875
1 0.38645833333333335 0.421875 0.13958333333333334 0.10625
1 0.8354166666666667 0.3421875 0.004166666666666667 0.003125
1 0.509375 0.39765625 0.10625 0.1171875
1 0.8260416666666667 0.334375 0.014583333333333334 0.009375
1 0.7552083333333334 0.38203125 0.04791666666666667 0.1140625
1 0.8114583333333333 0.32421875 0.0020833333333333333 0.0015625
1 0.8052083333333333 0.321875 0.00625 0.003125
1 0.7854166666666667 0.32109375 0.029166666666666667 0.0078125
1 0.9385416666666667 0.30703125 0.0020833333333333333 0.0015625
1 0.909375 0.30546875 0.00625 0.0015625
1 0.94375 0.303125 0.004166666666666667 0.003125
1 0.9145833333333333 0.303125 0.004166666666666667 0.003125
1 0.9041666666666667 0.2984375 0.008333333333333333 0.003125
1 0.8916666666666667 0.290625 0.008333333333333333 0.0125
1 0.8854166666666666 0.265625 0.004166666666666667 0.034375
1 0.8666666666666667 0.23046875 0.004166666666666667 0.0015625
1 0.8979166666666667 0.2265625 0.004166666666666667 0.0125
1 0.9447916666666667 0.20859375 0.0020833333333333333 0.0015625
1 0.8833333333333333 0.2265625 0.008333333333333333 0.0375
1 0.5583333333333333 0.209375 0.008333333333333333 0.00625
1 0.9395833333333333 0.2015625 0.008333333333333333 0.009375
1 0.884375 0.1953125 0.00625 0.0125
1 0.9645833333333333 0.1953125 0.004166666666666667 0.021875
1 0.9270833333333334 0.18828125 0.0125 0.0078125
1 0.903125 0.18359375 0.0020833333333333333 0.0015625
1 0.8739583333333333 0.18046875 0.010416666666666666 0.0109375
1 0.9895833333333334 0.17265625 0.004166666666666667 0.0015625
1 0.8677083333333333 0.17265625 0.0020833333333333333 0.0015625
1 0.8739583333333333 0.17109375 0.0020833333333333333 0.0015625
1 0.903125 0.175 0.03125 0.015625
1 0.965625 0.16640625 0.0020833333333333333 0.0015625
1 0.9145833333333333 0.16484375 0.004166666666666667 0.0046875
1 0.9052083333333333 0.1625 0.00625 0.009375
1 0.9677083333333333 0.15859375 0.0020833333333333333 0.0046875
1 0.890625 0.15703125 0.0020833333333333333 0.0015625
1 0.03125 0.15390625 0.004166666666666667 0.0015625
1 0.9520833333333333 0.15390625 0.008333333333333333 0.0046875
1 0.9395833333333333 0.15546875 0.008333333333333333 0.0078125
1 0.9697916666666667 0.15234375 0.0020833333333333333 0.0046875
1 0.9197916666666667 0.15 0.0020833333333333333 0.003125
1 0.94375 0.14375 0.004166666666666667 0.003125
1 0.9510416666666667 0.14140625 0.0020833333333333333 0.0015625
1 0.9375 0.14296875 0.004166666666666667 0.0046875
1 0.925 0.13828125 0.004166666666666667 0.0015625
1 0.8833333333333333 0.1390625 0.004166666666666667 0.003125
1 0.8833333333333333 0.14921875 0.0625 0.0421875
1 0.9697916666666667 0.12734375 0.0020833333333333333 0.0015625
1 0.9489583333333333 0.12578125 0.0020833333333333333 0.0015625
1 0.615625 0.128125 0.00625 0.00625
1 0.9552083333333333 0.12578125 0.00625 0.0046875
1 0.9072916666666667 0.12421875 0.010416666666666666 0.0046875
1 0.59375 0.12734375 0.008333333333333333 0.0109375
1 0.959375 0.121875 0.0020833333333333333 0.003125
1 0.9552083333333333 0.12109375 0.0020833333333333333 0.0015625
1 0.9239583333333333 0.12265625 0.00625 0.0046875
1 0.5864583333333333 0.12109375 0.0020833333333333333 0.0015625
1 0.978125 0.121875 0.014583333333333334 0.00625
1 0.8625 0.121875 0.0125 0.00625
1 0.8375 0.121875 0.004166666666666667 0.00625
1 0.590625 0.11953125 0.0020833333333333333 0.0015625
1 0.9708333333333333 0.11875 0.004166666666666667 0.003125
1 0.9364583333333333 0.11875 0.010416666666666666 0.003125
1 0.865625 0.11875 0.0020833333333333333 0.003125
1 0.48020833333333335 0.11796875 0.0020833333333333333 0.0015625
1 0.9052083333333333 0.11640625 0.0020833333333333333 0.0015625
1 0.8385416666666666 0.11640625 0.0020833333333333333 0.0015625
1 0.47604166666666664 0.11640625 0.0020833333333333333 0.0015625
1 0.8947916666666667 0.11484375 0.0020833333333333333 0.0015625
1 0.884375 0.11484375 0.0020833333333333333 0.0015625
1 0.6291666666666667 0.1171875 0.004166666666666667 0.00625
1 0.5041666666666667 0.1171875 0.004166666666666667 0.00625
1 0.846875 0.11484375 0.010416666666666666 0.0046875
1 0.4822916666666667 0.11328125 0.0020833333333333333 0.0015625
1 0.9552083333333333 0.1109375 0.00625 0.003125
1 0.8895833333333333 0.1109375 0.004166666666666667 0.003125
1 0.9739583333333334 0.10859375 0.00625 0.0015625
1 0.86875 0.1140625 0.025 0.0125
1 0.5614583333333333 0.109375 0.00625 0.003125
1 0.5416666666666666 0.109375 0.004166666666666667 0.003125
1 0.596875 0.10625 0.00625 0.003125
1 0.55 0.109375 0.016666666666666666 0.009375
1 0.9052083333333333 0.10859375 0.014583333333333334 0.0109375
1 0.5864583333333333 0.10546875 0.010416666666666666 0.0046875
1 0.5 0.1046875 0.004166666666666667 0.003125
1 0.93125 0.10546875 0.025 0.0078125
1 0.63125 0.103125 0.004166666666666667 0.003125
1 0.5916666666666667 0.1015625 0.004166666666666667 0.003125
1 0.6604166666666667 0.09921875 0.0125 0.0046875
1 0.621875 0.09609375 0.0020833333333333333 0.0015625
1 0.9822916666666667 0.09453125 0.0020833333333333333 0.0015625
1 0.6104166666666667 0.1015625 0.016666666666666666 0.015625
1 0.6020833333333333 0.08984375 0.016666666666666666 0.0046875
1 0.9572916666666667 0.08671875 0.0020833333333333333 0.0015625
1 0.540625 0.08671875 0.0020833333333333333 0.0015625
1 0.8291666666666667 0.08671875 0.008333333333333333 0.0078125
1 0.9645833333333333 0.08359375 0.008333333333333333 0.0046875
1 0.7791666666666667 0.08359375 0.008333333333333333 0.0046875
1 0.6291666666666667 0.08125 0.0125 0.003125
1 0.48020833333333335 0.08046875 0.0020833333333333333 0.0015625
1 0.934375 0.07890625 0.0020833333333333333 0.0015625
1 0.47604166666666664 0.0796875 0.0020833333333333333 0.003125
1 0.9364583333333333 0.07578125 0.00625 0.0015625
1 0.553125 0.07421875 0.0020833333333333333 0.0015625
1 0.6635416666666667 0.07265625 0.0020833333333333333 0.0015625
1 0.4708333333333333 0.07578125 0.008333333333333333 0.0109375
1 0.7677083333333333 0.0703125 0.0020833333333333333 0.003125
1 0.8708333333333333 0.0671875 0.008333333333333333 0.003125
1 0.7927083333333333 0.06640625 0.0020833333333333333 0.0015625
1 0.8822916666666667 0.06171875 0.0020833333333333333 0.0015625
1 0.646875 0.06484375 0.00625 0.0078125
1 0.9354166666666667 0.0625 0.004166666666666667 0.00625
1 0.41458333333333336 0.05859375 0.0125 0.0046875
1 0.971875 0.0671875 0.03125 0.025
1 0.40520833333333334 0.05625 0.0020833333333333333 0.003125
1 0.403125 0.05 0.00625 0.00625
1 0.5989583333333334 0.04609375 0.0020833333333333333 0.0015625
1 0.8895833333333333 0.0453125 0.004166666666666667 0.003125
1 0.8520833333333333 0.0625 0.04583333333333333 0.0375
1 0.615625 0.05625 0.04791666666666667 0.025
1 0.48854166666666665 0.0625 0.04791666666666667 0.0375
1 0.6072916666666667 0.04140625 0.0020833333333333333 0.0015625
1 0.5385416666666667 0.04453125 0.010416666666666666 0.0078125
1 0.5916666666666667 0.0421875 0.016666666666666666 0.00625
1 0.6114583333333333 0.03671875 0.0020833333333333333 0.0015625
1 0.575 0.03828125 0.016666666666666666 0.0109375
1 0.421875 0.02734375 0.0020833333333333333 0.0015625
1 0.42604166666666665 0.02578125 0.00625 0.0046875
1 0.9989583333333333 0.02265625 0.0020833333333333333 0.0015625
1 0.884375 0.0265625 0.010416666666666666 0.015625
1 0.4427083333333333 0.02578125 0.027083333333333334 0.0171875
1 0.5677083333333334 0.0171875 0.0020833333333333333 0.003125
1 0.4114583333333333 0.01484375 0.027083333333333334 0.0171875
1 0.4239583333333333 0.0015625 0.00625 0.003125
1 0.41770833333333335 0.00078125 0.0020833333333333333 0.0015625
1 0.39791666666666664 0.00234375 0.004166666666666667 0.0046875
2 0.17291666666666666 0.96015625 0.004166666666666667 0.0015625
2 0.21979166666666666 0.953125 0.014583333333333334 0.00625
2 0.18020833333333333 0.94921875 0.0020833333333333333 0.0015625
2 0.16041666666666668 0.95390625 0.0125 0.0171875
2 0.18229166666666666 0.93671875 0.0020833333333333333 0.0015625
2 0.13854166666666667 0.93671875 0.010416666666666666 0.0078125
2 0.121875 0.9328125 0.00625 0.003125
2 0.1125 0.9296875 0.004166666666666667 0.003125
2 0.11770833333333333 0.928125 0.0020833333333333333 0.003125
2 0.11770833333333333 0.91796875 0.014583333333333334 0.0140625
2 0.15729166666666666 0.9109375 0.00625 0.003125
2 0.115625 0.90859375 0.0020833333333333333 0.0015625
2 0.234375 0.92734375 0.05625 0.0453125
2 0.23645833333333333 0.89296875 0.0020833333333333333 0.0015625
2 0.184375 0.86484375 0.0020833333333333333 0.0015625
2 0.196875 0.86328125 0.0020833333333333333 0.0015625
2 0.19791666666666666 0.859375 0.004166666666666667 0.003125
2 0.18333333333333332 0.86015625 0.004166666666666667 0.0046875
2 0.19895833333333332 0.85234375 0.0020833333333333333 0.0015625
2 0.19270833333333334 0.85546875 0.00625 0.0078125
2 0.15520833333333334 0.83828125 0.0020833333333333333 0.0015625
2 0.14895833333333333 0.83203125 0.0020833333333333333 0.0046875
2 0.15729166666666666 0.8296875 0.0020833333333333333 0.00625
2 0.153125 0.82734375 0.0020833333333333333 0.0015625
2 0.59375 0.79765625 0.008333333333333333 0.0046875
2 0.596875 0.78359375 0.0020833333333333333 0.0015625
2 0.9479166666666666 0.6796875 0.004166666666666667 0.003125
2 0.9989583333333333 0.66796875 0.0020833333333333333 0.0015625
2 0.9020833333333333 0.67109375 0.004166666666666667 0.0078125
2 0.4739583333333333 0.61640625 0.0020833333333333333 0.0015625
2 0.440625 0.61640625 0.0020833333333333333 0.0015625
2 0.496875 0.60859375 0.0020833333333333333 0.0015625
2 0.4947916666666667 0.6046875 0.00625 0.003125
2 0.4822916666666667 0.6046875 0.05625 0.0375
2 0.7729166666666667 0.5875 0.004166666666666667 0.0125
2 0.5114583333333333 0.55078125 0.0020833333333333333 0.0015625
2 0.271875 0.53203125 0.0020833333333333333 0.0015625
2 0.4322916666666667 0.57265625 0.16875 0.0984375
2 0.3875 0.5171875 0.004166666666666667 0.003125
2 0.7145833333333333 0.5046875 0.008333333333333333 0.015625
2 0.734375 0.50859375 0.03125 0.0296875
2 0.725 0.4953125 0.008333333333333333 0.003125
2 0.809375 0.4953125 0.03125 0.00625
2 0.7302083333333333 0.49140625 0.0020833333333333333 0.0015625
2 0.7041666666666667 0.490625 0.008333333333333333 0.00625
2 0.7177083333333333 0.48828125 0.014583333333333334 0.0046875
2 0.834375 0.484375 0.010416666666666666 0.00625
2 0.734375 0.48203125 0.0020833333333333333 0.0015625
2 0.815625 0.46953125 0.0020833333333333333 0.0015625
2 0.346875 0.49375 0.05625 0.053125
2 0.20520833333333333 0.53125 0.14375 0.128125
2 0.43020833333333336 0.46015625 0.0020833333333333333 0.0015625
2 0.18229166666666666 0.45859375 0.0020833333333333333 0.0015625
2 0.4322916666666667 0.45703125 0.0020833333333333333 0.0015625
2 0.41041666666666665 0.4578125 0.016666666666666666 0.0125
2 0.25 0.45390625 0.16666666666666666 0.0921875
2 0.8739583333333333 0.37109375 0.0020833333333333333 0.0015625
2 0.878125 0.3671875 0.0020833333333333333 0.003125
2 0.871875 0.365625 0.0020833333333333333 0.003125
2 0.8989583333333333 0.35859375 0.0020833333333333333 0.0015625
2 0.8833333333333333 0.34609375 0.008333333333333333 0.0078125
2 0.5010416666666667 0.43671875 0.36041666666666666 0.1921875
2 0.8552083333333333 0.3359375 0.0020833333333333333 0.003125
2 0.9125 0.328125 0.008333333333333333 0.00625
2 0.946875 0.32421875 0.0020833333333333333 0.0015625
2 0.940625 0.3234375 0.00625 0.003125
2 0.9489583333333333 0.32109375 0.0020833333333333333 0.0015625
2 0.8677083333333333 0.50625 0.26458333333333334 0.384375
2 0.9510416666666667 0.3109375 0.010416666666666666 0.00625
2 0.9385416666666667 0.30703125 0.0020833333333333333 0.0015625
2 0.9864583333333333 0.29765625 0.0020833333333333333 0.0015625
2 0.9947916666666666 0.29609375 0.010416666666666666 0.0015625
2 0.9864583333333333 0.28671875 0.0020833333333333333 0.0015625
2 0.8770833333333333 0.17890625 0.004166666666666667 0.0046875
2 0.9083333333333333 0.25234375 0.1 0.1703125
2 0.9052083333333333 0.1625 0.00625 0.009375
2 0.9072916666666667 0.15546875 0.0020833333333333333 0.0015625
2 0.871875 0.14609375 0.0020833333333333333 0.0015625
2 0.9364583333333333 0.14140625 0.0020833333333333333 0.0015625
2 0.925 0.13828125 0.004166666666666667 0.0015625
2 0.9854166666666667 0.13515625 0.004166666666666667 0.0015625
2 0.98125 0.18046875 0.0375 0.1046875
2 0.934375 0.13125 0.010416666666666666 0.00625
2 0.9677083333333333 0.128125 0.00625 0.003125
2 0.9427083333333334 0.12578125 0.0020833333333333333 0.0015625
2 0.8895833333333333 0.1390625 0.05416666666666667 0.028125
2 0.8489583333333334 0.13203125 0.010416666666666666 0.0140625
2 0.5958333333333333 0.12890625 0.004166666666666667 0.0078125
2 0.8677083333333333 0.125 0.00625 0.003125
2 0.925 0.1234375 0.004166666666666667 0.003125
2 0.953125 0.12421875 0.014583333333333334 0.0078125
2 0.9791666666666666 0.121875 0.016666666666666666 0.00625
2 0.859375 0.12265625 0.00625 0.0078125
2 0.8375 0.121875 0.004166666666666667 0.00625
2 0.503125 0.11953125 0.0020833333333333333 0.0015625
2 0.9708333333333333 0.11875 0.004166666666666667 0.003125
2 0.934375 0.11953125 0.00625 0.0046875
2 0.809375 0.11796875 0.0020833333333333333 0.0015625
2 0.8385416666666666 0.11640625 0.0020833333333333333 0.0015625
2 0.8947916666666667 0.11484375 0.0020833333333333333 0.0015625
2 0.884375 0.11484375 0.0020833333333333333 0.0015625
2 0.815625 0.11484375 0.0020833333333333333 0.0015625
2 0.8197916666666667 0.1140625 0.0020833333333333333 0.003125
2 0.4822916666666667 0.11328125 0.0020833333333333333 0.0015625
2 0.603125 0.11015625 0.0020833333333333333 0.0015625
2 0.9875 0.109375 0.004166666666666667 0.003125
2 0.9739583333333334 0.10859375 0.00625 0.0015625
2 0.546875 0.10859375 0.0020833333333333333 0.0015625
2 0.5447916666666667 0.10546875 0.0020833333333333333 0.0015625
2 0.49895833333333334 0.10546875 0.0020833333333333333 0.0015625
2 0.978125 0.10390625 0.0020833333333333333 0.0046875
2 0.47291666666666665 0.103125 0.004166666666666667 0.003125
2 0.8135416666666667 0.10078125 0.0020833333333333333 0.0015625
2 0.8260416666666667 0.09921875 0.0020833333333333333 0.0015625
2 0.6166666666666667 0.11484375 0.03333333333333333 0.0328125
2 0.47604166666666664 0.09921875 0.0020833333333333333 0.0015625
2 0.8072916666666666 0.0984375 0.0020833333333333333 0.003125
2 0.5708333333333333 0.10859375 0.04583333333333333 0.0265625
2 0.478125 0.09609375 0.0020833333333333333 0.0015625
2 0.9833333333333333 0.0953125 0.004166666666666667 0.00625
2 0.809375 0.09296875 0.00625 0.0015625
2 0.828125 0.08984375 0.0020833333333333333 0.0015625
2 0.8052083333333333 0.08984375 0.0020833333333333333 0.0015625
2 0.796875 0.08828125 0.010416666666666666 0.0046875
2 0.540625 0.08671875 0.0020833333333333333 0.0015625
2 0.9770833333333333 0.08671875 0.008333333333333333 0.0046875
2 0.8135416666666667 0.08515625 0.0020833333333333333 0.0015625
2 0.803125 0.084375 0.0020833333333333333 0.003125
2 0.965625 0.08359375 0.010416666666666666 0.0046875
2 0.54375 0.0828125 0.008333333333333333 0.003125
2 0.9770833333333333 0.08046875 0.0125 0.0046875
2 0.46875 0.07890625 0.004166666666666667 0.0046875
2 0.5520833333333334 0.075 0.004166666666666667 0.003125
2 0.5177083333333333 0.07421875 0.0020833333333333333 0.0015625
2 0.9927083333333333 0.0875 0.014583333333333334 0.03125
2 0.8760416666666667 0.0734375 0.0020833333333333333 0.003125
2 0.8708333333333333 0.07265625 0.004166666666666667 0.0015625
2 0.9854166666666667 0.06953125 0.004166666666666667 0.0015625
2 0.9989583333333333 0.06875 0.0020833333333333333 0.003125
2 0.8697916666666666 0.06796875 0.00625 0.0015625
2 0.5322916666666667 0.07734375 0.027083333333333334 0.0234375
2 0.515625 0.06640625 0.0020833333333333333 0.0015625
2 0.7802083333333333 0.075 0.027083333333333334 0.021875
2 0.540625 0.06484375 0.0020833333333333333 0.0015625
2 0.9041666666666667 0.09140625 0.15 0.0578125
2 0.94375 0.0625 0.004166666666666667 0.003125
2 0.9197916666666667 0.06171875 0.0020833333333333333 0.0015625
2 0.5864583333333333 0.06171875 0.0020833333333333333 0.0015625
2 0.5385416666666667 0.06171875 0.0020833333333333333 0.0015625
2 0.8833333333333333 0.06015625 0.004166666666666667 0.0046875
2 0.8614583333333333 0.0609375 0.022916666666666665 0.015625
2 0.5114583333333333 0.05234375 0.0020833333333333333 0.0015625
2 0.828125 0.0515625 0.0020833333333333333 0.003125
2 0.5 0.071875 0.03333333333333333 0.046875
2 0.475 0.053125 0.008333333333333333 0.009375
2 0.8322916666666667 0.04765625 0.00625 0.0015625
2 0.815625 0.04765625 0.00625 0.0015625
2 0.4114583333333333 0.04453125 0.0020833333333333333 0.0015625
2 0.8697916666666666 0.0453125 0.03125 0.00625
2 0.9760416666666667 0.06015625 0.04791666666666667 0.0390625
2 0.40625 0.05078125 0.029166666666666667 0.0203125
2 0.8552083333333333 0.03984375 0.0020833333333333333 0.0015625
2 0.4739583333333333 0.0390625 0.0020833333333333333 0.003125
2 0.8177083333333334 0.03828125 0.027083333333333334 0.0140625
2 0.5614583333333333 0.03203125 0.0020833333333333333 0.0015625
2 0.815625 0.03046875 0.0020833333333333333 0.0015625
2 0.8645833333333334 0.028125 0.004166666666666667 0.003125
2 0.4666666666666667 0.03046875 0.004166666666666667 0.0078125
2 0.559375 0.0265625 0.00625 0.003125
2 0.5104166666666666 0.04375 0.06666666666666667 0.040625
2 0.46145833333333336 0.02421875 0.0020833333333333333 0.0015625
2 0.4239583333333333 0.02421875 0.0020833333333333333 0.0015625
2 0.915625 0.02109375 0.0020833333333333333 0.0015625
2 0.8645833333333334 0.02109375 0.004166666666666667 0.0078125
2 0.490625 0.0171875 0.0020833333333333333 0.003125
2 0.43645833333333334 0.01640625 0.0020833333333333333 0.0015625
2 0.796875 0.01328125 0.0020833333333333333 0.0015625
2 0.8510416666666667 0.01015625 0.00625 0.0015625
2 0.48333333333333334 0.00859375 0.004166666666666667 0.0046875
2 0.6260416666666667 0.053125 0.12291666666666666 0.096875
2 0.596875 0.00390625 0.0020833333333333333 0.0015625
2 0.9760416666666667 0.01875 0.04791666666666667 0.0375
2 0.90625 0.03125 0.09583333333333334 0.0625
2 0.8625 0.0078125 0.025 0.015625
2 0.5885416666666666 0.003125 0.00625 0.00625
2 0.45729166666666665 0.0171875 0.05625 0.034375
2 0.4125 0.01171875 0.03333333333333333 0.0234375
