0 0.7947916666666667 0.9484375 0.00625 0.003125
0 0.7875 0.96328125 0.058333333333333334 0.0453125
0 0.7802083333333333 0.93125 0.010416666666666666 0.0125
0 0.7697916666666667 0.921875 0.00625 0.00625
0 0.7875 0.890625 0.025 0.04375
0 0.8770833333333333 0.86953125 0.008333333333333333 0.0109375
0 0.284375 0.61328125 0.00625 0.0015625
0 0.6333333333333333 0.5984375 0.008333333333333333 0.003125
0 0.37083333333333335 0.559375 0.008333333333333333 0.003125
0 0.3375 0.5515625 0.004166666666666667 0.003125
0 0.384375 0.546875 0.010416666666666666 0.00625
0 0.2708333333333333 0.54609375 0.016666666666666666 0.0140625
0 0.22916666666666666 0.53984375 0.03333333333333333 0.0171875
0 0.30416666666666664 0.52734375 0.008333333333333333 0.0015625
0 0.109375 0.525 0.014583333333333334 0.00625
0 0.065625 0.51953125 0.0020833333333333333 0.0015625
0 0.41458333333333336 0.51640625 0.004166666666666667 0.0046875
0 0.428125 0.50234375 0.0020833333333333333 0.0015625
0 0.3125 0.48828125 0.05416666666666667 0.0328125
0 0.37916666666666665 0.4609375 0.008333333333333333 0.009375
0 0.9645833333333333 0.45625 0.004166666666666667 0.003125
0 0.33125 0.46328125 0.04583333333333333 0.0234375
0 0.7697916666666667 0.4484375 0.0020833333333333333 0.003125
0 0.953125 0.44765625 0.010416666666666666 0.0046875
0 0.79375 0.4421875 0.0125 0.003125
0 0.8635416666666667 0.43203125 0.0020833333333333333 0.0015625
0 0.246875 0.43046875 0.014583333333333334 0.0046875
0 0.275 0.44140625 0.0625 0.0328125
0 0.24895833333333334 0.42578125 0.0020833333333333333 0.0015625
0 0.24375 0.425 0.004166666666666667 0.003125
0 0.24791666666666667 0.4171875 0.0125 0.009375
0 0.36354166666666665 0.42734375 0.052083333333333336 0.0328125
0 0.2864583333333333 0.39765625 0.0020833333333333333 0.0015625
0 0.32916666666666666 0.40078125 0.07916666666666666 0.0296875
0 0.29270833333333335 0.38671875 0.0020833333333333333 0.0015625
0 0.425 0.384375 0.0125 0.015625
0 0.246875 0.37578125 0.0020833333333333333 0.0015625
0 0.3177083333333333 0.37734375 0.010416666666666666 0.0078125
0 0.9010416666666666 0.36796875 0.0020833333333333333 0.0015625
0 0.30625 0.36875 0.0125 0.00625
0 0.44895833333333335 0.3734375 0.03125 0.028125
0 0.996875 0.359375 0.00625 0.00625
0 0.990625 0.35703125 0.0020833333333333333 0.0015625
0 0.5354166666666667 0.3546875 0.004166666666666667 0.00625
0 0.984375 0.353125 0.00625 0.00625
0 0.896875 0.3515625 0.00625 0.003125
0 0.9822916666666667 0.34609375 0.0020833333333333333 0.0015625
0 0.20208333333333334 0.3453125 0.004166666666666667 0.00625
0 0.384375 0.34453125 0.010416666666666666 0.0078125
0 0.2833333333333333 0.3421875 0.008333333333333333 0.00625
0 0.9583333333333334 0.33828125 0.004166666666666667 0.0046875
0 0.9916666666666667 0.33984375 0.008333333333333333 0.0109375
0 0.9614583333333333 0.33359375 0.0020833333333333333 0.0015625
0 0.9354166666666667 0.33359375 0.004166666666666667 0.0046875
0 0.23854166666666668 0.3328125 0.00625 0.003125
0 0.43645833333333334 0.33203125 0.00625 0.0046875
0 0.215625 0.32734375 0.0020833333333333333 0.0015625
0 0.22604166666666667 0.33359375 0.01875 0.0171875
0 0.5458333333333333 0.3390625 0.03333333333333333 0.034375
0 0.9 0.33515625 0.041666666666666664 0.0296875
0 0.24479166666666666 0.31953125 0.0020833333333333333 0.0015625
0 0.33958333333333335 0.31875 0.029166666666666667 0.015625
0 0.31979166666666664 0.30859375 0.0020833333333333333 0.0015625
0 0.453125 0.30234375 0.00625 0.0015625
0 0.8135416666666667 0.30234375 0.010416666666666666 0.0046875
0 0.446875 0.303125 0.00625 0.00625
0 0.7625 0.29765625 0.004166666666666667 0.0015625
0 0.4666666666666667 0.29765625 0.020833333333333332 0.0140625
0 0.7697916666666667 0.2859375 0.0020833333333333333 0.003125
0 0.2375 0.28359375 0.004166666666666667 0.0015625
0 0.428125 0.303125 0.04375 0.046875
0 0.25625 0.28671875 0.016666666666666666 0.0140625
0 0.44166666666666665 0.27890625 0.004166666666666667 0.0015625
0 0.41875 0.2796875 0.004166666666666667 0.003125
0 0.665625 0.27421875 0.0020833333333333333 0.0015625
0 0.6125 0.27578125 0.008333333333333333 0.0078125
0 0.440625 0.275 0.01875 0.00625
0 0.25729166666666664 0.2734375 0.0020833333333333333 0.003125
0 0.5104166666666666 0.315625 0.10416666666666667 0.090625
0 0.6125 0.26171875 0.004166666666666667 0.0015625
0 0.8572916666666667 0.25703125 0.0020833333333333333 0.0015625
0 0.6135416666666667 0.25703125 0.0020833333333333333 0.0015625
0 0.6916666666666667 0.2515625 0.008333333333333333 0.003125
0 0.8864583333333333 0.2484375 0.0020833333333333333 0.003125
0 0.7177083333333333 0.246875 0.00625 0.003125
0 0.7020833333333333 0.2484375 0.004166666666666667 0.00625
0 0.7364583333333333 0.24453125 0.0020833333333333333 0.0015625
0 0.696875 0.24609375 0.00625 0.0046875
0 0.740625 0.24296875 0.0020833333333333333 0.0015625
0 0.7114583333333333 0.24375 0.0020833333333333333 0.003125
0 0.8635416666666667 0.24296875 0.010416666666666666 0.0046875
0 0.7166666666666667 0.24140625 0.004166666666666667 0.0046875
0 0.7114583333333333 0.23984375 0.0020833333333333333 0.0015625
0 0.6927083333333334 0.24296875 0.010416666666666666 0.0078125
0 0.7239583333333334 0.2390625 0.0020833333333333333 0.003125
0 0.7510416666666667 0.23671875 0.0020833333333333333 0.0015625
0 0.6989583333333333 0.23671875 0.00625 0.0015625
0 0.6708333333333333 0.24375 0.029166666666666667 0.01875
0 0.2677083333333333 0.23515625 0.0020833333333333333 0.0015625
0 0.7364583333333333 0.23515625 0.00625 0.0046875
0 0.70625 0.23359375 0.004166666666666667 0.0015625
0 0.6875 0.234375 0.004166666666666667 0.003125
0 0.6822916666666666 0.23359375 0.0020833333333333333 0.0015625
0 0.6947916666666667 0.23203125 0.00625 0.0015625
0 0.7197916666666667 0.23046875 0.0020833333333333333 0.0015625
0 0.2833333333333333 0.23046875 0.008333333333333333 0.0015625
0 0.690625 0.22890625 0.0020833333333333333 0.0015625
0 0.49583333333333335 0.23203125 0.004166666666666667 0.0078125
0 0.2635416666666667 0.22890625 0.0020833333333333333 0.0015625
0 0.6916666666666667 0.22421875 0.004166666666666667 0.0015625
0 0.709375 0.225 0.022916666666666665 0.009375
0 0.496875 0.22265625 0.010416666666666666 0.0046875
0 0.06458333333333334 0.22265625 0.004166666666666667 0.0046875
0 0.809375 0.22265625 0.010416666666666666 0.0078125
0 0.703125 0.2203125 0.0020833333333333333 0.003125
0 0.5052083333333334 0.21953125 0.0020833333333333333 0.0015625
0 0.6770833333333334 0.21875 0.008333333333333333 0.003125
0 0.31354166666666666 0.21796875 0.0020833333333333333 0.0015625
0 0.5104166666666666 0.2265625 0.0125 0.021875
0 0.7322916666666667 0.21640625 0.00625 0.0078125
0 0.675 0.2140625 0.008333333333333333 0.003125
0 0.5135416666666667 0.21328125 0.0020833333333333333 0.0015625
0 0.30833333333333335 0.2140625 0.0125 0.00625
0 0.7677083333333333 0.23828125 0.08125 0.0578125
0 0.6927083333333334 0.20703125 0.0020833333333333333 0.0015625
0 0.6854166666666667 0.2125 0.008333333333333333 0.0125
0 0.6989583333333333 0.20390625 0.0020833333333333333 0.0015625
0 0.690625 0.20078125 0.0020833333333333333 0.0015625
0 0.19583333333333333 0.2015625 0.004166666666666667 0.003125
0 0.696875 0.19765625 0.0020833333333333333 0.0015625
0 0.3885416666666667 0.1984375 0.00625 0.003125
0 0.20208333333333334 0.19765625 0.004166666666666667 0.0015625
0 0.375 0.1984375 0.016666666666666666 0.00625
0 0.36770833333333336 0.19453125 0.0020833333333333333 0.0015625
0 0.678125 0.20078125 0.03125 0.0203125
0 0.753125 0.19375 0.022916666666666665 0.0125
0 0.7875 0.18828125 0.008333333333333333 0.0078125
0 0.28229166666666666 0.1859375 0.010416666666666666 0.00625
0 0.7291666666666666 0.18359375 0.004166666666666667 0.0046875
0 0.6864583333333333 0.184375 0.010416666666666666 0.00625
0 0.7020833333333333 0.1796875 0.004166666666666667 0.00625
0 0.9083333333333333 0.17578125 0.004166666666666667 0.0015625
0 0.7239583333333334 0.17578125 0.0020833333333333333 0.0015625
0 0.7135416666666666 0.17578125 0.0020833333333333333 0.0015625
0 0.22291666666666668 0.178125 0.008333333333333333 0.00625
0 0.21354166666666666 0.17578125 0.0020833333333333333 0.0015625
0 0.18854166666666666 0.178125 0.010416666666666666 0.00625
0 0.71875 0.17578125 0.004166666666666667 0.0046875
0 0.3302083333333333 0.17421875 0.0020833333333333333 0.0046875
0 0.36875 0.1703125 0.016666666666666666 0.021875
0 0.5875 0.1609375 0.008333333333333333 0.00625
0 0.7666666666666667 0.1578125 0.008333333333333333 0.003125
0 0.5239583333333333 0.1578125 0.00625 0.003125
0 0.17604166666666668 0.1546875 0.00625 0.003125
0 0.746875 0.153125 0.00625 0.00625
0 0.24895833333333334 0.16484375 0.022916666666666665 0.0296875
0 0.9125 0.15 0.0125 0.00625
0 0.13020833333333334 0.14765625 0.0020833333333333333 0.0015625
0 0.96875 0.146875 0.004166666666666667 0.00625
0 0.17291666666666666 0.14765625 0.025 0.0078125
0 0.9614583333333333 0.14296875 0.0020833333333333333 0.0015625
0 0.05416666666666667 0.1390625 0.008333333333333333 0.003125
0 0.4583333333333333 0.1390625 0.0125 0.00625
0 0.16979166666666667 0.13828125 0.00625 0.0046875
0 0.16458333333333333 0.13984375 0.008333333333333333 0.0078125
0 0.07604166666666666 0.13515625 0.0020833333333333333 0.0015625
0 0.4583333333333333 0.13359375 0.004166666666666667 0.0015625
0 0.7510416666666667 0.13203125 0.0020833333333333333 0.0015625
0 0.47604166666666664 0.13203125 0.0020833333333333333 0.0015625
0 0.9072916666666667 0.13046875 0.0020833333333333333 0.0015625
0 0.33125 0.1328125 0.004166666666666667 0.00625
0 0.7489583333333333 0.12890625 0.0020833333333333333 0.0015625
0 0.05416666666666667 0.13203125 0.020833333333333332 0.0109375
0 0.6302083333333334 0.13671875 0.022916666666666665 0.0234375
0 0.553125 0.12578125 0.0020833333333333333 0.0015625
0 0.9010416666666666 0.125 0.0020833333333333333 0.003125
0 0.284375 0.12265625 0.0020833333333333333 0.0015625
0 0.9385416666666667 0.12265625 0.010416666666666666 0.0078125
0 0.7552083333333334 0.11875 0.00625 0.009375
0 0.42604166666666665 0.115625 0.014583333333333334 0.009375
0 0.9177083333333333 0.109375 0.0020833333333333333 0.003125
0 0.9197916666666667 0.10546875 0.0020833333333333333 0.0015625
0 0.43125 0.10234375 0.004166666666666667 0.0015625
0 0.09479166666666666 0.09921875 0.0020833333333333333 0.0015625
0 0.9989583333333333 0.0984375 0.0020833333333333333 0.003125
0 0.090625 0.09765625 0.0020833333333333333 0.0015625
0 0.1 0.096875 0.004166666666666667 0.003125
0 0.509375 0.09296875 0.0020833333333333333 0.0015625
0 0.6291666666666667 0.09140625 0.004166666666666667 0.0046875
0 0.5791666666666667 0.08359375 0.004166666666666667 0.0015625
0 0.5729166666666666 0.08671875 0.0125 0.0078125
0 0.665625 0.08515625 0.00625 0.0078125
0 0.6333333333333333 0.07890625 0.008333333333333333 0.0046875
0 0.25416666666666665 0.0734375 0.008333333333333333 0.003125
0 0.9697916666666667 0.06796875 0.0020833333333333333 0.0015625
0 0.9739583333333334 0.06484375 0.0020833333333333333 0.0015625
0 0.765625 0.06796875 0.010416666666666666 0.0140625
0 0.5583333333333333 0.0640625 0.008333333333333333 0.00625
0 0.9114583333333334 0.0515625 0.00625 0.003125
0 0.903125 0.05078125 0.0020833333333333333 0.0015625
0 0.3958333333333333 0.0515625 0.004166666666666667 0.003125
0 0.3885416666666667 0.0484375 0.0020833333333333333 0.003125
0 0.9072916666666667 0.04453125 0.0020833333333333333 0.0015625
0 0.903125 0.04453125 0.0020833333333333333 0.0015625
0 0.4708333333333333 0.04453125 0.004166666666666667 0.0015625
0 0.33125 0.03984375 0.004166666666666667 0.0046875
0 0.696875 0.0359375 0.00625 0.00625
0 0.9489583333333333 0.02578125 0.0020833333333333333 0.0015625
0 0.8322916666666667 0.02265625 0.0020833333333333333 0.0015625
0 0.9583333333333334 0.021875 0.0125 0.00625
0 0.946875 0.02265625 0.00625 0.0078125
0 0.8385416666666666 0.01640625 0.0020833333333333333 0.0015625
0 0.9114583333333334 0.01640625 0.00625 0.0046875
0 0.8645833333333334 0.01796875 0.004166666666666667 0.0078125
0 0.890625 0.01484375 0.010416666666666666 0.0046875
0 0.38229166666666664 0.01328125 0.0020833333333333333 0.0015625
0 0.878125 0.01171875 0.0020833333333333333 0.0015625
0 0.8427083333333333 0.01171875 0.0020833333333333333 0.0046875
0 0.8708333333333333 0.01171875 0.008333333333333333 0.0078125
0 0.28854166666666664 0.009375 0.0020833333333333333 0.003125
0 0.275 0.00546875 0.004166666666666667 0.0015625
0 0.925 0.003125 0.004166666666666667 0.003125
0 0.934375 0.00078125 0.0020833333333333333 0.0015625
0 0.284375 0.00390625 0.010416666666666666 0.0078125
0 0.2760416666666667 0.00078125 0.0020833333333333333 0.0015625
0 0.2635416666666667 0.0015625 0.00625 0.003125
0 0.253125 0.00078125 0.0020833333333333333 0.0015625
1 0.740625 0.95390625 0.0020833333333333333 0.0015625
1 0.7833333333333333 0.95234375 0.004166666666666667 0.0015625
1 0.7020833333333333 0.9453125 0.004166666666666667 0.003125
1 0.715625 0.94140625 0.0020833333333333333 0.0015625
1 0.753125 0.93828125 0.0020833333333333333 0.0015625
1 0.7510416666666667 0.93515625 0.0020833333333333333 0.0015625
1 0.7510416666666667 0.925 0.0020833333333333333 0.009375
1 0.753125 0.91796875 0.0020833333333333333 0.0015625
1 0.753125 0.9140625 0.0020833333333333333 0.003125
1 0.03854166666666667 0.95625 0.07708333333333334 0.0875
1 0.7552083333333334 0.90859375 0.0020833333333333333 0.0015625
1 0.7583333333333333 0.8953125 0.004166666666666667 0.009375
1 0.759375 0.88046875 0.0020833333333333333 0.0015625
1 0.8260416666666667 0.8828125 0.0020833333333333333 0.009375
1 0.809375 0.86328125 0.0020833333333333333 0.0015625
1 0.8552083333333333 0.86171875 0.0020833333333333333 0.0015625
1 0.8427083333333333 0.85390625 0.0020833333333333333 0.0015625
1 0.8635416666666667 0.85546875 0.010416666666666666 0.0078125
1 0.8635416666666667 0.85078125 0.0020833333333333333 0.0015625
1 0.9552083333333333 0.828125 0.00625 0.00625
1 0.25833333333333336 0.8109375 0.008333333333333333 0.009375
1 0.778125 0.78828125 0.0020833333333333333 0.0015625
1 0.7739583333333333 0.78203125 0.0020833333333333333 0.0015625
1 0.840625 0.884375 0.31875 0.23125
1 0.7645833333333333 0.76953125 0.004166666666666667 0.0046875
1 0.7385416666666667 0.7671875 0.0020833333333333333 0.003125
1 0.7375 0.76171875 0.004166666666666667 0.0046875
1 0.7458333333333333 0.7515625 0.004166666666666667 0.003125
1 0.18645833333333334 0.74609375 0.035416666666666666 0.0078125
1 0.2989583333333333 0.69765625 0.0020833333333333333 0.0015625
1 0.30416666666666664 0.69765625 0.004166666666666667 0.0046875
1 0.2947916666666667 0.67890625 0.0020833333333333333 0.0015625
1 0.3302083333333333 0.6828125 0.01875 0.015625
1 0.496875 0.66640625 0.00625 0.0078125
1 0.0020833333333333333 0.6515625 0.004166666666666667 0.003125
1 0.017708333333333333 0.62890625 0.0020833333333333333 0.0015625
1 0.007291666666666667 0.62734375 0.0020833333333333333 0.0015625
1 0.011458333333333333 0.62421875 0.0020833333333333333 0.0015625
1 0.017708333333333333 0.62265625 0.0020833333333333333 0.0015625
1 0.008333333333333333 0.6203125 0.004166666666666667 0.003125
1 0.003125 0.615625 0.00625 0.003125
1 0.010416666666666666 0.6046875 0.004166666666666667 0.003125
1 0.010416666666666666 0.61015625 0.020833333333333332 0.0140625
1 0.009375 0.60078125 0.0020833333333333333 0.0015625
1 0.18854166666666666 0.596875 0.00625 0.00625
1 0.31979166666666664 0.59296875 0.0020833333333333333 0.0015625
1 0.63125 0.5890625 0.004166666666666667 0.003125
1 0.014583333333333334 0.5890625 0.004166666666666667 0.003125
1 0.6354166666666666 0.56171875 0.004166666666666667 0.0015625
1 0.2635416666666667 0.55234375 0.00625 0.0046875
1 0.22916666666666666 0.5609375 0.041666666666666664 0.021875
1 0.203125 0.553125 0.00625 0.00625
1 0.28125 0.55078125 0.004166666666666667 0.0046875
1 0.2833333333333333 0.5453125 0.004166666666666667 0.003125
1 0.24895833333333334 0.54140625 0.0020833333333333333 0.0015625
1 0.440625 0.53828125 0.0020833333333333333 0.0015625
1 0.10520833333333333 0.53203125 0.0020833333333333333 0.0015625
1 0.096875 0.53046875 0.00625 0.0015625
1 0.2864583333333333 0.53046875 0.014583333333333334 0.0078125
1 0.446875 0.52578125 0.0020833333333333333 0.0015625
1 0.29791666666666666 0.52578125 0.004166666666666667 0.0015625
1 0.4322916666666667 0.525 0.0020833333333333333 0.003125
1 0.425 0.52578125 0.008333333333333333 0.0078125
1 0.20729166666666668 0.52109375 0.00625 0.0015625
1 0.19270833333333334 0.52421875 0.01875 0.0078125
1 0.22291666666666668 0.5234375 0.0125 0.009375
1 0.19895833333333332 0.51953125 0.0020833333333333333 0.0015625
1 0.45729166666666665 0.51640625 0.0020833333333333333 0.0015625
1 0.4625 0.51640625 0.004166666666666667 0.0046875
1 0.2989583333333333 0.51328125 0.0020833333333333333 0.0015625
1 0.29270833333333335 0.51171875 0.0020833333333333333 0.0015625
1 0.31666666666666665 0.5171875 0.029166666666666667 0.015625
1 0.2864583333333333 0.50546875 0.0020833333333333333 0.0015625
1 0.28125 0.50703125 0.008333333333333333 0.0046875
1 0.39895833333333336 0.515625 0.04375 0.05625
1 0.9802083333333333 0.46484375 0.0020833333333333333 0.0015625
1 0.9708333333333333 0.46640625 0.008333333333333333 0.0046875
1 0.965625 0.4625 0.00625 0.003125
1 0.9520833333333333 0.459375 0.016666666666666666 0.009375
1 0.3958333333333333 0.45234375 0.008333333333333333 0.0046875
1 0.06354166666666666 0.44921875 0.0020833333333333333 0.0015625
1 0.078125 0.44296875 0.0020833333333333333 0.0015625
1 0.9697916666666667 0.4390625 0.0020833333333333333 0.003125
1 0.965625 0.43671875 0.0020833333333333333 0.0015625
1 0.12395833333333334 0.43515625 0.0020833333333333333 0.0015625
1 0.17916666666666667 0.43125 0.008333333333333333 0.00625
1 0.96875 0.44375 0.03333333333333333 0.0375
1 0.24375 0.4640625 0.13333333333333333 0.078125
1 0.346875 0.44453125 0.09375 0.0609375
1 0.5395833333333333 0.41328125 0.0125 0.0140625
1 0.140625 0.40703125 0.0020833333333333333 0.0015625
1 0.9791666666666666 0.40390625 0.008333333333333333 0.0046875
1 0.9864583333333333 0.40078125 0.0020833333333333333 0.0015625
1 0.215625 0.4078125 0.052083333333333336 0.015625
1 0.5697916666666667 0.39609375 0.0020833333333333333 0.0015625
1 0.1875 0.39609375 0.0125 0.0046875
1 0.890625 0.39609375 0.014583333333333334 0.0109375
1 0.20729166666666668 0.39140625 0.0020833333333333333 0.0015625
1 0.215625 0.38984375 0.0020833333333333333 0.0015625
1 0.221875 0.3890625 0.00625 0.003125
1 0.153125 0.38828125 0.00625 0.0046875
1 0.146875 0.38671875 0.0020833333333333333 0.0015625
1 0.146875 0.38125 0.0020833333333333333 0.003125
1 0.5895833333333333 0.38671875 0.0375 0.0203125
1 0.565625 0.37734375 0.0020833333333333333 0.0015625
1 0.21666666666666667 0.371875 0.004166666666666667 0.00625
1 0.24791666666666667 0.35625 0.004166666666666667 0.003125
1 0.253125 0.35390625 0.0020833333333333333 0.0015625
1 0.19479166666666667 0.353125 0.010416666666666666 0.003125
1 0.20520833333333333 0.35078125 0.0020833333333333333 0.0015625
1 0.21041666666666667 0.35 0.004166666666666667 0.003125
1 0.534375 0.34765625 0.0020833333333333333 0.0015625
1 0.21979166666666666 0.34609375 0.00625 0.0015625
1 0.184375 0.3484375 0.010416666666666666 0.00625
1 0.4666666666666667 0.35859375 0.041666666666666664 0.0296875
1 0.228125 0.34609375 0.00625 0.0046875
1 0.19375 0.34609375 0.008333333333333333 0.0046875
1 0.23854166666666668 0.3515625 0.03125 0.01875
1 0.11145833333333334 0.34296875 0.0020833333333333333 0.0015625
1 0.21145833333333333 0.33984375 0.0020833333333333333 0.0015625
1 0.021875 0.33671875 0.0020833333333333333 0.0015625
1 0.26979166666666665 0.33515625 0.0020833333333333333 0.0015625
1 0.5145833333333333 0.35390625 0.0375 0.0421875
1 0.196875 0.3296875 0.0020833333333333333 0.003125
1 0.17291666666666666 0.32734375 0.004166666666666667 0.0015625
1 0.003125 0.328125 0.00625 0.003125
1 0.3958333333333333 0.3328125 0.0375 0.01875
1 0.36354166666666665 0.32109375 0.0020833333333333333 0.0015625
1 0.14791666666666667 0.32109375 0.004166666666666667 0.0046875
1 0.23125 0.31875 0.004166666666666667 0.00625
1 0.22291666666666668 0.31953125 0.0125 0.0109375
1 0.228125 0.31328125 0.0020833333333333333 0.0015625
1 0.17708333333333334 0.31796875 0.025 0.0140625
1 0.7447916666666666 0.31015625 0.014583333333333334 0.0046875
1 0.4739583333333333 0.3203125 0.03125 0.028125
1 0.16875 0.315625 0.020833333333333332 0.01875
1 0.265625 0.30546875 0.0020833333333333333 0.0015625
1 0.371875 0.3125 0.022916666666666665 0.01875
1 0.13645833333333332 0.3046875 0.0020833333333333333 0.003125
1 0.22291666666666668 0.3046875 0.008333333333333333 0.00625
1 0.171875 0.303125 0.00625 0.003125
1 0.15416666666666667 0.3078125 0.0125 0.015625
1 0.175 0.296875 0.004166666666666667 0.003125
1 0.23541666666666666 0.29453125 0.004166666666666667 0.0015625
1 0.215625 0.2953125 0.010416666666666666 0.003125
1 0.221875 0.29375 0.00625 0.003125
1 0.196875 0.28828125 0.0020833333333333333 0.0015625
1 0.721875 0.28671875 0.0020833333333333333 0.0015625
1 0.28020833333333334 0.28671875 0.0020833333333333333 0.0015625
1 0.7291666666666666 0.2875 0.008333333333333333 0.00625
1 0.284375 0.284375 0.0020833333333333333 0.003125
1 0.2791666666666667 0.2828125 0.004166666666666667 0.003125
1 0.6979166666666666 0.2765625 0.004166666666666667 0.003125
1 0.26979166666666665 0.27578125 0.0020833333333333333 0.0015625
1 0.8364583333333333 0.27265625 0.0020833333333333333 0.0015625
1 0.509375 0.26953125 0.0020833333333333333 0.0015625
1 0.278125 0.26796875 0.0020833333333333333 0.0015625
1 0.27395833333333336 0.26796875 0.0020833333333333333 0.0015625
1 0.2677083333333333 0.26796875 0.0020833333333333333 0.0015625
1 0.825 0.26953125 0.004166666666666667 0.0078125
1 0.584375 0.26640625 0.0020833333333333333 0.0015625
1 0.19270833333333334 0.26171875 0.0020833333333333333 0.0015625
1 0.196875 0.2609375 0.0020833333333333333 0.003125
1 0.19375 0.2578125 0.004166666666666667 0.003125
1 0.18645833333333334 0.25390625 0.0020833333333333333 0.0015625
1 0.06145833333333333 0.2546875 0.0020833333333333333 0.003125
1 0.21354166666666666 0.25234375 0.0020833333333333333 0.0015625
1 0.8635416666666667 0.2515625 0.00625 0.003125
1 0.028125 0.25078125 0.0020833333333333333 0.0015625
1 0.023958333333333335 0.24921875 0.0020833333333333333 0.0015625
1 0.20729166666666668 0.27421875 0.09375 0.0609375
1 0.026041666666666668 0.24453125 0.0020833333333333333 0.0015625
1 0.5364583333333334 0.24375 0.00625 0.00625
1 0.9020833333333333 0.24296875 0.016666666666666666 0.0109375
1 0.16875 0.2390625 0.004166666666666667 0.003125
1 0.17395833333333333 0.23671875 0.0020833333333333333 0.0015625
1 0.01875 0.2359375 0.004166666666666667 0.003125
1 0.007291666666666667 0.2375 0.014583333333333334 0.009375
1 0.07395833333333333 0.2265625 0.00625 0.003125
1 0.9427083333333334 0.22421875 0.01875 0.0109375
1 0.5260416666666666 0.2203125 0.00625 0.009375
1 0.013541666666666667 0.21640625 0.0020833333333333333 0.0015625
1 0.5322916666666667 0.21484375 0.0020833333333333333 0.0015625
1 0.2635416666666667 0.21328125 0.0020833333333333333 0.0015625
1 0.6979166666666666 0.21328125 0.008333333333333333 0.0078125
1 0.023958333333333335 0.20546875 0.0020833333333333333 0.0015625
1 0.2635416666666667 0.20546875 0.00625 0.0078125
1 0.03854166666666667 0.1984375 0.00625 0.003125
1 0.2760416666666667 0.19453125 0.0020833333333333333 0.0015625
1 0.053125 0.19296875 0.0020833333333333333 0.0015625
1 0.16354166666666667 0.18671875 0.0020833333333333333 0.0015625
1 0.38333333333333336 0.184375 0.008333333333333333 0.00625
1 0.9020833333333333 0.16875 0.004166666666666667 0.003125
1 0.6927083333333334 0.16640625 0.0020833333333333333 0.0015625
1 0.16875 0.1640625 0.004166666666666667 0.003125
1 0.43020833333333336 0.15546875 0.0020833333333333333 0.0015625
1 0.0010416666666666667 0.15078125 0.0020833333333333333 0.0015625
1 0.2708333333333333 0.15078125 0.004166666666666667 0.0046875
1 0.2635416666666667 0.14296875 0.0020833333333333333 0.0015625
1 0.259375 0.14296875 0.0020833333333333333 0.0015625
1 0.49895833333333334 0.14140625 0.0020833333333333333 0.0015625
1 0.9166666666666666 0.14140625 0.016666666666666666 0.0078125
1 0.709375 0.1375 0.0020833333333333333 0.003125
1 0.7364583333333333 0.13203125 0.0020833333333333333 0.0015625
1 0.24375 0.1328125 0.004166666666666667 0.003125
1 0.5645833333333333 0.13046875 0.004166666666666667 0.0046875
1 0.06875 0.1296875 0.004166666666666667 0.003125
1 0.8114583333333333 0.12734375 0.0020833333333333333 0.0015625
1 0.45416666666666666 0.12578125 0.020833333333333332 0.0078125
1 0.7197916666666667 0.121875 0.0020833333333333333 0.003125
1 0.734375 0.11953125 0.0020833333333333333 0.0046875
1 0.9854166666666667 0.11875 0.004166666666666667 0.00625
1 0.9958333333333333 0.115625 0.008333333333333333 0.009375
1 0.005208333333333333 0.11015625 0.0020833333333333333 0.0015625
1 0.725 0.1125 0.008333333333333333 0.009375
1 0.20104166666666667 0.1 0.0020833333333333333 0.003125
1 0.05416666666666667 0.09921875 0.004166666666666667 0.0015625
1 0.7322916666666667 0.09765625 0.0020833333333333333 0.0015625
1 0.33541666666666664 0.096875 0.008333333333333333 0.00625
1 0.7229166666666667 0.0921875 0.004166666666666667 0.003125
1 0.20520833333333333 0.09140625 0.0020833333333333333 0.0015625
1 0.29375 0.0875 0.004166666666666667 0.003125
1 0.7666666666666667 0.11796875 0.0625 0.0671875
1 0.2947916666666667 0.08203125 0.010416666666666666 0.0046875
1 0.28958333333333336 0.08046875 0.004166666666666667 0.0015625
1 0.28125 0.08046875 0.004166666666666667 0.0046875
1 0.9770833333333333 0.07265625 0.004166666666666667 0.0015625
1 0.5572916666666666 0.0765625 0.01875 0.009375
1 0.8822916666666667 0.06875 0.0020833333333333333 0.003125
1 0.78125 0.0734375 0.008333333333333333 0.0125
1 0.58125 0.06875 0.0125 0.009375
1 0.4114583333333333 0.05390625 0.0020833333333333333 0.0015625
1 0.9895833333333334 0.05625 0.0125 0.0125
1 0.9447916666666667 0.05625 0.010416666666666666 0.0125
1 0.6322916666666667 0.03984375 0.0020833333333333333 0.0015625
1 0.44166666666666665 0.05625 0.05416666666666667 0.04375
1 0.321875 0.02265625 0.0020833333333333333 0.0015625
1 0.490625 0.01640625 0.0020833333333333333 0.0015625
1 0.5020833333333333 0.01640625 0.008333333333333333 0.0046875
1 0.465625 0.01328125 0.0020833333333333333 0.0015625
1 0.31145833333333334 0.01328125 0.0020833333333333333 0.0015625
1 0.04479166666666667 0.00859375 0.0020833333333333333 0.0015625
1 0.46041666666666664 0.00546875 0.004166666666666667 0.0046875
1 0.3385416666666667 0.00390625 0.0020833333333333333 0.0015625
1 0.321875 0.00390625 0.0020833333333333333 0.0015625
1 0.3302083333333333 0.00234375 0.0020833333333333333 0.0015625
1 0.31354166666666666 0.00234375 0.0020833333333333333 0.0015625
1 0.9729166666666667 0.03203125 0.05416666666666667 0.0640625
1 0.9583333333333334 0.00546875 0.029166666666666667 0.0109375
1 0.9114583333333334 0.00234375 0.00625 0.0046875
1 0.8239583333333333 0.00390625 0.027083333333333334 0.0078125
1 0.7302083333333333 0.0015625 0.0020833333333333333 0.003125
1 0.7052083333333333 0.0015625 0.00625 0.003125
1 0.50625 0.003125 0.016666666666666666 0.00625
1 0.32395833333333335 0.00078125 0.0020833333333333333 0.0015625
1 0.30625 0.0015625 0.008333333333333333 0.003125
1 0.29791666666666666 0.00078125 0.004166666666666667 0.0015625
1 0.059375 0.00078125 0.0020833333333333333 0.0015625
1 0.5 0.46484375 1.0 0.9296875
