0 0.6677083333333333 0.7597222222222222 0.0020833333333333333 0.002777777777777778
0 0.075 0.6138888888888889 0.0125 0.027777777777777776
0 0.26875 0.5388888888888889 0.004166666666666667 0.005555555555555556
0 0.271875 0.5291666666666667 0.0020833333333333333 0.002777777777777778
0 0.265625 0.5277777777777778 0.00625 0.005555555555555556
0 0.7072916666666667 0.5319444444444444 0.027083333333333334 0.058333333333333334
0 0.13333333333333333 0.5097222222222222 0.0125 0.013888888888888888
0 0.16770833333333332 0.49583333333333335 0.00625 0.008333333333333333
0 0.7020833333333333 0.4666666666666667 0.004166666666666667 0.011111111111111112
0 0.07916666666666666 0.44166666666666665 0.004166666666666667 0.005555555555555556
0 0.6770833333333334 0.4361111111111111 0.03333333333333333 0.022222222222222223
0 0.8427083333333333 0.41944444444444445 0.0020833333333333333 0.005555555555555556
0 0.08125 0.4041666666666667 0.008333333333333333 0.008333333333333333
0 0.8635416666666667 0.38472222222222224 0.0020833333333333333 0.002777777777777778
0 0.8541666666666666 0.37777777777777777 0.004166666666666667 0.005555555555555556
0 0.31979166666666664 0.3763888888888889 0.0020833333333333333 0.002777777777777778
0 0.8197916666666667 0.37916666666666665 0.010416666666666666 0.013888888888888888
0 0.8447916666666667 0.37916666666666665 0.01875 0.025
0 0.853125 0.36527777777777776 0.0020833333333333333 0.002777777777777778
0 0.8635416666666667 0.3597222222222222 0.00625 0.008333333333333333
0 0.8489583333333334 0.35833333333333334 0.0020833333333333333 0.005555555555555556
0 0.8697916666666666 0.35833333333333334 0.00625 0.011111111111111112
0 0.8541666666666666 0.3527777777777778 0.008333333333333333 0.005555555555555556
0 0.8822916666666667 0.3486111111111111 0.0020833333333333333 0.002777777777777778
0 0.875 0.35 0.004166666666666667 0.005555555555555556
0 0.121875 0.34305555555555556 0.0020833333333333333 0.002777777777777778
0 0.15208333333333332 0.3347222222222222 0.004166666666666667 0.002777777777777778
0 0.128125 0.3375 0.014583333333333334 0.030555555555555555
0 0.1125 0.30416666666666664 0.016666666666666666 0.008333333333333333
0 0.4114583333333333 0.26944444444444443 0.00625 0.005555555555555556
0 0.035416666666666666 0.26805555555555555 0.004166666666666667 0.002777777777777778
0 0.7677083333333333 0.2652777777777778 0.0020833333333333333 0.002777777777777778
0 0.71875 0.26944444444444443 0.0125 0.011111111111111112
0 0.44375 0.2625 0.008333333333333333 0.008333333333333333
0 0.43020833333333336 0.2611111111111111 0.00625 0.011111111111111112
0 0.7739583333333333 0.25416666666666665 0.0020833333333333333 0.002777777777777778
0 0.396875 0.25416666666666665 0.00625 0.008333333333333333
0 0.64375 0.25277777777777777 0.016666666666666666 0.016666666666666666
0 0.017708333333333333 0.24583333333333332 0.0020833333333333333 0.002777777777777778
0 0.60625 0.25416666666666665 0.025 0.025
0 0.4041666666666667 0.24305555555555555 0.008333333333333333 0.008333333333333333
0 0.35833333333333334 0.24166666666666667 0.004166666666666667 0.005555555555555556
0 0.014583333333333334 0.2375 0.008333333333333333 0.008333333333333333
0 0.17916666666666667 0.23333333333333334 0.020833333333333332 0.022222222222222223
0 0.015625 0.2263888888888889 0.010416666666666666 0.008333333333333333
0 0.7947916666666667 0.21805555555555556 0.0020833333333333333 0.002777777777777778
0 0.0010416666666666667 0.21805555555555556 0.0020833333333333333 0.002777777777777778
0 0.30104166666666665 0.2013888888888889 0.0020833333333333333 0.002777777777777778
0 0.828125 0.1986111111111111 0.00625 0.013888888888888888
0 0.45208333333333334 0.20277777777777778 0.04583333333333333 0.03333333333333333
0 0.19166666666666668 0.19027777777777777 0.016666666666666666 0.019444444444444445
0 0.14479166666666668 0.18194444444444444 0.00625 0.002777777777777778
0 0.803125 0.1763888888888889 0.0020833333333333333 0.002777777777777778
0 0.7708333333333334 0.2125 0.04583333333333333 0.09722222222222222
0 0.7947916666666667 0.1625 0.014583333333333334 0.013888888888888888
0 0.128125 0.1597222222222222 0.00625 0.008333333333333333
0 0.325 0.15138888888888888 0.016666666666666666 0.008333333333333333
0 0.228125 0.15694444444444444 0.014583333333333334 0.019444444444444445
0 0.7739583333333333 0.1486111111111111 0.00625 0.008333333333333333
0 0.5614583333333333 0.14305555555555555 0.0020833333333333333 0.002777777777777778
0 0.121875 0.1375 0.00625 0.008333333333333333
0 0.3229166666666667 0.13333333333333333 0.020833333333333332 0.016666666666666666
0 0.5635416666666667 0.12083333333333333 0.0020833333333333333 0.002777777777777778
0 0.16979166666666667 0.14583333333333334 0.03125 0.05277777777777778
0 0.4166666666666667 0.10277777777777777 0.004166666666666667 0.005555555555555556
0 0.40729166666666666 0.10138888888888889 0.00625 0.002777777777777778
0 0.38229166666666664 0.10277777777777777 0.00625 0.005555555555555556
0 0.23020833333333332 0.10138888888888889 0.0020833333333333333 0.002777777777777778
0 0.7010416666666667 0.09861111111111111 0.0020833333333333333 0.002777777777777778
0 0.815625 0.09305555555555556 0.0020833333333333333 0.002777777777777778
0 0.3885416666666667 0.09305555555555556 0.0020833333333333333 0.002777777777777778
0 0.296875 0.09305555555555556 0.0020833333333333333 0.002777777777777778
0 0.23229166666666667 0.09305555555555556 0.0020833333333333333 0.002777777777777778
0 0.24479166666666666 0.0875 0.0020833333333333333 0.002777777777777778
0 0.234375 0.0875 0.0020833333333333333 0.002777777777777778
0 0.23020833333333332 0.0875 0.0020833333333333333 0.002777777777777778
0 0.39166666666666666 0.08888888888888889 0.008333333333333333 0.011111111111111112
0 0.38125 0.09027777777777778 0.008333333333333333 0.013888888888888888
0 0.3104166666666667 0.08333333333333333 0.008333333333333333 0.005555555555555556
0 0.228125 0.08194444444444444 0.0020833333333333333 0.002777777777777778
0 0.3958333333333333 0.07916666666666666 0.004166666666666667 0.002777777777777778
0 0.7354166666666667 0.07361111111111111 0.004166666666666667 0.002777777777777778
0 0.2375 0.07361111111111111 0.016666666666666666 0.025
0 0.628125 0.05694444444444444 0.0020833333333333333 0.002777777777777778
0 0.3572916666666667 0.058333333333333334 0.0020833333333333333 0.005555555555555556
0 0.5864583333333333 0.05416666666666667 0.0020833333333333333 0.002777777777777778
0 0.6333333333333333 0.05277777777777778 0.004166666666666667 0.011111111111111112
0 0.8541666666666666 0.059722222222222225 0.020833333333333332 0.030555555555555555
0 0.884375 0.0375 0.010416666666666666 0.008333333333333333
0 0.36041666666666666 0.03611111111111111 0.004166666666666667 0.005555555555555556
0 0.409375 0.020833333333333332 0.0020833333333333333 0.002777777777777778
0 0.7489583333333333 0.06805555555555555 0.16458333333333333 0.11944444444444445
0 0.88125 0.015277777777777777 0.029166666666666667 0.030555555555555555
0 0.6947916666666667 0.004166666666666667 0.00625 0.008333333333333333
0 0.6489583333333333 0.12777777777777777 0.16875 0.25555555555555554
0 0.11770833333333333 0.001388888888888889 0.00625 0.002777777777777778
0 0.030208333333333334 0.001388888888888889 0.0020833333333333333 0.002777777777777778
1 0.7427083333333333 0.9972222222222222 0.00625 0.005555555555555556
1 0.7270833333333333 0.9958333333333333 0.008333333333333333 0.008333333333333333
1 0.7635416666666667 0.9847222222222223 0.00625 0.013888888888888888
1 0.7895833333333333 0.9722222222222222 0.004166666666666667 0.005555555555555556
1 0.7291666666666666 0.9694444444444444 0.004166666666666667 0.011111111111111112
1 0.22708333333333333 0.9472222222222222 0.004166666666666667 0.005555555555555556
1 0.8020833333333334 0.9361111111111111 0.004166666666666667 0.005555555555555556
1 0.26979166666666665 0.9208333333333333 0.0020833333333333333 0.002777777777777778
1 0.2833333333333333 0.9069444444444444 0.004166666666666667 0.008333333333333333
1 0.6614583333333334 0.9013888888888889 0.0020833333333333333 0.002777777777777778
1 0.278125 0.8986111111111111 0.0020833333333333333 0.002777777777777778
1 0.26979166666666665 0.8986111111111111 0.0020833333333333333 0.002777777777777778
1 0.2552083333333333 0.9069444444444444 0.04791666666666667 0.030555555555555555
1 0.259375 0.8819444444444444 0.0020833333333333333 0.002777777777777778
1 0.25416666666666665 0.8819444444444444 0.004166666666666667 0.013888888888888888
1 0.31145833333333334 0.8069444444444445 0.0020833333333333333 0.002777777777777778
1 0.315625 0.8041666666666667 0.0020833333333333333 0.002777777777777778
1 0.3177083333333333 0.7986111111111112 0.0020833333333333333 0.002777777777777778
1 0.30625 0.7972222222222223 0.0125 0.011111111111111112
1 0.31145833333333334 0.7875 0.0020833333333333333 0.002777777777777778
1 0.0010416666666666667 0.7708333333333334 0.0020833333333333333 0.002777777777777778
1 0.6614583333333334 0.7541666666666667 0.0020833333333333333 0.002777777777777778
1 0.89375 0.7361111111111112 0.004166666666666667 0.005555555555555556
1 0.7614583333333333 0.7347222222222223 0.0020833333333333333 0.002777777777777778
1 0.659375 0.7388888888888889 0.00625 0.022222222222222223
1 0.9239583333333333 0.7263888888888889 0.0020833333333333333 0.002777777777777778
1 0.00625 0.7388888888888889 0.0125 0.05555555555555555
1 0.759375 0.7069444444444445 0.0020833333333333333 0.002777777777777778
1 0.7614583333333333 0.7 0.0020833333333333333 0.005555555555555556
1 0.007291666666666667 0.6958333333333333 0.0020833333333333333 0.002777777777777778
1 0.35104166666666664 0.6902777777777778 0.0020833333333333333 0.002777777777777778
1 0.871875 0.6944444444444444 0.00625 0.016666666666666666
1 0.684375 0.6875 0.0020833333333333333 0.002777777777777778
1 0.7239583333333334 0.6847222222222222 0.0020833333333333333 0.002777777777777778
1 0.3614583333333333 0.6847222222222222 0.0020833333333333333 0.002777777777777778
1 0.3458333333333333 0.6847222222222222 0.004166666666666667 0.002777777777777778
1 0.7385416666666667 0.6819444444444445 0.0020833333333333333 0.002777777777777778
1 0.7333333333333333 0.6819444444444445 0.004166666666666667 0.002777777777777778
1 0.825 0.8388888888888889 0.3333333333333333 0.32222222222222224
1 0.6770833333333334 0.6833333333333333 0.004166666666666667 0.011111111111111112
1 0.365625 0.6625 0.0020833333333333333 0.002777777777777778
1 0.00625 0.6194444444444445 0.0125 0.005555555555555556
1 0.240625 0.6152777777777778 0.0020833333333333333 0.002777777777777778
1 0.746875 0.6125 0.0020833333333333333 0.002777777777777778
1 0.7416666666666667 0.6041666666666666 0.004166666666666667 0.002777777777777778
1 0.7333333333333333 0.5944444444444444 0.004166666666666667 0.011111111111111112
1 0.7739583333333333 0.5833333333333334 0.00625 0.011111111111111112
1 0.3927083333333333 0.5763888888888888 0.0020833333333333333 0.002777777777777778
1 0.3885416666666667 0.5680555555555555 0.0020833333333333333 0.002777777777777778
1 0.846875 0.5597222222222222 0.010416666666666666 0.002777777777777778
1 0.6989583333333333 0.5666666666666667 0.01875 0.016666666666666666
1 0.384375 0.5597222222222222 0.0020833333333333333 0.002777777777777778
1 0.4041666666666667 0.5583333333333333 0.004166666666666667 0.005555555555555556
1 0.853125 0.5541666666666667 0.0020833333333333333 0.002777777777777778
1 0.8385416666666666 0.5486111111111112 0.0020833333333333333 0.002777777777777778
1 0.853125 0.5458333333333333 0.0020833333333333333 0.002777777777777778
1 0.8322916666666667 0.5430555555555555 0.0020833333333333333 0.002777777777777778
1 0.07395833333333333 0.5430555555555555 0.0020833333333333333 0.002777777777777778
1 0.8489583333333334 0.5375 0.00625 0.008333333333333333
1 0.057291666666666664 0.5361111111111111 0.01875 0.005555555555555556
1 0.80625 0.5361111111111111 0.004166666666666667 0.011111111111111112
1 0.44583333333333336 0.5305555555555556 0.004166666666666667 0.005555555555555556
1 0.08020833333333334 0.5291666666666667 0.0020833333333333333 0.002777777777777778
1 0.026041666666666668 0.5208333333333334 0.0020833333333333333 0.002777777777777778
1 0.09166666666666666 0.5208333333333334 0.004166666666666667 0.008333333333333333
1 0.46770833333333334 0.5125 0.0020833333333333333 0.002777777777777778
1 0.46041666666666664 0.5208333333333334 0.0125 0.019444444444444445
1 0.39895833333333336 0.5083333333333333 0.010416666666666666 0.011111111111111112
1 0.8260416666666667 0.5027777777777778 0.0020833333333333333 0.005555555555555556
1 0.6770833333333334 0.5291666666666667 0.025 0.058333333333333334
1 0.6614583333333334 0.49583333333333335 0.0020833333333333333 0.002777777777777778
1 0.8260416666666667 0.49444444444444446 0.0020833333333333333 0.005555555555555556
1 0.6885416666666667 0.5013888888888889 0.014583333333333334 0.025
1 0.103125 0.4930555555555556 0.00625 0.008333333333333333
1 0.096875 0.49027777777777776 0.0020833333333333333 0.002777777777777778
1 0.034375 0.4875 0.0020833333333333333 0.002777777777777778
1 0.6552083333333333 0.4847222222222222 0.0020833333333333333 0.002777777777777778
1 0.35520833333333335 0.4847222222222222 0.0020833333333333333 0.002777777777777778
1 0.17395833333333333 0.4875 0.00625 0.008333333333333333
1 0.8208333333333333 0.4847222222222222 0.004166666666666667 0.008333333333333333
1 0.09166666666666666 0.4736111111111111 0.004166666666666667 0.002777777777777778
1 0.8239583333333333 0.46805555555555556 0.0020833333333333333 0.002777777777777778
1 0.6729166666666667 0.4888888888888889 0.0125 0.044444444444444446
1 0.378125 0.46944444444444444 0.0020833333333333333 0.005555555555555556
1 0.09270833333333334 0.4666666666666667 0.00625 0.005555555555555556
1 0.07916666666666666 0.4777777777777778 0.0125 0.027777777777777776
1 0.6541666666666667 0.4638888888888889 0.004166666666666667 0.016666666666666666
1 0.840625 0.45694444444444443 0.0020833333333333333 0.008333333333333333
1 0.6510416666666666 0.4513888888888889 0.0020833333333333333 0.002777777777777778
1 0.703125 0.44722222222222224 0.00625 0.005555555555555556
1 0.44479166666666664 0.4486111111111111 0.00625 0.008333333333333333
1 0.23020833333333332 0.44722222222222224 0.0020833333333333333 0.005555555555555556
1 0.103125 0.4513888888888889 0.00625 0.013888888888888888
1 0.634375 0.44305555555555554 0.0020833333333333333 0.002777777777777778
1 0.5385416666666667 0.44305555555555554 0.0020833333333333333 0.002777777777777778
1 0.109375 0.44305555555555554 0.0020833333333333333 0.002777777777777778
1 0.06145833333333333 0.44305555555555554 0.0020833333333333333 0.002777777777777778
1 0.61875 0.44027777777777777 0.004166666666666667 0.002777777777777778
1 0.6385416666666667 0.4375 0.0020833333333333333 0.002777777777777778
1 0.6979166666666666 0.4361111111111111 0.004166666666666667 0.005555555555555556
1 0.6927083333333334 0.43472222222222223 0.0020833333333333333 0.002777777777777778
1 0.6510416666666666 0.4388888888888889 0.0020833333333333333 0.011111111111111112
1 0.6260416666666667 0.43472222222222223 0.0020833333333333333 0.002777777777777778
1 0.6052083333333333 0.4361111111111111 0.01875 0.011111111111111112
1 0.8645833333333334 0.4305555555555556 0.004166666666666667 0.005555555555555556
1 0.09270833333333334 0.4305555555555556 0.0020833333333333333 0.005555555555555556
1 0.85 0.44027777777777777 0.0375 0.03611111111111111
1 0.6802083333333333 0.42083333333333334 0.0020833333333333333 0.002777777777777778
1 0.671875 0.42083333333333334 0.0020833333333333333 0.002777777777777778
1 0.6614583333333334 0.42083333333333334 0.0020833333333333333 0.002777777777777778
1 0.6760416666666667 0.41805555555555557 0.0020833333333333333 0.002777777777777778
1 0.8541666666666666 0.41944444444444445 0.0125 0.011111111111111112
1 0.08958333333333333 0.41805555555555557 0.004166666666666667 0.013888888888888888
1 0.8645833333333334 0.4027777777777778 0.008333333333333333 0.005555555555555556
1 0.84375 0.40694444444444444 0.025 0.013888888888888888
1 0.8520833333333333 0.39861111111111114 0.004166666666666667 0.002777777777777778
1 0.096875 0.4013888888888889 0.00625 0.008333333333333333
1 0.090625 0.4 0.0020833333333333333 0.005555555555555556
1 0.8770833333333333 0.3972222222222222 0.0125 0.005555555555555556
1 0.5864583333333333 0.39305555555555555 0.0020833333333333333 0.002777777777777778
1 0.059375 0.39305555555555555 0.0020833333333333333 0.002777777777777778
1 0.5354166666666667 0.3972222222222222 0.008333333333333333 0.016666666666666666
1 0.6177083333333333 0.3819444444444444 0.0020833333333333333 0.002777777777777778
1 0.6 0.3819444444444444 0.004166666666666667 0.002777777777777778
1 0.06354166666666666 0.3819444444444444 0.00625 0.002777777777777778
1 0.6072916666666667 0.37916666666666665 0.0020833333333333333 0.002777777777777778
1 0.07604166666666666 0.37916666666666665 0.0020833333333333333 0.002777777777777778
1 0.628125 0.37083333333333335 0.0020833333333333333 0.002777777777777778
1 0.6239583333333333 0.37083333333333335 0.0020833333333333333 0.002777777777777778
1 0.7791666666666667 0.4888888888888889 0.15 0.24444444444444444
1 0.796875 0.37222222222222223 0.00625 0.016666666666666666
1 0.5708333333333333 0.37222222222222223 0.004166666666666667 0.016666666666666666
1 0.8270833333333333 0.3638888888888889 0.004166666666666667 0.005555555555555556
1 0.8354166666666667 0.3638888888888889 0.004166666666666667 0.011111111111111112
1 0.0020833333333333333 0.3625 0.004166666666666667 0.008333333333333333
1 0.43020833333333336 0.3541666666666667 0.00625 0.002777777777777778
1 0.34791666666666665 0.3611111111111111 0.008333333333333333 0.016666666666666666
1 0.14270833333333333 0.35138888888888886 0.0020833333333333333 0.002777777777777778
1 0.5114583333333333 0.35 0.00625 0.005555555555555556
1 0.840625 0.3472222222222222 0.0020833333333333333 0.005555555555555556
1 0.48020833333333335 0.35 0.00625 0.011111111111111112
1 0.8177083333333334 0.3486111111111111 0.014583333333333334 0.013888888888888888
1 0.5125 0.3416666666666667 0.008333333333333333 0.011111111111111112
1 0.8125 0.3347222222222222 0.004166666666666667 0.002777777777777778
1 0.13645833333333332 0.3 0.00625 0.011111111111111112
1 0.5479166666666667 0.3013888888888889 0.008333333333333333 0.019444444444444445
1 0.103125 0.2875 0.0020833333333333333 0.002777777777777778
1 0.08333333333333333 0.2875 0.004166666666666667 0.002777777777777778
1 0.09270833333333334 0.2847222222222222 0.0020833333333333333 0.002777777777777778
1 0.6458333333333334 0.28194444444444444 0.004166666666666667 0.002777777777777778
1 0.10416666666666667 0.28055555555555556 0.008333333333333333 0.005555555555555556
1 0.042708333333333334 0.2791666666666667 0.0020833333333333333 0.002777777777777778
1 0.7875 0.2777777777777778 0.008333333333333333 0.005555555555555556
1 0.7510416666666667 0.2902777777777778 0.010416666666666666 0.030555555555555555
1 0.6697916666666667 0.2763888888888889 0.0020833333333333333 0.002777777777777778
1 0.5729166666666666 0.28194444444444444 0.008333333333333333 0.013888888888888888
1 0.03854166666666667 0.2763888888888889 0.0020833333333333333 0.002777777777777778
1 0.7760416666666666 0.27361111111111114 0.0020833333333333333 0.002777777777777778
1 0.6125 0.27361111111111114 0.008333333333333333 0.002777777777777778
1 0.7697916666666667 0.2722222222222222 0.00625 0.005555555555555556
1 0.6197916666666666 0.2708333333333333 0.0020833333333333333 0.002777777777777778
1 0.6010416666666667 0.2708333333333333 0.0020833333333333333 0.002777777777777778
1 0.4375 0.30972222222222223 0.041666666666666664 0.08055555555555556
1 0.7552083333333334 0.26805555555555555 0.0020833333333333333 0.002777777777777778
1 0.5635416666666667 0.27361111111111114 0.014583333333333334 0.019444444444444445
1 0.584375 0.2625 0.0020833333333333333 0.002777777777777778
1 0.5739583333333333 0.2625 0.0020833333333333333 0.002777777777777778
1 0.45208333333333334 0.2652777777777778 0.004166666666666667 0.008333333333333333
1 0.7177083333333333 0.2777777777777778 0.03958333333333333 0.044444444444444446
1 0.659375 0.26666666666666666 0.07291666666666667 0.027777777777777776
1 0.5895833333333333 0.2569444444444444 0.004166666666666667 0.008333333333333333
1 0.45 0.25555555555555554 0.004166666666666667 0.005555555555555556
1 0.6645833333333333 0.24305555555555555 0.004166666666666667 0.008333333333333333
1 0.5947916666666667 0.24166666666666667 0.0020833333333333333 0.005555555555555556
1 0.6791666666666667 0.2361111111111111 0.008333333333333333 0.005555555555555556
1 0.07395833333333333 0.23333333333333334 0.0020833333333333333 0.005555555555555556
1 0.15208333333333332 0.23194444444444445 0.004166666666666667 0.008333333333333333
1 0.0010416666666666667 0.2263888888888889 0.0020833333333333333 0.002777777777777778
1 0.8 0.23055555555555557 0.008333333333333333 0.016666666666666666
1 0.4635416666666667 0.225 0.010416666666666666 0.005555555555555556
1 0.8302083333333333 0.21944444444444444 0.0020833333333333333 0.005555555555555556
1 0.43645833333333334 0.2263888888888889 0.01875 0.019444444444444445
1 0.14895833333333333 0.21805555555555556 0.0020833333333333333 0.002777777777777778
1 0.475 0.21805555555555556 0.008333333333333333 0.008333333333333333
1 0.071875 0.21805555555555556 0.00625 0.008333333333333333
1 0.8239583333333333 0.2152777777777778 0.00625 0.008333333333333333
1 0.16145833333333334 0.20416666666666666 0.0020833333333333333 0.002777777777777778
1 0.4822916666666667 0.19583333333333333 0.0020833333333333333 0.002777777777777778
1 0.4322916666666667 0.19027777777777777 0.0020833333333333333 0.002777777777777778
1 0.178125 0.1875 0.0020833333333333333 0.002777777777777778
1 0.08645833333333333 0.18888888888888888 0.010416666666666666 0.005555555555555556
1 0.6166666666666667 0.18888888888888888 0.0125 0.016666666666666666
1 0.8229166666666666 0.18055555555555555 0.0125 0.005555555555555556
1 0.17708333333333334 0.17916666666666667 0.004166666666666667 0.002777777777777778
1 0.8041666666666667 0.19583333333333333 0.03333333333333333 0.041666666666666664
1 0.43020833333333336 0.18055555555555555 0.00625 0.011111111111111112
1 0.421875 0.1763888888888889 0.0020833333333333333 0.002777777777777778
1 0.09375 0.1763888888888889 0.004166666666666667 0.002777777777777778
1 0.8135416666666667 0.175 0.0020833333333333333 0.005555555555555556
1 0.28020833333333334 0.1736111111111111 0.00625 0.008333333333333333
1 0.621875 0.16944444444444445 0.00625 0.005555555555555556
1 0.08541666666666667 0.17083333333333334 0.004166666666666667 0.008333333333333333
1 0.6177083333333333 0.16527777777777777 0.0020833333333333333 0.002777777777777778
1 0.153125 0.16527777777777777 0.0020833333333333333 0.002777777777777778
1 0.8166666666666667 0.1625 0.004166666666666667 0.002777777777777778
1 0.7739583333333333 0.16111111111111112 0.0020833333333333333 0.005555555555555556
1 0.7697916666666667 0.16111111111111112 0.0020833333333333333 0.005555555555555556
1 0.15104166666666666 0.1597222222222222 0.0020833333333333333 0.002777777777777778
1 0.7364583333333333 0.2152777777777778 0.01875 0.125
1 0.25729166666666664 0.1736111111111111 0.027083333333333334 0.041666666666666664
1 0.684375 0.1527777777777778 0.0020833333333333333 0.005555555555555556
1 0.7302083333333333 0.14444444444444443 0.00625 0.005555555555555556
1 0.43645833333333334 0.14305555555555555 0.0020833333333333333 0.002777777777777778
1 0.9697916666666667 0.1388888888888889 0.0020833333333333333 0.005555555555555556
1 0.225 0.1388888888888889 0.004166666666666667 0.005555555555555556
1 0.21770833333333334 0.1388888888888889 0.0020833333333333333 0.005555555555555556
1 0.9989583333333333 0.13194444444444445 0.0020833333333333333 0.002777777777777778
1 0.44166666666666665 0.13333333333333333 0.004166666666666667 0.011111111111111112
1 0.6854166666666667 0.125 0.004166666666666667 0.011111111111111112
1 0.15625 0.12222222222222222 0.004166666666666667 0.005555555555555556
1 0.7239583333333334 0.12916666666666668 0.01875 0.03611111111111111
1 0.5760416666666667 0.10972222222222222 0.0020833333333333333 0.002777777777777778
1 0.9916666666666667 0.1361111111111111 0.016666666666666666 0.06111111111111111
1 0.5802083333333333 0.10555555555555556 0.0020833333333333333 0.005555555555555556
1 0.425 0.09583333333333334 0.004166666666666667 0.002777777777777778
1 0.12604166666666666 0.09583333333333334 0.0020833333333333333 0.002777777777777778
1 0.43020833333333336 0.09305555555555556 0.0020833333333333333 0.002777777777777778
1 0.15729166666666666 0.09305555555555556 0.0020833333333333333 0.002777777777777778
1 0.16875 0.09166666666666666 0.004166666666666667 0.005555555555555556
1 0.896875 0.0875 0.0020833333333333333 0.002777777777777778
1 0.9458333333333333 0.08611111111111111 0.008333333333333333 0.005555555555555556
1 0.41770833333333335 0.08472222222222223 0.0020833333333333333 0.002777777777777778
1 0.809375 0.11944444444444445 0.04791666666666667 0.08333333333333333
1 0.4125 0.08055555555555556 0.004166666666666667 0.005555555555555556
1 0.2989583333333333 0.5388888888888889 0.5979166666666667 0.9222222222222223
1 0.8739583333333333 0.09583333333333334 0.03958333333333333 0.041666666666666664
1 0.39895833333333336 0.06805555555555555 0.0020833333333333333 0.002777777777777778
1 0.37604166666666666 0.07361111111111111 0.01875 0.013888888888888888
1 0.5958333333333333 0.06527777777777778 0.004166666666666667 0.002777777777777778
1 0.39375 0.06527777777777778 0.004166666666666667 0.002777777777777778
1 0.09895833333333333 0.06666666666666667 0.0020833333333333333 0.005555555555555556
1 0.39895833333333336 0.0625 0.0020833333333333333 0.002777777777777778
1 0.8989583333333333 0.05416666666666667 0.0020833333333333333 0.002777777777777778
1 0.215625 0.06944444444444445 0.027083333333333334 0.03333333333333333
1 0.190625 0.05138888888888889 0.0020833333333333333 0.002777777777777778
1 0.9520833333333333 0.04861111111111111 0.004166666666666667 0.002777777777777778
1 0.9614583333333333 0.04861111111111111 0.00625 0.008333333333333333
1 0.25104166666666666 0.04583333333333333 0.0020833333333333333 0.002777777777777778
1 0.928125 0.043055555555555555 0.0020833333333333333 0.002777777777777778
1 0.26145833333333335 0.05 0.010416666666666666 0.016666666666666666
1 0.8625 0.03611111111111111 0.008333333333333333 0.011111111111111112
1 0.24895833333333334 0.03333333333333333 0.0020833333333333333 0.005555555555555556
1 0.240625 0.041666666666666664 0.014583333333333334 0.022222222222222223
1 0.9479166666666666 0.030555555555555555 0.004166666666666667 0.005555555555555556
1 0.9552083333333333 0.027777777777777776 0.00625 0.005555555555555556
1 0.834375 0.0375 0.01875 0.025
1 0.24479166666666666 0.02638888888888889 0.0020833333333333333 0.002777777777777778
1 0.9958333333333333 0.030555555555555555 0.008333333333333333 0.022222222222222223
1 0.31979166666666664 0.009722222222222222 0.0020833333333333333 0.002777777777777778
1 0.35520833333333335 0.004166666666666667 0.0020833333333333333 0.002777777777777778
1 0.98125 0.05 0.0375 0.1
1 0.9614583333333333 0.006944444444444444 0.0020833333333333333 0.013888888888888888
1 0.7447916666666666 0.011111111111111112 0.04791666666666667 0.022222222222222223
1 0.4354166666666667 0.002777777777777778 0.004166666666666667 0.005555555555555556
1 0.421875 0.009722222222222222 0.010416666666666666 0.019444444444444445
1 0.4 0.0125 0.020833333333333332 0.025
1 0.27708333333333335 0.06944444444444445 0.15 0.1388888888888889
1 0.075 0.1361111111111111 0.15 0.2722222222222222
