0 0.13645833333333332 0.50234375 0.0020833333333333333 0.0015625
0 0.08229166666666667 0.49765625 0.0020833333333333333 0.0015625
0 0.134375 0.47890625 0.022916666666666665 0.0109375
0 0.03958333333333333 0.4625 0.0125 0.00625
0 0.05520833333333333 0.4375 0.01875 0.00625
0 0.007291666666666667 0.41484375 0.014583333333333334 0.0046875
0 0.22083333333333333 0.41484375 0.008333333333333333 0.0078125
0 0.21354166666666666 0.41171875 0.0020833333333333333 0.0015625
0 0.20625 0.41484375 0.0125 0.0171875
0 0.41770833333333335 0.38984375 0.0020833333333333333 0.0015625
0 0.06770833333333333 0.41171875 0.07708333333333334 0.0484375
0 0.15104166666666666 0.3953125 0.08125 0.0375
0 0.13125 0.3609375 0.004166666666666667 0.00625
0 0.7208333333333333 0.35234375 0.008333333333333333 0.0046875
0 0.11979166666666667 0.35234375 0.010416666666666666 0.0046875
0 0.184375 0.35234375 0.15208333333333332 0.0421875
0 0.178125 0.32578125 0.0020833333333333333 0.0015625
0 0.11458333333333333 0.32734375 0.008333333333333333 0.0046875
0 0.7489583333333333 0.334375 0.03125 0.021875
0 0.171875 0.3234375 0.00625 0.003125
0 0.13854166666666667 0.32265625 0.0020833333333333333 0.0015625
0 0.2 0.325 0.0125 0.009375
0 0.778125 0.31640625 0.01875 0.0078125
0 0.13645833333333332 0.31171875 0.0020833333333333333 0.0015625
0 0.09583333333333334 0.3125 0.008333333333333333 0.00625
0 0.8177083333333334 0.30078125 0.00625 0.0046875
0 0.071875 0.29765625 0.00625 0.0015625
0 0.04479166666666667 0.325 0.06875 0.075
0 0.5145833333333333 0.2890625 0.020833333333333332 0.015625
0 0.41770833333333335 0.334375 0.022916666666666665 0.10625
0 0.8614583333333333 0.284375 0.07708333333333334 0.025
0 0.6979166666666666 0.26953125 0.016666666666666666 0.0171875
0 0.48020833333333335 0.26875 0.03958333333333333 0.021875
0 0.7239583333333334 0.2484375 0.0020833333333333333 0.003125
0 0.209375 0.246875 0.00625 0.00625
0 0.140625 0.28203125 0.12708333333333333 0.0765625
0 0.20625 0.23984375 0.004166666666666667 0.0046875
0 0.115625 0.23671875 0.010416666666666666 0.0015625
0 0.740625 0.23046875 0.0020833333333333333 0.0015625
0 0.259375 0.22890625 0.010416666666666666 0.0046875
0 0.042708333333333334 0.22421875 0.0020833333333333333 0.0015625
0 0.026041666666666668 0.225 0.027083333333333334 0.009375
0 0.18020833333333333 0.234375 0.04375 0.034375
0 0.7541666666666667 0.21484375 0.004166666666666667 0.0046875
0 0.06145833333333333 0.2109375 0.00625 0.003125
0 0.059375 0.20546875 0.0020833333333333333 0.0015625
0 0.7739583333333333 0.20546875 0.00625 0.0046875
0 0.221875 0.20390625 0.0020833333333333333 0.0015625
0 0.06041666666666667 0.196875 0.0125 0.003125
0 0.76875 0.1953125 0.004166666666666667 0.003125
0 0.04583333333333333 0.19609375 0.0125 0.0078125
0 0.7895833333333333 0.19375 0.008333333333333333 0.00625
0 0.042708333333333334 0.19140625 0.0020833333333333333 0.0015625
0 0.04583333333333333 0.1890625 0.004166666666666667 0.003125
0 0.778125 0.18828125 0.00625 0.0046875
0 0.059375 0.18671875 0.0020833333333333333 0.0015625
0 0.08645833333333333 0.18359375 0.0020833333333333333 0.0015625
0 0.08229166666666667 0.18359375 0.0020833333333333333 0.0015625
0 0.065625 0.18359375 0.0020833333333333333 0.0015625
0 0.059375 0.18203125 0.0020833333333333333 0.0015625
0 0.052083333333333336 0.18671875 0.0125 0.0109375
0 0.084375 0.178125 0.00625 0.003125
0 0.07395833333333333 0.1796875 0.00625 0.009375
0 0.803125 0.175 0.0020833333333333333 0.003125
0 0.08020833333333334 0.17421875 0.0020833333333333333 0.0015625
0 0.821875 0.17265625 0.0020833333333333333 0.0015625
0 0.8114583333333333 0.16953125 0.0020833333333333333 0.0015625
0 0.815625 0.16796875 0.0020833333333333333 0.0015625
0 0.24270833333333333 0.16796875 0.0020833333333333333 0.0015625
0 0.23020833333333332 0.16796875 0.00625 0.0046875
0 0.20729166666666668 0.16484375 0.0020833333333333333 0.0015625
0 0.23125 0.19765625 0.08333333333333333 0.0703125
0 0.06770833333333333 0.16328125 0.0020833333333333333 0.0015625
0 0.03854166666666667 0.19140625 0.07708333333333334 0.0578125
0 0.20416666666666666 0.1609375 0.008333333333333333 0.00625
0 0.240625 0.15546875 0.0020833333333333333 0.0015625
0 0.2875 0.17421875 0.05 0.0484375
0 0.240625 0.15234375 0.027083333333333334 0.0140625
0 0.21666666666666667 0.14140625 0.008333333333333333 0.0046875
0 0.2604166666666667 0.13125 0.004166666666666667 0.003125
0 0.25 0.12265625 0.004166666666666667 0.0046875
0 0.10625 0.13125 0.025 0.025
0 0.26666666666666666 0.11796875 0.004166666666666667 0.0015625
0 0.66875 0.12109375 0.004166666666666667 0.0109375
0 0.028125 0.12265625 0.027083333333333334 0.0171875
0 0.24479166666666666 0.11328125 0.00625 0.0078125
0 0.075 0.1109375 0.004166666666666667 0.003125
0 0.809375 0.10703125 0.0020833333333333333 0.0015625
0 0.275 0.1078125 0.0625 0.01875
0 0.8552083333333333 0.09140625 0.0020833333333333333 0.0015625
0 0.7739583333333333 0.08671875 0.0020833333333333333 0.0015625
0 0.859375 0.08359375 0.0020833333333333333 0.0015625
0 0.21770833333333334 0.07734375 0.0020833333333333333 0.0015625
0 0.865625 0.07421875 0.0020833333333333333 0.0015625
0 0.6916666666666667 0.0703125 0.008333333333333333 0.003125
0 0.215625 0.065625 0.0020833333333333333 0.003125
0 0.19479166666666667 0.065625 0.00625 0.003125
0 0.21145833333333333 0.06171875 0.0020833333333333333 0.0015625
0 0.20416666666666666 0.0625 0.008333333333333333 0.00625
0 0.21145833333333333 0.05859375 0.0020833333333333333 0.0015625
0 0.8666666666666667 0.059375 0.004166666666666667 0.00625
0 0.20208333333333334 0.05703125 0.004166666666666667 0.0015625
0 0.6614583333333334 0.05390625 0.0020833333333333333 0.0015625
0 0.6520833333333333 0.05390625 0.004166666666666667 0.0046875
0 0.1875 0.05 0.004166666666666667 0.00625
0 0.6927083333333334 0.04296875 0.0020833333333333333 0.0015625
0 0.21979166666666666 0.04140625 0.0020833333333333333 0.0015625
0 0.09895833333333333 0.04765625 0.00625 0.0140625
0 0.13645833333333332 0.040625 0.010416666666666666 0.003125
0 0.12395833333333334 0.04453125 0.035416666666666666 0.0109375
0 0.8427083333333333 0.03828125 0.0020833333333333333 0.0015625
0 0.8375 0.03828125 0.004166666666666667 0.0015625
0 0.109375 0.0390625 0.0020833333333333333 0.003125
0 0.821875 0.03671875 0.010416666666666666 0.0046875
0 0.19583333333333333 0.03671875 0.008333333333333333 0.0046875
0 0.14270833333333333 0.0375 0.00625 0.00625
0 0.103125 0.034375 0.00625 0.003125
0 0.95 0.053125 0.1 0.04375
0 0.8177083333333334 0.03203125 0.0020833333333333333 0.0015625
0 0.078125 0.0328125 0.0020833333333333333 0.003125
0 0.12604166666666666 0.034375 0.01875 0.009375
0 0.06979166666666667 0.0328125 0.00625 0.00625
0 0.05625 0.03125 0.008333333333333333 0.00625
0 0.046875 0.02890625 0.0020833333333333333 0.0015625
0 0.16145833333333334 0.02734375 0.0020833333333333333 0.0015625
0 0.14583333333333334 0.03125 0.008333333333333333 0.009375
0 0.09270833333333334 0.03515625 0.014583333333333334 0.0171875
0 0.058333333333333334 0.028125 0.004166666666666667 0.003125
0 0.12604166666666666 0.02421875 0.0020833333333333333 0.0015625
0 0.10208333333333333 0.02578125 0.004166666666666667 0.0046875
0 0.096875 0.02421875 0.0020833333333333333 0.0015625
0 0.05520833333333333 0.025 0.00625 0.003125
0 0.903125 0.02265625 0.0020833333333333333 0.0015625
0 0.16979166666666667 0.02109375 0.0020833333333333333 0.0015625
0 0.15625 0.0234375 0.008333333333333333 0.00625
0 0.11458333333333333 0.028125 0.0125 0.015625
0 0.09166666666666666 0.02265625 0.004166666666666667 0.0046875
0 0.29375 0.021875 0.0125 0.00625
0 0.12604166666666666 0.0203125 0.0020833333333333333 0.003125
0 0.18645833333333334 0.01875 0.00625 0.003125
0 0.175 0.01796875 0.004166666666666667 0.0015625
0 0.1375 0.0234375 0.025 0.0125
0 0.11666666666666667 0.01796875 0.004166666666666667 0.0046875
0 0.096875 0.01796875 0.00625 0.0046875
0 0.13854166666666667 0.01484375 0.0020833333333333333 0.0015625
0 0.128125 0.015625 0.0020833333333333333 0.003125
0 0.10520833333333333 0.0171875 0.00625 0.00625
0 0.13333333333333333 0.0140625 0.004166666666666667 0.003125
0 0.2947916666666667 0.01171875 0.0020833333333333333 0.0015625
0 0.21145833333333333 0.0125 0.0020833333333333333 0.003125
0 0.22708333333333333 0.009375 0.004166666666666667 0.003125
0 0.7770833333333333 0.06171875 0.2125 0.1234375
0 0.3385416666666667 0.00390625 0.0020833333333333333 0.0078125
0 0.32916666666666666 0.00859375 0.0125 0.0171875
0 0.3104166666666667 0.00703125 0.0125 0.0140625
0 0.196875 0.0734375 0.19375 0.146875
0 0.209375 0.00234375 0.00625 0.0046875
0 0.178125 0.00859375 0.05625 0.0171875
0 0.153125 0.00078125 0.00625 0.0015625
0 0.13645833333333332 0.003125 0.010416666666666666 0.00625
0 0.09375 0.01484375 0.07083333333333333 0.0296875
0 0.003125 0.00078125 0.0020833333333333333 0.0015625
1 0.025 0.78359375 0.004166666666666667 0.0015625
1 0.090625 0.72734375 0.0020833333333333333 0.0015625
1 0.03958333333333333 0.684375 0.004166666666666667 0.003125
1 0.36354166666666665 0.65703125 0.0020833333333333333 0.0015625
1 0.365625 0.65390625 0.0020833333333333333 0.0015625
1 0.35 0.65390625 0.004166666666666667 0.0109375
1 0.121875 0.64296875 0.0020833333333333333 0.0015625
1 0.3614583333333333 0.64140625 0.0020833333333333333 0.0015625
1 0.12395833333333334 0.63671875 0.0020833333333333333 0.0015625
1 0.12916666666666668 0.63828125 0.0125 0.0078125
1 0.140625 0.63125 0.01875 0.009375
1 0.384375 0.61640625 0.0020833333333333333 0.0015625
1 0.3770833333333333 0.66484375 0.058333333333333334 0.1078125
1 0.42083333333333334 0.61328125 0.004166666666666667 0.0078125
1 0.3927083333333333 0.61015625 0.0020833333333333333 0.0015625
1 0.43020833333333336 0.60859375 0.00625 0.0046875
1 0.4114583333333333 0.60703125 0.0020833333333333333 0.0015625
1 0.3375 0.6046875 0.008333333333333333 0.003125
1 0.028125 0.603125 0.0020833333333333333 0.003125
1 0.35 0.5984375 0.0125 0.009375
1 0.33958333333333335 0.575 0.004166666666666667 0.003125
1 0.321875 0.5765625 0.022916666666666665 0.00625
1 0.065625 0.57265625 0.0020833333333333333 0.0015625
1 0.06145833333333333 0.5734375 0.0020833333333333333 0.003125
1 0.225 0.63515625 0.26666666666666666 0.1421875
1 0.022916666666666665 0.56484375 0.004166666666666667 0.0046875
1 0.004166666666666667 0.56875 0.008333333333333333 0.0125
1 0.7114583333333333 0.59375 0.08125 0.078125
1 0.035416666666666666 0.54609375 0.008333333333333333 0.0046875
1 0.659375 0.5359375 0.0020833333333333333 0.003125
1 0.3541666666666667 0.53671875 0.008333333333333333 0.0046875
1 0.030208333333333334 0.53046875 0.0020833333333333333 0.0015625
1 0.6833333333333333 0.5484375 0.03333333333333333 0.046875
1 0.027083333333333334 0.5265625 0.004166666666666667 0.003125
1 0.65625 0.52734375 0.004166666666666667 0.0078125
1 0.140625 0.52421875 0.0020833333333333333 0.0015625
1 0.32708333333333334 0.5203125 0.004166666666666667 0.003125
1 0.08020833333333334 0.6375 0.16041666666666668 0.2375
1 0.115625 0.51171875 0.00625 0.0015625
1 0.121875 0.51015625 0.0020833333333333333 0.0015625
1 0.09583333333333334 0.51171875 0.0125 0.0078125
1 0.7052083333333333 0.5078125 0.00625 0.003125
1 0.13125 0.50859375 0.0125 0.0046875
1 0.18125 0.50390625 0.004166666666666667 0.0015625
1 0.20104166666666667 0.50234375 0.00625 0.0015625
1 0.18958333333333333 0.503125 0.004166666666666667 0.003125
1 0.4864583333333333 0.50546875 0.010416666666666666 0.0109375
1 0.215625 0.50078125 0.0020833333333333333 0.0015625
1 0.134375 0.5125 0.04375 0.025
1 0.6572916666666667 0.50546875 0.01875 0.0171875
1 0.50625 0.4984375 0.004166666666666667 0.00625
1 0.565625 0.49453125 0.0020833333333333333 0.0015625
1 0.12291666666666666 0.49765625 0.020833333333333332 0.0078125
1 0.09895833333333333 0.49453125 0.0020833333333333333 0.0015625
1 0.4947916666666667 0.49453125 0.00625 0.0078125
1 0.5020833333333333 0.4921875 0.004166666666666667 0.00625
1 0.33229166666666665 0.48984375 0.0020833333333333333 0.0015625
1 0.32395833333333335 0.48984375 0.0020833333333333333 0.0015625
1 0.325 0.53203125 0.14583333333333334 0.0859375
1 0.31145833333333334 0.4875 0.00625 0.003125
1 0.503125 0.48203125 0.0020833333333333333 0.0015625
1 0.3020833333333333 0.48359375 0.008333333333333333 0.0046875
1 0.29270833333333335 0.48203125 0.00625 0.0015625
1 0.5322916666666667 0.47578125 0.0020833333333333333 0.0015625
1 0.03229166666666667 0.51953125 0.06458333333333334 0.0890625
1 0.5166666666666667 0.48125 0.020833333333333332 0.021875
1 0.603125 0.46953125 0.0020833333333333333 0.0015625
1 0.32708333333333334 0.47421875 0.041666666666666664 0.0109375
1 0.6072916666666667 0.46796875 0.0020833333333333333 0.0015625
1 0.5385416666666667 0.46796875 0.0020833333333333333 0.0015625
1 0.09166666666666666 0.4796875 0.05 0.025
1 0.5572916666666666 0.46640625 0.0020833333333333333 0.0015625
1 0.29791666666666666 0.4671875 0.004166666666666667 0.003125
1 0.5885416666666666 0.46484375 0.0020833333333333333 0.0015625
1 0.6166666666666667 0.4640625 0.008333333333333333 0.003125
1 0.528125 0.46328125 0.00625 0.0046875
1 0.28125 0.4640625 0.020833333333333332 0.00625
1 0.25833333333333336 0.46171875 0.004166666666666667 0.0015625
1 0.25 0.46015625 0.004166666666666667 0.0015625
1 0.6291666666666667 0.459375 0.0125 0.00625
1 0.609375 0.45703125 0.00625 0.0015625
1 0.565625 0.45703125 0.00625 0.0015625
1 0.23125 0.45703125 0.008333333333333333 0.0015625
1 0.615625 0.45546875 0.0020833333333333333 0.0015625
1 0.6302083333333334 0.45390625 0.0020833333333333333 0.0015625
1 0.011458333333333333 0.45234375 0.0020833333333333333 0.0015625
1 0.034375 0.4515625 0.027083333333333334 0.00625
1 0.0875 0.4484375 0.008333333333333333 0.003125
1 0.553125 0.4484375 0.027083333333333334 0.015625
1 0.5552083333333333 0.43828125 0.0020833333333333333 0.0015625
1 0.23020833333333332 0.43828125 0.0020833333333333333 0.0015625
1 0.578125 0.43671875 0.0020833333333333333 0.0015625
1 0.24166666666666667 0.43671875 0.004166666666666667 0.0015625
1 0.5614583333333333 0.43515625 0.0020833333333333333 0.0015625
1 0.246875 0.43515625 0.0020833333333333333 0.0015625
1 0.22395833333333334 0.43515625 0.0020833333333333333 0.0015625
1 0.5677083333333334 0.43203125 0.00625 0.0046875
1 0.5875 0.42578125 0.008333333333333333 0.0015625
1 0.017708333333333333 0.428125 0.035416666666666666 0.01875
1 0.22083333333333333 0.4046875 0.008333333333333333 0.009375
1 0.2 0.39609375 0.0125 0.0078125
1 0.022916666666666665 0.39453125 0.008333333333333333 0.0046875
1 0.011458333333333333 0.39921875 0.022916666666666665 0.0203125
1 0.4041666666666667 0.39453125 0.004166666666666667 0.0203125
1 0.09479166666666666 0.38828125 0.027083333333333334 0.0078125
1 0.7072916666666667 0.38671875 0.00625 0.0078125
1 0.11145833333333334 0.38203125 0.0020833333333333333 0.0015625
1 0.23645833333333333 0.38046875 0.0020833333333333333 0.0015625
1 0.7260416666666667 0.37890625 0.0020833333333333333 0.0015625
1 0.22708333333333333 0.378125 0.004166666666666667 0.003125
1 0.09479166666666666 0.37734375 0.0020833333333333333 0.0015625
1 0.403125 0.3765625 0.0020833333333333333 0.003125
1 0.121875 0.37578125 0.0020833333333333333 0.0015625
1 0.4239583333333333 0.37734375 0.00625 0.0078125
1 0.096875 0.37421875 0.0020833333333333333 0.0015625
1 0.3020833333333333 0.371875 0.004166666666666667 0.003125
1 0.2604166666666667 0.3703125 0.004166666666666667 0.003125
1 0.17395833333333333 0.38125 0.09375 0.025
1 0.265625 0.36796875 0.0020833333333333333 0.0015625
1 0.128125 0.36875 0.0020833333333333333 0.003125
1 0.265625 0.36484375 0.0020833333333333333 0.0015625
1 0.42604166666666665 0.3671875 0.0020833333333333333 0.009375
1 0.74375 0.36171875 0.004166666666666667 0.0046875
1 0.265625 0.35859375 0.0020833333333333333 0.0015625
1 0.06458333333333334 0.35859375 0.004166666666666667 0.0015625
1 0.7510416666666667 0.35703125 0.0020833333333333333 0.0015625
1 0.403125 0.3625 0.0020833333333333333 0.015625
1 0.73125 0.35390625 0.004166666666666667 0.0015625
1 0.7635416666666667 0.35078125 0.0020833333333333333 0.0015625
1 0.7677083333333333 0.34921875 0.0020833333333333333 0.0015625
1 0.7739583333333333 0.34765625 0.00625 0.0015625
1 0.7375 0.35 0.008333333333333333 0.00625
1 0.7177083333333333 0.3484375 0.0020833333333333333 0.003125
1 0.634375 0.34609375 0.0020833333333333333 0.0015625
1 0.2375 0.34140625 0.004166666666666667 0.0015625
1 0.7260416666666667 0.340625 0.0020833333333333333 0.003125
1 0.07604166666666666 0.34296875 0.00625 0.0078125
1 0.221875 0.33828125 0.00625 0.0015625
1 0.1125 0.353125 0.025 0.03125
1 0.21354166666666666 0.33671875 0.0020833333333333333 0.0015625
1 0.734375 0.33515625 0.0020833333333333333 0.0015625
1 0.09791666666666667 0.3359375 0.004166666666666667 0.003125
1 0.10416666666666667 0.33359375 0.004166666666666667 0.0015625
1 0.2125 0.3328125 0.004166666666666667 0.003125
1 0.428125 0.33828125 0.0020833333333333333 0.0171875
1 0.771875 0.32890625 0.0020833333333333333 0.0015625
1 0.08958333333333333 0.328125 0.016666666666666666 0.00625
1 0.03125 0.35859375 0.0625 0.0703125
1 0.6677083333333333 0.321875 0.0020833333333333333 0.003125
1 0.40208333333333335 0.33046875 0.004166666666666667 0.0203125
1 0.753125 0.321875 0.014583333333333334 0.00625
1 0.21145833333333333 0.32421875 0.00625 0.0109375
1 0.7927083333333333 0.31875 0.00625 0.003125
1 0.7645833333333333 0.31875 0.004166666666666667 0.003125
1 0.671875 0.31875 0.00625 0.003125
1 0.4010416666666667 0.315625 0.0020833333333333333 0.003125
1 0.8104166666666667 0.31171875 0.004166666666666667 0.0015625
1 0.43020833333333336 0.31171875 0.0020833333333333333 0.0015625
1 0.20833333333333334 0.3140625 0.004166666666666667 0.00625
1 0.678125 0.30625 0.0020833333333333333 0.003125
1 0.665625 0.30546875 0.0020833333333333333 0.0015625
1 0.4322916666666667 0.30546875 0.0020833333333333333 0.0015625
1 0.4010416666666667 0.30703125 0.0020833333333333333 0.0109375
1 0.09479166666666666 0.30234375 0.010416666666666666 0.0046875
1 0.6708333333333333 0.3015625 0.008333333333333333 0.00625
1 0.4322916666666667 0.29921875 0.0020833333333333333 0.0015625
1 0.004166666666666667 0.30859375 0.008333333333333333 0.0203125
1 0.434375 0.29296875 0.0020833333333333333 0.0015625
1 0.6770833333333334 0.2921875 0.004166666666666667 0.00625
1 0.434375 0.28984375 0.0020833333333333333 0.0015625
1 0.8666666666666667 0.290625 0.020833333333333332 0.00625
1 0.5145833333333333 0.29765625 0.0375 0.0234375
1 0.43645833333333334 0.28671875 0.0020833333333333333 0.0015625
1 0.184375 0.29140625 0.014583333333333334 0.0140625
1 0.8833333333333333 0.284375 0.004166666666666667 0.003125
1 0.8364583333333333 0.28359375 0.0020833333333333333 0.0015625
1 0.4947916666666667 0.28359375 0.0020833333333333333 0.0015625
1 0.840625 0.28203125 0.0020833333333333333 0.0015625
1 0.6322916666666667 0.28203125 0.0020833333333333333 0.0015625
1 0.5635416666666667 0.28203125 0.0020833333333333333 0.0015625
1 0.19375 0.28359375 0.008333333333333333 0.0046875
1 0.8989583333333333 0.27890625 0.0020833333333333333 0.0015625
1 0.4864583333333333 0.28125 0.00625 0.00625
1 0.3958333333333333 0.28671875 0.0125 0.0171875
1 0.2989583333333333 0.278125 0.0020833333333333333 0.003125
1 0.940625 0.27421875 0.0020833333333333333 0.0015625
1 0.8697916666666666 0.27109375 0.0020833333333333333 0.0015625
1 0.878125 0.26953125 0.0020833333333333333 0.0015625
1 0.5572916666666666 0.26953125 0.0020833333333333333 0.0015625
1 0.8833333333333333 0.26796875 0.004166666666666667 0.0015625
1 0.4625 0.26640625 0.004166666666666667 0.0015625
1 0.19583333333333333 0.2671875 0.008333333333333333 0.003125
1 0.3 0.265625 0.004166666666666667 0.003125
1 0.29270833333333335 0.26328125 0.0020833333333333333 0.0015625
1 0.3072916666666667 0.2640625 0.00625 0.015625
1 0.47291666666666665 0.25546875 0.004166666666666667 0.0015625
1 0.7052083333333333 0.25390625 0.0020833333333333333 0.0015625
1 0.3072916666666667 0.25390625 0.0020833333333333333 0.0015625
1 0.453125 0.24921875 0.0020833333333333333 0.0015625
1 0.44895833333333335 0.24921875 0.0020833333333333333 0.0015625
1 0.3072916666666667 0.24765625 0.0020833333333333333 0.0015625
1 0.7364583333333333 0.24296875 0.0020833333333333333 0.0015625
1 0.734375 0.23984375 0.0020833333333333333 0.0015625
1 0.29270833333333335 0.246875 0.014583333333333334 0.025
1 0.03333333333333333 0.26796875 0.06666666666666667 0.0671875
1 0.75 0.24140625 0.020833333333333332 0.0171875
1 0.003125 0.228125 0.00625 0.00625
1 0.634375 0.22421875 0.0020833333333333333 0.0015625
1 0.6197916666666666 0.221875 0.0020833333333333333 0.003125
1 0.17291666666666666 0.22265625 0.004166666666666667 0.0046875
1 0.6197916666666666 0.21171875 0.0020833333333333333 0.0015625
1 0.259375 0.21015625 0.010416666666666666 0.0078125
1 0.675 0.2078125 0.008333333333333333 0.00625
1 0.6677083333333333 0.20234375 0.0020833333333333333 0.0015625
1 0.2791666666666667 0.2125 0.016666666666666666 0.025
1 0.6802083333333333 0.19765625 0.00625 0.0046875
1 0.6729166666666667 0.19296875 0.004166666666666667 0.0046875
1 0.634375 0.190625 0.0020833333333333333 0.00625
1 0.684375 0.1765625 0.0020833333333333333 0.003125
1 0.9125 0.16875 0.004166666666666667 0.003125
1 0.8322916666666667 0.16796875 0.0020833333333333333 0.0015625
1 0.9739583333333334 0.16640625 0.0020833333333333333 0.0015625
1 0.8708333333333333 0.15703125 0.004166666666666667 0.0015625
1 0.8864583333333333 0.15546875 0.01875 0.0015625
1 0.5864583333333333 0.15390625 0.0020833333333333333 0.0015625
1 0.9364583333333333 0.1640625 0.07708333333333334 0.025
1 0.2552083333333333 0.153125 0.0020833333333333333 0.003125
1 0.259375 0.15078125 0.0020833333333333333 0.0015625
1 0.5885416666666666 0.14921875 0.0020833333333333333 0.0015625
1 0.25833333333333336 0.1421875 0.008333333333333333 0.003125
1 0.22604166666666667 0.14609375 0.052083333333333336 0.0140625
1 0.178125 0.15546875 0.03958333333333333 0.0328125
1 0.030208333333333334 0.1390625 0.0020833333333333333 0.003125
1 0.896875 0.13671875 0.0020833333333333333 0.0015625
1 0.35625 0.1390625 0.004166666666666667 0.00625
1 0.2604166666666667 0.1375 0.0125 0.003125
1 0.21666666666666667 0.1296875 0.004166666666666667 0.003125
1 0.046875 0.12890625 0.00625 0.0046875
1 0.21458333333333332 0.12578125 0.004166666666666667 0.0015625
1 0.3572916666666667 0.12265625 0.00625 0.0046875
1 0.9385416666666667 0.11640625 0.0020833333333333333 0.0015625
1 0.9072916666666667 0.11171875 0.0020833333333333333 0.0015625
1 0.36041666666666666 0.1140625 0.004166666666666667 0.009375
1 0.7958333333333333 0.1109375 0.008333333333333333 0.009375
1 0.11354166666666667 0.10703125 0.0020833333333333333 0.0015625
1 0.95 0.1046875 0.004166666666666667 0.003125
1 0.790625 0.103125 0.0020833333333333333 0.003125
1 0.9364583333333333 0.10078125 0.0020833333333333333 0.0015625
1 0.940625 0.09921875 0.0020833333333333333 0.0015625
1 0.121875 0.09921875 0.0020833333333333333 0.0015625
1 0.9072916666666667 0.09765625 0.0020833333333333333 0.0015625
1 0.903125 0.09765625 0.0020833333333333333 0.0015625
1 0.9625 0.0984375 0.004166666666666667 0.00625
1 0.953125 0.0984375 0.0020833333333333333 0.00625
1 0.9166666666666666 0.09765625 0.004166666666666667 0.0046875
1 0.8375 0.096875 0.0125 0.003125
1 0.909375 0.09453125 0.0020833333333333333 0.0015625
1 0.178125 0.09921875 0.01875 0.0109375
1 0.8666666666666667 0.09375 0.008333333333333333 0.003125
1 0.9458333333333333 0.09375 0.004166666666666667 0.00625
1 0.9489583333333333 0.08828125 0.0020833333333333333 0.0015625
1 0.8989583333333333 0.08828125 0.0020833333333333333 0.0015625
1 0.8677083333333333 0.08828125 0.0020833333333333333 0.0015625
1 0.8604166666666667 0.08984375 0.004166666666666667 0.0046875
1 0.278125 0.08671875 0.0020833333333333333 0.0015625
1 0.9822916666666667 0.08515625 0.0020833333333333333 0.0015625
1 0.8760416666666667 0.08515625 0.0020833333333333333 0.0015625
1 0.9416666666666667 0.084375 0.008333333333333333 0.003125
1 0.8895833333333333 0.08515625 0.008333333333333333 0.0078125
1 0.9822916666666667 0.08046875 0.0020833333333333333 0.0015625
1 0.8770833333333333 0.0796875 0.004166666666666667 0.003125
1 0.9979166666666667 0.078125 0.004166666666666667 0.003125
1 0.9927083333333333 0.07734375 0.0020833333333333333 0.0015625
1 0.971875 0.07578125 0.0020833333333333333 0.0015625
1 0.9677083333333333 0.07421875 0.0020833333333333333 0.0015625
1 0.8739583333333333 0.07265625 0.010416666666666666 0.0046875
1 0.19479166666666667 0.07265625 0.00625 0.0046875
1 0.184375 0.07265625 0.010416666666666666 0.0046875
1 0.18854166666666666 0.06953125 0.0020833333333333333 0.0015625
1 0.2708333333333333 0.06953125 0.008333333333333333 0.0046875
1 0.9229166666666667 0.078125 0.0375 0.025
1 0.953125 0.06328125 0.0020833333333333333 0.0015625
1 0.8770833333333333 0.0640625 0.004166666666666667 0.003125
1 0.6385416666666667 0.1453125 0.035416666666666666 0.175
1 0.6395833333333333 0.059375 0.004166666666666667 0.003125
1 0.9020833333333333 0.06015625 0.004166666666666667 0.0078125
1 0.6572916666666667 0.059375 0.0020833333333333333 0.00625
1 0.8979166666666667 0.0546875 0.004166666666666667 0.003125
1 0.8895833333333333 0.0546875 0.004166666666666667 0.003125
1 0.6385416666666667 0.05234375 0.0020833333333333333 0.0015625
1 0.29270833333333335 0.05546875 0.00625 0.0078125
1 0.8927083333333333 0.05078125 0.00625 0.0015625
1 0.6552083333333333 0.05234375 0.0020833333333333333 0.0046875
1 0.665625 0.04765625 0.0020833333333333333 0.0015625
1 0.8822916666666667 0.0484375 0.01875 0.00625
1 0.29375 0.046875 0.004166666666666667 0.003125
1 0.6572916666666667 0.0390625 0.0020833333333333333 0.003125
1 0.9375 0.0359375 0.004166666666666667 0.003125
1 0.8770833333333333 0.0359375 0.008333333333333333 0.003125
1 0.6645833333333333 0.03828125 0.004166666666666667 0.0078125
1 0.584375 0.03515625 0.0020833333333333333 0.0015625
1 0.875 0.03984375 0.025 0.0140625
1 0.99375 0.0265625 0.004166666666666667 0.003125
1 0.8875 0.02890625 0.008333333333333333 0.0078125
1 0.8239583333333333 0.0296875 0.00625 0.009375
1 0.18958333333333333 0.03984375 0.0875 0.0296875
1 0.990625 0.02421875 0.0020833333333333333 0.0015625
1 0.959375 0.03125 0.03125 0.015625
1 0.8302083333333333 0.02421875 0.00625 0.0015625
1 0.8541666666666666 0.028125 0.041666666666666664 0.01875
1 0.8427083333333333 0.01953125 0.0020833333333333333 0.0015625
1 0.8510416666666667 0.01875 0.010416666666666666 0.003125
1 0.35104166666666664 0.04609375 0.03125 0.0796875
1 0.9739583333333334 0.003125 0.0020833333333333333 0.003125
1 0.90625 0.025 0.07916666666666666 0.05
1 0.896875 0.00546875 0.022916666666666665 0.0109375
1 0.35520833333333335 0.00078125 0.0020833333333333333 0.0015625
1 0.2552083333333333 0.0015625 0.00625 0.003125
1 0.365625 0.3046875 0.73125 0.609375
2 0.134375 0.74609375 0.03958333333333333 0.0109375
2 0.03229166666666667 0.70859375 0.0020833333333333333 0.0015625
2 0.04895833333333333 0.6984375 0.010416666666666666 0.003125
2 0.11458333333333333 0.67578125 0.0125 0.0109375
2 0.13020833333333334 0.66171875 0.0020833333333333333 0.0046875
2 0.35520833333333335 0.65234375 0.0020833333333333333 0.0046875
2 0.3625 0.6484375 0.004166666666666667 0.003125
2 0.15208333333333332 0.64296875 0.008333333333333333 0.0046875
2 0.1375 0.63359375 0.008333333333333333 0.0046875
2 0.3802083333333333 0.62890625 0.00625 0.0078125
2 0.41041666666666665 0.6015625 0.004166666666666667 0.003125
2 0.35 0.5984375 0.004166666666666667 0.003125
2 0.303125 0.5984375 0.00625 0.003125
2 0.29583333333333334 0.59296875 0.004166666666666667 0.0015625
2 0.4322916666666667 0.59296875 0.01875 0.0109375
2 0.3177083333333333 0.58828125 0.014583333333333334 0.0046875
2 0.028125 0.58203125 0.014583333333333334 0.0109375
2 0.3854166666666667 0.5671875 0.004166666666666667 0.003125
2 0.046875 0.56171875 0.0020833333333333333 0.0015625
2 0.25 0.5984375 0.21666666666666667 0.078125
2 0.4895833333333333 0.55859375 0.025 0.0109375
2 0.42604166666666665 0.55234375 0.010416666666666666 0.0046875
2 0.440625 0.54296875 0.0020833333333333333 0.0015625
2 0.446875 0.54296875 0.010416666666666666 0.0140625
2 0.46979166666666666 0.53515625 0.00625 0.0078125
2 0.690625 0.5625 0.04791666666666667 0.078125
2 0.06354166666666666 0.546875 0.06458333333333334 0.05625
2 0.06979166666666667 0.51796875 0.0020833333333333333 0.0015625
2 0.5552083333333333 0.5125 0.00625 0.003125
2 0.484375 0.51875 0.01875 0.01875
2 0.40729166666666666 0.53203125 0.014583333333333334 0.0515625
2 0.496875 0.5046875 0.00625 0.009375
2 0.659375 0.50703125 0.014583333333333334 0.0171875
2 0.09479166666666666 0.49765625 0.0020833333333333333 0.0015625
2 0.6614583333333334 0.49453125 0.0020833333333333333 0.0015625
2 0.11979166666666667 0.5046875 0.06041666666666667 0.021875
2 0.30520833333333336 0.5171875 0.10208333333333333 0.053125
2 0.503125 0.4921875 0.0020833333333333333 0.00625
2 0.21666666666666667 0.48984375 0.008333333333333333 0.0015625
2 0.37916666666666665 0.4890625 0.008333333333333333 0.00625
2 0.303125 0.48359375 0.0020833333333333333 0.0015625
2 0.5177083333333333 0.478125 0.010416666666666666 0.00625
2 0.6604166666666667 0.47734375 0.008333333333333333 0.0109375
2 0.33229166666666665 0.475 0.03125 0.009375
2 0.5302083333333333 0.51171875 0.13541666666666666 0.0859375
2 0.290625 0.46640625 0.0020833333333333333 0.0015625
2 0.28125 0.4640625 0.008333333333333333 0.003125
2 0.6708333333333333 0.46171875 0.004166666666666667 0.0078125
2 0.07291666666666667 0.53828125 0.14583333333333334 0.1796875
2 0.36770833333333336 0.44609375 0.0020833333333333333 0.0015625
2 0.5510416666666667 0.44921875 0.01875 0.0140625
2 0.40208333333333335 0.44375 0.004166666666666667 0.00625
2 0.23020833333333332 0.43828125 0.0020833333333333333 0.0015625
2 0.015625 0.43515625 0.0020833333333333333 0.0015625
2 0.00625 0.4328125 0.0125 0.003125
2 0.23645833333333333 0.43046875 0.00625 0.0015625
2 0.26145833333333335 0.4265625 0.00625 0.003125
2 0.03333333333333333 0.42734375 0.004166666666666667 0.0046875
2 0.3645833333333333 0.4265625 0.004166666666666667 0.009375
2 0.2520833333333333 0.4234375 0.008333333333333333 0.003125
2 0.26979166666666665 0.41640625 0.0020833333333333333 0.0015625
2 0.6916666666666667 0.428125 0.03333333333333333 0.05
2 0.7166666666666667 0.41875 0.016666666666666666 0.0375
2 0.6385416666666667 0.3734375 0.01875 0.015625
2 0.74375 0.3609375 0.004166666666666667 0.003125
2 0.3416666666666667 0.353125 0.004166666666666667 0.003125
2 0.7635416666666667 0.35078125 0.0020833333333333333 0.0015625
2 0.5114583333333333 0.40234375 0.06875 0.1046875
2 0.7385416666666667 0.34921875 0.00625 0.0078125
2 0.55 0.35078125 0.008333333333333333 0.0109375
2 0.5635416666666667 0.3390625 0.0020833333333333333 0.003125
2 0.6302083333333334 0.340625 0.0020833333333333333 0.009375
2 0.5614583333333333 0.33515625 0.0020833333333333333 0.0015625
2 0.21145833333333333 0.33359375 0.0020833333333333333 0.0015625
2 0.3385416666666667 0.33984375 0.00625 0.0171875
2 0.13229166666666667 0.39765625 0.26458333333333334 0.1328125
2 0.70625 0.38046875 0.08333333333333333 0.1015625
2 0.628125 0.33203125 0.0020833333333333333 0.0046875
2 0.771875 0.32890625 0.0020833333333333333 0.0015625
2 0.21145833333333333 0.3265625 0.0020833333333333333 0.003125
2 0.178125 0.32578125 0.0020833333333333333 0.0015625
2 0.20416666666666666 0.3234375 0.004166666666666667 0.003125
2 0.171875 0.3234375 0.00625 0.003125
2 0.13854166666666667 0.32265625 0.0020833333333333333 0.0015625
2 0.209375 0.3203125 0.0020833333333333333 0.003125
2 0.33229166666666665 0.32265625 0.00625 0.0109375
2 0.33645833333333336 0.3140625 0.0020833333333333333 0.003125
2 0.20729166666666668 0.31484375 0.00625 0.0046875
2 0.809375 0.31171875 0.0020833333333333333 0.0015625
2 0.43020833333333336 0.31171875 0.0020833333333333333 0.0015625
2 0.13645833333333332 0.31171875 0.0020833333333333333 0.0015625
2 0.19895833333333332 0.30703125 0.0020833333333333333 0.0015625
2 0.084375 0.30546875 0.0020833333333333333 0.0015625
2 0.540625 0.30859375 0.010416666666666666 0.0171875
2 0.4322916666666667 0.2984375 0.0020833333333333333 0.003125
2 0.5364583333333334 0.29609375 0.0020833333333333333 0.0015625
2 0.8572916666666667 0.29296875 0.0020833333333333333 0.0015625
2 0.4239583333333333 0.4109375 0.11041666666666666 0.240625
2 0.434375 0.28984375 0.0020833333333333333 0.0015625
2 0.028125 0.28828125 0.0020833333333333333 0.0015625
2 0.8729166666666667 0.2875 0.004166666666666667 0.003125
2 0.8833333333333333 0.284375 0.004166666666666667 0.003125
2 0.8354166666666667 0.284375 0.004166666666666667 0.003125
2 0.840625 0.28203125 0.0020833333333333333 0.0015625
2 0.5145833333333333 0.28125 0.004166666666666667 0.003125
2 0.8989583333333333 0.27890625 0.0020833333333333333 0.0015625
2 0.30625 0.2796875 0.004166666666666667 0.00625
2 0.8572916666666667 0.27578125 0.0020833333333333333 0.0015625
2 0.940625 0.27421875 0.0020833333333333333 0.0015625
2 0.9302083333333333 0.27421875 0.0020833333333333333 0.0015625
2 0.8760416666666667 0.27265625 0.0020833333333333333 0.0015625
2 0.6708333333333333 0.31796875 0.05 0.0921875
2 0.5125 0.2734375 0.004166666666666667 0.003125
2 0.8239583333333333 0.3 0.15208333333333332 0.059375
2 0.8697916666666666 0.27109375 0.0020833333333333333 0.0015625
2 0.5666666666666667 0.3046875 0.05 0.06875
2 0.878125 0.26953125 0.0020833333333333333 0.0015625
2 0.036458333333333336 0.271875 0.00625 0.00625
2 0.022916666666666665 0.27109375 0.004166666666666667 0.0046875
2 0.8833333333333333 0.26796875 0.004166666666666667 0.0015625
2 0.7 0.26875 0.004166666666666667 0.003125
2 0.46145833333333336 0.26484375 0.0020833333333333333 0.0015625
2 0.007291666666666667 0.27265625 0.014583333333333334 0.0171875
2 0.5020833333333333 0.2640625 0.004166666666666667 0.003125
2 0.48854166666666665 0.26328125 0.0020833333333333333 0.0015625
2 0.26458333333333334 0.2625 0.004166666666666667 0.003125
2 0.4979166666666667 0.2796875 0.0625 0.040625
2 0.471875 0.25625 0.00625 0.003125
2 0.7052083333333333 0.25390625 0.0020833333333333333 0.0015625
2 0.25625 0.253125 0.004166666666666667 0.003125
2 0.015625 0.25546875 0.010416666666666666 0.0109375
2 0.7239583333333334 0.24921875 0.0020833333333333333 0.0015625
2 0.6447916666666667 0.24921875 0.0020833333333333333 0.0015625
2 0.48020833333333335 0.24921875 0.0020833333333333333 0.0015625
2 0.44895833333333335 0.24921875 0.0020833333333333333 0.0015625
2 0.734375 0.23984375 0.0020833333333333333 0.0015625
2 0.45729166666666665 0.23828125 0.0020833333333333333 0.0015625
2 0.7364583333333333 0.23515625 0.0020833333333333333 0.0015625
2 0.25833333333333336 0.2359375 0.008333333333333333 0.003125
2 0.740625 0.23046875 0.0020833333333333333 0.0015625
2 0.25729166666666664 0.23125 0.00625 0.003125
2 0.140625 0.23515625 0.014583333333333334 0.0109375
2 0.484375 0.22578125 0.00625 0.0015625
2 0.6322916666666667 0.27265625 0.06041666666666667 0.1046875
2 0.31979166666666664 0.22109375 0.0020833333333333333 0.0046875
2 0.24791666666666667 0.2140625 0.008333333333333333 0.003125
2 0.6260416666666667 0.221875 0.00625 0.021875
2 0.6604166666666667 0.21171875 0.0125 0.0140625
2 0.2520833333333333 0.209375 0.025 0.009375
2 0.059375 0.20546875 0.0020833333333333333 0.0015625
2 0.7739583333333333 0.20546875 0.00625 0.0046875
2 0.04791666666666667 0.2046875 0.0125 0.003125
2 0.6677083333333333 0.20234375 0.0020833333333333333 0.0015625
2 0.28229166666666666 0.20234375 0.0020833333333333333 0.0015625
2 0.2625 0.20234375 0.004166666666666667 0.0015625
2 0.06770833333333333 0.20234375 0.0020833333333333333 0.0015625
2 0.7614583333333333 0.20078125 0.0020833333333333333 0.0015625
2 0.06041666666666667 0.196875 0.0125 0.003125
2 0.7697916666666667 0.19453125 0.0020833333333333333 0.0015625
2 0.04583333333333333 0.19609375 0.0125 0.0078125
2 0.634375 0.190625 0.0020833333333333333 0.00625
2 0.5802083333333333 0.19296875 0.00625 0.0109375
2 0.590625 0.18828125 0.0020833333333333333 0.0046875
2 0.14270833333333333 0.18671875 0.0020833333333333333 0.0015625
2 0.27395833333333336 0.19609375 0.014583333333333334 0.0234375
2 0.6302083333333334 0.18828125 0.0020833333333333333 0.0109375
2 0.08645833333333333 0.18359375 0.0020833333333333333 0.0015625
2 0.8072916666666666 0.18203125 0.0020833333333333333 0.0015625
2 0.07604166666666666 0.1828125 0.0020833333333333333 0.003125
2 0.06354166666666666 0.17734375 0.0020833333333333333 0.0015625
2 0.6833333333333333 0.17734375 0.004166666666666667 0.0046875
2 0.26979166666666665 0.1765625 0.0020833333333333333 0.003125
2 0.040625 0.17578125 0.0020833333333333333 0.0015625
2 0.035416666666666666 0.17734375 0.004166666666666667 0.0046875
2 0.803125 0.17421875 0.0020833333333333333 0.0015625
2 0.08020833333333334 0.17421875 0.0020833333333333333 0.0015625
2 0.8208333333333333 0.1734375 0.004166666666666667 0.003125
2 0.2625 0.1734375 0.004166666666666667 0.003125
2 0.042708333333333334 0.17265625 0.0020833333333333333 0.0015625
2 0.828125 0.16953125 0.0020833333333333333 0.0015625
2 0.8104166666666667 0.1703125 0.004166666666666667 0.003125
2 0.8322916666666667 0.16796875 0.0020833333333333333 0.0015625
2 0.24270833333333333 0.16796875 0.0020833333333333333 0.0015625
2 0.8145833333333333 0.1671875 0.004166666666666667 0.003125
2 0.06770833333333333 0.16328125 0.0020833333333333333 0.0015625
2 0.8239583333333333 0.16171875 0.0020833333333333333 0.0015625
2 0.8625 0.15859375 0.004166666666666667 0.0015625
2 0.8697916666666666 0.15703125 0.00625 0.0015625
2 0.9010416666666666 0.15546875 0.00625 0.0015625
2 0.8864583333333333 0.15546875 0.01875 0.0015625
2 0.5864583333333333 0.15390625 0.0020833333333333333 0.0015625
2 0.253125 0.1546875 0.00625 0.009375
2 0.584375 0.15 0.0020833333333333333 0.003125
2 0.7552083333333334 0.14609375 0.0020833333333333333 0.0015625
2 0.584375 0.14609375 0.0020833333333333333 0.0015625
2 0.2604166666666667 0.14609375 0.0125 0.0109375
2 0.35625 0.1390625 0.004166666666666667 0.00625
2 0.203125 0.1359375 0.01875 0.009375
2 0.2604166666666667 0.134375 0.0125 0.009375
2 0.22291666666666668 0.13046875 0.016666666666666666 0.0078125
2 0.16354166666666667 0.12734375 0.0020833333333333333 0.0015625
2 0.06979166666666667 0.12734375 0.0020833333333333333 0.0015625
2 0.240625 0.12734375 0.010416666666666666 0.0046875
2 0.6354166666666666 0.12890625 0.004166666666666667 0.0109375
2 0.25104166666666666 0.12578125 0.00625 0.0046875
2 0.6427083333333333 0.12265625 0.0020833333333333333 0.0015625
2 0.26666666666666666 0.11796875 0.004166666666666667 0.0015625
2 0.253125 0.115625 0.00625 0.003125
2 0.24583333333333332 0.1140625 0.004166666666666667 0.00625
2 0.10520833333333333 0.10859375 0.0020833333333333333 0.0015625
2 0.04895833333333333 0.10859375 0.0020833333333333333 0.0015625
2 0.8260416666666667 0.10546875 0.0020833333333333333 0.0015625
2 0.13125 0.1078125 0.008333333333333333 0.009375
2 0.109375 0.2359375 0.21875 0.26875
2 0.646875 0.10859375 0.00625 0.0171875
2 0.640625 0.10234375 0.0020833333333333333 0.0046875
2 0.58125 0.1296875 0.0125 0.059375
2 0.096875 0.10078125 0.0020833333333333333 0.0015625
2 0.28541666666666665 0.09921875 0.004166666666666667 0.0015625
2 0.9072916666666667 0.09765625 0.0020833333333333333 0.0015625
2 0.903125 0.09765625 0.0020833333333333333 0.0015625
2 0.9625 0.096875 0.004166666666666667 0.003125
2 0.8395833333333333 0.09609375 0.004166666666666667 0.0015625
2 0.909375 0.09453125 0.0020833333333333333 0.0015625
2 0.265625 0.0953125 0.0020833333333333333 0.003125
2 0.8697916666666666 0.09375 0.0020833333333333333 0.003125
2 0.828125 0.09296875 0.0020833333333333333 0.0015625
2 0.9447916666666667 0.09140625 0.0020833333333333333 0.0015625
2 0.8427083333333333 0.09140625 0.0020833333333333333 0.0015625
2 0.9822916666666667 0.08984375 0.0020833333333333333 0.0015625
2 0.971875 0.08828125 0.0020833333333333333 0.0015625
2 0.9489583333333333 0.08828125 0.0020833333333333333 0.0015625
2 0.8572916666666667 0.08984375 0.00625 0.0046875
2 0.8354166666666667 0.08828125 0.008333333333333333 0.0046875
2 0.7739583333333333 0.08671875 0.0020833333333333333 0.0015625
2 0.27708333333333335 0.08671875 0.004166666666666667 0.0015625
2 0.9822916666666667 0.08515625 0.0020833333333333333 0.0015625
2 0.809375 0.1 0.03958333333333333 0.03125
2 0.859375 0.08359375 0.0020833333333333333 0.0015625
2 0.78125 0.0828125 0.004166666666666667 0.003125
2 0.9822916666666667 0.08046875 0.0020833333333333333 0.0015625
2 0.7677083333333333 0.08125 0.0020833333333333333 0.003125
2 0.271875 0.08203125 0.00625 0.0046875
2 0.7677083333333333 0.07734375 0.0020833333333333333 0.0015625
2 0.64375 0.08671875 0.004166666666666667 0.0203125
2 0.28229166666666666 0.07734375 0.0020833333333333333 0.0015625
2 0.578125 0.08671875 0.0020833333333333333 0.0234375
2 0.25104166666666666 0.0765625 0.00625 0.003125
2 0.9802083333333333 0.07421875 0.0020833333333333333 0.0015625
2 0.8697916666666666 0.07421875 0.0020833333333333333 0.0015625
2 0.865625 0.07421875 0.0020833333333333333 0.0015625
2 0.96875 0.0734375 0.004166666666666667 0.003125
2 0.2875 0.0734375 0.004166666666666667 0.003125
2 0.2791666666666667 0.07109375 0.004166666666666667 0.0015625
2 0.9927083333333333 0.071875 0.014583333333333334 0.00625
2 0.27291666666666664 0.0703125 0.004166666666666667 0.003125
2 0.2677083333333333 0.06796875 0.0020833333333333333 0.0015625
2 0.921875 0.07109375 0.035416666666666666 0.0171875
2 0.8739583333333333 0.0671875 0.010416666666666666 0.009375
2 0.2635416666666667 0.06328125 0.0020833333333333333 0.0015625
2 0.9677083333333333 0.0671875 0.01875 0.0125
2 0.26979166666666665 0.06171875 0.0020833333333333333 0.0015625
2 0.796875 0.0609375 0.00625 0.00625
2 0.8666666666666667 0.059375 0.004166666666666667 0.00625
2 0.590625 0.05390625 0.0020833333333333333 0.0015625
2 0.6572916666666667 0.06328125 0.00625 0.0234375
2 0.6520833333333333 0.06171875 0.008333333333333333 0.0234375
2 0.065625 0.05625 0.010416666666666666 0.0125
2 0.6635416666666667 0.0484375 0.00625 0.003125
2 0.8822916666666667 0.04765625 0.01875 0.0046875
2 0.20520833333333333 0.04453125 0.0020833333333333333 0.0015625
2 0.715625 0.04453125 0.00625 0.0078125
2 0.6572916666666667 0.0390625 0.0020833333333333333 0.003125
2 0.109375 0.0390625 0.0020833333333333333 0.003125
2 0.8354166666666667 0.03671875 0.004166666666666667 0.0015625
2 0.8770833333333333 0.0359375 0.008333333333333333 0.003125
2 0.8427083333333333 0.03515625 0.0020833333333333333 0.0015625
2 0.6645833333333333 0.03828125 0.004166666666666667 0.0078125
2 0.2864583333333333 0.03515625 0.0020833333333333333 0.0015625
2 0.1125 0.03515625 0.004166666666666667 0.0015625
2 0.846875 0.03359375 0.0020833333333333333 0.0015625
2 0.10104166666666667 0.03359375 0.0020833333333333333 0.0015625
2 0.875 0.0328125 0.004166666666666667 0.003125
2 0.078125 0.0328125 0.0020833333333333333 0.003125
2 0.8510416666666667 0.03125 0.0020833333333333333 0.003125
2 0.871875 0.02890625 0.0020833333333333333 0.0015625
2 0.084375 0.02890625 0.0020833333333333333 0.0015625
2 0.11875 0.0296875 0.004166666666666667 0.00625
2 0.09166666666666666 0.03125 0.0125 0.009375
2 0.058333333333333334 0.028125 0.004166666666666667 0.003125
2 0.019791666666666666 0.06875 0.03958333333333333 0.084375
2 0.8552083333333333 0.0265625 0.00625 0.003125
2 0.815625 0.02578125 0.0020833333333333333 0.0015625
2 0.12916666666666668 0.02734375 0.008333333333333333 0.0046875
2 0.9489583333333333 0.046875 0.10208333333333333 0.046875
2 0.825 0.02890625 0.0125 0.0109375
2 0.12604166666666666 0.02421875 0.0020833333333333333 0.0015625
2 0.096875 0.02421875 0.0020833333333333333 0.0015625
2 0.990625 0.02265625 0.0020833333333333333 0.0046875
2 0.09166666666666666 0.02265625 0.004166666666666667 0.0046875
2 0.9072916666666667 0.01953125 0.0020833333333333333 0.0015625
2 0.12604166666666666 0.0203125 0.0020833333333333333 0.003125
2 0.096875 0.01796875 0.00625 0.0046875
2 0.0875 0.01875 0.004166666666666667 0.00625
2 0.8833333333333333 0.03125 0.058333333333333334 0.034375
2 0.8479166666666667 0.0171875 0.016666666666666666 0.00625
2 0.203125 0.01484375 0.00625 0.0015625
2 0.13854166666666667 0.01484375 0.0020833333333333333 0.0015625
2 0.128125 0.015625 0.0020833333333333333 0.003125
2 0.10520833333333333 0.0171875 0.00625 0.00625
2 0.146875 0.01328125 0.0020833333333333333 0.0015625
2 0.13333333333333333 0.0140625 0.004166666666666667 0.003125
2 0.07395833333333333 0.0203125 0.01875 0.015625
2 0.878125 0.01171875 0.0020833333333333333 0.0015625
2 0.26458333333333334 0.01796875 0.029166666666666667 0.0140625
2 0.9895833333333334 0.01328125 0.004166666666666667 0.0078125
2 0.9458333333333333 0.0171875 0.020833333333333332 0.01875
2 0.953125 0.00703125 0.0020833333333333333 0.0046875
2 0.98125 0.0140625 0.0125 0.025
2 0.975 0.003125 0.004166666666666667 0.003125
2 0.990625 0.00234375 0.0020833333333333333 0.0046875
2 0.95 0.00078125 0.004166666666666667 0.0015625
2 0.9416666666666667 0.0046875 0.008333333333333333 0.009375
2 0.9197916666666667 0.003125 0.00625 0.00625
2 0.909375 0.0078125 0.01875 0.015625
2 0.8885416666666667 0.003125 0.00625 0.00625
2 0.88125 0.0015625 0.004166666666666667 0.003125
2 0.7958333333333333 0.0046875 0.008333333333333333 0.009375
2 0.32395833333333335 0.17578125 0.08125 0.3515625
2 0.2552083333333333 0.00390625 0.01875 0.0078125
2 0.19895833333333332 0.003125 0.022916666666666665 0.00625
2 0.146875 0.003125 0.014583333333333334 0.00625
2 0.10104166666666667 0.0078125 0.022916666666666665 0.015625
2 0.18645833333333334 0.20234375 0.3729166666666667 0.4046875
