0 0.734375 0.93359375 0.0020833333333333333 0.0015625
0 0.7697916666666667 0.921875 0.0020833333333333333 0.003125
0 0.7614583333333333 0.9140625 0.010416666666666666 0.00625
0 0.7802083333333333 0.909375 0.010416666666666666 0.00625
0 0.771875 0.903125 0.00625 0.003125
0 0.8020833333333334 0.9015625 0.008333333333333333 0.003125
0 0.784375 0.89765625 0.010416666666666666 0.0046875
0 0.8072916666666666 0.8921875 0.027083333333333334 0.015625
0 0.8114583333333333 0.88359375 0.0020833333333333333 0.0015625
0 0.8177083333333334 0.87890625 0.010416666666666666 0.0078125
0 0.8302083333333333 0.87265625 0.0020833333333333333 0.0015625
0 0.9958333333333333 0.81484375 0.008333333333333333 0.0078125
0 0.7645833333333333 0.8109375 0.004166666666666667 0.003125
0 0.9708333333333333 0.80859375 0.008333333333333333 0.0046875
0 0.44895833333333335 0.81171875 0.010416666666666666 0.0109375
0 0.9895833333333334 0.8 0.020833333333333332 0.0125
0 0.4708333333333333 0.78828125 0.025 0.0265625
0 0.4864583333333333 0.759375 0.00625 0.009375
0 0.5302083333333333 0.73515625 0.0020833333333333333 0.0015625
0 0.509375 0.72734375 0.0020833333333333333 0.0015625
0 0.53125 0.72890625 0.004166666666666667 0.0078125
0 0.24583333333333332 0.70625 0.008333333333333333 0.009375
0 0.48854166666666665 0.69765625 0.00625 0.0046875
0 0.4322916666666667 0.6875 0.014583333333333334 0.009375
0 0.45208333333333334 0.67734375 0.008333333333333333 0.0046875
0 0.25625 0.67265625 0.004166666666666667 0.0015625
0 0.4625 0.671875 0.004166666666666667 0.003125
0 0.46979166666666666 0.66796875 0.00625 0.0046875
0 0.4822916666666667 0.66015625 0.014583333333333334 0.0078125
0 0.49895833333333334 0.65234375 0.0020833333333333333 0.0015625
0 0.5083333333333333 0.64765625 0.008333333333333333 0.0078125
0 0.5322916666666667 0.66875 0.035416666666666666 0.065625
0 0.496875 0.628125 0.010416666666666666 0.00625
0 0.38229166666666664 0.63203125 0.01875 0.0140625
0 0.33958333333333335 0.62578125 0.025 0.0078125
0 0.46145833333333336 0.61171875 0.010416666666666666 0.0046875
0 0.44479166666666664 0.6125 0.01875 0.00625
0 0.5489583333333333 0.61484375 0.010416666666666666 0.0203125
0 0.5302083333333333 0.60234375 0.0020833333333333333 0.0046875
0 0.496875 0.60078125 0.0020833333333333333 0.0015625
0 0.165625 0.6 0.010416666666666666 0.00625
0 0.503125 0.59296875 0.014583333333333334 0.0109375
0 0.5072916666666667 0.58515625 0.0020833333333333333 0.0015625
0 0.5197916666666667 0.58203125 0.00625 0.0046875
0 0.515625 0.578125 0.00625 0.003125
0 0.534375 0.571875 0.01875 0.015625
0 0.30104166666666665 0.55234375 0.0020833333333333333 0.0015625
0 0.6177083333333333 0.55 0.03125 0.00625
0 0.3375 0.54921875 0.008333333333333333 0.0078125
0 0.36354166666666665 0.54140625 0.00625 0.0046875
0 0.6229166666666667 0.53671875 0.004166666666666667 0.0015625
0 0.5239583333333333 0.54765625 0.01875 0.0265625
0 0.55 0.5265625 0.004166666666666667 0.003125
0 0.3302083333333333 0.5265625 0.00625 0.009375
0 0.5239583333333333 0.52578125 0.00625 0.0140625
0 0.63125 0.51640625 0.008333333333333333 0.0046875
0 0.66875 0.5 0.004166666666666667 0.003125
0 0.6833333333333333 0.49296875 0.004166666666666667 0.0015625
0 0.6708333333333333 0.44921875 0.008333333333333333 0.0046875
0 0.5822916666666667 0.44765625 0.00625 0.0046875
0 0.665625 0.4453125 0.0020833333333333333 0.003125
0 0.9458333333333333 0.43203125 0.004166666666666667 0.0046875
0 0.690625 0.41640625 0.0020833333333333333 0.0015625
0 0.5791666666666667 0.42734375 0.0125 0.0234375
0 0.9552083333333333 0.4328125 0.06458333333333334 0.071875
0 0.9260416666666667 0.3953125 0.00625 0.003125
0 0.5739583333333333 0.39375 0.00625 0.00625
0 0.5166666666666667 0.44453125 0.15416666666666667 0.1703125
0 0.95 0.33984375 0.0125 0.0109375
0 0.94375 0.33046875 0.008333333333333333 0.0046875
0 0.928125 0.353125 0.027083333333333334 0.05
0 0.540625 0.35390625 0.05625 0.0546875
0 0.903125 0.31953125 0.0020833333333333333 0.0015625
0 0.8520833333333333 0.334375 0.09583333333333334 0.0875
0 0.9947916666666666 0.2875 0.010416666666666666 0.009375
0 0.7625 0.2859375 0.029166666666666667 0.009375
0 0.29791666666666666 0.27265625 0.004166666666666667 0.0046875
0 0.8114583333333333 0.275 0.052083333333333336 0.015625
0 0.8614583333333333 0.26484375 0.00625 0.0015625
0 0.8447916666666667 0.26640625 0.022916666666666665 0.0078125
0 0.8354166666666667 0.26328125 0.004166666666666667 0.0015625
0 0.9270833333333334 0.2625 0.004166666666666667 0.003125
0 0.859375 0.26015625 0.0020833333333333333 0.0015625
0 0.28958333333333336 0.2625 0.008333333333333333 0.009375
0 0.921875 0.253125 0.00625 0.003125
0 0.778125 0.25703125 0.01875 0.0171875
0 0.47604166666666664 0.24453125 0.0020833333333333333 0.0015625
0 0.8895833333333333 0.2828125 0.06666666666666667 0.0875
0 0.46458333333333335 0.2359375 0.004166666666666667 0.003125
0 0.45416666666666666 0.22734375 0.004166666666666667 0.0046875
0 0.446875 0.21953125 0.0020833333333333333 0.0015625
0 0.703125 0.215625 0.00625 0.00625
0 0.6958333333333333 0.20859375 0.004166666666666667 0.0046875
0 0.7041666666666667 0.20078125 0.008333333333333333 0.0046875
0 0.4197916666666667 0.20078125 0.00625 0.0046875
0 0.22708333333333333 0.19609375 0.004166666666666667 0.0046875
0 0.29791666666666666 0.1921875 0.008333333333333333 0.00625
0 0.5833333333333334 0.1921875 0.016666666666666666 0.015625
0 0.2635416666666667 0.18515625 0.0020833333333333333 0.0015625
0 0.6 0.18203125 0.008333333333333333 0.0109375
0 0.6104166666666667 0.17734375 0.0125 0.0078125
0 0.4395833333333333 0.24296875 0.16666666666666666 0.1390625
0 0.56875 0.17265625 0.0125 0.0203125
0 0.240625 0.20625 0.08125 0.09375
0 0.5645833333333333 0.15859375 0.004166666666666667 0.0046875
0 0.171875 0.15234375 0.052083333333333336 0.0140625
0 0.5885416666666666 0.14296875 0.05625 0.0328125
0 0.565625 0.1203125 0.0020833333333333333 0.003125
0 0.17291666666666666 0.1234375 0.020833333333333332 0.0125
0 0.5822916666666667 0.11484375 0.0020833333333333333 0.0015625
0 0.7395833333333334 0.16015625 0.058333333333333334 0.1046875
0 0.7510416666666667 0.10703125 0.0020833333333333333 0.0015625
0 0.6083333333333333 0.11328125 0.04583333333333333 0.0203125
0 0.7208333333333333 0.10546875 0.025 0.0109375
0 0.14791666666666667 0.10546875 0.029166666666666667 0.0234375
0 0.596875 0.09140625 0.0020833333333333333 0.0015625
0 0.578125 0.103125 0.03125 0.028125
0 0.09895833333333333 0.07734375 0.0020833333333333333 0.0015625
0 0.6375 0.08671875 0.058333333333333334 0.0296875
0 0.4739583333333333 0.0484375 0.00625 0.003125
0 0.31979166666666664 0.05234375 0.010416666666666666 0.0171875
0 0.4114583333333333 0.03828125 0.0020833333333333333 0.0015625
0 0.096875 0.06171875 0.08541666666666667 0.0609375
0 0.8354166666666667 0.03046875 0.004166666666666667 0.0078125
0 0.3302083333333333 0.02734375 0.0020833333333333333 0.0015625
0 0.16770833333333332 0.03359375 0.014583333333333334 0.0140625
0 0.5010416666666667 0.03203125 0.010416666666666666 0.0140625
0 0.475 0.02734375 0.004166666666666667 0.0046875
0 0.5479166666666667 0.02734375 0.0125 0.0078125
0 0.46979166666666666 0.02265625 0.0020833333333333333 0.0015625
0 0.04375 0.0234375 0.008333333333333333 0.003125
0 0.6854166666666667 0.021875 0.004166666666666667 0.003125
0 0.45625 0.02109375 0.004166666666666667 0.0046875
0 0.17708333333333334 0.02109375 0.004166666666666667 0.0046875
0 0.7729166666666667 0.05859375 0.12916666666666668 0.0921875
0 0.027083333333333334 0.01640625 0.0125 0.0078125
0 0.0010416666666666667 0.01015625 0.0020833333333333333 0.0015625
0 0.22604166666666667 0.01015625 0.014583333333333334 0.0140625
0 0.00625 0.00546875 0.0125 0.0046875
0 0.678125 0.00625 0.010416666666666666 0.0125
0 0.5302083333333333 0.0015625 0.0020833333333333333 0.003125
0 0.4583333333333333 0.0046875 0.0125 0.009375
0 0.390625 0.03203125 0.06458333333333334 0.0640625
0 0.16875 0.003125 0.004166666666666667 0.00625
1 0.9010416666666666 0.9578125 0.0020833333333333333 0.003125
1 0.9072916666666667 0.95546875 0.0020833333333333333 0.0015625
1 0.9083333333333333 0.94921875 0.004166666666666667 0.0015625
1 0.903125 0.95078125 0.0020833333333333333 0.0046875
1 0.909375 0.91796875 0.0020833333333333333 0.0015625
1 0.9416666666666667 0.91484375 0.004166666666666667 0.0046875
1 0.796875 0.91015625 0.0020833333333333333 0.0015625
1 0.7177083333333333 0.93515625 0.07291666666666667 0.0515625
1 0.9083333333333333 0.92890625 0.020833333333333332 0.0421875
1 0.8072916666666666 0.90703125 0.0020833333333333333 0.0015625
1 0.934375 0.90546875 0.0020833333333333333 0.0015625
1 0.890625 0.9078125 0.00625 0.00625
1 0.8229166666666666 0.9140625 0.0125 0.025
1 0.3770833333333333 0.9015625 0.004166666666666667 0.003125
1 0.871875 0.89765625 0.0020833333333333333 0.0015625
1 0.7760416666666666 0.89609375 0.0020833333333333333 0.0015625
1 0.3802083333333333 0.91875 0.03958333333333333 0.05625
1 0.784375 0.890625 0.010416666666666666 0.00625
1 0.403125 0.884375 0.00625 0.00625
1 0.8052083333333333 0.87890625 0.0020833333333333333 0.0015625
1 0.38958333333333334 0.8859375 0.0125 0.01875
1 0.8760416666666667 0.88515625 0.052083333333333336 0.0421875
1 0.946875 0.92578125 0.10625 0.1484375
1 0.8947916666666667 0.85078125 0.0020833333333333333 0.0015625
1 0.8614583333333333 0.83515625 0.0020833333333333333 0.0015625
1 0.8385416666666666 0.85078125 0.035416666666666666 0.0359375
1 0.9791666666666666 0.8265625 0.0125 0.003125
1 0.8708333333333333 0.8296875 0.0125 0.009375
1 0.9885416666666667 0.82421875 0.0020833333333333333 0.0015625
1 0.78125 0.82421875 0.004166666666666667 0.0015625
1 0.921875 0.8328125 0.08125 0.025
1 0.7677083333333333 0.82109375 0.00625 0.0015625
1 0.41770833333333335 0.8234375 0.00625 0.009375
1 0.871875 0.81875 0.00625 0.003125
1 0.8697916666666666 0.81484375 0.0020833333333333333 0.0015625
1 0.7489583333333333 0.81484375 0.0020833333333333333 0.0015625
1 0.8364583333333333 0.81328125 0.0020833333333333333 0.0015625
1 0.7875 0.81640625 0.016666666666666666 0.0109375
1 0.7375 0.8109375 0.016666666666666666 0.003125
1 0.778125 0.80703125 0.0020833333333333333 0.0015625
1 0.6427083333333333 0.80703125 0.0020833333333333333 0.0015625
1 0.7697916666666667 0.80546875 0.0020833333333333333 0.0015625
1 0.5072916666666667 0.80703125 0.0020833333333333333 0.0046875
1 0.8583333333333333 0.80390625 0.004166666666666667 0.0015625
1 0.765625 0.80390625 0.0020833333333333333 0.0015625
1 0.7572916666666667 0.80234375 0.0020833333333333333 0.0015625
1 0.7479166666666667 0.80234375 0.0125 0.0046875
1 0.640625 0.79921875 0.0020833333333333333 0.0015625
1 0.6947916666666667 0.79765625 0.0020833333333333333 0.0015625
1 0.715625 0.80234375 0.035416666666666666 0.0140625
1 0.9791666666666666 0.7984375 0.016666666666666666 0.0125
1 0.8822916666666667 0.79921875 0.03125 0.0203125
1 0.9114583333333334 0.78671875 0.0020833333333333333 0.0015625
1 0.6354166666666666 0.7875 0.004166666666666667 0.003125
1 0.5135416666666667 0.78984375 0.00625 0.0078125
1 0.8760416666666667 0.78046875 0.00625 0.0046875
1 0.5114583333333333 0.778125 0.0020833333333333333 0.003125
1 0.878125 0.77421875 0.0020833333333333333 0.0015625
1 0.8708333333333333 0.775 0.004166666666666667 0.003125
1 0.9260416666666667 0.76796875 0.0020833333333333333 0.0015625
1 0.5229166666666667 0.77265625 0.008333333333333333 0.0140625
1 0.25 0.775 0.016666666666666666 0.021875
1 0.9104166666666667 0.775 0.03333333333333333 0.025
1 0.8760416666666667 0.7640625 0.0020833333333333333 0.003125
1 0.2708333333333333 0.76640625 0.004166666666666667 0.0078125
1 0.6333333333333333 0.771875 0.025 0.025
1 0.528125 0.76015625 0.00625 0.0046875
1 0.6572916666666667 0.75859375 0.014583333333333334 0.0078125
1 0.6197916666666666 0.75546875 0.0020833333333333333 0.0015625
1 0.528125 0.75546875 0.0020833333333333333 0.0015625
1 0.25729166666666664 0.753125 0.0020833333333333333 0.003125
1 0.246875 0.75234375 0.010416666666666666 0.0046875
1 0.5166666666666667 0.75390625 0.008333333333333333 0.0140625
1 0.509375 0.74765625 0.00625 0.0046875
1 0.2375 0.74765625 0.004166666666666667 0.0046875
1 0.8864583333333333 0.74453125 0.0020833333333333333 0.0015625
1 0.2520833333333333 0.74453125 0.004166666666666667 0.0046875
1 0.8760416666666667 0.75078125 0.00625 0.0203125
1 0.515625 0.74296875 0.0020833333333333333 0.0046875
1 0.24583333333333332 0.740625 0.008333333333333333 0.003125
1 0.8708333333333333 0.7359375 0.004166666666666667 0.003125
1 0.8802083333333334 0.72890625 0.00625 0.0078125
1 0.24583333333333332 0.72734375 0.004166666666666667 0.0046875
1 0.86875 0.7234375 0.004166666666666667 0.003125
1 0.540625 0.72109375 0.0020833333333333333 0.0015625
1 0.253125 0.71875 0.0020833333333333333 0.003125
1 0.26979166666666665 0.715625 0.00625 0.01875
1 0.403125 0.70546875 0.0020833333333333333 0.0015625
1 0.40729166666666666 0.70390625 0.0020833333333333333 0.0015625
1 0.390625 0.70390625 0.0020833333333333333 0.0015625
1 0.23645833333333333 0.70390625 0.0020833333333333333 0.0015625
1 0.27291666666666664 0.70390625 0.004166666666666667 0.0046875
1 0.253125 0.703125 0.00625 0.009375
1 0.41770833333333335 0.69765625 0.0020833333333333333 0.0015625
1 0.2864583333333333 0.69609375 0.0020833333333333333 0.0015625
1 0.25625 0.69453125 0.004166666666666667 0.0015625
1 0.28229166666666666 0.6921875 0.00625 0.00625
1 0.246875 0.69453125 0.010416666666666666 0.0109375
1 0.5322916666666667 0.6890625 0.0020833333333333333 0.003125
1 0.253125 0.68671875 0.0020833333333333333 0.0015625
1 0.5083333333333333 0.6890625 0.004166666666666667 0.009375
1 0.265625 0.68359375 0.0020833333333333333 0.0015625
1 0.5385416666666667 0.68671875 0.00625 0.0109375
1 0.534375 0.68203125 0.0020833333333333333 0.0015625
1 0.45208333333333334 0.6828125 0.008333333333333333 0.003125
1 0.5520833333333334 0.6828125 0.004166666666666667 0.00625
1 0.4395833333333333 0.678125 0.0125 0.00625
1 0.553125 0.67421875 0.0020833333333333333 0.0015625
1 0.24791666666666667 0.67421875 0.004166666666666667 0.0015625
1 0.259375 0.678125 0.014583333333333334 0.0125
1 0.5447916666666667 0.675 0.010416666666666666 0.015625
1 0.24791666666666667 0.66875 0.004166666666666667 0.00625
1 0.5552083333333333 0.66015625 0.0020833333333333333 0.0015625
1 0.4947916666666667 0.66015625 0.0020833333333333333 0.0015625
1 0.271875 0.66015625 0.00625 0.0046875
1 0.5822916666666667 0.65234375 0.0020833333333333333 0.0015625
1 0.24479166666666666 0.65234375 0.00625 0.0046875
1 0.490625 0.64921875 0.0020833333333333333 0.0015625
1 0.5697916666666667 0.6484375 0.00625 0.00625
1 0.5572916666666666 0.64609375 0.0020833333333333333 0.0015625
1 0.5010416666666667 0.640625 0.0020833333333333333 0.003125
1 0.6114583333333333 0.63828125 0.0020833333333333333 0.0015625
1 0.6041666666666666 0.63828125 0.008333333333333333 0.0046875
1 0.4041666666666667 0.63671875 0.004166666666666667 0.0015625
1 0.5927083333333333 0.6359375 0.0020833333333333333 0.003125
1 0.5885416666666666 0.63515625 0.0020833333333333333 0.0015625
1 0.5833333333333334 0.634375 0.004166666666666667 0.003125
1 0.49375 0.63515625 0.008333333333333333 0.0046875
1 0.4114583333333333 0.6359375 0.00625 0.00625
1 0.403125 0.63359375 0.0020833333333333333 0.0015625
1 0.578125 0.6328125 0.0020833333333333333 0.003125
1 0.5302083333333333 0.6328125 0.0020833333333333333 0.00625
1 0.509375 0.63125 0.0020833333333333333 0.003125
1 0.40729166666666666 0.63046875 0.0020833333333333333 0.0015625
1 0.34270833333333334 0.63046875 0.0020833333333333333 0.0015625
1 0.321875 0.63046875 0.0020833333333333333 0.0015625
1 0.5645833333333333 0.63515625 0.016666666666666666 0.0140625
1 0.346875 0.62890625 0.0020833333333333333 0.0015625
1 0.303125 0.6296875 0.0020833333333333333 0.003125
1 0.41770833333333335 0.62890625 0.0020833333333333333 0.0046875
1 0.48541666666666666 0.62734375 0.004166666666666667 0.0046875
1 0.38229166666666664 0.62578125 0.0020833333333333333 0.0015625
1 0.14791666666666667 0.63984375 0.029166666666666667 0.0296875
1 0.5635416666666667 0.62421875 0.0020833333333333333 0.0015625
1 0.5322916666666667 0.62421875 0.0020833333333333333 0.0015625
1 0.421875 0.62109375 0.0020833333333333333 0.0015625
1 0.37395833333333334 0.62109375 0.0020833333333333333 0.0015625
1 0.3302083333333333 0.62265625 0.00625 0.0046875
1 0.484375 0.6203125 0.0020833333333333333 0.003125
1 0.44479166666666664 0.61796875 0.010416666666666666 0.0015625
1 0.26145833333333335 0.61796875 0.0020833333333333333 0.0015625
1 0.45625 0.6171875 0.008333333333333333 0.003125
1 0.18020833333333333 0.61640625 0.0020833333333333333 0.0015625
1 0.4822916666666667 0.61484375 0.0020833333333333333 0.0015625
1 0.478125 0.61484375 0.0020833333333333333 0.0015625
1 0.425 0.61484375 0.008333333333333333 0.0078125
1 0.321875 0.61171875 0.0020833333333333333 0.0015625
1 0.20729166666666668 0.61171875 0.0020833333333333333 0.0015625
1 0.3614583333333333 0.61953125 0.01875 0.0203125
1 0.16354166666666667 0.60859375 0.0020833333333333333 0.0015625
1 0.35520833333333335 0.60703125 0.0020833333333333333 0.0015625
1 0.334375 0.60703125 0.0020833333333333333 0.0015625
1 0.43333333333333335 0.60546875 0.004166666666666667 0.0015625
1 0.340625 0.60546875 0.0020833333333333333 0.0015625
1 0.425 0.60625 0.016666666666666666 0.00625
1 0.5072916666666667 0.61171875 0.027083333333333334 0.0234375
1 0.446875 0.60390625 0.01875 0.0078125
1 0.240625 0.59921875 0.0020833333333333333 0.0015625
1 0.3645833333333333 0.5984375 0.020833333333333332 0.003125
1 0.13229166666666667 0.59765625 0.0020833333333333333 0.0015625
1 0.15208333333333332 0.596875 0.008333333333333333 0.003125
1 0.478125 0.60625 0.03125 0.025
1 0.396875 0.6015625 0.035416666666666666 0.015625
1 0.559375 0.59609375 0.0020833333333333333 0.0078125
1 0.33541666666666664 0.59609375 0.020833333333333332 0.0078125
1 0.24375 0.59453125 0.004166666666666667 0.0046875
1 0.15520833333333334 0.59296875 0.0020833333333333333 0.0015625
1 0.15104166666666666 0.59296875 0.0020833333333333333 0.0015625
1 0.42291666666666666 0.59375 0.025 0.00625
1 0.42083333333333334 0.58984375 0.004166666666666667 0.0015625
1 0.284375 0.61953125 0.07291666666666667 0.0609375
1 0.15729166666666666 0.58984375 0.0020833333333333333 0.0015625
1 0.1875 0.60703125 0.029166666666666667 0.0390625
1 0.11041666666666666 0.59296875 0.020833333333333332 0.0140625
1 0.16979166666666667 0.5859375 0.0020833333333333333 0.003125
1 0.12708333333333333 0.58515625 0.008333333333333333 0.0046875
1 0.49375 0.58515625 0.0125 0.0109375
1 0.4822916666666667 0.58203125 0.00625 0.0046875
1 0.008333333333333333 0.584375 0.016666666666666666 0.009375
1 0.17604166666666668 0.5796875 0.0020833333333333333 0.003125
1 0.5041666666666667 0.57890625 0.004166666666666667 0.0046875
1 0.18541666666666667 0.5796875 0.0125 0.00625
1 0.06875 0.57890625 0.016666666666666666 0.0078125
1 0.13645833333333332 0.57578125 0.01875 0.0140625
1 0.14583333333333334 0.5671875 0.004166666666666667 0.003125
1 0.6177083333333333 0.56015625 0.0020833333333333333 0.0015625
1 0.6072916666666667 0.56171875 0.00625 0.0046875
1 0.6041666666666666 0.55703125 0.004166666666666667 0.0015625
1 0.621875 0.55390625 0.010416666666666666 0.0015625
1 0.2708333333333333 0.5515625 0.004166666666666667 0.003125
1 0.5114583333333333 0.546875 0.0020833333333333333 0.003125
1 0.359375 0.5453125 0.00625 0.00625
1 0.371875 0.53984375 0.0020833333333333333 0.0015625
1 0.421875 0.540625 0.00625 0.00625
1 0.265625 0.5765625 0.13125 0.078125
1 0.359375 0.53671875 0.0020833333333333333 0.0015625
1 0.5677083333333334 0.5703125 0.06458333333333334 0.071875
1 0.33125 0.53828125 0.0125 0.0140625
1 0.29375 0.53125 0.004166666666666667 0.003125
1 0.6375 0.54140625 0.0875 0.0296875
1 0.2989583333333333 0.52734375 0.0020833333333333333 0.0015625
1 0.59375 0.53046875 0.016666666666666666 0.0171875
1 0.38125 0.5296875 0.0375 0.015625
1 0.33958333333333335 0.52578125 0.008333333333333333 0.0109375
1 0.334375 0.52109375 0.0020833333333333333 0.0015625
1 0.325 0.5234375 0.004166666666666667 0.00625
1 0.6395833333333333 0.52109375 0.004166666666666667 0.0046875
1 0.590625 0.51796875 0.0020833333333333333 0.0015625
1 0.646875 0.515625 0.00625 0.003125
1 0.196875 0.51953125 0.035416666666666666 0.0109375
1 0.17291666666666666 0.51640625 0.008333333333333333 0.0046875
1 0.6125 0.51640625 0.016666666666666666 0.0109375
1 0.9864583333333333 0.50546875 0.0020833333333333333 0.0015625
1 0.6604166666666667 0.51015625 0.016666666666666666 0.0109375
1 0.63125 0.50859375 0.016666666666666666 0.0078125
1 0.43854166666666666 0.50546875 0.0020833333333333333 0.0015625
1 0.5114583333333333 0.50390625 0.0020833333333333333 0.0015625
1 0.7989583333333333 0.5015625 0.0020833333333333333 0.003125
1 0.43645833333333334 0.50078125 0.0020833333333333333 0.0015625
1 0.43125 0.51796875 0.029166666666666667 0.0359375
1 0.15104166666666666 0.50546875 0.01875 0.0109375
1 0.6458333333333334 0.49921875 0.004166666666666667 0.0015625
1 0.6822916666666666 0.50078125 0.022916666666666665 0.0109375
1 0.765625 0.5 0.01875 0.0125
1 0.6572916666666667 0.4953125 0.0020833333333333333 0.003125
1 0.6520833333333333 0.49609375 0.004166666666666667 0.0046875
1 0.5510416666666667 0.49453125 0.0020833333333333333 0.0015625
1 0.503125 0.496875 0.00625 0.00625
1 0.559375 0.49140625 0.0020833333333333333 0.0015625
1 0.7875 0.5 0.020833333333333332 0.021875
1 0.703125 0.48828125 0.014583333333333334 0.0046875
1 0.671875 0.490625 0.022916666666666665 0.009375
1 0.7125 0.484375 0.004166666666666667 0.003125
1 0.7447916666666666 0.48828125 0.027083333333333334 0.0203125
1 0.6979166666666666 0.4828125 0.025 0.009375
1 0.5989583333333334 0.47578125 0.0020833333333333333 0.0015625
1 0.5614583333333333 0.47421875 0.0020833333333333333 0.0015625
1 0.5385416666666667 0.47265625 0.0020833333333333333 0.0015625
1 0.7947916666666667 0.475 0.027083333333333334 0.01875
1 0.5302083333333333 0.46015625 0.00625 0.0046875
1 0.55 0.45546875 0.004166666666666667 0.0015625
1 0.565625 0.45234375 0.0020833333333333333 0.0015625
1 0.5458333333333333 0.45234375 0.004166666666666667 0.0015625
1 0.9916666666666667 0.45390625 0.008333333333333333 0.0078125
1 0.959375 0.4546875 0.014583333333333334 0.0125
1 0.9989583333333333 0.4484375 0.0020833333333333333 0.003125
1 0.9864583333333333 0.44765625 0.0020833333333333333 0.0015625
1 0.565625 0.44765625 0.0020833333333333333 0.0015625
1 0.534375 0.44765625 0.0020833333333333333 0.0015625
1 0.7447916666666666 0.446875 0.00625 0.003125
1 0.6427083333333333 0.446875 0.0020833333333333333 0.003125
1 0.7333333333333333 0.44453125 0.004166666666666667 0.0015625
1 0.6572916666666667 0.44296875 0.0020833333333333333 0.0015625
1 0.5229166666666667 0.44375 0.004166666666666667 0.003125
1 0.9822916666666667 0.4421875 0.0020833333333333333 0.003125
1 0.565625 0.44140625 0.0020833333333333333 0.0046875
1 0.99375 0.43828125 0.004166666666666667 0.0046875
1 0.9979166666666667 0.4375 0.004166666666666667 0.00625
1 0.9854166666666667 0.434375 0.004166666666666667 0.003125
1 0.9989583333333333 0.43203125 0.0020833333333333333 0.0015625
1 0.9770833333333333 0.43203125 0.004166666666666667 0.0015625
1 0.46041666666666664 0.4328125 0.004166666666666667 0.003125
1 0.5666666666666667 0.42734375 0.004166666666666667 0.0078125
1 0.5052083333333334 0.42265625 0.0020833333333333333 0.0015625
1 0.503125 0.41953125 0.0020833333333333333 0.0015625
1 0.565625 0.41796875 0.0020833333333333333 0.0015625
1 0.49895833333333334 0.41015625 0.0020833333333333333 0.0015625
1 0.7885416666666667 0.40390625 0.0020833333333333333 0.0015625
1 0.5635416666666667 0.39453125 0.0020833333333333333 0.0015625
1 0.565625 0.39140625 0.0020833333333333333 0.0015625
1 0.5885416666666666 0.390625 0.027083333333333334 0.034375
1 0.8885416666666667 0.37265625 0.0020833333333333333 0.0015625
1 0.5739583333333333 0.37109375 0.0020833333333333333 0.0015625
1 0.7947916666666667 0.36953125 0.0020833333333333333 0.0015625
1 0.9416666666666667 0.40703125 0.11666666666666667 0.0796875
1 0.7697916666666667 0.36796875 0.0020833333333333333 0.0015625
1 0.7447916666666666 0.36640625 0.0020833333333333333 0.0015625
1 0.7822916666666667 0.365625 0.0020833333333333333 0.003125
1 0.546875 0.36484375 0.0020833333333333333 0.0015625
1 0.5697916666666667 0.365625 0.00625 0.00625
1 0.778125 0.35859375 0.0020833333333333333 0.0015625
1 0.9010416666666666 0.35390625 0.0020833333333333333 0.0015625
1 0.7791666666666667 0.35234375 0.004166666666666667 0.0015625
1 0.44166666666666665 0.35390625 0.004166666666666667 0.0046875
1 0.42604166666666665 0.35234375 0.0020833333333333333 0.0015625
1 0.6895833333333333 0.41328125 0.2125 0.1265625
1 0.5239583333333333 0.35078125 0.0020833333333333333 0.0015625
1 0.9552083333333333 0.3515625 0.022916666666666665 0.0125
1 0.9375 0.346875 0.004166666666666667 0.003125
1 0.515625 0.34765625 0.010416666666666666 0.0046875
1 0.4354166666666667 0.346875 0.004166666666666667 0.00625
1 0.4395833333333333 0.34453125 0.004166666666666667 0.0046875
1 0.4322916666666667 0.34140625 0.0020833333333333333 0.0015625
1 0.509375 0.34140625 0.00625 0.0078125
1 0.43125 0.33828125 0.004166666666666667 0.0015625
1 0.415625 0.33828125 0.0020833333333333333 0.0015625
1 0.959375 0.33671875 0.0020833333333333333 0.0015625
1 0.88125 0.3375 0.004166666666666667 0.003125
1 0.9052083333333333 0.33515625 0.0020833333333333333 0.0015625
1 0.415625 0.33359375 0.0020833333333333333 0.0015625
1 0.8385416666666666 0.33515625 0.022916666666666665 0.0109375
1 0.9510416666666667 0.32734375 0.0020833333333333333 0.0015625
1 0.8927083333333333 0.32734375 0.0020833333333333333 0.0015625
1 0.8239583333333333 0.32734375 0.0020833333333333333 0.0015625
1 0.815625 0.32578125 0.0020833333333333333 0.0015625
1 0.8989583333333333 0.3359375 0.014583333333333334 0.028125
1 0.865625 0.325 0.01875 0.015625
1 0.853125 0.31328125 0.0020833333333333333 0.0015625
1 0.81875 0.31328125 0.004166666666666667 0.0046875
1 0.8458333333333333 0.3109375 0.004166666666666667 0.003125
1 0.5614583333333333 0.31015625 0.0020833333333333333 0.0015625
1 0.525 0.31796875 0.016666666666666666 0.0234375
1 0.49895833333333334 0.31640625 0.027083333333333334 0.0203125
1 0.884375 0.3078125 0.010416666666666666 0.009375
1 0.8385416666666666 0.3046875 0.00625 0.003125
1 0.5729166666666666 0.3046875 0.0125 0.003125
1 0.4114583333333333 0.30625 0.00625 0.00625
1 0.55 0.33125 0.03333333333333333 0.059375
1 0.41458333333333336 0.31640625 0.029166666666666667 0.0328125
1 0.734375 0.29921875 0.0020833333333333333 0.0015625
1 0.8010416666666667 0.2984375 0.00625 0.003125
1 0.740625 0.29765625 0.0020833333333333333 0.0015625
1 0.603125 0.2984375 0.0020833333333333333 0.003125
1 0.5895833333333333 0.2984375 0.004166666666666667 0.003125
1 0.47604166666666664 0.29765625 0.0020833333333333333 0.0015625
1 0.5239583333333333 0.296875 0.0020833333333333333 0.003125
1 0.9625 0.309375 0.075 0.03125
1 0.7489583333333333 0.29609375 0.010416666666666666 0.0046875
1 0.709375 0.29453125 0.0020833333333333333 0.0015625
1 0.40520833333333334 0.2953125 0.0020833333333333333 0.003125
1 0.7864583333333334 0.29453125 0.014583333333333334 0.0046875
1 0.7583333333333333 0.29296875 0.004166666666666667 0.0015625
1 0.9760416666666667 0.29140625 0.0020833333333333333 0.0015625
1 0.871875 0.28984375 0.0020833333333333333 0.0015625
1 0.790625 0.28984375 0.0020833333333333333 0.0015625
1 0.7135416666666666 0.29765625 0.03958333333333333 0.0171875
1 0.31145833333333334 0.29296875 0.010416666666666666 0.0078125
1 0.596875 0.2875 0.0020833333333333333 0.003125
1 0.7760416666666666 0.2890625 0.022916666666666665 0.009375
1 0.31979166666666664 0.2875 0.00625 0.00625
1 0.803125 0.284375 0.0020833333333333333 0.003125
1 0.7572916666666667 0.28203125 0.0020833333333333333 0.0015625
1 0.7447916666666666 0.284375 0.01875 0.009375
1 0.3020833333333333 0.28125 0.004166666666666667 0.003125
1 0.9010416666666666 0.27734375 0.0020833333333333333 0.0015625
1 0.8145833333333333 0.2875 0.016666666666666666 0.021875
1 0.521875 0.28515625 0.01875 0.0171875
1 0.83125 0.27578125 0.008333333333333333 0.0015625
1 0.846875 0.275 0.010416666666666666 0.003125
1 0.9875 0.2734375 0.008333333333333333 0.003125
1 0.9895833333333334 0.27890625 0.020833333333333332 0.0171875
1 0.9 0.27265625 0.004166666666666667 0.0046875
1 0.859375 0.27265625 0.010416666666666666 0.0046875
1 0.94375 0.2796875 0.07083333333333333 0.021875
1 0.459375 0.2796875 0.022916666666666665 0.021875
1 0.309375 0.275 0.014583333333333334 0.015625
1 0.30104166666666665 0.26640625 0.0020833333333333333 0.0015625
1 0.3 0.26328125 0.004166666666666667 0.0015625
1 0.7760416666666666 0.26875 0.010416666666666666 0.015625
1 0.434375 0.26484375 0.01875 0.0078125
1 0.28229166666666666 0.26171875 0.0020833333333333333 0.0015625
1 0.771875 0.25859375 0.0020833333333333333 0.0015625
1 0.5041666666666667 0.26484375 0.0125 0.0140625
1 0.7677083333333333 0.25390625 0.0020833333333333333 0.0015625
1 0.26979166666666665 0.25 0.00625 0.00625
1 0.40208333333333335 0.2453125 0.004166666666666667 0.003125
1 0.9020833333333333 0.24296875 0.004166666666666667 0.0015625
1 0.28854166666666664 0.2484375 0.00625 0.0125
1 0.8854166666666666 0.24140625 0.016666666666666666 0.0078125
1 0.8208333333333333 0.25078125 0.06666666666666667 0.0265625
1 0.2864583333333333 0.23828125 0.0020833333333333333 0.0015625
1 0.41354166666666664 0.23671875 0.0020833333333333333 0.0015625
1 0.853125 0.23515625 0.0020833333333333333 0.0015625
1 0.8510416666666667 0.23046875 0.0020833333333333333 0.0015625
1 0.40729166666666666 0.22890625 0.0020833333333333333 0.0015625
1 0.846875 0.228125 0.0020833333333333333 0.003125
1 0.7166666666666667 0.21953125 0.004166666666666667 0.0015625
1 0.44479166666666664 0.21328125 0.0020833333333333333 0.0015625
1 0.440625 0.21328125 0.0020833333333333333 0.0015625
1 0.9666666666666667 0.2390625 0.06666666666666667 0.0625
1 0.665625 0.20546875 0.0020833333333333333 0.0015625
1 0.5729166666666666 0.20390625 0.004166666666666667 0.0015625
1 0.7427083333333333 0.20234375 0.0020833333333333333 0.0015625
1 0.6697916666666667 0.20234375 0.0020833333333333333 0.0015625
1 0.596875 0.20234375 0.0020833333333333333 0.0015625
1 0.6697916666666667 0.19921875 0.0020833333333333333 0.0015625
1 0.60625 0.19765625 0.004166666666666667 0.0015625
1 0.8364583333333333 0.19609375 0.0020833333333333333 0.0046875
1 0.3385416666666667 0.20546875 0.05625 0.0234375
1 0.4010416666666667 0.18984375 0.0020833333333333333 0.0015625
1 0.646875 0.18828125 0.0020833333333333333 0.0015625
1 0.3177083333333333 0.18828125 0.0020833333333333333 0.0015625
1 0.2677083333333333 0.1890625 0.00625 0.003125
1 0.35833333333333334 0.18984375 0.008333333333333333 0.0078125
1 0.7583333333333333 0.1859375 0.004166666666666667 0.003125
1 0.43020833333333336 0.18515625 0.0020833333333333333 0.0015625
1 0.3927083333333333 0.18515625 0.0020833333333333333 0.0015625
1 0.31145833333333334 0.1859375 0.0020833333333333333 0.003125
1 0.28854166666666664 0.18515625 0.0020833333333333333 0.0015625
1 0.28229166666666666 0.18984375 0.01875 0.0109375
1 0.2520833333333333 0.1875 0.004166666666666667 0.00625
1 0.428125 0.18203125 0.0020833333333333333 0.0015625
1 0.296875 0.1828125 0.010416666666666666 0.003125
1 0.6604166666666667 0.18828125 0.016666666666666666 0.0171875
1 0.609375 0.18984375 0.022916666666666665 0.0203125
1 0.34791666666666665 0.18203125 0.008333333333333333 0.0046875
1 0.2552083333333333 0.1828125 0.00625 0.00625
1 0.6427083333333333 0.18203125 0.00625 0.0078125
1 0.7947916666666667 0.18359375 0.014583333333333334 0.0140625
1 0.7572916666666667 0.1796875 0.00625 0.00625
1 0.6239583333333333 0.17734375 0.0020833333333333333 0.0015625
1 0.25833333333333336 0.17890625 0.004166666666666667 0.0046875
1 0.5520833333333334 0.175 0.004166666666666667 0.003125
1 0.3697916666666667 0.17421875 0.0020833333333333333 0.0015625
1 0.6614583333333334 0.1734375 0.00625 0.003125
1 0.5927083333333333 0.17265625 0.0020833333333333333 0.0015625
1 0.21145833333333333 0.17265625 0.0020833333333333333 0.0015625
1 0.759375 0.17109375 0.0020833333333333333 0.0015625
1 0.696875 0.17109375 0.0020833333333333333 0.0015625
1 0.553125 0.16953125 0.0020833333333333333 0.0015625
1 0.3104166666666667 0.17109375 0.004166666666666667 0.0046875
1 0.6572916666666667 0.16796875 0.0020833333333333333 0.0015625
1 0.13125 0.16875 0.008333333333333333 0.003125
1 0.35208333333333336 0.16640625 0.004166666666666667 0.0015625
1 0.671875 0.16484375 0.0020833333333333333 0.0015625
1 0.6614583333333334 0.16484375 0.0020833333333333333 0.0015625
1 0.14375 0.16484375 0.004166666666666667 0.0015625
1 0.8822916666666667 0.2 0.08541666666666667 0.075
1 0.6333333333333333 0.16953125 0.0125 0.0140625
1 0.55625 0.1640625 0.004166666666666667 0.003125
1 0.19166666666666668 0.1640625 0.0125 0.003125
1 0.759375 0.16171875 0.0020833333333333333 0.0015625
1 0.678125 0.15859375 0.0020833333333333333 0.0015625
1 0.5552083333333333 0.159375 0.00625 0.003125
1 0.165625 0.15859375 0.0020833333333333333 0.0015625
1 0.12083333333333333 0.16171875 0.004166666666666667 0.0078125
1 0.365625 0.15703125 0.0020833333333333333 0.0015625
1 0.12604166666666666 0.15703125 0.0020833333333333333 0.0015625
1 0.7614583333333333 0.15546875 0.0020833333333333333 0.0015625
1 0.671875 0.15546875 0.0020833333333333333 0.0015625
1 0.6885416666666667 0.15390625 0.0020833333333333333 0.0015625
1 0.12395833333333334 0.15390625 0.0020833333333333333 0.0015625
1 0.6458333333333334 0.15625 0.008333333333333333 0.009375
1 0.6583333333333333 0.16640625 0.025 0.0328125
1 0.134375 0.15078125 0.0020833333333333333 0.0015625
1 0.6395833333333333 0.15234375 0.008333333333333333 0.0078125
1 0.7614583333333333 0.14921875 0.0020833333333333333 0.0046875
1 0.6729166666666667 0.14765625 0.004166666666666667 0.0015625
1 0.6385416666666667 0.14765625 0.0020833333333333333 0.0015625
1 0.140625 0.14765625 0.0020833333333333333 0.0015625
1 0.16770833333333332 0.14453125 0.0020833333333333333 0.0015625
1 0.153125 0.14453125 0.0020833333333333333 0.0015625
1 0.3333333333333333 0.15390625 0.029166666666666667 0.0234375
1 0.6625 0.14453125 0.0125 0.0109375
1 0.178125 0.140625 0.010416666666666666 0.00625
1 0.54375 0.1453125 0.0125 0.01875
1 0.31145833333333334 0.1359375 0.00625 0.003125
1 0.6697916666666667 0.13828125 0.010416666666666666 0.0109375
1 0.31666666666666665 0.15546875 0.05416666666666667 0.0453125
1 0.553125 0.13203125 0.0020833333333333333 0.0015625
1 0.1625 0.13203125 0.004166666666666667 0.0015625
1 0.68125 0.13046875 0.004166666666666667 0.0015625
1 0.6677083333333333 0.13046875 0.0020833333333333333 0.0015625
1 0.3072916666666667 0.13125 0.00625 0.003125
1 0.28854166666666664 0.13046875 0.0020833333333333333 0.0015625
1 0.5947916666666667 0.12734375 0.00625 0.0015625
1 0.15729166666666666 0.128125 0.0020833333333333333 0.003125
1 0.6697916666666667 0.12578125 0.0020833333333333333 0.0015625
1 0.55625 0.12734375 0.004166666666666667 0.0046875
1 0.821875 0.12421875 0.0020833333333333333 0.0015625
1 0.22083333333333333 0.1484375 0.058333333333333334 0.05
1 0.6302083333333334 0.12265625 0.00625 0.0015625
1 0.29583333333333334 0.1234375 0.004166666666666667 0.003125
1 0.803125 0.11953125 0.0020833333333333333 0.0015625
1 0.153125 0.121875 0.00625 0.00625
1 0.1875 0.11875 0.004166666666666667 0.003125
1 0.5552083333333333 0.11640625 0.0020833333333333333 0.0015625
1 0.28854166666666664 0.11640625 0.0020833333333333333 0.0015625
1 0.27395833333333336 0.11484375 0.0020833333333333333 0.0015625
1 0.2677083333333333 0.11328125 0.0020833333333333333 0.0015625
1 0.8760416666666667 0.11171875 0.0020833333333333333 0.0015625
1 0.553125 0.11171875 0.0020833333333333333 0.0015625
1 0.171875 0.10859375 0.00625 0.0015625
1 0.13645833333333332 0.10859375 0.0020833333333333333 0.0015625
1 0.26979166666666665 0.1078125 0.0020833333333333333 0.003125
1 0.553125 0.10546875 0.0020833333333333333 0.0046875
1 0.2760416666666667 0.10078125 0.0020833333333333333 0.0015625
1 0.12395833333333334 0.09921875 0.0020833333333333333 0.0015625
1 0.121875 0.09609375 0.0020833333333333333 0.0015625
1 0.5489583333333333 0.09609375 0.010416666666666666 0.0109375
1 0.115625 0.09140625 0.0020833333333333333 0.0015625
1 0.14895833333333333 0.0875 0.010416666666666666 0.00625
1 0.14166666666666666 0.08125 0.004166666666666667 0.003125
1 0.7385416666666667 0.07734375 0.010416666666666666 0.0046875
1 0.9614583333333333 0.09453125 0.03958333333333333 0.0421875
1 0.453125 0.07265625 0.0020833333333333333 0.0015625
1 0.0875 0.071875 0.004166666666666667 0.003125
1 0.08229166666666667 0.065625 0.00625 0.00625
1 0.8270833333333333 0.0953125 0.1 0.06875
1 0.125 0.06953125 0.025 0.0171875
1 0.46979166666666666 0.05859375 0.014583333333333334 0.0046875
1 0.11041666666666666 0.0578125 0.004166666666666667 0.003125
1 0.10416666666666667 0.05546875 0.004166666666666667 0.0015625
1 0.3145833333333333 0.06953125 0.020833333333333332 0.0359375
1 0.4510416666666667 0.04921875 0.0020833333333333333 0.0015625
1 0.5822916666666667 0.0484375 0.00625 0.003125
1 0.45729166666666665 0.0484375 0.0020833333333333333 0.003125
1 0.16145833333333334 0.04765625 0.0020833333333333333 0.0015625
1 0.09791666666666667 0.05 0.008333333333333333 0.00625
1 0.06145833333333333 0.04765625 0.0020833333333333333 0.0015625
1 0.86875 0.046875 0.004166666666666667 0.00625
1 0.328125 0.04453125 0.0020833333333333333 0.0015625
1 0.175 0.04296875 0.004166666666666667 0.0015625
1 0.16458333333333333 0.04375 0.004166666666666667 0.003125
1 0.053125 0.04296875 0.0020833333333333333 0.0015625
1 0.715625 0.04140625 0.0020833333333333333 0.0015625
1 0.3145833333333333 0.0453125 0.004166666666666667 0.009375
1 0.18229166666666666 0.03984375 0.0020833333333333333 0.0015625
1 0.7197916666666667 0.03828125 0.0020833333333333333 0.0015625
1 0.6677083333333333 0.03828125 0.0020833333333333333 0.0015625
1 0.503125 0.03828125 0.0020833333333333333 0.0015625
1 0.49375 0.04375 0.008333333333333333 0.0125
1 0.315625 0.03828125 0.0020833333333333333 0.0015625
1 0.08854166666666667 0.04140625 0.010416666666666666 0.0078125
1 0.41875 0.03671875 0.004166666666666667 0.0015625
1 0.15104166666666666 0.03515625 0.0020833333333333333 0.0015625
1 0.08020833333333334 0.03515625 0.0020833333333333333 0.0015625
1 0.334375 0.03359375 0.0020833333333333333 0.0015625
1 0.042708333333333334 0.03671875 0.010416666666666666 0.0078125
1 0.4635416666666667 0.03828125 0.010416666666666666 0.0140625
1 0.4552083333333333 0.03359375 0.00625 0.0046875
1 0.078125 0.03203125 0.0020833333333333333 0.0015625
1 0.4479166666666667 0.03125 0.004166666666666667 0.003125
1 0.7302083333333333 0.02890625 0.0020833333333333333 0.0015625
1 0.3385416666666667 0.02890625 0.0020833333333333333 0.0015625
1 0.03229166666666667 0.03046875 0.00625 0.0046875
1 0.565625 0.02734375 0.0020833333333333333 0.0015625
1 0.678125 0.03046875 0.01875 0.0109375
1 0.43125 0.02578125 0.004166666666666667 0.0015625
1 0.06979166666666667 0.028125 0.010416666666666666 0.00625
1 0.027083333333333334 0.02578125 0.004166666666666667 0.0015625
1 0.8458333333333333 0.02890625 0.008333333333333333 0.0109375
1 0.5645833333333333 0.02421875 0.004166666666666667 0.0015625
1 0.31979166666666664 0.0296875 0.00625 0.0125
1 0.44895833333333335 0.02265625 0.0020833333333333333 0.0015625
1 0.434375 0.02265625 0.0020833333333333333 0.0015625
1 0.734375 0.02265625 0.00625 0.0046875
1 0.05416666666666667 0.0203125 0.004166666666666667 0.003125
1 0.32395833333333335 0.01875 0.0020833333333333333 0.003125
1 0.04791666666666667 0.0171875 0.004166666666666667 0.003125
1 0.16354166666666667 0.0203125 0.010416666666666666 0.0125
1 0.7697916666666667 0.01328125 0.0020833333333333333 0.0015625
1 0.041666666666666664 0.01328125 0.004166666666666667 0.0015625
1 0.03229166666666667 0.01015625 0.0020833333333333333 0.0015625
1 0.7739583333333333 0.00859375 0.0020833333333333333 0.0015625
1 0.690625 0.0078125 0.0020833333333333333 0.003125
1 0.18229166666666666 0.01328125 0.01875 0.0140625
1 0.1625 0.009375 0.008333333333333333 0.00625
1 0.4322916666666667 0.00703125 0.0020833333333333333 0.0046875
1 0.23645833333333333 0.00546875 0.0020833333333333333 0.0015625
1 0.025 0.00625 0.004166666666666667 0.003125
1 0.43854166666666666 0.00546875 0.00625 0.0046875
1 0.259375 0.00390625 0.0020833333333333333 0.0015625
1 0.19583333333333333 0.0046875 0.004166666666666667 0.003125
1 0.17604166666666668 0.00390625 0.0020833333333333333 0.0015625
1 0.8375 0.00234375 0.008333333333333333 0.0046875
1 0.8895833333333333 0.03515625 0.22083333333333333 0.0703125
1 0.61875 0.08515625 0.2833333333333333 0.1703125
1 0.6927083333333334 0.00234375 0.00625 0.0046875
1 0.6 0.015625 0.05 0.03125
1 0.44583333333333336 0.01015625 0.0125 0.0203125
1 0.43333333333333335 0.00078125 0.004166666666666667 0.0015625
1 0.428125 0.00078125 0.0020833333333333333 0.0015625
1 0.3416666666666667 0.01328125 0.016666666666666666 0.0265625
1 0.228125 0.00078125 0.0020833333333333333 0.0015625
1 0.13333333333333333 0.01875 0.058333333333333334 0.0375
2 0.996875 0.99140625 0.00625 0.0046875
2 0.9010416666666666 0.9578125 0.0020833333333333333 0.003125
2 0.96875 0.95625 0.004166666666666667 0.00625
2 0.903125 0.9515625 0.0020833333333333333 0.003125
2 0.9166666666666666 0.94765625 0.025 0.0484375
2 0.37083333333333335 0.928125 0.008333333333333333 0.015625
2 0.909375 0.91796875 0.0020833333333333333 0.0015625
2 0.8260416666666667 0.89296875 0.0020833333333333333 0.0015625
2 0.934375 0.9171875 0.06458333333333334 0.06875
2 0.8822916666666667 0.89453125 0.04791666666666667 0.0484375
2 0.8552083333333333 0.8671875 0.010416666666666666 0.00625
2 0.9010416666666666 0.8625 0.014583333333333334 0.01875
2 0.8947916666666667 0.85078125 0.0020833333333333333 0.0015625
2 0.78125 0.89921875 0.15 0.1015625
2 0.8552083333333333 0.84609375 0.0020833333333333333 0.0015625
2 0.8947916666666667 0.84140625 0.010416666666666666 0.0078125
2 0.8864583333333333 0.83125 0.010416666666666666 0.00625
2 0.86875 0.83359375 0.016666666666666666 0.0171875
2 0.78125 0.82421875 0.004166666666666667 0.0015625
2 0.7677083333333333 0.82109375 0.00625 0.0015625
2 0.8739583333333333 0.81953125 0.0020833333333333333 0.0015625
2 0.8697916666666666 0.81953125 0.0020833333333333333 0.0015625
2 0.875 0.80234375 0.016666666666666666 0.0046875
2 0.7489583333333333 0.8109375 0.09375 0.021875
2 0.8958333333333334 0.79765625 0.004166666666666667 0.0046875
2 0.95 0.81484375 0.1 0.0453125
2 0.890625 0.7921875 0.00625 0.003125
2 0.6364583333333333 0.7875 0.0020833333333333333 0.003125
2 0.4510416666666667 0.78671875 0.0020833333333333333 0.0015625
2 0.453125 0.7828125 0.0020833333333333333 0.003125
2 0.640625 0.78046875 0.014583333333333334 0.0171875
2 0.903125 0.775 0.014583333333333334 0.009375
2 0.6322916666666667 0.76953125 0.0020833333333333333 0.0015625
2 0.9166666666666666 0.76640625 0.008333333333333333 0.0046875
2 0.621875 0.76484375 0.0020833333333333333 0.0015625
2 0.6291666666666667 0.7640625 0.008333333333333333 0.009375
2 0.6197916666666666 0.75546875 0.0020833333333333333 0.0015625
2 0.6125 0.7515625 0.008333333333333333 0.00625
2 0.5072916666666667 0.746875 0.0020833333333333333 0.003125
2 0.24375 0.74609375 0.016666666666666666 0.0140625
2 0.540625 0.72109375 0.0020833333333333333 0.0015625
2 0.49270833333333336 0.71953125 0.0020833333333333333 0.0046875
2 0.48854166666666665 0.6984375 0.00625 0.00625
2 0.4270833333333333 0.690625 0.004166666666666667 0.003125
2 0.24895833333333334 0.7 0.01875 0.021875
2 0.253125 0.68671875 0.0020833333333333333 0.0015625
2 0.25625 0.68203125 0.004166666666666667 0.0046875
2 0.4427083333333333 0.68203125 0.027083333333333334 0.0140625
2 0.26145833333333335 0.675 0.00625 0.00625
2 0.25625 0.67265625 0.004166666666666667 0.0015625
2 0.25 0.67265625 0.004166666666666667 0.0046875
2 0.471875 0.66640625 0.0020833333333333333 0.0015625
2 0.46458333333333335 0.66953125 0.008333333333333333 0.0078125
2 0.49895833333333334 0.65703125 0.0020833333333333333 0.0015625
2 0.48541666666666666 0.66015625 0.020833333333333332 0.0078125
2 0.496875 0.653125 0.00625 0.00625
2 0.5572916666666666 0.64609375 0.0020833333333333333 0.0015625
2 0.5104166666666666 0.64921875 0.0125 0.0109375
2 0.521875 0.64140625 0.0020833333333333333 0.0015625
2 0.2552083333333333 0.640625 0.010416666666666666 0.00625
2 0.4041666666666667 0.63671875 0.004166666666666667 0.0015625
2 0.38645833333333335 0.6375 0.010416666666666666 0.003125
2 0.596875 0.6359375 0.010416666666666666 0.003125
2 0.5052083333333334 0.63671875 0.010416666666666666 0.0109375
2 0.3416666666666667 0.63046875 0.004166666666666667 0.0015625
2 0.346875 0.62890625 0.0020833333333333333 0.0015625
2 0.334375 0.62890625 0.0020833333333333333 0.0015625
2 0.521875 0.63125 0.010416666666666666 0.0125
2 0.378125 0.628125 0.010416666666666666 0.00625
2 0.34270833333333334 0.6265625 0.00625 0.003125
2 0.33125 0.62578125 0.0125 0.0046875
2 0.41354166666666664 0.628125 0.014583333333333334 0.0125
2 0.3572916666666667 0.62265625 0.035416666666666666 0.0109375
2 0.26145833333333335 0.61796875 0.0020833333333333333 0.0015625
2 0.31979166666666664 0.6203125 0.0020833333333333333 0.009375
2 0.3625 0.61171875 0.004166666666666667 0.0015625
2 0.19166666666666668 0.61484375 0.020833333333333332 0.0234375
2 0.5114583333333333 0.61171875 0.027083333333333334 0.0234375
2 0.44375 0.6015625 0.004166666666666667 0.003125
2 0.1625 0.59921875 0.004166666666666667 0.0015625
2 0.33645833333333336 0.59765625 0.010416666666666666 0.0015625
2 0.1875 0.5984375 0.008333333333333333 0.003125
2 0.17291666666666666 0.6015625 0.0125 0.009375
2 0.15520833333333334 0.59765625 0.0020833333333333333 0.0015625
2 0.13229166666666667 0.59765625 0.0020833333333333333 0.0015625
2 0.10416666666666667 0.59765625 0.008333333333333333 0.0046875
2 0.38229166666666664 0.5984375 0.03125 0.009375
2 0.20625 0.5953125 0.008333333333333333 0.003125
2 0.425 0.59296875 0.016666666666666666 0.0046875
2 0.2875 0.6140625 0.0625 0.046875
2 0.5010416666666667 0.58984375 0.0020833333333333333 0.0015625
2 0.22604166666666667 0.59921875 0.027083333333333334 0.0203125
2 0.19583333333333333 0.5890625 0.004166666666666667 0.003125
2 0.16979166666666667 0.5859375 0.0020833333333333333 0.003125
2 0.45625 0.6078125 0.09583333333333334 0.05625
2 0.007291666666666667 0.58359375 0.014583333333333334 0.0078125
2 0.5041666666666667 0.5796875 0.004166666666666667 0.003125
2 0.06979166666666667 0.57890625 0.00625 0.0046875
2 0.509375 0.57578125 0.0020833333333333333 0.0015625
2 0.18333333333333332 0.578125 0.016666666666666666 0.00625
2 0.25 0.57421875 0.029166666666666667 0.0109375
2 0.140625 0.571875 0.014583333333333334 0.0125
2 0.22916666666666666 0.565625 0.008333333333333333 0.00625
2 0.29791666666666666 0.57421875 0.05 0.0265625
2 0.609375 0.56171875 0.0020833333333333333 0.0046875
2 0.5020833333333333 0.55859375 0.004166666666666667 0.0015625
2 0.29375 0.5609375 0.0125 0.0125
2 0.5177083333333333 0.55078125 0.0020833333333333333 0.0015625
2 0.5114583333333333 0.55078125 0.0020833333333333333 0.0015625
2 0.3 0.5515625 0.004166666666666667 0.003125
2 0.5125 0.5453125 0.004166666666666667 0.00625
2 0.29375 0.53125 0.004166666666666667 0.003125
2 0.2989583333333333 0.52734375 0.0020833333333333333 0.0015625
2 0.421875 0.5328125 0.010416666666666666 0.01875
2 0.378125 0.5359375 0.04375 0.025
2 0.33229166666666665 0.53671875 0.01875 0.0359375
2 0.20729166666666668 0.51875 0.014583333333333334 0.00625
2 0.4322916666666667 0.50859375 0.014583333333333334 0.0171875
2 0.503125 0.49609375 0.00625 0.0046875
2 0.7822916666666667 0.49453125 0.010416666666666666 0.0078125
2 0.75625 0.490625 0.041666666666666664 0.015625
2 0.503125 0.48046875 0.0020833333333333333 0.0015625
2 0.9802083333333333 0.46171875 0.014583333333333334 0.0140625
2 0.55 0.45546875 0.004166666666666667 0.0015625
2 0.5479166666666667 0.45234375 0.004166666666666667 0.0015625
2 0.9895833333333334 0.453125 0.004166666666666667 0.00625
2 0.47604166666666664 0.4515625 0.0020833333333333333 0.003125
2 0.9697916666666667 0.44921875 0.0020833333333333333 0.0046875
2 0.7364583333333333 0.45859375 0.010416666666666666 0.0234375
2 0.4739583333333333 0.44609375 0.0020833333333333333 0.0015625
2 0.9822916666666667 0.44296875 0.0020833333333333333 0.0015625
2 0.521875 0.44296875 0.0020833333333333333 0.0015625
2 0.959375 0.45 0.01875 0.025
2 0.4708333333333333 0.4390625 0.004166666666666667 0.003125
2 0.6604166666666667 0.4375 0.004166666666666667 0.003125
2 0.9979166666666667 0.4359375 0.004166666666666667 0.003125
2 0.9541666666666667 0.43359375 0.004166666666666667 0.0015625
2 0.9760416666666667 0.43203125 0.0020833333333333333 0.0015625
2 0.5114583333333333 0.43203125 0.0020833333333333333 0.0015625
2 0.6510416666666666 0.43125 0.00625 0.00625
2 0.9739583333333334 0.42734375 0.00625 0.0046875
2 0.6510416666666666 0.42265625 0.0020833333333333333 0.0015625
2 0.7875 0.3890625 0.004166666666666667 0.003125
2 0.9979166666666667 0.3828125 0.004166666666666667 0.003125
2 0.940625 0.38125 0.00625 0.00625
2 0.9791666666666666 0.378125 0.004166666666666667 0.003125
2 0.7875 0.38046875 0.008333333333333333 0.0109375
2 0.7135416666666666 0.41875 0.11875 0.1
2 0.5572916666666666 0.3671875 0.0020833333333333333 0.003125
2 0.9375 0.36796875 0.008333333333333333 0.0109375
2 0.7635416666666667 0.3640625 0.0020833333333333333 0.003125
2 0.8697916666666666 0.35546875 0.0020833333333333333 0.0015625
2 0.42604166666666665 0.35234375 0.0020833333333333333 0.0015625
2 0.9177083333333333 0.35078125 0.0020833333333333333 0.0015625
2 0.5114583333333333 0.34921875 0.0020833333333333333 0.0015625
2 0.5322916666666667 0.34765625 0.0020833333333333333 0.0015625
2 0.9375 0.346875 0.004166666666666667 0.003125
2 0.8572916666666667 0.34296875 0.0020833333333333333 0.0015625
2 0.521875 0.346875 0.00625 0.009375
2 0.909375 0.33828125 0.0020833333333333333 0.0015625
2 0.5114583333333333 0.34140625 0.010416666666666666 0.0078125
2 0.959375 0.33671875 0.0020833333333333333 0.0015625
2 0.9520833333333333 0.34453125 0.020833333333333332 0.0203125
2 0.9427083333333334 0.33046875 0.014583333333333334 0.0078125
2 0.9020833333333333 0.328125 0.0125 0.0125
2 0.8197916666666667 0.31328125 0.0020833333333333333 0.0015625
2 0.7072916666666667 0.30234375 0.0020833333333333333 0.0015625
2 0.703125 0.30234375 0.0020833333333333333 0.0015625
2 0.4552083333333333 0.36875 0.11041666666666666 0.1375
2 0.790625 0.28984375 0.0020833333333333333 0.0015625
2 0.4895833333333333 0.28515625 0.004166666666666667 0.0015625
2 0.959375 0.3125 0.08125 0.0625
2 0.9947916666666666 0.27890625 0.0020833333333333333 0.0015625
2 0.9989583333333333 0.27734375 0.0020833333333333333 0.0015625
2 0.8604166666666667 0.27109375 0.0125 0.0046875
2 0.4395833333333333 0.2671875 0.008333333333333333 0.003125
2 0.47708333333333336 0.290625 0.058333333333333334 0.053125
2 0.8354166666666667 0.26328125 0.004166666666666667 0.0015625
2 0.9270833333333334 0.2625 0.004166666666666667 0.003125
2 0.42916666666666664 0.26328125 0.008333333333333333 0.0046875
2 0.5416666666666666 0.5875 0.3333333333333333 0.659375
2 0.43854166666666666 0.2578125 0.014583333333333334 0.00625
2 0.7677083333333333 0.25390625 0.0020833333333333333 0.0015625
2 0.9239583333333333 0.253125 0.0020833333333333333 0.003125
2 0.9197916666666667 0.253125 0.0020833333333333333 0.003125
2 0.8447916666666667 0.34375 0.26458333333333334 0.190625
2 0.771875 0.24609375 0.0020833333333333333 0.0015625
2 0.47604166666666664 0.24453125 0.0020833333333333333 0.0015625
2 0.4197916666666667 0.23671875 0.0020833333333333333 0.0015625
2 0.41354166666666664 0.23671875 0.0020833333333333333 0.0015625
2 0.46458333333333335 0.2359375 0.004166666666666667 0.003125
2 0.40729166666666666 0.22890625 0.0020833333333333333 0.0015625
2 0.453125 0.22578125 0.0020833333333333333 0.0015625
2 0.28854166666666664 0.26015625 0.06458333333333334 0.0734375
2 0.253125 0.2234375 0.00625 0.003125
2 0.446875 0.21953125 0.0020833333333333333 0.0015625
2 0.265625 0.21953125 0.0020833333333333333 0.0015625
2 0.9083333333333333 0.26640625 0.18333333333333332 0.1046875
2 0.2625 0.215625 0.004166666666666667 0.003125
2 0.4395833333333333 0.2140625 0.004166666666666667 0.003125
2 0.265625 0.21328125 0.0020833333333333333 0.0015625
2 0.3614583333333333 0.21328125 0.00625 0.0046875
2 0.3541666666666667 0.21171875 0.004166666666666667 0.0015625
2 0.8770833333333333 0.21328125 0.008333333333333333 0.0109375
2 0.4322916666666667 0.20859375 0.00625 0.0046875
2 0.7322916666666667 0.20390625 0.0020833333333333333 0.0015625
2 0.3802083333333333 0.20390625 0.0020833333333333333 0.0015625
2 0.259375 0.20234375 0.0020833333333333333 0.0015625
2 0.253125 0.20078125 0.0020833333333333333 0.0015625
2 0.4197916666666667 0.20078125 0.00625 0.0046875
2 0.41041666666666665 0.1953125 0.004166666666666667 0.003125
2 0.22604166666666667 0.196875 0.0020833333333333333 0.00625
2 0.40520833333333334 0.19296875 0.0020833333333333333 0.0015625
2 0.39895833333333336 0.1890625 0.00625 0.003125
2 0.753125 0.18515625 0.0020833333333333333 0.0015625
2 0.265625 0.1875 0.00625 0.00625
2 0.89375 0.19453125 0.025 0.0234375
2 0.390625 0.184375 0.00625 0.003125
2 0.3125 0.196875 0.07916666666666666 0.028125
2 0.7958333333333333 0.18359375 0.004166666666666667 0.0046875
2 0.7552083333333334 0.18203125 0.0020833333333333333 0.0015625
2 0.38125 0.18125 0.004166666666666667 0.003125
2 0.25833333333333336 0.1796875 0.004166666666666667 0.003125
2 0.678125 0.178125 0.0020833333333333333 0.003125
2 0.696875 0.17578125 0.0020833333333333333 0.0015625
2 0.6739583333333333 0.17578125 0.0020833333333333333 0.0015625
2 0.6677083333333333 0.17890625 0.00625 0.0078125
2 0.21770833333333334 0.17421875 0.0020833333333333333 0.0015625
2 0.31145833333333334 0.17265625 0.0020833333333333333 0.0015625
2 0.696875 0.17109375 0.0020833333333333333 0.0015625
2 0.6822916666666666 0.17109375 0.0020833333333333333 0.0015625
2 0.359375 0.17109375 0.0020833333333333333 0.0015625
2 0.665625 0.16953125 0.0020833333333333333 0.0015625
2 0.6572916666666667 0.16796875 0.0020833333333333333 0.0015625
2 0.6802083333333333 0.1671875 0.00625 0.003125
2 0.6614583333333334 0.16484375 0.0020833333333333333 0.0015625
2 0.684375 0.16328125 0.0020833333333333333 0.0015625
2 0.7010416666666667 0.16171875 0.0020833333333333333 0.0015625
2 0.6916666666666667 0.16171875 0.004166666666666667 0.0046875
2 0.175 0.16015625 0.004166666666666667 0.0015625
2 0.6770833333333334 0.16171875 0.016666666666666666 0.0140625
2 0.671875 0.15546875 0.0020833333333333333 0.0015625
2 0.6875 0.1546875 0.004166666666666667 0.003125
2 0.32708333333333334 0.1515625 0.004166666666666667 0.003125
2 0.6395833333333333 0.15234375 0.008333333333333333 0.0078125
2 0.6729166666666667 0.14765625 0.004166666666666667 0.0015625
2 0.6385416666666667 0.14765625 0.0020833333333333333 0.0015625
2 0.54375 0.14921875 0.004166666666666667 0.0046875
2 0.6927083333333334 0.1484375 0.00625 0.00625
2 0.16770833333333332 0.14453125 0.0020833333333333333 0.0015625
2 0.321875 0.1453125 0.00625 0.00625
2 0.65625 0.1609375 0.029166666666666667 0.04375
2 0.546875 0.14140625 0.00625 0.0078125
2 0.7697916666666667 0.13359375 0.0020833333333333333 0.0015625
2 0.6697916666666667 0.13828125 0.010416666666666666 0.0109375
2 0.30833333333333335 0.134375 0.008333333333333333 0.00625
2 0.68125 0.13046875 0.004166666666666667 0.0015625
2 0.6677083333333333 0.13046875 0.0020833333333333333 0.0015625
2 0.353125 0.18203125 0.13125 0.1046875
2 0.69375 0.12734375 0.004166666666666667 0.0015625
2 0.6697916666666667 0.12578125 0.0020833333333333333 0.0015625
2 0.7385416666666667 0.12421875 0.0020833333333333333 0.0015625
2 0.29791666666666666 0.125 0.004166666666666667 0.003125
2 0.28020833333333334 0.1234375 0.00625 0.003125
2 0.28854166666666664 0.11640625 0.0020833333333333333 0.0015625
2 0.27395833333333336 0.11484375 0.0020833333333333333 0.0015625
2 0.8385416666666666 0.1140625 0.010416666666666666 0.00625
2 0.553125 0.11171875 0.0020833333333333333 0.0015625
2 0.7427083333333333 0.11015625 0.0020833333333333333 0.0015625
2 0.26979166666666665 0.1078125 0.0020833333333333333 0.003125
2 0.9697916666666667 0.10078125 0.0020833333333333333 0.0015625
2 0.9583333333333334 0.0921875 0.0125 0.00625
2 0.5635416666666667 0.08046875 0.0020833333333333333 0.0015625
2 0.603125 0.078125 0.00625 0.00625
2 0.646875 0.06953125 0.0020833333333333333 0.0015625
2 0.596875 0.0625 0.022916666666666665 0.00625
2 0.6177083333333333 0.05546875 0.0020833333333333333 0.0015625
2 0.115625 0.06328125 0.027083333333333334 0.0171875
2 0.615625 0.05234375 0.0020833333333333333 0.0015625
2 0.64375 0.04765625 0.004166666666666667 0.0015625
2 0.6197916666666666 0.04765625 0.0020833333333333333 0.0015625
2 0.365625 0.04453125 0.0020833333333333333 0.0015625
2 0.6552083333333333 0.04140625 0.0020833333333333333 0.0015625
2 0.36354166666666665 0.04140625 0.0020833333333333333 0.0015625
2 0.6604166666666667 0.040625 0.004166666666666667 0.003125
2 0.09166666666666666 0.04453125 0.016666666666666666 0.0140625
2 0.41458333333333336 0.03828125 0.008333333333333333 0.0046875
2 0.08020833333333334 0.03515625 0.0020833333333333333 0.0015625
2 0.4479166666666667 0.03046875 0.004166666666666667 0.0015625
2 0.12916666666666668 0.03046875 0.004166666666666667 0.0015625
2 0.7302083333333333 0.02890625 0.0020833333333333333 0.0015625
2 0.075 0.03046875 0.008333333333333333 0.0046875
2 0.14270833333333333 0.03125 0.01875 0.0125
2 0.065625 0.02578125 0.0020833333333333333 0.0015625
2 0.7729166666666667 0.02421875 0.004166666666666667 0.0015625
2 0.026041666666666668 0.025 0.00625 0.003125
2 0.42291666666666666 0.0234375 0.004166666666666667 0.003125
2 0.684375 0.02265625 0.00625 0.0046875
2 0.11354166666666667 0.021875 0.014583333333333334 0.00625
2 0.05416666666666667 0.0203125 0.004166666666666667 0.003125
2 0.23229166666666667 0.01640625 0.0020833333333333333 0.0015625
2 0.04791666666666667 0.0171875 0.004166666666666667 0.003125
2 0.013541666666666667 0.01640625 0.0020833333333333333 0.0015625
2 0.7708333333333334 0.0140625 0.004166666666666667 0.003125
2 0.6927083333333334 0.015625 0.0020833333333333333 0.00625
2 0.22395833333333334 0.01328125 0.0020833333333333333 0.0015625
2 0.040625 0.01328125 0.0020833333333333333 0.0015625
2 0.36041666666666666 0.0171875 0.004166666666666667 0.015625
2 0.03229166666666667 0.01015625 0.0020833333333333333 0.0015625
2 0.0010416666666666667 0.01015625 0.0020833333333333333 0.0015625
2 0.853125 0.00859375 0.0020833333333333333 0.0015625
2 0.23333333333333334 0.00625 0.004166666666666667 0.003125
2 0.22083333333333333 0.00625 0.004166666666666667 0.003125
2 0.023958333333333335 0.00546875 0.0020833333333333333 0.0015625
2 0.696875 0.00703125 0.00625 0.0078125
2 0.43645833333333334 0.00390625 0.0020833333333333333 0.0015625
2 0.3958333333333333 0.00625 0.008333333333333333 0.00625
2 0.8364583333333333 0.00078125 0.0020833333333333333 0.0015625
2 0.7229166666666667 0.11015625 0.5541666666666667 0.2203125
2 0.434375 0.00078125 0.0020833333333333333 0.0015625
2 0.428125 0.00078125 0.0020833333333333333 0.0015625
2 0.39895833333333336 0.00078125 0.0020833333333333333 0.0015625
2 0.39375 0.00234375 0.004166666666666667 0.0046875
2 0.36354166666666665 0.00390625 0.00625 0.0078125
2 0.328125 0.03984375 0.035416666666666666 0.0796875
2 0.22708333333333333 0.00234375 0.004166666666666667 0.0046875
2 0.16979166666666667 0.021875 0.03125 0.04375
2 0.12708333333333333 0.0125 0.029166666666666667 0.025
2 0.12916666666666668 0.0953125 0.25833333333333336 0.190625
