0 0.765625 0.99765625 0.0020833333333333333 0.0046875
0 0.9958333333333333 0.996875 0.008333333333333333 0.00625
0 0.74375 0.99609375 0.008333333333333333 0.0078125
0 0.478125 0.99140625 0.0020833333333333333 0.0015625
0 0.5239583333333333 0.99453125 0.010416666666666666 0.0109375
0 0.484375 0.98984375 0.0020833333333333333 0.0015625
0 0.45729166666666665 0.98203125 0.0020833333333333333 0.0015625
0 0.6020833333333333 0.97890625 0.008333333333333333 0.0078125
0 0.45729166666666665 0.97578125 0.0020833333333333333 0.0015625
0 0.8197916666666667 0.98671875 0.06041666666666667 0.0265625
0 0.715625 0.97890625 0.03125 0.0359375
0 0.9229166666666667 0.96328125 0.008333333333333333 0.0109375
0 0.6041666666666666 0.9640625 0.020833333333333332 0.015625
0 0.6135416666666667 0.95546875 0.0020833333333333333 0.0015625
0 0.5354166666666667 0.9578125 0.0125 0.009375
0 0.3104166666666667 0.95234375 0.004166666666666667 0.0015625
0 0.9614583333333333 0.95078125 0.0020833333333333333 0.0015625
0 0.8479166666666667 0.95625 0.004166666666666667 0.0125
0 0.975 0.9671875 0.05 0.065625
0 0.5447916666666667 0.9234375 0.010416666666666666 0.00625
0 0.321875 0.91640625 0.0020833333333333333 0.0015625
0 0.8947916666666667 0.9546875 0.08541666666666667 0.090625
0 0.95625 0.89765625 0.0875 0.0734375
0 0.9208333333333333 0.784375 0.008333333333333333 0.003125
0 0.7 0.75234375 0.008333333333333333 0.0046875
0 0.7645833333333333 0.76015625 0.0125 0.0234375
0 0.16979166666666667 0.74921875 0.0020833333333333333 0.0015625
0 0.759375 0.740625 0.010416666666666666 0.009375
0 0.7510416666666667 0.73671875 0.0020833333333333333 0.0015625
0 0.915625 0.746875 0.04791666666666667 0.05625
0 0.9979166666666667 0.69375 0.004166666666666667 0.00625
0 0.8083333333333333 0.6765625 0.004166666666666667 0.003125
0 0.7989583333333333 0.684375 0.010416666666666666 0.01875
0 0.8010416666666667 0.64765625 0.01875 0.0046875
0 0.55625 0.621875 0.004166666666666667 0.003125
0 0.5510416666666667 0.62109375 0.0020833333333333333 0.0015625
0 0.559375 0.61796875 0.0020833333333333333 0.0015625
0 0.5520833333333334 0.6171875 0.004166666666666667 0.003125
0 0.5708333333333333 0.60859375 0.0125 0.0078125
0 0.834375 0.60078125 0.010416666666666666 0.0046875
0 0.8260416666666667 0.59921875 0.0020833333333333333 0.0015625
0 0.5395833333333333 0.60390625 0.0125 0.0109375
0 0.8270833333333333 0.59140625 0.016666666666666666 0.0109375
0 0.5291666666666667 0.58984375 0.008333333333333333 0.0109375
0 0.5635416666666667 0.57890625 0.0020833333333333333 0.0046875
0 0.875 0.57578125 0.0125 0.0015625
0 0.9854166666666667 0.57421875 0.004166666666666667 0.0015625
0 0.8645833333333334 0.57265625 0.004166666666666667 0.0015625
0 0.85625 0.57578125 0.008333333333333333 0.0078125
0 0.88125 0.56875 0.016666666666666666 0.00625
0 0.5635416666666667 0.56015625 0.00625 0.0046875
0 0.8822916666666667 0.5515625 0.00625 0.003125
0 0.6760416666666667 0.51640625 0.0020833333333333333 0.0015625
0 0.6822916666666666 0.51484375 0.0020833333333333333 0.0015625
0 0.8604166666666667 0.5203125 0.029166666666666667 0.015625
0 0.9708333333333333 0.51015625 0.025 0.0078125
0 0.8302083333333333 0.50390625 0.0020833333333333333 0.0015625
0 0.8114583333333333 0.50625 0.022916666666666665 0.009375
0 0.696875 0.50234375 0.0020833333333333333 0.0015625
0 0.834375 0.49765625 0.0020833333333333333 0.0015625
0 0.6864583333333333 0.49765625 0.0020833333333333333 0.0015625
0 0.7052083333333333 0.49609375 0.0020833333333333333 0.0015625
0 0.515625 0.5 0.014583333333333334 0.009375
0 0.346875 0.50625 0.06875 0.021875
0 0.5635416666666667 0.49609375 0.010416666666666666 0.0078125
0 0.9239583333333333 0.50234375 0.06041666666666667 0.0234375
0 0.33229166666666665 0.48984375 0.014583333333333334 0.0046875
0 0.85625 0.48984375 0.004166666666666667 0.0109375
0 0.8083333333333333 0.4875 0.016666666666666666 0.0125
0 0.9770833333333333 0.4859375 0.020833333333333332 0.021875
0 0.5322916666666667 0.48125 0.014583333333333334 0.0125
0 0.8447916666666667 0.478125 0.014583333333333334 0.009375
0 0.96875 0.4734375 0.004166666666666667 0.003125
0 0.7458333333333333 0.47265625 0.008333333333333333 0.0046875
0 0.5791666666666667 0.47265625 0.0125 0.0046875
0 0.8197916666666667 0.47109375 0.022916666666666665 0.0109375
0 0.9635416666666666 0.46484375 0.0020833333333333333 0.0015625
0 0.8385416666666666 0.465625 0.010416666666666666 0.00625
0 0.48333333333333334 0.475 0.058333333333333334 0.028125
0 0.9635416666666666 0.4609375 0.010416666666666666 0.003125
0 0.721875 0.4796875 0.08541666666666667 0.04375
0 0.6072916666666667 0.45625 0.01875 0.00625
0 0.8552083333333333 0.45234375 0.0020833333333333333 0.0015625
0 0.9927083333333333 0.45546875 0.014583333333333334 0.0171875
0 0.6114583333333333 0.4484375 0.014583333333333334 0.003125
0 0.7958333333333333 0.4484375 0.016666666666666666 0.01875
0 0.8666666666666667 0.43828125 0.06666666666666667 0.0265625
0 0.9208333333333333 0.4078125 0.020833333333333332 0.009375
0 0.3697916666666667 0.40234375 0.0020833333333333333 0.0015625
0 0.16979166666666667 0.40390625 0.00625 0.0078125
0 0.43020833333333336 0.39921875 0.0020833333333333333 0.0015625
0 0.7739583333333333 0.40546875 0.13125 0.0859375
0 0.5864583333333333 0.36015625 0.00625 0.0046875
0 0.5697916666666667 0.34921875 0.0020833333333333333 0.0015625
0 0.5635416666666667 0.34375 0.0020833333333333333 0.003125
0 0.9604166666666667 0.33671875 0.016666666666666666 0.0109375
0 0.9041666666666667 0.325 0.016666666666666666 0.009375
0 0.684375 0.31640625 0.0020833333333333333 0.0015625
0 0.971875 0.325 0.035416666666666666 0.025
0 0.9947916666666666 0.2890625 0.010416666666666666 0.00625
0 0.9885416666666667 0.25390625 0.0020833333333333333 0.0015625
0 0.996875 0.25234375 0.0020833333333333333 0.0015625
0 0.996875 0.24765625 0.0020833333333333333 0.0015625
0 0.9885416666666667 0.24765625 0.0020833333333333333 0.0015625
0 0.9916666666666667 0.2484375 0.004166666666666667 0.00625
0 0.98125 0.24453125 0.004166666666666667 0.0015625
0 0.9614583333333333 0.24140625 0.0020833333333333333 0.0015625
0 0.9833333333333333 0.240625 0.008333333333333333 0.00625
0 0.9635416666666666 0.2515625 0.01875 0.028125
0 0.9708333333333333 0.23515625 0.0125 0.0046875
0 0.503125 0.23046875 0.0020833333333333333 0.0015625
0 0.9645833333333333 0.23046875 0.008333333333333333 0.0046875
0 0.996875 0.228125 0.00625 0.003125
0 0.9020833333333333 0.228125 0.004166666666666667 0.003125
0 0.53125 0.22578125 0.03333333333333333 0.0265625
0 0.271875 0.21015625 0.00625 0.0109375
0 0.7697916666666667 0.17734375 0.0020833333333333333 0.0015625
0 0.8947916666666667 0.17890625 0.00625 0.0078125
0 0.7197916666666667 0.17734375 0.010416666666666666 0.0046875
0 0.7302083333333333 0.1734375 0.0020833333333333333 0.003125
0 0.5322916666666667 0.17265625 0.0020833333333333333 0.0015625
0 0.4625 0.178125 0.029166666666666667 0.01875
0 0.746875 0.16171875 0.0020833333333333333 0.0015625
0 0.7427083333333333 0.15859375 0.0020833333333333333 0.0015625
0 0.8104166666666667 0.1609375 0.020833333333333332 0.0125
0 0.73125 0.15234375 0.004166666666666667 0.0046875
0 0.4635416666666667 0.15078125 0.0020833333333333333 0.0015625
0 0.9322916666666666 0.15078125 0.00625 0.0046875
0 0.9677083333333333 0.14765625 0.0020833333333333333 0.0015625
0 0.46979166666666666 0.1484375 0.00625 0.003125
0 0.7635416666666667 0.1234375 0.0020833333333333333 0.003125
0 0.7166666666666667 0.12421875 0.008333333333333333 0.0109375
0 0.8166666666666667 0.125 0.016666666666666666 0.01875
0 0.4895833333333333 0.1203125 0.008333333333333333 0.009375
0 0.5708333333333333 0.115625 0.016666666666666666 0.015625
0 0.25 0.115625 0.029166666666666667 0.01875
0 0.896875 0.10625 0.0020833333333333333 0.003125
0 0.5052083333333334 0.11328125 0.027083333333333334 0.0203125
0 0.8645833333333334 0.10234375 0.008333333333333333 0.0046875
0 0.8114583333333333 0.09296875 0.0020833333333333333 0.0015625
0 0.6208333333333333 0.0953125 0.025 0.0125
0 0.8979166666666667 0.09375 0.0125 0.0125
0 0.48854166666666665 0.08828125 0.0020833333333333333 0.0015625
0 0.5052083333333334 0.09296875 0.03125 0.0171875
0 0.9114583333333334 0.084375 0.00625 0.003125
0 0.5083333333333333 0.08203125 0.004166666666666667 0.0015625
0 0.390625 0.0859375 0.00625 0.009375
0 0.503125 0.08046875 0.0020833333333333333 0.0015625
0 0.43020833333333336 0.0765625 0.00625 0.003125
0 0.44479166666666664 0.08046875 0.010416666666666666 0.0140625
0 0.8958333333333334 0.07265625 0.008333333333333333 0.0046875
0 0.6645833333333333 0.07421875 0.004166666666666667 0.0078125
0 0.7041666666666667 0.08671875 0.0625 0.0359375
0 0.7541666666666667 0.07109375 0.004166666666666667 0.0078125
0 0.303125 0.06328125 0.0020833333333333333 0.0078125
0 0.6729166666666667 0.06015625 0.0125 0.0078125
0 0.6125 0.06171875 0.008333333333333333 0.0109375
0 0.9333333333333333 0.06796875 0.04583333333333333 0.0265625
0 0.615625 0.05234375 0.0020833333333333333 0.0015625
0 0.54375 0.07109375 0.0875 0.0421875
0 0.8302083333333333 0.04921875 0.0020833333333333333 0.0015625
0 0.61875 0.0484375 0.004166666666666667 0.003125
0 0.9708333333333333 0.04453125 0.008333333333333333 0.0078125
0 0.7833333333333333 0.06640625 0.1125 0.0640625
0 0.26458333333333334 0.0375 0.004166666666666667 0.00625
0 0.771875 0.0375 0.014583333333333334 0.015625
0 0.46041666666666664 0.040625 0.025 0.025
0 0.7760416666666666 0.028125 0.00625 0.003125
0 0.303125 0.03359375 0.010416666666666666 0.0140625
0 0.27708333333333335 0.02734375 0.025 0.0140625
0 0.4625 0.02109375 0.020833333333333332 0.0109375
0 0.7010416666666667 0.01484375 0.00625 0.0015625
0 0.6947916666666667 0.01484375 0.0020833333333333333 0.0015625
0 0.6822916666666666 0.028125 0.052083333333333336 0.028125
0 0.7697916666666667 0.01640625 0.00625 0.0078125
0 0.61875 0.01328125 0.008333333333333333 0.0078125
0 0.859375 0.00234375 0.010416666666666666 0.0046875
0 0.23125 0.01953125 0.03333333333333333 0.0390625
0 0.11770833333333333 0.0015625 0.010416666666666666 0.003125
1 0.7552083333333334 0.99765625 0.0020833333333333333 0.0015625
1 0.4427083333333333 0.9984375 0.014583333333333334 0.003125
1 0.3177083333333333 0.99609375 0.0020833333333333333 0.0015625
1 0.5083333333333333 0.99453125 0.004166666666666667 0.0109375
1 0.9458333333333333 0.990625 0.004166666666666667 0.00625
1 0.9447916666666667 0.98515625 0.0020833333333333333 0.0015625
1 0.46875 0.984375 0.020833333333333332 0.009375
1 0.9447916666666667 0.97421875 0.0020833333333333333 0.0015625
1 0.23229166666666667 0.971875 0.0020833333333333333 0.003125
1 0.9083333333333333 0.97265625 0.0125 0.0078125
1 0.56875 0.97578125 0.0375 0.0359375
1 0.43020833333333336 0.95234375 0.0020833333333333333 0.0015625
1 0.9447916666666667 0.96015625 0.014583333333333334 0.0203125
1 0.8135416666666667 0.94765625 0.0020833333333333333 0.0015625
1 0.603125 0.94921875 0.00625 0.0046875
1 0.49895833333333334 0.94765625 0.0020833333333333333 0.0015625
1 0.09479166666666666 0.94453125 0.0020833333333333333 0.0015625
1 0.20208333333333334 0.94765625 0.004166666666666667 0.0109375
1 0.85 0.93671875 0.004166666666666667 0.0046875
1 0.6989583333333333 0.9359375 0.0020833333333333333 0.00625
1 0.9760416666666667 0.940625 0.01875 0.01875
1 0.7177083333333333 0.93046875 0.0020833333333333333 0.0015625
1 0.70625 0.93515625 0.008333333333333333 0.0140625
1 0.8489583333333334 0.921875 0.010416666666666666 0.00625
1 0.6958333333333333 0.9203125 0.008333333333333333 0.00625
1 0.7739583333333333 0.91640625 0.0020833333333333333 0.0015625
1 0.7864583333333334 0.91484375 0.027083333333333334 0.0171875
1 0.8125 0.90703125 0.008333333333333333 0.0046875
1 0.8677083333333333 0.90390625 0.0020833333333333333 0.0015625
1 0.8385416666666666 0.90390625 0.0020833333333333333 0.0015625
1 0.8291666666666667 0.91796875 0.025 0.0296875
1 0.7572916666666667 0.90546875 0.0020833333333333333 0.0046875
1 0.815625 0.90234375 0.0020833333333333333 0.0015625
1 0.8052083333333333 0.90234375 0.010416666666666666 0.0046875
1 0.5875 0.89921875 0.004166666666666667 0.0015625
1 0.865625 0.89765625 0.0020833333333333333 0.0015625
1 0.8114583333333333 0.8984375 0.010416666666666666 0.003125
1 0.8927083333333333 0.91484375 0.04791666666666667 0.0390625
1 0.6989583333333333 0.89765625 0.0020833333333333333 0.0046875
1 0.6916666666666667 0.89765625 0.008333333333333333 0.0046875
1 0.22604166666666667 0.89453125 0.00625 0.0015625
1 0.8760416666666667 0.89296875 0.0020833333333333333 0.0015625
1 0.8208333333333333 0.89296875 0.004166666666666667 0.0046875
1 0.8927083333333333 0.88828125 0.0020833333333333333 0.0015625
1 0.8385416666666666 0.90078125 0.035416666666666666 0.0296875
1 0.8177083333333334 0.88671875 0.0020833333333333333 0.0015625
1 0.553125 0.88671875 0.0020833333333333333 0.0015625
1 0.809375 0.8859375 0.0020833333333333333 0.003125
1 0.85625 0.88515625 0.008333333333333333 0.0046875
1 0.840625 0.8828125 0.010416666666666666 0.009375
1 0.9760416666666667 0.87734375 0.0020833333333333333 0.0015625
1 0.9041666666666667 0.89609375 0.020833333333333332 0.0390625
1 0.8927083333333333 0.8875 0.014583333333333334 0.025
1 0.8677083333333333 0.88515625 0.04791666666666667 0.0234375
1 0.828125 0.87421875 0.0020833333333333333 0.0015625
1 0.709375 0.87421875 0.0020833333333333333 0.0015625
1 0.8989583333333333 0.87265625 0.0020833333333333333 0.0015625
1 0.8875 0.8734375 0.004166666666666667 0.003125
1 0.984375 0.87109375 0.0020833333333333333 0.0046875
1 0.875 0.86953125 0.004166666666666667 0.0015625
1 0.8697916666666666 0.86953125 0.0020833333333333333 0.0015625
1 0.9770833333333333 0.87109375 0.008333333333333333 0.0078125
1 0.9010416666666666 0.86875 0.0020833333333333333 0.003125
1 0.8895833333333333 0.86875 0.004166666666666667 0.003125
1 0.8322916666666667 0.86796875 0.0020833333333333333 0.0015625
1 0.8229166666666666 0.8765625 0.025 0.01875
1 0.79375 0.8703125 0.025 0.009375
1 0.978125 0.88515625 0.04375 0.0421875
1 0.88125 0.86640625 0.004166666666666667 0.0046875
1 0.8104166666666667 0.8703125 0.016666666666666666 0.0125
1 0.9489583333333333 0.87109375 0.010416666666666666 0.0171875
1 0.8052083333333333 0.8640625 0.0020833333333333333 0.003125
1 0.875 0.8625 0.004166666666666667 0.003125
1 0.83125 0.8625 0.004166666666666667 0.003125
1 0.978125 0.8609375 0.0020833333333333333 0.003125
1 0.9364583333333333 0.86171875 0.00625 0.0046875
1 0.890625 0.86015625 0.0020833333333333333 0.0015625
1 0.8822916666666667 0.85859375 0.0020833333333333333 0.0015625
1 0.8010416666666667 0.85859375 0.0020833333333333333 0.0015625
1 0.0020833333333333333 0.86015625 0.004166666666666667 0.0046875
1 0.7114583333333333 0.8578125 0.0020833333333333333 0.003125
1 0.9864583333333333 0.86015625 0.00625 0.0109375
1 0.9291666666666667 0.85703125 0.008333333333333333 0.0046875
1 0.8697916666666666 0.85546875 0.0020833333333333333 0.0015625
1 0.005208333333333333 0.85546875 0.0020833333333333333 0.0015625
1 0.96875 0.85703125 0.004166666666666667 0.0078125
1 0.9489583333333333 0.8546875 0.0020833333333333333 0.003125
1 0.8291666666666667 0.85546875 0.008333333333333333 0.0078125
1 0.8166666666666667 0.85546875 0.008333333333333333 0.0078125
1 0.946875 0.85078125 0.0020833333333333333 0.0015625
1 0.9135416666666667 0.8625 0.01875 0.025
1 0.8677083333333333 0.8515625 0.0020833333333333333 0.003125
1 0.8260416666666667 0.8515625 0.0020833333333333333 0.003125
1 0.80625 0.85078125 0.004166666666666667 0.0015625
1 0.73125 0.85390625 0.004166666666666667 0.0078125
1 0.008333333333333333 0.8515625 0.004166666666666667 0.003125
1 0.9947916666666666 0.8546875 0.010416666666666666 0.0125
1 0.8572916666666667 0.84921875 0.0020833333333333333 0.0015625
1 0.9958333333333333 0.84765625 0.004166666666666667 0.0046875
1 0.990625 0.84453125 0.0020833333333333333 0.0015625
1 0.6645833333333333 0.8453125 0.004166666666666667 0.003125
1 0.984375 0.84296875 0.0020833333333333333 0.0015625
1 0.846875 0.8453125 0.0020833333333333333 0.00625
1 0.9677083333333333 0.84140625 0.0020833333333333333 0.0015625
1 0.8354166666666667 0.8453125 0.004166666666666667 0.009375
1 0.9822916666666667 0.83828125 0.0020833333333333333 0.0015625
1 0.9677083333333333 0.83671875 0.0020833333333333333 0.0015625
1 0.9989583333333333 0.82890625 0.0020833333333333333 0.0015625
1 0.9760416666666667 0.82890625 0.0020833333333333333 0.0015625
1 0.9947916666666666 0.828125 0.0020833333333333333 0.003125
1 0.24583333333333332 0.83828125 0.03333333333333333 0.0234375
1 0.19479166666666667 0.82578125 0.0020833333333333333 0.0015625
1 0.1875 0.8265625 0.004166666666666667 0.003125
1 0.9572916666666667 0.82421875 0.0020833333333333333 0.0015625
1 0.953125 0.82421875 0.0020833333333333333 0.0015625
1 0.9322916666666666 0.82421875 0.0020833333333333333 0.0015625
1 0.9552083333333333 0.82109375 0.0020833333333333333 0.0015625
1 0.9510416666666667 0.82109375 0.0020833333333333333 0.0015625
1 0.44583333333333336 0.821875 0.008333333333333333 0.003125
1 0.9614583333333333 0.81953125 0.0020833333333333333 0.0015625
1 0.44895833333333335 0.81953125 0.0020833333333333333 0.0015625
1 0.46041666666666664 0.90546875 0.775 0.1890625
1 0.9833333333333333 0.8078125 0.004166666666666667 0.00625
1 0.9979166666666667 0.8046875 0.004166666666666667 0.009375
1 0.9885416666666667 0.80234375 0.0020833333333333333 0.0046875
1 0.203125 0.8125 0.04791666666666667 0.025
1 0.9614583333333333 0.79921875 0.0020833333333333333 0.0015625
1 0.9604166666666667 0.7953125 0.004166666666666667 0.003125
1 0.9447916666666667 0.7921875 0.0020833333333333333 0.003125
1 0.9135416666666667 0.7921875 0.00625 0.003125
1 0.503125 0.79140625 0.0020833333333333333 0.0015625
1 0.029166666666666667 0.81796875 0.058333333333333334 0.0546875
1 0.06145833333333333 0.78984375 0.0020833333333333333 0.0015625
1 0.44479166666666664 0.7890625 0.0020833333333333333 0.003125
1 0.93125 0.79296875 0.025 0.0140625
1 0.45625 0.790625 0.020833333333333332 0.009375
1 0.9489583333333333 0.78515625 0.00625 0.0078125
1 0.9072916666666667 0.78515625 0.00625 0.0078125
1 0.7677083333333333 0.78203125 0.0020833333333333333 0.0015625
1 0.771875 0.78125 0.0020833333333333333 0.003125
1 0.9625 0.78046875 0.004166666666666667 0.0046875
1 0.7677083333333333 0.77890625 0.0020833333333333333 0.0015625
1 0.7510416666666667 0.77890625 0.0020833333333333333 0.0015625
1 0.06666666666666667 0.784375 0.016666666666666666 0.0125
1 0.9510416666666667 0.77734375 0.0020833333333333333 0.0015625
1 0.9 0.77890625 0.004166666666666667 0.0046875
1 0.778125 0.775 0.00625 0.009375
1 0.9989583333333333 0.76953125 0.0020833333333333333 0.0015625
1 0.3229166666666667 0.7875 0.058333333333333334 0.0375
1 0.665625 0.76796875 0.0020833333333333333 0.0015625
1 0.7770833333333333 0.76484375 0.004166666666666667 0.0015625
1 0.08645833333333333 0.76484375 0.0020833333333333333 0.0015625
1 0.778125 0.76171875 0.0020833333333333333 0.0015625
1 0.7 0.7625 0.008333333333333333 0.00625
1 0.690625 0.7609375 0.00625 0.003125
1 0.06770833333333333 0.76015625 0.0020833333333333333 0.0015625
1 0.9635416666666666 0.75859375 0.00625 0.0109375
1 0.6427083333333333 0.75390625 0.0020833333333333333 0.0015625
1 0.634375 0.75546875 0.00625 0.0046875
1 0.65 0.75390625 0.004166666666666667 0.0046875
1 0.08333333333333333 0.753125 0.004166666666666667 0.003125
1 0.7104166666666667 0.753125 0.004166666666666667 0.00625
1 0.19791666666666666 0.74921875 0.004166666666666667 0.0015625
1 0.03229166666666667 0.74921875 0.0020833333333333333 0.0015625
1 0.021875 0.75234375 0.010416666666666666 0.0078125
1 0.10729166666666666 0.746875 0.00625 0.003125
1 0.73125 0.759375 0.03333333333333333 0.03125
1 0.028125 0.7453125 0.0020833333333333333 0.003125
1 0.628125 0.74296875 0.0020833333333333333 0.0015625
1 0.6552083333333333 0.74609375 0.010416666666666666 0.0109375
1 0.7739583333333333 0.74765625 0.010416666666666666 0.0171875
1 0.08645833333333333 0.74453125 0.03958333333333333 0.0140625
1 0.6760416666666667 0.746875 0.027083333333333334 0.021875
1 0.6239583333333333 0.7421875 0.010416666666666666 0.015625
1 0.790625 0.7375 0.0020833333333333333 0.009375
1 0.790625 0.72890625 0.0020833333333333333 0.0015625
1 0.7864583333333334 0.7296875 0.0020833333333333333 0.003125
1 0.696875 0.72734375 0.0020833333333333333 0.0015625
1 0.5885416666666666 0.72734375 0.0020833333333333333 0.0015625
1 0.728125 0.73515625 0.010416666666666666 0.0203125
1 0.5697916666666667 0.72578125 0.0020833333333333333 0.0015625
1 0.8135416666666667 0.725 0.0020833333333333333 0.003125
1 0.803125 0.72421875 0.00625 0.0046875
1 0.8177083333333334 0.721875 0.0020833333333333333 0.003125
1 0.7739583333333333 0.72109375 0.0020833333333333333 0.0015625
1 0.090625 0.7140625 0.0020833333333333333 0.003125
1 0.5541666666666667 0.71640625 0.0125 0.0109375
1 0.090625 0.71015625 0.0020833333333333333 0.0015625
1 0.6895833333333333 0.71328125 0.020833333333333332 0.0234375
1 0.9625 0.73828125 0.075 0.0765625
1 0.228125 0.6984375 0.00625 0.003125
1 0.196875 0.6984375 0.0020833333333333333 0.003125
1 0.46875 0.6875 0.004166666666666667 0.003125
1 0.278125 0.68671875 0.0020833333333333333 0.0015625
1 0.8104166666666667 0.68515625 0.004166666666666667 0.0046875
1 0.4739583333333333 0.67890625 0.0020833333333333333 0.0015625
1 0.9635416666666666 0.678125 0.00625 0.00625
1 0.8177083333333334 0.6765625 0.010416666666666666 0.00625
1 0.2604166666666667 0.671875 0.004166666666666667 0.00625
1 0.041666666666666664 0.70625 0.041666666666666664 0.08125
1 0.7895833333333333 0.65390625 0.025 0.0078125
1 0.69375 0.64609375 0.0125 0.0078125
1 0.296875 0.63671875 0.0020833333333333333 0.0015625
1 0.80625 0.634375 0.0125 0.00625
1 0.8104166666666667 0.72421875 0.20416666666666666 0.1859375
1 0.5385416666666667 0.628125 0.0020833333333333333 0.003125
1 0.534375 0.628125 0.0020833333333333333 0.003125
1 0.221875 0.62578125 0.0020833333333333333 0.0015625
1 0.7604166666666666 0.62109375 0.020833333333333332 0.0078125
1 0.234375 0.61640625 0.0020833333333333333 0.0015625
1 0.13854166666666667 0.61640625 0.0020833333333333333 0.0015625
1 0.14270833333333333 0.60859375 0.0020833333333333333 0.0015625
1 0.20729166666666668 0.61171875 0.010416666666666666 0.0140625
1 0.10833333333333334 0.60703125 0.004166666666666667 0.0078125
1 0.221875 0.6015625 0.0020833333333333333 0.003125
1 0.09479166666666666 0.58515625 0.0020833333333333333 0.0078125
1 0.8270833333333333 0.57734375 0.0125 0.0046875
1 0.759375 0.57265625 0.0020833333333333333 0.0015625
1 0.09791666666666667 0.571875 0.008333333333333333 0.009375
1 0.096875 0.646875 0.07708333333333334 0.1625
1 0.07395833333333333 0.56328125 0.0020833333333333333 0.0015625
1 0.7791666666666667 0.57734375 0.0625 0.0328125
1 0.665625 0.559375 0.0020833333333333333 0.003125
1 0.22708333333333333 0.5640625 0.0125 0.0125
1 0.7385416666666667 0.55703125 0.0020833333333333333 0.0015625
1 0.046875 0.55625 0.0020833333333333333 0.003125
1 0.7125 0.56484375 0.0875 0.0265625
1 0.09583333333333334 0.55625 0.0125 0.009375
1 0.5395833333333333 0.5515625 0.008333333333333333 0.003125
1 0.20208333333333334 0.55625 0.0125 0.0125
1 0.109375 0.54765625 0.0020833333333333333 0.0015625
1 0.80625 0.55 0.025 0.009375
1 0.55625 0.54765625 0.016666666666666666 0.0046875
1 0.05520833333333333 0.5578125 0.027083333333333334 0.028125
1 0.115625 0.54375 0.0020833333333333333 0.003125
1 0.20416666666666666 0.5421875 0.008333333333333333 0.003125
1 0.21354166666666666 0.54140625 0.00625 0.0046875
1 0.040625 0.54140625 0.00625 0.0046875
1 0.5947916666666667 0.53671875 0.00625 0.0046875
1 0.5739583333333333 0.53515625 0.0020833333333333333 0.0015625
1 0.5697916666666667 0.53515625 0.0020833333333333333 0.0015625
1 0.034375 0.534375 0.0020833333333333333 0.003125
1 0.6302083333333334 0.5578125 0.05625 0.053125
1 0.052083333333333336 0.5328125 0.004166666666666667 0.003125
1 0.8395833333333333 0.534375 0.020833333333333332 0.0125
1 0.5708333333333333 0.52890625 0.008333333333333333 0.0078125
1 0.10729166666666666 0.52578125 0.0020833333333333333 0.0015625
1 0.528125 0.52421875 0.0020833333333333333 0.0015625
1 0.0375 0.52734375 0.008333333333333333 0.0078125
1 0.540625 0.52265625 0.0020833333333333333 0.0015625
1 0.7614583333333333 0.52890625 0.010416666666666666 0.0203125
1 0.03854166666666667 0.51953125 0.0020833333333333333 0.0015625
1 0.121875 0.51796875 0.0020833333333333333 0.0015625
1 0.029166666666666667 0.5203125 0.004166666666666667 0.00625
1 0.011458333333333333 0.51640625 0.0020833333333333333 0.0015625
1 0.028125 0.51484375 0.0020833333333333333 0.0015625
1 0.909375 0.58984375 0.18125 0.1546875
1 0.8041666666666667 0.525 0.058333333333333334 0.025
1 0.70625 0.51953125 0.020833333333333332 0.0140625
1 0.7479166666666667 0.51328125 0.025 0.0265625
1 0.11354166666666667 0.5125 0.014583333333333334 0.025
1 0.8729166666666667 0.5015625 0.0125 0.00625
1 0.7885416666666667 0.5 0.014583333333333334 0.009375
1 0.003125 0.49609375 0.0020833333333333333 0.0015625
1 0.8447916666666667 0.49609375 0.00625 0.0078125
1 0.013541666666666667 0.49296875 0.0020833333333333333 0.0015625
1 0.109375 0.48984375 0.0020833333333333333 0.0046875
1 0.6447916666666667 0.5109375 0.04791666666666667 0.05
1 0.109375 0.484375 0.0020833333333333333 0.003125
1 0.8729166666666667 0.48671875 0.0125 0.0171875
1 0.7697916666666667 0.47734375 0.0020833333333333333 0.0015625
1 0.8729166666666667 0.47265625 0.0125 0.0078125
1 0.55625 0.478125 0.020833333333333332 0.01875
1 0.22708333333333333 0.471875 0.0125 0.00625
1 0.7739583333333333 0.46171875 0.0020833333333333333 0.0015625
1 0.771875 0.46796875 0.022916666666666665 0.0140625
1 0.7364583333333333 0.4609375 0.010416666666666666 0.009375
1 0.140625 0.46796875 0.027083333333333334 0.0234375
1 0.984375 0.475 0.03125 0.04375
1 0.98125 0.4421875 0.004166666666666667 0.003125
1 0.490625 0.44140625 0.0020833333333333333 0.0015625
1 0.052083333333333336 0.44140625 0.008333333333333333 0.0015625
1 0.03854166666666667 0.440625 0.010416666666666666 0.003125
1 0.078125 0.43828125 0.0020833333333333333 0.0015625
1 0.9947916666666666 0.440625 0.010416666666666666 0.009375
1 0.034375 0.43515625 0.00625 0.0046875
1 0.1 0.45078125 0.04583333333333333 0.0453125
1 0.7760416666666666 0.44375 0.04375 0.034375
1 0.9041666666666667 0.42890625 0.0125 0.0109375
1 0.35104166666666664 0.42265625 0.0020833333333333333 0.0015625
1 0.165625 0.42265625 0.0020833333333333333 0.0015625
1 0.05625 0.42578125 0.0375 0.0109375
1 0.909375 0.4421875 0.08125 0.046875
1 0.46458333333333335 0.4203125 0.004166666666666667 0.003125
1 0.06770833333333333 0.4203125 0.010416666666666666 0.003125
1 0.990625 0.4171875 0.0020833333333333333 0.00625
1 0.9697916666666667 0.41875 0.0020833333333333333 0.009375
1 0.15520833333333334 0.41484375 0.0020833333333333333 0.0015625
1 0.05 0.415625 0.004166666666666667 0.003125
1 0.31666666666666665 0.41640625 0.03333333333333333 0.0078125
1 0.990625 0.4109375 0.0020833333333333333 0.003125
1 0.9697916666666667 0.409375 0.0020833333333333333 0.00625
1 0.2635416666666667 0.40703125 0.0020833333333333333 0.0046875
1 0.159375 0.40546875 0.0020833333333333333 0.0015625
1 0.990625 0.403125 0.0020833333333333333 0.003125
1 0.31354166666666666 0.40390625 0.01875 0.0046875
1 0.29270833333333335 0.40234375 0.0020833333333333333 0.0015625
1 0.3 0.40078125 0.008333333333333333 0.0015625
1 0.9666666666666667 0.42421875 0.020833333333333332 0.0515625
1 0.4427083333333333 0.40703125 0.01875 0.0171875
1 0.3489583333333333 0.40234375 0.035416666666666666 0.0078125
1 0.321875 0.39921875 0.014583333333333334 0.0015625
1 0.74375 0.39921875 0.008333333333333333 0.0046875
1 0.734375 0.39765625 0.0020833333333333333 0.0015625
1 0.4197916666666667 0.40078125 0.010416666666666666 0.0078125
1 0.9760416666666667 0.39609375 0.0020833333333333333 0.0015625
1 0.4322916666666667 0.39609375 0.0020833333333333333 0.0015625
1 0.9614583333333333 0.39375 0.00625 0.003125
1 0.7260416666666667 0.39453125 0.010416666666666666 0.0046875
1 0.7114583333333333 0.39375 0.0020833333333333333 0.003125
1 0.9989583333333333 0.3921875 0.0020833333333333333 0.003125
1 0.9739583333333334 0.39140625 0.0020833333333333333 0.0015625
1 0.715625 0.39140625 0.0020833333333333333 0.0015625
1 0.4 0.38828125 0.004166666666666667 0.0015625
1 0.14791666666666667 0.38515625 0.004166666666666667 0.0015625
1 0.403125 0.40859375 0.07291666666666667 0.0515625
1 0.9979166666666667 0.38203125 0.004166666666666667 0.0015625
1 0.153125 0.38125 0.0020833333333333333 0.003125
1 0.14479166666666668 0.38125 0.00625 0.003125
1 0.13854166666666667 0.38046875 0.0020833333333333333 0.0015625
1 0.14270833333333333 0.37890625 0.0020833333333333333 0.0015625
1 0.08541666666666667 0.3796875 0.016666666666666666 0.003125
1 0.07395833333333333 0.3796875 0.0020833333333333333 0.003125
1 0.7708333333333334 0.38125 0.008333333333333333 0.009375
1 0.4625 0.3765625 0.008333333333333333 0.003125
1 0.06875 0.3765625 0.008333333333333333 0.003125
1 0.5760416666666667 0.37421875 0.0020833333333333333 0.0015625
1 0.184375 0.3765625 0.014583333333333334 0.00625
1 0.14375 0.375 0.004166666666666667 0.003125
1 0.121875 0.37109375 0.0020833333333333333 0.0015625
1 0.48020833333333335 0.38359375 0.010416666666666666 0.0296875
1 0.128125 0.3703125 0.00625 0.003125
1 0.146875 0.36875 0.010416666666666666 0.00625
1 0.16666666666666666 0.36953125 0.016666666666666666 0.0109375
1 0.8 0.36484375 0.008333333333333333 0.0046875
1 0.8375 0.36171875 0.016666666666666666 0.0046875
1 0.8177083333333334 0.36328125 0.01875 0.0078125
1 0.12083333333333333 0.359375 0.008333333333333333 0.00625
1 0.20520833333333333 0.353125 0.0020833333333333333 0.003125
1 0.83125 0.35234375 0.016666666666666666 0.0046875
1 0.1125 0.353125 0.0125 0.00625
1 0.21458333333333332 0.3515625 0.008333333333333333 0.00625
1 0.084375 0.34921875 0.0020833333333333333 0.0015625
1 0.2875 0.35859375 0.016666666666666666 0.0234375
1 0.209375 0.34765625 0.0020833333333333333 0.0015625
1 0.20416666666666666 0.34765625 0.004166666666666667 0.0046875
1 0.04895833333333333 0.34765625 0.00625 0.0046875
1 0.10729166666666666 0.34453125 0.0020833333333333333 0.0015625
1 0.23229166666666667 0.33984375 0.0020833333333333333 0.0015625
1 0.065625 0.34140625 0.00625 0.0046875
1 0.24270833333333333 0.33828125 0.0020833333333333333 0.0015625
1 0.765625 0.3625 0.027083333333333334 0.053125
1 0.7885416666666667 0.34375 0.014583333333333334 0.01875
1 0.609375 0.4171875 0.23125 0.171875
1 0.8 0.3265625 0.008333333333333333 0.003125
1 0.215625 0.32265625 0.0020833333333333333 0.0015625
1 0.521875 0.31171875 0.0020833333333333333 0.0015625
1 0.165625 0.31171875 0.0020833333333333333 0.0015625
1 0.16145833333333334 0.31171875 0.0020833333333333333 0.0015625
1 0.4822916666666667 0.33359375 0.10208333333333333 0.0515625
1 0.7739583333333333 0.30703125 0.0020833333333333333 0.0015625
1 0.33645833333333336 0.30546875 0.0020833333333333333 0.0015625
1 0.675 0.30625 0.008333333333333333 0.00625
1 0.9708333333333333 0.2984375 0.004166666666666667 0.003125
1 0.803125 0.29765625 0.0020833333333333333 0.0015625
1 0.165625 0.30234375 0.014583333333333334 0.0140625
1 0.16458333333333333 0.2921875 0.004166666666666667 0.003125
1 0.9010416666666666 0.2828125 0.014583333333333334 0.0125
1 0.8364583333333333 0.25859375 0.0020833333333333333 0.0015625
1 0.915625 0.26328125 0.022916666666666665 0.0140625
1 0.840625 0.2578125 0.0020833333333333333 0.003125
1 0.8322916666666667 0.25546875 0.0020833333333333333 0.0015625
1 0.828125 0.25390625 0.0020833333333333333 0.0046875
1 0.8270833333333333 0.24921875 0.004166666666666667 0.0015625
1 0.14479166666666668 0.24140625 0.010416666666666666 0.0015625
1 0.15833333333333333 0.240625 0.0125 0.003125
1 0.2520833333333333 0.2421875 0.008333333333333333 0.009375
1 0.0010416666666666667 0.24296875 0.0020833333333333333 0.0109375
1 0.9447916666666667 0.2359375 0.0020833333333333333 0.003125
1 0.11145833333333334 0.2484375 0.04791666666666667 0.028125
1 0.103125 0.23515625 0.00625 0.0078125
1 0.15104166666666666 0.2296875 0.03125 0.003125
1 0.121875 0.2265625 0.00625 0.003125
1 0.009375 0.22890625 0.01875 0.0109375
1 0.103125 0.22265625 0.0020833333333333333 0.0015625
1 0.017708333333333333 0.22578125 0.014583333333333334 0.0078125
1 0.9916666666666667 0.221875 0.016666666666666666 0.00625
1 0.14791666666666667 0.221875 0.0125 0.00625
1 0.20520833333333333 0.21796875 0.00625 0.0015625
1 0.07395833333333333 0.21484375 0.0020833333333333333 0.0015625
1 0.03958333333333333 0.20625 0.004166666666666667 0.003125
1 0.94375 0.21484375 0.0125 0.0265625
1 0.284375 0.20234375 0.0020833333333333333 0.0015625
1 0.036458333333333336 0.20234375 0.0020833333333333333 0.0015625
1 0.015625 0.20078125 0.0020833333333333333 0.0015625
1 0.234375 0.19921875 0.0020833333333333333 0.0015625
1 0.20833333333333334 0.2046875 0.016666666666666666 0.0125
1 0.22604166666666667 0.19765625 0.0020833333333333333 0.0015625
1 0.034375 0.1984375 0.0020833333333333333 0.003125
1 0.016666666666666666 0.2109375 0.03333333333333333 0.028125
1 0.209375 0.19609375 0.0020833333333333333 0.0015625
1 0.19479166666666667 0.19609375 0.0020833333333333333 0.0015625
1 0.21770833333333334 0.19609375 0.010416666666666666 0.0078125
1 0.22604166666666667 0.18984375 0.0020833333333333333 0.0015625
1 0.19895833333333332 0.19296875 0.0020833333333333333 0.0078125
1 0.03229166666666667 0.1921875 0.00625 0.00625
1 0.004166666666666667 0.18984375 0.008333333333333333 0.0046875
1 0.209375 0.18515625 0.0020833333333333333 0.0015625
1 0.134375 0.17578125 0.0020833333333333333 0.0015625
1 0.12395833333333334 0.17578125 0.0020833333333333333 0.0015625
1 0.140625 0.17421875 0.00625 0.0015625
1 0.9197916666666667 0.18359375 0.03125 0.0671875
1 0.08229166666666667 0.15078125 0.0020833333333333333 0.0015625
1 0.8364583333333333 0.14375 0.010416666666666666 0.0125
1 0.32395833333333335 0.13828125 0.0020833333333333333 0.0015625
1 0.9802083333333333 0.134375 0.01875 0.021875
1 0.478125 0.12421875 0.0020833333333333333 0.0015625
1 0.503125 0.1234375 0.0020833333333333333 0.003125
1 0.99375 0.12109375 0.0125 0.0171875
1 0.22083333333333333 0.1140625 0.008333333333333333 0.00625
1 0.20729166666666668 0.10390625 0.0020833333333333333 0.0015625
1 0.203125 0.10234375 0.0020833333333333333 0.0015625
1 0.8833333333333333 0.103125 0.0125 0.00625
1 0.5697916666666667 0.1015625 0.00625 0.003125
1 0.2791666666666667 0.10390625 0.0125 0.0078125
1 0.8447916666666667 0.103125 0.01875 0.009375
1 0.7208333333333333 0.1 0.004166666666666667 0.003125
1 0.7520833333333333 0.121875 0.05416666666666667 0.05625
1 0.58125 0.096875 0.0125 0.00625
1 0.41041666666666665 0.09453125 0.004166666666666667 0.0046875
1 0.40520833333333334 0.09296875 0.0020833333333333333 0.0015625
1 0.33645833333333336 0.09609375 0.00625 0.0078125
1 0.37604166666666666 0.08828125 0.0020833333333333333 0.0015625
1 0.37395833333333334 0.08515625 0.0020833333333333333 0.0015625
1 0.796875 0.0765625 0.00625 0.003125
1 0.603125 0.084375 0.010416666666666666 0.01875
1 0.36354166666666665 0.07890625 0.00625 0.0078125
1 0.34479166666666666 0.0796875 0.014583333333333334 0.0125
1 0.271875 0.0765625 0.00625 0.00625
1 0.3572916666666667 0.07265625 0.0020833333333333333 0.0015625
1 0.9072916666666667 0.10546875 0.14791666666666667 0.0859375
1 0.8708333333333333 0.06484375 0.008333333333333333 0.0046875
1 0.859375 0.07421875 0.022916666666666665 0.0234375
1 0.9895833333333334 0.0828125 0.020833333333333332 0.046875
1 0.7354166666666667 0.06953125 0.03333333333333333 0.0203125
1 0.565625 0.05859375 0.0020833333333333333 0.0015625
1 0.590625 0.05546875 0.0020833333333333333 0.0015625
1 0.5708333333333333 0.05625 0.008333333333333333 0.003125
1 0.4166666666666667 0.0625 0.03333333333333333 0.028125
1 0.9052083333333333 0.05078125 0.022916666666666665 0.0078125
1 0.7770833333333333 0.0546875 0.0125 0.015625
1 0.215625 0.04453125 0.00625 0.0015625
1 0.20833333333333334 0.04296875 0.004166666666666667 0.0015625
1 0.184375 0.04296875 0.0020833333333333333 0.0015625
1 0.18020833333333333 0.04296875 0.0020833333333333333 0.0015625
1 0.19270833333333334 0.040625 0.00625 0.003125
1 0.18229166666666666 0.03984375 0.0020833333333333333 0.0015625
1 0.6989583333333333 0.0515625 0.03125 0.028125
1 0.275 0.0640625 0.1125 0.053125
1 0.4354166666666667 0.03671875 0.0125 0.0109375
1 0.190625 0.03046875 0.0020833333333333333 0.0015625
1 0.2552083333333333 0.0296875 0.0020833333333333333 0.003125
1 0.25729166666666664 0.02578125 0.0020833333333333333 0.0015625
1 0.190625 0.0265625 0.00625 0.003125
1 0.34270833333333334 0.02421875 0.0020833333333333333 0.0015625
1 0.26145833333333335 0.02421875 0.0020833333333333333 0.0015625
1 0.6458333333333334 0.02109375 0.008333333333333333 0.0046875
1 0.25104166666666666 0.021875 0.0020833333333333333 0.00625
1 0.6322916666666667 0.0171875 0.0020833333333333333 0.003125
1 0.265625 0.01640625 0.0020833333333333333 0.0015625
1 0.190625 0.01640625 0.0020833333333333333 0.0015625
1 0.9833333333333333 0.01953125 0.03333333333333333 0.0109375
1 0.3614583333333333 0.01171875 0.0020833333333333333 0.0015625
1 0.20104166666666667 0.015625 0.010416666666666666 0.009375
1 0.859375 0.015625 0.014583333333333334 0.0125
1 0.27395833333333336 0.00703125 0.0020833333333333333 0.0015625
1 0.20520833333333333 0.00703125 0.0020833333333333333 0.0015625
1 0.47291666666666665 0.00703125 0.004166666666666667 0.0078125
1 0.99375 0.00078125 0.0125 0.0015625
1 0.9708333333333333 0.00234375 0.025 0.0046875
1 0.9364583333333333 0.00078125 0.0020833333333333333 0.0015625
1 0.9270833333333334 0.02265625 0.03333333333333333 0.0453125
1 0.878125 0.00625 0.014583333333333334 0.0125
1 0.8020833333333334 0.03515625 0.07916666666666666 0.0703125
1 0.678125 0.0078125 0.04375 0.015625
1 0.5958333333333333 0.028125 0.05 0.05625
1 0.509375 0.0375 0.11458333333333333 0.075
1 0.4739583333333333 0.00078125 0.0020833333333333333 0.0015625
1 0.37916666666666665 0.03671875 0.15416666666666667 0.0734375
1 0.36770833333333336 0.0078125 0.010416666666666666 0.015625
1 0.33125 0.015625 0.0375 0.03125
1 0.18333333333333332 0.0015625 0.004166666666666667 0.003125
1 0.5 0.3953125 1.0 0.790625
1 0.00625 0.003125 0.0125 0.00625
2 0.6510416666666666 0.99765625 0.0020833333333333333 0.0015625
2 0.15416666666666667 0.99140625 0.016666666666666666 0.0171875
2 0.11979166666666667 0.98515625 0.01875 0.0140625
2 0.18541666666666667 0.9875 0.041666666666666664 0.025
2 0.6645833333333333 0.9734375 0.020833333333333332 0.015625
2 0.13333333333333333 0.97265625 0.029166666666666667 0.0171875
2 0.15104166666666666 0.96328125 0.01875 0.0109375
2 0.6822916666666666 0.9546875 0.014583333333333334 0.009375
2 0.1125 0.94765625 0.029166666666666667 0.0109375
2 0.75 0.94375 0.03333333333333333 0.0125
2 0.8322916666666667 0.9265625 0.00625 0.003125
2 0.7541666666666667 0.9265625 0.008333333333333333 0.003125
2 0.23125 0.9234375 0.004166666666666667 0.003125
2 0.22708333333333333 0.9203125 0.004166666666666667 0.003125
2 0.3885416666666667 0.89765625 0.0020833333333333333 0.0015625
2 0.6697916666666667 0.8984375 0.03125 0.040625
2 0.540625 0.87265625 0.0020833333333333333 0.0015625
2 0.3770833333333333 0.878125 0.0125 0.015625
2 0.5052083333333334 0.86796875 0.0020833333333333333 0.0015625
2 0.5229166666666667 0.87109375 0.025 0.0203125
2 0.403125 0.86015625 0.0020833333333333333 0.0015625
2 0.8427083333333333 0.928125 0.3145833333333333 0.14375
2 0.921875 0.85546875 0.0020833333333333333 0.0015625
2 0.20520833333333333 0.8515625 0.010416666666666666 0.003125
2 0.20104166666666667 0.86015625 0.04791666666666667 0.0203125
2 0.3802083333333333 0.8484375 0.010416666666666666 0.003125
2 0.34479166666666666 0.85625 0.04375 0.025
2 0.5364583333333334 0.8484375 0.01875 0.01875
2 0.3854166666666667 0.83828125 0.008333333333333333 0.0046875
2 0.5072916666666667 0.84375 0.03125 0.025
2 0.43125 0.915625 0.4583333333333333 0.16875
2 0.68125 0.8515625 0.0625 0.04375
2 0.34791666666666665 0.83515625 0.016666666666666666 0.0140625
2 0.23020833333333332 0.82890625 0.0020833333333333333 0.0015625
2 0.0125 0.83984375 0.025 0.0421875
2 0.325 0.82890625 0.029166666666666667 0.0265625
2 0.029166666666666667 0.81484375 0.008333333333333333 0.0109375
2 0.21458333333333332 0.83125 0.05416666666666667 0.053125
2 0.8833333333333333 0.8046875 0.008333333333333333 0.00625
2 0.34270833333333334 0.8 0.010416666666666666 0.00625
2 0.8947916666666667 0.7953125 0.00625 0.009375
2 0.32916666666666666 0.7875 0.008333333333333333 0.0125
2 0.7677083333333333 0.77890625 0.0020833333333333333 0.0015625
2 0.0625 0.7828125 0.008333333333333333 0.009375
2 0.33229166666666665 0.778125 0.00625 0.003125
2 0.7458333333333333 0.77421875 0.004166666666666667 0.0015625
2 0.31979166666666664 0.77421875 0.00625 0.0015625
2 0.30625 0.77578125 0.016666666666666666 0.0078125
2 0.7760416666666666 0.77265625 0.0020833333333333333 0.0046875
2 0.06979166666666667 0.76640625 0.0020833333333333333 0.0015625
2 0.08541666666666667 0.76484375 0.004166666666666667 0.0015625
2 0.734375 0.76484375 0.00625 0.0046875
2 0.703125 0.76328125 0.0020833333333333333 0.0015625
2 0.7322916666666667 0.76015625 0.0020833333333333333 0.0015625
2 0.696875 0.76015625 0.0020833333333333333 0.0015625
2 0.7270833333333333 0.7578125 0.004166666666666667 0.00625
2 0.07916666666666666 0.7609375 0.016666666666666666 0.01875
2 0.7760416666666666 0.75234375 0.0020833333333333333 0.0046875
2 0.15208333333333332 0.7578125 0.07083333333333333 0.021875
2 0.090625 0.7453125 0.014583333333333334 0.009375
2 0.036458333333333336 0.73828125 0.0020833333333333333 0.0015625
2 0.171875 0.7359375 0.014583333333333334 0.003125
2 0.6197916666666666 0.73359375 0.0020833333333333333 0.0015625
2 0.2635416666666667 0.72890625 0.0020833333333333333 0.0015625
2 0.5729166666666666 0.72265625 0.004166666666666667 0.0015625
2 0.565625 0.71484375 0.0020833333333333333 0.0015625
2 0.2635416666666667 0.71640625 0.00625 0.0046875
2 0.28854166666666664 0.715625 0.027083333333333334 0.00625
2 0.5635416666666667 0.71171875 0.0020833333333333333 0.0015625
2 0.28125 0.7078125 0.0125 0.00625
2 0.221875 0.72421875 0.06458333333333334 0.0453125
2 0.04479166666666667 0.703125 0.0020833333333333333 0.003125
2 0.036458333333333336 0.69609375 0.0020833333333333333 0.0046875
2 0.28958333333333336 0.696875 0.008333333333333333 0.009375
2 0.20520833333333333 0.68984375 0.010416666666666666 0.0046875
2 0.5291666666666667 0.69609375 0.029166666666666667 0.0203125
2 0.19583333333333333 0.68359375 0.008333333333333333 0.0046875
2 0.171875 0.6765625 0.010416666666666666 0.003125
2 0.03125 0.678125 0.004166666666666667 0.00625
2 0.496875 0.675 0.014583333333333334 0.00625
2 0.084375 0.678125 0.014583333333333334 0.053125
2 0.06354166666666666 0.64765625 0.0020833333333333333 0.0015625
2 0.23854166666666668 0.66171875 0.01875 0.0328125
2 0.48020833333333335 0.65234375 0.027083333333333334 0.0265625
2 0.3302083333333333 0.67109375 0.06875 0.0640625
2 0.23645833333333333 0.63984375 0.0020833333333333333 0.0015625
2 0.26979166666666665 0.63828125 0.0020833333333333333 0.0015625
2 0.35104166666666664 0.63515625 0.0020833333333333333 0.0015625
2 0.334375 0.63515625 0.0020833333333333333 0.0015625
2 0.33645833333333336 0.63203125 0.0020833333333333333 0.0015625
2 0.28541666666666665 0.62734375 0.020833333333333332 0.0046875
2 0.09375 0.63359375 0.04583333333333333 0.0234375
2 0.2625 0.6234375 0.020833333333333332 0.015625
2 0.12395833333333334 0.61484375 0.0020833333333333333 0.0015625
2 0.253125 0.615625 0.00625 0.00625
2 0.228125 0.621875 0.010416666666666666 0.028125
2 0.28854166666666664 0.60234375 0.0020833333333333333 0.0015625
2 0.06875 0.603125 0.004166666666666667 0.003125
2 0.315625 0.59296875 0.0020833333333333333 0.0015625
2 0.09479166666666666 0.58515625 0.0020833333333333333 0.0078125
2 0.9989583333333333 0.57734375 0.0020833333333333333 0.0078125
2 0.096875 0.571875 0.00625 0.009375
2 0.22916666666666666 0.56484375 0.008333333333333333 0.0078125
2 0.09583333333333334 0.5609375 0.008333333333333333 0.00625
2 0.28541666666666665 0.5890625 0.11666666666666667 0.075
2 0.07395833333333333 0.58125 0.06458333333333334 0.075
2 0.25104166666666666 0.52265625 0.010416666666666666 0.0046875
2 0.035416666666666666 0.53046875 0.016666666666666666 0.0265625
2 0.028125 0.51484375 0.0020833333333333333 0.0015625
2 0.25833333333333336 0.509375 0.016666666666666666 0.009375
2 0.115625 0.509375 0.010416666666666666 0.01875
2 0.003125 0.49609375 0.0020833333333333333 0.0015625
2 0.25416666666666665 0.496875 0.008333333333333333 0.00625
2 0.11145833333333334 0.4875 0.00625 0.009375
2 0.30520833333333336 0.47578125 0.0020833333333333333 0.0015625
2 0.2989583333333333 0.46796875 0.0020833333333333333 0.0015625
2 0.115625 0.46953125 0.010416666666666666 0.0359375
2 0.9822916666666667 0.4421875 0.00625 0.003125
2 0.090625 0.44453125 0.027083333333333334 0.0078125
2 0.053125 0.44140625 0.00625 0.0015625
2 0.9927083333333333 0.44921875 0.014583333333333334 0.0203125
2 0.24895833333333334 0.434375 0.010416666666666666 0.00625
2 0.09479166666666666 0.434375 0.010416666666666666 0.00625
2 0.8947916666666667 0.42890625 0.0020833333333333333 0.0015625
2 0.8927083333333333 0.42578125 0.0020833333333333333 0.0015625
2 0.18541666666666667 0.43125 0.008333333333333333 0.0125
2 0.05625 0.42421875 0.020833333333333332 0.0046875
2 0.5854166666666667 0.42265625 0.008333333333333333 0.0046875
2 0.23333333333333334 0.42421875 0.016666666666666666 0.0078125
2 0.24375 0.4171875 0.004166666666666667 0.003125
2 0.215625 0.41640625 0.010416666666666666 0.0046875
2 0.6875 0.4140625 0.004166666666666667 0.003125
2 0.5697916666666667 0.4140625 0.0020833333333333333 0.003125
2 0.7510416666666667 0.40234375 0.0020833333333333333 0.0015625
2 0.178125 0.40859375 0.014583333333333334 0.0171875
2 0.22604166666666667 0.4046875 0.027083333333333334 0.015625
2 0.7302083333333333 0.39609375 0.0020833333333333333 0.0015625
2 0.7260416666666667 0.39453125 0.0020833333333333333 0.0015625
2 0.9625 0.39375 0.004166666666666667 0.003125
2 0.6229166666666667 0.3984375 0.008333333333333333 0.0125
2 0.603125 0.39140625 0.0020833333333333333 0.0015625
2 0.22083333333333333 0.39296875 0.008333333333333333 0.0046875
2 0.6635416666666667 0.390625 0.0020833333333333333 0.003125
2 0.834375 0.38671875 0.0020833333333333333 0.0015625
2 0.3770833333333333 0.4 0.09166666666666666 0.028125
2 0.2 0.39140625 0.03333333333333333 0.0140625
2 0.16979166666666667 0.3953125 0.027083333333333334 0.025
2 0.6364583333333333 0.38515625 0.010416666666666666 0.0078125
2 0.196875 0.38203125 0.0020833333333333333 0.0015625
2 0.834375 0.38046875 0.0020833333333333333 0.0015625
2 0.153125 0.38125 0.0020833333333333333 0.003125
2 0.146875 0.38046875 0.0020833333333333333 0.0015625
2 0.09166666666666666 0.37890625 0.025 0.0015625
2 0.18541666666666667 0.378125 0.008333333333333333 0.003125
2 0.13125 0.37890625 0.025 0.0046875
2 0.115625 0.37734375 0.0020833333333333333 0.0015625
2 0.07083333333333333 0.3765625 0.004166666666666667 0.003125
2 0.11770833333333333 0.37265625 0.0020833333333333333 0.0015625
2 0.21458333333333332 0.37265625 0.004166666666666667 0.0046875
2 0.16770833333333332 0.37265625 0.010416666666666666 0.0046875
2 0.121875 0.37109375 0.0020833333333333333 0.0015625
2 0.13958333333333334 0.37265625 0.0125 0.0078125
2 0.128125 0.3703125 0.00625 0.003125
2 0.840625 0.3734375 0.010416666666666666 0.021875
2 0.26145833333333335 0.39140625 0.022916666666666665 0.0671875
2 0.12083333333333333 0.35859375 0.008333333333333333 0.0046875
2 0.1125 0.3546875 0.0125 0.00625
2 0.23541666666666666 0.35234375 0.004166666666666667 0.0046875
2 0.7739583333333333 0.34765625 0.0020833333333333333 0.0015625
2 0.051041666666666666 0.34765625 0.0020833333333333333 0.0015625
2 0.7760416666666666 0.34296875 0.0020833333333333333 0.0015625
2 0.46041666666666664 0.3484375 0.05 0.0125
2 0.06770833333333333 0.34140625 0.010416666666666666 0.0046875
2 0.7885416666666667 0.34140625 0.00625 0.0078125
2 0.578125 0.36015625 0.09375 0.0515625
2 0.23333333333333334 0.3125 0.06666666666666667 0.0125
2 0.32916666666666666 0.29765625 0.004166666666666667 0.0015625
2 0.2635416666666667 0.27734375 0.0020833333333333333 0.0015625
2 0.9447916666666667 0.27421875 0.0020833333333333333 0.0015625
2 0.221875 0.26171875 0.0020833333333333333 0.0015625
2 0.37395833333333334 0.28671875 0.06458333333333334 0.0546875
2 0.9885416666666667 0.25390625 0.0020833333333333333 0.0015625
2 0.996875 0.25234375 0.0020833333333333333 0.0015625
2 0.9885416666666667 0.24765625 0.0020833333333333333 0.0015625
2 0.9822916666666667 0.24453125 0.0020833333333333333 0.0015625
2 0.0010416666666666667 0.24296875 0.0020833333333333333 0.0109375
2 0.98125 0.2078125 0.004166666666666667 0.003125
2 0.036458333333333336 0.20234375 0.0020833333333333333 0.0015625
2 0.20520833333333333 0.19921875 0.0020833333333333333 0.0015625
2 0.016666666666666666 0.21640625 0.03333333333333333 0.0359375
2 0.22604166666666667 0.19765625 0.0020833333333333333 0.0015625
2 0.209375 0.19609375 0.0020833333333333333 0.0015625
2 0.21770833333333334 0.19609375 0.010416666666666666 0.0078125
2 0.22604166666666667 0.18984375 0.0020833333333333333 0.0015625
2 0.034375 0.190625 0.0020833333333333333 0.003125
2 0.004166666666666667 0.18984375 0.008333333333333333 0.0046875
2 0.209375 0.18515625 0.0020833333333333333 0.0015625
2 0.953125 0.17890625 0.0020833333333333333 0.0046875
2 0.9552083333333333 0.1640625 0.0020833333333333333 0.003125
2 0.5916666666666667 0.0765625 0.004166666666666667 0.00625
2 0.6177083333333333 0.07109375 0.0020833333333333333 0.0015625
2 0.5427083333333333 0.07109375 0.0020833333333333333 0.0015625
2 0.5354166666666667 0.07109375 0.004166666666666667 0.0046875
2 0.5854166666666667 0.06953125 0.004166666666666667 0.0046875
2 0.2677083333333333 0.06640625 0.0020833333333333333 0.0015625
2 0.165625 0.06015625 0.0020833333333333333 0.0015625
2 0.265625 0.06015625 0.0020833333333333333 0.0046875
2 0.565625 0.06015625 0.014583333333333334 0.0078125
2 0.009375 0.053125 0.0020833333333333333 0.003125
2 0.16145833333333334 0.0515625 0.0020833333333333333 0.003125
2 0.525 0.05 0.004166666666666667 0.003125
2 0.6010416666666667 0.04765625 0.0020833333333333333 0.0046875
2 0.603125 0.04296875 0.0020833333333333333 0.0015625
2 0.18020833333333333 0.04296875 0.0020833333333333333 0.0015625
2 0.6677083333333333 0.03984375 0.0020833333333333333 0.0015625
2 0.6177083333333333 0.04453125 0.00625 0.0109375
2 0.190625 0.03984375 0.0020833333333333333 0.0015625
2 0.6583333333333333 0.0328125 0.004166666666666667 0.003125
2 0.6510416666666666 0.028125 0.0020833333333333333 0.003125
2 0.640625 0.02734375 0.0020833333333333333 0.0015625
2 0.6260416666666667 0.03125 0.027083333333333334 0.0125
2 0.25833333333333336 0.028125 0.008333333333333333 0.009375
2 0.6322916666666667 0.0171875 0.0020833333333333333 0.003125
2 0.634375 0.01328125 0.0020833333333333333 0.0015625
2 0.21145833333333333 0.009375 0.00625 0.003125
2 0.20520833333333333 0.00703125 0.0020833333333333333 0.0015625
2 0.628125 0.00390625 0.0020833333333333333 0.0015625
2 0.6322916666666667 0.0078125 0.00625 0.0125
2 0.6114583333333333 0.00234375 0.0020833333333333333 0.0015625
2 0.2864583333333333 0.00234375 0.0020833333333333333 0.0015625
2 0.6041666666666666 0.0140625 0.05 0.028125
2 0.4822916666666667 0.00078125 0.0020833333333333333 0.0015625
2 0.221875 0.0234375 0.06041666666666667 0.046875
2 0.18333333333333332 0.0015625 0.004166666666666667 0.003125
2 0.5 0.4 1.0 0.8
