0 0.10833333333333334 0.6625 0.004166666666666667 0.003125
0 0.09479166666666666 0.6625 0.0020833333333333333 0.003125
0 0.0375 0.66171875 0.008333333333333333 0.0046875
0 0.10520833333333333 0.65859375 0.0020833333333333333 0.0015625
0 0.10104166666666667 0.65859375 0.0020833333333333333 0.0015625
0 0.08958333333333333 0.6578125 0.0125 0.003125
0 0.08125 0.65859375 0.004166666666666667 0.0078125
0 0.10833333333333334 0.65546875 0.004166666666666667 0.0046875
0 0.029166666666666667 0.65390625 0.016666666666666666 0.0109375
0 0.03854166666666667 0.63984375 0.0020833333333333333 0.0015625
0 0.011458333333333333 0.63828125 0.0020833333333333333 0.0015625
0 0.04895833333333333 0.63671875 0.014583333333333334 0.0046875
0 0.020833333333333332 0.63828125 0.008333333333333333 0.0078125
0 0.125 0.63671875 0.016666666666666666 0.0109375
0 0.0375 0.63359375 0.008333333333333333 0.0046875
0 0.028125 0.63203125 0.0020833333333333333 0.0015625
0 0.10625 0.628125 0.004166666666666667 0.003125
0 0.026041666666666668 0.62734375 0.0020833333333333333 0.0015625
0 0.023958333333333335 0.62265625 0.0020833333333333333 0.0015625
0 0.019791666666666666 0.62265625 0.0020833333333333333 0.0015625
0 0.034375 0.60546875 0.00625 0.0046875
0 0.01875 0.6109375 0.0375 0.01875
0 0.00625 0.5984375 0.004166666666666667 0.003125
0 0.04375 0.61796875 0.0625 0.0453125
0 0.16354166666666667 0.4875 0.0020833333333333333 0.003125
0 0.065625 0.44453125 0.027083333333333334 0.0203125
0 0.9979166666666667 0.41328125 0.004166666666666667 0.0015625
0 0.9802083333333333 0.41328125 0.027083333333333334 0.0078125
0 0.953125 0.41171875 0.010416666666666666 0.0046875
0 0.9291666666666667 0.40234375 0.004166666666666667 0.0015625
0 0.871875 0.40078125 0.00625 0.0015625
0 0.8635416666666667 0.3984375 0.00625 0.003125
0 0.19479166666666667 0.37734375 0.00625 0.0046875
0 0.14583333333333334 0.3828125 0.0625 0.05
0 0.20208333333333334 0.33671875 0.004166666666666667 0.0015625
0 0.18229166666666666 0.33828125 0.027083333333333334 0.0171875
0 0.9572916666666667 0.32578125 0.0020833333333333333 0.0015625
0 0.8666666666666667 0.32890625 0.004166666666666667 0.0078125
0 0.9010416666666666 0.31640625 0.0020833333333333333 0.0015625
0 0.896875 0.30546875 0.0020833333333333333 0.0015625
0 0.9197916666666667 0.29296875 0.0020833333333333333 0.0015625
0 0.8927083333333333 0.29375 0.0020833333333333333 0.003125
0 0.88125 0.29140625 0.004166666666666667 0.0046875
0 0.8572916666666667 0.290625 0.00625 0.00625
0 0.9114583333333334 0.28359375 0.0020833333333333333 0.0015625
0 0.8572916666666667 0.28359375 0.0020833333333333333 0.0015625
0 0.0625 0.284375 0.008333333333333333 0.003125
0 0.31354166666666666 0.284375 0.010416666666666666 0.0125
0 0.8645833333333334 0.2765625 0.004166666666666667 0.003125
0 0.8385416666666666 0.27578125 0.0020833333333333333 0.0015625
0 0.8739583333333333 0.2796875 0.014583333333333334 0.0125
0 0.9427083333333334 0.27109375 0.0020833333333333333 0.0015625
0 0.9239583333333333 0.27109375 0.0020833333333333333 0.0015625
0 0.903125 0.26796875 0.0020833333333333333 0.0015625
0 0.12395833333333334 0.2859375 0.08541666666666667 0.046875
0 0.9302083333333333 0.26015625 0.0020833333333333333 0.0015625
0 0.359375 0.25859375 0.0020833333333333333 0.0015625
0 0.0625 0.25625 0.008333333333333333 0.00625
0 0.353125 0.24765625 0.0020833333333333333 0.0015625
0 0.39895833333333336 0.246875 0.00625 0.00625
0 0.3614583333333333 0.24453125 0.0020833333333333333 0.0015625
0 0.084375 0.25859375 0.03125 0.0296875
0 0.9927083333333333 0.25390625 0.014583333333333334 0.0234375
0 0.8447916666666667 0.23828125 0.0020833333333333333 0.0015625
0 0.31354166666666666 0.23671875 0.0020833333333333333 0.0015625
0 0.31145833333333334 0.2421875 0.022916666666666665 0.015625
0 0.30520833333333336 0.23359375 0.0020833333333333333 0.0015625
0 0.8947916666666667 0.23203125 0.0020833333333333333 0.0015625
0 0.309375 0.23046875 0.0020833333333333333 0.0046875
0 0.9802083333333333 0.2265625 0.010416666666666666 0.003125
0 0.9666666666666667 0.22578125 0.008333333333333333 0.0046875
0 0.959375 0.22421875 0.0020833333333333333 0.0015625
0 0.903125 0.2234375 0.0020833333333333333 0.003125
0 0.959375 0.21953125 0.0020833333333333333 0.0015625
0 0.34270833333333334 0.215625 0.0020833333333333333 0.003125
0 0.34791666666666665 0.21328125 0.004166666666666667 0.0015625
0 0.875 0.2125 0.004166666666666667 0.00625
0 0.346875 0.20859375 0.0020833333333333333 0.0015625
0 0.33125 0.21015625 0.008333333333333333 0.0078125
0 0.16145833333333334 0.209375 0.00625 0.00625
0 0.23020833333333332 0.20546875 0.0020833333333333333 0.0015625
0 0.346875 0.20390625 0.0020833333333333333 0.0015625
0 0.6072916666666667 0.20234375 0.0020833333333333333 0.0015625
0 0.465625 0.20234375 0.0020833333333333333 0.0015625
0 0.99375 0.21171875 0.0125 0.0265625
0 0.9322916666666666 0.2 0.0020833333333333333 0.003125
0 0.6135416666666667 0.19921875 0.0020833333333333333 0.0015625
0 0.609375 0.19921875 0.0020833333333333333 0.0015625
0 0.34375 0.20078125 0.004166666666666667 0.0046875
0 0.6177083333333333 0.19765625 0.0020833333333333333 0.0015625
0 0.953125 0.20546875 0.027083333333333334 0.0203125
0 0.42083333333333334 0.2171875 0.09583333333333334 0.065625
0 0.27291666666666664 0.196875 0.058333333333333334 0.025
0 0.296875 0.18359375 0.0020833333333333333 0.0015625
0 0.30104166666666665 0.18125 0.0020833333333333333 0.003125
0 0.5697916666666667 0.1921875 0.06875 0.028125
0 0.9854166666666667 0.17734375 0.029166666666666667 0.0171875
0 0.3802083333333333 0.16953125 0.0020833333333333333 0.0015625
0 0.340625 0.1671875 0.014583333333333334 0.00625
0 0.965625 0.16328125 0.00625 0.0046875
0 0.9802083333333333 0.15859375 0.0020833333333333333 0.0015625
0 0.3260416666666667 0.15703125 0.0020833333333333333 0.0015625
0 0.3125 0.15859375 0.004166666666666667 0.0046875
0 0.12916666666666668 0.18125 0.058333333333333334 0.05
0 0.31875 0.15625 0.008333333333333333 0.00625
0 0.496875 0.15234375 0.0020833333333333333 0.0015625
0 0.328125 0.15234375 0.0020833333333333333 0.0015625
0 0.32395833333333335 0.153125 0.0020833333333333333 0.003125
0 0.953125 0.1515625 0.00625 0.003125
0 0.3458333333333333 0.15234375 0.008333333333333333 0.0046875
0 0.31354166666666666 0.15078125 0.0020833333333333333 0.0015625
0 0.49270833333333336 0.14765625 0.00625 0.0046875
0 0.9958333333333333 0.1515625 0.008333333333333333 0.015625
0 0.6989583333333333 0.14765625 0.03958333333333333 0.0140625
0 0.9416666666666667 0.13046875 0.004166666666666667 0.0015625
0 0.6614583333333334 0.13046875 0.0020833333333333333 0.0015625
0 0.5135416666666667 0.1375 0.03958333333333333 0.025
0 0.6302083333333334 0.1203125 0.0020833333333333333 0.003125
0 0.6322916666666667 0.1359375 0.052083333333333336 0.034375
0 0.609375 0.11796875 0.0020833333333333333 0.0015625
0 0.5697916666666667 0.1109375 0.00625 0.003125
0 0.9447916666666667 0.115625 0.03958333333333333 0.028125
0 0.98125 0.1296875 0.0375 0.0625
0 0.9697916666666667 0.1015625 0.00625 0.009375
0 0.9427083333333334 0.09609375 0.0020833333333333333 0.0015625
0 0.10208333333333333 0.09765625 0.004166666666666667 0.0046875
0 0.9979166666666667 0.0953125 0.004166666666666667 0.003125
0 0.06354166666666666 0.09609375 0.00625 0.0078125
0 0.34270833333333334 0.0890625 0.010416666666666666 0.00625
0 0.38229166666666664 0.09375 0.03125 0.01875
0 0.9427083333333334 0.07890625 0.0020833333333333333 0.0015625
0 0.25104166666666666 0.07421875 0.0020833333333333333 0.0015625
0 0.1875 0.0734375 0.008333333333333333 0.003125
0 0.24479166666666666 0.06015625 0.0020833333333333333 0.0015625
0 0.7302083333333333 0.05234375 0.0020833333333333333 0.0015625
0 0.7020833333333333 0.053125 0.004166666666666667 0.00625
0 0.4270833333333333 0.05 0.008333333333333333 0.00625
0 0.31354166666666666 0.04609375 0.00625 0.0046875
0 0.946875 0.04140625 0.0020833333333333333 0.0015625
0 0.33645833333333336 0.03515625 0.0020833333333333333 0.0015625
0 0.6927083333333334 0.03671875 0.010416666666666666 0.0109375
0 0.9302083333333333 0.02734375 0.0020833333333333333 0.0015625
0 0.9208333333333333 0.02734375 0.008333333333333333 0.0015625
0 0.9552083333333333 0.0625 0.07291666666666667 0.075
0 0.7125 0.03125 0.025 0.0125
0 0.27291666666666664 0.02265625 0.004166666666666667 0.0015625
0 0.5854166666666667 0.02265625 0.008333333333333333 0.0046875
0 0.2875 0.09140625 0.10833333333333334 0.1453125
0 0.45625 0.03203125 0.020833333333333332 0.0296875
0 0.9197916666666667 0.01015625 0.0020833333333333333 0.0046875
0 0.253125 0.00859375 0.0020833333333333333 0.0015625
0 0.425 0.00859375 0.004166666666666667 0.0046875
0 0.7614583333333333 0.00546875 0.00625 0.0015625
0 0.25104166666666666 0.00546875 0.0020833333333333333 0.0015625
0 0.246875 0.00234375 0.0020833333333333333 0.0015625
0 0.928125 0.00703125 0.010416666666666666 0.0140625
0 0.7583333333333333 0.0015625 0.016666666666666666 0.003125
0 0.440625 0.00078125 0.0020833333333333333 0.0015625
0 0.43854166666666666 0.01484375 0.03125 0.0296875
0 0.4197916666666667 0.00078125 0.0020833333333333333 0.0015625
0 0.3697916666666667 0.00078125 0.00625 0.0015625
0 0.14479166666666668 0.0015625 0.00625 0.003125
1 0.19270833333333334 0.82265625 0.0020833333333333333 0.0015625
1 0.21770833333333334 0.80859375 0.0020833333333333333 0.0015625
1 0.19270833333333334 0.80546875 0.0020833333333333333 0.0015625
1 0.20416666666666666 0.80546875 0.004166666666666667 0.0046875
1 0.21770833333333334 0.80234375 0.0020833333333333333 0.0015625
1 0.22708333333333333 0.79453125 0.004166666666666667 0.0015625
1 0.2375 0.78671875 0.004166666666666667 0.0015625
1 0.26979166666666665 0.77109375 0.0020833333333333333 0.0015625
1 0.32708333333333334 0.78046875 0.05416666666666667 0.0515625
1 0.058333333333333334 0.7125 0.004166666666666667 0.003125
1 0.0020833333333333333 0.7125 0.004166666666666667 0.003125
1 0.103125 0.71015625 0.0020833333333333333 0.0015625
1 0.09895833333333333 0.70703125 0.0020833333333333333 0.0015625
1 0.3260416666666667 0.70078125 0.0020833333333333333 0.0015625
1 0.16458333333333333 0.703125 0.004166666666666667 0.00625
1 0.10625 0.703125 0.008333333333333333 0.00625
1 0.39479166666666665 0.69609375 0.0020833333333333333 0.0015625
1 0.10625 0.69453125 0.004166666666666667 0.0015625
1 0.071875 0.68515625 0.00625 0.0046875
1 0.10729166666666666 0.67734375 0.0020833333333333333 0.0015625
1 0.07291666666666667 0.67734375 0.0125 0.0078125
1 0.040625 0.67421875 0.0020833333333333333 0.0015625
1 0.035416666666666666 0.690625 0.07083333333333333 0.05625
1 0.3697916666666667 0.66015625 0.0020833333333333333 0.0015625
1 0.115625 0.6515625 0.0020833333333333333 0.003125
1 0.365625 0.65 0.0020833333333333333 0.003125
1 0.115625 0.64609375 0.0020833333333333333 0.0015625
1 0.08229166666666667 0.63671875 0.0020833333333333333 0.0015625
1 0.9697916666666667 0.6328125 0.0020833333333333333 0.003125
1 0.9697916666666667 0.62890625 0.0020833333333333333 0.0015625
1 0.8927083333333333 0.59765625 0.0020833333333333333 0.0015625
1 0.928125 0.596875 0.0020833333333333333 0.003125
1 0.915625 0.59765625 0.010416666666666666 0.0078125
1 0.921875 0.5921875 0.00625 0.003125
1 0.915625 0.59140625 0.0020833333333333333 0.0015625
1 0.278125 0.59140625 0.00625 0.0046875
1 0.027083333333333334 0.58984375 0.004166666666666667 0.0015625
1 0.3854166666666667 0.5859375 0.004166666666666667 0.003125
1 0.5645833333333333 0.58359375 0.004166666666666667 0.0015625
1 0.04895833333333333 0.58203125 0.0020833333333333333 0.0015625
1 0.03958333333333333 0.58046875 0.004166666666666667 0.0015625
1 0.95 0.5859375 0.020833333333333332 0.015625
1 0.38229166666666664 0.5796875 0.0020833333333333333 0.003125
1 0.9927083333333333 0.57734375 0.014583333333333334 0.0171875
1 0.5333333333333333 0.5734375 0.0125 0.009375
1 0.37916666666666665 0.57109375 0.004166666666666667 0.0078125
1 0.95 0.57109375 0.029166666666666667 0.0109375
1 0.859375 0.5609375 0.00625 0.003125
1 0.978125 0.55703125 0.0020833333333333333 0.0015625
1 0.9145833333333333 0.5578125 0.008333333333333333 0.00625
1 0.9760416666666667 0.55390625 0.0020833333333333333 0.0015625
1 0.8395833333333333 0.55078125 0.004166666666666667 0.0015625
1 0.7708333333333334 0.5546875 0.008333333333333333 0.009375
1 0.871875 0.54921875 0.0020833333333333333 0.0015625
1 0.865625 0.54765625 0.0020833333333333333 0.0015625
1 0.8333333333333334 0.5484375 0.004166666666666667 0.003125
1 0.828125 0.54765625 0.0020833333333333333 0.0015625
1 0.5416666666666666 0.54765625 0.016666666666666666 0.0203125
1 0.05520833333333333 0.53828125 0.0020833333333333333 0.0015625
1 0.7083333333333334 0.52890625 0.016666666666666666 0.0046875
1 0.6802083333333333 0.53203125 0.0020833333333333333 0.0109375
1 0.721875 0.5265625 0.00625 0.003125
1 0.6802083333333333 0.5234375 0.0020833333333333333 0.003125
1 0.6864583333333333 0.5140625 0.0020833333333333333 0.003125
1 0.9375 0.5359375 0.075 0.053125
1 0.903125 0.53359375 0.06875 0.0515625
1 0.6864583333333333 0.53359375 0.022916666666666665 0.0671875
1 0.6104166666666667 0.4984375 0.004166666666666667 0.003125
1 0.7 0.49609375 0.004166666666666667 0.0078125
1 0.6895833333333333 0.49453125 0.008333333333333333 0.0140625
1 0.6635416666666667 0.49375 0.00625 0.0125
1 0.9322916666666666 0.484375 0.0020833333333333333 0.003125
1 0.959375 0.48359375 0.014583333333333334 0.0046875
1 0.8833333333333333 0.48671875 0.016666666666666666 0.0109375
1 0.9135416666666667 0.484375 0.027083333333333334 0.009375
1 0.16458333333333333 0.4765625 0.004166666666666667 0.003125
1 0.921875 0.46796875 0.0020833333333333333 0.0015625
1 0.8989583333333333 0.46640625 0.0020833333333333333 0.0015625
1 0.06145833333333333 0.46015625 0.0020833333333333333 0.0015625
1 0.13020833333333334 0.4546875 0.0020833333333333333 0.003125
1 0.03229166666666667 0.44921875 0.0020833333333333333 0.0015625
1 0.9989583333333333 0.4484375 0.0020833333333333333 0.003125
1 0.046875 0.44765625 0.0020833333333333333 0.0015625
1 0.86875 0.44765625 0.004166666666666667 0.0046875
1 0.8739583333333333 0.44453125 0.0020833333333333333 0.0015625
1 0.04895833333333333 0.44296875 0.0020833333333333333 0.0015625
1 0.8447916666666667 0.43671875 0.027083333333333334 0.0234375
1 0.790625 0.4234375 0.014583333333333334 0.003125
1 0.05520833333333333 0.403125 0.010416666666666666 0.003125
1 0.026041666666666668 0.38359375 0.0020833333333333333 0.0015625
1 0.026041666666666668 0.37734375 0.014583333333333334 0.0078125
1 0.690625 0.36015625 0.0020833333333333333 0.0015625
1 0.11770833333333333 0.36015625 0.0020833333333333333 0.0015625
1 0.18541666666666667 0.37109375 0.029166666666666667 0.0265625
1 0.040625 0.35390625 0.0020833333333333333 0.0015625
1 0.29583333333333334 0.34921875 0.004166666666666667 0.0015625
1 0.005208333333333333 0.3453125 0.010416666666666666 0.003125
1 0.10208333333333333 0.340625 0.004166666666666667 0.003125
1 0.096875 0.33828125 0.0020833333333333333 0.0015625
1 0.14270833333333333 0.3453125 0.052083333333333336 0.03125
1 0.1375 0.3265625 0.004166666666666667 0.003125
1 0.115625 0.32578125 0.0020833333333333333 0.0015625
1 0.06354166666666666 0.328125 0.00625 0.00625
1 0.042708333333333334 0.32578125 0.0020833333333333333 0.0015625
1 0.8958333333333334 0.31640625 0.008333333333333333 0.0046875
1 0.734375 0.30078125 0.0020833333333333333 0.0015625
1 0.8947916666666667 0.30078125 0.00625 0.0046875
1 0.88125 0.29765625 0.004166666666666667 0.0015625
1 0.8916666666666667 0.2859375 0.004166666666666667 0.003125
1 0.40208333333333335 0.2875 0.0125 0.009375
1 0.7958333333333333 0.2828125 0.008333333333333333 0.00625
1 0.38125 0.27734375 0.0125 0.0046875
1 0.10625 0.2765625 0.004166666666666667 0.003125
1 0.059375 0.27578125 0.0020833333333333333 0.0015625
1 0.10729166666666666 0.26953125 0.00625 0.0078125
1 0.04479166666666667 0.26015625 0.0020833333333333333 0.0015625
1 0.8260416666666667 0.26015625 0.027083333333333334 0.0140625
1 0.10416666666666667 0.25625 0.008333333333333333 0.009375
1 0.5041666666666667 0.2515625 0.008333333333333333 0.00625
1 0.8447916666666667 0.24921875 0.00625 0.0046875
1 0.058333333333333334 0.346875 0.11666666666666667 0.203125
1 0.9677083333333333 0.25 0.014583333333333334 0.0125
1 0.29791666666666666 0.246875 0.004166666666666667 0.00625
1 0.009375 0.2421875 0.00625 0.003125
1 0.017708333333333333 0.23984375 0.00625 0.0046875
1 0.0010416666666666667 0.23828125 0.0020833333333333333 0.0015625
1 0.490625 0.23359375 0.0020833333333333333 0.0015625
1 0.6947916666666667 0.22734375 0.0020833333333333333 0.0015625
1 0.4895833333333333 0.22890625 0.004166666666666667 0.0046875
1 0.28020833333333334 0.22734375 0.0020833333333333333 0.0015625
1 0.6114583333333333 0.22265625 0.0020833333333333333 0.0015625
1 0.846875 0.21953125 0.00625 0.0015625
1 0.6302083333333334 0.22578125 0.035416666666666666 0.0203125
1 0.9302083333333333 0.2125 0.00625 0.00625
1 0.5135416666666667 0.20234375 0.010416666666666666 0.0046875
1 0.365625 0.1984375 0.0020833333333333333 0.003125
1 0.49375 0.20859375 0.029166666666666667 0.0328125
1 0.9739583333333334 0.19140625 0.0020833333333333333 0.0015625
1 0.7427083333333333 0.19140625 0.0020833333333333333 0.0015625
1 0.36354166666666665 0.1921875 0.0020833333333333333 0.003125
1 0.75625 0.20078125 0.0375 0.0265625
1 0.7239583333333334 0.18671875 0.0020833333333333333 0.0015625
1 0.721875 0.17890625 0.0020833333333333333 0.0015625
1 0.3541666666666667 0.18125 0.004166666666666667 0.00625
1 0.3416666666666667 0.1765625 0.004166666666666667 0.003125
1 0.8645833333333334 0.17578125 0.008333333333333333 0.0078125
1 0.8322916666666667 0.17109375 0.0020833333333333333 0.0015625
1 0.8208333333333333 0.17265625 0.008333333333333333 0.0046875
1 0.7572916666666667 0.17109375 0.0020833333333333333 0.0015625
1 0.9645833333333333 0.18046875 0.016666666666666666 0.0234375
1 0.37395833333333334 0.1828125 0.035416666666666666 0.028125
1 0.8208333333333333 0.16796875 0.008333333333333333 0.0015625
1 0.8125 0.16875 0.004166666666666667 0.003125
1 0.8291666666666667 0.16640625 0.004166666666666667 0.0015625
1 0.8041666666666667 0.1671875 0.004166666666666667 0.003125
1 0.8447916666666667 0.16484375 0.0020833333333333333 0.0015625
1 0.8010416666666667 0.16328125 0.0020833333333333333 0.0015625
1 0.765625 0.16171875 0.0020833333333333333 0.0015625
1 0.8395833333333333 0.1609375 0.004166666666666667 0.003125
1 0.8072916666666666 0.16015625 0.0020833333333333333 0.0015625
1 0.8010416666666667 0.15859375 0.0020833333333333333 0.0015625
1 0.8854166666666666 0.153125 0.004166666666666667 0.003125
1 0.8958333333333334 0.153125 0.004166666666666667 0.00625
1 0.8572916666666667 0.14921875 0.0020833333333333333 0.0015625
1 0.775 0.14765625 0.008333333333333333 0.0046875
1 0.9072916666666667 0.14453125 0.0020833333333333333 0.0015625
1 0.875 0.1453125 0.004166666666666667 0.003125
1 0.903125 0.14140625 0.0020833333333333333 0.0015625
1 0.7895833333333333 0.1421875 0.004166666666666667 0.003125
1 0.7739583333333333 0.14140625 0.0020833333333333333 0.0015625
1 0.834375 0.13984375 0.0020833333333333333 0.0015625
1 0.17604166666666668 0.13984375 0.0020833333333333333 0.0015625
1 0.9114583333333334 0.13828125 0.0020833333333333333 0.0015625
1 0.9020833333333333 0.1375 0.0125 0.003125
1 0.7302083333333333 0.1609375 0.04791666666666667 0.05
1 0.16979166666666667 0.1375 0.00625 0.003125
1 0.9114583333333334 0.13515625 0.0020833333333333333 0.0015625
1 0.6114583333333333 0.14140625 0.022916666666666665 0.0171875
1 0.16770833333333332 0.13359375 0.0020833333333333333 0.0015625
1 0.9229166666666667 0.1328125 0.004166666666666667 0.003125
1 0.696875 0.13359375 0.00625 0.0046875
1 0.915625 0.13046875 0.0020833333333333333 0.0046875
1 0.909375 0.128125 0.00625 0.00625
1 0.6875 0.12578125 0.008333333333333333 0.0046875
1 0.8916666666666667 0.1234375 0.004166666666666667 0.003125
1 0.43125 0.1234375 0.004166666666666667 0.003125
1 0.9166666666666666 0.11796875 0.008333333333333333 0.0046875
1 0.8895833333333333 0.11640625 0.004166666666666667 0.0015625
1 0.8958333333333334 0.11328125 0.008333333333333333 0.0046875
1 0.678125 0.11640625 0.01875 0.0109375
1 0.8864583333333333 0.1109375 0.0020833333333333333 0.003125
1 0.7385416666666667 0.10859375 0.0020833333333333333 0.0015625
1 0.6864583333333333 0.10859375 0.0020833333333333333 0.0015625
1 0.8833333333333333 0.1078125 0.004166666666666667 0.003125
1 0.690625 0.10703125 0.0020833333333333333 0.0015625
1 0.6770833333333334 0.1078125 0.004166666666666667 0.003125
1 0.671875 0.1078125 0.0020833333333333333 0.003125
1 0.746875 0.10546875 0.00625 0.0015625
1 0.7354166666666667 0.10546875 0.004166666666666667 0.0015625
1 0.825 0.1046875 0.004166666666666667 0.003125
1 0.6979166666666666 0.1078125 0.008333333333333333 0.009375
1 0.8302083333333333 0.10234375 0.0020833333333333333 0.0015625
1 0.9416666666666667 0.10234375 0.008333333333333333 0.0046875
1 0.8770833333333333 0.10234375 0.004166666666666667 0.0046875
1 0.2708333333333333 0.103125 0.008333333333333333 0.00625
1 0.9322916666666666 0.09921875 0.0020833333333333333 0.0015625
1 0.91875 0.1046875 0.025 0.0125
1 0.8614583333333333 0.09921875 0.0020833333333333333 0.0015625
1 0.8489583333333334 0.09921875 0.0020833333333333333 0.0015625
1 0.9177083333333333 0.09765625 0.0020833333333333333 0.0015625
1 0.8927083333333333 0.10390625 0.022916666666666665 0.0140625
1 0.6697916666666667 0.0984375 0.00625 0.003125
1 0.9072916666666667 0.0984375 0.01875 0.00625
1 0.7510416666666667 0.09609375 0.0020833333333333333 0.0015625
1 0.5125 0.44765625 0.975 0.7078125
1 0.8927083333333333 0.09453125 0.0020833333333333333 0.0015625
1 0.159375 0.09453125 0.0020833333333333333 0.0015625
1 0.8989583333333333 0.09296875 0.0020833333333333333 0.0015625
1 0.8447916666666667 0.09296875 0.0020833333333333333 0.0015625
1 0.73125 0.09296875 0.004166666666666667 0.0015625
1 0.403125 0.09375 0.0020833333333333333 0.003125
1 0.04895833333333333 0.0953125 0.00625 0.009375
1 0.865625 0.090625 0.0020833333333333333 0.003125
1 0.7322916666666667 0.08984375 0.0020833333333333333 0.0015625
1 0.8989583333333333 0.08828125 0.0020833333333333333 0.0015625
1 0.8552083333333333 0.08671875 0.0020833333333333333 0.0015625
1 0.8427083333333333 0.08671875 0.0020833333333333333 0.0015625
1 0.8010416666666667 0.08359375 0.0020833333333333333 0.0015625
1 0.030208333333333334 0.08515625 0.0020833333333333333 0.0046875
1 0.8635416666666667 0.08203125 0.0020833333333333333 0.0015625
1 0.859375 0.08203125 0.0020833333333333333 0.0015625
1 0.8375 0.08203125 0.004166666666666667 0.0015625
1 0.8302083333333333 0.08046875 0.0020833333333333333 0.0015625
1 0.8239583333333333 0.08046875 0.0020833333333333333 0.0015625
1 0.778125 0.08046875 0.00625 0.0015625
1 0.7510416666666667 0.07890625 0.0020833333333333333 0.0015625
1 0.821875 0.07734375 0.0020833333333333333 0.0015625
1 0.7677083333333333 0.07734375 0.0020833333333333333 0.0015625
1 0.7552083333333334 0.07734375 0.0020833333333333333 0.0015625
1 0.7375 0.07734375 0.004166666666666667 0.0015625
1 0.9958333333333333 0.0828125 0.008333333333333333 0.015625
1 0.74375 0.0796875 0.004166666666666667 0.009375
1 0.23229166666666667 0.07734375 0.0020833333333333333 0.0046875
1 0.9166666666666666 0.08359375 0.016666666666666666 0.0203125
1 0.9104166666666667 0.0765625 0.008333333333333333 0.00625
1 0.859375 0.07421875 0.0020833333333333333 0.0015625
1 0.7614583333333333 0.07421875 0.0020833333333333333 0.0015625
1 0.93125 0.07421875 0.0125 0.0078125
1 0.921875 0.07109375 0.0020833333333333333 0.0015625
1 0.9177083333333333 0.07109375 0.0020833333333333333 0.0015625
1 0.9072916666666667 0.07109375 0.0020833333333333333 0.0015625
1 0.8541666666666666 0.07109375 0.004166666666666667 0.0015625
1 0.746875 0.06953125 0.0020833333333333333 0.0015625
1 0.9072916666666667 0.0671875 0.0020833333333333333 0.003125
1 0.903125 0.06875 0.0020833333333333333 0.00625
1 0.7385416666666667 0.06640625 0.0020833333333333333 0.0015625
1 0.865625 0.06484375 0.00625 0.0015625
1 0.9104166666666667 0.0625 0.004166666666666667 0.003125
1 0.7416666666666667 0.0625 0.004166666666666667 0.00625
1 0.73125 0.0640625 0.0125 0.009375
1 0.8802083333333334 0.05625 0.0020833333333333333 0.003125
1 0.7447916666666666 0.05546875 0.0020833333333333333 0.0015625
1 0.8385416666666666 0.0546875 0.010416666666666666 0.003125
1 0.008333333333333333 0.06875 0.016666666666666666 0.034375
1 0.8947916666666667 0.05078125 0.0020833333333333333 0.0015625
1 0.7135416666666666 0.05234375 0.00625 0.0046875
1 0.8989583333333333 0.0546875 0.03125 0.0125
1 0.8770833333333333 0.05 0.004166666666666667 0.003125
1 0.840625 0.04921875 0.0020833333333333333 0.0015625
1 0.9989583333333333 0.04765625 0.0020833333333333333 0.0015625
1 0.99375 0.046875 0.004166666666666667 0.003125
1 0.871875 0.04609375 0.0020833333333333333 0.0015625
1 0.734375 0.05 0.01875 0.009375
1 0.221875 0.046875 0.010416666666666666 0.003125
1 0.890625 0.04453125 0.0020833333333333333 0.0015625
1 0.75 0.0453125 0.004166666666666667 0.003125
1 0.5625 0.04453125 0.004166666666666667 0.0015625
1 0.88125 0.04609375 0.008333333333333333 0.0078125
1 0.759375 0.04296875 0.0020833333333333333 0.0015625
1 0.7427083333333333 0.04296875 0.0020833333333333333 0.0015625
1 0.7083333333333334 0.0453125 0.008333333333333333 0.00625
1 0.5666666666666667 0.0578125 0.041666666666666664 0.03125
1 0.17083333333333334 0.0546875 0.041666666666666664 0.025
1 0.884375 0.04140625 0.0020833333333333333 0.0015625
1 0.8927083333333333 0.0421875 0.010416666666666666 0.00625
1 0.7489583333333333 0.03984375 0.0020833333333333333 0.0015625
1 0.3302083333333333 0.03984375 0.0020833333333333333 0.0015625
1 0.871875 0.040625 0.00625 0.00625
1 0.884375 0.03671875 0.0020833333333333333 0.0015625
1 0.8239583333333333 0.03671875 0.0020833333333333333 0.0015625
1 0.7083333333333334 0.03984375 0.0125 0.0078125
1 0.9395833333333333 0.03515625 0.004166666666666667 0.0015625
1 0.9260416666666667 0.03828125 0.01875 0.0078125
1 0.9447916666666667 0.03359375 0.0020833333333333333 0.0015625
1 0.8510416666666667 0.03203125 0.0020833333333333333 0.0015625
1 0.8822916666666667 0.03046875 0.0020833333333333333 0.0015625
1 0.8364583333333333 0.03046875 0.0020833333333333333 0.0015625
1 0.734375 0.03046875 0.0020833333333333333 0.0015625
1 0.7302083333333333 0.03203125 0.00625 0.0046875
1 0.8739583333333333 0.0296875 0.0020833333333333333 0.003125
1 0.8791666666666667 0.02734375 0.004166666666666667 0.0015625
1 0.9020833333333333 0.02734375 0.0125 0.0078125
1 0.84375 0.02109375 0.004166666666666667 0.0015625
1 0.8270833333333333 0.021875 0.004166666666666667 0.003125
1 0.921875 0.01953125 0.0020833333333333333 0.0015625
1 0.9145833333333333 0.021875 0.008333333333333333 0.00625
1 0.871875 0.01953125 0.0020833333333333333 0.0015625
1 0.20104166666666667 0.03125 0.027083333333333334 0.025
1 0.9333333333333333 0.02109375 0.020833333333333332 0.0078125
1 0.16666666666666666 0.02109375 0.008333333333333333 0.0078125
1 0.8322916666666667 0.01640625 0.0020833333333333333 0.0015625
1 0.9822916666666667 0.0234375 0.03125 0.021875
1 0.7958333333333333 0.01328125 0.004166666666666667 0.0015625
1 0.8895833333333333 0.01171875 0.004166666666666667 0.0015625
1 0.878125 0.01328125 0.00625 0.0046875
1 0.8197916666666667 0.0140625 0.00625 0.00625
1 0.8604166666666667 0.01015625 0.004166666666666667 0.0015625
1 0.8104166666666667 0.01015625 0.004166666666666667 0.0015625
1 0.44583333333333336 0.02265625 0.025 0.0265625
1 0.8979166666666667 0.009375 0.008333333333333333 0.00625
1 0.8510416666666667 0.00703125 0.0020833333333333333 0.0015625
1 0.75625 0.00703125 0.004166666666666667 0.0015625
1 0.8833333333333333 0.0046875 0.004166666666666667 0.003125
1 0.8614583333333333 0.00390625 0.0020833333333333333 0.0015625
1 0.9083333333333333 0.003125 0.004166666666666667 0.003125
1 0.9885416666666667 0.00078125 0.0020833333333333333 0.0015625
1 0.9729166666666667 0.003125 0.0125 0.00625
1 0.9135416666666667 0.00078125 0.0020833333333333333 0.0015625
1 0.8489583333333334 0.0015625 0.00625 0.003125
1 0.740625 0.00703125 0.022916666666666665 0.0140625
1 0.6322916666666667 0.096875 0.18541666666666667 0.19375
1 0.465625 0.00390625 0.00625 0.0078125
1 0.44375 0.09375 0.2833333333333333 0.1875
1 0.22395833333333334 0.01640625 0.03958333333333333 0.0328125
1 0.203125 0.00234375 0.00625 0.0046875
1 0.16145833333333334 0.00234375 0.00625 0.0046875
1 0.14479166666666668 0.1375 0.28958333333333336 0.275
2 0.328125 0.80078125 0.00625 0.0015625
2 0.321875 0.8015625 0.0020833333333333333 0.003125
2 0.31145833333333334 0.8015625 0.014583333333333334 0.003125
2 0.328125 0.77421875 0.010416666666666666 0.0078125
2 0.33645833333333336 0.7640625 0.00625 0.00625
2 0.175 0.778125 0.03333333333333333 0.0375
2 0.31979166666666664 0.7640625 0.022916666666666665 0.0125
2 0.190625 0.75546875 0.0020833333333333333 0.0046875
2 0.13854166666666667 0.740625 0.035416666666666666 0.034375
2 0.09166666666666666 0.7140625 0.004166666666666667 0.00625
2 0.059375 0.71171875 0.0020833333333333333 0.0015625
2 0.16979166666666667 0.709375 0.01875 0.01875
2 0.09375 0.70078125 0.004166666666666667 0.0015625
2 0.10208333333333333 0.7046875 0.016666666666666666 0.0125
2 0.32916666666666666 0.6953125 0.004166666666666667 0.003125
2 0.10520833333333333 0.69453125 0.00625 0.0015625
2 0.103125 0.69140625 0.0020833333333333333 0.0015625
2 0.08854166666666667 0.69140625 0.0020833333333333333 0.0015625
2 0.09270833333333334 0.690625 0.0020833333333333333 0.003125
2 0.09479166666666666 0.68671875 0.0020833333333333333 0.0015625
2 0.07291666666666667 0.68515625 0.008333333333333333 0.0046875
2 0.08854166666666667 0.68203125 0.0020833333333333333 0.0015625
2 0.08229166666666667 0.68046875 0.0020833333333333333 0.0015625
2 0.34791666666666665 0.678125 0.008333333333333333 0.003125
2 0.328125 0.67734375 0.0020833333333333333 0.0015625
2 0.10729166666666666 0.67734375 0.0020833333333333333 0.0015625
2 0.16770833333333332 0.65859375 0.0020833333333333333 0.0015625
2 0.08958333333333333 0.6578125 0.0125 0.003125
2 0.10416666666666667 0.65625 0.008333333333333333 0.00625
2 0.115625 0.6515625 0.0020833333333333333 0.003125
2 0.078125 0.64765625 0.0020833333333333333 0.0015625
2 0.046875 0.6484375 0.0020833333333333333 0.003125
2 0.11458333333333333 0.6453125 0.004166666666666667 0.003125
2 0.046875 0.64296875 0.0020833333333333333 0.0015625
2 0.075 0.6421875 0.008333333333333333 0.003125
2 0.03854166666666667 0.63984375 0.0020833333333333333 0.0015625
2 0.011458333333333333 0.63828125 0.0020833333333333333 0.0015625
2 0.036458333333333336 0.63359375 0.010416666666666666 0.0046875
2 0.028125 0.63203125 0.0020833333333333333 0.0015625
2 0.026041666666666668 0.62734375 0.0020833333333333333 0.0015625
2 0.13125 0.6359375 0.029166666666666667 0.021875
2 0.10833333333333334 0.62890625 0.016666666666666666 0.0109375
2 0.023958333333333335 0.62265625 0.0020833333333333333 0.0015625
2 0.019791666666666666 0.62265625 0.0020833333333333333 0.0015625
2 0.040625 0.61875 0.0020833333333333333 0.003125
2 0.10416666666666667 0.61171875 0.004166666666666667 0.0015625
2 0.034375 0.61015625 0.0020833333333333333 0.0015625
2 0.027083333333333334 0.61484375 0.020833333333333332 0.0109375
2 0.058333333333333334 0.6609375 0.11666666666666667 0.115625
2 0.035416666666666666 0.59765625 0.020833333333333332 0.0046875
2 0.28020833333333334 0.59140625 0.0020833333333333333 0.0015625
2 0.4 0.59296875 0.008333333333333333 0.0109375
2 0.11770833333333333 0.60078125 0.05625 0.0328125
2 0.13020833333333334 0.571875 0.010416666666666666 0.00625
2 0.11979166666666667 0.5640625 0.00625 0.003125
2 0.40625 0.5640625 0.0125 0.009375
2 0.38958333333333334 0.57109375 0.0125 0.0234375
2 0.834375 0.54921875 0.0020833333333333333 0.0015625
2 0.403125 0.54765625 0.0020833333333333333 0.0015625
2 0.8416666666666667 0.546875 0.008333333333333333 0.003125
2 0.54375 0.54921875 0.008333333333333333 0.0078125
2 0.9166666666666666 0.54453125 0.016666666666666666 0.0140625
2 0.8916666666666667 0.53984375 0.016666666666666666 0.0078125
2 0.7958333333333333 0.54296875 0.016666666666666666 0.0171875
2 0.38958333333333334 0.540625 0.0125 0.015625
2 0.16979166666666667 0.53203125 0.0020833333333333333 0.0015625
2 0.6177083333333333 0.5265625 0.010416666666666666 0.015625
2 0.8489583333333334 0.5234375 0.01875 0.0125
2 0.91875 0.51796875 0.016666666666666666 0.0078125
2 0.8833333333333333 0.51640625 0.0125 0.0140625
2 0.7739583333333333 0.51953125 0.022916666666666665 0.0234375
2 0.53125 0.5015625 0.004166666666666667 0.003125
2 0.5427083333333333 0.49765625 0.010416666666666666 0.0046875
2 0.34270833333333334 0.49765625 0.010416666666666666 0.0109375
2 0.6916666666666667 0.509375 0.016666666666666666 0.065625
2 0.7354166666666667 0.46953125 0.004166666666666667 0.0078125
2 0.5635416666666667 0.46171875 0.0020833333333333333 0.0015625
2 0.896875 0.4578125 0.0020833333333333333 0.003125
2 0.9010416666666666 0.45546875 0.0020833333333333333 0.0015625
2 0.73125 0.4578125 0.004166666666666667 0.009375
2 0.9604166666666667 0.46015625 0.025 0.0203125
2 0.9114583333333334 0.44921875 0.035416666666666666 0.0109375
2 0.03229166666666667 0.43984375 0.0020833333333333333 0.0015625
2 0.9385416666666667 0.44140625 0.022916666666666665 0.0109375
2 0.9666666666666667 0.43828125 0.0125 0.0140625
2 0.5645833333333333 0.434375 0.004166666666666667 0.00625
2 0.9895833333333334 0.43203125 0.008333333333333333 0.0046875
2 0.007291666666666667 0.43359375 0.014583333333333334 0.0078125
2 0.051041666666666666 0.4203125 0.03125 0.028125
2 0.5760416666666667 0.40546875 0.0020833333333333333 0.0015625
2 0.5302083333333333 0.39765625 0.0020833333333333333 0.0015625
2 0.93125 0.38828125 0.004166666666666667 0.0015625
2 0.9104166666666667 0.3859375 0.020833333333333332 0.009375
2 0.029166666666666667 0.378125 0.004166666666666667 0.003125
2 0.9208333333333333 0.3734375 0.029166666666666667 0.009375
2 0.6770833333333334 0.375 0.04583333333333333 0.015625
2 0.003125 0.36484375 0.00625 0.0046875
2 0.04479166666666667 0.36484375 0.022916666666666665 0.0078125
2 0.005208333333333333 0.34453125 0.010416666666666666 0.0015625
2 0.0010416666666666667 0.33828125 0.0020833333333333333 0.0015625
2 0.83125 0.3328125 0.004166666666666667 0.0125
2 0.008333333333333333 0.32890625 0.016666666666666666 0.0171875
2 0.8364583333333333 0.321875 0.00625 0.00625
2 0.036458333333333336 0.31875 0.00625 0.00625
2 0.08229166666666667 0.31484375 0.0020833333333333333 0.0015625
2 0.06354166666666666 0.31484375 0.0020833333333333333 0.0015625
2 0.040625 0.3109375 0.014583333333333334 0.009375
2 0.15833333333333333 0.30546875 0.008333333333333333 0.0078125
2 0.653125 0.30234375 0.0020833333333333333 0.0046875
2 0.11875 0.30703125 0.029166666666666667 0.0140625
2 0.003125 0.3078125 0.00625 0.015625
2 0.746875 0.29765625 0.0020833333333333333 0.0015625
2 0.109375 0.2984375 0.010416666666666666 0.003125
2 0.06875 0.29375 0.008333333333333333 0.003125
2 0.6270833333333333 0.2984375 0.029166666666666667 0.015625
2 0.603125 0.28359375 0.0020833333333333333 0.0015625
2 0.634375 0.27578125 0.0020833333333333333 0.0015625
2 0.014583333333333334 0.29375 0.029166666666666667 0.0375
2 0.13125 0.26796875 0.004166666666666667 0.0015625
2 0.004166666666666667 0.2703125 0.008333333333333333 0.009375
2 0.7510416666666667 0.265625 0.014583333333333334 0.0125
2 0.6385416666666667 0.2546875 0.010416666666666666 0.009375
2 0.13020833333333334 0.24765625 0.00625 0.0015625
2 0.6208333333333333 0.24453125 0.008333333333333333 0.0078125
2 0.009375 0.2421875 0.00625 0.003125
2 0.017708333333333333 0.23984375 0.00625 0.0046875
2 0.0010416666666666667 0.23828125 0.0020833333333333333 0.0015625
2 0.8041666666666667 0.23359375 0.004166666666666667 0.0046875
2 0.63125 0.225 0.020833333333333332 0.0125
2 0.7927083333333333 0.21875 0.027083333333333334 0.0125
2 0.6072916666666667 0.20859375 0.0020833333333333333 0.0015625
2 0.596875 0.20703125 0.0020833333333333333 0.0015625
2 0.615625 0.20234375 0.022916666666666665 0.0109375
2 0.6177083333333333 0.19765625 0.0020833333333333333 0.0015625
2 0.615625 0.1953125 0.00625 0.003125
2 0.7552083333333334 0.196875 0.022916666666666665 0.015625
2 0.8645833333333334 0.17734375 0.004166666666666667 0.0046875
2 0.678125 0.17265625 0.00625 0.0015625
2 0.6625 0.1734375 0.004166666666666667 0.003125
2 0.740625 0.1703125 0.01875 0.0125
2 0.004166666666666667 0.15859375 0.008333333333333333 0.0109375
2 0.9229166666666667 0.1328125 0.004166666666666667 0.003125
2 0.6614583333333334 0.13046875 0.0020833333333333333 0.0015625
2 0.9166666666666666 0.1296875 0.004166666666666667 0.003125
2 0.6552083333333333 0.1296875 0.0020833333333333333 0.003125
2 0.653125 0.12265625 0.00625 0.0046875
2 0.696875 0.1078125 0.0020833333333333333 0.003125
2 0.6645833333333333 0.1046875 0.004166666666666667 0.003125
2 0.9239583333333333 0.09921875 0.0020833333333333333 0.0015625
2 0.9177083333333333 0.09765625 0.0020833333333333333 0.0015625
2 0.9104166666666667 0.09765625 0.004166666666666667 0.0015625
2 0.9302083333333333 0.09765625 0.00625 0.0046875
2 0.9114583333333334 0.07734375 0.00625 0.0046875
2 0.9177083333333333 0.07109375 0.0020833333333333333 0.0015625
2 0.6927083333333334 0.06484375 0.0020833333333333333 0.0015625
2 0.7364583333333333 0.06171875 0.0020833333333333333 0.0015625
2 0.740625 0.0609375 0.0020833333333333333 0.003125
2 0.8802083333333334 0.05546875 0.0020833333333333333 0.0015625
2 0.8947916666666667 0.05078125 0.0020833333333333333 0.0015625
2 0.8885416666666667 0.05234375 0.010416666666666666 0.0078125
2 0.8770833333333333 0.05 0.004166666666666667 0.003125
2 0.871875 0.04609375 0.0020833333333333333 0.0015625
2 0.890625 0.04453125 0.0020833333333333333 0.0015625
2 0.88125 0.04609375 0.008333333333333333 0.0078125
2 0.884375 0.04140625 0.0020833333333333333 0.0015625
2 0.89375 0.0421875 0.0125 0.00625
2 0.871875 0.040625 0.00625 0.00625
2 0.884375 0.03671875 0.0020833333333333333 0.0015625
2 0.8822916666666667 0.03046875 0.0020833333333333333 0.0015625
2 0.8739583333333333 0.0296875 0.0020833333333333333 0.003125
2 0.8979166666666667 0.02734375 0.004166666666666667 0.0015625
2 0.8791666666666667 0.02734375 0.004166666666666667 0.0015625
2 0.871875 0.01953125 0.0020833333333333333 0.0015625
2 0.8895833333333333 0.01171875 0.004166666666666667 0.0015625
2 0.878125 0.01328125 0.00625 0.0046875
2 0.8604166666666667 0.01015625 0.004166666666666667 0.0015625
2 0.7677083333333333 0.00703125 0.0020833333333333333 0.0015625
2 0.7760416666666666 0.00546875 0.0020833333333333333 0.0015625
2 0.759375 0.00625 0.010416666666666666 0.003125
2 0.8833333333333333 0.0046875 0.004166666666666667 0.003125
2 0.8614583333333333 0.00390625 0.0020833333333333333 0.0015625
2 0.8510416666666667 0.253125 0.29791666666666666 0.50625
2 0.3770833333333333 0.4 0.7541666666666667 0.8
