0 0.803125 0.9847222222222223 0.00625 0.008333333333333333
0 0.7552083333333334 0.9763888888888889 0.0020833333333333333 0.002777777777777778
0 0.7541666666666667 0.9638888888888889 0.004166666666666667 0.011111111111111112
0 0.7927083333333333 0.9625 0.014583333333333334 0.019444444444444445
0 0.7927083333333333 0.9069444444444444 0.0020833333333333333 0.002777777777777778
0 0.6270833333333333 0.8638888888888889 0.004166666666666667 0.005555555555555556
0 0.8947916666666667 0.8541666666666666 0.0020833333333333333 0.002777777777777778
0 0.6322916666666667 0.8694444444444445 0.04375 0.044444444444444446
0 0.7572916666666667 0.8319444444444445 0.0020833333333333333 0.002777777777777778
0 0.896875 0.8236111111111111 0.0020833333333333333 0.002777777777777778
0 0.7572916666666667 0.8236111111111111 0.0020833333333333333 0.002777777777777778
0 0.765625 0.8125 0.0020833333333333333 0.002777777777777778
0 0.6583333333333333 0.8152777777777778 0.016666666666666666 0.019444444444444445
0 0.9822916666666667 0.8041666666666667 0.0020833333333333333 0.002777777777777778
0 0.9166666666666666 0.8041666666666667 0.03333333333333333 0.019444444444444445
0 0.796875 0.7930555555555555 0.0020833333333333333 0.002777777777777778
0 0.71875 0.8152777777777778 0.04583333333333333 0.04722222222222222
0 0.8052083333333333 0.7763888888888889 0.0020833333333333333 0.002777777777777778
0 0.875 0.7861111111111111 0.029166666666666667 0.03333333333333333
0 0.8114583333333333 0.7652777777777777 0.0020833333333333333 0.002777777777777778
0 0.828125 0.7597222222222222 0.010416666666666666 0.008333333333333333
0 0.6572916666666667 0.7513888888888889 0.0020833333333333333 0.002777777777777778
0 0.9104166666666667 0.7527777777777778 0.008333333333333333 0.016666666666666666
0 0.79375 0.7708333333333334 0.020833333333333332 0.05277777777777778
0 0.728125 0.7347222222222223 0.0020833333333333333 0.002777777777777778
0 0.66875 0.7402777777777778 0.008333333333333333 0.013888888888888888
0 0.8239583333333333 0.7291666666666666 0.0020833333333333333 0.002777777777777778
0 0.9333333333333333 0.7333333333333333 0.0125 0.016666666666666666
0 0.821875 0.7208333333333333 0.0020833333333333333 0.002777777777777778
0 0.8177083333333334 0.7152777777777778 0.0020833333333333333 0.002777777777777778
0 0.653125 0.7180555555555556 0.00625 0.008333333333333333
0 0.8135416666666667 0.7125 0.0020833333333333333 0.002777777777777778
0 0.984375 0.7125 0.03125 0.03611111111111111
0 0.8645833333333334 0.6708333333333333 0.008333333333333333 0.008333333333333333
0 0.8895833333333333 0.6847222222222222 0.058333333333333334 0.06944444444444445
0 0.93125 0.6291666666666667 0.03333333333333333 0.04722222222222222
0 0.7 0.5013888888888889 0.0125 0.019444444444444445
0 0.859375 0.45416666666666666 0.0020833333333333333 0.002777777777777778
0 0.953125 0.44027777777777777 0.0020833333333333333 0.002777777777777778
0 0.946875 0.44166666666666665 0.00625 0.005555555555555556
0 0.996875 0.44027777777777777 0.00625 0.013888888888888888
0 0.996875 0.4236111111111111 0.0020833333333333333 0.002777777777777778
0 0.8614583333333333 0.41805555555555557 0.0020833333333333333 0.002777777777777778
0 0.9614583333333333 0.40694444444444444 0.0020833333333333333 0.002777777777777778
0 0.65 0.3486111111111111 0.0125 0.019444444444444445
0 0.496875 0.3125 0.00625 0.008333333333333333
0 0.6583333333333333 0.30972222222222223 0.0125 0.008333333333333333
0 0.6791666666666667 0.3013888888888889 0.020833333333333332 0.019444444444444445
0 0.784375 0.3013888888888889 0.03125 0.041666666666666664
0 0.91875 0.2777777777777778 0.008333333333333333 0.011111111111111112
0 0.6135416666666667 0.2708333333333333 0.00625 0.002777777777777778
0 0.8125 0.25972222222222224 0.008333333333333333 0.013888888888888888
0 0.8489583333333334 0.27361111111111114 0.04791666666666667 0.04722222222222222
0 0.9541666666666667 0.2388888888888889 0.041666666666666664 0.03333333333333333
0 0.8739583333333333 0.23194444444444445 0.014583333333333334 0.019444444444444445
0 0.7510416666666667 0.23472222222222222 0.03125 0.025
0 0.7489583333333333 0.19583333333333333 0.0020833333333333333 0.002777777777777778
0 0.740625 0.19027777777777777 0.0020833333333333333 0.002777777777777778
0 0.9989583333333333 0.1875 0.0020833333333333333 0.002777777777777778
0 0.99375 0.18472222222222223 0.0125 0.008333333333333333
0 0.778125 0.1736111111111111 0.0020833333333333333 0.002777777777777778
0 0.9427083333333334 0.17083333333333334 0.0020833333333333333 0.002777777777777778
0 0.9739583333333334 0.004166666666666667 0.014583333333333334 0.008333333333333333
0 0.8989583333333333 0.001388888888888889 0.0020833333333333333 0.002777777777777778
1 0.059375 0.9972222222222222 0.014583333333333334 0.005555555555555556
1 0.9697916666666667 0.9930555555555556 0.022916666666666665 0.013888888888888888
1 0.9 0.9875 0.03333333333333333 0.025
1 0.528125 0.9472222222222222 0.014583333333333334 0.016666666666666666
1 0.50625 0.9361111111111111 0.008333333333333333 0.005555555555555556
1 0.9114583333333334 0.9027777777777778 0.010416666666666666 0.011111111111111112
1 0.42083333333333334 0.9402777777777778 0.075 0.11944444444444445
1 0.8864583333333333 0.8513888888888889 0.0020833333333333333 0.002777777777777778
1 0.7822916666666667 0.8722222222222222 0.027083333333333334 0.05
1 0.9958333333333333 0.8486111111111111 0.008333333333333333 0.008333333333333333
1 0.8979166666666667 0.8486111111111111 0.016666666666666666 0.030555555555555555
1 0.225 0.9166666666666666 0.3333333333333333 0.16666666666666666
1 0.8520833333333333 0.9111111111111111 0.0625 0.17777777777777778
1 0.48020833333333335 0.8083333333333333 0.0020833333333333333 0.005555555555555556
1 0.94375 0.8847222222222222 0.1125 0.16944444444444445
1 0.5354166666666667 0.7972222222222223 0.004166666666666667 0.005555555555555556
1 0.5072916666666667 0.7888888888888889 0.010416666666666666 0.011111111111111112
1 0.4322916666666667 0.8666666666666667 0.08125 0.16666666666666666
1 0.81875 0.8027777777777778 0.041666666666666664 0.044444444444444446
1 0.7135416666666666 0.7777777777777778 0.0020833333333333333 0.005555555555555556
1 0.9302083333333333 0.7666666666666667 0.00625 0.022222222222222223
1 0.8979166666666667 0.75 0.004166666666666667 0.011111111111111112
1 0.9010416666666666 0.7430555555555556 0.0020833333333333333 0.002777777777777778
1 0.7260416666666667 0.7375 0.0020833333333333333 0.002777777777777778
1 0.6979166666666666 0.725 0.004166666666666667 0.005555555555555556
1 0.5239583333333333 0.6958333333333333 0.00625 0.008333333333333333
1 0.42916666666666664 0.6861111111111111 0.008333333333333333 0.005555555555555556
1 0.6666666666666666 0.6763888888888889 0.0125 0.019444444444444445
1 0.6635416666666667 0.6541666666666667 0.00625 0.002777777777777778
1 0.8979166666666667 0.5930555555555556 0.004166666666666667 0.008333333333333333
1 0.7 0.5805555555555556 0.008333333333333333 0.005555555555555556
1 0.9635416666666666 0.5597222222222222 0.00625 0.013888888888888888
1 0.9635416666666666 0.4486111111111111 0.022916666666666665 0.04722222222222222
1 0.009375 0.4375 0.01875 0.041666666666666664
1 0.9697916666666667 0.3375 0.00625 0.008333333333333333
1 0.8375 0.34305555555555556 0.004166666666666667 0.019444444444444445
1 0.9697916666666667 0.32916666666666666 0.0020833333333333333 0.002777777777777778
1 0.7979166666666667 0.31805555555555554 0.004166666666666667 0.008333333333333333
1 0.7364583333333333 0.3138888888888889 0.00625 0.005555555555555556
1 0.678125 0.2875 0.0020833333333333333 0.002777777777777778
1 0.4625 0.2875 0.004166666666666667 0.002777777777777778
1 0.7989583333333333 0.275 0.01875 0.016666666666666666
1 0.5510416666666667 0.26805555555555555 0.0020833333333333333 0.002777777777777778
1 0.7677083333333333 0.25972222222222224 0.027083333333333334 0.041666666666666664
1 0.9364583333333333 0.33194444444444443 0.12708333333333333 0.21944444444444444
1 0.9020833333333333 0.24305555555555555 0.05 0.04722222222222222
1 0.9177083333333333 0.2152777777777778 0.0020833333333333333 0.002777777777777778
1 0.3177083333333333 0.2125 0.0020833333333333333 0.002777777777777778
1 0.771875 0.19027777777777777 0.0020833333333333333 0.002777777777777778
1 0.4041666666666667 0.18611111111111112 0.004166666666666667 0.005555555555555556
1 0.740625 0.18194444444444444 0.0020833333333333333 0.002777777777777778
1 0.9770833333333333 0.18055555555555555 0.008333333333333333 0.005555555555555556
1 0.9583333333333334 0.1986111111111111 0.05 0.041666666666666664
1 0.4010416666666667 0.17916666666666667 0.0020833333333333333 0.002777777777777778
1 0.84375 0.1763888888888889 0.004166666666666667 0.002777777777777778
1 0.3572916666666667 0.1736111111111111 0.0020833333333333333 0.002777777777777778
1 0.41354166666666664 0.17083333333333334 0.0020833333333333333 0.002777777777777778
1 0.9947916666666666 0.17222222222222222 0.010416666666666666 0.011111111111111112
1 0.3572916666666667 0.16805555555555557 0.0020833333333333333 0.002777777777777778
1 0.4083333333333333 0.1597222222222222 0.004166666666666667 0.008333333333333333
1 0.403125 0.1486111111111111 0.0020833333333333333 0.008333333333333333
1 0.40208333333333335 0.1375 0.004166666666666667 0.008333333333333333
1 0.35833333333333334 0.13055555555555556 0.004166666666666667 0.005555555555555556
1 0.353125 0.12916666666666668 0.0020833333333333333 0.002777777777777778
1 0.5 0.5611111111111111 1.0 0.8777777777777778
1 0.34791666666666665 0.11944444444444445 0.004166666666666667 0.005555555555555556
1 0.3572916666666667 0.10138888888888889 0.0020833333333333333 0.002777777777777778
1 0.25729166666666664 0.10138888888888889 0.0020833333333333333 0.002777777777777778
1 0.25416666666666665 0.10833333333333334 0.008333333333333333 0.016666666666666666
1 0.3614583333333333 0.10833333333333334 0.027083333333333334 0.03333333333333333
1 0.4083333333333333 0.12222222222222222 0.016666666666666666 0.06666666666666667
1 0.4010416666666667 0.0875 0.0020833333333333333 0.002777777777777778
1 0.40520833333333334 0.07916666666666666 0.00625 0.002777777777777778
1 0.32916666666666666 0.09722222222222222 0.020833333333333332 0.03888888888888889
1 0.325 0.07083333333333333 0.004166666666666667 0.008333333333333333
1 0.7354166666666667 0.06666666666666667 0.004166666666666667 0.005555555555555556
1 0.3302083333333333 0.06805555555555555 0.0020833333333333333 0.008333333333333333
1 0.4427083333333333 0.0625 0.0020833333333333333 0.002777777777777778
1 0.4041666666666667 0.0625 0.008333333333333333 0.008333333333333333
1 0.42291666666666666 0.058333333333333334 0.004166666666666667 0.005555555555555556
1 0.353125 0.05694444444444444 0.0020833333333333333 0.002777777777777778
1 0.346875 0.08055555555555556 0.027083333333333334 0.05
1 0.33541666666666664 0.034722222222222224 0.004166666666666667 0.008333333333333333
1 0.8135416666666667 0.005555555555555556 0.014583333333333334 0.011111111111111112
1 0.7916666666666666 0.013888888888888888 0.025 0.027777777777777776
1 0.7572916666666667 0.027777777777777776 0.03958333333333333 0.05555555555555555
1 0.7114583333333333 0.14722222222222223 0.5770833333333333 0.29444444444444445
2 0.2125 0.9944444444444445 0.0125 0.011111111111111112
2 0.09895833333333333 0.9930555555555556 0.010416666666666666 0.013888888888888888
2 0.3125 0.9916666666666667 0.008333333333333333 0.016666666666666666
2 0.09895833333333333 0.9819444444444444 0.0020833333333333333 0.002777777777777778
2 0.3177083333333333 0.975 0.010416666666666666 0.011111111111111112
2 0.16354166666666667 0.9847222222222223 0.03125 0.030555555555555555
2 0.33125 0.9611111111111111 0.004166666666666667 0.005555555555555556
2 0.84375 0.9583333333333334 0.004166666666666667 0.005555555555555556
2 0.11458333333333333 0.9569444444444445 0.020833333333333332 0.019444444444444445
2 0.3572916666666667 0.9722222222222222 0.06041666666666667 0.05555555555555555
2 0.575 0.9708333333333333 0.03333333333333333 0.058333333333333334
2 0.55625 0.9416666666666667 0.008333333333333333 0.016666666666666666
2 0.5635416666666667 0.9319444444444445 0.0020833333333333333 0.002777777777777778
2 0.21979166666666666 0.9152777777777777 0.0020833333333333333 0.002777777777777778
2 0.134375 0.9361111111111111 0.14375 0.07777777777777778
2 0.425 0.9444444444444444 0.058333333333333334 0.1111111111111111
2 0.54375 0.8861111111111111 0.004166666666666667 0.005555555555555556
2 0.21979166666666666 0.8888888888888888 0.00625 0.011111111111111112
2 0.26666666666666666 0.8847222222222222 0.008333333333333333 0.008333333333333333
2 0.23541666666666666 0.8847222222222222 0.004166666666666667 0.008333333333333333
2 0.9864583333333333 0.8763888888888889 0.0020833333333333333 0.002777777777777778
2 0.265625 0.9375 0.11041666666666666 0.125
2 0.5416666666666666 0.8597222222222223 0.0125 0.013888888888888888
2 0.29791666666666666 0.8583333333333333 0.05416666666666667 0.027777777777777776
2 0.4583333333333333 0.8652777777777778 0.0125 0.075
2 0.5729166666666666 0.8152777777777778 0.008333333333333333 0.008333333333333333
2 0.496875 0.8097222222222222 0.0020833333333333333 0.008333333333333333
2 0.421875 0.8069444444444445 0.03958333333333333 0.013888888888888888
2 0.5635416666666667 0.7986111111111112 0.0020833333333333333 0.002777777777777778
2 0.4239583333333333 0.7958333333333333 0.014583333333333334 0.008333333333333333
2 0.5541666666666667 0.7777777777777778 0.025 0.011111111111111112
2 0.47604166666666664 0.7555555555555555 0.08541666666666667 0.08333333333333333
2 0.45 0.7083333333333334 0.008333333333333333 0.005555555555555556
2 0.740625 0.6944444444444444 0.010416666666666666 0.005555555555555556
2 0.5 0.6944444444444444 0.004166666666666667 0.005555555555555556
2 0.43645833333333334 0.6958333333333333 0.00625 0.008333333333333333
2 0.6364583333333333 0.6930555555555555 0.00625 0.008333333333333333
2 0.5416666666666666 0.7138888888888889 0.016666666666666666 0.05
2 0.41875 0.6888888888888889 0.016666666666666666 0.011111111111111112
2 0.9635416666666666 0.6694444444444444 0.00625 0.005555555555555556
2 0.7708333333333334 0.6680555555555555 0.008333333333333333 0.008333333333333333
2 0.5333333333333333 0.6527777777777778 0.008333333333333333 0.016666666666666666
2 0.5479166666666667 0.6319444444444444 0.016666666666666666 0.019444444444444445
2 0.5041666666666667 0.625 0.008333333333333333 0.005555555555555556
2 0.6583333333333333 0.6236111111111111 0.016666666666666666 0.013888888888888888
2 0.5645833333333333 0.6180555555555556 0.004166666666666667 0.002777777777777778
2 0.321875 0.6194444444444445 0.010416666666666666 0.016666666666666666
2 0.7416666666666667 0.6263888888888889 0.08333333333333333 0.058333333333333334
2 0.2635416666666667 0.6 0.0020833333333333333 0.005555555555555556
2 0.7770833333333333 0.7944444444444444 0.44583333333333336 0.4111111111111111
2 0.11875 0.5861111111111111 0.008333333333333333 0.005555555555555556
2 0.9885416666666667 0.6180555555555556 0.022916666666666665 0.08055555555555556
2 0.008333333333333333 0.5736111111111111 0.016666666666666666 0.008333333333333333
2 0.09791666666666667 0.5694444444444444 0.004166666666666667 0.016666666666666666
2 0.028125 0.5597222222222222 0.00625 0.008333333333333333
2 0.005208333333333333 0.5527777777777778 0.010416666666666666 0.016666666666666666
2 0.4875 0.5416666666666666 0.0125 0.016666666666666666
2 0.596875 0.5263888888888889 0.0020833333333333333 0.002777777777777778
2 0.6510416666666666 0.5152777777777777 0.0020833333333333333 0.002777777777777778
2 0.04895833333333333 0.5208333333333334 0.014583333333333334 0.019444444444444445
2 0.09270833333333334 0.5277777777777778 0.014583333333333334 0.044444444444444446
2 0.053125 0.4791666666666667 0.010416666666666666 0.013888888888888888
2 0.20520833333333333 0.43194444444444446 0.0020833333333333333 0.002777777777777778
2 0.00625 0.42916666666666664 0.008333333333333333 0.008333333333333333
2 0.051041666666666666 0.4236111111111111 0.014583333333333334 0.019444444444444445
2 0.06875 0.41388888888888886 0.004166666666666667 0.005555555555555556
2 0.07708333333333334 0.39861111111111114 0.004166666666666667 0.002777777777777778
2 0.08020833333333334 0.38472222222222224 0.022916666666666665 0.019444444444444445
2 0.04895833333333333 0.37777777777777777 0.01875 0.016666666666666666
2 0.13020833333333334 0.4222222222222222 0.13958333333333334 0.11666666666666667
2 0.0375 0.3416666666666667 0.008333333333333333 0.011111111111111112
2 0.15 0.3458333333333333 0.04583333333333333 0.030555555555555555
2 0.21145833333333333 0.31666666666666665 0.00625 0.005555555555555556
2 0.09375 0.3347222222222222 0.041666666666666664 0.058333333333333334
2 0.04583333333333333 0.30694444444444446 0.016666666666666666 0.013888888888888888
2 0.13645833333333332 0.3055555555555556 0.027083333333333334 0.022222222222222223
2 0.023958333333333335 0.29583333333333334 0.022916666666666665 0.025
2 0.15833333333333333 0.2791666666666667 0.016666666666666666 0.025
2 0.07708333333333334 0.28888888888888886 0.0375 0.06111111111111111
2 0.16979166666666667 0.25277777777777777 0.0020833333333333333 0.011111111111111112
2 0.14166666666666666 0.25833333333333336 0.029166666666666667 0.03888888888888889
2 0.19583333333333333 0.21944444444444444 0.008333333333333333 0.005555555555555556
2 0.125 0.2222222222222222 0.020833333333333332 0.022222222222222223
2 0.16458333333333333 0.20416666666666666 0.004166666666666667 0.008333333333333333
2 0.6385416666666667 0.2111111111111111 0.022916666666666665 0.03888888888888889
2 0.4010416666666667 0.17916666666666667 0.0020833333333333333 0.002777777777777778
2 0.3572916666666667 0.16805555555555557 0.0020833333333333333 0.002777777777777778
2 0.21979166666666666 0.19027777777777777 0.035416666666666666 0.04722222222222222
2 0.584375 0.18055555555555555 0.022916666666666665 0.03888888888888889
2 0.5197916666666667 0.1763888888888889 0.027083333333333334 0.041666666666666664
2 0.5947916666666667 0.13472222222222222 0.0020833333333333333 0.002777777777777778
2 0.403125 0.13472222222222222 0.0020833333333333333 0.002777777777777778
2 0.40520833333333334 0.12777777777777777 0.00625 0.005555555555555556
2 0.4822916666666667 0.10416666666666667 0.0020833333333333333 0.002777777777777778
2 0.4635416666666667 0.04861111111111111 0.0020833333333333333 0.002777777777777778
2 0.4583333333333333 0.04861111111111111 0.004166666666666667 0.002777777777777778
2 0.46875 0.03611111111111111 0.004166666666666667 0.011111111111111112
2 0.446875 0.04027777777777778 0.014583333333333334 0.019444444444444445
2 0.453125 0.018055555555555554 0.0020833333333333333 0.002777777777777778
2 0.5583333333333333 0.33194444444444443 0.8833333333333333 0.6638888888888889
2 0.48020833333333335 0.022222222222222223 0.03125 0.044444444444444446
