0 0.871875 0.9930555555555556 0.00625 0.008333333333333333
0 0.8760416666666667 0.9847222222222223 0.0020833333333333333 0.002777777777777778
0 0.8635416666666667 0.9833333333333333 0.0020833333333333333 0.005555555555555556
0 0.759375 0.9902777777777778 0.010416666666666666 0.019444444444444445
0 0.6708333333333333 0.9833333333333333 0.004166666666666667 0.005555555555555556
0 0.8677083333333333 0.9763888888888889 0.0020833333333333333 0.002777777777777778
0 0.8625 0.9763888888888889 0.004166666666666667 0.002777777777777778
0 0.7489583333333333 0.975 0.0020833333333333333 0.005555555555555556
0 0.8729166666666667 0.9638888888888889 0.04583333333333333 0.022222222222222223
0 0.78125 0.9541666666666667 0.0125 0.041666666666666664
0 0.7708333333333334 0.9305555555555556 0.004166666666666667 0.005555555555555556
0 0.8614583333333333 0.9305555555555556 0.04791666666666667 0.05
0 0.9041666666666667 0.8847222222222222 0.004166666666666667 0.002777777777777778
0 0.8854166666666666 0.8958333333333334 0.04583333333333333 0.04722222222222222
0 0.8447916666666667 0.8777777777777778 0.00625 0.011111111111111112
0 0.8489583333333334 0.8680555555555556 0.0020833333333333333 0.002777777777777778
0 0.8458333333333333 0.8625 0.008333333333333333 0.008333333333333333
0 0.7041666666666667 0.8611111111111112 0.008333333333333333 0.011111111111111112
0 0.9020833333333333 0.8458333333333333 0.004166666666666667 0.008333333333333333
0 0.7322916666666667 0.8402777777777778 0.0020833333333333333 0.002777777777777778
0 0.7666666666666667 0.8513888888888889 0.008333333333333333 0.030555555555555555
0 0.7520833333333333 0.8472222222222222 0.016666666666666666 0.022222222222222223
0 0.91875 0.8 0.004166666666666667 0.005555555555555556
0 0.9916666666666667 0.8013888888888889 0.016666666666666666 0.03611111111111111
0 0.9197916666666667 0.7458333333333333 0.0020833333333333333 0.002777777777777778
0 0.9552083333333333 0.7638888888888888 0.07291666666666667 0.06666666666666667
0 0.26979166666666665 0.7319444444444444 0.010416666666666666 0.008333333333333333
0 0.8020833333333334 0.7583333333333333 0.058333333333333334 0.07777777777777778
0 0.25416666666666665 0.7291666666666666 0.016666666666666666 0.019444444444444445
0 0.821875 0.7138888888888889 0.014583333333333334 0.005555555555555556
0 0.7302083333333333 0.7152777777777778 0.00625 0.008333333333333333
0 0.19375 0.7180555555555556 0.041666666666666664 0.025
0 0.896875 0.7041666666666667 0.0020833333333333333 0.002777777777777778
0 0.8854166666666666 0.7555555555555555 0.10416666666666667 0.1111111111111111
0 0.9145833333333333 0.6972222222222222 0.016666666666666666 0.027777777777777776
0 0.9583333333333334 0.6819444444444445 0.004166666666666667 0.008333333333333333
0 0.8875 0.6847222222222222 0.025 0.019444444444444445
0 0.9635416666666666 0.6625 0.0020833333333333333 0.002777777777777778
0 0.715625 0.7305555555555555 0.10208333333333333 0.17222222222222222
0 0.98125 0.6819444444444445 0.0375 0.08055555555555556
0 0.6822916666666666 0.6444444444444445 0.00625 0.005555555555555556
0 0.8364583333333333 0.5736111111111111 0.00625 0.008333333333333333
0 0.6885416666666667 0.5041666666666667 0.010416666666666666 0.013888888888888888
0 0.6885416666666667 0.4736111111111111 0.0020833333333333333 0.002777777777777778
0 0.790625 0.44027777777777777 0.0020833333333333333 0.002777777777777778
0 0.8177083333333334 0.43472222222222223 0.03125 0.04722222222222222
0 0.8364583333333333 0.4027777777777778 0.00625 0.011111111111111112
0 0.871875 0.3875 0.0020833333333333333 0.002777777777777778
0 0.7177083333333333 0.3763888888888889 0.0020833333333333333 0.002777777777777778
0 0.821875 0.38055555555555554 0.022916666666666665 0.022222222222222223
0 0.76875 0.37916666666666665 0.029166666666666667 0.030555555555555555
0 0.7697916666666667 0.3597222222222222 0.0020833333333333333 0.002777777777777778
0 0.76875 0.3458333333333333 0.0125 0.013888888888888888
0 0.7614583333333333 0.3375 0.0020833333333333333 0.002777777777777778
0 0.7635416666666667 0.33194444444444443 0.0020833333333333333 0.002777777777777778
0 0.790625 0.2972222222222222 0.014583333333333334 0.03333333333333333
0 0.6635416666666667 0.2625 0.0020833333333333333 0.002777777777777778
0 0.8864583333333333 0.2638888888888889 0.00625 0.011111111111111112
0 0.7895833333333333 0.26944444444444443 0.029166666666666667 0.022222222222222223
0 0.6395833333333333 0.25972222222222224 0.0125 0.008333333333333333
0 0.7854166666666667 0.24583333333333332 0.025 0.025
0 0.99375 0.24444444444444444 0.0125 0.027777777777777776
0 0.971875 0.23194444444444445 0.0020833333333333333 0.002777777777777778
0 0.9760416666666667 0.22916666666666666 0.0020833333333333333 0.002777777777777778
0 0.9864583333333333 0.2263888888888889 0.0020833333333333333 0.002777777777777778
0 0.9 0.22916666666666666 0.008333333333333333 0.008333333333333333
0 0.9760416666666667 0.22361111111111112 0.0020833333333333333 0.002777777777777778
0 0.9458333333333333 0.24861111111111112 0.058333333333333334 0.05277777777777778
0 0.796875 0.22083333333333333 0.0020833333333333333 0.002777777777777778
0 0.8197916666666667 0.24583333333333332 0.06458333333333334 0.058333333333333334
0 0.7864583333333334 0.21805555555555556 0.0020833333333333333 0.002777777777777778
0 0.7541666666666667 0.21944444444444444 0.008333333333333333 0.005555555555555556
0 0.6802083333333333 0.21944444444444444 0.00625 0.005555555555555556
0 0.8666666666666667 0.2263888888888889 0.008333333333333333 0.025
0 0.7927083333333333 0.2152777777777778 0.0020833333333333333 0.002777777777777778
0 0.9739583333333334 0.20972222222222223 0.0020833333333333333 0.002777777777777778
0 0.578125 0.2111111111111111 0.0020833333333333333 0.005555555555555556
0 0.9864583333333333 0.2013888888888889 0.0020833333333333333 0.002777777777777778
0 0.9791666666666666 0.2013888888888889 0.004166666666666667 0.008333333333333333
0 0.6322916666666667 0.21388888888888888 0.04791666666666667 0.03888888888888889
0 0.965625 0.1986111111111111 0.022916666666666665 0.019444444444444445
0 0.778125 0.18194444444444444 0.0020833333333333333 0.002777777777777778
0 0.6 0.19027777777777777 0.0125 0.019444444444444445
0 0.753125 0.18888888888888888 0.014583333333333334 0.022222222222222223
0 0.9239583333333333 0.1763888888888889 0.0020833333333333333 0.002777777777777778
0 0.9072916666666667 0.1736111111111111 0.03125 0.025
0 0.9208333333333333 0.15555555555555556 0.008333333333333333 0.005555555555555556
0 0.8697916666666666 0.15416666666666667 0.0020833333333333333 0.002777777777777778
0 0.5479166666666667 0.11666666666666667 0.020833333333333332 0.022222222222222223
0 0.4239583333333333 0.10277777777777777 0.014583333333333334 0.016666666666666666
0 0.7822916666666667 0.006944444444444444 0.0020833333333333333 0.002777777777777778
0 0.7947916666666667 0.001388888888888889 0.0020833333333333333 0.002777777777777778
0 0.7875 0.004166666666666667 0.004166666666666667 0.008333333333333333
0 0.7802083333333333 0.001388888888888889 0.0020833333333333333 0.002777777777777778
1 0.265625 0.9958333333333333 0.0020833333333333333 0.002777777777777778
1 0.259375 0.9902777777777778 0.0020833333333333333 0.002777777777777778
1 0.5833333333333334 0.9902777777777778 0.004166666666666667 0.019444444444444445
1 0.2552083333333333 0.9819444444444444 0.0020833333333333333 0.002777777777777778
1 0.36041666666666666 0.9888888888888889 0.020833333333333332 0.022222222222222223
1 0.259375 0.9791666666666666 0.0020833333333333333 0.002777777777777778
1 0.6322916666666667 0.9736111111111111 0.00625 0.008333333333333333
1 0.465625 0.9847222222222223 0.010416666666666666 0.030555555555555555
1 0.134375 0.9625 0.00625 0.002777777777777778
1 0.9572916666666667 0.9791666666666666 0.052083333333333336 0.041666666666666664
1 0.23541666666666666 0.9652777777777778 0.008333333333333333 0.013888888888888888
1 0.2625 0.9638888888888889 0.008333333333333333 0.016666666666666666
1 0.25729166666666664 0.9555555555555556 0.0020833333333333333 0.005555555555555556
1 0.6020833333333333 0.9722222222222222 0.025 0.05555555555555555
1 0.6375 0.9430555555555555 0.004166666666666667 0.002777777777777778
1 0.2635416666666667 0.9430555555555555 0.0020833333333333333 0.002777777777777778
1 0.259375 0.9472222222222222 0.00625 0.011111111111111112
1 0.240625 0.9430555555555555 0.010416666666666666 0.013888888888888888
1 0.75625 0.9555555555555556 0.029166666666666667 0.044444444444444446
1 0.6645833333333333 0.9666666666666667 0.020833333333333332 0.06666666666666667
1 0.415625 0.9291666666666667 0.0020833333333333333 0.002777777777777778
1 0.234375 0.9263888888888889 0.0020833333333333333 0.002777777777777778
1 0.5947916666666667 0.9208333333333333 0.0020833333333333333 0.002777777777777778
1 0.9833333333333333 0.9263888888888889 0.03333333333333333 0.041666666666666664
1 0.5739583333333333 0.9111111111111111 0.00625 0.016666666666666666
1 0.06354166666666666 0.9013888888888889 0.0020833333333333333 0.002777777777777778
1 0.057291666666666664 0.9013888888888889 0.0020833333333333333 0.002777777777777778
1 0.9697916666666667 0.8986111111111111 0.0020833333333333333 0.002777777777777778
1 0.53125 0.9 0.004166666666666667 0.005555555555555556
1 0.9697916666666667 0.8916666666666667 0.00625 0.005555555555555556
1 0.9895833333333334 0.8930555555555556 0.016666666666666666 0.013888888888888888
1 0.5885416666666666 0.9111111111111111 0.00625 0.05
1 0.7572916666666667 0.8861111111111111 0.0020833333333333333 0.005555555555555556
1 0.06770833333333333 0.8847222222222222 0.0020833333333333333 0.002777777777777778
1 0.9208333333333333 0.9388888888888889 0.07083333333333333 0.12222222222222222
1 0.509375 0.8736111111111111 0.0020833333333333333 0.002777777777777778
1 0.5072916666666667 0.8583333333333333 0.0020833333333333333 0.005555555555555556
1 0.5072916666666667 0.85 0.0020833333333333333 0.005555555555555556
1 0.871875 0.8472222222222222 0.00625 0.005555555555555556
1 0.5072916666666667 0.8402777777777778 0.0020833333333333333 0.008333333333333333
1 0.09583333333333334 0.8416666666666667 0.008333333333333333 0.011111111111111112
1 0.4947916666666667 0.8111111111111111 0.0020833333333333333 0.005555555555555556
1 0.790625 0.8041666666666667 0.0020833333333333333 0.002777777777777778
1 0.95 0.8361111111111111 0.0875 0.07222222222222222
1 0.7802083333333333 0.8069444444444445 0.00625 0.013888888888888888
1 0.528125 0.7972222222222223 0.0020833333333333333 0.005555555555555556
1 0.45208333333333334 0.7902777777777777 0.004166666666666667 0.002777777777777778
1 0.5239583333333333 0.8888888888888888 0.09375 0.2222222222222222
1 0.903125 0.7791666666666667 0.035416666666666666 0.025
1 0.4791666666666667 0.7708333333333334 0.004166666666666667 0.008333333333333333
1 0.75625 0.7736111111111111 0.029166666666666667 0.030555555555555555
1 0.6802083333333333 0.7486111111111111 0.00625 0.008333333333333333
1 0.17395833333333333 0.7458333333333333 0.0020833333333333333 0.002777777777777778
1 0.465625 0.7569444444444444 0.014583333333333334 0.030555555555555555
1 0.990625 0.7375 0.010416666666666666 0.019444444444444445
1 0.165625 0.7208333333333333 0.0020833333333333333 0.002777777777777778
1 0.8302083333333333 0.7236111111111111 0.014583333333333334 0.019444444444444445
1 0.5729166666666666 0.7166666666666667 0.0125 0.005555555555555556
1 0.16770833333333332 0.7125 0.0020833333333333333 0.002777777777777778
1 0.9020833333333333 0.7111111111111111 0.004166666666666667 0.005555555555555556
1 0.21770833333333334 0.7013888888888888 0.0020833333333333333 0.002777777777777778
1 0.246875 0.7069444444444445 0.04375 0.019444444444444445
1 0.903125 0.7 0.00625 0.011111111111111112
1 0.21145833333333333 0.6958333333333333 0.0020833333333333333 0.002777777777777778
1 0.8177083333333334 0.6958333333333333 0.03125 0.013888888888888888
1 0.553125 0.6902777777777778 0.0020833333333333333 0.002777777777777778
1 0.5552083333333333 0.6847222222222222 0.0020833333333333333 0.002777777777777778
1 0.27395833333333336 0.8402777777777778 0.3770833333333333 0.3194444444444444
1 0.7697916666666667 0.6833333333333333 0.00625 0.011111111111111112
1 0.6625 0.6930555555555555 0.008333333333333333 0.030555555555555555
1 0.909375 0.675 0.0020833333333333333 0.005555555555555556
1 0.5614583333333333 0.6916666666666667 0.01875 0.03888888888888889
1 0.4739583333333333 0.6777777777777778 0.01875 0.011111111111111112
1 0.9020833333333333 0.675 0.008333333333333333 0.011111111111111112
1 0.49270833333333336 0.6722222222222223 0.0020833333333333333 0.005555555555555556
1 0.48333333333333334 0.6652777777777777 0.004166666666666667 0.002777777777777778
1 0.6760416666666667 0.6625 0.0020833333333333333 0.002777777777777778
1 0.509375 0.7236111111111111 0.052083333333333336 0.13055555555555556
1 0.7489583333333333 0.6541666666666667 0.00625 0.008333333333333333
1 0.9822916666666667 0.6486111111111111 0.00625 0.002777777777777778
1 0.8947916666666667 0.6569444444444444 0.010416666666666666 0.025
1 0.990625 0.6430555555555556 0.0020833333333333333 0.002777777777777778
1 0.953125 0.6430555555555556 0.0020833333333333333 0.002777777777777778
1 0.65625 0.6375 0.0125 0.002777777777777778
1 0.9979166666666667 0.6333333333333333 0.004166666666666667 0.005555555555555556
1 0.94375 0.6791666666666667 0.0625 0.10833333333333334
1 0.7125 0.6513888888888889 0.041666666666666664 0.05277777777777778
1 0.746875 0.6277777777777778 0.010416666666666666 0.022222222222222223
1 0.7447916666666666 0.6097222222222223 0.010416666666666666 0.008333333333333333
1 0.509375 0.6125 0.03125 0.013888888888888888
1 0.86875 0.5958333333333333 0.0125 0.013888888888888888
1 0.534375 0.5902777777777778 0.0020833333333333333 0.002777777777777778
1 0.6385416666666667 0.5958333333333333 0.00625 0.019444444444444445
1 0.8572916666666667 0.5861111111111111 0.0020833333333333333 0.005555555555555556
1 0.6239583333333333 0.5861111111111111 0.014583333333333334 0.011111111111111112
1 0.8552083333333333 0.5791666666666667 0.0020833333333333333 0.002777777777777778
1 0.5114583333333333 0.5791666666666667 0.0020833333333333333 0.002777777777777778
1 0.7322916666666667 0.5736111111111111 0.0020833333333333333 0.002777777777777778
1 0.5229166666666667 0.5722222222222222 0.004166666666666667 0.005555555555555556
1 0.84375 0.6319444444444444 0.1375 0.13055555555555556
1 0.846875 0.5708333333333333 0.010416666666666666 0.013888888888888888
1 0.490625 0.5694444444444444 0.022916666666666665 0.016666666666666666
1 0.7416666666666667 0.5597222222222222 0.004166666666666667 0.002777777777777778
1 0.834375 0.5611111111111111 0.010416666666666666 0.011111111111111112
1 0.5052083333333334 0.5597222222222222 0.010416666666666666 0.008333333333333333
1 0.7520833333333333 0.5638888888888889 0.025 0.022222222222222223
1 0.8197916666666667 0.5472222222222223 0.0020833333333333333 0.005555555555555556
1 0.7854166666666667 0.5486111111111112 0.03333333333333333 0.013888888888888888
1 0.796875 0.5305555555555556 0.0020833333333333333 0.005555555555555556
1 0.5875 0.5291666666666667 0.058333333333333334 0.025
1 0.9885416666666667 0.5097222222222222 0.0020833333333333333 0.002777777777777778
1 0.5364583333333334 0.5055555555555555 0.0020833333333333333 0.005555555555555556
1 0.796875 0.4986111111111111 0.010416666666666666 0.025
1 0.878125 0.4791666666666667 0.0020833333333333333 0.002777777777777778
1 0.8135416666666667 0.47638888888888886 0.027083333333333334 0.030555555555555555
1 0.828125 0.4597222222222222 0.0020833333333333333 0.002777777777777778
1 0.7645833333333333 0.40694444444444444 0.004166666666666667 0.008333333333333333
1 0.78125 0.44583333333333336 0.06666666666666667 0.125
1 0.203125 0.38472222222222224 0.0020833333333333333 0.002777777777777778
1 0.134375 0.3625 0.0020833333333333333 0.002777777777777778
1 0.6822916666666666 0.3458333333333333 0.0020833333333333333 0.002777777777777778
1 0.20729166666666668 0.3402777777777778 0.0020833333333333333 0.002777777777777778
1 0.12604166666666666 0.3263888888888889 0.0020833333333333333 0.002777777777777778
1 0.6239583333333333 0.2847222222222222 0.0020833333333333333 0.002777777777777778
1 0.9520833333333333 0.2708333333333333 0.0125 0.019444444444444445
1 0.11770833333333333 0.25416666666666665 0.0020833333333333333 0.002777777777777778
1 0.8895833333333333 0.39166666666666666 0.22083333333333333 0.28888888888888886
1 0.684375 0.24444444444444444 0.01875 0.016666666666666666
1 0.5885416666666666 0.23194444444444445 0.0020833333333333333 0.002777777777777778
1 0.625 0.24305555555555555 0.0125 0.03611111111111111
1 0.125 0.23055555555555557 0.008333333333333333 0.011111111111111112
1 0.11666666666666667 0.22916666666666666 0.004166666666666667 0.008333333333333333
1 0.10729166666666666 0.225 0.0020833333333333333 0.005555555555555556
1 0.9625 0.21944444444444444 0.004166666666666667 0.005555555555555556
1 0.17083333333333334 0.21805555555555556 0.008333333333333333 0.008333333333333333
1 0.9260416666666667 0.21666666666666667 0.010416666666666666 0.011111111111111112
1 0.759375 0.2125 0.0020833333333333333 0.002777777777777778
1 0.7729166666666667 0.2152777777777778 0.0125 0.019444444444444445
1 0.66875 0.20972222222222223 0.004166666666666667 0.008333333333333333
1 0.7572916666666667 0.20555555555555555 0.0020833333333333333 0.005555555555555556
1 0.9364583333333333 0.20416666666666666 0.00625 0.008333333333333333
1 0.6875 0.20416666666666666 0.016666666666666666 0.019444444444444445
1 0.9385416666666667 0.19444444444444445 0.0020833333333333333 0.005555555555555556
1 0.096875 0.19166666666666668 0.0020833333333333333 0.005555555555555556
1 0.9229166666666667 0.19722222222222222 0.0125 0.022222222222222223
1 0.76875 0.2 0.008333333333333333 0.027777777777777776
1 0.7166666666666667 0.22083333333333333 0.03333333333333333 0.075
1 0.6395833333333333 0.18611111111111112 0.004166666666666667 0.005555555555555556
1 0.6145833333333334 0.18888888888888888 0.0125 0.011111111111111112
1 0.5822916666666667 0.18472222222222223 0.0020833333333333333 0.002777777777777778
1 0.18645833333333334 0.18472222222222223 0.0020833333333333333 0.002777777777777778
1 0.225 0.17777777777777778 0.004166666666666667 0.005555555555555556
1 0.8177083333333334 0.19166666666666668 0.022916666666666665 0.03888888888888889
1 0.6760416666666667 0.17777777777777778 0.014583333333333334 0.022222222222222223
1 0.5927083333333333 0.16805555555555557 0.0020833333333333333 0.002777777777777778
1 0.88125 0.16666666666666666 0.004166666666666667 0.005555555555555556
1 0.765625 0.16944444444444445 0.0020833333333333333 0.016666666666666666
1 0.7416666666666667 0.1736111111111111 0.020833333333333332 0.025
1 0.8885416666666667 0.15416666666666667 0.0020833333333333333 0.002777777777777778
1 0.796875 0.18055555555555555 0.04375 0.05555555555555555
1 0.057291666666666664 0.25555555555555554 0.11458333333333333 0.20555555555555555
1 0.215625 0.1486111111111111 0.0020833333333333333 0.002777777777777778
1 0.8239583333333333 0.1597222222222222 0.01875 0.030555555555555555
1 0.22604166666666667 0.14444444444444443 0.014583333333333334 0.005555555555555556
1 0.21354166666666666 0.14305555555555555 0.00625 0.002777777777777778
1 0.7708333333333334 0.14722222222222223 0.008333333333333333 0.022222222222222223
1 0.825 0.1375 0.008333333333333333 0.008333333333333333
1 0.9854166666666667 0.1736111111111111 0.029166666666666667 0.08611111111111111
1 0.4635416666666667 0.13194444444444445 0.0020833333333333333 0.002777777777777778
1 0.17395833333333333 0.1486111111111111 0.03125 0.03611111111111111
1 0.6614583333333334 0.14444444444444443 0.014583333333333334 0.044444444444444446
1 0.203125 0.11805555555555555 0.0020833333333333333 0.002777777777777778
1 0.6489583333333333 0.09027777777777778 0.0020833333333333333 0.002777777777777778
1 0.16354166666666667 0.09444444444444444 0.010416666666666666 0.011111111111111112
1 0.6427083333333333 0.0875 0.0020833333333333333 0.002777777777777778
1 0.22916666666666666 0.09444444444444444 0.0125 0.016666666666666666
1 0.490625 0.09027777777777778 0.014583333333333334 0.013888888888888888
1 0.35104166666666664 0.08472222222222223 0.0020833333333333333 0.002777777777777778
1 0.328125 0.08472222222222223 0.0020833333333333333 0.002777777777777778
1 0.3885416666666667 0.0875 0.01875 0.013888888888888888
1 0.509375 0.07916666666666666 0.0020833333333333333 0.002777777777777778
1 0.3927083333333333 0.0763888888888889 0.0020833333333333333 0.002777777777777778
1 0.65625 0.07361111111111111 0.0125 0.008333333333333333
1 0.9552083333333333 0.10555555555555556 0.04791666666666667 0.07777777777777778
1 0.9520833333333333 0.06805555555555555 0.004166666666666667 0.008333333333333333
1 0.5291666666666667 0.06666666666666667 0.004166666666666667 0.005555555555555556
1 0.36770833333333336 0.06527777777777778 0.0020833333333333333 0.002777777777777778
1 0.9614583333333333 0.0625 0.0020833333333333333 0.002777777777777778
1 0.9322916666666666 0.0625 0.0020833333333333333 0.002777777777777778
1 0.8958333333333334 0.0625 0.008333333333333333 0.008333333333333333
1 0.353125 0.059722222222222225 0.0020833333333333333 0.002777777777777778
1 0.6385416666666667 0.059722222222222225 0.00625 0.008333333333333333
1 0.4979166666666667 0.06805555555555555 0.020833333333333332 0.025
1 0.3645833333333333 0.05694444444444444 0.004166666666666667 0.008333333333333333
1 0.6947916666666667 0.04027777777777778 0.0020833333333333333 0.002777777777777778
1 0.2760416666666667 0.03194444444444444 0.0020833333333333333 0.002777777777777778
1 0.2625 0.043055555555555555 0.0375 0.030555555555555555
1 0.5166666666666667 0.04583333333333333 0.0125 0.04722222222222222
1 0.3854166666666667 0.025 0.004166666666666667 0.005555555555555556
1 0.271875 0.018055555555555554 0.0020833333333333333 0.002777777777777778
1 0.59375 0.013888888888888888 0.004166666666666667 0.005555555555555556
1 0.6020833333333333 0.016666666666666666 0.008333333333333333 0.016666666666666666
1 0.39375 0.03611111111111111 0.03333333333333333 0.05555555555555555
1 0.3697916666666667 0.02361111111111111 0.01875 0.030555555555555555
1 0.5010416666666667 0.006944444444444444 0.0020833333333333333 0.002777777777777778
1 0.25104166666666666 0.0125 0.035416666666666666 0.013888888888888888
1 0.5052083333333334 0.004166666666666667 0.0020833333333333333 0.002777777777777778
1 0.990625 0.011111111111111112 0.01875 0.022222222222222223
1 0.975 0.0375 0.05 0.075
1 0.9177083333333333 0.075 0.06041666666666667 0.15
1 0.86875 0.001388888888888889 0.004166666666666667 0.002777777777777778
1 0.784375 0.1111111111111111 0.20208333333333334 0.2222222222222222
1 0.6989583333333333 0.018055555555555554 0.01875 0.03611111111111111
1 0.6364583333333333 0.005555555555555556 0.022916666666666665 0.011111111111111112
1 0.64375 0.041666666666666664 0.075 0.08333333333333333
1 0.6010416666666667 0.001388888888888889 0.0020833333333333333 0.002777777777777778
1 0.5947916666666667 0.001388888888888889 0.0020833333333333333 0.002777777777777778
1 0.584375 0.002777777777777778 0.010416666666666666 0.005555555555555556
1 0.5104166666666666 0.002777777777777778 0.004166666666666667 0.005555555555555556
1 0.48541666666666666 0.5 0.7416666666666667 1.0
