0 0.35208333333333336 0.67265625 0.004166666666666667 0.0015625
0 0.346875 0.66640625 0.01875 0.0078125
0 0.33958333333333335 0.66015625 0.004166666666666667 0.0015625
0 0.36770833333333336 0.659375 0.0020833333333333333 0.003125
0 0.6135416666666667 0.65234375 0.0020833333333333333 0.0015625
0 0.515625 0.65234375 0.00625 0.0015625
0 0.36770833333333336 0.65390625 0.0020833333333333333 0.0046875
0 0.503125 0.64765625 0.0020833333333333333 0.0015625
0 0.5989583333333334 0.63984375 0.00625 0.0109375
0 0.4947916666666667 0.6375 0.00625 0.00625
0 0.6197916666666666 0.6375 0.00625 0.0125
0 0.6 0.61953125 0.016666666666666666 0.0078125
0 0.5604166666666667 0.6125 0.0125 0.00625
0 0.5875 0.6 0.008333333333333333 0.003125
0 0.5854166666666667 0.58515625 0.016666666666666666 0.0046875
0 0.4635416666666667 0.5765625 0.00625 0.003125
0 0.45625 0.5765625 0.004166666666666667 0.003125
0 0.496875 0.57890625 0.010416666666666666 0.0140625
0 0.546875 0.57109375 0.010416666666666666 0.0078125
0 0.40208333333333335 0.5609375 0.004166666666666667 0.00625
0 0.7010416666666667 0.5546875 0.014583333333333334 0.009375
0 0.6645833333333333 0.55 0.0125 0.00625
0 0.703125 0.54609375 0.0020833333333333333 0.0015625
0 0.45416666666666666 0.55859375 0.025 0.0265625
0 0.7020833333333333 0.5421875 0.004166666666666667 0.003125
0 0.6895833333333333 0.5375 0.004166666666666667 0.003125
0 0.4583333333333333 0.5390625 0.016666666666666666 0.015625
0 0.37083333333333335 0.5515625 0.07083333333333333 0.04375
0 0.41041666666666665 0.53125 0.016666666666666666 0.009375
0 0.7520833333333333 0.52734375 0.004166666666666667 0.0046875
0 0.31875 0.5234375 0.020833333333333332 0.0125
0 0.34270833333333334 0.51796875 0.00625 0.0078125
0 0.4552083333333333 0.51015625 0.0020833333333333333 0.0015625
0 0.590625 0.528125 0.06458333333333334 0.04375
0 0.5916666666666667 0.50390625 0.016666666666666666 0.0046875
0 0.7364583333333333 0.50625 0.027083333333333334 0.0125
0 0.7197916666666667 0.503125 0.00625 0.00625
0 0.6979166666666666 0.50234375 0.004166666666666667 0.0046875
0 0.453125 0.503125 0.00625 0.00625
0 0.4354166666666667 0.50703125 0.004166666666666667 0.0140625
0 0.7364583333333333 0.49296875 0.010416666666666666 0.0078125
0 0.6895833333333333 0.49375 0.0125 0.009375
0 0.359375 0.48984375 0.0020833333333333333 0.0015625
0 0.35208333333333336 0.490625 0.008333333333333333 0.003125
0 0.34479166666666666 0.48828125 0.0020833333333333333 0.0015625
0 0.5552083333333333 0.48515625 0.00625 0.0046875
0 0.35104166666666664 0.48515625 0.014583333333333334 0.0046875
0 0.3458333333333333 0.48046875 0.004166666666666667 0.0015625
0 0.5010416666666667 0.47734375 0.00625 0.0046875
0 0.3885416666666667 0.49609375 0.08125 0.0515625
0 0.515625 0.47421875 0.014583333333333334 0.0109375
0 0.4510416666666667 0.48203125 0.03958333333333333 0.0265625
0 0.690625 0.45859375 0.00625 0.0046875
0 0.7395833333333334 0.45234375 0.008333333333333333 0.0046875
0 0.771875 0.45390625 0.04791666666666667 0.0140625
0 0.43125 0.44609375 0.03333333333333333 0.0171875
0 0.7270833333333333 0.42734375 0.004166666666666667 0.0015625
0 0.775 0.4375 0.058333333333333334 0.03125
0 0.584375 0.42734375 0.035416666666666666 0.0171875
0 0.7354166666666667 0.4203125 0.008333333333333333 0.00625
0 0.5708333333333333 0.41875 0.008333333333333333 0.00625
0 0.43020833333333336 0.415625 0.0020833333333333333 0.003125
0 0.6072916666666667 0.4171875 0.00625 0.015625
0 0.4635416666666667 0.4125 0.00625 0.00625
0 0.7552083333333334 0.40859375 0.0020833333333333333 0.0015625
0 0.5458333333333333 0.403125 0.008333333333333333 0.00625
0 0.4875 0.39453125 0.008333333333333333 0.0078125
0 0.46979166666666666 0.390625 0.00625 0.009375
0 0.603125 0.3875 0.0020833333333333333 0.00625
0 0.43854166666666666 0.37578125 0.0020833333333333333 0.0015625
0 0.603125 0.37265625 0.0020833333333333333 0.0015625
0 0.5833333333333334 0.3734375 0.008333333333333333 0.003125
0 0.5552083333333333 0.3828125 0.03958333333333333 0.03125
0 0.9083333333333333 0.33359375 0.0125 0.0140625
0 0.95 0.31875 0.016666666666666666 0.015625
0 0.9135416666666667 0.290625 0.010416666666666666 0.00625
0 0.8604166666666667 0.2625 0.058333333333333334 0.05625
0 0.9489583333333333 0.2625 0.06875 0.059375
0 0.8635416666666667 0.23125 0.0020833333333333333 0.003125
0 0.8635416666666667 0.21484375 0.0020833333333333333 0.0046875
0 0.896875 0.21015625 0.0020833333333333333 0.0015625
0 0.8989583333333333 0.20546875 0.0020833333333333333 0.0015625
0 0.9572916666666667 0.20234375 0.010416666666666666 0.0046875
0 0.84375 0.203125 0.0125 0.00625
0 0.828125 0.19765625 0.00625 0.0015625
0 0.6864583333333333 0.1921875 0.0020833333333333333 0.003125
0 0.9270833333333334 0.1953125 0.07916666666666666 0.065625
0 0.896875 0.15546875 0.0020833333333333333 0.0015625
0 0.7739583333333333 0.21171875 0.16875 0.1234375
0 0.9916666666666667 0.15390625 0.016666666666666666 0.0328125
0 0.8677083333333333 0.13828125 0.0020833333333333333 0.0015625
0 0.8635416666666667 0.13671875 0.0020833333333333333 0.0015625
0 0.8135416666666667 0.13203125 0.014583333333333334 0.0046875
0 0.834375 0.12734375 0.0020833333333333333 0.0015625
0 0.90625 0.13671875 0.025 0.0234375
0 0.790625 0.13203125 0.01875 0.0140625
0 0.7239583333333334 0.12109375 0.0020833333333333333 0.0015625
0 0.8958333333333334 0.12265625 0.0125 0.0078125
0 0.721875 0.1203125 0.04791666666666667 0.028125
0 0.771875 0.1078125 0.05625 0.021875
0 0.825 0.09609375 0.004166666666666667 0.0015625
0 0.9302083333333333 0.05625 0.0020833333333333333 0.003125
0 0.9822916666666667 0.04765625 0.00625 0.0046875
0 0.9052083333333333 0.04296875 0.0020833333333333333 0.0015625
0 0.9302083333333333 0.04140625 0.0020833333333333333 0.0015625
0 0.93125 0.03671875 0.004166666666666667 0.0015625
0 0.8020833333333334 0.05078125 0.058333333333333334 0.0453125
0 0.953125 0.01796875 0.09375 0.0359375
0 0.9125 0.06015625 0.175 0.1203125
1 0.8322916666666667 0.70703125 0.0020833333333333333 0.0046875
1 0.8229166666666666 0.71015625 0.016666666666666666 0.0140625
1 0.8166666666666667 0.69921875 0.004166666666666667 0.0015625
1 0.7979166666666667 0.696875 0.004166666666666667 0.003125
1 0.8260416666666667 0.69609375 0.014583333333333334 0.0109375
1 0.35520833333333335 0.67734375 0.0020833333333333333 0.0015625
1 0.5166666666666667 0.678125 0.008333333333333333 0.00625
1 0.36041666666666666 0.67578125 0.004166666666666667 0.0015625
1 0.34791666666666665 0.67578125 0.004166666666666667 0.0015625
1 0.5052083333333334 0.67578125 0.010416666666666666 0.0078125
1 0.5322916666666667 0.67109375 0.0020833333333333333 0.0015625
1 0.3302083333333333 0.671875 0.00625 0.003125
1 0.32395833333333335 0.67109375 0.0020833333333333333 0.0015625
1 0.31979166666666664 0.6703125 0.0020833333333333333 0.003125
1 0.5052083333333334 0.66796875 0.0020833333333333333 0.0015625
1 0.32395833333333335 0.66796875 0.0020833333333333333 0.0015625
1 0.36875 0.6671875 0.004166666666666667 0.003125
1 0.496875 0.6671875 0.010416666666666666 0.00625
1 0.5052083333333334 0.6625 0.00625 0.00625
1 0.5989583333333334 0.65546875 0.0020833333333333333 0.0015625
1 0.2677083333333333 0.65390625 0.0020833333333333333 0.0015625
1 0.2604166666666667 0.6546875 0.008333333333333333 0.003125
1 0.4864583333333333 0.6609375 0.00625 0.021875
1 0.3104166666666667 0.65859375 0.020833333333333332 0.0171875
1 0.690625 0.64921875 0.0020833333333333333 0.0015625
1 0.259375 0.64921875 0.0020833333333333333 0.0015625
1 0.49166666666666664 0.6515625 0.008333333333333333 0.009375
1 0.590625 0.646875 0.0020833333333333333 0.003125
1 0.628125 0.64296875 0.0020833333333333333 0.0015625
1 0.5510416666666667 0.64296875 0.0020833333333333333 0.0015625
1 0.2833333333333333 0.6453125 0.03333333333333333 0.009375
1 0.684375 0.63984375 0.0020833333333333333 0.0015625
1 0.5552083333333333 0.63828125 0.0020833333333333333 0.0015625
1 0.465625 0.63828125 0.0020833333333333333 0.0015625
1 0.590625 0.63828125 0.0020833333333333333 0.0046875
1 0.259375 0.63671875 0.0020833333333333333 0.0015625
1 0.6729166666666667 0.6359375 0.004166666666666667 0.003125
1 0.26145833333333335 0.63203125 0.0020833333333333333 0.0015625
1 0.665625 0.63203125 0.00625 0.0046875
1 0.671875 0.62890625 0.0020833333333333333 0.0015625
1 0.684375 0.62734375 0.0020833333333333333 0.0015625
1 0.659375 0.62734375 0.0020833333333333333 0.0015625
1 0.6947916666666667 0.6265625 0.0020833333333333333 0.003125
1 0.6885416666666667 0.62578125 0.0020833333333333333 0.0015625
1 0.665625 0.6265625 0.00625 0.003125
1 0.6802083333333333 0.62421875 0.0020833333333333333 0.0015625
1 0.690625 0.62265625 0.0020833333333333333 0.0015625
1 0.6864583333333333 0.62109375 0.0020833333333333333 0.0015625
1 0.678125 0.62109375 0.0020833333333333333 0.0015625
1 0.503125 0.625 0.00625 0.009375
1 0.6885416666666667 0.61796875 0.0020833333333333333 0.0015625
1 0.671875 0.61796875 0.0020833333333333333 0.0015625
1 0.6677083333333333 0.61875 0.0020833333333333333 0.003125
1 0.6541666666666667 0.62109375 0.008333333333333333 0.0078125
1 0.621875 0.628125 0.014583333333333334 0.021875
1 0.2760416666666667 0.61796875 0.0020833333333333333 0.0015625
1 0.6114583333333333 0.61640625 0.0020833333333333333 0.0015625
1 0.6072916666666667 0.6140625 0.0020833333333333333 0.003125
1 0.4479166666666667 0.62890625 0.08333333333333333 0.0328125
1 0.6697916666666667 0.61171875 0.0020833333333333333 0.0015625
1 0.27708333333333335 0.62890625 0.0375 0.0359375
1 0.6885416666666667 0.61015625 0.0020833333333333333 0.0015625
1 0.6822916666666666 0.60703125 0.0020833333333333333 0.0015625
1 0.678125 0.60546875 0.0020833333333333333 0.0015625
1 0.6635416666666667 0.60390625 0.0020833333333333333 0.0015625
1 0.66875 0.603125 0.004166666666666667 0.003125
1 0.290625 0.60234375 0.0020833333333333333 0.0015625
1 0.296875 0.603125 0.010416666666666666 0.015625
1 0.646875 0.60546875 0.03125 0.0234375
1 0.56875 0.59296875 0.008333333333333333 0.0046875
1 0.5458333333333333 0.5921875 0.025 0.00625
1 0.5145833333333333 0.59375 0.025 0.009375
1 0.6697916666666667 0.58828125 0.0020833333333333333 0.0015625
1 0.6635416666666667 0.58671875 0.0020833333333333333 0.0015625
1 0.659375 0.58671875 0.0020833333333333333 0.0015625
1 0.2875 0.5890625 0.008333333333333333 0.00625
1 0.678125 0.58515625 0.00625 0.0046875
1 0.5989583333333334 0.58203125 0.0020833333333333333 0.0015625
1 0.27395833333333336 0.5796875 0.00625 0.009375
1 0.5364583333333334 0.57109375 0.0020833333333333333 0.0015625
1 0.5364583333333334 0.5671875 0.0020833333333333333 0.003125
1 0.7 0.5640625 0.004166666666666667 0.003125
1 0.7020833333333333 0.56015625 0.004166666666666667 0.0015625
1 0.5572916666666666 0.5578125 0.01875 0.0125
1 0.5177083333333333 0.5625 0.022916666666666665 0.025
1 0.64375 0.54765625 0.008333333333333333 0.0046875
1 0.6395833333333333 0.54453125 0.004166666666666667 0.0015625
1 0.6822916666666666 0.54296875 0.0020833333333333333 0.0015625
1 0.646875 0.54296875 0.0020833333333333333 0.0015625
1 0.603125 0.53984375 0.00625 0.0046875
1 0.7447916666666666 0.53515625 0.010416666666666666 0.0015625
1 0.7364583333333333 0.53359375 0.0020833333333333333 0.0015625
1 0.728125 0.53359375 0.0020833333333333333 0.0015625
1 0.696875 0.53046875 0.0020833333333333333 0.0015625
1 0.7166666666666667 0.53046875 0.016666666666666666 0.0046875
1 0.6229166666666667 0.5921875 0.17916666666666667 0.13125
1 0.7020833333333333 0.5265625 0.004166666666666667 0.003125
1 0.6864583333333333 0.52578125 0.0020833333333333333 0.0015625
1 0.5520833333333334 0.528125 0.0125 0.00625
1 0.38229166666666664 0.52890625 0.01875 0.0078125
1 0.64375 0.5234375 0.004166666666666667 0.003125
1 0.7635416666666667 0.52734375 0.022916666666666665 0.0140625
1 0.690625 0.51796875 0.010416666666666666 0.0046875
1 0.5302083333333333 0.515625 0.0020833333333333333 0.003125
1 0.3020833333333333 0.5171875 0.004166666666666667 0.00625
1 0.34270833333333334 0.51015625 0.0020833333333333333 0.0015625
1 0.471875 0.50859375 0.0020833333333333333 0.0015625
1 0.6208333333333333 0.50703125 0.008333333333333333 0.0078125
1 0.690625 0.50234375 0.0020833333333333333 0.0015625
1 0.3625 0.51328125 0.029166666666666667 0.0265625
1 0.7708333333333334 0.50859375 0.0125 0.0203125
1 0.7322916666666667 0.48828125 0.052083333333333336 0.0140625
1 0.7322916666666667 0.48125 0.0020833333333333333 0.003125
1 0.53125 0.47734375 0.004166666666666667 0.0046875
1 0.47291666666666665 0.48125 0.008333333333333333 0.015625
1 0.4041666666666667 0.56484375 0.25 0.1921875
1 0.42604166666666665 0.471875 0.010416666666666666 0.00625
1 0.46770833333333334 0.46953125 0.00625 0.0046875
1 0.490625 0.46640625 0.0020833333333333333 0.0015625
1 0.7739583333333333 0.46484375 0.0020833333333333333 0.0015625
1 0.459375 0.465625 0.00625 0.003125
1 0.7885416666666667 0.46171875 0.0020833333333333333 0.0015625
1 0.746875 0.46171875 0.0020833333333333333 0.0015625
1 0.740625 0.46796875 0.00625 0.0140625
1 0.371875 0.46171875 0.0020833333333333333 0.0015625
1 0.7489583333333333 0.45859375 0.0020833333333333333 0.0015625
1 0.45625 0.46015625 0.004166666666666667 0.0046875
1 0.415625 0.45859375 0.0020833333333333333 0.0015625
1 0.8041666666666667 0.45703125 0.004166666666666667 0.0015625
1 0.7447916666666666 0.45703125 0.0020833333333333333 0.0015625
1 0.4822916666666667 0.45703125 0.0020833333333333333 0.0015625
1 0.47708333333333336 0.45703125 0.004166666666666667 0.0046875
1 0.453125 0.45546875 0.0020833333333333333 0.0015625
1 0.4083333333333333 0.45703125 0.008333333333333333 0.0046875
1 0.4010416666666667 0.45546875 0.0020833333333333333 0.0015625
1 0.38645833333333335 0.45546875 0.0020833333333333333 0.0015625
1 0.38229166666666664 0.45390625 0.0020833333333333333 0.0015625
1 0.37604166666666666 0.45625 0.00625 0.00625
1 0.39479166666666665 0.45390625 0.010416666666666666 0.0046875
1 0.8114583333333333 0.45234375 0.00625 0.0046875
1 0.6895833333333333 0.4703125 0.041666666666666664 0.040625
1 0.6072916666666667 0.45390625 0.01875 0.0078125
1 0.4635416666666667 0.44921875 0.00625 0.0046875
1 0.475 0.44609375 0.004166666666666667 0.0015625
1 0.4822916666666667 0.44453125 0.0020833333333333333 0.0015625
1 0.47604166666666664 0.44296875 0.0020833333333333333 0.0015625
1 0.40208333333333335 0.44453125 0.008333333333333333 0.0046875
1 0.8729166666666667 0.4453125 0.008333333333333333 0.009375
1 0.8104166666666667 0.44375 0.008333333333333333 0.009375
1 0.8072916666666666 0.43671875 0.0020833333333333333 0.0015625
1 0.7166666666666667 0.4546875 0.03333333333333333 0.040625
1 0.465625 0.43515625 0.0020833333333333333 0.0015625
1 0.45729166666666665 0.43359375 0.0020833333333333333 0.0015625
1 0.44895833333333335 0.43359375 0.0020833333333333333 0.0015625
1 0.4354166666666667 0.43515625 0.025 0.0078125
1 0.8322916666666667 0.43125 0.0020833333333333333 0.003125
1 0.4166666666666667 0.43046875 0.004166666666666667 0.0015625
1 0.79375 0.4296875 0.004166666666666667 0.003125
1 0.465625 0.4296875 0.0020833333333333333 0.003125
1 0.45729166666666665 0.4296875 0.010416666666666666 0.003125
1 0.44895833333333335 0.42890625 0.0020833333333333333 0.0015625
1 0.7885416666666667 0.42734375 0.0020833333333333333 0.0015625
1 0.4822916666666667 0.42734375 0.0020833333333333333 0.0015625
1 0.778125 0.42421875 0.0020833333333333333 0.0015625
1 0.42604166666666665 0.42421875 0.0020833333333333333 0.0015625
1 0.7739583333333333 0.42265625 0.0020833333333333333 0.0015625
1 0.7677083333333333 0.42265625 0.0020833333333333333 0.0015625
1 0.7635416666666667 0.42265625 0.0020833333333333333 0.0015625
1 0.5135416666666667 0.43046875 0.052083333333333336 0.0265625
1 0.7958333333333333 0.41484375 0.020833333333333332 0.0078125
1 0.7625 0.4140625 0.008333333333333333 0.00625
1 0.8291666666666667 0.41171875 0.008333333333333333 0.0046875
1 0.553125 0.4140625 0.014583333333333334 0.015625
1 0.99375 0.409375 0.0125 0.015625
1 0.5625 0.403125 0.004166666666666667 0.003125
1 0.8177083333333334 0.4015625 0.00625 0.003125
1 0.578125 0.40625 0.022916666666666665 0.0125
1 0.428125 0.39921875 0.0020833333333333333 0.0015625
1 0.4479166666666667 0.4015625 0.0125 0.009375
1 0.8166666666666667 0.3953125 0.004166666666666667 0.003125
1 0.490625 0.38671875 0.0020833333333333333 0.0015625
1 0.7083333333333334 0.42265625 0.11666666666666667 0.0765625
1 0.48125 0.38671875 0.008333333333333333 0.0046875
1 0.49583333333333335 0.384375 0.004166666666666667 0.003125
1 0.46979166666666666 0.38203125 0.0020833333333333333 0.0015625
1 0.8864583333333333 0.37890625 0.03958333333333333 0.0078125
1 0.43125 0.378125 0.004166666666666667 0.00625
1 0.5895833333333333 0.46171875 0.20416666666666666 0.1765625
1 0.8625 0.371875 0.004166666666666667 0.003125
1 0.6114583333333333 0.37109375 0.0020833333333333333 0.0015625
1 0.9020833333333333 0.36953125 0.004166666666666667 0.0078125
1 0.8604166666666667 0.3671875 0.004166666666666667 0.003125
1 0.7895833333333333 0.36640625 0.004166666666666667 0.0015625
1 0.565625 0.36484375 0.0020833333333333333 0.0015625
1 0.5489583333333333 0.36484375 0.0020833333333333333 0.0015625
1 0.5145833333333333 0.39375 0.05416666666666667 0.059375
1 0.934375 0.36328125 0.0020833333333333333 0.0015625
1 0.7885416666666667 0.36328125 0.0020833333333333333 0.0015625
1 0.784375 0.36328125 0.0020833333333333333 0.0015625
1 0.78125 0.36953125 0.0125 0.0140625
1 0.5614583333333333 0.36328125 0.0020833333333333333 0.0015625
1 0.9229166666666667 0.36640625 0.020833333333333332 0.0109375
1 0.8041666666666667 0.3640625 0.008333333333333333 0.00625
1 0.5895833333333333 0.36484375 0.041666666666666664 0.0078125
1 0.9364583333333333 0.36015625 0.0020833333333333333 0.0015625
1 0.8072916666666666 0.36015625 0.0020833333333333333 0.0015625
1 0.803125 0.35546875 0.0020833333333333333 0.0015625
1 0.8114583333333333 0.35234375 0.0020833333333333333 0.0015625
1 0.79375 0.35234375 0.008333333333333333 0.0015625
1 0.784375 0.353125 0.00625 0.003125
1 0.9114583333333334 0.3484375 0.010416666666666666 0.003125
1 0.7708333333333334 0.34453125 0.008333333333333333 0.0015625
1 0.9927083333333333 0.34296875 0.0020833333333333333 0.0046875
1 0.303125 0.32890625 0.0020833333333333333 0.0015625
1 0.9270833333333334 0.32734375 0.004166666666666667 0.0015625
1 0.325 0.325 0.008333333333333333 0.003125
1 0.27395833333333336 0.32421875 0.0020833333333333333 0.0015625
1 0.9875 0.3234375 0.004166666666666667 0.003125
1 0.93125 0.3234375 0.004166666666666667 0.003125
1 0.8958333333333334 0.32421875 0.004166666666666667 0.0046875
1 0.321875 0.32109375 0.0020833333333333333 0.0015625
1 0.29375 0.3234375 0.0125 0.00625
1 0.7520833333333333 0.321875 0.008333333333333333 0.00625
1 0.26666666666666666 0.31953125 0.004166666666666667 0.0046875
1 0.29270833333333335 0.3171875 0.00625 0.003125
1 0.259375 0.31484375 0.0020833333333333333 0.0015625
1 0.8260416666666667 0.31328125 0.014583333333333334 0.0046875
1 0.2864583333333333 0.3125 0.0020833333333333333 0.003125
1 0.8145833333333333 0.3109375 0.004166666666666667 0.003125
1 0.928125 0.3140625 0.010416666666666666 0.0125
1 0.28229166666666666 0.30859375 0.0020833333333333333 0.0015625
1 0.278125 0.30859375 0.0020833333333333333 0.0015625
1 0.275 0.31640625 0.025 0.0171875
1 0.8697916666666666 0.30703125 0.0020833333333333333 0.0015625
1 0.815625 0.30703125 0.0020833333333333333 0.0015625
1 0.28229166666666666 0.30546875 0.0020833333333333333 0.0015625
1 0.8385416666666666 0.30234375 0.0020833333333333333 0.0015625
1 0.984375 0.30078125 0.0020833333333333333 0.0015625
1 0.8697916666666666 0.29921875 0.0020833333333333333 0.0015625
1 0.9916666666666667 0.2984375 0.004166666666666667 0.003125
1 0.9552083333333333 0.328125 0.08958333333333333 0.0625
1 0.8354166666666667 0.303125 0.008333333333333333 0.0125
1 0.8020833333333334 0.2984375 0.004166666666666667 0.003125
1 0.9979166666666667 0.29765625 0.004166666666666667 0.0046875
1 0.846875 0.29609375 0.0020833333333333333 0.0015625
1 0.8760416666666667 0.29453125 0.0020833333333333333 0.0015625
1 0.9739583333333334 0.29375 0.0020833333333333333 0.003125
1 0.8479166666666667 0.29375 0.029166666666666667 0.003125
1 0.8614583333333333 0.290625 0.010416666666666666 0.003125
1 0.9291666666666667 0.28828125 0.004166666666666667 0.0078125
1 0.8677083333333333 0.284375 0.0020833333333333333 0.003125
1 0.7729166666666667 0.27734375 0.004166666666666667 0.0015625
1 0.9927083333333333 0.271875 0.014583333333333334 0.00625
1 0.753125 0.26796875 0.0020833333333333333 0.0046875
1 0.746875 0.2640625 0.010416666666666666 0.003125
1 0.7239583333333334 0.26328125 0.0020833333333333333 0.0015625
1 0.8041666666666667 0.28125 0.05416666666666667 0.04375
1 0.996875 0.2609375 0.00625 0.009375
1 0.7177083333333333 0.25703125 0.0020833333333333333 0.0015625
1 0.715625 0.25390625 0.0020833333333333333 0.0015625
1 0.8385416666666666 0.2515625 0.022916666666666665 0.009375
1 0.6989583333333333 0.23203125 0.0020833333333333333 0.0015625
1 0.690625 0.23203125 0.0020833333333333333 0.0015625
1 0.6833333333333333 0.23203125 0.004166666666666667 0.0015625
1 0.7104166666666667 0.23125 0.004166666666666667 0.003125
1 0.946875 0.22890625 0.0020833333333333333 0.0015625
1 0.6760416666666667 0.22734375 0.0020833333333333333 0.0015625
1 0.66875 0.228125 0.004166666666666667 0.003125
1 0.9979166666666667 0.2265625 0.004166666666666667 0.003125
1 0.9385416666666667 0.22734375 0.010416666666666666 0.0046875
1 0.8854166666666666 0.2921875 0.07083333333333333 0.134375
1 0.8739583333333333 0.22578125 0.0020833333333333333 0.0015625
1 0.6614583333333334 0.22421875 0.0020833333333333333 0.0015625
1 0.7104166666666667 0.21640625 0.020833333333333332 0.0078125
1 0.9666666666666667 0.2296875 0.0375 0.0375
1 0.6583333333333333 0.2140625 0.0125 0.00625
1 0.6760416666666667 0.2125 0.014583333333333334 0.00625
1 0.659375 0.19296875 0.014583333333333334 0.0109375
1 0.9895833333333334 0.1921875 0.020833333333333332 0.03125
1 0.8770833333333333 0.1859375 0.0125 0.021875
1 0.32395833333333335 0.17265625 0.0020833333333333333 0.0015625
1 0.7572916666666667 0.16171875 0.0020833333333333333 0.0015625
1 0.7260416666666667 0.15390625 0.00625 0.0078125
1 0.7916666666666666 0.14921875 0.008333333333333333 0.0015625
1 0.7822916666666667 0.14765625 0.0020833333333333333 0.0015625
1 0.8385416666666666 0.14609375 0.0020833333333333333 0.0015625
1 0.7239583333333334 0.14609375 0.00625 0.0046875
1 0.8302083333333333 0.140625 0.00625 0.003125
1 0.71875 0.13984375 0.004166666666666667 0.0046875
1 0.765625 0.13671875 0.010416666666666666 0.0046875
1 0.765625 0.13203125 0.0020833333333333333 0.0015625
1 0.9510416666666667 0.1453125 0.07708333333333334 0.059375
1 0.8395833333333333 0.13828125 0.09583333333333334 0.0484375
1 0.7635416666666667 0.1015625 0.00625 0.003125
1 0.8114583333333333 0.08203125 0.010416666666666666 0.0171875
1 0.7854166666666667 0.084375 0.025 0.021875
1 0.8229166666666666 0.07265625 0.004166666666666667 0.0015625
1 0.9625 0.05234375 0.004166666666666667 0.0046875
1 0.9135416666666667 0.04765625 0.0020833333333333333 0.0015625
1 0.903125 0.0484375 0.00625 0.003125
1 0.909375 0.04609375 0.0020833333333333333 0.0015625
1 0.8895833333333333 0.053125 0.020833333333333332 0.015625
1 0.91875 0.040625 0.008333333333333333 0.015625
1 0.83125 0.025 0.004166666666666667 0.003125
1 0.9072916666666667 0.0234375 0.0020833333333333333 0.003125
1 0.9135416666666667 0.01953125 0.0020833333333333333 0.0046875
1 0.2677083333333333 0.01796875 0.0020833333333333333 0.0015625
1 0.8989583333333333 0.00546875 0.0020833333333333333 0.0015625
1 0.9010416666666666 0.00234375 0.00625 0.0046875
