0 0.990625 0.87578125 0.01875 0.0171875
0 0.9947916666666666 0.85390625 0.010416666666666666 0.0234375
0 0.9822916666666667 0.83671875 0.0020833333333333333 0.0015625
0 0.94375 0.8125 0.0125 0.00625
0 0.9385416666666667 0.78359375 0.0020833333333333333 0.0015625
0 0.9364583333333333 0.78046875 0.0020833333333333333 0.0015625
0 0.9072916666666667 0.71171875 0.0020833333333333333 0.0015625
0 0.8833333333333333 0.68359375 0.03333333333333333 0.0171875
0 0.5520833333333334 0.675 0.004166666666666667 0.00625
0 0.44479166666666664 0.66015625 0.0020833333333333333 0.0015625
0 0.9041666666666667 0.6546875 0.004166666666666667 0.003125
0 0.903125 0.65 0.0020833333333333333 0.003125
0 0.9989583333333333 0.64765625 0.0020833333333333333 0.0015625
0 0.5333333333333333 0.6546875 0.025 0.034375
0 0.8854166666666666 0.634375 0.004166666666666667 0.003125
0 0.3729166666666667 0.64296875 0.020833333333333332 0.0203125
0 0.5416666666666666 0.6328125 0.0125 0.009375
0 0.38229166666666664 0.62421875 0.0020833333333333333 0.0015625
0 0.403125 0.62421875 0.0020833333333333333 0.0046875
0 0.903125 0.61796875 0.0020833333333333333 0.0015625
0 0.940625 0.61640625 0.0020833333333333333 0.0015625
0 0.5729166666666666 0.61484375 0.0125 0.0140625
0 0.4625 0.60703125 0.004166666666666667 0.0015625
0 0.3885416666666667 0.58046875 0.035416666666666666 0.0453125
0 0.48125 0.50859375 0.008333333333333333 0.0046875
0 0.45208333333333334 0.5109375 0.008333333333333333 0.009375
0 0.9916666666666667 0.496875 0.008333333333333333 0.003125
0 0.39791666666666664 0.4875 0.008333333333333333 0.009375
0 0.45625 0.48203125 0.016666666666666666 0.0109375
0 0.3875 0.47734375 0.004166666666666667 0.0015625
0 0.5427083333333333 0.478125 0.035416666666666666 0.025
0 0.525 0.46328125 0.008333333333333333 0.0078125
0 0.46979166666666666 0.46015625 0.0020833333333333333 0.0046875
0 0.9916666666666667 0.4546875 0.004166666666666667 0.003125
0 0.4864583333333333 0.453125 0.00625 0.003125
0 0.3572916666666667 0.4515625 0.0020833333333333333 0.003125
0 0.996875 0.4515625 0.00625 0.00625
0 0.8083333333333333 0.44765625 0.0125 0.0046875
0 0.5364583333333334 0.4390625 0.00625 0.003125
0 0.9729166666666667 0.4359375 0.004166666666666667 0.003125
0 0.5197916666666667 0.434375 0.022916666666666665 0.015625
0 0.39791666666666664 0.4625 0.058333333333333334 0.071875
0 0.9927083333333333 0.42421875 0.014583333333333334 0.0203125
0 0.4552083333333333 0.41171875 0.00625 0.0046875
0 0.9427083333333334 0.40703125 0.0020833333333333333 0.0015625
0 0.8322916666666667 0.39921875 0.0020833333333333333 0.0015625
0 0.828125 0.39921875 0.0020833333333333333 0.0015625
0 0.115625 0.403125 0.06458333333333334 0.025
0 0.071875 0.39296875 0.010416666666666666 0.0078125
0 0.128125 0.37734375 0.0020833333333333333 0.0015625
0 0.990625 0.37265625 0.0020833333333333333 0.0015625
0 0.9510416666666667 0.37265625 0.0020833333333333333 0.0015625
0 0.9489583333333333 0.3890625 0.04791666666666667 0.034375
0 0.525 0.396875 0.075 0.05
0 0.9697916666666667 0.37109375 0.0020833333333333333 0.0015625
0 0.959375 0.37109375 0.0020833333333333333 0.0015625
0 0.24479166666666666 0.371875 0.010416666666666666 0.00625
0 0.9739583333333334 0.36796875 0.0020833333333333333 0.0015625
0 0.11354166666666667 0.36796875 0.0020833333333333333 0.0015625
0 0.11770833333333333 0.36640625 0.0020833333333333333 0.0015625
0 0.10729166666666666 0.36640625 0.00625 0.0046875
0 0.996875 0.37109375 0.00625 0.0171875
0 0.007291666666666667 0.3625 0.00625 0.003125
0 0.10520833333333333 0.35859375 0.0020833333333333333 0.0015625
0 0.09895833333333333 0.3640625 0.010416666666666666 0.0125
0 0.37395833333333334 0.35390625 0.0020833333333333333 0.0015625
0 0.9989583333333333 0.35390625 0.0020833333333333333 0.0078125
0 0.14583333333333334 0.36015625 0.0375 0.0234375
0 0.096875 0.3421875 0.010416666666666666 0.00625
0 0.9010416666666666 0.340625 0.00625 0.009375
0 0.16770833333333332 0.33203125 0.0020833333333333333 0.0015625
0 0.12916666666666668 0.32734375 0.004166666666666667 0.0015625
0 0.9489583333333333 0.32578125 0.0020833333333333333 0.0015625
0 0.13020833333333334 0.32421875 0.00625 0.0015625
0 0.91875 0.3359375 0.0375 0.03125
0 0.14479166666666668 0.321875 0.0020833333333333333 0.003125
0 0.12708333333333333 0.32109375 0.004166666666666667 0.0015625
0 0.990625 0.31953125 0.0020833333333333333 0.0015625
0 0.15833333333333333 0.3296875 0.058333333333333334 0.021875
0 0.928125 0.31640625 0.0020833333333333333 0.0015625
0 0.9625 0.315625 0.004166666666666667 0.003125
0 0.9635416666666666 0.3109375 0.0020833333333333333 0.003125
0 0.853125 0.29921875 0.00625 0.0015625
0 0.528125 0.29921875 0.0020833333333333333 0.0015625
0 0.06770833333333333 0.3046875 0.035416666666666666 0.0125
0 0.95 0.2984375 0.004166666666666667 0.003125
0 0.5395833333333333 0.3078125 0.025 0.025
0 0.5322916666666667 0.29296875 0.0020833333333333333 0.0015625
0 0.017708333333333333 0.29765625 0.035416666666666666 0.0203125
0 0.5260416666666666 0.28984375 0.014583333333333334 0.0078125
0 0.019791666666666666 0.28359375 0.0020833333333333333 0.0015625
0 0.019791666666666666 0.28046875 0.0020833333333333333 0.0015625
0 0.065625 0.27890625 0.0020833333333333333 0.0015625
0 0.915625 0.29453125 0.052083333333333336 0.0390625
0 0.26875 0.27734375 0.004166666666666667 0.0046875
0 0.021875 0.27578125 0.0020833333333333333 0.0015625
0 0.06979166666666667 0.275 0.0020833333333333333 0.003125
0 0.08229166666666667 0.26328125 0.0020833333333333333 0.0015625
0 0.06354166666666666 0.26328125 0.0020833333333333333 0.0015625
0 0.5479166666666667 0.2609375 0.004166666666666667 0.003125
0 0.096875 0.25859375 0.0020833333333333333 0.0015625
0 0.090625 0.25859375 0.0020833333333333333 0.0015625
0 0.04583333333333333 0.2515625 0.004166666666666667 0.003125
0 0.053125 0.24453125 0.0020833333333333333 0.0015625
0 0.5614583333333333 0.24296875 0.0020833333333333333 0.0015625
0 0.5760416666666667 0.24140625 0.0020833333333333333 0.0015625
0 0.5916666666666667 0.24609375 0.03333333333333333 0.0140625
0 0.5697916666666667 0.24453125 0.010416666666666666 0.0140625
0 0.553125 0.240625 0.00625 0.00625
0 0.2947916666666667 0.23828125 0.0020833333333333333 0.0015625
0 0.5635416666666667 0.23671875 0.0020833333333333333 0.0015625
0 0.309375 0.23671875 0.0020833333333333333 0.0015625
0 0.9416666666666667 0.23828125 0.0125 0.0078125
0 0.5479166666666667 0.23671875 0.004166666666666667 0.0046875
0 0.0020833333333333333 0.23671875 0.004166666666666667 0.0046875
0 0.546875 0.23203125 0.0020833333333333333 0.0015625
0 0.0010416666666666667 0.23203125 0.0020833333333333333 0.0015625
0 0.6916666666666667 0.22734375 0.004166666666666667 0.0015625
0 0.56875 0.228125 0.004166666666666667 0.003125
0 0.521875 0.2421875 0.04375 0.034375
0 0.1625 0.2265625 0.008333333333333333 0.003125
0 0.296875 0.2234375 0.0020833333333333333 0.003125
0 0.13333333333333333 0.22734375 0.020833333333333332 0.0109375
0 0.690625 0.22109375 0.0020833333333333333 0.0015625
0 0.128125 0.21875 0.00625 0.003125
0 0.10208333333333333 0.22890625 0.020833333333333332 0.0234375
0 0.48125 0.21640625 0.004166666666666667 0.0046875
0 0.042708333333333334 0.21640625 0.00625 0.0046875
0 0.034375 0.21796875 0.010416666666666666 0.0078125
0 0.11979166666666667 0.21328125 0.0020833333333333333 0.0015625
0 0.471875 0.20703125 0.0020833333333333333 0.0015625
0 0.421875 0.20703125 0.0020833333333333333 0.0015625
0 0.12291666666666666 0.20546875 0.004166666666666667 0.0015625
0 0.11041666666666666 0.20390625 0.004166666666666667 0.0015625
0 0.10416666666666667 0.20390625 0.004166666666666667 0.0015625
0 0.559375 0.20234375 0.0020833333333333333 0.0015625
0 0.5541666666666667 0.203125 0.004166666666666667 0.003125
0 0.9697916666666667 0.2015625 0.00625 0.003125
0 0.4125 0.203125 0.008333333333333333 0.00625
0 0.28020833333333334 0.19609375 0.0020833333333333333 0.0015625
0 0.017708333333333333 0.19921875 0.010416666666666666 0.0078125
0 0.9322916666666666 0.19609375 0.0020833333333333333 0.0046875
0 0.428125 0.19765625 0.010416666666666666 0.0078125
0 0.10104166666666667 0.19453125 0.0020833333333333333 0.0015625
0 0.071875 0.2078125 0.04791666666666667 0.034375
0 0.9447916666666667 0.18984375 0.0020833333333333333 0.0015625
0 0.37916666666666665 0.18984375 0.004166666666666667 0.0015625
0 0.09479166666666666 0.18984375 0.0020833333333333333 0.0015625
0 0.665625 0.18828125 0.0020833333333333333 0.0015625
0 0.042708333333333334 0.1890625 0.014583333333333334 0.003125
0 0.9489583333333333 0.1875 0.0020833333333333333 0.003125
0 0.534375 0.20546875 0.03958333333333333 0.0390625
0 0.48854166666666665 0.18515625 0.0020833333333333333 0.0015625
0 0.6572916666666667 0.18359375 0.0020833333333333333 0.0015625
0 0.08645833333333333 0.18359375 0.0020833333333333333 0.0015625
0 0.0020833333333333333 0.18671875 0.004166666666666667 0.0078125
0 0.571875 0.18828125 0.035416666666666666 0.0140625
0 0.37916666666666665 0.18203125 0.004166666666666667 0.0046875
0 0.134375 0.1796875 0.0020833333333333333 0.003125
0 0.6635416666666667 0.175 0.00625 0.003125
0 0.010416666666666666 0.175 0.004166666666666667 0.003125
0 0.9885416666666667 0.17109375 0.0020833333333333333 0.0015625
0 0.934375 0.171875 0.00625 0.003125
0 0.6666666666666666 0.17109375 0.004166666666666667 0.0015625
0 0.5177083333333333 0.17109375 0.0020833333333333333 0.0015625
0 0.38125 0.1734375 0.0125 0.00625
0 0.11770833333333333 0.18984375 0.05625 0.0390625
0 0.9385416666666667 0.1703125 0.00625 0.003125
0 0.8802083333333334 0.171875 0.010416666666666666 0.00625
0 0.5322916666666667 0.17578125 0.035416666666666666 0.0140625
0 0.9958333333333333 0.16875 0.008333333333333333 0.003125
0 0.928125 0.16796875 0.0020833333333333333 0.0015625
0 0.478125 0.18359375 0.03958333333333333 0.0328125
0 0.9364583333333333 0.16640625 0.00625 0.0015625
0 0.396875 0.16484375 0.0020833333333333333 0.0015625
0 0.2635416666666667 0.16328125 0.0020833333333333333 0.0015625
0 0.9375 0.1625 0.004166666666666667 0.003125
0 0.9020833333333333 0.16484375 0.008333333333333333 0.0140625
0 0.5177083333333333 0.153125 0.00625 0.00625
0 0.2677083333333333 0.14921875 0.00625 0.0015625
0 0.965625 0.15859375 0.04791666666666667 0.0234375
0 0.16979166666666667 0.14765625 0.0020833333333333333 0.0015625
0 0.7677083333333333 0.14609375 0.0020833333333333333 0.0046875
0 0.08333333333333333 0.165625 0.16666666666666666 0.04375
0 0.9989583333333333 0.14296875 0.0020833333333333333 0.0015625
0 0.47604166666666664 0.14296875 0.0020833333333333333 0.0015625
0 0.030208333333333334 0.1421875 0.00625 0.00625
0 0.428125 0.13828125 0.0020833333333333333 0.0015625
0 0.2635416666666667 0.13828125 0.0020833333333333333 0.0015625
0 0.159375 0.1421875 0.00625 0.009375
0 0.003125 0.13828125 0.0020833333333333333 0.0015625
0 0.003125 0.13515625 0.0020833333333333333 0.0015625
0 0.42291666666666666 0.13515625 0.004166666666666667 0.0046875
0 0.23541666666666666 0.13359375 0.008333333333333333 0.0015625
0 0.653125 0.1328125 0.00625 0.003125
0 0.4666666666666667 0.13671875 0.016666666666666666 0.0109375
0 0.8802083333333334 0.13046875 0.0020833333333333333 0.0015625
0 0.6385416666666667 0.12890625 0.0020833333333333333 0.0015625
0 0.8864583333333333 0.12734375 0.0020833333333333333 0.0015625
0 0.2375 0.128125 0.004166666666666667 0.003125
0 0.24270833333333333 0.1265625 0.0020833333333333333 0.003125
0 0.12395833333333334 0.13125 0.022916666666666665 0.0125
0 0.8916666666666667 0.13203125 0.020833333333333332 0.0171875
0 0.41458333333333336 0.12890625 0.008333333333333333 0.0109375
0 0.14479166666666668 0.12265625 0.0020833333333333333 0.0015625
0 0.884375 0.12109375 0.0020833333333333333 0.0015625
0 0.43854166666666666 0.12265625 0.010416666666666666 0.0046875
0 0.41458333333333336 0.11953125 0.004166666666666667 0.0015625
0 0.40729166666666666 0.1203125 0.0020833333333333333 0.003125
0 0.8760416666666667 0.11796875 0.0020833333333333333 0.0015625
0 0.6427083333333333 0.11796875 0.0020833333333333333 0.0015625
0 0.9052083333333333 0.11953125 0.01875 0.0078125
0 0.403125 0.115625 0.00625 0.003125
0 0.640625 0.11328125 0.0020833333333333333 0.0015625
0 0.8885416666666667 0.1140625 0.010416666666666666 0.009375
0 0.16354166666666667 0.10703125 0.0020833333333333333 0.0015625
0 0.9135416666666667 0.10546875 0.0020833333333333333 0.0015625
0 0.5364583333333334 0.10546875 0.0020833333333333333 0.0015625
0 0.93125 0.10390625 0.004166666666666667 0.0015625
0 0.8770833333333333 0.1046875 0.004166666666666667 0.003125
0 0.51875 0.10859375 0.0125 0.0109375
0 0.86875 0.1078125 0.004166666666666667 0.0125
0 0.8625 0.10234375 0.004166666666666667 0.0015625
0 0.7020833333333333 0.10390625 0.004166666666666667 0.0046875
0 0.5125 0.10234375 0.004166666666666667 0.0015625
0 0.18125 0.10546875 0.016666666666666666 0.0078125
0 0.12604166666666666 0.11171875 0.027083333333333334 0.0203125
0 0.6989583333333333 0.10078125 0.0020833333333333333 0.0015625
0 0.6364583333333333 0.10078125 0.0020833333333333333 0.0015625
0 0.5072916666666667 0.10078125 0.0020833333333333333 0.0015625
0 0.8427083333333333 0.09921875 0.0020833333333333333 0.0015625
0 0.7635416666666667 0.09921875 0.00625 0.0046875
0 0.5072916666666667 0.09453125 0.0020833333333333333 0.0015625
0 0.3614583333333333 0.09453125 0.00625 0.0015625
0 0.9947916666666666 0.09296875 0.010416666666666666 0.0046875
0 0.153125 0.09453125 0.00625 0.0078125
0 0.8614583333333333 0.08984375 0.0020833333333333333 0.0015625
0 0.9354166666666667 0.0984375 0.029166666666666667 0.021875
0 0.146875 0.08828125 0.0020833333333333333 0.0015625
0 0.403125 0.08671875 0.0020833333333333333 0.0015625
0 0.9989583333333333 0.08359375 0.0020833333333333333 0.0015625
0 0.9541666666666667 0.0859375 0.008333333333333333 0.00625
0 0.265625 0.08359375 0.0020833333333333333 0.0015625
0 0.084375 0.0875 0.00625 0.009375
0 0.046875 0.10859375 0.09375 0.0515625
0 0.259375 0.08203125 0.0020833333333333333 0.0015625
0 0.9822916666666667 0.08046875 0.0020833333333333333 0.0015625
0 0.8583333333333333 0.08125 0.004166666666666667 0.003125
0 0.271875 0.08046875 0.0020833333333333333 0.0015625
0 0.2552083333333333 0.08046875 0.0020833333333333333 0.0015625
0 0.246875 0.08046875 0.0020833333333333333 0.0015625
0 0.5614583333333333 0.08046875 0.00625 0.0046875
0 0.5572916666666666 0.07734375 0.0020833333333333333 0.0015625
0 0.022916666666666665 0.078125 0.004166666666666667 0.003125
0 0.9979166666666667 0.0765625 0.004166666666666667 0.003125
0 0.1625 0.07578125 0.004166666666666667 0.0015625
0 0.9479166666666666 0.07578125 0.004166666666666667 0.0046875
0 0.26666666666666666 0.07421875 0.004166666666666667 0.0015625
0 0.134375 0.075 0.0020833333333333333 0.003125
0 0.865625 0.0734375 0.0020833333333333333 0.003125
0 0.796875 0.07578125 0.010416666666666666 0.0078125
0 0.2604166666666667 0.07265625 0.004166666666666667 0.0015625
0 0.996875 0.071875 0.00625 0.003125
0 0.278125 0.06953125 0.0020833333333333333 0.0015625
0 0.521875 0.06640625 0.0020833333333333333 0.0015625
0 0.14791666666666667 0.07265625 0.020833333333333332 0.0140625
0 0.0010416666666666667 0.06640625 0.0020833333333333333 0.0015625
0 0.5739583333333333 0.06640625 0.00625 0.0046875
0 0.07291666666666667 0.071875 0.016666666666666666 0.015625
0 0.96875 0.0671875 0.020833333333333332 0.009375
0 0.6489583333333333 0.06328125 0.0020833333333333333 0.0015625
0 0.005208333333333333 0.06328125 0.0020833333333333333 0.0015625
0 0.9552083333333333 0.06171875 0.0020833333333333333 0.0015625
0 0.7791666666666667 0.0625 0.0125 0.00625
0 0.7072916666666667 0.0609375 0.0020833333333333333 0.003125
0 0.07395833333333333 0.06015625 0.0020833333333333333 0.0015625
0 0.665625 0.05859375 0.0020833333333333333 0.0015625
0 0.9229166666666667 0.06015625 0.008333333333333333 0.0078125
0 0.7072916666666667 0.05703125 0.0020833333333333333 0.0015625
0 0.49166666666666664 0.05859375 0.004166666666666667 0.0046875
0 0.46458333333333335 0.09140625 0.07916666666666666 0.0703125
0 0.06979166666666667 0.05703125 0.0020833333333333333 0.0015625
0 0.9947916666666666 0.06015625 0.010416666666666666 0.0109375
0 0.934375 0.05546875 0.0020833333333333333 0.0015625
0 0.9677083333333333 0.05390625 0.0020833333333333333 0.0015625
0 0.703125 0.05390625 0.0020833333333333333 0.0015625
0 0.6395833333333333 0.05546875 0.0125 0.0046875
0 0.06770833333333333 0.05390625 0.0020833333333333333 0.0015625
0 0.035416666666666666 0.06640625 0.05 0.0265625
0 0.9604166666666667 0.0546875 0.008333333333333333 0.00625
0 0.678125 0.053125 0.0020833333333333333 0.003125
0 0.5229166666666667 0.05859375 0.05416666666666667 0.0140625
0 0.11041666666666666 0.0546875 0.008333333333333333 0.00625
0 0.978125 0.05234375 0.010416666666666666 0.0046875
0 0.9135416666666667 0.05078125 0.0020833333333333333 0.0015625
0 0.8322916666666667 0.05234375 0.0020833333333333333 0.0046875
0 0.6583333333333333 0.05078125 0.0125 0.0015625
0 0.13229166666666667 0.05078125 0.0020833333333333333 0.0015625
0 0.9864583333333333 0.04765625 0.0020833333333333333 0.0015625
0 0.725 0.0484375 0.004166666666666667 0.003125
0 0.3697916666666667 0.0484375 0.0020833333333333333 0.003125
0 0.28958333333333336 0.05078125 0.0125 0.0078125
0 0.459375 0.0484375 0.014583333333333334 0.00625
0 0.34270833333333334 0.04609375 0.0020833333333333333 0.0015625
0 0.3385416666666667 0.04609375 0.0020833333333333333 0.0015625
0 0.9875 0.04453125 0.004166666666666667 0.0015625
0 0.8010416666666667 0.0578125 0.027083333333333334 0.028125
0 0.409375 0.0453125 0.0020833333333333333 0.003125
0 0.08125 0.0484375 0.016666666666666666 0.0125
0 0.990625 0.04140625 0.0020833333333333333 0.0015625
0 0.9739583333333334 0.04609375 0.01875 0.0109375
0 0.9385416666666667 0.0421875 0.00625 0.003125
0 0.4125 0.040625 0.004166666666666667 0.003125
0 0.6197916666666666 0.040625 0.010416666666666666 0.00625
0 0.13229166666666667 0.03828125 0.0020833333333333333 0.0015625
0 0.9010416666666666 0.03515625 0.0020833333333333333 0.0015625
0 0.6927083333333334 0.0421875 0.01875 0.015625
0 0.6197916666666666 0.0359375 0.0020833333333333333 0.003125
0 0.896875 0.03359375 0.0020833333333333333 0.0015625
0 0.8458333333333333 0.05546875 0.03333333333333333 0.0484375
0 0.0020833333333333333 0.03203125 0.004166666666666667 0.0046875
0 0.615625 0.0296875 0.00625 0.003125
0 0.0875 0.03359375 0.008333333333333333 0.0140625
0 0.38958333333333334 0.196875 0.2833333333333333 0.34375
0 0.33958333333333335 0.034375 0.0125 0.01875
0 0.05 0.0265625 0.008333333333333333 0.003125
0 0.14479166666666668 0.0265625 0.00625 0.00625
0 0.2947916666666667 0.02890625 0.00625 0.0140625
0 0.11354166666666667 0.02890625 0.01875 0.0140625
0 0.8083333333333333 0.0234375 0.008333333333333333 0.00625
0 0.4510416666666667 0.02109375 0.0020833333333333333 0.0015625
0 0.078125 0.02109375 0.0020833333333333333 0.0015625
0 0.071875 0.0296875 0.010416666666666666 0.01875
0 0.8177083333333334 0.428125 0.3645833333333333 0.81875
0 0.9427083333333334 0.028125 0.052083333333333336 0.021875
0 0.609375 0.01640625 0.0020833333333333333 0.0015625
0 0.26875 0.0171875 0.004166666666666667 0.003125
0 0.022916666666666665 0.025 0.03333333333333333 0.01875
0 0.290625 0.01640625 0.00625 0.0078125
0 0.030208333333333334 0.0140625 0.0020833333333333333 0.003125
0 0.6260416666666667 0.01171875 0.0020833333333333333 0.0015625
0 0.26875 0.0125 0.004166666666666667 0.003125
0 0.9145833333333333 0.0203125 0.029166666666666667 0.021875
0 0.7427083333333333 0.009375 0.00625 0.003125
0 0.5635416666666667 0.00859375 0.0020833333333333333 0.0015625
0 0.403125 0.01796875 0.027083333333333334 0.0203125
0 0.9291666666666667 0.00625 0.004166666666666667 0.003125
0 0.678125 0.00859375 0.00625 0.0078125
0 0.6520833333333333 0.025 0.0625 0.040625
0 0.165625 0.00546875 0.00625 0.0015625
0 0.7572916666666667 0.00390625 0.0020833333333333333 0.0015625
0 0.7395833333333334 0.0046875 0.004166666666666667 0.003125
0 0.9447916666666667 0.00234375 0.0020833333333333333 0.0015625
0 0.675 0.003125 0.004166666666666667 0.003125
0 0.153125 0.00234375 0.0020833333333333333 0.0015625
0 0.11354166666666667 0.003125 0.0020833333333333333 0.003125
0 0.03125 0.003125 0.004166666666666667 0.003125
0 0.7635416666666667 0.00546875 0.010416666666666666 0.0109375
0 0.6885416666666667 0.00234375 0.0020833333333333333 0.0046875
0 0.575 0.0015625 0.008333333333333333 0.003125
0 0.5635416666666667 0.00234375 0.00625 0.0046875
0 0.5552083333333333 0.00078125 0.0020833333333333333 0.0015625
0 0.5364583333333334 0.0015625 0.00625 0.003125
0 0.5322916666666667 0.0109375 0.022916666666666665 0.021875
0 0.446875 0.00703125 0.010416666666666666 0.0140625
0 0.390625 0.0015625 0.0020833333333333333 0.003125
0 0.36041666666666666 0.00078125 0.004166666666666667 0.0015625
0 0.34791666666666665 0.0125 0.041666666666666664 0.025
0 0.284375 0.009375 0.014583333333333334 0.01875
0 0.15729166666666666 0.003125 0.010416666666666666 0.00625
0 0.14270833333333333 0.00625 0.014583333333333334 0.0125
0 0.125 0.00390625 0.016666666666666666 0.0078125
0 0.10833333333333334 0.0015625 0.004166666666666667 0.003125
0 0.08125 0.00859375 0.0125 0.0171875
0 0.021875 0.0015625 0.00625 0.003125
1 0.9479166666666666 0.8859375 0.020833333333333332 0.0125
1 0.95625 0.8546875 0.004166666666666667 0.003125
1 0.9489583333333333 0.8515625 0.00625 0.003125
1 0.9677083333333333 0.84765625 0.0020833333333333333 0.0015625
1 0.9760416666666667 0.84296875 0.0020833333333333333 0.0015625
1 0.9697916666666667 0.83125 0.0020833333333333333 0.003125
1 0.9739583333333334 0.8109375 0.00625 0.00625
1 0.9645833333333333 0.80703125 0.004166666666666667 0.0046875
1 0.9625 0.8 0.004166666666666667 0.003125
1 0.915625 0.79140625 0.0020833333333333333 0.0015625
1 0.9322916666666666 0.77265625 0.0020833333333333333 0.0015625
1 0.46979166666666666 0.75390625 0.0020833333333333333 0.0015625
1 0.48125 0.73515625 0.029166666666666667 0.0328125
1 0.4895833333333333 0.70859375 0.004166666666666667 0.0015625
1 0.5114583333333333 0.70703125 0.0020833333333333333 0.0015625
1 0.4947916666666667 0.7078125 0.0020833333333333333 0.003125
1 0.44895833333333335 0.71796875 0.03125 0.0328125
1 0.921875 0.70078125 0.0020833333333333333 0.0015625
1 0.5114583333333333 0.70078125 0.0020833333333333333 0.0015625
1 0.9260416666666667 0.69921875 0.0020833333333333333 0.0015625
1 0.51875 0.7 0.004166666666666667 0.003125
1 0.534375 0.69765625 0.0020833333333333333 0.0015625
1 0.446875 0.69765625 0.0020833333333333333 0.0015625
1 0.94375 0.696875 0.008333333333333333 0.003125
1 0.5177083333333333 0.69609375 0.0020833333333333333 0.0015625
1 0.5020833333333333 0.696875 0.004166666666666667 0.003125
1 0.528125 0.69296875 0.0020833333333333333 0.0015625
1 0.45729166666666665 0.69296875 0.00625 0.0015625
1 0.559375 0.6953125 0.03125 0.009375
1 0.9114583333333334 0.68671875 0.0020833333333333333 0.0015625
1 0.5802083333333333 0.68828125 0.0020833333333333333 0.0046875
1 0.571875 0.6828125 0.0020833333333333333 0.003125
1 0.5677083333333334 0.6796875 0.0020833333333333333 0.003125
1 0.909375 0.67734375 0.0020833333333333333 0.0015625
1 0.8677083333333333 0.67578125 0.0020833333333333333 0.0015625
1 0.5 0.67890625 0.008333333333333333 0.0078125
1 0.5635416666666667 0.67421875 0.0020833333333333333 0.0015625
1 0.48854166666666665 0.67265625 0.0020833333333333333 0.0015625
1 0.5614583333333333 0.67109375 0.0020833333333333333 0.0015625
1 0.48020833333333335 0.671875 0.00625 0.003125
1 0.5572916666666666 0.66796875 0.0020833333333333333 0.0015625
1 0.48541666666666666 0.66875 0.004166666666666667 0.003125
1 0.5479166666666667 0.66484375 0.004166666666666667 0.0015625
1 0.46770833333333334 0.66796875 0.0020833333333333333 0.0078125
1 0.45208333333333334 0.6859375 0.0625 0.046875
1 0.996875 0.6609375 0.00625 0.003125
1 0.8958333333333334 0.65859375 0.004166666666666667 0.0015625
1 0.915625 0.65703125 0.00625 0.0015625
1 0.3697916666666667 0.65703125 0.0020833333333333333 0.0015625
1 0.390625 0.65390625 0.0020833333333333333 0.0015625
1 0.365625 0.65390625 0.0020833333333333333 0.0015625
1 0.99375 0.65546875 0.0125 0.0078125
1 0.8979166666666667 0.65390625 0.004166666666666667 0.0046875
1 0.3614583333333333 0.65234375 0.0020833333333333333 0.0015625
1 0.390625 0.64921875 0.0020833333333333333 0.0015625
1 0.39791666666666664 0.646875 0.004166666666666667 0.003125
1 0.3927083333333333 0.64609375 0.0020833333333333333 0.0015625
1 0.5489583333333333 0.64453125 0.0020833333333333333 0.0078125
1 0.553125 0.63984375 0.0020833333333333333 0.0015625
1 0.578125 0.63828125 0.0020833333333333333 0.0015625
1 0.4114583333333333 0.640625 0.022916666666666665 0.009375
1 0.9979166666666667 0.63671875 0.004166666666666667 0.0046875
1 0.9947916666666666 0.63359375 0.0020833333333333333 0.0015625
1 0.9979166666666667 0.62578125 0.004166666666666667 0.0078125
1 0.9364583333333333 0.62265625 0.0020833333333333333 0.0015625
1 0.584375 0.6203125 0.0020833333333333333 0.00625
1 0.48854166666666665 0.65625 0.07708333333333334 0.078125
1 0.9989583333333333 0.6171875 0.0020833333333333333 0.003125
1 0.9260416666666667 0.6203125 0.014583333333333334 0.009375
1 0.3625 0.61640625 0.004166666666666667 0.0015625
1 0.890625 0.6140625 0.0020833333333333333 0.003125
1 0.396875 0.61328125 0.0020833333333333333 0.0015625
1 0.025 0.61796875 0.016666666666666666 0.0109375
1 0.41770833333333335 0.6125 0.0020833333333333333 0.003125
1 0.036458333333333336 0.61171875 0.0020833333333333333 0.0015625
1 0.0010416666666666667 0.6125 0.0020833333333333333 0.003125
1 0.011458333333333333 0.61015625 0.0020833333333333333 0.0015625
1 0.004166666666666667 0.6078125 0.004166666666666667 0.003125
1 0.042708333333333334 0.60546875 0.0020833333333333333 0.0015625
1 0.5760416666666667 0.6078125 0.010416666666666666 0.009375
1 0.028125 0.60546875 0.022916666666666665 0.0109375
1 0.015625 0.60390625 0.0020833333333333333 0.0078125
1 0.5802083333333333 0.59921875 0.00625 0.0015625
1 0.046875 0.59921875 0.0020833333333333333 0.0015625
1 0.359375 0.59609375 0.0020833333333333333 0.0015625
1 0.03958333333333333 0.59609375 0.004166666666666667 0.0015625
1 0.011458333333333333 0.59453125 0.0020833333333333333 0.0015625
1 0.9979166666666667 0.59609375 0.004166666666666667 0.0109375
1 0.011458333333333333 0.59140625 0.0020833333333333333 0.0015625
1 0.8697916666666666 0.58359375 0.00625 0.0015625
1 0.071875 0.57890625 0.0020833333333333333 0.0015625
1 0.584375 0.5765625 0.00625 0.003125
1 0.5635416666666667 0.5765625 0.00625 0.003125
1 0.07916666666666666 0.57890625 0.008333333333333333 0.0078125
1 0.029166666666666667 0.578125 0.020833333333333332 0.00625
1 0.3572916666666667 0.57421875 0.0020833333333333333 0.0015625
1 0.075 0.57578125 0.004166666666666667 0.0046875
1 0.996875 0.575 0.00625 0.009375
1 0.359375 0.57109375 0.0020833333333333333 0.0015625
1 0.075 0.5703125 0.004166666666666667 0.003125
1 0.5260416666666666 0.56796875 0.0020833333333333333 0.0015625
1 0.515625 0.56796875 0.0020833333333333333 0.0015625
1 0.409375 0.56796875 0.0020833333333333333 0.0015625
1 0.43854166666666666 0.56875 0.00625 0.009375
1 0.6052083333333333 0.56328125 0.0020833333333333333 0.0015625
1 0.5302083333333333 0.5640625 0.0020833333333333333 0.003125
1 0.8614583333333333 0.56015625 0.00625 0.0015625
1 0.528125 0.56015625 0.0020833333333333333 0.0015625
1 0.4041666666666667 0.5625 0.004166666666666667 0.00625
1 0.3489583333333333 0.56015625 0.0020833333333333333 0.0015625
1 0.06770833333333333 0.55859375 0.0020833333333333333 0.0015625
1 0.4010416666666667 0.55703125 0.0020833333333333333 0.0015625
1 0.5291666666666667 0.55625 0.004166666666666667 0.003125
1 0.44479166666666664 0.55546875 0.0020833333333333333 0.0015625
1 0.396875 0.55546875 0.0020833333333333333 0.0015625
1 0.44479166666666664 0.55234375 0.00625 0.0015625
1 0.38645833333333335 0.55234375 0.0020833333333333333 0.0015625
1 0.546875 0.55234375 0.014583333333333334 0.0046875
1 0.378125 0.55078125 0.010416666666666666 0.0015625
1 0.365625 0.55078125 0.010416666666666666 0.0015625
1 0.058333333333333334 0.55078125 0.004166666666666667 0.0015625
1 0.5885416666666666 0.5578125 0.03958333333333333 0.01875
1 0.5645833333333333 0.54921875 0.004166666666666667 0.0015625
1 0.04583333333333333 0.54765625 0.004166666666666667 0.0015625
1 0.065625 0.54765625 0.0020833333333333333 0.0046875
1 0.06145833333333333 0.54375 0.0020833333333333333 0.003125
1 0.865625 0.5421875 0.0020833333333333333 0.003125
1 0.06145833333333333 0.53984375 0.0020833333333333333 0.0015625
1 0.865625 0.53828125 0.0020833333333333333 0.0015625
1 0.06145833333333333 0.53671875 0.0020833333333333333 0.0015625
1 0.1125 0.53671875 0.0125 0.0078125
1 0.12083333333333333 0.5328125 0.004166666666666667 0.003125
1 0.09895833333333333 0.53203125 0.0020833333333333333 0.0015625
1 0.040625 0.53203125 0.0020833333333333333 0.0015625
1 0.528125 0.53046875 0.0020833333333333333 0.0015625
1 0.45729166666666665 0.53046875 0.0020833333333333333 0.0015625
1 0.4510416666666667 0.53046875 0.0020833333333333333 0.0015625
1 0.07395833333333333 0.53046875 0.0020833333333333333 0.0015625
1 0.034375 0.53046875 0.0020833333333333333 0.0015625
1 0.46145833333333336 0.52890625 0.0020833333333333333 0.0015625
1 0.5239583333333333 0.52734375 0.0020833333333333333 0.0015625
1 0.04375 0.528125 0.008333333333333333 0.003125
1 0.4708333333333333 0.5921875 0.225 0.134375
1 0.115625 0.5265625 0.0020833333333333333 0.003125
1 0.4625 0.52578125 0.008333333333333333 0.0046875
1 0.065625 0.52578125 0.00625 0.0046875
1 0.47604166666666664 0.52265625 0.0020833333333333333 0.0015625
1 0.08958333333333333 0.52421875 0.025 0.0109375
1 0.04895833333333333 0.51796875 0.0020833333333333333 0.0015625
1 0.0010416666666666667 0.51796875 0.0020833333333333333 0.0015625
1 0.023958333333333335 0.51640625 0.0020833333333333333 0.0015625
1 0.48333333333333334 0.5140625 0.004166666666666667 0.003125
1 0.47604166666666664 0.51640625 0.00625 0.0078125
1 0.10625 0.5140625 0.0125 0.00625
1 0.07604166666666666 0.5140625 0.010416666666666666 0.00625
1 0.4895833333333333 0.5109375 0.004166666666666667 0.003125
1 0.010416666666666666 0.5109375 0.004166666666666667 0.003125
1 0.8916666666666667 0.5140625 0.05 0.015625
1 0.06770833333333333 0.509375 0.0020833333333333333 0.00625
1 0.06354166666666666 0.50703125 0.0020833333333333333 0.0015625
1 0.409375 0.50390625 0.0020833333333333333 0.0015625
1 0.203125 0.50390625 0.0020833333333333333 0.0015625
1 0.12604166666666666 0.5046875 0.00625 0.003125
1 0.03229166666666667 0.51796875 0.06458333333333334 0.0296875
1 0.16354166666666667 0.5046875 0.00625 0.00625
1 0.146875 0.50078125 0.00625 0.0015625
1 0.11770833333333333 0.5015625 0.00625 0.003125
1 0.016666666666666666 0.50546875 0.03333333333333333 0.0109375
1 0.39895833333333336 0.49921875 0.0020833333333333333 0.0015625
1 0.13541666666666666 0.5 0.008333333333333333 0.003125
1 0.9552083333333333 0.49765625 0.0020833333333333333 0.0015625
1 0.17083333333333334 0.4984375 0.008333333333333333 0.003125
1 0.43854166666666666 0.51015625 0.03125 0.0296875
1 0.971875 0.51484375 0.027083333333333334 0.0421875
1 0.14895833333333333 0.49453125 0.010416666666666666 0.0046875
1 0.8239583333333333 0.49140625 0.0020833333333333333 0.0015625
1 0.515625 0.49140625 0.0020833333333333333 0.0015625
1 0.16354166666666667 0.49453125 0.010416666666666666 0.0078125
1 0.08541666666666667 0.4921875 0.004166666666666667 0.003125
1 0.5635416666666667 0.48984375 0.0020833333333333333 0.0015625
1 0.5197916666666667 0.48984375 0.0020833333333333333 0.0015625
1 0.4427083333333333 0.490625 0.0020833333333333333 0.003125
1 0.509375 0.48828125 0.0020833333333333333 0.0015625
1 0.15 0.48828125 0.004166666666666667 0.0015625
1 0.09895833333333333 0.49765625 0.027083333333333334 0.0234375
1 0.5385416666666667 0.4875 0.014583333333333334 0.00625
1 0.509375 0.48515625 0.0020833333333333333 0.0015625
1 0.004166666666666667 0.4875 0.008333333333333333 0.00625
1 0.38645833333333335 0.48359375 0.0020833333333333333 0.0015625
1 0.17083333333333334 0.48515625 0.016666666666666666 0.0046875
1 0.5635416666666667 0.4828125 0.0020833333333333333 0.003125
1 0.525 0.484375 0.008333333333333333 0.00625
1 0.11145833333333334 0.48203125 0.0020833333333333333 0.0015625
1 0.0625 0.48359375 0.025 0.0078125
1 0.25416666666666665 0.4796875 0.004166666666666667 0.003125
1 0.12916666666666668 0.48203125 0.0125 0.0078125
1 0.121875 0.478125 0.00625 0.003125
1 0.04895833333333333 0.47734375 0.0020833333333333333 0.0015625
1 0.240625 0.48359375 0.01875 0.0171875
1 0.3802083333333333 0.47421875 0.0020833333333333333 0.0015625
1 0.540625 0.47265625 0.00625 0.0046875
1 0.48854166666666665 0.49140625 0.04791666666666667 0.0421875
1 0.378125 0.47109375 0.0020833333333333333 0.0015625
1 0.46979166666666666 0.471875 0.00625 0.00625
1 0.36770833333333336 0.46953125 0.0020833333333333333 0.0015625
1 0.540625 0.46796875 0.0020833333333333333 0.0015625
1 0.24583333333333332 0.46875 0.004166666666666667 0.003125
1 0.3958333333333333 0.46640625 0.008333333333333333 0.0046875
1 0.5416666666666666 0.4640625 0.004166666666666667 0.003125
1 0.4552083333333333 0.46875 0.014583333333333334 0.0125
1 0.03229166666666667 0.4640625 0.0020833333333333333 0.003125
1 0.109375 0.46171875 0.0020833333333333333 0.0015625
1 0.09895833333333333 0.46171875 0.014583333333333334 0.0046875
1 0.9697916666666667 0.4625 0.014583333333333334 0.009375
1 0.5375 0.45859375 0.004166666666666667 0.0046875
1 0.019791666666666666 0.45703125 0.0020833333333333333 0.0015625
1 0.25104166666666666 0.4578125 0.00625 0.00625
1 0.31354166666666666 0.45234375 0.0020833333333333333 0.0015625
1 0.5072916666666667 0.46171875 0.027083333333333334 0.0265625
1 0.33229166666666665 0.44921875 0.0020833333333333333 0.0015625
1 0.07604166666666666 0.46875 0.022916666666666665 0.040625
1 0.528125 0.44765625 0.0020833333333333333 0.0015625
1 0.090625 0.44765625 0.0020833333333333333 0.0015625
1 0.515625 0.44609375 0.0020833333333333333 0.0015625
1 0.3145833333333333 0.44609375 0.004166666666666667 0.0015625
1 0.3020833333333333 0.446875 0.004166666666666667 0.003125
1 0.06770833333333333 0.44609375 0.0020833333333333333 0.0015625
1 0.00625 0.4546875 0.0125 0.01875
1 0.30520833333333336 0.44453125 0.0020833333333333333 0.0015625
1 0.0010416666666666667 0.44296875 0.0020833333333333333 0.0015625
1 0.9864583333333333 0.44453125 0.027083333333333334 0.0140625
1 0.04791666666666667 0.4640625 0.06666666666666667 0.053125
1 0.27708333333333335 0.459375 0.0625 0.046875
1 0.1 0.4453125 0.03333333333333333 0.01875
1 0.359375 0.43515625 0.0020833333333333333 0.0015625
1 0.11979166666666667 0.43515625 0.0020833333333333333 0.0015625
1 0.12708333333333333 0.43359375 0.004166666666666667 0.0015625
1 0.4635416666666667 0.43203125 0.0020833333333333333 0.0015625
1 0.28229166666666666 0.43359375 0.0020833333333333333 0.0046875
1 0.49270833333333336 0.4375 0.01875 0.015625
1 0.12708333333333333 0.43046875 0.004166666666666667 0.0015625
1 0.9708333333333333 0.43046875 0.008333333333333333 0.0046875
1 0.00625 0.43359375 0.0125 0.0109375
1 0.540625 0.43203125 0.010416666666666666 0.0109375
1 0.390625 0.4265625 0.00625 0.003125
1 0.27395833333333336 0.43046875 0.014583333333333334 0.0109375
1 0.14166666666666666 0.42734375 0.004166666666666667 0.0046875
1 0.5427083333333333 0.42421875 0.0020833333333333333 0.0015625
1 0.10833333333333334 0.425 0.004166666666666667 0.003125
1 0.1 0.4234375 0.008333333333333333 0.003125
1 0.24479166666666666 0.421875 0.00625 0.00625
1 0.190625 0.4203125 0.0020833333333333333 0.003125
1 0.5125 0.42109375 0.0125 0.0078125
1 0.18020833333333333 0.41640625 0.0020833333333333333 0.0015625
1 0.4239583333333333 0.44453125 0.052083333333333336 0.0609375
1 0.9604166666666667 0.41953125 0.016666666666666666 0.0171875
1 0.203125 0.41171875 0.0020833333333333333 0.0015625
1 0.13541666666666666 0.4171875 0.016666666666666666 0.0125
1 0.090625 0.41171875 0.0020833333333333333 0.0015625
1 0.15520833333333334 0.4078125 0.00625 0.003125
1 0.796875 0.40546875 0.0020833333333333333 0.0015625
1 0.47291666666666665 0.40546875 0.008333333333333333 0.0015625
1 0.5375 0.40703125 0.0125 0.0078125
1 0.09270833333333334 0.40859375 0.00625 0.0109375
1 0.10208333333333333 0.40390625 0.008333333333333333 0.0046875
1 0.396875 0.41015625 0.014583333333333334 0.0203125
1 0.5510416666666667 0.39921875 0.0020833333333333333 0.0015625
1 0.17395833333333333 0.40546875 0.01875 0.0140625
1 0.425 0.41484375 0.05 0.0390625
1 0.9854166666666667 0.41015625 0.029166666666666667 0.0328125
1 0.984375 0.39453125 0.0020833333333333333 0.0015625
1 0.559375 0.39609375 0.00625 0.0046875
1 0.453125 0.39921875 0.027083333333333334 0.0109375
1 0.15729166666666666 0.3984375 0.010416666666666666 0.0125
1 0.15104166666666666 0.39140625 0.00625 0.0015625
1 0.078125 0.39140625 0.0020833333333333333 0.0015625
1 0.565625 0.38984375 0.0020833333333333333 0.0015625
1 0.165625 0.3921875 0.00625 0.00625
1 0.509375 0.38671875 0.0020833333333333333 0.0015625
1 0.16145833333333334 0.38671875 0.0020833333333333333 0.0015625
1 0.43645833333333334 0.384375 0.00625 0.003125
1 0.421875 0.38359375 0.0020833333333333333 0.0015625
1 0.134375 0.38203125 0.0020833333333333333 0.0015625
1 0.096875 0.38046875 0.0020833333333333333 0.0015625
1 0.49166666666666664 0.37734375 0.008333333333333333 0.0046875
1 0.4239583333333333 0.37265625 0.0020833333333333333 0.0015625
1 0.553125 0.36953125 0.0020833333333333333 0.0015625
1 0.19479166666666667 0.4359375 0.12291666666666666 0.134375
1 0.07083333333333333 0.3796875 0.058333333333333334 0.021875
1 0.5572916666666666 0.36484375 0.0020833333333333333 0.0015625
1 0.43854166666666666 0.36328125 0.0020833333333333333 0.0015625
1 0.43020833333333336 0.36171875 0.0020833333333333333 0.0015625
1 0.42604166666666665 0.36015625 0.0020833333333333333 0.0015625
1 0.371875 0.36015625 0.0020833333333333333 0.0015625
1 0.2635416666666667 0.35859375 0.0020833333333333333 0.0015625
1 0.496875 0.35546875 0.0020833333333333333 0.0015625
1 0.4125 0.35234375 0.004166666666666667 0.0046875
1 0.016666666666666666 0.35546875 0.008333333333333333 0.0109375
1 0.12395833333333334 0.34609375 0.0020833333333333333 0.0015625
1 0.7427083333333333 0.34296875 0.0020833333333333333 0.0015625
1 0.5114583333333333 0.3421875 0.0020833333333333333 0.003125
1 0.14895833333333333 0.33828125 0.0020833333333333333 0.0015625
1 0.09895833333333333 0.33515625 0.0020833333333333333 0.0015625
1 0.7177083333333333 0.33359375 0.0020833333333333333 0.0015625
1 0.040625 0.32890625 0.0020833333333333333 0.0015625
1 0.9927083333333333 0.32734375 0.0020833333333333333 0.0015625
1 0.9989583333333333 0.32265625 0.0020833333333333333 0.0015625
1 0.8875 0.328125 0.020833333333333332 0.0125
1 0.034375 0.31953125 0.0020833333333333333 0.0015625
1 0.553125 0.31796875 0.0020833333333333333 0.0015625
1 0.11354166666666667 0.31796875 0.0020833333333333333 0.0015625
1 0.10416666666666667 0.3171875 0.008333333333333333 0.003125
1 0.5572916666666666 0.3125 0.0020833333333333333 0.003125
1 0.09166666666666666 0.31328125 0.004166666666666667 0.0046875
1 0.0625 0.3546875 0.125 0.090625
1 0.5489583333333333 0.30390625 0.0020833333333333333 0.0015625
1 0.13020833333333334 0.30078125 0.0020833333333333333 0.0015625
1 0.134375 0.29921875 0.0020833333333333333 0.0015625
1 0.9427083333333334 0.2984375 0.00625 0.003125
1 0.06354166666666666 0.2984375 0.0020833333333333333 0.003125
1 0.10104166666666667 0.3 0.04375 0.01875
1 0.4479166666666667 0.28515625 0.0125 0.0078125
1 0.9552083333333333 0.3359375 0.08958333333333333 0.1125
1 0.005208333333333333 0.28359375 0.010416666666666666 0.0078125
1 0.3885416666666667 0.278125 0.0020833333333333333 0.003125
1 0.921875 0.28125 0.022916666666666665 0.0125
1 0.515625 0.27578125 0.0020833333333333333 0.0015625
1 0.9958333333333333 0.27734375 0.008333333333333333 0.0078125
1 0.8760416666666667 0.2890625 0.03125 0.034375
1 0.5072916666666667 0.2734375 0.010416666666666666 0.00625
1 0.9958333333333333 0.2703125 0.008333333333333333 0.003125
1 0.55625 0.26875 0.008333333333333333 0.003125
1 0.05 0.2859375 0.04583333333333333 0.0375
1 0.003125 0.271875 0.00625 0.0125
1 0.525 0.26484375 0.05 0.0140625
1 0.834375 0.26796875 0.04791666666666667 0.0265625
1 0.5635416666666667 0.25234375 0.0020833333333333333 0.0015625
1 0.00625 0.25546875 0.0125 0.0140625
1 0.042708333333333334 0.24765625 0.0020833333333333333 0.0015625
1 0.036458333333333336 0.2453125 0.00625 0.00625
1 0.14791666666666667 0.2328125 0.008333333333333333 0.003125
1 0.015625 0.234375 0.014583333333333334 0.0125
1 0.8052083333333333 0.22734375 0.0020833333333333333 0.0015625
1 0.11979166666666667 0.22734375 0.0020833333333333333 0.0015625
1 0.046875 0.22578125 0.0020833333333333333 0.0015625
1 0.11875 0.22421875 0.004166666666666667 0.0015625
1 0.8770833333333333 0.2234375 0.0125 0.003125
1 0.49166666666666664 0.22421875 0.016666666666666666 0.0109375
1 0.41458333333333336 0.2171875 0.03333333333333333 0.009375
1 0.771875 0.2125 0.0020833333333333333 0.003125
1 0.9052083333333333 0.20234375 0.010416666666666666 0.0046875
1 0.8114583333333333 0.21328125 0.014583333333333334 0.0265625
1 0.896875 0.19921875 0.0020833333333333333 0.0015625
1 0.9989583333333333 0.1953125 0.0020833333333333333 0.00625
1 0.9770833333333333 0.1953125 0.016666666666666666 0.009375
1 0.959375 0.234375 0.08125 0.0875
1 0.8822916666666667 0.18984375 0.014583333333333334 0.0140625
1 0.146875 0.1859375 0.010416666666666666 0.009375
1 0.15833333333333333 0.18125 0.004166666666666667 0.003125
1 0.396875 0.190625 0.03125 0.0375
1 0.33645833333333336 0.175 0.014583333333333334 0.03125
1 0.153125 0.15234375 0.0020833333333333333 0.0046875
1 0.08645833333333333 0.14296875 0.0020833333333333333 0.0015625
1 0.003125 0.14609375 0.00625 0.0078125
1 0.036458333333333336 0.140625 0.0020833333333333333 0.003125
1 0.09895833333333333 0.13984375 0.014583333333333334 0.0078125
1 0.036458333333333336 0.13515625 0.0020833333333333333 0.0015625
1 0.15625 0.13046875 0.004166666666666667 0.0015625
1 0.16145833333333334 0.128125 0.00625 0.003125
1 0.5572916666666666 0.12578125 0.0020833333333333333 0.0015625
1 0.15520833333333334 0.12578125 0.0020833333333333333 0.0015625
1 0.103125 0.1265625 0.00625 0.003125
1 0.425 0.15234375 0.06666666666666667 0.0578125
1 0.5125 0.1359375 0.06666666666666667 0.04375
1 0.8135416666666667 0.115625 0.03958333333333333 0.00625
1 0.15833333333333333 0.115625 0.025 0.009375
1 0.9989583333333333 0.09921875 0.0020833333333333333 0.0015625
1 0.99375 0.09921875 0.004166666666666667 0.0015625
1 0.09270833333333334 0.10703125 0.01875 0.0171875
1 0.171875 0.0984375 0.010416666666666666 0.003125
1 0.4166666666666667 0.10625 0.029166666666666667 0.028125
1 0.13645833333333332 0.09453125 0.010416666666666666 0.0078125
1 0.8447916666666667 0.09296875 0.010416666666666666 0.0078125
1 0.9177083333333333 0.134375 0.16458333333333333 0.1
1 0.12708333333333333 0.0921875 0.020833333333333332 0.021875
1 0.8791666666666667 0.0953125 0.05416666666666667 0.03125
1 0.17083333333333334 0.084375 0.03333333333333333 0.009375
1 0.03854166666666667 0.08359375 0.022916666666666665 0.0078125
1 0.5072916666666667 0.07734375 0.0020833333333333333 0.0015625
1 0.14166666666666666 0.0828125 0.020833333333333332 0.0125
1 0.5697916666666667 0.07265625 0.0020833333333333333 0.0015625
1 0.515625 0.07109375 0.0020833333333333333 0.0015625
1 0.015625 0.09140625 0.03125 0.0453125
1 0.7760416666666666 0.07421875 0.01875 0.0140625
1 0.05 0.0671875 0.008333333333333333 0.003125
1 0.4947916666666667 0.07578125 0.035416666666666666 0.0234375
1 0.06770833333333333 0.06484375 0.0020833333333333333 0.0015625
1 0.1625 0.06640625 0.0125 0.0078125
1 0.08229166666666667 0.06015625 0.00625 0.0046875
1 0.565625 0.05625 0.010416666666666666 0.00625
1 0.10833333333333334 0.0703125 0.05 0.040625
1 0.00625 0.05546875 0.0125 0.0109375
1 0.9260416666666667 0.065625 0.03958333333333333 0.04375
1 0.2 0.04609375 0.016666666666666666 0.0078125
1 0.16979166666666667 0.03515625 0.0020833333333333333 0.0015625
1 0.18125 0.03984375 0.0125 0.0140625
1 0.10520833333333333 0.04453125 0.03125 0.0234375
1 0.04895833333333333 0.04453125 0.04375 0.0234375
1 0.01875 0.034375 0.0125 0.00625
1 0.8479166666666667 0.028125 0.004166666666666667 0.003125
1 0.196875 0.02578125 0.0020833333333333333 0.0015625
1 0.029166666666666667 0.02265625 0.008333333333333333 0.0046875
1 0.37395833333333334 0.05546875 0.06875 0.0734375
1 0.053125 0.01953125 0.0020833333333333333 0.0015625
1 0.17604166666666668 0.02421875 0.01875 0.0140625
1 0.7520833333333333 0.01875 0.029166666666666667 0.0125
1 0.13541666666666666 0.02421875 0.0625 0.0359375
1 0.134375 0.00859375 0.010416666666666666 0.0078125
1 0.4 0.00546875 0.008333333333333333 0.0046875
1 0.8875 0.034375 0.075 0.06875
1 0.8208333333333333 0.04609375 0.0625 0.0921875
1 0.790625 0.02890625 0.03958333333333333 0.0578125
1 0.7708333333333334 0.0015625 0.004166666666666667 0.003125
1 0.7135416666666666 0.0109375 0.04375 0.021875
1 0.496875 0.04375 0.15208333333333332 0.0875
1 0.425 0.00546875 0.029166666666666667 0.0109375
1 0.3697916666666667 0.00234375 0.00625 0.0046875
1 0.3104166666666667 0.0140625 0.03333333333333333 0.028125
1 0.175 0.0046875 0.004166666666666667 0.009375
1 0.05416666666666667 0.009375 0.025 0.01875
