0 0.29583333333333334 0.51328125 0.008333333333333333 0.0015625
0 0.30416666666666664 0.5078125 0.008333333333333333 0.00625
0 0.5572916666666666 0.496875 0.0020833333333333333 0.003125
0 0.31979166666666664 0.47734375 0.0020833333333333333 0.0015625
0 0.4979166666666667 0.46875 0.0125 0.01875
0 0.3729166666666667 0.46015625 0.004166666666666667 0.0015625
0 0.5145833333333333 0.459375 0.008333333333333333 0.003125
0 0.3729166666666667 0.45703125 0.004166666666666667 0.0015625
0 0.46979166666666666 0.42265625 0.0020833333333333333 0.0015625
0 0.9979166666666667 0.4234375 0.004166666666666667 0.00625
0 0.996875 0.40078125 0.0020833333333333333 0.0015625
0 0.6041666666666666 0.39921875 0.004166666666666667 0.0015625
0 0.515625 0.428125 0.03125 0.059375
0 0.6708333333333333 0.38984375 0.058333333333333334 0.0171875
0 0.9822916666666667 0.3953125 0.03125 0.046875
0 0.74375 0.37578125 0.05 0.0078125
0 0.08333333333333333 0.3671875 0.008333333333333333 0.003125
0 0.6208333333333333 0.3515625 0.008333333333333333 0.003125
0 0.16354166666666667 0.3515625 0.0020833333333333333 0.003125
0 0.15104166666666666 0.34921875 0.0020833333333333333 0.0015625
0 0.95 0.340625 0.004166666666666667 0.003125
0 0.634375 0.33984375 0.0020833333333333333 0.0015625
0 0.6458333333333334 0.334375 0.016666666666666666 0.0125
0 0.5916666666666667 0.33125 0.004166666666666667 0.00625
0 0.6572916666666667 0.32734375 0.0020833333333333333 0.0015625
0 0.209375 0.33359375 0.01875 0.0171875
0 0.06875 0.32734375 0.008333333333333333 0.0046875
0 0.9239583333333333 0.32265625 0.0020833333333333333 0.0015625
0 0.6635416666666667 0.32265625 0.0020833333333333333 0.0015625
0 0.09375 0.32421875 0.0125 0.0046875
0 0.9385416666666667 0.31953125 0.0020833333333333333 0.0015625
0 0.66875 0.31875 0.004166666666666667 0.003125
0 0.17916666666666667 0.325 0.025 0.015625
0 0.15104166666666666 0.3203125 0.014583333333333334 0.009375
0 0.9270833333333334 0.31640625 0.016666666666666666 0.0078125
0 0.9291666666666667 0.31015625 0.004166666666666667 0.0015625
0 0.68125 0.31171875 0.008333333333333333 0.0046875
0 0.503125 0.31015625 0.00625 0.0078125
0 0.16458333333333333 0.3109375 0.016666666666666666 0.009375
0 0.6989583333333333 0.30390625 0.00625 0.0046875
0 0.23125 0.30078125 0.004166666666666667 0.0015625
0 0.9645833333333333 0.334375 0.07083333333333333 0.071875
0 0.721875 0.29921875 0.0020833333333333333 0.0015625
0 0.496875 0.2984375 0.00625 0.00625
0 0.4822916666666667 0.284375 0.01875 0.01875
0 0.19583333333333333 0.275 0.004166666666666667 0.00625
0 0.4708333333333333 0.271875 0.004166666666666667 0.003125
0 0.15729166666666666 0.26796875 0.022916666666666665 0.0171875
0 0.171875 0.26171875 0.00625 0.0078125
0 0.13645833333333332 0.25390625 0.0020833333333333333 0.0015625
0 0.16770833333333332 0.2515625 0.0020833333333333333 0.003125
0 0.15729166666666666 0.24609375 0.0020833333333333333 0.0015625
0 0.15 0.2453125 0.008333333333333333 0.00625
0 0.103125 0.25390625 0.04791666666666667 0.0484375
0 0.18958333333333333 0.24609375 0.125 0.1109375
0 0.25729166666666664 0.18671875 0.0020833333333333333 0.0015625
0 0.26145833333333335 0.1859375 0.0020833333333333333 0.003125
0 0.26979166666666665 0.17890625 0.0020833333333333333 0.0015625
0 0.2625 0.18046875 0.0125 0.0046875
0 0.17395833333333333 0.17734375 0.0020833333333333333 0.0015625
0 0.134375 0.16953125 0.0020833333333333333 0.0015625
0 0.128125 0.1703125 0.014583333333333334 0.00625
0 0.153125 0.16328125 0.0020833333333333333 0.0015625
0 0.7135416666666666 0.1640625 0.010416666666666666 0.00625
0 0.003125 0.16171875 0.0020833333333333333 0.0015625
0 0.9864583333333333 0.15859375 0.0020833333333333333 0.0015625
0 0.14270833333333333 0.16171875 0.014583333333333334 0.0078125
0 0.15 0.15703125 0.004166666666666667 0.0015625
0 0.515625 0.15859375 0.010416666666666666 0.0078125
0 0.99375 0.15546875 0.008333333333333333 0.0046875
0 0.7322916666666667 0.15390625 0.0020833333333333333 0.0015625
0 0.23958333333333334 0.171875 0.1 0.040625
0 0.9989583333333333 0.14765625 0.0020833333333333333 0.0015625
0 0.07395833333333333 0.14765625 0.0020833333333333333 0.0015625
0 0.07916666666666666 0.14296875 0.004166666666666667 0.0046875
0 0.18229166666666666 0.13984375 0.0020833333333333333 0.0015625
0 0.153125 0.1421875 0.00625 0.00625
0 0.14375 0.14453125 0.0125 0.0109375
0 0.18229166666666666 0.13671875 0.0020833333333333333 0.0015625
0 0.15729166666666666 0.13671875 0.0020833333333333333 0.0015625
0 0.2520833333333333 0.13515625 0.004166666666666667 0.0015625
0 0.14479166666666668 0.13515625 0.0020833333333333333 0.0015625
0 0.08020833333333334 0.13671875 0.0020833333333333333 0.0046875
0 0.8072916666666666 0.13515625 0.0020833333333333333 0.0046875
0 0.9447916666666667 0.1328125 0.0020833333333333333 0.003125
0 0.153125 0.13359375 0.00625 0.0046875
0 0.084375 0.1328125 0.0020833333333333333 0.003125
0 0.9479166666666666 0.128125 0.004166666666666667 0.003125
0 0.0020833333333333333 0.12890625 0.004166666666666667 0.0046875
0 0.821875 0.12890625 0.00625 0.0078125
0 0.165625 0.13359375 0.01875 0.0203125
0 0.834375 0.12265625 0.0020833333333333333 0.0015625
0 0.14895833333333333 0.12734375 0.010416666666666666 0.0109375
0 0.871875 0.14140625 0.07708333333333334 0.0421875
0 0.5322916666666667 0.121875 0.010416666666666666 0.00625
0 0.014583333333333334 0.11796875 0.004166666666666667 0.0015625
0 0.9583333333333334 0.1171875 0.004166666666666667 0.003125
0 0.011458333333333333 0.11484375 0.00625 0.0015625
0 0.04895833333333333 0.11484375 0.00625 0.0046875
0 0.11875 0.11171875 0.004166666666666667 0.0015625
0 0.11354166666666667 0.11015625 0.0020833333333333333 0.0015625
0 0.065625 0.11015625 0.0020833333333333333 0.0015625
0 0.9708333333333333 0.1328125 0.058333333333333334 0.05
0 0.103125 0.11015625 0.010416666666666666 0.0078125
0 0.9447916666666667 0.10546875 0.0020833333333333333 0.0015625
0 0.9989583333333333 0.1046875 0.0020833333333333333 0.003125
0 0.99375 0.10390625 0.004166666666666667 0.0015625
0 0.8041666666666667 0.109375 0.020833333333333332 0.0125
0 0.9104166666666667 0.10390625 0.008333333333333333 0.0046875
0 0.8947916666666667 0.10234375 0.0020833333333333333 0.0015625
0 0.946875 0.10078125 0.0020833333333333333 0.0015625
0 0.253125 0.10078125 0.0020833333333333333 0.0015625
0 0.9729166666666667 0.1046875 0.0125 0.015625
0 0.959375 0.1015625 0.00625 0.009375
0 0.12916666666666668 0.12734375 0.09166666666666666 0.0609375
0 0.9239583333333333 0.09609375 0.0020833333333333333 0.0015625
0 0.915625 0.09609375 0.0020833333333333333 0.0046875
0 0.959375 0.09296875 0.0020833333333333333 0.0015625
0 0.315625 0.1140625 0.09791666666666667 0.046875
0 0.196875 0.09140625 0.0020833333333333333 0.0015625
0 0.9791666666666666 0.09765625 0.016666666666666666 0.0171875
0 0.9427083333333334 0.08984375 0.0020833333333333333 0.0015625
0 0.971875 0.08828125 0.0020833333333333333 0.0015625
0 0.22916666666666666 0.1 0.06666666666666667 0.034375
0 0.946875 0.08203125 0.0020833333333333333 0.0015625
0 0.21979166666666666 0.08046875 0.00625 0.0015625
0 0.5572916666666666 0.07890625 0.0020833333333333333 0.0015625
0 0.22916666666666666 0.0796875 0.0125 0.00625
0 0.165625 0.07734375 0.0020833333333333333 0.0015625
0 0.5208333333333334 0.075 0.004166666666666667 0.003125
0 0.128125 0.07421875 0.0020833333333333333 0.0015625
0 0.996875 0.07265625 0.0020833333333333333 0.0015625
0 0.03229166666666667 0.07265625 0.0020833333333333333 0.0015625
0 0.528125 0.0671875 0.0020833333333333333 0.003125
0 0.971875 0.05859375 0.0020833333333333333 0.0015625
0 0.859375 0.05546875 0.0020833333333333333 0.0015625
0 0.8489583333333334 0.05546875 0.0020833333333333333 0.0015625
0 0.696875 0.05625 0.0020833333333333333 0.003125
0 0.865625 0.05390625 0.0020833333333333333 0.0015625
0 0.8572916666666667 0.0515625 0.0020833333333333333 0.003125
0 0.9677083333333333 0.04921875 0.0020833333333333333 0.0015625
0 0.5822916666666667 0.04921875 0.0020833333333333333 0.0015625
0 0.896875 0.0484375 0.0020833333333333333 0.003125
0 0.584375 0.04609375 0.0020833333333333333 0.0015625
0 0.9625 0.04453125 0.004166666666666667 0.0015625
0 0.5760416666666667 0.04609375 0.0020833333333333333 0.0046875
0 0.534375 0.09296875 0.07708333333333334 0.1015625
0 0.9416666666666667 0.06953125 0.10833333333333334 0.0578125
0 0.11666666666666667 0.040625 0.004166666666666667 0.003125
0 0.9322916666666666 0.03828125 0.0020833333333333333 0.0015625
0 0.16770833333333332 0.03671875 0.0020833333333333333 0.0015625
0 0.86875 0.03984375 0.008333333333333333 0.0109375
0 0.171875 0.03515625 0.0020833333333333333 0.0015625
0 0.16145833333333334 0.0359375 0.0020833333333333333 0.003125
0 0.9010416666666666 0.03515625 0.0020833333333333333 0.0046875
0 0.5541666666666667 0.028125 0.004166666666666667 0.003125
0 0.15104166666666666 0.02734375 0.0020833333333333333 0.0015625
0 0.8854166666666666 0.0421875 0.029166666666666667 0.034375
0 0.975 0.02421875 0.016666666666666666 0.0015625
0 0.9979166666666667 0.02265625 0.004166666666666667 0.0015625
0 0.23229166666666667 0.02265625 0.0020833333333333333 0.0015625
0 0.603125 0.02265625 0.00625 0.0046875
0 0.19270833333333334 0.0203125 0.00625 0.003125
0 0.14166666666666666 0.0203125 0.016666666666666666 0.003125
0 0.21354166666666666 0.02109375 0.022916666666666665 0.0078125
0 0.60625 0.0171875 0.004166666666666667 0.003125
0 0.20208333333333334 0.0171875 0.004166666666666667 0.003125
0 0.6114583333333333 0.01171875 0.0020833333333333333 0.0015625
0 0.17916666666666667 0.009375 0.004166666666666667 0.003125
0 0.011458333333333333 0.00859375 0.0020833333333333333 0.0015625
0 0.184375 0.00703125 0.0020833333333333333 0.0015625
0 0.734375 0.00546875 0.0020833333333333333 0.0015625
0 0.05 0.01484375 0.020833333333333332 0.0203125
0 0.575 0.0046875 0.008333333333333333 0.003125
0 0.546875 0.00390625 0.0020833333333333333 0.0015625
0 0.05520833333333333 0.00234375 0.0020833333333333333 0.0015625
0 0.8166666666666667 0.084375 0.36666666666666664 0.16875
0 0.035416666666666666 0.0015625 0.004166666666666667 0.003125
1 0.9479166666666666 0.753125 0.025 0.025
1 0.051041666666666666 0.70234375 0.0020833333333333333 0.0015625
1 0.03333333333333333 0.69375 0.06666666666666667 0.05
1 0.029166666666666667 0.63203125 0.004166666666666667 0.0015625
1 0.009375 0.59921875 0.0020833333333333333 0.0015625
1 0.25416666666666665 0.5984375 0.004166666666666667 0.00625
1 0.003125 0.5984375 0.00625 0.00625
1 0.26458333333333334 0.5890625 0.004166666666666667 0.00625
1 0.016666666666666666 0.5859375 0.0125 0.00625
1 0.265625 0.5828125 0.0020833333333333333 0.003125
1 0.013541666666666667 0.58046875 0.0020833333333333333 0.0015625
1 0.2677083333333333 0.57890625 0.0020833333333333333 0.0015625
1 0.321875 0.56796875 0.0020833333333333333 0.0015625
1 0.25625 0.57578125 0.004166666666666667 0.0171875
1 0.31145833333333334 0.58515625 0.022916666666666665 0.0546875
1 0.19479166666666667 0.55234375 0.0020833333333333333 0.0015625
1 0.5770833333333333 0.5703125 0.029166666666666667 0.040625
1 0.3697916666666667 0.54296875 0.0020833333333333333 0.0015625
1 0.21041666666666667 0.54609375 0.020833333333333332 0.0109375
1 0.36354166666666665 0.540625 0.0020833333333333333 0.003125
1 0.33229166666666665 0.54765625 0.03125 0.0203125
1 0.353125 0.53671875 0.00625 0.0046875
1 0.23020833333333332 0.53984375 0.01875 0.0109375
1 0.5583333333333333 0.540625 0.008333333333333333 0.015625
1 0.14270833333333333 0.53359375 0.0020833333333333333 0.0015625
1 0.5541666666666667 0.52734375 0.004166666666666667 0.0046875
1 0.5510416666666667 0.51796875 0.0020833333333333333 0.0046875
1 0.30625 0.51953125 0.05416666666666667 0.0171875
1 0.565625 0.5296875 0.014583333333333334 0.040625
1 0.24479166666666666 0.50859375 0.0020833333333333333 0.0015625
1 0.3177083333333333 0.50703125 0.0020833333333333333 0.0015625
1 0.011458333333333333 0.50703125 0.0020833333333333333 0.0015625
1 0.25729166666666664 0.50703125 0.014583333333333334 0.0046875
1 0.475 0.50625 0.004166666666666667 0.009375
1 0.4979166666666667 0.5015625 0.004166666666666667 0.003125
1 0.328125 0.49921875 0.0020833333333333333 0.0015625
1 0.30833333333333335 0.503125 0.03333333333333333 0.009375
1 0.596875 0.49765625 0.0020833333333333333 0.0015625
1 0.4635416666666667 0.49765625 0.0020833333333333333 0.0015625
1 0.296875 0.49765625 0.0020833333333333333 0.0015625
1 0.115625 0.49765625 0.0020833333333333333 0.0015625
1 0.007291666666666667 0.49765625 0.0020833333333333333 0.0015625
1 0.15833333333333333 0.55234375 0.24583333333333332 0.1140625
1 0.496875 0.4953125 0.0020833333333333333 0.003125
1 0.240625 0.49609375 0.01875 0.0046875
1 0.34479166666666666 0.48984375 0.0020833333333333333 0.0015625
1 0.5604166666666667 0.48984375 0.004166666666666667 0.0046875
1 0.134375 0.49140625 0.01875 0.0078125
1 0.3416666666666667 0.4859375 0.004166666666666667 0.003125
1 0.48020833333333335 0.49140625 0.022916666666666665 0.0171875
1 0.559375 0.4828125 0.0020833333333333333 0.003125
1 0.051041666666666666 0.5203125 0.10208333333333333 0.078125
1 0.334375 0.48046875 0.0020833333333333333 0.0015625
1 0.10416666666666667 0.48359375 0.016666666666666666 0.0078125
1 0.596875 0.47890625 0.0020833333333333333 0.0015625
1 0.49375 0.48359375 0.008333333333333333 0.0109375
1 0.55 0.484375 0.008333333333333333 0.015625
1 0.5010416666666667 0.47578125 0.0020833333333333333 0.0015625
1 0.48541666666666666 0.4765625 0.004166666666666667 0.003125
1 0.43020833333333336 0.478125 0.00625 0.00625
1 0.109375 0.47734375 0.00625 0.0046875
1 0.034375 0.47734375 0.00625 0.0046875
1 0.5416666666666666 0.4765625 0.004166666666666667 0.00625
1 0.15416666666666667 0.4796875 0.016666666666666666 0.0125
1 0.5614583333333333 0.47265625 0.0020833333333333333 0.0015625
1 0.334375 0.475 0.00625 0.00625
1 0.3416666666666667 0.4703125 0.004166666666666667 0.003125
1 0.16770833333333332 0.47109375 0.00625 0.0046875
1 0.12083333333333333 0.47265625 0.0125 0.0078125
1 0.5572916666666666 0.46796875 0.0020833333333333333 0.0015625
1 0.43645833333333334 0.46796875 0.0020833333333333333 0.0015625
1 0.36354166666666665 0.46953125 0.0020833333333333333 0.0046875
1 0.35833333333333334 0.46796875 0.004166666666666667 0.0015625
1 0.509375 0.46953125 0.010416666666666666 0.0078125
1 0.4510416666666667 0.49140625 0.07708333333333334 0.0515625
1 0.353125 0.46796875 0.0020833333333333333 0.0046875
1 0.43854166666666666 0.46484375 0.0020833333333333333 0.0015625
1 0.178125 0.4671875 0.010416666666666666 0.00625
1 0.18541666666666667 0.46328125 0.004166666666666667 0.0015625
1 0.1375 0.4671875 0.016666666666666666 0.009375
1 0.44479166666666664 0.465625 0.010416666666666666 0.009375
1 0.5260416666666666 0.459375 0.0020833333333333333 0.003125
1 0.19791666666666666 0.46015625 0.008333333333333333 0.0046875
1 0.153125 0.45703125 0.0020833333333333333 0.0015625
1 0.14583333333333334 0.45859375 0.004166666666666667 0.0046875
1 0.203125 0.45390625 0.0020833333333333333 0.0015625
1 0.35833333333333334 0.453125 0.016666666666666666 0.00625
1 0.215625 0.45078125 0.0020833333333333333 0.0015625
1 0.15625 0.4515625 0.004166666666666667 0.003125
1 0.34479166666666666 0.44921875 0.0020833333333333333 0.0015625
1 0.5135416666666667 0.45078125 0.00625 0.0078125
1 0.9677083333333333 0.4515625 0.022916666666666665 0.0125
1 0.49895833333333334 0.44609375 0.0020833333333333333 0.0015625
1 0.31979166666666664 0.44609375 0.0020833333333333333 0.0015625
1 0.20729166666666668 0.446875 0.00625 0.003125
1 0.5177083333333333 0.44453125 0.0020833333333333333 0.0015625
1 0.3729166666666667 0.44765625 0.004166666666666667 0.0078125
1 0.5260416666666666 0.44296875 0.0020833333333333333 0.0015625
1 0.19895833333333332 0.44375 0.00625 0.00625
1 0.5322916666666667 0.44375 0.010416666666666666 0.009375
1 0.49166666666666664 0.43828125 0.004166666666666667 0.0015625
1 0.4822916666666667 0.4375 0.0020833333333333333 0.003125
1 0.17395833333333333 0.440625 0.010416666666666666 0.009375
1 0.04479166666666667 0.4375 0.00625 0.00625
1 0.521875 0.43359375 0.0020833333333333333 0.0015625
1 0.22604166666666667 0.43203125 0.0020833333333333333 0.0015625
1 0.20520833333333333 0.43046875 0.0020833333333333333 0.0015625
1 0.46875 0.4296875 0.004166666666666667 0.003125
1 0.19166666666666668 0.4328125 0.020833333333333332 0.009375
1 0.521875 0.42734375 0.0020833333333333333 0.0015625
1 0.31354166666666666 0.42734375 0.0020833333333333333 0.0015625
1 0.209375 0.4265625 0.014583333333333334 0.003125
1 0.22604166666666667 0.42734375 0.022916666666666665 0.0078125
1 0.6197916666666666 0.421875 0.014583333333333334 0.00625
1 0.11666666666666667 0.41875 0.016666666666666666 0.003125
1 0.140625 0.41015625 0.0020833333333333333 0.0015625
1 0.109375 0.4109375 0.0020833333333333333 0.003125
1 0.09479166666666666 0.409375 0.014583333333333334 0.003125
1 0.020833333333333332 0.42890625 0.041666666666666664 0.0421875
1 0.084375 0.40703125 0.0020833333333333333 0.0015625
1 0.6322916666666667 0.40546875 0.0020833333333333333 0.0015625
1 0.6375 0.4046875 0.004166666666666667 0.003125
1 0.6427083333333333 0.403125 0.0020833333333333333 0.003125
1 0.004166666666666667 0.40234375 0.008333333333333333 0.0015625
1 0.6479166666666667 0.4015625 0.004166666666666667 0.003125
1 0.12708333333333333 0.403125 0.016666666666666666 0.00625
1 0.6552083333333333 0.39921875 0.0020833333333333333 0.0015625
1 0.121875 0.39765625 0.0020833333333333333 0.0015625
1 0.878125 0.39453125 0.0020833333333333333 0.0015625
1 0.6729166666666667 0.39453125 0.004166666666666667 0.0015625
1 0.8739583333333333 0.39296875 0.0020833333333333333 0.0015625
1 0.8697916666666666 0.39140625 0.0020833333333333333 0.0015625
1 0.6947916666666667 0.38984375 0.0020833333333333333 0.0015625
1 0.63125 0.39375 0.0125 0.009375
1 0.8760416666666667 0.38828125 0.0020833333333333333 0.0015625
1 0.859375 0.38828125 0.0020833333333333333 0.0015625
1 0.7135416666666666 0.38828125 0.0020833333333333333 0.0015625
1 0.871875 0.38671875 0.0020833333333333333 0.0015625
1 0.8510416666666667 0.38515625 0.0020833333333333333 0.0015625
1 0.6447916666666667 0.38515625 0.0020833333333333333 0.0015625
1 0.8666666666666667 0.38359375 0.004166666666666667 0.0015625
1 0.840625 0.38203125 0.0020833333333333333 0.0015625
1 0.8354166666666667 0.38125 0.004166666666666667 0.003125
1 0.8239583333333333 0.38046875 0.0020833333333333333 0.0015625
1 0.678125 0.38046875 0.0020833333333333333 0.0015625
1 0.20729166666666668 0.38046875 0.0020833333333333333 0.0015625
1 0.7666666666666667 0.3796875 0.004166666666666667 0.003125
1 0.6895833333333333 0.37890625 0.004166666666666667 0.0015625
1 0.6614583333333334 0.37890625 0.0020833333333333333 0.0015625
1 0.775 0.378125 0.004166666666666667 0.003125
1 0.6708333333333333 0.3796875 0.008333333333333333 0.00625
1 0.665625 0.37734375 0.0020833333333333333 0.0015625
1 0.1375 0.38359375 0.016666666666666666 0.0140625
1 0.8520833333333333 0.37890625 0.016666666666666666 0.0078125
1 0.7083333333333334 0.3765625 0.004166666666666667 0.003125
1 0.7020833333333333 0.37578125 0.004166666666666667 0.0015625
1 0.6427083333333333 0.37578125 0.0020833333333333333 0.0015625
1 0.6375 0.37578125 0.004166666666666667 0.0046875
1 0.3375 0.37265625 0.008333333333333333 0.0046875
1 0.19895833333333332 0.37734375 0.01875 0.0171875
1 0.7510416666666667 0.36796875 0.00625 0.0015625
1 0.615625 0.36015625 0.0020833333333333333 0.0015625
1 0.6177083333333333 0.35703125 0.0020833333333333333 0.0015625
1 0.6239583333333333 0.35546875 0.0020833333333333333 0.0015625
1 0.6135416666666667 0.35234375 0.0020833333333333333 0.0015625
1 0.628125 0.35078125 0.0020833333333333333 0.0015625
1 0.21354166666666666 0.35078125 0.0020833333333333333 0.0015625
1 0.615625 0.3484375 0.0020833333333333333 0.003125
1 0.6208333333333333 0.346875 0.004166666666666667 0.003125
1 0.9114583333333334 0.34296875 0.0020833333333333333 0.0015625
1 0.5322916666666667 0.34296875 0.0020833333333333333 0.0015625
1 0.5177083333333333 0.34140625 0.0020833333333333333 0.0015625
1 0.625 0.34140625 0.004166666666666667 0.0046875
1 0.221875 0.34375 0.010416666666666666 0.0125
1 0.909375 0.33359375 0.0020833333333333333 0.0015625
1 0.65625 0.334375 0.004166666666666667 0.003125
1 0.528125 0.33359375 0.0020833333333333333 0.0015625
1 0.22395833333333334 0.33359375 0.0020833333333333333 0.0015625
1 0.6614583333333334 0.32890625 0.0020833333333333333 0.0015625
1 0.909375 0.32578125 0.0020833333333333333 0.0015625
1 0.665625 0.32578125 0.0020833333333333333 0.0015625
1 0.6479166666666667 0.3265625 0.004166666666666667 0.003125
1 0.5260416666666666 0.32734375 0.00625 0.0078125
1 0.13958333333333334 0.32890625 0.016666666666666666 0.0109375
1 0.453125 0.3234375 0.0020833333333333333 0.003125
1 0.6364583333333333 0.3171875 0.0020833333333333333 0.003125
1 0.51875 0.31796875 0.004166666666666667 0.0046875
1 0.503125 0.31796875 0.00625 0.0046875
1 0.9114583333333334 0.31328125 0.0020833333333333333 0.0015625
1 0.515625 0.31328125 0.0020833333333333333 0.0015625
1 0.5135416666666667 0.31015625 0.0020833333333333333 0.0015625
1 0.4010416666666667 0.3109375 0.0020833333333333333 0.00625
1 0.5114583333333333 0.30703125 0.0020833333333333333 0.0015625
1 0.2375 0.3078125 0.008333333333333333 0.003125
1 0.221875 0.30390625 0.0020833333333333333 0.0015625
1 0.2552083333333333 0.30390625 0.00625 0.0046875
1 0.19895833333333332 0.31640625 0.04791666666666667 0.0296875
1 0.5072916666666667 0.30234375 0.00625 0.0046875
1 0.21145833333333333 0.30234375 0.014583333333333334 0.0046875
1 0.25833333333333336 0.3 0.004166666666666667 0.003125
1 0.13645833333333332 0.29765625 0.00625 0.0046875
1 0.48854166666666665 0.29921875 0.010416666666666666 0.0109375
1 0.49895833333333334 0.2921875 0.0020833333333333333 0.003125
1 0.4791666666666667 0.290625 0.004166666666666667 0.003125
1 0.7479166666666667 0.2890625 0.008333333333333333 0.003125
1 0.7177083333333333 0.28828125 0.0020833333333333333 0.0015625
1 0.26145833333333335 0.290625 0.010416666666666666 0.00625
1 0.7552083333333334 0.28671875 0.0020833333333333333 0.0015625
1 0.478125 0.28671875 0.0020833333333333333 0.0015625
1 0.7614583333333333 0.28515625 0.0020833333333333333 0.0015625
1 0.4739583333333333 0.28515625 0.0020833333333333333 0.0015625
1 0.73125 0.284375 0.0125 0.003125
1 0.49375 0.284375 0.004166666666666667 0.003125
1 0.809375 0.28203125 0.0020833333333333333 0.0015625
1 0.778125 0.28203125 0.0020833333333333333 0.0015625
1 0.7416666666666667 0.2828125 0.004166666666666667 0.003125
1 0.17604166666666668 0.29140625 0.052083333333333336 0.0203125
1 0.7947916666666667 0.28125 0.022916666666666665 0.003125
1 0.7541666666666667 0.27734375 0.004166666666666667 0.0015625
1 0.6010416666666667 0.27734375 0.0020833333333333333 0.0015625
1 0.33645833333333336 0.27734375 0.0020833333333333333 0.0015625
1 0.12916666666666668 0.28828125 0.03333333333333333 0.0265625
1 0.603125 0.27265625 0.0020833333333333333 0.0015625
1 0.4864583333333333 0.27578125 0.00625 0.0078125
1 0.115625 0.27265625 0.0020833333333333333 0.0015625
1 0.10729166666666666 0.35546875 0.21458333333333332 0.1671875
1 0.24479166666666666 0.27109375 0.00625 0.0109375
1 0.03854166666666667 0.2671875 0.00625 0.003125
1 0.4125 0.2640625 0.004166666666666667 0.003125
1 0.12395833333333334 0.26875 0.014583333333333334 0.0125
1 0.665625 0.259375 0.0020833333333333333 0.003125
1 0.6552083333333333 0.25703125 0.0020833333333333333 0.0015625
1 0.4083333333333333 0.2609375 0.0125 0.009375
1 0.4166666666666667 0.25546875 0.004166666666666667 0.0015625
1 0.6635416666666667 0.25390625 0.0020833333333333333 0.0015625
1 0.6708333333333333 0.2546875 0.004166666666666667 0.009375
1 0.35208333333333336 0.2546875 0.004166666666666667 0.009375
1 0.6635416666666667 0.25 0.0020833333333333333 0.003125
1 0.22708333333333333 0.2484375 0.004166666666666667 0.003125
1 0.06354166666666666 0.24765625 0.0020833333333333333 0.0015625
1 0.05625 0.24921875 0.0125 0.0046875
1 0.025 0.2484375 0.0125 0.003125
1 0.04895833333333333 0.24609375 0.0020833333333333333 0.0015625
1 0.05625 0.24453125 0.004166666666666667 0.0015625
1 0.040625 0.24375 0.010416666666666666 0.003125
1 0.34270833333333334 0.2375 0.0020833333333333333 0.003125
1 0.22291666666666668 0.23984375 0.0125 0.0109375
1 0.340625 0.23359375 0.0020833333333333333 0.0015625
1 0.07395833333333333 0.2421875 0.00625 0.01875
1 0.2125 0.23125 0.004166666666666667 0.00625
1 0.13020833333333334 0.2296875 0.00625 0.00625
1 0.33645833333333336 0.22578125 0.0020833333333333333 0.0015625
1 0.20520833333333333 0.22578125 0.00625 0.0046875
1 0.19479166666666667 0.2015625 0.00625 0.0125
1 0.25729166666666664 0.19453125 0.0020833333333333333 0.0015625
1 0.228125 0.19453125 0.0020833333333333333 0.0015625
1 0.20625 0.19140625 0.025 0.0046875
1 0.6708333333333333 0.19375 0.0125 0.0125
1 0.8677083333333333 0.18671875 0.0020833333333333333 0.0015625
1 0.27708333333333335 0.1875 0.008333333333333333 0.003125
1 0.9135416666666667 0.18359375 0.0020833333333333333 0.0015625
1 0.684375 0.18203125 0.0020833333333333333 0.0015625
1 0.678125 0.18046875 0.0020833333333333333 0.0015625
1 0.6885416666666667 0.17734375 0.0020833333333333333 0.0015625
1 0.8427083333333333 0.17578125 0.0020833333333333333 0.0015625
1 0.8072916666666666 0.17578125 0.0020833333333333333 0.0015625
1 0.7833333333333333 0.1734375 0.004166666666666667 0.003125
1 0.4979166666666667 0.19765625 0.041666666666666664 0.0515625
1 0.921875 0.171875 0.0020833333333333333 0.003125
1 0.9010416666666666 0.17109375 0.0020833333333333333 0.0015625
1 0.778125 0.17109375 0.0020833333333333333 0.0015625
1 0.8552083333333333 0.16640625 0.0020833333333333333 0.0015625
1 0.8979166666666667 0.16484375 0.004166666666666667 0.0015625
1 0.878125 0.16328125 0.0020833333333333333 0.0015625
1 0.9625 0.1625 0.004166666666666667 0.003125
1 0.9020833333333333 0.1609375 0.004166666666666667 0.003125
1 0.840625 0.1625 0.00625 0.00625
1 0.821875 0.16015625 0.0020833333333333333 0.0015625
1 0.946875 0.15859375 0.0020833333333333333 0.0015625
1 0.9114583333333334 0.15703125 0.0020833333333333333 0.0015625
1 0.846875 0.15703125 0.0020833333333333333 0.0015625
1 0.8427083333333333 0.15546875 0.0020833333333333333 0.0015625
1 0.8270833333333333 0.15625 0.004166666666666667 0.003125
1 0.8166666666666667 0.15546875 0.004166666666666667 0.0015625
1 0.8322916666666667 0.1546875 0.0020833333333333333 0.003125
1 0.9145833333333333 0.153125 0.004166666666666667 0.003125
1 0.8510416666666667 0.15390625 0.00625 0.0046875
1 0.8552083333333333 0.15078125 0.0020833333333333333 0.0015625
1 0.81875 0.14921875 0.004166666666666667 0.0015625
1 0.8416666666666667 0.14765625 0.004166666666666667 0.0015625
1 0.8177083333333334 0.14609375 0.0020833333333333333 0.0015625
1 0.8322916666666667 0.146875 0.0020833333333333333 0.00625
1 0.29270833333333335 0.14453125 0.0020833333333333333 0.0015625
1 0.8260416666666667 0.14609375 0.00625 0.0078125
1 0.9145833333333333 0.1421875 0.004166666666666667 0.003125
1 0.5385416666666667 0.14140625 0.0020833333333333333 0.0015625
1 0.31979166666666664 0.13984375 0.0020833333333333333 0.0015625
1 0.48333333333333334 0.13828125 0.004166666666666667 0.0015625
1 0.0625 0.1890625 0.125 0.103125
1 0.9177083333333333 0.134375 0.00625 0.003125
1 0.934375 0.13203125 0.0020833333333333333 0.0015625
1 0.8322916666666667 0.13203125 0.0020833333333333333 0.0015625
1 0.9177083333333333 0.125 0.010416666666666666 0.00625
1 0.9447916666666667 0.12109375 0.0020833333333333333 0.0015625
1 0.878125 0.12109375 0.00625 0.0046875
1 0.8697916666666666 0.11953125 0.0020833333333333333 0.0015625
1 0.809375 0.12265625 0.01875 0.0078125
1 0.9354166666666667 0.1171875 0.004166666666666667 0.003125
1 0.9114583333333334 0.11796875 0.0020833333333333333 0.0046875
1 0.9052083333333333 0.11796875 0.00625 0.0046875
1 0.89375 0.1203125 0.016666666666666666 0.009375
1 0.846875 0.11640625 0.022916666666666665 0.0078125
1 0.9052083333333333 0.11171875 0.0020833333333333333 0.0015625
1 0.08020833333333334 0.11328125 0.00625 0.0046875
1 0.9104166666666667 0.1109375 0.004166666666666667 0.003125
1 0.9052083333333333 0.10859375 0.0020833333333333333 0.0015625
1 0.26458333333333334 0.10546875 0.004166666666666667 0.0046875
1 0.059375 0.10390625 0.0020833333333333333 0.0015625
1 0.553125 0.10234375 0.0020833333333333333 0.0015625
1 0.5572916666666666 0.10078125 0.0020833333333333333 0.0015625
1 0.421875 0.3203125 0.49375 0.440625
1 0.059375 0.10078125 0.00625 0.0015625
1 0.17083333333333334 0.10078125 0.008333333333333333 0.0046875
1 0.19166666666666668 0.09765625 0.004166666666666667 0.0015625
1 0.25625 0.096875 0.004166666666666667 0.00625
1 0.5625 0.0921875 0.004166666666666667 0.003125
1 0.25 0.0859375 0.004166666666666667 0.00625
1 0.23958333333333334 0.07734375 0.004166666666666667 0.0015625
1 0.05416666666666667 0.07734375 0.008333333333333333 0.0015625
1 0.24479166666666666 0.071875 0.0020833333333333333 0.003125
1 0.240625 0.06953125 0.0020833333333333333 0.0015625
1 0.221875 0.06796875 0.0020833333333333333 0.0015625
1 0.18645833333333334 0.06796875 0.0020833333333333333 0.0046875
1 0.190625 0.06484375 0.0020833333333333333 0.0015625
1 0.09895833333333333 0.06484375 0.0020833333333333333 0.0015625
1 0.896875 0.05859375 0.0020833333333333333 0.0015625
1 0.8927083333333333 0.05859375 0.0020833333333333333 0.0015625
1 0.10208333333333333 0.06015625 0.004166666666666667 0.0046875
1 0.109375 0.05546875 0.00625 0.0046875
1 0.17395833333333333 0.05 0.00625 0.003125
1 0.1 0.053125 0.008333333333333333 0.009375
1 0.903125 0.04609375 0.0020833333333333333 0.0046875
1 0.18854166666666666 0.04140625 0.0020833333333333333 0.0015625
1 0.153125 0.059375 0.06041666666666667 0.0375
1 0.03229166666666667 0.04296875 0.00625 0.0046875
1 0.203125 0.0328125 0.0020833333333333333 0.003125
1 0.03229166666666667 0.0328125 0.0020833333333333333 0.003125
1 0.225 0.03046875 0.004166666666666667 0.0015625
1 0.9697916666666667 0.02734375 0.0020833333333333333 0.0015625
1 0.9614583333333333 0.02890625 0.010416666666666666 0.0046875
1 0.9885416666666667 0.02578125 0.0020833333333333333 0.0015625
1 0.040625 0.01484375 0.0020833333333333333 0.0015625
1 0.925 0.025 0.05 0.025
1 0.23854166666666668 0.0140625 0.00625 0.003125
1 0.23020833333333332 0.01328125 0.0020833333333333333 0.0015625
1 0.19166666666666668 0.01328125 0.004166666666666667 0.0046875
1 0.22291666666666668 0.00703125 0.004166666666666667 0.0015625
1 0.2125 0.01015625 0.008333333333333333 0.0078125
1 0.03854166666666667 0.00703125 0.0020833333333333333 0.0015625
1 0.026041666666666668 0.01015625 0.014583333333333334 0.0109375
1 0.04791666666666667 0.003125 0.004166666666666667 0.003125
1 0.10208333333333333 0.0578125 0.20416666666666666 0.115625
1 0.004166666666666667 0.003125 0.008333333333333333 0.00625
2 0.016666666666666666 0.68515625 0.03333333333333333 0.0328125
2 0.10625 0.60078125 0.029166666666666667 0.0109375
2 0.3104166666666667 0.57890625 0.004166666666666667 0.0078125
2 0.2635416666666667 0.5734375 0.0020833333333333333 0.003125
2 0.103125 0.56015625 0.0020833333333333333 0.0015625
2 0.31666666666666665 0.5640625 0.0125 0.0125
2 0.328125 0.553125 0.010416666666666666 0.00625
2 0.12083333333333333 0.55234375 0.0125 0.0046875
2 0.12916666666666668 0.54765625 0.004166666666666667 0.0015625
2 0.051041666666666666 0.54765625 0.0020833333333333333 0.0015625
2 0.051041666666666666 0.54453125 0.0020833333333333333 0.0015625
2 0.3375 0.5453125 0.008333333333333333 0.00625
2 0.334375 0.53984375 0.0020833333333333333 0.0015625
2 0.14270833333333333 0.53984375 0.014583333333333334 0.0078125
2 0.37395833333333334 0.53515625 0.0020833333333333333 0.0015625
2 0.159375 0.53203125 0.0020833333333333333 0.0015625
2 0.37604166666666666 0.53046875 0.0020833333333333333 0.0015625
2 0.16770833333333332 0.52890625 0.010416666666666666 0.0078125
2 0.3614583333333333 0.5265625 0.035416666666666666 0.015625
2 0.23645833333333333 0.5296875 0.05625 0.040625
2 0.565625 0.540625 0.022916666666666665 0.065625
2 0.43020833333333336 0.51171875 0.014583333333333334 0.0078125
2 0.4197916666666667 0.50859375 0.0020833333333333333 0.0015625
2 0.4125 0.50546875 0.004166666666666667 0.0015625
2 0.36354166666666665 0.50703125 0.00625 0.0046875
2 0.2604166666666667 0.50546875 0.008333333333333333 0.0015625
2 0.5572916666666666 0.50078125 0.0020833333333333333 0.0015625
2 0.40729166666666666 0.5015625 0.00625 0.003125
2 0.315625 0.5109375 0.06875 0.025
2 0.296875 0.49765625 0.0020833333333333333 0.0015625
2 0.23541666666666666 0.49765625 0.004166666666666667 0.0015625
2 0.22083333333333333 0.51015625 0.0875 0.0296875
2 0.13020833333333334 0.49140625 0.0020833333333333333 0.0015625
2 0.55625 0.48984375 0.008333333333333333 0.0171875
2 0.5572916666666666 0.47734375 0.0020833333333333333 0.0015625
2 0.32395833333333335 0.48125 0.01875 0.009375
2 0.34270833333333334 0.46953125 0.0020833333333333333 0.0015625
2 0.5572916666666666 0.46796875 0.0020833333333333333 0.0015625
2 0.43645833333333334 0.46796875 0.0020833333333333333 0.0015625
2 0.36354166666666665 0.46796875 0.0020833333333333333 0.0015625
2 0.35104166666666664 0.46640625 0.00625 0.0015625
2 0.43854166666666666 0.46484375 0.0020833333333333333 0.0015625
2 0.5489583333333333 0.4671875 0.0020833333333333333 0.009375
2 0.446875 0.46171875 0.0020833333333333333 0.0015625
2 0.19583333333333333 0.46015625 0.004166666666666667 0.0015625
2 0.21770833333333334 0.45390625 0.0020833333333333333 0.0015625
2 0.35833333333333334 0.453125 0.016666666666666666 0.00625
2 0.5333333333333333 0.44609375 0.008333333333333333 0.0046875
2 0.4822916666666667 0.43671875 0.0020833333333333333 0.0015625
2 0.615625 0.434375 0.00625 0.0125
2 0.20520833333333333 0.42734375 0.00625 0.0015625
2 0.035416666666666666 0.425 0.004166666666666667 0.003125
2 0.6197916666666666 0.42421875 0.00625 0.0046875
2 0.509375 0.41953125 0.0020833333333333333 0.0015625
2 0.48541666666666666 0.4578125 0.08333333333333333 0.090625
2 0.5135416666666667 0.41328125 0.0020833333333333333 0.0015625
2 0.19270833333333334 0.4703125 0.25625 0.115625
2 0.528125 0.41015625 0.0020833333333333333 0.0015625
2 0.515625 0.41015625 0.0020833333333333333 0.0015625
2 0.32916666666666666 0.41015625 0.008333333333333333 0.0046875
2 0.23645833333333333 0.409375 0.00625 0.00625
2 0.5302083333333333 0.40546875 0.0020833333333333333 0.0015625
2 0.13125 0.403125 0.004166666666666667 0.003125
2 0.996875 0.40078125 0.0020833333333333333 0.0015625
2 0.6552083333333333 0.39921875 0.0020833333333333333 0.0015625
2 0.6729166666666667 0.39453125 0.004166666666666667 0.0015625
2 0.678125 0.39296875 0.0020833333333333333 0.0015625
2 0.6083333333333333 0.39140625 0.008333333333333333 0.0015625
2 0.13125 0.38671875 0.004166666666666667 0.0015625
2 0.8510416666666667 0.38515625 0.0020833333333333333 0.0015625
2 0.865625 0.38359375 0.0020833333333333333 0.0015625
2 0.6229166666666667 0.384375 0.008333333333333333 0.003125
2 0.859375 0.38125 0.00625 0.003125
2 0.8364583333333333 0.38046875 0.0020833333333333333 0.0015625
2 0.8239583333333333 0.38046875 0.0020833333333333333 0.0015625
2 0.678125 0.38046875 0.0020833333333333333 0.0015625
2 0.765625 0.37890625 0.0020833333333333333 0.0015625
2 0.6895833333333333 0.37890625 0.004166666666666667 0.0015625
2 0.196875 0.38046875 0.00625 0.0046875
2 0.8489583333333334 0.37734375 0.0020833333333333333 0.0015625
2 0.7760416666666666 0.37734375 0.0020833333333333333 0.0015625
2 0.6697916666666667 0.37734375 0.0020833333333333333 0.0015625
2 0.665625 0.37734375 0.0020833333333333333 0.0015625
2 0.6385416666666667 0.37734375 0.0020833333333333333 0.0015625
2 0.8447916666666667 0.37578125 0.0020833333333333333 0.0015625
2 0.2 0.3765625 0.004166666666666667 0.003125
2 0.9833333333333333 0.41015625 0.03333333333333333 0.0734375
2 0.5729166666666666 0.37265625 0.004166666666666667 0.0046875
2 0.6677083333333333 0.4140625 0.20208333333333334 0.090625
2 0.996875 0.37109375 0.00625 0.0109375
2 0.5239583333333333 0.34921875 0.0020833333333333333 0.0015625
2 0.9114583333333334 0.34296875 0.0020833333333333333 0.0015625
2 0.5322916666666667 0.34296875 0.0020833333333333333 0.0015625
2 0.9729166666666667 0.34453125 0.004166666666666667 0.0078125
2 0.5197916666666667 0.34375 0.00625 0.00625
2 0.9489583333333333 0.33984375 0.0020833333333333333 0.0015625
2 0.6104166666666667 0.3609375 0.05 0.04375
2 0.528125 0.33359375 0.0020833333333333333 0.0015625
2 0.6552083333333333 0.33359375 0.00625 0.0046875
2 0.6416666666666667 0.3359375 0.008333333333333333 0.009375
2 0.6614583333333334 0.32890625 0.0020833333333333333 0.0015625
2 0.6520833333333333 0.3296875 0.004166666666666667 0.003125
2 0.13125 0.33125 0.004166666666666667 0.00625
2 0.6572916666666667 0.32734375 0.0020833333333333333 0.0015625
2 0.6479166666666667 0.32734375 0.004166666666666667 0.0015625
2 0.665625 0.32578125 0.0020833333333333333 0.0015625
2 0.525 0.32734375 0.004166666666666667 0.0046875
2 0.6635416666666667 0.32265625 0.0020833333333333333 0.0015625
2 0.659375 0.31953125 0.0020833333333333333 0.0015625
2 0.5197916666666667 0.31953125 0.0020833333333333333 0.0015625
2 0.5177083333333333 0.31640625 0.0020833333333333333 0.0015625
2 0.515625 0.31328125 0.0020833333333333333 0.0015625
2 0.49583333333333335 0.4078125 0.275 0.196875
2 0.5114583333333333 0.30703125 0.0020833333333333333 0.0015625
2 0.23854166666666668 0.30703125 0.00625 0.0015625
2 0.221875 0.30390625 0.0020833333333333333 0.0015625
2 0.9302083333333333 0.30234375 0.0020833333333333333 0.0015625
2 0.25416666666666665 0.303125 0.004166666666666667 0.003125
2 0.5072916666666667 0.30234375 0.00625 0.0046875
2 0.721875 0.3 0.00625 0.003125
2 0.25729166666666664 0.29921875 0.0020833333333333333 0.0015625
2 0.16979166666666667 0.29765625 0.0020833333333333333 0.0015625
2 0.49895833333333334 0.29296875 0.0020833333333333333 0.0015625
2 0.7395833333333334 0.2921875 0.004166666666666667 0.003125
2 0.7114583333333333 0.29140625 0.0020833333333333333 0.0015625
2 0.37083333333333335 0.3265625 0.020833333333333332 0.071875
2 0.25729166666666664 0.2921875 0.0020833333333333333 0.003125
2 0.7447916666666666 0.28984375 0.0020833333333333333 0.0015625
2 0.7489583333333333 0.28828125 0.0020833333333333333 0.0015625
2 0.7177083333333333 0.28828125 0.0020833333333333333 0.0015625
2 0.490625 0.28828125 0.0020833333333333333 0.0015625
2 0.7541666666666667 0.28671875 0.004166666666666667 0.0015625
2 0.7604166666666666 0.28515625 0.004166666666666667 0.0015625
2 0.73125 0.28515625 0.0125 0.0015625
2 0.6041666666666666 0.29375 0.008333333333333333 0.01875
2 0.036458333333333336 0.2875 0.014583333333333334 0.00625
2 0.765625 0.28359375 0.0020833333333333333 0.0015625
2 0.49270833333333336 0.28359375 0.0020833333333333333 0.0015625
2 0.7927083333333333 0.28046875 0.01875 0.0015625
2 0.059375 0.27890625 0.0020833333333333333 0.0015625
2 0.6083333333333333 0.27734375 0.004166666666666667 0.0046875
2 0.4739583333333333 0.27578125 0.0020833333333333333 0.0015625
2 0.246875 0.27578125 0.0020833333333333333 0.0015625
2 0.4895833333333333 0.296875 0.03333333333333333 0.046875
2 0.6197916666666666 0.27265625 0.0020833333333333333 0.0015625
2 0.48020833333333335 0.27109375 0.0020833333333333333 0.0015625
2 0.6145833333333334 0.265625 0.004166666666666667 0.00625
2 0.409375 0.259375 0.010416666666666666 0.00625
2 0.4166666666666667 0.25546875 0.004166666666666667 0.0015625
2 0.35104166666666664 0.25546875 0.0020833333333333333 0.0015625
2 0.6635416666666667 0.25390625 0.0020833333333333333 0.0015625
2 0.3489583333333333 0.25078125 0.0020833333333333333 0.0015625
2 0.346875 0.24609375 0.0020833333333333333 0.0015625
2 0.34270833333333334 0.2375 0.0020833333333333333 0.003125
2 0.646875 0.23359375 0.0020833333333333333 0.0015625
2 0.634375 0.23359375 0.0020833333333333333 0.0015625
2 0.340625 0.23359375 0.0020833333333333333 0.0015625
2 0.640625 0.22734375 0.0020833333333333333 0.0015625
2 0.33645833333333336 0.22578125 0.0020833333333333333 0.0015625
2 0.6520833333333333 0.2234375 0.004166666666666667 0.003125
2 0.34479166666666666 0.25546875 0.03125 0.0671875
2 0.3302083333333333 0.21953125 0.0020833333333333333 0.0015625
2 0.646875 0.21796875 0.0020833333333333333 0.0015625
2 0.3302083333333333 0.21640625 0.0020833333333333333 0.0015625
2 0.036458333333333336 0.20859375 0.0020833333333333333 0.0015625
2 0.023958333333333335 0.20234375 0.0020833333333333333 0.0015625
2 0.6614583333333334 0.2015625 0.0020833333333333333 0.003125
2 0.08125 0.20390625 0.03333333333333333 0.0109375
2 0.0125 0.19765625 0.004166666666666667 0.0015625
2 0.228125 0.19453125 0.0020833333333333333 0.0015625
2 0.215625 0.19296875 0.00625 0.0015625
2 0.2760416666666667 0.18671875 0.00625 0.0015625
2 0.25729166666666664 0.1875 0.0020833333333333333 0.003125
2 0.26145833333333335 0.1859375 0.0020833333333333333 0.003125
2 0.2625 0.18046875 0.0125 0.0046875
2 0.2760416666666667 0.18046875 0.014583333333333334 0.0078125
2 0.26458333333333334 0.175 0.004166666666666667 0.003125
2 0.25625 0.17578125 0.008333333333333333 0.0046875
2 0.8739583333333333 0.17265625 0.0020833333333333333 0.0015625
2 0.778125 0.17109375 0.0020833333333333333 0.0015625
2 0.27291666666666664 0.17265625 0.008333333333333333 0.0046875
2 0.7927083333333333 0.16953125 0.0020833333333333333 0.0015625
2 0.7885416666666667 0.16796875 0.0020833333333333333 0.0015625
2 0.8979166666666667 0.16484375 0.004166666666666667 0.0015625
2 0.471875 0.16484375 0.0020833333333333333 0.0015625
2 0.7989583333333333 0.16328125 0.0020833333333333333 0.0015625
2 0.5239583333333333 0.16328125 0.0020833333333333333 0.0015625
2 0.9614583333333333 0.16171875 0.0020833333333333333 0.0015625
2 0.003125 0.16171875 0.0020833333333333333 0.0015625
2 0.953125 0.16015625 0.0020833333333333333 0.0015625
2 0.803125 0.16015625 0.0020833333333333333 0.0015625
2 0.4739583333333333 0.16015625 0.0020833333333333333 0.0015625
2 0.29791666666666666 0.16328125 0.004166666666666667 0.0078125
2 0.9864583333333333 0.15859375 0.0020833333333333333 0.0015625
2 0.7760416666666666 0.16328125 0.01875 0.0109375
2 0.28229166666666666 0.16875 0.022916666666666665 0.021875
2 0.996875 0.15703125 0.0020833333333333333 0.0015625
2 0.9458333333333333 0.1578125 0.004166666666666667 0.003125
2 0.878125 0.15859375 0.010416666666666666 0.0109375
2 0.8114583333333333 0.15078125 0.0020833333333333333 0.0015625
2 0.2916666666666667 0.153125 0.004166666666666667 0.00625
2 0.8114583333333333 0.146875 0.0020833333333333333 0.003125
2 0.9 0.15234375 0.029166666666666667 0.0203125
2 0.9072916666666667 0.14296875 0.0020833333333333333 0.0015625
2 0.8239583333333333 0.14296875 0.0020833333333333333 0.0015625
2 0.29270833333333335 0.14375 0.0020833333333333333 0.003125
2 0.9822916666666667 0.14140625 0.0020833333333333333 0.0015625
2 0.5385416666666667 0.14140625 0.0020833333333333333 0.0015625
2 0.7302083333333333 0.140625 0.010416666666666666 0.00625
2 0.9739583333333334 0.13671875 0.010416666666666666 0.0046875
2 0.740625 0.1390625 0.01875 0.0125
2 0.9864583333333333 0.134375 0.010416666666666666 0.00625
2 0.946875 0.13046875 0.00625 0.0078125
2 0.28541666666666665 0.128125 0.004166666666666667 0.00625
2 0.9645833333333333 0.1234375 0.004166666666666667 0.003125
2 0.871875 0.12265625 0.0020833333333333333 0.0015625
2 0.546875 0.12265625 0.0020833333333333333 0.0015625
2 0.9447916666666667 0.12109375 0.0020833333333333333 0.0015625
2 0.965625 0.11953125 0.0020833333333333333 0.0015625
2 0.9510416666666667 0.11953125 0.0020833333333333333 0.0015625
2 0.49375 0.1203125 0.004166666666666667 0.003125
2 0.8708333333333333 0.11875 0.004166666666666667 0.003125
2 0.95625 0.11953125 0.008333333333333333 0.0078125
2 0.965625 0.115625 0.00625 0.003125
2 0.9416666666666667 0.115625 0.004166666666666667 0.003125
2 0.9354166666666667 0.11640625 0.004166666666666667 0.0046875
2 0.878125 0.11484375 0.0020833333333333333 0.0015625
2 0.8572916666666667 0.11328125 0.0020833333333333333 0.0015625
2 0.8697916666666666 0.11171875 0.0020833333333333333 0.0015625
2 0.9729166666666667 0.1109375 0.004166666666666667 0.003125
2 0.27395833333333336 0.10859375 0.0020833333333333333 0.0015625
2 0.984375 0.10546875 0.0020833333333333333 0.0015625
2 0.271875 0.10546875 0.0020833333333333333 0.0015625
2 0.9989583333333333 0.10390625 0.0020833333333333333 0.0046875
2 0.99375 0.103125 0.004166666666666667 0.003125
2 0.8770833333333333 0.1265625 0.09166666666666666 0.05
2 0.8947916666666667 0.10234375 0.0020833333333333333 0.0015625
2 0.8104166666666667 0.1171875 0.04583333333333333 0.03125
2 0.26979166666666665 0.10234375 0.0020833333333333333 0.0015625
2 0.16770833333333332 0.10390625 0.00625 0.0046875
2 0.984375 0.10078125 0.0020833333333333333 0.0015625
2 0.24583333333333332 0.1015625 0.004166666666666667 0.003125
2 0.16145833333333334 0.10078125 0.0020833333333333333 0.0015625
2 0.8302083333333333 0.09921875 0.0020833333333333333 0.0015625
2 0.915625 0.09765625 0.0020833333333333333 0.0015625
2 0.7947916666666667 0.09765625 0.0020833333333333333 0.0015625
2 0.7822916666666667 0.10546875 0.01875 0.0171875
2 0.9979166666666667 0.096875 0.004166666666666667 0.00625
2 0.9864583333333333 0.09453125 0.0020833333333333333 0.0015625
2 0.9072916666666667 0.09609375 0.00625 0.0046875
2 0.8104166666666667 0.096875 0.004166666666666667 0.00625
2 0.8322916666666667 0.09375 0.0020833333333333333 0.003125
2 0.265625 0.09296875 0.0020833333333333333 0.0015625
2 0.9427083333333334 0.08984375 0.0020833333333333333 0.0015625
2 0.821875 0.08828125 0.0020833333333333333 0.0015625
2 0.9895833333333334 0.084375 0.004166666666666667 0.003125
2 0.25 0.0875 0.004166666666666667 0.009375
2 0.23125 0.0859375 0.008333333333333333 0.00625
2 0.83125 0.08515625 0.004166666666666667 0.0078125
2 0.21979166666666666 0.08046875 0.00625 0.0015625
2 0.8322916666666667 0.07890625 0.0020833333333333333 0.0015625
2 0.23854166666666668 0.07734375 0.0020833333333333333 0.0015625
2 0.228125 0.0796875 0.014583333333333334 0.00625
2 0.8791666666666667 0.075 0.004166666666666667 0.003125
2 0.7552083333333334 0.07421875 0.0020833333333333333 0.0015625
2 0.5697916666666667 0.07421875 0.0020833333333333333 0.0015625
2 0.521875 0.07421875 0.0020833333333333333 0.0015625
2 0.17604166666666668 0.07421875 0.0020833333333333333 0.0015625
2 0.996875 0.07265625 0.0020833333333333333 0.0015625
2 0.18020833333333333 0.07265625 0.0020833333333333333 0.0015625
2 0.16979166666666667 0.07265625 0.0020833333333333333 0.0015625
2 0.2552083333333333 0.07109375 0.0020833333333333333 0.0015625
2 0.89375 0.0703125 0.0125 0.00625
2 0.871875 0.07734375 0.010416666666666666 0.0203125
2 0.146875 0.06875 0.0020833333333333333 0.003125
2 0.13229166666666667 0.06796875 0.0020833333333333333 0.0015625
2 0.12395833333333334 0.06796875 0.0020833333333333333 0.0015625
2 0.8822916666666667 0.06640625 0.0020833333333333333 0.0015625
2 0.18645833333333334 0.06796875 0.0020833333333333333 0.0046875
2 0.9708333333333333 0.065625 0.008333333333333333 0.003125
2 0.753125 0.06484375 0.0020833333333333333 0.0015625
2 0.15416666666666667 0.065625 0.008333333333333333 0.003125
2 0.9927083333333333 0.0671875 0.00625 0.009375
2 0.965625 0.06171875 0.0020833333333333333 0.0015625
2 0.821875 0.07109375 0.01875 0.0234375
2 0.17083333333333334 0.06171875 0.008333333333333333 0.0046875
2 0.0010416666666666667 0.06015625 0.0020833333333333333 0.0015625
2 0.971875 0.05859375 0.0020833333333333333 0.0015625
2 0.896875 0.05859375 0.0020833333333333333 0.0015625
2 0.5510416666666667 0.05859375 0.0020833333333333333 0.0015625
2 0.12708333333333333 0.0609375 0.008333333333333333 0.00625
2 0.8927083333333333 0.0578125 0.0020833333333333333 0.003125
2 0.696875 0.05703125 0.0020833333333333333 0.0015625
2 0.9645833333333333 0.05703125 0.008333333333333333 0.0046875
2 0.859375 0.05546875 0.0020833333333333333 0.0015625
2 0.8489583333333334 0.05546875 0.0020833333333333333 0.0015625
2 0.553125 0.05546875 0.0020833333333333333 0.0015625
2 0.9739583333333334 0.05390625 0.0020833333333333333 0.0015625
2 0.865625 0.05390625 0.0020833333333333333 0.0015625
2 0.11145833333333334 0.05546875 0.010416666666666666 0.0046875
2 0.14479166666666668 0.23828125 0.28958333333333336 0.3703125
2 0.8947916666666667 0.05234375 0.0020833333333333333 0.0015625
2 0.865625 0.05078125 0.0020833333333333333 0.0015625
2 0.8614583333333333 0.05078125 0.0020833333333333333 0.0015625
2 0.8572916666666667 0.0515625 0.0020833333333333333 0.003125
2 0.796875 0.05234375 0.00625 0.0046875
2 0.9739583333333334 0.05 0.0020833333333333333 0.003125
2 0.9677083333333333 0.04921875 0.0020833333333333333 0.0015625
2 0.88125 0.05390625 0.020833333333333332 0.0109375
2 0.8395833333333333 0.053125 0.0125 0.009375
2 0.478125 0.22890625 0.18958333333333333 0.3609375
2 0.165625 0.04921875 0.0020833333333333333 0.0015625
2 0.10208333333333333 0.05 0.004166666666666667 0.003125
2 0.9833333333333333 0.04921875 0.008333333333333333 0.0046875
2 0.9583333333333334 0.053125 0.008333333333333333 0.0125
2 0.171875 0.0484375 0.00625 0.003125
2 0.584375 0.046875 0.0020833333333333333 0.003125
2 0.9625 0.04453125 0.004166666666666667 0.0015625
2 0.8385416666666666 0.04140625 0.00625 0.0046875
2 0.11666666666666667 0.040625 0.004166666666666667 0.003125
2 0.9322916666666666 0.03828125 0.0020833333333333333 0.0015625
2 0.07395833333333333 0.03828125 0.0020833333333333333 0.0015625
2 0.140625 0.03515625 0.0020833333333333333 0.0015625
2 0.203125 0.03203125 0.0020833333333333333 0.0015625
2 0.14479166666666668 0.03203125 0.0020833333333333333 0.0015625
2 0.225 0.03046875 0.004166666666666667 0.0015625
2 0.0020833333333333333 0.03203125 0.004166666666666667 0.0046875
2 0.21770833333333334 0.02890625 0.00625 0.0015625
2 0.915625 0.03984375 0.03958333333333333 0.0265625
2 0.5541666666666667 0.028125 0.004166666666666667 0.003125
2 0.22395833333333334 0.02734375 0.0020833333333333333 0.0015625
2 0.015625 0.0421875 0.03125 0.03125
2 0.996875 0.02578125 0.00625 0.0015625
2 0.9885416666666667 0.02578125 0.0020833333333333333 0.0015625
2 0.22395833333333334 0.02421875 0.0020833333333333333 0.0015625
2 0.011458333333333333 0.028125 0.0020833333333333333 0.009375
2 0.9979166666666667 0.02265625 0.004166666666666667 0.0015625
2 0.23229166666666667 0.02265625 0.0020833333333333333 0.0015625
2 0.20520833333333333 0.02109375 0.0020833333333333333 0.0015625
2 0.209375 0.01953125 0.0020833333333333333 0.0015625
2 0.21875 0.01953125 0.008333333333333333 0.0046875
2 0.23645833333333333 0.01484375 0.0020833333333333333 0.0015625
2 0.203125 0.01640625 0.00625 0.0046875
2 0.6114583333333333 0.01171875 0.0020833333333333333 0.0015625
2 0.12604166666666666 0.00859375 0.00625 0.0015625
2 0.22291666666666668 0.00703125 0.004166666666666667 0.0015625
2 0.0375 0.00703125 0.004166666666666667 0.0015625
2 0.21145833333333333 0.009375 0.010416666666666666 0.009375
2 0.22083333333333333 0.003125 0.004166666666666667 0.003125
2 0.209375 0.00234375 0.0020833333333333333 0.0015625
2 0.9385416666666667 0.01796875 0.08958333333333333 0.0359375
2 0.20520833333333333 0.00078125 0.0020833333333333333 0.0015625
2 0.09479166666666666 0.00234375 0.010416666666666666 0.0046875
2 0.1125 0.02890625 0.16666666666666666 0.0578125
2 0.01875 0.01328125 0.0375 0.0265625
