0 0.403125 0.6765625 0.00625 0.003125
0 0.3697916666666667 0.6859375 0.01875 0.025
0 0.3260416666666667 0.62109375 0.08541666666666667 0.0765625
0 0.3625 0.58359375 0.04583333333333333 0.0390625
0 0.49583333333333335 0.571875 0.05 0.040625
0 0.46458333333333335 0.5390625 0.004166666666666667 0.003125
0 0.44895833333333335 0.53125 0.010416666666666666 0.00625
0 0.5822916666666667 0.52265625 0.0020833333333333333 0.0015625
0 0.68125 0.51796875 0.008333333333333333 0.0046875
0 0.37395833333333334 0.52421875 0.027083333333333334 0.0265625
0 0.321875 0.515625 0.022916666666666665 0.0125
0 0.38229166666666664 0.50546875 0.0020833333333333333 0.0015625
0 0.5208333333333334 0.50859375 0.008333333333333333 0.0140625
0 0.290625 0.53515625 0.07708333333333334 0.0671875
0 0.3927083333333333 0.4984375 0.010416666666666666 0.00625
0 0.4635416666666667 0.5109375 0.035416666666666666 0.034375
0 0.3541666666666667 0.4984375 0.008333333333333333 0.009375
0 0.6572916666666667 0.49296875 0.0020833333333333333 0.0015625
0 0.33541666666666664 0.4875 0.004166666666666667 0.00625
0 0.5375 0.4515625 0.004166666666666667 0.003125
0 0.43125 0.44609375 0.004166666666666667 0.0046875
0 0.5479166666666667 0.43671875 0.020833333333333332 0.0171875
0 0.41458333333333336 0.434375 0.0125 0.0125
0 0.49375 0.4328125 0.041666666666666664 0.025
0 0.6625 0.4171875 0.016666666666666666 0.015625
0 0.446875 0.40625 0.035416666666666666 0.015625
0 0.453125 0.39765625 0.0020833333333333333 0.0015625
0 0.40208333333333335 0.403125 0.041666666666666664 0.028125
0 0.4979166666666667 0.37734375 0.004166666666666667 0.0015625
0 0.6739583333333333 0.37265625 0.0020833333333333333 0.0015625
0 0.671875 0.36953125 0.0020833333333333333 0.0015625
0 0.646875 0.3796875 0.04375 0.021875
0 0.6625 0.35859375 0.008333333333333333 0.0078125
0 0.93125 0.35234375 0.004166666666666667 0.0015625
0 0.4979166666666667 0.346875 0.004166666666666667 0.003125
0 0.9177083333333333 0.32734375 0.0020833333333333333 0.0015625
0 0.9104166666666667 0.3296875 0.004166666666666667 0.009375
0 0.5489583333333333 0.32734375 0.010416666666666666 0.0078125
0 0.9260416666666667 0.32265625 0.0020833333333333333 0.0015625
0 0.921875 0.32109375 0.0020833333333333333 0.0015625
0 0.5479166666666667 0.31953125 0.008333333333333333 0.0046875
0 0.678125 0.31640625 0.0020833333333333333 0.0015625
0 0.925 0.315625 0.025 0.015625
0 0.8958333333333334 0.309375 0.004166666666666667 0.00625
0 0.615625 0.29765625 0.0020833333333333333 0.0015625
0 0.615625 0.2859375 0.01875 0.00625
0 0.8802083333333334 0.27734375 0.0020833333333333333 0.0015625
0 0.6645833333333333 0.29375 0.04583333333333333 0.040625
0 0.5833333333333334 0.2828125 0.058333333333333334 0.046875
0 0.5520833333333334 0.2546875 0.004166666666666667 0.00625
0 0.5427083333333333 0.24921875 0.0020833333333333333 0.0015625
0 0.9239583333333333 0.24765625 0.00625 0.0046875
0 0.8166666666666667 0.253125 0.008333333333333333 0.01875
0 0.9802083333333333 0.24453125 0.010416666666666666 0.0046875
0 0.940625 0.2484375 0.01875 0.015625
0 0.7885416666666667 0.24140625 0.0020833333333333333 0.0015625
0 0.7864583333333334 0.23828125 0.0020833333333333333 0.0015625
0 0.55625 0.2421875 0.016666666666666666 0.009375
0 0.8354166666666667 0.23515625 0.008333333333333333 0.0078125
0 0.8010416666666667 0.228125 0.0020833333333333333 0.003125
0 0.665625 0.22734375 0.0020833333333333333 0.0015625
0 0.978125 0.22265625 0.0020833333333333333 0.0015625
0 0.6802083333333333 0.22265625 0.0020833333333333333 0.0015625
0 0.6916666666666667 0.2421875 0.06666666666666667 0.046875
0 0.6635416666666667 0.2078125 0.00625 0.003125
0 0.8770833333333333 0.19765625 0.03333333333333333 0.0234375
0 0.7635416666666667 0.18046875 0.0020833333333333333 0.0015625
0 0.765625 0.17734375 0.0020833333333333333 0.0015625
0 0.9354166666666667 0.17734375 0.004166666666666667 0.0046875
0 0.009375 0.178125 0.010416666666666666 0.00625
0 0.65 0.17421875 0.004166666666666667 0.0015625
0 0.6125 0.17734375 0.0125 0.0078125
0 0.603125 0.1734375 0.0020833333333333333 0.003125
0 0.2989583333333333 0.16171875 0.0020833333333333333 0.0015625
0 0.7864583333333334 0.165625 0.022916666666666665 0.0125
0 0.6197916666666666 0.15546875 0.0020833333333333333 0.0046875
0 0.759375 0.159375 0.03958333333333333 0.03125
0 0.6385416666666667 0.190625 0.19791666666666666 0.103125
0 0.121875 0.13515625 0.01875 0.0171875
0 0.721875 0.13125 0.010416666666666666 0.015625
0 0.13020833333333334 0.12265625 0.0020833333333333333 0.0015625
0 0.13020833333333334 0.11875 0.0020833333333333333 0.003125
0 0.09166666666666666 0.1234375 0.025 0.021875
0 0.13020833333333334 0.109375 0.0020833333333333333 0.003125
0 0.890625 0.1171875 0.03125 0.021875
0 0.7947916666666667 0.1234375 0.05625 0.034375
0 0.684375 0.1046875 0.00625 0.00625
0 0.7 0.12109375 0.03333333333333333 0.0421875
0 0.78125 0.09921875 0.004166666666666667 0.0015625
0 0.8739583333333333 0.096875 0.0020833333333333333 0.003125
0 0.7822916666666667 0.09609375 0.0020833333333333333 0.0015625
0 0.8635416666666667 0.096875 0.014583333333333334 0.00625
0 0.12916666666666668 0.078125 0.008333333333333333 0.00625
0 0.15208333333333332 0.08203125 0.029166666666666667 0.0359375
0 0.32916666666666666 0.0640625 0.004166666666666667 0.003125
0 0.8958333333333334 0.0734375 0.09166666666666666 0.028125
0 0.33645833333333336 0.0578125 0.0020833333333333333 0.003125
0 0.70625 0.0765625 0.025 0.04375
0 0.9645833333333333 0.0359375 0.004166666666666667 0.003125
0 0.859375 0.046875 0.04791666666666667 0.025
0 0.10104166666666667 0.03046875 0.01875 0.0078125
0 0.011458333333333333 0.03125 0.00625 0.0125
0 0.128125 0.03984375 0.027083333333333334 0.0359375
0 0.06666666666666667 0.02578125 0.0375 0.0109375
0 0.9770833333333333 0.0265625 0.016666666666666666 0.01875
0 0.9354166666666667 0.01640625 0.004166666666666667 0.0046875
0 0.9625 0.01171875 0.008333333333333333 0.0046875
0 0.022916666666666665 0.01171875 0.0125 0.0109375
0 0.24583333333333332 0.003125 0.004166666666666667 0.003125
0 0.99375 0.00390625 0.0125 0.0078125
0 0.9583333333333334 0.00390625 0.0375 0.0078125
0 0.8916666666666667 0.00234375 0.016666666666666666 0.0046875
0 0.846875 0.01328125 0.05625 0.0265625
0 0.7739583333333333 0.05234375 0.09791666666666667 0.1046875
0 0.07604166666666666 0.00234375 0.01875 0.0046875
0 0.052083333333333336 0.00078125 0.004166666666666667 0.0015625
1 0.3572916666666667 0.70234375 0.010416666666666666 0.0046875
1 0.4114583333333333 0.703125 0.022916666666666665 0.009375
1 0.34375 0.69453125 0.0125 0.0234375
1 0.34479166666666666 0.67421875 0.0020833333333333333 0.0015625
1 0.415625 0.66796875 0.0020833333333333333 0.0015625
1 0.3927083333333333 0.66640625 0.0020833333333333333 0.0015625
1 0.37395833333333334 0.66640625 0.0020833333333333333 0.0015625
1 0.35625 0.659375 0.004166666666666667 0.003125
1 0.33958333333333335 0.6578125 0.008333333333333333 0.00625
1 0.36666666666666664 0.65625 0.0125 0.00625
1 0.384375 0.66796875 0.05625 0.0359375
1 0.38229166666666664 0.64765625 0.0020833333333333333 0.0015625
1 0.375 0.646875 0.0125 0.0125
1 0.68125 0.63984375 0.004166666666666667 0.0015625
1 0.3729166666666667 0.6375 0.004166666666666667 0.003125
1 0.6916666666666667 0.63046875 0.004166666666666667 0.0015625
1 0.6927083333333334 0.62734375 0.00625 0.0015625
1 0.30104166666666665 0.62578125 0.0020833333333333333 0.0015625
1 0.7072916666666667 0.62421875 0.0020833333333333333 0.0015625
1 0.29270833333333335 0.6234375 0.010416666666666666 0.003125
1 0.36770833333333336 0.621875 0.0020833333333333333 0.003125
1 0.2864583333333333 0.61953125 0.0020833333333333333 0.0015625
1 0.409375 0.61796875 0.0020833333333333333 0.0015625
1 0.6010416666666667 0.61640625 0.0020833333333333333 0.0015625
1 0.6125 0.61328125 0.004166666666666667 0.0015625
1 0.36354166666666665 0.61015625 0.0020833333333333333 0.0015625
1 0.35833333333333334 0.6109375 0.004166666666666667 0.003125
1 0.6114583333333333 0.60859375 0.0020833333333333333 0.0015625
1 0.47604166666666664 0.6109375 0.00625 0.00625
1 0.3697916666666667 0.6015625 0.00625 0.003125
1 0.6260416666666667 0.59921875 0.0020833333333333333 0.0015625
1 0.35208333333333336 0.6015625 0.0125 0.009375
1 0.128125 0.59765625 0.0020833333333333333 0.0015625
1 0.6677083333333333 0.6265625 0.10208333333333333 0.071875
1 0.596875 0.59140625 0.0020833333333333333 0.0015625
1 0.296875 0.58828125 0.0020833333333333333 0.0015625
1 0.33645833333333336 0.58515625 0.010416666666666666 0.0140625
1 0.3489583333333333 0.56640625 0.0020833333333333333 0.0015625
1 0.371875 0.5625 0.00625 0.003125
1 0.390625 0.55625 0.0020833333333333333 0.003125
1 0.4010416666666667 0.5515625 0.022916666666666665 0.015625
1 0.6958333333333333 0.54296875 0.004166666666666667 0.0015625
1 0.2916666666666667 0.5375 0.004166666666666667 0.003125
1 0.33541666666666664 0.5375 0.004166666666666667 0.00625
1 0.36041666666666666 0.53671875 0.05 0.0421875
1 0.56875 0.509375 0.004166666666666667 0.003125
1 0.7489583333333333 0.50234375 0.0020833333333333333 0.0015625
1 0.5364583333333334 0.50234375 0.0020833333333333333 0.0015625
1 0.7552083333333334 0.5015625 0.00625 0.003125
1 0.3645833333333333 0.50078125 0.004166666666666667 0.0046875
1 0.3614583333333333 0.49609375 0.0020833333333333333 0.0015625
1 0.31875 0.4984375 0.004166666666666667 0.00625
1 0.359375 0.49140625 0.0020833333333333333 0.0015625
1 0.31979166666666664 0.4921875 0.0020833333333333333 0.003125
1 0.39791666666666664 0.48984375 0.004166666666666667 0.0015625
1 0.325 0.484375 0.004166666666666667 0.003125
1 0.35208333333333336 0.484375 0.0125 0.009375
1 0.328125 0.48046875 0.0020833333333333333 0.0015625
1 0.7354166666666667 0.48203125 0.0125 0.0109375
1 0.3302083333333333 0.47734375 0.0020833333333333333 0.0015625
1 0.390625 0.47578125 0.0020833333333333333 0.0015625
1 0.7302083333333333 0.47421875 0.0020833333333333333 0.0015625
1 0.8072916666666666 0.46953125 0.0020833333333333333 0.0015625
1 0.409375 0.46328125 0.0020833333333333333 0.0015625
1 0.840625 0.44609375 0.0020833333333333333 0.0015625
1 0.8354166666666667 0.44375 0.004166666666666667 0.009375
1 0.4583333333333333 0.471875 0.14583333333333334 0.065625
1 0.8114583333333333 0.43203125 0.0020833333333333333 0.0015625
1 0.46875 0.4296875 0.004166666666666667 0.00625
1 0.8197916666666667 0.41953125 0.0020833333333333333 0.0015625
1 0.415625 0.421875 0.00625 0.00625
1 0.8572916666666667 0.41796875 0.0020833333333333333 0.0015625
1 0.8614583333333333 0.41640625 0.0020833333333333333 0.0015625
1 0.8489583333333334 0.41328125 0.0020833333333333333 0.0015625
1 0.85625 0.4109375 0.004166666666666667 0.003125
1 0.8989583333333333 0.38984375 0.0020833333333333333 0.0015625
1 0.384375 0.390625 0.0020833333333333333 0.003125
1 0.053125 0.38359375 0.0020833333333333333 0.0015625
1 0.08854166666666667 0.38203125 0.0020833333333333333 0.0015625
1 0.057291666666666664 0.38046875 0.0020833333333333333 0.0015625
1 0.028125 0.37265625 0.0020833333333333333 0.0015625
1 0.9427083333333334 0.36875 0.0020833333333333333 0.003125
1 0.45416666666666666 0.36796875 0.004166666666666667 0.0015625
1 0.059375 0.36796875 0.0020833333333333333 0.0015625
1 0.5072916666666667 0.3671875 0.010416666666666666 0.003125
1 0.44895833333333335 0.36640625 0.0020833333333333333 0.0015625
1 0.09791666666666667 0.3671875 0.004166666666666667 0.00625
1 0.08125 0.3734375 0.008333333333333333 0.01875
1 0.013541666666666667 0.3765625 0.027083333333333334 0.025
1 0.09479166666666666 0.36328125 0.0020833333333333333 0.0015625
1 0.446875 0.36171875 0.010416666666666666 0.0015625
1 0.04479166666666667 0.36640625 0.01875 0.0109375
1 0.49583333333333335 0.3609375 0.004166666666666667 0.003125
1 0.0020833333333333333 0.3609375 0.004166666666666667 0.003125
1 0.0875 0.36015625 0.004166666666666667 0.0046875
1 0.9166666666666666 0.371875 0.0375 0.03125
1 0.134375 0.35703125 0.0020833333333333333 0.0015625
1 0.10729166666666666 0.35703125 0.0020833333333333333 0.0015625
1 0.1 0.35625 0.004166666666666667 0.003125
1 0.005208333333333333 0.35546875 0.0020833333333333333 0.0015625
1 0.459375 0.3546875 0.00625 0.003125
1 0.11145833333333334 0.3546875 0.0020833333333333333 0.003125
1 0.09166666666666666 0.3546875 0.004166666666666667 0.003125
1 0.00625 0.35234375 0.004166666666666667 0.0015625
1 0.8802083333333334 0.36953125 0.03125 0.0390625
1 0.5083333333333333 0.35390625 0.0125 0.0078125
1 0.475 0.3515625 0.008333333333333333 0.003125
1 0.134375 0.3515625 0.00625 0.00625
1 0.11145833333333334 0.35 0.00625 0.003125
1 0.042708333333333334 0.35 0.00625 0.003125
1 0.06979166666666667 0.34765625 0.0020833333333333333 0.0015625
1 0.8697916666666666 0.34765625 0.00625 0.0046875
1 0.09270833333333334 0.34296875 0.0020833333333333333 0.0015625
1 0.08854166666666667 0.34296875 0.0020833333333333333 0.0015625
1 0.928125 0.3453125 0.01875 0.009375
1 0.08020833333333334 0.34140625 0.0020833333333333333 0.0015625
1 0.005208333333333333 0.3421875 0.0020833333333333333 0.003125
1 0.12083333333333333 0.34765625 0.0125 0.0171875
1 0.09583333333333334 0.3375 0.004166666666666667 0.003125
1 0.8989583333333333 0.3421875 0.01875 0.015625
1 0.0875 0.3328125 0.004166666666666667 0.003125
1 0.08333333333333333 0.3359375 0.008333333333333333 0.009375
1 0.5375 0.33359375 0.008333333333333333 0.0078125
1 0.9395833333333333 0.340625 0.008333333333333333 0.025
1 0.5270833333333333 0.3296875 0.008333333333333333 0.003125
1 0.890625 0.328125 0.0020833333333333333 0.003125
1 0.09791666666666667 0.3296875 0.004166666666666667 0.00625
1 0.8833333333333333 0.32734375 0.008333333333333333 0.0046875
1 0.5260416666666666 0.32421875 0.00625 0.0046875
1 0.09895833333333333 0.32265625 0.00625 0.0046875
1 0.096875 0.31796875 0.0020833333333333333 0.0015625
1 0.09270833333333334 0.31640625 0.0020833333333333333 0.0015625
1 0.08854166666666667 0.31875 0.010416666666666666 0.00625
1 0.0020833333333333333 0.3171875 0.004166666666666667 0.003125
1 0.109375 0.31484375 0.0020833333333333333 0.0015625
1 0.103125 0.31640625 0.00625 0.0046875
1 0.004166666666666667 0.31328125 0.004166666666666667 0.0015625
1 0.5302083333333333 0.31484375 0.00625 0.0078125
1 0.5322916666666667 0.30859375 0.0020833333333333333 0.0015625
1 0.946875 0.3125 0.014583333333333334 0.0125
1 0.09895833333333333 0.30703125 0.0020833333333333333 0.0015625
1 0.978125 0.30625 0.010416666666666666 0.003125
1 0.9541666666666667 0.30546875 0.004166666666666667 0.0015625
1 0.9489583333333333 0.30546875 0.0020833333333333333 0.0015625
1 0.575 0.30625 0.004166666666666667 0.003125
1 0.4864583333333333 0.328125 0.06875 0.046875
1 0.965625 0.30390625 0.0020833333333333333 0.0015625
1 0.9645833333333333 0.30625 0.0125 0.00625
1 0.584375 0.3046875 0.00625 0.003125
1 0.565625 0.30703125 0.010416666666666666 0.0078125
1 0.11666666666666667 0.3046875 0.004166666666666667 0.003125
1 0.09895833333333333 0.30390625 0.0020833333333333333 0.0015625
1 0.5572916666666666 0.30234375 0.0020833333333333333 0.0015625
1 0.11979166666666667 0.30078125 0.0020833333333333333 0.0015625
1 0.5333333333333333 0.30078125 0.025 0.0046875
1 0.6322916666666667 0.29609375 0.0020833333333333333 0.0015625
1 0.9875 0.29765625 0.025 0.0109375
1 0.5354166666666667 0.29375 0.004166666666666667 0.003125
1 0.6322916666666667 0.2921875 0.00625 0.003125
1 0.10104166666666667 0.290625 0.00625 0.003125
1 0.696875 0.303125 0.01875 0.040625
1 0.5916666666666667 0.284375 0.004166666666666667 0.003125
1 0.5989583333333334 0.28515625 0.00625 0.0078125
1 0.6145833333333334 0.2796875 0.008333333333333333 0.003125
1 0.9052083333333333 0.2890625 0.027083333333333334 0.025
1 0.7072916666666667 0.27578125 0.01875 0.0109375
1 0.5916666666666667 0.2734375 0.004166666666666667 0.00625
1 0.653125 0.271875 0.0020833333333333333 0.009375
1 0.18229166666666666 0.26640625 0.0020833333333333333 0.0015625
1 0.17916666666666667 0.2609375 0.004166666666666667 0.003125
1 0.18020833333333333 0.25234375 0.0020833333333333333 0.0015625
1 0.65 0.2578125 0.008333333333333333 0.015625
1 0.16145833333333334 0.25078125 0.0020833333333333333 0.0015625
1 0.165625 0.24921875 0.0020833333333333333 0.0015625
1 0.171875 0.24765625 0.0020833333333333333 0.0015625
1 0.878125 0.2421875 0.0020833333333333333 0.003125
1 0.9958333333333333 0.23984375 0.004166666666666667 0.0015625
1 0.565625 0.23828125 0.0020833333333333333 0.0015625
1 0.640625 0.23671875 0.0020833333333333333 0.0015625
1 0.9739583333333334 0.23515625 0.0020833333333333333 0.0015625
1 0.6614583333333334 0.23515625 0.0020833333333333333 0.0015625
1 0.9666666666666667 0.234375 0.008333333333333333 0.003125
1 0.953125 0.23359375 0.0020833333333333333 0.0015625
1 0.6604166666666667 0.23984375 0.041666666666666664 0.0203125
1 0.6541666666666667 0.228125 0.004166666666666667 0.003125
1 0.8375 0.2234375 0.004166666666666667 0.003125
1 0.14895833333333333 0.215625 0.0020833333333333333 0.003125
1 0.6885416666666667 0.215625 0.014583333333333334 0.00625
1 0.6625 0.215625 0.03333333333333333 0.01875
1 0.7041666666666667 0.2109375 0.0125 0.0125
1 0.6635416666666667 0.2015625 0.00625 0.003125
1 0.9104166666666667 0.20078125 0.004166666666666667 0.0046875
1 0.21354166666666666 0.19609375 0.0020833333333333333 0.0015625
1 0.20833333333333334 0.19375 0.004166666666666667 0.003125
1 0.21666666666666667 0.19140625 0.004166666666666667 0.0015625
1 0.20520833333333333 0.1875 0.0020833333333333333 0.003125
1 0.265625 0.18359375 0.0020833333333333333 0.0015625
1 0.26979166666666665 0.18203125 0.0020833333333333333 0.0015625
1 0.215625 0.17890625 0.0020833333333333333 0.0015625
1 0.646875 0.17734375 0.0020833333333333333 0.0015625
1 0.2989583333333333 0.1703125 0.010416666666666666 0.00625
1 0.22083333333333333 0.16875 0.004166666666666667 0.003125
1 0.33958333333333335 0.1625 0.0125 0.009375
1 0.3125 0.159375 0.016666666666666666 0.01875
1 0.79375 0.15234375 0.0125 0.0078125
1 0.315625 0.14921875 0.0020833333333333333 0.0015625
1 0.31145833333333334 0.14921875 0.0020833333333333333 0.0015625
1 0.3489583333333333 0.146875 0.0020833333333333333 0.003125
1 0.09375 0.1421875 0.0125 0.009375
1 0.7697916666666667 0.1375 0.00625 0.00625
1 0.35104166666666664 0.13359375 0.0020833333333333333 0.0015625
1 0.15520833333333334 0.12734375 0.01875 0.0078125
1 0.7614583333333333 0.12578125 0.00625 0.0078125
1 0.615625 0.11640625 0.010416666666666666 0.0046875
1 0.03958333333333333 0.1140625 0.004166666666666667 0.003125
1 0.6677083333333333 0.1125 0.0020833333333333333 0.003125
1 0.15729166666666666 0.115625 0.022916666666666665 0.0125
1 0.6010416666666667 0.10859375 0.0020833333333333333 0.0015625
1 0.75 0.11015625 0.03333333333333333 0.0109375
1 0.8020833333333334 0.10390625 0.004166666666666667 0.0046875
1 0.019791666666666666 0.1015625 0.0020833333333333333 0.003125
1 0.65625 0.12109375 0.06666666666666667 0.0453125
1 0.6052083333333333 0.10078125 0.010416666666666666 0.0046875
1 0.590625 0.0984375 0.00625 0.00625
1 0.6177083333333333 0.096875 0.010416666666666666 0.00625
1 0.5864583333333333 0.09140625 0.0020833333333333333 0.0015625
1 0.42916666666666664 0.090625 0.004166666666666667 0.003125
1 0.584375 0.0875 0.0020833333333333333 0.003125
1 0.43020833333333336 0.08515625 0.0020833333333333333 0.0015625
1 0.7916666666666666 0.0890625 0.0125 0.0125
1 0.584375 0.08359375 0.0020833333333333333 0.0015625
1 0.340625 0.0890625 0.014583333333333334 0.0125
1 0.5958333333333333 0.08046875 0.008333333333333333 0.0046875
1 0.590625 0.07578125 0.0020833333333333333 0.0015625
1 0.041666666666666664 0.0765625 0.004166666666666667 0.003125
1 0.5989583333333334 0.075 0.010416666666666666 0.003125
1 0.734375 0.07265625 0.0020833333333333333 0.0015625
1 0.6770833333333334 0.075 0.03333333333333333 0.015625
1 0.013541666666666667 0.08125 0.027083333333333334 0.0375
1 0.721875 0.06484375 0.00625 0.0078125
1 0.615625 0.0578125 0.0020833333333333333 0.003125
1 0.15520833333333334 0.05546875 0.0020833333333333333 0.0015625
1 0.7239583333333334 0.0515625 0.0020833333333333333 0.003125
1 0.61875 0.05078125 0.004166666666666667 0.0046875
1 0.38645833333333335 0.04921875 0.0020833333333333333 0.0015625
1 0.4625 0.04765625 0.004166666666666667 0.0015625
1 0.6229166666666667 0.04375 0.004166666666666667 0.003125
1 0.70625 0.0453125 0.004166666666666667 0.009375
1 0.7260416666666667 0.03984375 0.0020833333333333333 0.0015625
1 0.634375 0.05625 0.05625 0.0375
1 0.7041666666666667 0.034375 0.004166666666666667 0.003125
1 0.715625 0.02421875 0.0020833333333333333 0.0015625
1 0.0020833333333333333 0.02734375 0.004166666666666667 0.0078125
1 0.5145833333333333 0.02265625 0.004166666666666667 0.0015625
1 0.709375 0.021875 0.0020833333333333333 0.003125
1 0.515625 0.01953125 0.00625 0.0015625
1 0.6916666666666667 0.3796875 0.6166666666666667 0.725
1 0.8395833333333333 0.03359375 0.05 0.0328125
1 0.09270833333333334 0.0203125 0.014583333333333334 0.00625
1 0.528125 0.01640625 0.0020833333333333333 0.0015625
1 0.7020833333333333 0.0203125 0.004166666666666667 0.0125
1 0.353125 0.01484375 0.0020833333333333333 0.0015625
1 0.528125 0.01171875 0.0020833333333333333 0.0015625
1 0.06145833333333333 0.0109375 0.00625 0.003125
1 0.7177083333333333 0.0140625 0.010416666666666666 0.015625
1 0.07083333333333333 0.00703125 0.004166666666666667 0.0015625
1 0.0625 0.00625 0.008333333333333333 0.003125
1 0.7697916666666667 0.00390625 0.0020833333333333333 0.0015625
1 0.4864583333333333 0.00390625 0.0020833333333333333 0.0015625
1 0.453125 0.00390625 0.0020833333333333333 0.0015625
1 0.8572916666666667 0.0015625 0.010416666666666666 0.003125
1 0.4708333333333333 0.00859375 0.029166666666666667 0.0171875
1 0.2625 0.1828125 0.525 0.365625
1 0.008333333333333333 0.003125 0.016666666666666666 0.00625
2 0.4479166666666667 0.703125 0.004166666666666667 0.003125
2 0.4270833333333333 0.68828125 0.0125 0.0109375
2 0.34479166666666666 0.67421875 0.0020833333333333333 0.0015625
2 0.37395833333333334 0.66640625 0.0020833333333333333 0.0015625
2 0.378125 0.68359375 0.07708333333333334 0.0453125
2 0.4739583333333333 0.690625 0.08125 0.08125
2 0.6677083333333333 0.62734375 0.08958333333333333 0.0671875
2 0.384375 0.58359375 0.0020833333333333333 0.0015625
2 0.296875 0.56796875 0.00625 0.0015625
2 0.334375 0.61328125 0.10625 0.0953125
2 0.303125 0.56640625 0.0020833333333333333 0.0015625
2 0.3770833333333333 0.57265625 0.025 0.0171875
2 0.359375 0.56484375 0.0020833333333333333 0.0015625
2 0.2864583333333333 0.565625 0.0020833333333333333 0.003125
2 0.2864583333333333 0.56171875 0.0020833333333333333 0.0015625
2 0.31145833333333334 0.55859375 0.0020833333333333333 0.0046875
2 0.28854166666666664 0.55703125 0.0020833333333333333 0.0015625
2 0.28854166666666664 0.55390625 0.0020833333333333333 0.0015625
2 0.2989583333333333 0.50859375 0.0020833333333333333 0.0015625
2 0.29375 0.5078125 0.004166666666666667 0.003125
2 0.2760416666666667 0.5171875 0.04791666666666667 0.03125
2 0.8354166666666667 0.44140625 0.004166666666666667 0.0046875
2 0.8197916666666667 0.41953125 0.0020833333333333333 0.0015625
2 0.390625 0.41484375 0.0020833333333333333 0.0015625
2 0.4125 0.4125 0.029166666666666667 0.009375
2 0.4197916666666667 0.40703125 0.0020833333333333333 0.0015625
2 0.38229166666666664 0.40625 0.0020833333333333333 0.003125
2 0.38229166666666664 0.4015625 0.0020833333333333333 0.003125
2 0.38958333333333334 0.39375 0.004166666666666667 0.003125
2 0.39479166666666665 0.39140625 0.0020833333333333333 0.0015625
2 0.384375 0.39140625 0.0020833333333333333 0.0015625
2 0.08125 0.38046875 0.008333333333333333 0.0046875
2 0.5822916666666667 0.37578125 0.0020833333333333333 0.0015625
2 0.934375 0.37421875 0.0020833333333333333 0.0015625
2 0.45416666666666666 0.36796875 0.004166666666666667 0.0015625
2 0.44895833333333335 0.36640625 0.0020833333333333333 0.0015625
2 0.109375 0.36484375 0.0020833333333333333 0.0015625
2 0.09791666666666667 0.3671875 0.004166666666666667 0.00625
2 0.08229166666666667 0.3703125 0.00625 0.0125
2 0.09479166666666666 0.36328125 0.0020833333333333333 0.0015625
2 0.0010416666666666667 0.36015625 0.0020833333333333333 0.0015625
2 0.10729166666666666 0.35703125 0.0020833333333333333 0.0015625
2 0.1 0.35625 0.004166666666666667 0.003125
2 0.005208333333333333 0.35546875 0.0020833333333333333 0.0015625
2 0.11145833333333334 0.3546875 0.0020833333333333333 0.003125
2 0.00625 0.35234375 0.004166666666666667 0.0015625
2 0.12083333333333333 0.3546875 0.0125 0.009375
2 0.8708333333333333 0.34921875 0.004166666666666667 0.0015625
2 0.11145833333333334 0.35 0.00625 0.003125
2 0.8677083333333333 0.34296875 0.0020833333333333333 0.0015625
2 0.09270833333333334 0.34296875 0.0020833333333333333 0.0015625
2 0.08854166666666667 0.34296875 0.0020833333333333333 0.0015625
2 0.11041666666666666 0.33984375 0.004166666666666667 0.0015625
2 0.10104166666666667 0.33984375 0.0020833333333333333 0.0015625
2 0.10520833333333333 0.33828125 0.0020833333333333333 0.0015625
2 0.11354166666666667 0.33671875 0.0020833333333333333 0.0015625
2 0.09583333333333334 0.3375 0.004166666666666667 0.003125
2 0.10520833333333333 0.33515625 0.0020833333333333333 0.0015625
2 0.0875 0.3328125 0.004166666666666667 0.003125
2 0.08333333333333333 0.3359375 0.008333333333333333 0.009375
2 0.459375 0.33046875 0.0020833333333333333 0.0015625
2 0.09895833333333333 0.33046875 0.0020833333333333333 0.0015625
2 0.9375 0.3296875 0.004166666666666667 0.003125
2 0.00625 0.33515625 0.0125 0.0171875
2 0.6364583333333333 0.32421875 0.0020833333333333333 0.0015625
2 0.5447916666666667 0.3234375 0.010416666666666666 0.003125
2 0.940625 0.32109375 0.0020833333333333333 0.0015625
2 0.10104166666666667 0.32109375 0.0020833333333333333 0.0015625
2 0.0010416666666666667 0.3171875 0.0020833333333333333 0.003125
2 0.11041666666666666 0.315625 0.004166666666666667 0.003125
2 0.10520833333333333 0.31640625 0.00625 0.0046875
2 0.004166666666666667 0.31328125 0.004166666666666667 0.0015625
2 0.48541666666666666 0.34296875 0.0625 0.0671875
2 0.5333333333333333 0.30859375 0.004166666666666667 0.0015625
2 0.5270833333333333 0.30703125 0.004166666666666667 0.0015625
2 0.09895833333333333 0.30703125 0.0020833333333333333 0.0015625
2 0.09895833333333333 0.30390625 0.0020833333333333333 0.0015625
2 0.5291666666666667 0.30078125 0.004166666666666667 0.0015625
2 0.5239583333333333 0.30078125 0.0020833333333333333 0.0015625
2 0.109375 0.30703125 0.010416666666666666 0.0140625
2 0.10520833333333333 0.29609375 0.0020833333333333333 0.0015625
2 0.5364583333333334 0.29453125 0.0020833333333333333 0.0015625
2 0.11041666666666666 0.2921875 0.004166666666666667 0.003125
2 0.10104166666666667 0.290625 0.00625 0.003125
2 0.6114583333333333 0.28046875 0.0020833333333333333 0.0015625
2 0.6177083333333333 0.27890625 0.0020833333333333333 0.0015625
2 0.590625 0.27421875 0.0020833333333333333 0.0046875
2 0.096875 0.27265625 0.0020833333333333333 0.0015625
2 0.5489583333333333 0.26796875 0.0020833333333333333 0.0015625
2 0.5447916666666667 0.26484375 0.0020833333333333333 0.0015625
2 0.5427083333333333 0.24921875 0.0020833333333333333 0.0015625
2 0.5875 0.234375 0.004166666666666667 0.003125
2 0.5802083333333333 0.234375 0.0020833333333333333 0.003125
2 0.575 0.2328125 0.004166666666666667 0.003125
2 0.640625 0.23046875 0.0020833333333333333 0.0015625
2 0.634375 0.23046875 0.0020833333333333333 0.0015625
2 0.08854166666666667 0.23046875 0.0020833333333333333 0.0046875
2 0.078125 0.22578125 0.0020833333333333333 0.0015625
2 0.07604166666666666 0.22109375 0.0020833333333333333 0.0015625
2 0.596875 0.215625 0.0020833333333333333 0.00625
2 0.54375 0.21328125 0.004166666666666667 0.0015625
2 0.5958333333333333 0.20859375 0.004166666666666667 0.0046875
2 0.590625 0.20703125 0.0020833333333333333 0.0015625
2 0.5854166666666667 0.2046875 0.004166666666666667 0.003125
2 0.5604166666666667 0.2109375 0.025 0.01875
2 0.18229166666666666 0.20234375 0.0020833333333333333 0.0015625
2 0.9916666666666667 0.19140625 0.016666666666666666 0.0078125
2 0.0020833333333333333 0.1890625 0.004166666666666667 0.003125
2 0.61875 0.18671875 0.025 0.0171875
2 0.010416666666666666 0.1796875 0.004166666666666667 0.003125
2 0.603125 0.17265625 0.0020833333333333333 0.0015625
2 0.22708333333333333 0.18203125 0.0375 0.0203125
2 0.653125 0.1703125 0.00625 0.003125
2 0.978125 0.16484375 0.0020833333333333333 0.0015625
2 0.6395833333333333 0.1734375 0.0375 0.028125
2 0.6541666666666667 0.1625 0.008333333333333333 0.009375
2 0.6197916666666666 0.15546875 0.0020833333333333333 0.0046875
2 0.22604166666666667 0.15390625 0.0020833333333333333 0.0015625
2 0.6614583333333334 0.15234375 0.0020833333333333333 0.0046875
2 0.6239583333333333 0.1515625 0.0020833333333333333 0.003125
2 0.24479166666666666 0.13046875 0.0020833333333333333 0.0015625
2 0.6197916666666666 0.11796875 0.0020833333333333333 0.0015625
2 0.2864583333333333 0.11796875 0.0020833333333333333 0.0015625
2 0.615625 0.11640625 0.0020833333333333333 0.0015625
2 0.6114583333333333 0.11484375 0.0020833333333333333 0.0015625
2 0.6052083333333333 0.10078125 0.010416666666666666 0.0046875
2 0.33645833333333336 0.08515625 0.0020833333333333333 0.0015625
2 0.3385416666666667 0.08671875 0.010416666666666666 0.0078125
2 0.39791666666666664 0.0859375 0.008333333333333333 0.009375
2 0.740625 0.053125 0.00625 0.009375
2 0.134375 0.04609375 0.0020833333333333333 0.0015625
2 0.43020833333333336 0.04140625 0.0020833333333333333 0.0015625
2 0.7260416666666667 0.03984375 0.0020833333333333333 0.0015625
2 0.11875 0.0375 0.004166666666666667 0.003125
2 0.051041666666666666 0.02421875 0.00625 0.0046875
2 0.709375 0.021875 0.0020833333333333333 0.003125
2 0.4822916666666667 0.00234375 0.0020833333333333333 0.0015625
2 0.6385416666666667 0.3453125 0.7229166666666667 0.690625
2 0.503125 0.00859375 0.035416666666666666 0.0171875
2 0.2375 0.17265625 0.475 0.3453125
2 0.07604166666666666 0.00390625 0.04791666666666667 0.0078125
2 0.014583333333333334 0.025 0.029166666666666667 0.05
