0 0.4354166666666667 0.7734375 0.004166666666666667 0.003125
0 0.5395833333333333 0.7546875 0.004166666666666667 0.00625
0 0.578125 0.7484375 0.00625 0.003125
0 0.6552083333333333 0.73984375 0.0020833333333333333 0.0015625
0 0.659375 0.73671875 0.0020833333333333333 0.0015625
0 0.9635416666666666 0.72578125 0.0020833333333333333 0.0015625
0 0.6260416666666667 0.7265625 0.052083333333333336 0.0375
0 0.5989583333333334 0.7109375 0.00625 0.00625
0 0.3416666666666667 0.71328125 0.029166666666666667 0.0578125
0 0.496875 0.68359375 0.0020833333333333333 0.0015625
0 0.53125 0.64921875 0.004166666666666667 0.0046875
0 0.3072916666666667 0.63984375 0.0020833333333333333 0.0015625
0 0.3375 0.640625 0.008333333333333333 0.00625
0 0.24375 0.6390625 0.020833333333333332 0.0125
0 0.33229166666666665 0.62734375 0.0020833333333333333 0.0015625
0 0.3229166666666667 0.6328125 0.0125 0.0125
0 0.47604166666666664 0.6265625 0.0020833333333333333 0.003125
0 0.290625 0.62265625 0.0020833333333333333 0.0015625
0 0.303125 0.6375 0.027083333333333334 0.0375
0 0.6177083333333333 0.67890625 0.14375 0.1234375
0 0.70625 0.61015625 0.016666666666666666 0.0140625
0 0.5770833333333333 0.59765625 0.004166666666666667 0.0046875
0 0.38958333333333334 0.6015625 0.025 0.015625
0 0.41041666666666665 0.59375 0.0125 0.0125
0 0.428125 0.578125 0.0020833333333333333 0.003125
0 0.6927083333333334 0.5859375 0.05625 0.025
0 0.5927083333333333 0.56640625 0.00625 0.0046875
0 0.6854166666666667 0.5640625 0.004166666666666667 0.003125
0 0.35520833333333335 0.56328125 0.010416666666666666 0.0078125
0 0.596875 0.55234375 0.0020833333333333333 0.0015625
0 0.553125 0.553125 0.0020833333333333333 0.003125
0 0.5333333333333333 0.55390625 0.03333333333333333 0.0171875
0 0.41354166666666664 0.5421875 0.06875 0.05625
0 0.46041666666666664 0.5078125 0.008333333333333333 0.009375
0 0.48333333333333334 0.51875 0.04583333333333333 0.053125
0 0.5145833333333333 0.46328125 0.016666666666666666 0.0046875
0 0.365625 0.4625 0.027083333333333334 0.009375
0 0.28958333333333336 0.44765625 0.075 0.0140625
0 0.6979166666666666 0.33203125 0.004166666666666667 0.0015625
0 0.7302083333333333 0.32578125 0.0020833333333333333 0.0015625
0 0.6364583333333333 0.315625 0.0020833333333333333 0.003125
0 0.9364583333333333 0.27421875 0.0020833333333333333 0.0015625
0 0.9739583333333334 0.03515625 0.0020833333333333333 0.0015625
0 0.96875 0.0265625 0.016666666666666666 0.009375
0 0.8770833333333333 0.009375 0.004166666666666667 0.003125
0 0.9802083333333333 0.00859375 0.010416666666666666 0.0078125
0 0.9333333333333333 0.0140625 0.0125 0.028125
0 0.9114583333333334 0.00078125 0.0020833333333333333 0.0015625
0 0.903125 0.00234375 0.00625 0.0046875
0 0.871875 0.00234375 0.010416666666666666 0.0046875
0 0.016666666666666666 0.0015625 0.0125 0.003125
1 0.9854166666666667 0.996875 0.029166666666666667 0.00625
1 0.9052083333333333 0.98515625 0.0020833333333333333 0.0015625
1 0.9729166666666667 0.98359375 0.004166666666666667 0.0015625
1 0.9927083333333333 0.95859375 0.0020833333333333333 0.0015625
1 0.9052083333333333 0.96484375 0.00625 0.0234375
1 0.9989583333333333 0.95234375 0.0020833333333333333 0.0015625
1 0.8927083333333333 0.97578125 0.08125 0.0484375
1 0.9666666666666667 0.96640625 0.06666666666666667 0.0359375
1 0.9177083333333333 0.94140625 0.022916666666666665 0.0109375
1 0.90625 0.9125 0.004166666666666667 0.003125
1 0.890625 0.91171875 0.0020833333333333333 0.0015625
1 0.9625 0.9109375 0.004166666666666667 0.003125
1 0.9010416666666666 0.9046875 0.00625 0.003125
1 0.446875 0.89296875 0.0020833333333333333 0.0015625
1 0.9239583333333333 0.88046875 0.0020833333333333333 0.0015625
1 0.428125 0.8796875 0.0020833333333333333 0.003125
1 0.9010416666666666 0.86875 0.0020833333333333333 0.003125
1 0.9010416666666666 0.86484375 0.0020833333333333333 0.0015625
1 0.9239583333333333 0.8640625 0.0020833333333333333 0.003125
1 0.925 0.853125 0.004166666666666667 0.003125
1 0.95625 0.8921875 0.0875 0.09375
1 0.3625 0.846875 0.004166666666666667 0.00625
1 0.990625 0.8453125 0.014583333333333334 0.009375
1 0.99375 0.8375 0.0125 0.00625
1 0.8947916666666667 0.83359375 0.0020833333333333333 0.0015625
1 0.9979166666666667 0.83203125 0.004166666666666667 0.0015625
1 0.8989583333333333 0.82890625 0.0020833333333333333 0.0015625
1 0.9510416666666667 0.82734375 0.0020833333333333333 0.0015625
1 0.4510416666666667 0.82734375 0.0020833333333333333 0.0015625
1 0.8885416666666667 0.82578125 0.0020833333333333333 0.0015625
1 0.878125 0.82578125 0.0020833333333333333 0.0015625
1 0.9947916666666666 0.825 0.010416666666666666 0.003125
1 0.5635416666666667 0.81796875 0.0020833333333333333 0.0015625
1 0.534375 0.81640625 0.0020833333333333333 0.0015625
1 0.9427083333333334 0.80859375 0.0020833333333333333 0.0015625
1 0.9270833333333334 0.80859375 0.004166666666666667 0.0015625
1 0.9197916666666667 0.80859375 0.0020833333333333333 0.0015625
1 0.8989583333333333 0.80703125 0.0020833333333333333 0.0015625
1 0.578125 0.80703125 0.010416666666666666 0.0078125
1 0.921875 0.80234375 0.0020833333333333333 0.0015625
1 0.884375 0.80234375 0.0020833333333333333 0.0015625
1 0.89375 0.80234375 0.0125 0.0078125
1 0.9885416666666667 0.81015625 0.022916666666666665 0.0296875
1 0.9510416666666667 0.79609375 0.0020833333333333333 0.0015625
1 0.9239583333333333 0.79453125 0.0020833333333333333 0.0015625
1 0.9125 0.8 0.020833333333333332 0.0125
1 0.91875 0.7921875 0.004166666666666667 0.003125
1 0.8927083333333333 0.79140625 0.0020833333333333333 0.0015625
1 0.5322916666666667 0.790625 0.0020833333333333333 0.003125
1 0.528125 0.76484375 0.0020833333333333333 0.0015625
1 0.5052083333333334 0.76328125 0.0020833333333333333 0.0046875
1 0.9666666666666667 0.784375 0.029166666666666667 0.05
1 0.3260416666666667 0.75859375 0.0020833333333333333 0.0015625
1 0.33125 0.7578125 0.004166666666666667 0.003125
1 0.49166666666666664 0.75625 0.004166666666666667 0.003125
1 0.996875 0.7546875 0.00625 0.003125
1 0.328125 0.75390625 0.0020833333333333333 0.0015625
1 0.4625 0.7515625 0.004166666666666667 0.003125
1 0.5020833333333333 0.7515625 0.025 0.009375
1 0.5947916666666667 0.77265625 0.11875 0.0546875
1 0.5364583333333334 0.74765625 0.00625 0.0046875
1 0.9833333333333333 0.75078125 0.03333333333333333 0.0140625
1 0.525 0.75546875 0.016666666666666666 0.0265625
1 0.334375 0.74921875 0.01875 0.0140625
1 0.5125 0.74296875 0.004166666666666667 0.0046875
1 0.5916666666666667 0.73828125 0.004166666666666667 0.0046875
1 0.690625 0.73515625 0.0020833333333333333 0.0015625
1 0.44583333333333336 0.7375 0.016666666666666666 0.00625
1 0.5260416666666666 0.73359375 0.0020833333333333333 0.0015625
1 0.9614583333333333 0.73671875 0.014583333333333334 0.0109375
1 0.5739583333333333 0.73203125 0.0020833333333333333 0.0015625
1 0.5510416666666667 0.73828125 0.014583333333333334 0.0140625
1 0.528125 0.7296875 0.0020833333333333333 0.003125
1 0.575 0.728125 0.004166666666666667 0.003125
1 0.5489583333333333 0.72578125 0.0020833333333333333 0.0015625
1 0.3697916666666667 0.72265625 0.0020833333333333333 0.0015625
1 0.28854166666666664 0.7234375 0.010416666666666666 0.003125
1 0.2864583333333333 0.71953125 0.0020833333333333333 0.0015625
1 0.28125 0.71875 0.004166666666666667 0.003125
1 0.996875 0.71640625 0.0020833333333333333 0.0015625
1 0.31145833333333334 0.72109375 0.01875 0.0109375
1 0.9854166666666667 0.71640625 0.016666666666666666 0.0046875
1 0.9635416666666666 0.71484375 0.010416666666666666 0.0015625
1 0.9729166666666667 0.71328125 0.004166666666666667 0.0015625
1 0.9635416666666666 0.71171875 0.00625 0.0015625
1 0.47291666666666665 0.7140625 0.0125 0.009375
1 0.296875 0.7140625 0.00625 0.009375
1 0.2708333333333333 0.7125 0.0125 0.0125
1 0.25833333333333336 0.7078125 0.008333333333333333 0.003125
1 0.253125 0.70390625 0.0020833333333333333 0.0015625
1 0.5677083333333334 0.7109375 0.014583333333333334 0.01875
1 0.25729166666666664 0.7015625 0.0020833333333333333 0.003125
1 0.24895833333333334 0.69921875 0.00625 0.0046875
1 0.48854166666666665 0.72109375 0.06458333333333334 0.0578125
1 0.31666666666666665 0.6953125 0.016666666666666666 0.021875
1 0.25416666666666665 0.68359375 0.0125 0.0171875
1 0.6510416666666666 0.66796875 0.0020833333333333333 0.0015625
1 0.965625 0.66640625 0.0020833333333333333 0.0015625
1 0.9572916666666667 0.66484375 0.0020833333333333333 0.0015625
1 0.25104166666666666 0.65546875 0.00625 0.0015625
1 0.278125 0.66015625 0.010416666666666666 0.0140625
1 0.2677083333333333 0.65546875 0.022916666666666665 0.0046875
1 0.6645833333333333 0.6453125 0.004166666666666667 0.00625
1 0.5427083333333333 0.68828125 0.10625 0.0921875
1 0.9916666666666667 0.640625 0.004166666666666667 0.003125
1 0.6645833333333333 0.6375 0.004166666666666667 0.00625
1 0.665625 0.63203125 0.0020833333333333333 0.0015625
1 0.6614583333333334 0.63203125 0.0020833333333333333 0.0015625
1 0.27291666666666664 0.62734375 0.004166666666666667 0.0015625
1 0.6625 0.6265625 0.004166666666666667 0.003125
1 0.6854166666666667 0.62421875 0.004166666666666667 0.0015625
1 0.6739583333333333 0.62421875 0.014583333333333334 0.0015625
1 0.25416666666666665 0.62109375 0.041666666666666664 0.0109375
1 0.5697916666666667 0.6109375 0.00625 0.009375
1 0.9760416666666667 0.59296875 0.0020833333333333333 0.0015625
1 0.6125 0.6015625 0.016666666666666666 0.01875
1 0.9614583333333333 0.59140625 0.0020833333333333333 0.0015625
1 0.590625 0.59921875 0.014583333333333334 0.0203125
1 0.9645833333333333 0.5875 0.008333333333333333 0.003125
1 0.95625 0.58671875 0.004166666666666667 0.0046875
1 0.4635416666666667 0.58359375 0.0020833333333333333 0.0015625
1 0.453125 0.57890625 0.014583333333333334 0.0046875
1 0.4708333333333333 0.578125 0.008333333333333333 0.00625
1 0.4270833333333333 0.73046875 0.23333333333333334 0.3140625
1 0.615625 0.571875 0.00625 0.003125
1 0.39479166666666665 0.571875 0.00625 0.003125
1 0.43020833333333336 0.56796875 0.014583333333333334 0.0109375
1 0.38645833333333335 0.57265625 0.05625 0.0203125
1 0.34479166666666666 0.56328125 0.0020833333333333333 0.0015625
1 0.5739583333333333 0.56171875 0.027083333333333334 0.0078125
1 0.590625 0.55546875 0.0020833333333333333 0.0015625
1 0.696875 0.55546875 0.00625 0.0046875
1 0.4322916666666667 0.55234375 0.0020833333333333333 0.0015625
1 0.6572916666666667 0.55078125 0.0020833333333333333 0.0015625
1 0.36875 0.5546875 0.008333333333333333 0.0125
1 0.6697916666666667 0.54765625 0.0020833333333333333 0.0015625
1 0.6927083333333334 0.54765625 0.010416666666666666 0.0046875
1 0.55625 0.54765625 0.004166666666666667 0.0046875
1 0.603125 0.54453125 0.0020833333333333333 0.0015625
1 0.38125 0.5453125 0.0125 0.00625
1 0.521875 0.54140625 0.0020833333333333333 0.0015625
1 0.44375 0.546875 0.0125 0.0125
1 0.5322916666666667 0.53984375 0.0020833333333333333 0.0015625
1 0.634375 0.54375 0.035416666666666666 0.03125
1 0.38333333333333336 0.5171875 0.004166666666666667 0.00625
1 0.39895833333333336 0.51328125 0.0020833333333333333 0.0046875
1 0.384375 0.51171875 0.0020833333333333333 0.0015625
1 0.44895833333333335 0.5109375 0.00625 0.00625
1 0.5166666666666667 0.521875 0.008333333333333333 0.0375
1 0.4510416666666667 0.50234375 0.0020833333333333333 0.0015625
1 0.46145833333333336 0.4984375 0.00625 0.003125
1 0.3729166666666667 0.52109375 0.029166666666666667 0.0515625
1 0.509375 0.496875 0.00625 0.009375
1 0.9635416666666666 0.490625 0.00625 0.003125
1 0.47708333333333336 0.4921875 0.016666666666666666 0.00625
1 0.3885416666666667 0.48984375 0.0020833333333333333 0.0015625
1 0.9552083333333333 0.48984375 0.0020833333333333333 0.0046875
1 0.5020833333333333 0.4890625 0.004166666666666667 0.003125
1 0.4895833333333333 0.48828125 0.004166666666666667 0.0015625
1 0.49583333333333335 0.48671875 0.004166666666666667 0.0015625
1 0.978125 0.4921875 0.010416666666666666 0.015625
1 0.971875 0.48515625 0.0020833333333333333 0.0015625
1 0.35833333333333334 0.48671875 0.008333333333333333 0.0046875
1 0.39895833333333336 0.48359375 0.0020833333333333333 0.0015625
1 0.9989583333333333 0.4828125 0.0020833333333333333 0.003125
1 0.3885416666666667 0.48203125 0.0020833333333333333 0.0015625
1 0.37916666666666665 0.48203125 0.004166666666666667 0.0015625
1 0.496875 0.47578125 0.0020833333333333333 0.0015625
1 0.50625 0.475 0.008333333333333333 0.003125
1 0.40520833333333334 0.47265625 0.0020833333333333333 0.0015625
1 0.5072916666666667 0.47109375 0.0020833333333333333 0.0015625
1 0.3697916666666667 0.46953125 0.0020833333333333333 0.0015625
1 0.36354166666666665 0.46796875 0.0020833333333333333 0.0015625
1 0.5260416666666666 0.46640625 0.0020833333333333333 0.0015625
1 0.521875 0.4671875 0.0020833333333333333 0.003125
1 0.39479166666666665 0.46875 0.014583333333333334 0.00625
1 0.384375 0.46328125 0.0020833333333333333 0.0015625
1 0.5447916666666667 0.46171875 0.0020833333333333333 0.0015625
1 0.5333333333333333 0.4625 0.004166666666666667 0.003125
1 0.37604166666666666 0.46015625 0.0020833333333333333 0.0015625
1 0.371875 0.46015625 0.0020833333333333333 0.0015625
1 0.51875 0.4578125 0.004166666666666667 0.003125
1 0.46979166666666666 0.45703125 0.0020833333333333333 0.0015625
1 0.36666666666666664 0.4578125 0.004166666666666667 0.003125
1 0.45208333333333334 0.47578125 0.09583333333333334 0.0453125
1 0.3541666666666667 0.45390625 0.004166666666666667 0.0015625
1 0.4239583333333333 0.43828125 0.0020833333333333333 0.0015625
1 0.40208333333333335 0.4296875 0.008333333333333333 0.003125
1 0.528125 0.42421875 0.00625 0.0015625
1 0.996875 0.4234375 0.0020833333333333333 0.003125
1 0.9927083333333333 0.4234375 0.0020833333333333333 0.003125
1 0.984375 0.42265625 0.0020833333333333333 0.0015625
1 0.49166666666666664 0.43828125 0.05416666666666667 0.0328125
1 0.4354166666666667 0.4234375 0.008333333333333333 0.00625
1 0.5239583333333333 0.41953125 0.0020833333333333333 0.0015625
1 0.9979166666666667 0.41875 0.004166666666666667 0.003125
1 0.9927083333333333 0.41796875 0.0020833333333333333 0.0046875
1 0.5322916666666667 0.41640625 0.0020833333333333333 0.0015625
1 0.44166666666666665 0.4171875 0.004166666666666667 0.003125
1 0.9989583333333333 0.41328125 0.0020833333333333333 0.0015625
1 0.9947916666666666 0.40859375 0.0020833333333333333 0.0015625
1 0.5510416666666667 0.4125 0.03125 0.0125
1 0.3958333333333333 0.4046875 0.004166666666666667 0.003125
1 0.47708333333333336 0.421875 0.020833333333333332 0.04375
1 0.978125 0.38359375 0.0020833333333333333 0.0015625
1 0.9833333333333333 0.3921875 0.03333333333333333 0.028125
1 0.9458333333333333 0.38203125 0.008333333333333333 0.0078125
1 0.9989583333333333 0.37109375 0.0020833333333333333 0.0015625
1 0.9916666666666667 0.36875 0.008333333333333333 0.003125
1 0.7427083333333333 0.36640625 0.0020833333333333333 0.0015625
1 0.9854166666666667 0.365625 0.004166666666666667 0.003125
1 0.7197916666666667 0.36484375 0.0020833333333333333 0.0015625
1 0.7197916666666667 0.36171875 0.0020833333333333333 0.0015625
1 0.9885416666666667 0.36015625 0.0020833333333333333 0.0015625
1 0.9927083333333333 0.35703125 0.0020833333333333333 0.0015625
1 0.7895833333333333 0.34765625 0.004166666666666667 0.0015625
1 0.9739583333333334 0.34765625 0.010416666666666666 0.0078125
1 0.9697916666666667 0.3390625 0.0020833333333333333 0.003125
1 0.7020833333333333 0.33828125 0.004166666666666667 0.0015625
1 0.7114583333333333 0.33125 0.010416666666666666 0.003125
1 0.640625 0.32109375 0.0020833333333333333 0.0015625
1 0.8020833333333334 0.334375 0.1625 0.06875
1 0.8489583333333334 0.30078125 0.0020833333333333333 0.0015625
1 0.859375 0.296875 0.014583333333333334 0.00625
1 0.8802083333333334 0.290625 0.022916666666666665 0.00625
1 0.8947916666666667 0.28671875 0.0020833333333333333 0.0015625
1 0.9052083333333333 0.2921875 0.035416666666666666 0.015625
1 0.903125 0.28203125 0.0020833333333333333 0.0015625
1 0.9114583333333334 0.27890625 0.010416666666666666 0.0046875
1 0.21979166666666666 0.19140625 0.03125 0.0328125
1 0.8625 0.065625 0.008333333333333333 0.003125
1 0.8666666666666667 0.0609375 0.004166666666666667 0.003125
1 0.9760416666666667 0.05859375 0.0020833333333333333 0.0015625
1 0.9739583333333334 0.05390625 0.0020833333333333333 0.0015625
1 0.8822916666666667 0.03671875 0.0020833333333333333 0.0015625
1 0.9333333333333333 0.0328125 0.008333333333333333 0.003125
1 0.9416666666666667 0.03203125 0.004166666666666667 0.0046875
1 0.8770833333333333 0.0328125 0.0125 0.00625
1 0.8677083333333333 0.02734375 0.0020833333333333333 0.0015625
1 0.9229166666666667 0.02734375 0.008333333333333333 0.0078125
1 0.8729166666666667 0.0234375 0.004166666666666667 0.00625
1 0.9166666666666666 0.01953125 0.004166666666666667 0.0015625
1 0.8697916666666666 0.01875 0.00625 0.00625
1 0.004166666666666667 0.01796875 0.008333333333333333 0.0046875
1 0.011458333333333333 0.01484375 0.0020833333333333333 0.0015625
1 0.8635416666666667 0.0125 0.0020833333333333333 0.003125
1 0.9895833333333334 0.02890625 0.020833333333333332 0.0421875
1 0.017708333333333333 0.00859375 0.0020833333333333333 0.0015625
1 0.859375 0.00703125 0.0020833333333333333 0.0015625
1 0.007291666666666667 0.00859375 0.014583333333333334 0.0046875
1 0.99375 0.00546875 0.0125 0.0109375
1 0.95 0.02578125 0.04583333333333333 0.0515625
1 0.9010416666666666 0.01875 0.03125 0.0375
1 0.859375 0.0015625 0.0020833333333333333 0.003125
1 0.030208333333333334 0.0046875 0.00625 0.009375
2 0.9052083333333333 0.98515625 0.0020833333333333333 0.0015625
2 0.9072916666666667 0.971875 0.0020833333333333333 0.009375
2 0.90625 0.9578125 0.004166666666666667 0.003125
2 0.903125 0.95390625 0.0020833333333333333 0.0015625
2 0.8729166666666667 0.96328125 0.03333333333333333 0.0234375
2 0.9302083333333333 0.94921875 0.0020833333333333333 0.0015625
2 0.9177083333333333 0.9421875 0.022916666666666665 0.009375
2 0.9010416666666666 0.903125 0.00625 0.00625
2 0.446875 0.89296875 0.0020833333333333333 0.0015625
2 0.93125 0.925 0.1375 0.15
2 0.36354166666666665 0.84921875 0.0020833333333333333 0.0015625
2 0.534375 0.81640625 0.0020833333333333333 0.0015625
2 0.5322916666666667 0.76171875 0.0020833333333333333 0.0015625
2 0.3302083333333333 0.75859375 0.0020833333333333333 0.0015625
2 0.515625 0.75703125 0.01875 0.0171875
2 0.5552083333333333 0.7359375 0.0020833333333333333 0.003125
2 0.978125 0.75703125 0.04375 0.0859375
2 0.6927083333333334 0.70390625 0.0020833333333333333 0.0015625
2 0.5197916666666667 0.715625 0.03958333333333333 0.03125
2 0.509375 0.69453125 0.00625 0.0046875
2 0.6760416666666667 0.68828125 0.0020833333333333333 0.0015625
2 0.6625 0.6828125 0.004166666666666667 0.003125
2 0.5364583333333334 0.69375 0.010416666666666666 0.025
2 0.6510416666666666 0.66796875 0.0020833333333333333 0.0015625
2 0.35104166666666664 0.56484375 0.0020833333333333333 0.0015625
2 0.346875 0.56171875 0.00625 0.0046875
2 0.596875 0.55234375 0.0020833333333333333 0.0015625
2 0.603125 0.54921875 0.0020833333333333333 0.0015625
2 0.5270833333333333 0.54140625 0.004166666666666667 0.0015625
2 0.5322916666666667 0.53984375 0.0020833333333333333 0.0015625
2 0.44895833333333335 0.49765625 0.0020833333333333333 0.0015625
2 0.978125 0.4953125 0.010416666666666666 0.009375
2 0.47604166666666664 0.68828125 0.4895833333333333 0.4046875
2 0.440625 0.48515625 0.0020833333333333333 0.0015625
2 0.3614583333333333 0.48671875 0.0020833333333333333 0.0046875
2 0.39895833333333336 0.48359375 0.0020833333333333333 0.0015625
2 0.37395833333333334 0.48515625 0.01875 0.0046875
2 0.47604166666666664 0.446875 0.014583333333333334 0.00625
2 0.39791666666666664 0.46953125 0.2916666666666667 0.0578125
2 0.4239583333333333 0.43828125 0.0020833333333333333 0.0015625
2 0.4895833333333333 0.4375 0.008333333333333333 0.00625
2 0.4708333333333333 0.4390625 0.008333333333333333 0.009375
2 0.403125 0.43125 0.00625 0.003125
2 0.4354166666666667 0.42265625 0.008333333333333333 0.0046875
2 0.4791666666666667 0.42265625 0.008333333333333333 0.0171875
2 0.528125 0.42265625 0.06041666666666667 0.0265625
2 0.5645833333333333 0.4078125 0.004166666666666667 0.003125
2 0.48541666666666666 0.4046875 0.004166666666666667 0.009375
2 0.996875 0.384375 0.00625 0.009375
2 0.9989583333333333 0.37109375 0.0020833333333333333 0.0015625
2 0.9947916666666666 0.36953125 0.0020833333333333333 0.0015625
2 0.990625 0.36796875 0.0020833333333333333 0.0015625
2 0.9864583333333333 0.36484375 0.0020833333333333333 0.0015625
2 0.9958333333333333 0.36328125 0.008333333333333333 0.0046875
2 0.9885416666666667 0.36015625 0.0020833333333333333 0.0015625
2 0.9927083333333333 0.35703125 0.0020833333333333333 0.0015625
2 0.975 0.3484375 0.008333333333333333 0.003125
2 0.7895833333333333 0.34765625 0.004166666666666667 0.0015625
2 0.7552083333333334 0.353125 0.022916666666666665 0.015625
2 0.76875 0.34375 0.004166666666666667 0.00625
2 0.7875 0.334375 0.008333333333333333 0.00625
2 0.7625 0.334375 0.008333333333333333 0.009375
2 0.7114583333333333 0.33671875 0.052083333333333336 0.0171875
2 0.6822916666666666 0.32890625 0.0020833333333333333 0.0015625
2 0.6729166666666667 0.32734375 0.008333333333333333 0.0015625
2 0.7302083333333333 0.32578125 0.0020833333333333333 0.0015625
2 0.75625 0.32578125 0.008333333333333333 0.0046875
2 0.6385416666666667 0.31796875 0.00625 0.0078125
2 0.8614583333333333 0.30234375 0.14375 0.0546875
2 0.9364583333333333 0.27421875 0.0020833333333333333 0.0015625
2 0.225 0.1796875 0.0125 0.009375
2 0.9760416666666667 0.05859375 0.0020833333333333333 0.0015625
2 0.9739583333333334 0.05390625 0.0020833333333333333 0.0015625
2 0.9802083333333333 0.04765625 0.0020833333333333333 0.0015625
2 0.9697916666666667 0.03984375 0.0020833333333333333 0.0015625
2 0.95 0.040625 0.008333333333333333 0.00625
2 0.971875 0.034375 0.00625 0.003125
2 0.9364583333333333 0.03203125 0.0020833333333333333 0.0015625
2 0.93125 0.03125 0.004166666666666667 0.003125
2 0.9572916666666667 0.0296875 0.00625 0.009375
2 0.9458333333333333 0.02578125 0.004166666666666667 0.0046875
2 0.9239583333333333 0.02734375 0.00625 0.0078125
2 0.003125 0.01796875 0.0020833333333333333 0.0015625
2 0.007291666666666667 0.01640625 0.0020833333333333333 0.0015625
2 0.8635416666666667 0.0125 0.0020833333333333333 0.003125
2 0.9739583333333334 0.02265625 0.03958333333333333 0.0453125
2 0.909375 0.0171875 0.08541666666666667 0.034375
2 0.8729166666666667 0.003125 0.0125 0.00625
2 0.8604166666666667 0.0015625 0.004166666666666667 0.003125
2 0.016666666666666666 0.00546875 0.03333333333333333 0.0109375
