0 0.565625 0.76328125 0.0020833333333333333 0.0015625
0 0.5520833333333334 0.76328125 0.004166666666666667 0.0015625
0 0.584375 0.7640625 0.03125 0.009375
0 0.5614583333333333 0.759375 0.00625 0.00625
0 0.5822916666666667 0.7515625 0.010416666666666666 0.003125
0 0.49583333333333335 0.73359375 0.004166666666666667 0.0015625
0 0.5833333333333334 0.73125 0.008333333333333333 0.00625
0 0.584375 0.721875 0.00625 0.003125
0 0.33958333333333335 0.72109375 0.0125 0.0046875
0 0.35625 0.71328125 0.004166666666666667 0.0046875
0 0.3302083333333333 0.71484375 0.00625 0.0078125
0 0.359375 0.71015625 0.00625 0.0046875
0 0.3385416666666667 0.70234375 0.00625 0.0015625
0 0.5239583333333333 0.70078125 0.00625 0.0015625
0 0.5197916666666667 0.746875 0.06875 0.103125
0 0.5010416666666667 0.69453125 0.0020833333333333333 0.0078125
0 0.5333333333333333 0.6890625 0.004166666666666667 0.003125
0 0.5614583333333333 0.6875 0.0020833333333333333 0.003125
0 0.5229166666666667 0.68828125 0.004166666666666667 0.0046875
0 0.5291666666666667 0.68359375 0.008333333333333333 0.0078125
0 0.5395833333333333 0.6828125 0.025 0.015625
0 0.5458333333333333 0.671875 0.008333333333333333 0.00625
0 0.37083333333333335 0.6890625 0.06666666666666667 0.05
0 0.34479166666666666 0.64765625 0.0020833333333333333 0.0015625
0 0.23645833333333333 0.63203125 0.0020833333333333333 0.0015625
0 0.24270833333333333 0.62890625 0.0020833333333333333 0.0015625
0 0.475 0.6625 0.12083333333333333 0.071875
0 0.24270833333333333 0.62421875 0.0020833333333333333 0.0015625
0 0.4822916666666667 0.6265625 0.03125 0.009375
0 0.25625 0.62265625 0.004166666666666667 0.0015625
0 0.24791666666666667 0.62265625 0.008333333333333333 0.0046875
0 0.253125 0.61796875 0.0020833333333333333 0.0015625
0 0.24895833333333334 0.61875 0.0020833333333333333 0.003125
0 0.26145833333333335 0.6140625 0.0020833333333333333 0.003125
0 0.25104166666666666 0.6140625 0.0020833333333333333 0.003125
0 0.43020833333333336 0.61796875 0.01875 0.0140625
0 0.28958333333333336 0.6125 0.004166666666666667 0.003125
0 0.25625 0.61328125 0.004166666666666667 0.0046875
0 0.3177083333333333 0.60703125 0.0020833333333333333 0.0015625
0 0.325 0.6078125 0.008333333333333333 0.00625
0 0.29583333333333334 0.6046875 0.004166666666666667 0.003125
0 0.31666666666666665 0.603125 0.004166666666666667 0.003125
0 0.28020833333333334 0.60234375 0.0020833333333333333 0.0015625
0 0.26979166666666665 0.60078125 0.0020833333333333333 0.0015625
0 0.34479166666666666 0.59765625 0.0020833333333333333 0.0015625
0 0.33958333333333335 0.59921875 0.004166666666666667 0.0046875
0 0.35 0.596875 0.004166666666666667 0.003125
0 0.29375 0.59765625 0.0125 0.0046875
0 0.2604166666666667 0.60234375 0.0125 0.0140625
0 0.346875 0.59453125 0.0020833333333333333 0.0015625
0 0.265625 0.59296875 0.0020833333333333333 0.0015625
0 0.35 0.59140625 0.004166666666666667 0.0015625
0 0.3260416666666667 0.59140625 0.010416666666666666 0.0046875
0 0.30625 0.59921875 0.0125 0.0265625
0 0.32083333333333336 0.5890625 0.0125 0.009375
0 0.28020833333333334 0.5890625 0.022916666666666665 0.009375
0 0.26458333333333334 0.5875 0.008333333333333333 0.00625
0 0.3614583333333333 0.58515625 0.00625 0.0046875
0 0.284375 0.57734375 0.0020833333333333333 0.0015625
0 0.2791666666666667 0.5765625 0.004166666666666667 0.003125
0 0.2635416666666667 0.57734375 0.010416666666666666 0.0109375
0 0.321875 0.5671875 0.010416666666666666 0.003125
0 0.271875 0.5640625 0.0020833333333333333 0.003125
0 0.34375 0.56171875 0.0125 0.0015625
0 0.31666666666666665 0.56171875 0.004166666666666667 0.0015625
0 0.596875 0.55234375 0.00625 0.0046875
0 0.24479166666666666 0.54921875 0.0020833333333333333 0.0015625
0 0.46458333333333335 0.5265625 0.004166666666666667 0.003125
0 0.496875 0.51484375 0.00625 0.0046875
0 0.47708333333333336 0.51484375 0.025 0.0078125
0 0.66875 0.49765625 0.004166666666666667 0.0015625
0 0.15104166666666666 0.49609375 0.00625 0.0046875
0 0.5479166666666667 0.49296875 0.008333333333333333 0.0015625
0 0.6239583333333333 0.49140625 0.010416666666666666 0.0078125
0 0.18125 0.49140625 0.0125 0.0078125
0 0.16875 0.4890625 0.004166666666666667 0.003125
0 0.15520833333333334 0.48984375 0.014583333333333334 0.0046875
0 0.190625 0.48671875 0.0020833333333333333 0.0015625
0 0.528125 0.47578125 0.0020833333333333333 0.0015625
0 0.36354166666666665 0.4671875 0.00625 0.009375
0 0.33645833333333336 0.4546875 0.0020833333333333333 0.003125
0 0.09479166666666666 0.45390625 0.0020833333333333333 0.0015625
0 0.46875 0.46328125 0.0375 0.0234375
0 0.53125 0.47109375 0.10416666666666667 0.0421875
0 0.3625 0.4546875 0.008333333333333333 0.0125
0 0.43125 0.44765625 0.004166666666666667 0.0015625
0 0.2916666666666667 0.55 0.3 0.225
0 0.203125 0.43671875 0.0020833333333333333 0.0015625
0 0.25 0.428125 0.008333333333333333 0.00625
0 0.121875 0.43125 0.010416666666666666 0.0125
0 0.228125 0.42734375 0.014583333333333334 0.0078125
0 0.08645833333333333 0.44140625 0.052083333333333336 0.0359375
0 0.665625 0.428125 0.014583333333333334 0.0125
0 0.13645833333333332 0.425 0.00625 0.00625
0 0.06354166666666666 0.42265625 0.0020833333333333333 0.0015625
0 0.6572916666666667 0.42109375 0.0020833333333333333 0.0015625
0 0.26145833333333335 0.42109375 0.00625 0.0046875
0 0.07395833333333333 0.4203125 0.0020833333333333333 0.003125
0 0.06458333333333334 0.41953125 0.004166666666666667 0.0015625
0 0.07916666666666666 0.41875 0.004166666666666667 0.003125
0 0.051041666666666666 0.4171875 0.00625 0.003125
0 0.06145833333333333 0.41171875 0.0020833333333333333 0.0015625
0 0.07604166666666666 0.41015625 0.0020833333333333333 0.0015625
0 0.6604166666666667 0.4125 0.0125 0.009375
0 0.051041666666666666 0.40859375 0.0020833333333333333 0.0015625
0 0.6489583333333333 0.40234375 0.0020833333333333333 0.0015625
0 0.058333333333333334 0.4046875 0.0125 0.009375
0 0.035416666666666666 0.39921875 0.0125 0.0046875
0 0.7677083333333333 0.396875 0.00625 0.003125
0 0.046875 0.396875 0.00625 0.00625
0 0.290625 0.38984375 0.0020833333333333333 0.0015625
0 0.29270833333333335 0.38671875 0.0020833333333333333 0.0015625
0 0.06979166666666667 0.3875 0.0020833333333333333 0.003125
0 0.290625 0.38359375 0.0020833333333333333 0.0015625
0 0.08020833333333334 0.38515625 0.010416666666666666 0.0046875
0 0.071875 0.38359375 0.0020833333333333333 0.0015625
0 0.3625 0.37734375 0.004166666666666667 0.0015625
0 0.016666666666666666 0.39140625 0.03333333333333333 0.0328125
0 0.036458333333333336 0.37421875 0.0020833333333333333 0.0015625
0 0.24895833333333334 0.375 0.03958333333333333 0.01875
0 0.04583333333333333 0.36953125 0.025 0.0078125
0 0.06458333333333334 0.365625 0.008333333333333333 0.003125
0 0.4375 0.365625 0.008333333333333333 0.009375
0 0.05520833333333333 0.35546875 0.0020833333333333333 0.0015625
0 0.042708333333333334 0.3578125 0.01875 0.00625
0 0.5645833333333333 0.353125 0.004166666666666667 0.00625
0 0.16145833333333334 0.3796875 0.10208333333333333 0.059375
0 0.13958333333333334 0.35 0.004166666666666667 0.003125
0 0.07395833333333333 0.3515625 0.014583333333333334 0.0125
0 0.010416666666666666 0.3546875 0.020833333333333332 0.01875
0 0.30104166666666665 0.34375 0.0020833333333333333 0.003125
0 0.12291666666666666 0.34296875 0.004166666666666667 0.0015625
0 0.109375 0.34140625 0.00625 0.0015625
0 0.017708333333333333 0.3421875 0.00625 0.003125
0 0.12395833333333334 0.3390625 0.01875 0.00625
0 0.03229166666666667 0.33515625 0.0020833333333333333 0.0015625
0 0.23229166666666667 0.3234375 0.00625 0.00625
0 0.036458333333333336 0.31640625 0.0020833333333333333 0.0015625
0 0.1375 0.32421875 0.029166666666666667 0.0234375
0 0.07708333333333334 0.3234375 0.09583333333333334 0.028125
0 0.034375 0.31015625 0.0020833333333333333 0.0015625
0 0.027083333333333334 0.31015625 0.004166666666666667 0.0015625
0 0.228125 0.3109375 0.010416666666666666 0.009375
0 0.06145833333333333 0.30703125 0.0020833333333333333 0.0015625
0 0.04791666666666667 0.309375 0.0125 0.00625
0 0.04479166666666667 0.30703125 0.00625 0.0015625
0 0.0625 0.30390625 0.004166666666666667 0.0015625
0 0.153125 0.30859375 0.00625 0.0140625
0 0.016666666666666666 0.303125 0.008333333333333333 0.003125
0 0.103125 0.29453125 0.00625 0.0109375
0 0.1125 0.28984375 0.004166666666666667 0.0078125
0 0.12291666666666666 0.27890625 0.004166666666666667 0.0015625
0 0.08854166666666667 0.26484375 0.0020833333333333333 0.0015625
0 0.051041666666666666 0.26171875 0.0020833333333333333 0.0015625
0 0.041666666666666664 0.25703125 0.004166666666666667 0.0015625
0 0.75625 0.203125 0.004166666666666667 0.003125
0 0.7947916666666667 0.18984375 0.0020833333333333333 0.0015625
0 0.7635416666666667 0.18359375 0.0020833333333333333 0.0015625
0 0.3854166666666667 0.1765625 0.004166666666666667 0.003125
0 0.765625 0.17265625 0.0020833333333333333 0.0015625
1 0.48541666666666666 0.83984375 0.004166666666666667 0.0046875
1 0.46770833333333334 0.82578125 0.0020833333333333333 0.0015625
1 0.49895833333333334 0.82578125 0.03125 0.0234375
1 0.51875 0.809375 0.004166666666666667 0.003125
1 0.5083333333333333 0.809375 0.004166666666666667 0.003125
1 0.515625 0.80703125 0.0020833333333333333 0.0015625
1 0.5322916666666667 0.80078125 0.0020833333333333333 0.0015625
1 0.5114583333333333 0.8015625 0.0020833333333333333 0.003125
1 0.49375 0.8015625 0.008333333333333333 0.009375
1 0.5052083333333334 0.8 0.00625 0.009375
1 0.5083333333333333 0.79375 0.004166666666666667 0.009375
1 0.7052083333333333 0.77890625 0.00625 0.0046875
1 0.6510416666666666 0.7703125 0.0020833333333333333 0.003125
1 0.6447916666666667 0.76171875 0.0020833333333333333 0.0015625
1 0.6677083333333333 0.75625 0.00625 0.00625
1 0.5072916666666667 0.75390625 0.0020833333333333333 0.0015625
1 0.740625 0.75234375 0.0020833333333333333 0.0015625
1 0.49166666666666664 0.77265625 0.020833333333333332 0.0421875
1 0.7125 0.75546875 0.0125 0.0109375
1 0.5489583333333333 0.74921875 0.0020833333333333333 0.0015625
1 0.7072916666666667 0.74453125 0.0020833333333333333 0.0015625
1 0.49375 0.74375 0.004166666666666667 0.003125
1 0.559375 0.7421875 0.0020833333333333333 0.003125
1 0.509375 0.74140625 0.0020833333333333333 0.0015625
1 0.5052083333333334 0.74140625 0.0020833333333333333 0.0015625
1 0.6072916666666667 0.73984375 0.0020833333333333333 0.0015625
1 0.5052083333333334 0.73828125 0.0020833333333333333 0.0015625
1 0.6197916666666666 0.73671875 0.00625 0.0015625
1 0.5645833333333333 0.7375 0.004166666666666667 0.003125
1 0.5614583333333333 0.73515625 0.0020833333333333333 0.0015625
1 0.7260416666666667 0.7578125 0.03125 0.05
1 0.6145833333333334 0.7328125 0.0125 0.009375
1 0.4739583333333333 0.72890625 0.0020833333333333333 0.0015625
1 0.6333333333333333 0.725 0.004166666666666667 0.003125
1 0.559375 0.72421875 0.0020833333333333333 0.0015625
1 0.7364583333333333 0.7234375 0.0020833333333333333 0.003125
1 0.6270833333333333 0.7234375 0.004166666666666667 0.003125
1 0.7395833333333334 0.71953125 0.004166666666666667 0.0015625
1 0.7322916666666667 0.71953125 0.0020833333333333333 0.0015625
1 0.671875 0.71953125 0.0020833333333333333 0.0015625
1 0.609375 0.72265625 0.014583333333333334 0.0078125
1 0.578125 0.71328125 0.0020833333333333333 0.0015625
1 0.5708333333333333 0.715625 0.008333333333333333 0.00625
1 0.5760416666666667 0.70859375 0.0020833333333333333 0.0015625
1 0.559375 0.70859375 0.0020833333333333333 0.0015625
1 0.4864583333333333 0.70859375 0.0020833333333333333 0.0015625
1 0.5479166666666667 0.70859375 0.004166666666666667 0.0046875
1 0.7541666666666667 0.70625 0.004166666666666667 0.003125
1 0.61875 0.7109375 0.008333333333333333 0.0125
1 0.5666666666666667 0.70703125 0.008333333333333333 0.0046875
1 0.3302083333333333 0.70546875 0.0020833333333333333 0.0015625
1 0.73125 0.7078125 0.004166666666666667 0.009375
1 0.8041666666666667 0.70234375 0.004166666666666667 0.0015625
1 0.7552083333333334 0.70234375 0.0020833333333333333 0.0015625
1 0.6354166666666666 0.7046875 0.004166666666666667 0.00625
1 0.565625 0.7015625 0.0020833333333333333 0.003125
1 0.55 0.7 0.004166666666666667 0.003125
1 0.325 0.7015625 0.004166666666666667 0.00625
1 0.7354166666666667 0.69765625 0.008333333333333333 0.0015625
1 0.6458333333333334 0.7 0.016666666666666666 0.009375
1 0.634375 0.69609375 0.00625 0.0078125
1 0.7947916666666667 0.69375 0.01875 0.0125
1 0.753125 0.69296875 0.010416666666666666 0.0109375
1 0.784375 0.6890625 0.0020833333333333333 0.00625
1 0.8052083333333333 0.68515625 0.0020833333333333333 0.0015625
1 0.8020833333333334 0.68203125 0.004166666666666667 0.0015625
1 0.7375 0.6828125 0.004166666666666667 0.003125
1 0.4708333333333333 0.67890625 0.004166666666666667 0.0046875
1 0.33229166666666665 0.67734375 0.0020833333333333333 0.0015625
1 0.415625 0.67421875 0.0020833333333333333 0.0015625
1 0.4 0.675 0.004166666666666667 0.003125
1 0.7375 0.67265625 0.004166666666666667 0.0015625
1 0.790625 0.67109375 0.0020833333333333333 0.0015625
1 0.58125 0.67890625 0.03333333333333333 0.0171875
1 0.6072916666666667 0.6921875 0.027083333333333334 0.046875
1 0.578125 0.66953125 0.0020833333333333333 0.0015625
1 0.40729166666666666 0.66953125 0.0020833333333333333 0.0015625
1 0.8739583333333333 0.66796875 0.0020833333333333333 0.0015625
1 0.6354166666666666 0.66875 0.004166666666666667 0.003125
1 0.6135416666666667 0.66640625 0.0020833333333333333 0.0015625
1 0.7864583333333334 0.66328125 0.0020833333333333333 0.0015625
1 0.6135416666666667 0.66328125 0.0020833333333333333 0.0015625
1 0.3958333333333333 0.66640625 0.016666666666666666 0.0078125
1 0.6270833333333333 0.66328125 0.004166666666666667 0.0046875
1 0.6489583333333333 0.65703125 0.0020833333333333333 0.0015625
1 0.628125 0.65703125 0.0020833333333333333 0.0015625
1 0.7208333333333333 0.65546875 0.004166666666666667 0.0046875
1 0.865625 0.68125 0.15208333333333332 0.059375
1 0.6447916666666667 0.66015625 0.027083333333333334 0.0171875
1 0.809375 0.65078125 0.0020833333333333333 0.0015625
1 0.8104166666666667 0.64296875 0.004166666666666667 0.0015625
1 0.47291666666666665 0.64609375 0.0125 0.0078125
1 0.6822916666666666 0.6421875 0.01875 0.003125
1 0.459375 0.64140625 0.00625 0.0046875
1 0.6572916666666667 0.64375 0.01875 0.0125
1 0.4791666666666667 0.63671875 0.008333333333333333 0.0046875
1 0.715625 0.63359375 0.0020833333333333333 0.0015625
1 0.6322916666666667 0.63359375 0.0020833333333333333 0.0015625
1 0.5677083333333334 0.63359375 0.00625 0.0015625
1 0.5614583333333333 0.63359375 0.0020833333333333333 0.0015625
1 0.4708333333333333 0.6328125 0.004166666666666667 0.003125
1 0.7927083333333333 0.63046875 0.0020833333333333333 0.0015625
1 0.7760416666666666 0.63046875 0.0020833333333333333 0.0015625
1 0.5635416666666667 0.63046875 0.0020833333333333333 0.0015625
1 0.6322916666666667 0.62890625 0.0020833333333333333 0.0015625
1 0.7927083333333333 0.6390625 0.04791666666666667 0.025
1 0.84375 0.6265625 0.004166666666666667 0.003125
1 0.790625 0.62578125 0.0020833333333333333 0.0015625
1 0.5020833333333333 0.6328125 0.020833333333333332 0.015625
1 0.5802083333333333 0.625 0.014583333333333334 0.003125
1 0.40520833333333334 0.64765625 0.03125 0.0484375
1 0.8135416666666667 0.62265625 0.0020833333333333333 0.0015625
1 0.8552083333333333 0.62109375 0.0020833333333333333 0.0015625
1 0.33229166666666665 0.62109375 0.0020833333333333333 0.0015625
1 0.8385416666666666 0.61953125 0.0020833333333333333 0.0015625
1 0.8020833333333334 0.62265625 0.0125 0.0078125
1 0.7104166666666667 0.61953125 0.004166666666666667 0.0015625
1 0.69375 0.6203125 0.008333333333333333 0.003125
1 0.48854166666666665 0.61953125 0.0020833333333333333 0.0015625
1 0.8114583333333333 0.61796875 0.0020833333333333333 0.0015625
1 0.690625 0.61640625 0.0020833333333333333 0.0015625
1 0.5854166666666667 0.61640625 0.004166666666666667 0.0015625
1 0.32708333333333334 0.61796875 0.008333333333333333 0.0046875
1 0.31666666666666665 0.6171875 0.004166666666666667 0.003125
1 0.7989583333333333 0.615625 0.0020833333333333333 0.003125
1 0.7177083333333333 0.61875 0.00625 0.009375
1 0.5697916666666667 0.61640625 0.0020833333333333333 0.0046875
1 0.45416666666666666 0.625 0.029166666666666667 0.028125
1 0.7052083333333333 0.61015625 0.0020833333333333333 0.0015625
1 0.7166666666666667 0.60859375 0.016666666666666666 0.0078125
1 0.48854166666666665 0.60390625 0.0020833333333333333 0.0015625
1 0.48333333333333334 0.603125 0.004166666666666667 0.003125
1 0.40520833333333334 0.60234375 0.0020833333333333333 0.0015625
1 0.48854166666666665 0.60078125 0.0020833333333333333 0.0015625
1 0.7322916666666667 0.59765625 0.00625 0.0078125
1 0.515625 0.59453125 0.0020833333333333333 0.0015625
1 0.509375 0.59453125 0.0020833333333333333 0.0015625
1 0.5 0.5984375 0.016666666666666666 0.009375
1 0.5239583333333333 0.59375 0.00625 0.003125
1 0.703125 0.5953125 0.00625 0.009375
1 0.43645833333333334 0.59765625 0.052083333333333336 0.0203125
1 0.7625 0.5875 0.008333333333333333 0.00625
1 0.540625 0.58125 0.0020833333333333333 0.003125
1 0.51875 0.58515625 0.020833333333333332 0.0109375
1 0.49895833333333334 0.58046875 0.0020833333333333333 0.0015625
1 0.375 0.58671875 0.0125 0.0140625
1 0.490625 0.57578125 0.0020833333333333333 0.0015625
1 0.5395833333333333 0.57109375 0.004166666666666667 0.0015625
1 0.728125 0.5671875 0.0020833333333333333 0.003125
1 0.24270833333333333 0.5671875 0.0020833333333333333 0.003125
1 0.42604166666666665 0.5640625 0.010416666666666666 0.00625
1 0.234375 0.56015625 0.0020833333333333333 0.0015625
1 0.23854166666666668 0.55859375 0.0020833333333333333 0.0015625
1 0.5052083333333334 0.55625 0.0020833333333333333 0.003125
1 0.5020833333333333 0.55078125 0.004166666666666667 0.0015625
1 0.6822916666666666 0.5484375 0.0020833333333333333 0.003125
1 0.4583333333333333 0.55625 0.020833333333333332 0.0375
1 0.721875 0.56484375 0.06458333333333334 0.0578125
1 0.6364583333333333 0.53671875 0.0020833333333333333 0.0015625
1 0.58125 0.59453125 0.24166666666666667 0.1171875
1 0.45729166666666665 0.53671875 0.0020833333333333333 0.0015625
1 0.6895833333333333 0.53359375 0.004166666666666667 0.0015625
1 0.6177083333333333 0.53359375 0.0020833333333333333 0.0015625
1 0.696875 0.5328125 0.0020833333333333333 0.003125
1 0.60625 0.5390625 0.020833333333333332 0.015625
1 0.6895833333333333 0.53046875 0.004166666666666667 0.0015625
1 0.5927083333333333 0.534375 0.0020833333333333333 0.009375
1 0.684375 0.5296875 0.0020833333333333333 0.003125
1 0.5572916666666666 0.52421875 0.0020833333333333333 0.0015625
1 0.5552083333333333 0.5203125 0.00625 0.003125
1 0.18333333333333332 0.5140625 0.008333333333333333 0.00625
1 0.15729166666666666 0.50625 0.00625 0.003125
1 0.8854166666666666 0.5046875 0.008333333333333333 0.003125
1 0.6739583333333333 0.50546875 0.014583333333333334 0.0046875
1 0.14895833333333333 0.50703125 0.00625 0.0078125
1 0.8625 0.50234375 0.004166666666666667 0.0015625
1 0.8947916666666667 0.50234375 0.00625 0.0046875
1 0.7885416666666667 0.5015625 0.00625 0.003125
1 0.178125 0.50078125 0.0020833333333333333 0.0015625
1 0.7885416666666667 0.53671875 0.18958333333333333 0.0765625
1 0.17083333333333334 0.49921875 0.004166666666666667 0.0015625
1 0.6864583333333333 0.5 0.0020833333333333333 0.00625
1 0.4979166666666667 0.49921875 0.020833333333333332 0.0046875
1 0.871875 0.4953125 0.014583333333333334 0.003125
1 0.8552083333333333 0.4953125 0.00625 0.003125
1 0.79375 0.49609375 0.004166666666666667 0.0046875
1 0.7885416666666667 0.49453125 0.0020833333333333333 0.0015625
1 0.8239583333333333 0.49296875 0.0020833333333333333 0.0015625
1 0.8166666666666667 0.50078125 0.041666666666666664 0.0171875
1 0.890625 0.49453125 0.010416666666666666 0.0078125
1 0.8197916666666667 0.49140625 0.0020833333333333333 0.0015625
1 0.6760416666666667 0.4953125 0.01875 0.009375
1 0.596875 0.48125 0.0020833333333333333 0.003125
1 0.7385416666666667 0.47734375 0.0020833333333333333 0.0015625
1 0.734375 0.47734375 0.0020833333333333333 0.0015625
1 0.33958333333333335 0.49609375 0.0375 0.0453125
1 0.7302083333333333 0.47109375 0.0020833333333333333 0.0015625
1 0.6010416666666667 0.46796875 0.0020833333333333333 0.0015625
1 0.13645833333333332 0.46171875 0.0020833333333333333 0.0015625
1 0.140625 0.46015625 0.0020833333333333333 0.0015625
1 0.23229166666666667 0.47265625 0.014583333333333334 0.0296875
1 0.14479166666666668 0.4578125 0.0020833333333333333 0.003125
1 0.9739583333333334 0.45234375 0.0020833333333333333 0.0015625
1 0.9697916666666667 0.45078125 0.0020833333333333333 0.0015625
1 0.121875 0.45078125 0.0020833333333333333 0.0015625
1 0.9760416666666667 0.44921875 0.0020833333333333333 0.0015625
1 0.12604166666666666 0.4484375 0.0020833333333333333 0.003125
1 0.3385416666666667 0.42265625 0.0020833333333333333 0.0015625
1 0.9697916666666667 0.41953125 0.0020833333333333333 0.0015625
1 0.13645833333333332 0.41171875 0.0020833333333333333 0.0015625
1 0.3072916666666667 0.4015625 0.010416666666666666 0.003125
1 0.2708333333333333 0.43125 0.058333333333333334 0.06875
1 0.996875 0.39765625 0.00625 0.0078125
1 0.036458333333333336 0.38671875 0.0020833333333333333 0.0015625
1 0.9791666666666666 0.390625 0.025 0.0125
1 0.2760416666666667 0.3859375 0.010416666666666666 0.01875
1 0.6614583333333334 0.37578125 0.00625 0.0046875
1 0.7375 0.3765625 0.008333333333333333 0.0125
1 0.026041666666666668 0.37109375 0.010416666666666666 0.0046875
1 0.7364583333333333 0.3671875 0.00625 0.003125
1 0.559375 0.36328125 0.0020833333333333333 0.0015625
1 0.559375 0.35703125 0.0020833333333333333 0.0015625
1 0.559375 0.35390625 0.0020833333333333333 0.0015625
1 0.975 0.35390625 0.004166666666666667 0.0046875
1 0.7875 0.35078125 0.004166666666666667 0.0015625
1 0.7822916666666667 0.34765625 0.0020833333333333333 0.0015625
1 0.796875 0.34609375 0.01875 0.0046875
1 0.04791666666666667 0.346875 0.016666666666666666 0.00625
1 0.15416666666666667 0.3421875 0.020833333333333332 0.0125
1 0.9614583333333333 0.33359375 0.0020833333333333333 0.0015625
1 0.884375 0.33125 0.00625 0.003125
1 0.878125 0.32890625 0.0020833333333333333 0.0015625
1 0.8104166666666667 0.334375 0.025 0.015625
1 0.7875 0.33046875 0.008333333333333333 0.0078125
1 0.7791666666666667 0.33046875 0.004166666666666667 0.0109375
1 0.9822916666666667 0.33828125 0.035416666666666666 0.0328125
1 0.9677083333333333 0.32109375 0.0020833333333333333 0.0015625
1 0.8791666666666667 0.31953125 0.008333333333333333 0.0046875
1 0.019791666666666666 0.31953125 0.022916666666666665 0.0140625
1 0.965625 0.31171875 0.0020833333333333333 0.0015625
1 0.9760416666666667 0.3125 0.014583333333333334 0.009375
1 0.959375 0.31015625 0.00625 0.0078125
1 0.9677083333333333 0.30234375 0.00625 0.0046875
1 0.8770833333333333 0.296875 0.004166666666666667 0.003125
1 0.884375 0.30390625 0.06041666666666667 0.0203125
1 0.125 0.3015625 0.03333333333333333 0.01875
1 0.75 0.29296875 0.004166666666666667 0.0046875
1 0.878125 0.2890625 0.01875 0.015625
1 0.8572916666666667 0.28359375 0.0020833333333333333 0.0046875
1 0.7958333333333333 0.28828125 0.0125 0.0140625
1 0.84375 0.284375 0.020833333333333332 0.0125
1 0.11041666666666666 0.278125 0.008333333333333333 0.003125
1 0.8083333333333333 0.25390625 0.008333333333333333 0.0078125
1 0.8052083333333333 0.24609375 0.0020833333333333333 0.0015625
1 0.5447916666666667 0.24140625 0.0020833333333333333 0.0015625
1 0.909375 0.2390625 0.0020833333333333333 0.003125
1 0.9135416666666667 0.23515625 0.0020833333333333333 0.0046875
1 0.6739583333333333 0.2375 0.010416666666666666 0.009375
1 0.7145833333333333 0.22265625 0.004166666666666667 0.0015625
1 0.8822916666666667 0.21953125 0.00625 0.0109375
1 0.6458333333333334 0.21796875 0.0125 0.0078125
1 0.6958333333333333 0.21328125 0.008333333333333333 0.0046875
1 0.42083333333333334 0.2078125 0.004166666666666667 0.003125
1 0.775 0.20625 0.004166666666666667 0.003125
1 0.765625 0.2171875 0.06458333333333334 0.028125
1 0.8625 0.2125 0.03333333333333333 0.021875
1 0.7802083333333333 0.20234375 0.0020833333333333333 0.0015625
1 0.003125 0.20390625 0.00625 0.0046875
1 0.7864583333333334 0.20078125 0.0020833333333333333 0.0015625
1 0.5875 0.20078125 0.004166666666666667 0.0046875
1 0.5739583333333333 0.19921875 0.0020833333333333333 0.0015625
1 0.421875 0.19921875 0.0020833333333333333 0.0015625
1 0.128125 0.19921875 0.0020833333333333333 0.0015625
1 0.4239583333333333 0.19609375 0.0020833333333333333 0.0015625
1 0.109375 0.19453125 0.0020833333333333333 0.0015625
1 0.74375 0.19140625 0.008333333333333333 0.0078125
1 0.6895833333333333 0.1953125 0.0375 0.01875
1 0.6333333333333333 0.196875 0.07916666666666666 0.0375
1 0.19166666666666668 0.21015625 0.1 0.0703125
1 0.18645833333333334 0.17265625 0.0020833333333333333 0.0015625
1 0.00625 0.17578125 0.0125 0.0109375
1 0.7427083333333333 0.17421875 0.027083333333333334 0.0140625
1 0.746875 0.16484375 0.0020833333333333333 0.0015625
1 0.421875 0.16328125 0.0020833333333333333 0.0015625
1 0.41458333333333336 0.1625 0.004166666666666667 0.00625
1 0.740625 0.16015625 0.00625 0.0078125
1 0.38645833333333335 0.1546875 0.0020833333333333333 0.003125
1 0.17916666666666667 0.16171875 0.025 0.0265625
1 0.803125 0.14765625 0.0020833333333333333 0.0015625
1 0.5552083333333333 0.14765625 0.00625 0.0015625
1 0.384375 0.14921875 0.0020833333333333333 0.0046875
1 0.7072916666666667 0.14296875 0.0020833333333333333 0.0015625
1 0.9239583333333333 0.21484375 0.15208333333333332 0.1484375
1 0.04479166666666667 0.14296875 0.0020833333333333333 0.0046875
1 0.771875 0.14609375 0.022916666666666665 0.0203125
1 0.8114583333333333 0.1734375 0.04791666666666667 0.08125
1 0.6885416666666667 0.159375 0.06041666666666667 0.053125
1 0.3302083333333333 0.13359375 0.0020833333333333333 0.0015625
1 0.678125 0.13203125 0.0020833333333333333 0.0015625
1 0.3177083333333333 0.12890625 0.0020833333333333333 0.0015625
1 0.5958333333333333 0.14765625 0.058333333333333334 0.0453125
1 0.5583333333333333 0.13203125 0.025 0.0140625
1 0.31354166666666666 0.12578125 0.0020833333333333333 0.0015625
1 0.042708333333333334 0.1234375 0.0020833333333333333 0.003125
1 0.21770833333333334 0.121875 0.00625 0.003125
1 0.578125 0.1203125 0.0020833333333333333 0.003125
1 0.9875 0.11640625 0.008333333333333333 0.0078125
1 0.45208333333333334 0.12109375 0.029166666666666667 0.0203125
1 0.5697916666666667 0.1109375 0.00625 0.00625
1 0.10625 0.1125 0.03333333333333333 0.015625
1 0.09895833333333333 0.10234375 0.0020833333333333333 0.0015625
1 0.4479166666666667 0.10234375 0.004166666666666667 0.0046875
1 0.428125 0.11484375 0.027083333333333334 0.0328125
1 0.7770833333333333 0.10078125 0.016666666666666666 0.0078125
1 0.41770833333333335 0.09765625 0.0020833333333333333 0.0015625
1 0.228125 0.08828125 0.0020833333333333333 0.0015625
1 0.5 0.321875 1.0 0.46875
1 0.6635416666666667 0.08203125 0.0020833333333333333 0.0046875
1 0.08229166666666667 0.0890625 0.022916666666666665 0.01875
1 0.04791666666666667 0.07578125 0.008333333333333333 0.0015625
1 0.08229166666666667 0.07265625 0.0020833333333333333 0.0015625
1 0.39479166666666665 0.09140625 0.04375 0.0421875
1 0.22708333333333333 0.078125 0.03333333333333333 0.01875
1 0.7104166666666667 0.0828125 0.020833333333333332 0.03125
1 0.12291666666666666 0.07890625 0.0375 0.0265625
1 0.8822916666666667 0.065625 0.03125 0.009375
1 0.23645833333333333 0.0609375 0.0020833333333333333 0.003125
1 0.23020833333333332 0.06328125 0.00625 0.0078125
1 0.175 0.0796875 0.0625 0.040625
1 0.8072916666666666 0.06328125 0.01875 0.0109375
1 0.9729166666666667 0.078125 0.05416666666666667 0.04375
1 0.33645833333333336 0.09140625 0.06041666666666667 0.0703125
1 0.07708333333333334 0.0625 0.0125 0.015625
1 0.6875 0.05546875 0.0125 0.0078125
1 0.40520833333333334 0.05078125 0.00625 0.0015625
1 0.9510416666666667 0.04921875 0.00625 0.0046875
1 0.4583333333333333 0.05078125 0.016666666666666666 0.0109375
1 0.8291666666666667 0.046875 0.016666666666666666 0.00625
1 0.17916666666666667 0.04765625 0.008333333333333333 0.0078125
1 0.036458333333333336 0.0453125 0.0020833333333333333 0.003125
1 0.06666666666666667 0.046875 0.020833333333333332 0.009375
1 0.9635416666666666 0.040625 0.0020833333333333333 0.003125
1 0.5427083333333333 0.0484375 0.014583333333333334 0.01875
1 0.23020833333333332 0.03984375 0.0020833333333333333 0.0015625
1 0.7791666666666667 0.03671875 0.016666666666666666 0.0109375
1 0.6177083333333333 0.03515625 0.010416666666666666 0.0109375
1 0.571875 0.034375 0.010416666666666666 0.009375
1 0.5270833333333333 0.03125 0.004166666666666667 0.003125
1 0.20520833333333333 0.03046875 0.0020833333333333333 0.0015625
1 0.534375 0.02890625 0.0020833333333333333 0.0015625
1 0.13020833333333334 0.02890625 0.0020833333333333333 0.0015625
1 0.5989583333333334 0.028125 0.010416666666666666 0.00625
1 0.13645833333333332 0.02578125 0.0020833333333333333 0.0015625
1 0.11145833333333334 0.02734375 0.010416666666666666 0.0046875
1 0.3489583333333333 0.02734375 0.010416666666666666 0.0078125
1 0.25625 0.025 0.004166666666666667 0.003125
1 0.5385416666666667 0.02265625 0.0020833333333333333 0.0015625
1 0.17395833333333333 0.02265625 0.0020833333333333333 0.0015625
1 0.009375 0.04609375 0.01875 0.0484375
1 0.0020833333333333333 0.0234375 0.004166666666666667 0.003125
1 0.17604166666666668 0.01953125 0.0020833333333333333 0.0015625
1 0.39166666666666666 0.02109375 0.0125 0.0078125
1 0.27708333333333335 0.046875 0.07916666666666666 0.059375
1 0.4739583333333333 0.01875 0.010416666666666666 0.009375
1 0.19166666666666668 0.02265625 0.025 0.0171875
1 0.06354166666666666 0.03125 0.08958333333333333 0.0375
