0 0.28125 0.9984375 0.004166666666666667 0.003125
0 0.303125 0.97578125 0.0020833333333333333 0.0015625
0 0.209375 0.9734375 0.0020833333333333333 0.003125
0 0.6427083333333333 0.84765625 0.0020833333333333333 0.0015625
0 0.29791666666666666 0.78671875 0.004166666666666667 0.0015625
0 0.290625 0.77734375 0.00625 0.0046875
0 0.40520833333333334 0.7296875 0.00625 0.003125
0 0.4041666666666667 0.703125 0.008333333333333333 0.0125
0 0.3645833333333333 0.659375 0.004166666666666667 0.00625
0 0.4114583333333333 0.65234375 0.014583333333333334 0.0046875
0 0.3958333333333333 0.65234375 0.008333333333333333 0.0046875
0 0.20625 0.64921875 0.004166666666666667 0.0015625
0 0.3625 0.62578125 0.0125 0.0046875
0 0.353125 0.625 0.0020833333333333333 0.003125
0 0.23229166666666667 0.60859375 0.0020833333333333333 0.0015625
0 0.25104166666666666 0.61171875 0.03125 0.0171875
0 0.3645833333333333 0.60859375 0.0375 0.0328125
0 0.29375 0.59453125 0.0125 0.0171875
0 0.165625 0.571875 0.00625 0.003125
0 0.16354166666666667 0.54765625 0.00625 0.0078125
0 0.19270833333333334 0.546875 0.014583333333333334 0.0125
0 0.24375 0.5265625 0.008333333333333333 0.00625
0 0.23020833333333332 0.521875 0.014583333333333334 0.01875
0 0.22604166666666667 0.50703125 0.0020833333333333333 0.0015625
0 0.8354166666666667 0.4921875 0.004166666666666667 0.003125
0 0.14583333333333334 0.50546875 0.029166666666666667 0.0640625
0 0.18020833333333333 0.45625 0.010416666666666666 0.009375
0 0.15208333333333332 0.453125 0.0125 0.00625
0 0.16041666666666668 0.440625 0.0125 0.009375
0 0.43645833333333334 0.42578125 0.00625 0.0046875
0 0.6302083333333334 0.42265625 0.0020833333333333333 0.0015625
0 0.221875 0.41796875 0.00625 0.0109375
0 0.234375 0.403125 0.010416666666666666 0.00625
0 0.3177083333333333 0.39765625 0.0020833333333333333 0.0015625
0 0.45416666666666666 0.396875 0.008333333333333333 0.00625
0 0.4270833333333333 0.39765625 0.0375 0.0140625
0 0.86875 0.39140625 0.004166666666666667 0.0046875
0 0.9302083333333333 0.384375 0.014583333333333334 0.0125
0 0.38645833333333335 0.3765625 0.00625 0.003125
0 0.4010416666666667 0.37265625 0.0020833333333333333 0.0015625
0 0.23020833333333332 0.37265625 0.0020833333333333333 0.0015625
0 0.21145833333333333 0.37265625 0.0020833333333333333 0.0015625
0 0.74375 0.36640625 0.004166666666666667 0.0015625
0 0.39479166666666665 0.36484375 0.00625 0.0078125
0 0.6979166666666666 0.35859375 0.004166666666666667 0.0046875
0 0.9458333333333333 0.353125 0.004166666666666667 0.00625
0 0.28541666666666665 0.35078125 0.0125 0.0078125
0 0.746875 0.35078125 0.04375 0.0171875
0 0.365625 0.3609375 0.022916666666666665 0.0375
0 0.775 0.3421875 0.008333333333333333 0.0125
0 0.78125 0.32265625 0.004166666666666667 0.0015625
0 0.7541666666666667 0.325 0.03333333333333333 0.015625
0 0.9864583333333333 0.31640625 0.0020833333333333333 0.0015625
0 0.7572916666666667 0.31171875 0.014583333333333334 0.0078125
0 0.7010416666666667 0.325 0.06875 0.0375
0 0.7385416666666667 0.3078125 0.014583333333333334 0.00625
0 0.046875 0.30390625 0.0020833333333333333 0.0015625
0 0.44479166666666664 0.30546875 0.00625 0.0078125
0 0.23020833333333332 0.3015625 0.00625 0.003125
0 0.01875 0.3015625 0.0125 0.00625
0 0.44583333333333336 0.29140625 0.004166666666666667 0.0015625
0 0.21666666666666667 0.2875 0.008333333333333333 0.00625
0 0.221875 0.28359375 0.0020833333333333333 0.0015625
0 0.9427083333333334 0.27734375 0.0020833333333333333 0.0046875
0 0.9989583333333333 0.27421875 0.0020833333333333333 0.0015625
0 0.37083333333333335 0.27890625 0.0125 0.0109375
0 0.6020833333333333 0.27578125 0.020833333333333332 0.0109375
0 0.215625 0.27265625 0.010416666666666666 0.0046875
0 0.20208333333333334 0.26484375 0.004166666666666667 0.0046875
0 0.19583333333333333 0.26015625 0.004166666666666667 0.0015625
0 0.940625 0.26328125 0.010416666666666666 0.0140625
0 0.94375 0.25390625 0.004166666666666667 0.0015625
0 0.6770833333333334 0.25625 0.016666666666666666 0.009375
0 0.9666666666666667 0.25078125 0.004166666666666667 0.0015625
0 0.2625 0.2796875 0.05 0.059375
0 0.36354166666666665 0.259375 0.014583333333333334 0.021875
0 0.940625 0.24296875 0.0020833333333333333 0.0015625
0 0.3177083333333333 0.24140625 0.0020833333333333333 0.0015625
0 0.31354166666666666 0.24140625 0.0020833333333333333 0.0015625
0 0.325 0.240625 0.004166666666666667 0.003125
0 0.303125 0.24375 0.010416666666666666 0.009375
0 0.9979166666666667 0.240625 0.004166666666666667 0.00625
0 0.6666666666666666 0.24453125 0.008333333333333333 0.0140625
0 0.9333333333333333 0.24296875 0.008333333333333333 0.0140625
0 0.2708333333333333 0.2390625 0.025 0.015625
0 0.453125 0.240625 0.01875 0.025
0 0.9677083333333333 0.22421875 0.0020833333333333333 0.0015625
0 0.9427083333333334 0.21640625 0.0020833333333333333 0.0015625
0 0.665625 0.21484375 0.0020833333333333333 0.0015625
0 0.696875 0.23359375 0.06875 0.0515625
0 0.9666666666666667 0.20859375 0.016666666666666666 0.0109375
0 0.665625 0.20703125 0.00625 0.0109375
0 0.9197916666666667 0.20078125 0.0020833333333333333 0.0015625
0 0.478125 0.19765625 0.0020833333333333333 0.0015625
0 0.803125 0.196875 0.0020833333333333333 0.003125
0 0.8947916666666667 0.19140625 0.010416666666666666 0.0046875
0 0.13333333333333333 0.190625 0.008333333333333333 0.00625
0 0.7927083333333333 0.18671875 0.014583333333333334 0.0078125
0 0.9489583333333333 0.17734375 0.0020833333333333333 0.0015625
0 0.9614583333333333 0.17578125 0.0020833333333333333 0.0015625
0 0.9927083333333333 0.17421875 0.0020833333333333333 0.0015625
0 0.9729166666666667 0.20859375 0.05416666666666667 0.0734375
0 0.9989583333333333 0.16953125 0.0020833333333333333 0.0015625
0 0.9864583333333333 0.16953125 0.0020833333333333333 0.0015625
0 0.9489583333333333 0.16953125 0.0020833333333333333 0.0015625
0 0.94375 0.171875 0.004166666666666667 0.00625
0 0.45729166666666665 0.1703125 0.014583333333333334 0.009375
0 0.984375 0.16484375 0.00625 0.0046875
0 0.9979166666666667 0.1625 0.004166666666666667 0.003125
0 0.959375 0.16171875 0.0020833333333333333 0.0015625
0 0.9114583333333334 0.16015625 0.0020833333333333333 0.0015625
0 0.934375 0.15859375 0.0020833333333333333 0.0015625
0 0.971875 0.15546875 0.0020833333333333333 0.0015625
0 0.8958333333333334 0.15546875 0.004166666666666667 0.0015625
0 0.4739583333333333 0.16328125 0.01875 0.0171875
0 0.6739583333333333 0.15390625 0.0020833333333333333 0.0015625
0 0.9677083333333333 0.15078125 0.0020833333333333333 0.0015625
0 0.9354166666666667 0.153125 0.004166666666666667 0.00625
0 0.7635416666666667 0.15078125 0.0020833333333333333 0.0015625
0 0.403125 0.20625 0.13541666666666666 0.1125
0 0.7760416666666666 0.15234375 0.00625 0.0078125
0 0.8989583333333333 0.14765625 0.0020833333333333333 0.0015625
0 0.9739583333333334 0.14609375 0.0020833333333333333 0.0015625
0 0.9989583333333333 0.14453125 0.0020833333333333333 0.0015625
0 0.95 0.1484375 0.0125 0.009375
0 0.9677083333333333 0.14296875 0.0020833333333333333 0.0015625
0 0.9114583333333334 0.14296875 0.0020833333333333333 0.0015625
0 0.6760416666666667 0.14140625 0.0020833333333333333 0.0015625
0 0.66875 0.13828125 0.004166666666666667 0.0046875
0 0.9947916666666666 0.13046875 0.0020833333333333333 0.0015625
0 0.9385416666666667 0.12890625 0.0020833333333333333 0.0015625
0 0.5104166666666666 0.1296875 0.008333333333333333 0.00625
0 0.384375 0.128125 0.0020833333333333333 0.003125
0 0.9833333333333333 0.12578125 0.008333333333333333 0.0015625
0 0.759375 0.1390625 0.06458333333333334 0.028125
0 0.8802083333333334 0.12421875 0.0020833333333333333 0.0015625
0 0.9833333333333333 0.12265625 0.008333333333333333 0.0015625
0 0.5927083333333333 0.12265625 0.00625 0.0015625
0 0.5614583333333333 0.12265625 0.0020833333333333333 0.0015625
0 0.765625 0.12109375 0.0020833333333333333 0.0015625
0 0.759375 0.121875 0.0020833333333333333 0.003125
0 0.7458333333333333 0.12109375 0.004166666666666667 0.0015625
0 0.9614583333333333 0.121875 0.010416666666666666 0.00625
0 0.9520833333333333 0.11953125 0.004166666666666667 0.0015625
0 0.90625 0.121875 0.0125 0.00625
0 0.753125 0.1203125 0.00625 0.003125
0 0.65625 0.1390625 0.029166666666666667 0.040625
0 0.9385416666666667 0.11796875 0.0020833333333333333 0.0015625
0 0.6614583333333334 0.11796875 0.0020833333333333333 0.0015625
0 0.41770833333333335 0.11484375 0.0020833333333333333 0.0015625
0 0.7427083333333333 0.11640625 0.01875 0.0078125
0 0.753125 0.11015625 0.0020833333333333333 0.0015625
0 0.5635416666666667 0.11015625 0.0020833333333333333 0.0015625
0 0.9947916666666666 0.10859375 0.0020833333333333333 0.0015625
0 0.978125 0.10859375 0.0020833333333333333 0.0015625
0 0.7427083333333333 0.10859375 0.0020833333333333333 0.0015625
0 0.54375 0.14609375 0.06666666666666667 0.0765625
0 0.5416666666666666 0.10703125 0.004166666666666667 0.0015625
0 0.9229166666666667 0.10703125 0.004166666666666667 0.0046875
0 0.884375 0.10625 0.00625 0.003125
0 0.7291666666666666 0.10703125 0.008333333333333333 0.0046875
0 0.5572916666666666 0.10390625 0.0020833333333333333 0.0015625
0 0.553125 0.10390625 0.0020833333333333333 0.0015625
0 0.6572916666666667 0.10078125 0.0020833333333333333 0.0015625
0 0.16979166666666667 0.09765625 0.0020833333333333333 0.0015625
0 0.020833333333333332 0.0953125 0.008333333333333333 0.009375
0 0.7458333333333333 0.09765625 0.025 0.0171875
0 0.640625 0.08984375 0.0020833333333333333 0.0015625
0 0.965625 0.08671875 0.0020833333333333333 0.0015625
0 0.9916666666666667 0.08828125 0.016666666666666666 0.0078125
0 0.61875 0.0859375 0.004166666666666667 0.003125
0 0.6083333333333333 0.08671875 0.0125 0.0046875
0 0.9614583333333333 0.08359375 0.0020833333333333333 0.0015625
0 0.014583333333333334 0.08828125 0.0125 0.0109375
0 0.8666666666666667 0.10234375 0.1125 0.0453125
0 0.6333333333333333 0.08203125 0.004166666666666667 0.0078125
0 0.903125 0.07890625 0.00625 0.0046875
0 0.8260416666666667 0.07734375 0.0020833333333333333 0.0015625
0 0.934375 0.07578125 0.0020833333333333333 0.0015625
0 0.6645833333333333 0.0765625 0.008333333333333333 0.00625
0 0.8875 0.07265625 0.004166666666666667 0.0015625
0 0.6552083333333333 0.0734375 0.0020833333333333333 0.003125
0 0.7375 0.07109375 0.004166666666666667 0.0046875
0 0.6802083333333333 0.0671875 0.0020833333333333333 0.003125
0 0.6385416666666667 0.06640625 0.0020833333333333333 0.0015625
0 0.7614583333333333 0.06796875 0.014583333333333334 0.0078125
0 0.640625 0.06328125 0.0020833333333333333 0.0015625
0 0.66875 0.0671875 0.0125 0.01875
0 0.21354166666666666 0.05703125 0.0020833333333333333 0.0015625
0 0.6697916666666667 0.0578125 0.00625 0.00625
0 0.9875 0.0609375 0.025 0.015625
0 0.515625 0.05234375 0.0020833333333333333 0.0046875
0 0.6260416666666667 0.05546875 0.027083333333333334 0.0140625
0 0.990625 0.04765625 0.010416666666666666 0.0046875
0 0.4375 0.08984375 0.13333333333333333 0.0890625
0 0.509375 0.046875 0.014583333333333334 0.0125
0 0.6635416666666667 0.0375 0.014583333333333334 0.00625
0 0.5552083333333333 0.0359375 0.0020833333333333333 0.003125
0 0.434375 0.021875 0.01875 0.015625
0 0.715625 0.01015625 0.0020833333333333333 0.0015625
0 0.5364583333333334 0.01015625 0.0020833333333333333 0.0015625
0 0.9385416666666667 0.00859375 0.0020833333333333333 0.0015625
0 0.7427083333333333 0.00234375 0.0020833333333333333 0.0015625
0 0.12395833333333334 0.00390625 0.00625 0.0046875
0 0.9708333333333333 0.00234375 0.008333333333333333 0.0046875
0 0.9510416666666667 0.00390625 0.01875 0.0078125
0 0.7739583333333333 0.0328125 0.12708333333333333 0.065625
0 0.5895833333333333 0.021875 0.08333333333333333 0.04375
0 0.5 0.0203125 0.06666666666666667 0.040625
0 0.41875 0.00078125 0.004166666666666667 0.0015625
0 0.1375 0.01171875 0.029166666666666667 0.0234375
1 0.42291666666666666 0.90703125 0.004166666666666667 0.0015625
1 0.290625 0.90390625 0.0020833333333333333 0.0015625
1 0.28854166666666664 0.90078125 0.0020833333333333333 0.0015625
1 0.2833333333333333 0.90078125 0.004166666666666667 0.0015625
1 0.265625 0.89609375 0.0020833333333333333 0.0015625
1 0.4322916666666667 0.89140625 0.0020833333333333333 0.0015625
1 0.428125 0.88984375 0.0020833333333333333 0.0015625
1 0.63125 0.87421875 0.004166666666666667 0.0015625
1 0.6427083333333333 0.87265625 0.00625 0.0046875
1 0.6104166666666667 0.8578125 0.004166666666666667 0.003125
1 0.615625 0.85390625 0.0020833333333333333 0.0046875
1 0.6364583333333333 0.85078125 0.00625 0.0078125
1 0.61875 0.859375 0.07083333333333333 0.03125
1 0.5552083333333333 0.84453125 0.0020833333333333333 0.0015625
1 0.54375 0.83359375 0.004166666666666667 0.0046875
1 0.340625 0.9140625 0.36875 0.171875
1 0.5427083333333333 0.82265625 0.0020833333333333333 0.0015625
1 0.5989583333333334 0.83203125 0.09791666666666667 0.0734375
1 0.325 0.79609375 0.004166666666666667 0.0046875
1 0.5541666666666667 0.78984375 0.004166666666666667 0.0046875
1 0.25625 0.7828125 0.004166666666666667 0.003125
1 0.28125 0.78046875 0.004166666666666667 0.0046875
1 0.578125 0.76953125 0.0020833333333333333 0.0015625
1 0.4739583333333333 0.76796875 0.0020833333333333333 0.0015625
1 0.225 0.77109375 0.0125 0.0109375
1 0.66875 0.76484375 0.004166666666666667 0.0046875
1 0.5760416666666667 0.7640625 0.0020833333333333333 0.003125
1 0.6770833333333334 0.7609375 0.004166666666666667 0.003125
1 0.6635416666666667 0.7515625 0.00625 0.003125
1 0.653125 0.74921875 0.0020833333333333333 0.0015625
1 0.471875 0.74765625 0.00625 0.0015625
1 0.7135416666666666 0.72890625 0.00625 0.0015625
1 0.7052083333333333 0.72890625 0.00625 0.0015625
1 0.6989583333333333 0.72734375 0.0020833333333333333 0.0015625
1 0.6604166666666667 0.72421875 0.004166666666666667 0.0015625
1 0.7114583333333333 0.7234375 0.0020833333333333333 0.003125
1 0.70625 0.72109375 0.004166666666666667 0.0015625
1 0.6802083333333333 0.70703125 0.0020833333333333333 0.0015625
1 0.6947916666666667 0.70078125 0.0020833333333333333 0.0015625
1 0.6885416666666667 0.703125 0.0020833333333333333 0.00625
1 0.2708333333333333 0.70390625 0.008333333333333333 0.0078125
1 0.6822916666666666 0.69921875 0.0020833333333333333 0.0015625
1 0.678125 0.69921875 0.0020833333333333333 0.0015625
1 0.7083333333333334 0.69296875 0.004166666666666667 0.0078125
1 0.7052083333333333 0.68671875 0.0020833333333333333 0.0015625
1 0.7072916666666667 0.703125 0.03125 0.034375
1 0.6822916666666666 0.6859375 0.0020833333333333333 0.003125
1 0.6760416666666667 0.6859375 0.00625 0.003125
1 0.6614583333333334 0.6859375 0.0020833333333333333 0.003125
1 0.703125 0.68359375 0.0020833333333333333 0.0015625
1 0.6947916666666667 0.684375 0.0020833333333333333 0.003125
1 0.66875 0.68515625 0.004166666666666667 0.0046875
1 0.7010416666666667 0.68046875 0.0020833333333333333 0.0015625
1 0.24895833333333334 0.6828125 0.022916666666666665 0.009375
1 0.6947916666666667 0.678125 0.010416666666666666 0.00625
1 0.6635416666666667 0.67578125 0.0020833333333333333 0.0015625
1 0.23229166666666667 0.67421875 0.00625 0.0046875
1 0.6875 0.6703125 0.004166666666666667 0.003125
1 0.690625 0.66796875 0.0020833333333333333 0.0015625
1 0.31354166666666666 0.66640625 0.0020833333333333333 0.0015625
1 0.6833333333333333 0.6625 0.004166666666666667 0.003125
1 0.48020833333333335 0.65859375 0.0020833333333333333 0.0015625
1 0.671875 0.65546875 0.0020833333333333333 0.0015625
1 0.21666666666666667 0.6578125 0.0125 0.015625
1 0.47708333333333336 0.6484375 0.004166666666666667 0.00625
1 0.46979166666666666 0.64453125 0.0020833333333333333 0.0015625
1 0.36354166666666665 0.63828125 0.0020833333333333333 0.0015625
1 0.46875 0.6359375 0.004166666666666667 0.003125
1 0.43125 0.63515625 0.008333333333333333 0.0078125
1 0.234375 0.63359375 0.00625 0.0046875
1 0.240625 0.63671875 0.05625 0.0296875
1 0.234375 0.61796875 0.0020833333333333333 0.0046875
1 0.2 0.61640625 0.004166666666666667 0.0015625
1 0.21041666666666667 0.61484375 0.004166666666666667 0.0015625
1 0.13645833333333332 0.60703125 0.0020833333333333333 0.0015625
1 0.790625 0.6046875 0.014583333333333334 0.003125
1 0.2635416666666667 0.60546875 0.00625 0.0046875
1 0.37083333333333335 0.60234375 0.004166666666666667 0.0046875
1 0.828125 0.59921875 0.0020833333333333333 0.0015625
1 0.12083333333333333 0.59921875 0.004166666666666667 0.0015625
1 0.634375 0.59609375 0.0020833333333333333 0.0015625
1 0.8552083333333333 0.59296875 0.0020833333333333333 0.0015625
1 0.27395833333333336 0.59140625 0.00625 0.0046875
1 0.6270833333333333 0.5796875 0.008333333333333333 0.00625
1 0.578125 0.57578125 0.0020833333333333333 0.0015625
1 0.6260416666666667 0.57265625 0.0020833333333333333 0.0015625
1 0.3625 0.575 0.004166666666666667 0.00625
1 0.628125 0.56953125 0.0020833333333333333 0.0015625
1 0.6322916666666667 0.565625 0.0020833333333333333 0.003125
1 0.634375 0.56171875 0.0020833333333333333 0.0015625
1 0.14583333333333334 0.5578125 0.004166666666666667 0.003125
1 0.14791666666666667 0.55390625 0.004166666666666667 0.0015625
1 0.5541666666666667 0.54921875 0.008333333333333333 0.0046875
1 0.14270833333333333 0.54609375 0.0020833333333333333 0.0015625
1 0.5364583333333334 0.54609375 0.010416666666666666 0.0078125
1 0.6572916666666667 0.54453125 0.010416666666666666 0.0078125
1 0.16041666666666668 0.575 0.058333333333333334 0.071875
1 0.1875 0.53046875 0.004166666666666667 0.0078125
1 0.20208333333333334 0.52734375 0.004166666666666667 0.0046875
1 0.16354166666666667 0.52578125 0.014583333333333334 0.0265625
1 0.8427083333333333 0.51171875 0.0020833333333333333 0.0015625
1 0.80625 0.5125 0.0125 0.00625
1 0.13229166666666667 0.5046875 0.0020833333333333333 0.003125
1 0.8895833333333333 0.503125 0.004166666666666667 0.003125
1 0.7614583333333333 0.49921875 0.00625 0.0046875
1 0.8645833333333334 0.4828125 0.004166666666666667 0.003125
1 0.17708333333333334 0.4875 0.04583333333333333 0.034375
1 0.15104166666666666 0.46953125 0.0020833333333333333 0.0015625
1 0.134375 0.46953125 0.0020833333333333333 0.0015625
1 0.9333333333333333 0.4875 0.016666666666666666 0.05625
1 0.14479166666666668 0.46015625 0.0020833333333333333 0.0015625
1 0.15416666666666667 0.45859375 0.004166666666666667 0.0015625
1 0.16354166666666667 0.45703125 0.0020833333333333333 0.0015625
1 0.13958333333333334 0.45625 0.004166666666666667 0.003125
1 0.17083333333333334 0.453125 0.008333333333333333 0.00625
1 0.14270833333333333 0.45078125 0.0020833333333333333 0.0015625
1 0.95 0.4546875 0.0125 0.0125
1 0.14791666666666667 0.4484375 0.004166666666666667 0.003125
1 0.134375 0.42109375 0.0020833333333333333 0.0015625
1 0.134375 0.41640625 0.0020833333333333333 0.0015625
1 0.9708333333333333 0.428125 0.058333333333333334 0.03125
1 0.153125 0.41328125 0.0020833333333333333 0.0015625
1 0.13854166666666667 0.40703125 0.0020833333333333333 0.0015625
1 0.12083333333333333 0.40546875 0.004166666666666667 0.0046875
1 0.14895833333333333 0.39765625 0.0020833333333333333 0.0015625
1 0.14479166666666668 0.39765625 0.0020833333333333333 0.0015625
1 0.7770833333333333 0.38515625 0.004166666666666667 0.0015625
1 0.115625 0.38359375 0.0020833333333333333 0.0015625
1 0.11145833333333334 0.38046875 0.0020833333333333333 0.0015625
1 0.31145833333333334 0.38125 0.010416666666666666 0.00625
1 0.109375 0.37578125 0.0020833333333333333 0.0015625
1 0.29583333333333334 0.37265625 0.008333333333333333 0.0046875
1 0.15520833333333334 0.37265625 0.0020833333333333333 0.0046875
1 0.13854166666666667 0.3734375 0.00625 0.00625
1 0.16666666666666666 0.365625 0.004166666666666667 0.003125
1 0.103125 0.3671875 0.0020833333333333333 0.00625
1 0.178125 0.36328125 0.0020833333333333333 0.0015625
1 0.16145833333333334 0.36328125 0.0020833333333333333 0.0015625
1 0.15104166666666666 0.3640625 0.0020833333333333333 0.003125
1 0.109375 0.36328125 0.0020833333333333333 0.0015625
1 0.2833333333333333 0.36484375 0.008333333333333333 0.0078125
1 0.14166666666666666 0.3625 0.0125 0.003125
1 0.12291666666666666 0.3640625 0.020833333333333332 0.009375
1 0.103125 0.3609375 0.0020833333333333333 0.003125
1 0.246875 0.35859375 0.0020833333333333333 0.0015625
1 0.16666666666666666 0.36015625 0.016666666666666666 0.0046875
1 0.15 0.35859375 0.004166666666666667 0.0015625
1 0.13229166666666667 0.35703125 0.00625 0.0015625
1 0.11666666666666667 0.35703125 0.004166666666666667 0.0015625
1 0.265625 0.35234375 0.0020833333333333333 0.0015625
1 0.38958333333333334 0.3515625 0.016666666666666666 0.00625
1 0.31875 0.34765625 0.004166666666666667 0.0015625
1 0.7979166666666667 0.346875 0.004166666666666667 0.003125
1 0.9552083333333333 0.39609375 0.08958333333333333 0.1078125
1 0.22291666666666668 0.35078125 0.041666666666666664 0.0265625
1 0.2677083333333333 0.33203125 0.0020833333333333333 0.0015625
1 0.004166666666666667 0.3296875 0.008333333333333333 0.003125
1 0.05416666666666667 0.34375 0.05 0.0375
1 0.022916666666666665 0.328125 0.020833333333333332 0.009375
1 0.27395833333333336 0.32265625 0.0020833333333333333 0.0015625
1 0.8291666666666667 0.321875 0.004166666666666667 0.003125
1 0.275 0.31875 0.004166666666666667 0.003125
1 0.28020833333333334 0.315625 0.0020833333333333333 0.003125
1 0.005208333333333333 0.31875 0.010416666666666666 0.015625
1 0.21875 0.3390625 0.10833333333333334 0.059375
1 0.06875 0.3109375 0.004166666666666667 0.003125
1 0.396875 0.30859375 0.0020833333333333333 0.0015625
1 0.05625 0.31015625 0.008333333333333333 0.0046875
1 0.0020833333333333333 0.309375 0.004166666666666667 0.003125
1 0.27395833333333336 0.309375 0.00625 0.00625
1 0.884375 0.30078125 0.0020833333333333333 0.0015625
1 0.06041666666666667 0.3015625 0.008333333333333333 0.003125
1 0.053125 0.29921875 0.0020833333333333333 0.0015625
1 0.005208333333333333 0.29921875 0.0020833333333333333 0.0015625
1 0.011458333333333333 0.29765625 0.0020833333333333333 0.0015625
1 0.03854166666666667 0.29609375 0.0020833333333333333 0.0015625
1 0.865625 0.29296875 0.0020833333333333333 0.0015625
1 0.16041666666666668 0.30390625 0.0125 0.0234375
1 0.865625 0.28515625 0.0020833333333333333 0.0015625
1 0.7979166666666667 0.284375 0.004166666666666667 0.003125
1 0.015625 0.28203125 0.0020833333333333333 0.0015625
1 0.011458333333333333 0.28203125 0.0020833333333333333 0.0015625
1 0.23645833333333333 0.28125 0.00625 0.003125
1 0.23229166666666667 0.2765625 0.0020833333333333333 0.003125
1 0.796875 0.27265625 0.0020833333333333333 0.0015625
1 0.8604166666666667 0.26953125 0.004166666666666667 0.0046875
1 0.8114583333333333 0.271875 0.010416666666666666 0.009375
1 0.796875 0.26875 0.0020833333333333333 0.003125
1 0.240625 0.2703125 0.00625 0.009375
1 0.22395833333333334 0.26640625 0.0020833333333333333 0.0015625
1 0.834375 0.26484375 0.0020833333333333333 0.0015625
1 0.8677083333333333 0.26328125 0.0020833333333333333 0.0015625
1 0.00625 0.265625 0.0125 0.00625
1 0.8104166666666667 0.26328125 0.008333333333333333 0.0046875
1 0.24375 0.2625 0.004166666666666667 0.003125
1 0.8052083333333333 0.26015625 0.0020833333333333333 0.0015625
1 0.853125 0.2609375 0.00625 0.00625
1 0.8114583333333333 0.25703125 0.0020833333333333333 0.0015625
1 0.11145833333333334 0.2703125 0.022916666666666665 0.028125
1 0.9958333333333333 0.2609375 0.008333333333333333 0.0125
1 0.8583333333333333 0.25703125 0.004166666666666667 0.0046875
1 0.21458333333333332 0.259375 0.016666666666666666 0.009375
1 0.19895833333333332 0.25390625 0.0020833333333333333 0.0015625
1 0.13541666666666666 0.2609375 0.008333333333333333 0.015625
1 0.021875 0.25390625 0.0020833333333333333 0.0015625
1 0.071875 0.25234375 0.00625 0.0015625
1 0.065625 0.25234375 0.0020833333333333333 0.0015625
1 0.8395833333333333 0.25625 0.0125 0.015625
1 0.9979166666666667 0.2484375 0.004166666666666667 0.003125
1 0.75 0.24765625 0.004166666666666667 0.0015625
1 0.3333333333333333 0.28359375 0.10833333333333334 0.0734375
1 0.7354166666666667 0.246875 0.004166666666666667 0.00625
1 0.38229166666666664 0.24765625 0.010416666666666666 0.0078125
1 0.8583333333333333 0.2453125 0.004166666666666667 0.00625
1 0.17291666666666666 0.24765625 0.04583333333333333 0.0109375
1 0.24375 0.24296875 0.004166666666666667 0.0046875
1 0.12604166666666666 0.24609375 0.010416666666666666 0.0109375
1 0.8447916666666667 0.23984375 0.0020833333333333333 0.0015625
1 0.9864583333333333 0.24453125 0.01875 0.0203125
1 0.8604166666666667 0.2359375 0.004166666666666667 0.003125
1 0.13645833333333332 0.246875 0.022916666666666665 0.028125
1 0.8739583333333333 0.23515625 0.00625 0.0140625
1 0.25104166666666666 0.22578125 0.00625 0.0015625
1 0.23854166666666668 0.2421875 0.00625 0.034375
1 0.18541666666666667 0.22265625 0.004166666666666667 0.0015625
1 0.4979166666666667 0.21796875 0.004166666666666667 0.0046875
1 0.9260416666666667 0.221875 0.010416666666666666 0.015625
1 0.5010416666666667 0.21484375 0.0020833333333333333 0.0015625
1 0.7260416666666667 0.21171875 0.0020833333333333333 0.0015625
1 0.8322916666666667 0.20859375 0.0020833333333333333 0.0015625
1 0.8625 0.209375 0.004166666666666667 0.00625
1 0.8541666666666666 0.2078125 0.004166666666666667 0.003125
1 0.3614583333333333 0.2078125 0.00625 0.003125
1 0.8833333333333333 0.21015625 0.008333333333333333 0.0109375
1 0.8385416666666666 0.20078125 0.0020833333333333333 0.0015625
1 0.8322916666666667 0.2015625 0.00625 0.003125
1 0.4979166666666667 0.20234375 0.004166666666666667 0.0046875
1 0.846875 0.19765625 0.0020833333333333333 0.0015625
1 0.828125 0.19765625 0.0020833333333333333 0.0015625
1 0.8395833333333333 0.196875 0.004166666666666667 0.003125
1 0.8239583333333333 0.19453125 0.0020833333333333333 0.0015625
1 0.9375 0.19609375 0.0125 0.0078125
1 0.18645833333333334 0.2046875 0.010416666666666666 0.028125
1 0.165625 0.19140625 0.0020833333333333333 0.0015625
1 0.16145833333333334 0.19140625 0.0020833333333333333 0.0046875
1 0.828125 0.18828125 0.0020833333333333333 0.0015625
1 0.21145833333333333 0.18828125 0.0020833333333333333 0.0015625
1 0.80625 0.190625 0.0125 0.009375
1 0.809375 0.18359375 0.0020833333333333333 0.0015625
1 0.19895833333333332 0.18359375 0.0020833333333333333 0.0015625
1 0.8125 0.1765625 0.008333333333333333 0.003125
1 0.196875 0.17890625 0.00625 0.0078125
1 0.23645833333333333 0.175 0.0020833333333333333 0.003125
1 0.1625 0.1765625 0.0125 0.00625
1 0.7989583333333333 0.16171875 0.0020833333333333333 0.0015625
1 0.9697916666666667 0.1609375 0.0020833333333333333 0.003125
1 0.9270833333333334 0.16171875 0.008333333333333333 0.0046875
1 0.8041666666666667 0.1609375 0.004166666666666667 0.003125
1 0.94375 0.153125 0.004166666666666667 0.003125
1 0.9822916666666667 0.15234375 0.00625 0.0046875
1 0.9697916666666667 0.14765625 0.00625 0.0046875
1 0.9364583333333333 0.14609375 0.00625 0.0046875
1 0.878125 0.13828125 0.0020833333333333333 0.0015625
1 0.26875 0.1375 0.004166666666666667 0.003125
1 0.878125 0.13515625 0.0020833333333333333 0.0015625
1 0.42083333333333334 0.1375 0.020833333333333332 0.0125
1 0.196875 0.134375 0.00625 0.00625
1 0.9822916666666667 0.1375 0.01875 0.015625
1 0.871875 0.1328125 0.00625 0.00625
1 0.2708333333333333 0.13359375 0.008333333333333333 0.0078125
1 0.8697916666666666 0.12734375 0.0020833333333333333 0.0015625
1 0.996875 0.12734375 0.00625 0.0046875
1 0.2552083333333333 0.12421875 0.0020833333333333333 0.0015625
1 0.34270833333333334 0.12265625 0.0020833333333333333 0.0015625
1 0.7739583333333333 0.11171875 0.0020833333333333333 0.0015625
1 0.759375 0.109375 0.00625 0.003125
1 0.065625 0.10859375 0.0020833333333333333 0.0015625
1 0.010416666666666666 0.12578125 0.020833333333333332 0.0359375
1 0.7739583333333333 0.10703125 0.0020833333333333333 0.0015625
1 0.6479166666666667 0.109375 0.0125 0.0125
1 0.25625 0.10390625 0.004166666666666667 0.0046875
1 0.8302083333333333 0.10078125 0.0020833333333333333 0.0015625
1 0.7666666666666667 0.1015625 0.004166666666666667 0.003125
1 0.23541666666666666 0.09921875 0.004166666666666667 0.0015625
1 0.24479166666666666 0.0984375 0.010416666666666666 0.003125
1 0.765625 0.09609375 0.0020833333333333333 0.0015625
1 0.9322916666666666 0.09375 0.00625 0.00625
1 0.8989583333333333 0.09140625 0.0020833333333333333 0.0015625
1 0.784375 0.09140625 0.0020833333333333333 0.0015625
1 0.5072916666666667 0.08515625 0.035416666666666666 0.0203125
1 0.6083333333333333 0.0765625 0.025 0.009375
1 0.9958333333333333 0.075 0.008333333333333333 0.009375
1 0.6385416666666667 0.075 0.010416666666666666 0.009375
1 0.33541666666666664 0.071875 0.004166666666666667 0.003125
1 0.03854166666666667 0.07421875 0.014583333333333334 0.0140625
1 0.31145833333333334 0.05859375 0.0020833333333333333 0.0015625
1 0.31145833333333334 0.05390625 0.0020833333333333333 0.0015625
1 0.40625 0.0546875 0.004166666666666667 0.00625
1 0.4354166666666667 0.075 0.03333333333333333 0.05
1 0.6541666666666667 0.05625 0.016666666666666666 0.015625
1 0.846875 0.03828125 0.0020833333333333333 0.0015625
1 0.559375 0.45 0.88125 0.83125
1 0.45208333333333334 0.0421875 0.05 0.015625
1 0.0875 0.03984375 0.020833333333333332 0.0203125
1 0.08020833333333334 0.02734375 0.0020833333333333333 0.0015625
1 0.3145833333333333 0.02109375 0.004166666666666667 0.0015625
1 0.5489583333333333 0.0234375 0.010416666666666666 0.009375
1 0.365625 0.01953125 0.0020833333333333333 0.0015625
1 0.37604166666666666 0.01796875 0.0020833333333333333 0.0015625
1 0.45729166666666665 0.02109375 0.014583333333333334 0.0171875
1 0.371875 0.01484375 0.00625 0.0046875
1 0.36770833333333336 0.01171875 0.0020833333333333333 0.0015625
1 0.3145833333333333 0.00703125 0.004166666666666667 0.0015625
1 0.5322916666666667 0.00546875 0.0020833333333333333 0.0015625
1 0.09791666666666667 0.01484375 0.0375 0.0203125
1 0.8729166666666667 0.00703125 0.008333333333333333 0.0078125
1 0.890625 0.00078125 0.0020833333333333333 0.0015625
1 0.8572916666666667 0.003125 0.01875 0.00625
1 0.8145833333333333 0.00078125 0.004166666666666667 0.0015625
1 0.8802083333333334 0.10234375 0.23958333333333334 0.2046875
1 0.671875 0.0125 0.06875 0.025
1 0.63125 0.003125 0.008333333333333333 0.00625
1 0.39895833333333336 0.00703125 0.03125 0.0140625
1 0.34791666666666665 0.00625 0.025 0.0125
1 0.209375 0.13046875 0.41875 0.2609375
1 0.18229166666666666 0.0125 0.06041666666666667 0.025
1 0.071875 0.0015625 0.00625 0.003125
1 0.028125 0.0265625 0.05625 0.053125
2 0.17395833333333333 0.99921875 0.010416666666666666 0.0015625
2 0.46875 0.9890625 0.004166666666666667 0.00625
2 0.4354166666666667 0.97421875 0.004166666666666667 0.0015625
2 0.42291666666666666 0.90703125 0.004166666666666667 0.0015625
2 0.290625 0.90390625 0.0020833333333333333 0.0015625
2 0.265625 0.89609375 0.0020833333333333333 0.0015625
2 0.47291666666666665 0.92421875 0.09166666666666666 0.0609375
2 0.5552083333333333 0.84453125 0.0020833333333333333 0.0015625
2 0.3 0.91796875 0.275 0.1640625
2 0.4895833333333333 0.82109375 0.004166666666666667 0.0046875
2 0.6 0.83671875 0.1 0.0765625
2 0.325 0.79609375 0.004166666666666667 0.0046875
2 0.48333333333333334 0.79921875 0.016666666666666666 0.0140625
2 0.3770833333333333 0.77734375 0.008333333333333333 0.0046875
2 0.49895833333333334 0.7765625 0.00625 0.009375
2 0.5760416666666667 0.7640625 0.0020833333333333333 0.003125
2 0.5302083333333333 0.809375 0.07291666666666667 0.096875
2 0.42604166666666665 0.7703125 0.035416666666666666 0.01875
2 0.48125 0.76328125 0.008333333333333333 0.0078125
2 0.24479166666666666 0.76875 0.03958333333333333 0.0375
2 0.521875 0.7578125 0.027083333333333334 0.01875
2 0.38229166666666664 0.74921875 0.0020833333333333333 0.0015625
2 0.37395833333333334 0.75 0.010416666666666666 0.003125
2 0.509375 0.75234375 0.03125 0.0140625
2 0.5114583333333333 0.7328125 0.0020833333333333333 0.003125
2 0.565625 0.7265625 0.01875 0.009375
2 0.70625 0.72109375 0.004166666666666667 0.0015625
2 0.5010416666666667 0.728125 0.014583333333333334 0.015625
2 0.6947916666666667 0.70078125 0.0020833333333333333 0.0015625
2 0.6885416666666667 0.70078125 0.0020833333333333333 0.0015625
2 0.6822916666666666 0.69921875 0.0020833333333333333 0.0015625
2 0.6385416666666667 0.696875 0.010416666666666666 0.00625
2 0.6416666666666667 0.7171875 0.12083333333333333 0.046875
2 0.6739583333333333 0.69375 0.014583333333333334 0.009375
2 0.703125 0.70234375 0.022916666666666665 0.0328125
2 0.259375 0.68671875 0.0020833333333333333 0.0015625
2 0.6822916666666666 0.6859375 0.0020833333333333333 0.003125
2 0.6760416666666667 0.6859375 0.00625 0.003125
2 0.6614583333333334 0.6859375 0.0020833333333333333 0.003125
2 0.2552083333333333 0.68515625 0.0020833333333333333 0.0015625
2 0.6947916666666667 0.684375 0.0020833333333333333 0.003125
2 0.66875 0.68515625 0.004166666666666667 0.0046875
2 0.69375 0.67890625 0.008333333333333333 0.0046875
2 0.6635416666666667 0.67578125 0.0020833333333333333 0.0015625
2 0.6552083333333333 0.68046875 0.010416666666666666 0.0140625
2 0.6572916666666667 0.67109375 0.0020833333333333333 0.0015625
2 0.6614583333333334 0.66796875 0.0020833333333333333 0.0015625
2 0.678125 0.67421875 0.027083333333333334 0.0265625
2 0.7635416666666667 0.62265625 0.0020833333333333333 0.0015625
2 0.6739583333333333 0.621875 0.022916666666666665 0.0125
2 0.76875 0.61640625 0.004166666666666667 0.0046875
2 0.7541666666666667 0.6109375 0.008333333333333333 0.00625
2 0.634375 0.59609375 0.0020833333333333333 0.0015625
2 0.7302083333333333 0.58515625 0.0020833333333333333 0.0015625
2 0.6260416666666667 0.57265625 0.0020833333333333333 0.0015625
2 0.628125 0.56953125 0.0020833333333333333 0.0015625
2 0.64375 0.5703125 0.016666666666666666 0.0125
2 0.6447916666666667 0.56171875 0.0020833333333333333 0.0015625
2 0.14270833333333333 0.56171875 0.010416666666666666 0.0109375
2 0.14791666666666667 0.55390625 0.004166666666666667 0.0015625
2 0.7385416666666667 0.56171875 0.01875 0.0203125
2 0.14270833333333333 0.54609375 0.0020833333333333333 0.0015625
2 0.13645833333333332 0.51171875 0.0020833333333333333 0.0015625
2 0.6364583333333333 0.50859375 0.0020833333333333333 0.0015625
2 0.696875 0.50703125 0.0020833333333333333 0.0015625
2 0.14270833333333333 0.48359375 0.0020833333333333333 0.0015625
2 0.15833333333333333 0.475 0.008333333333333333 0.00625
2 0.9375 0.47890625 0.008333333333333333 0.0203125
2 0.940625 0.46640625 0.0020833333333333333 0.0015625
2 0.95 0.45546875 0.008333333333333333 0.0109375
2 0.73125 0.44921875 0.004166666666666667 0.0015625
2 0.7177083333333333 0.4484375 0.0020833333333333333 0.003125
2 0.7197916666666667 0.44296875 0.0020833333333333333 0.0015625
2 0.95 0.4390625 0.008333333333333333 0.00625
2 0.13645833333333332 0.428125 0.00625 0.00625
2 0.996875 0.425 0.00625 0.009375
2 0.9666666666666667 0.425 0.016666666666666666 0.009375
2 0.146875 0.421875 0.00625 0.003125
2 0.153125 0.41328125 0.0020833333333333333 0.0015625
2 0.8677083333333333 0.41015625 0.0020833333333333333 0.0015625
2 0.13854166666666667 0.40703125 0.0020833333333333333 0.0015625
2 0.8541666666666666 0.41953125 0.025 0.0421875
2 0.8395833333333333 0.39765625 0.008333333333333333 0.0015625
2 0.14895833333333333 0.39765625 0.0020833333333333333 0.0015625
2 0.14479166666666668 0.39765625 0.0020833333333333333 0.0015625
2 0.9916666666666667 0.37890625 0.016666666666666666 0.0046875
2 0.8364583333333333 0.3765625 0.0020833333333333333 0.003125
2 0.8645833333333334 0.38828125 0.041666666666666664 0.0390625
2 0.16770833333333332 0.36875 0.00625 0.009375
2 0.8375 0.3671875 0.004166666666666667 0.009375
2 0.16145833333333334 0.36328125 0.0020833333333333333 0.0015625
2 0.035416666666666666 0.3578125 0.004166666666666667 0.00625
2 0.846875 0.353125 0.010416666666666666 0.00625
2 0.05520833333333333 0.34765625 0.027083333333333334 0.0203125
2 0.030208333333333334 0.32890625 0.0020833333333333333 0.0015625
2 0.8729166666666667 0.32734375 0.004166666666666667 0.0015625
2 0.8572916666666667 0.33828125 0.010416666666666666 0.0234375
2 0.04479166666666667 0.328125 0.00625 0.003125
2 0.025 0.32734375 0.004166666666666667 0.0015625
2 0.7802083333333333 0.31796875 0.0020833333333333333 0.0015625
2 0.005208333333333333 0.315625 0.010416666666666666 0.009375
2 0.06770833333333333 0.31015625 0.0020833333333333333 0.0015625
2 0.052083333333333336 0.30546875 0.016666666666666666 0.0078125
2 0.178125 0.29921875 0.0020833333333333333 0.0015625
2 0.011458333333333333 0.30390625 0.022916666666666665 0.0140625
2 0.7364583333333333 0.2703125 0.0020833333333333333 0.00625
2 0.22395833333333334 0.26640625 0.0020833333333333333 0.0015625
2 0.8447916666666667 0.29296875 0.027083333333333334 0.0609375
2 0.15729166666666666 0.26171875 0.0020833333333333333 0.0015625
2 0.14583333333333334 0.25859375 0.004166666666666667 0.0046875
2 0.13541666666666666 0.26015625 0.004166666666666667 0.0078125
2 0.19895833333333332 0.25390625 0.0020833333333333333 0.0015625
2 0.13854166666666667 0.25078125 0.0020833333333333333 0.0015625
2 0.23854166666666668 0.2515625 0.00625 0.009375
2 0.16770833333333332 0.24609375 0.0020833333333333333 0.0015625
2 0.16354166666666667 0.24609375 0.0020833333333333333 0.0015625
2 0.12916666666666668 0.24765625 0.004166666666666667 0.0046875
2 0.009375 0.25 0.01875 0.015625
2 0.828125 0.24765625 0.027083333333333334 0.0359375
2 0.23958333333333334 0.234375 0.004166666666666667 0.009375
2 0.8125 0.22734375 0.008333333333333333 0.0046875
2 0.821875 0.221875 0.0020833333333333333 0.003125
2 0.007291666666666667 0.2171875 0.014583333333333334 0.0125
2 0.021875 0.20859375 0.0020833333333333333 0.0015625
2 0.003125 0.2078125 0.00625 0.003125
2 0.10416666666666667 0.21171875 0.03333333333333333 0.0234375
2 0.009375 0.20078125 0.0020833333333333333 0.0015625
2 0.005208333333333333 0.20078125 0.0020833333333333333 0.0015625
2 0.07395833333333333 0.1984375 0.00625 0.003125
2 0.00625 0.19296875 0.004166666666666667 0.0015625
2 0.759375 0.19296875 0.022916666666666665 0.0140625
2 0.23645833333333333 0.19453125 0.035416666666666666 0.0234375
2 0.7979166666666667 0.19609375 0.0375 0.0296875
2 0.7770833333333333 0.18203125 0.0125 0.0046875
2 0.8416666666666667 0.17890625 0.0125 0.0109375
2 0.7822916666666667 0.17265625 0.0020833333333333333 0.0015625
2 0.3385416666666667 0.15234375 0.0020833333333333333 0.0015625
2 0.334375 0.15234375 0.0020833333333333333 0.0015625
2 0.834375 0.146875 0.00625 0.003125
2 0.35520833333333335 0.14140625 0.022916666666666665 0.0078125
2 0.2989583333333333 0.14609375 0.01875 0.0234375
2 0.31979166666666664 0.14140625 0.014583333333333334 0.0171875
2 0.35104166666666664 0.13046875 0.0020833333333333333 0.0015625
2 0.15729166666666666 0.1296875 0.00625 0.003125
2 0.765625 0.12109375 0.0020833333333333333 0.0015625
2 0.759375 0.121875 0.0020833333333333333 0.003125
2 0.753125 0.1203125 0.00625 0.003125
2 0.7427083333333333 0.10859375 0.0020833333333333333 0.0015625
2 0.11354166666666667 0.1078125 0.00625 0.003125
2 0.778125 0.103125 0.00625 0.00625
2 0.759375 0.10546875 0.014583333333333334 0.0109375
2 0.765625 0.09609375 0.0020833333333333333 0.0015625
2 0.7947916666666667 0.075 0.00625 0.003125
2 0.815625 0.07734375 0.035416666666666666 0.0109375
2 0.32395833333333335 0.05546875 0.010416666666666666 0.0015625
2 0.6958333333333333 0.04765625 0.004166666666666667 0.0015625
2 0.7145833333333333 0.04296875 0.004166666666666667 0.0015625
2 0.778125 0.03359375 0.0020833333333333333 0.0015625
2 0.2760416666666667 0.034375 0.01875 0.01875
2 0.32395833333333335 0.03671875 0.06458333333333334 0.0328125
2 0.7114583333333333 0.0203125 0.0020833333333333333 0.003125
2 0.35104166666666664 0.01796875 0.0020833333333333333 0.0015625
2 0.715625 0.01015625 0.0020833333333333333 0.0015625
2 0.8979166666666667 0.00625 0.004166666666666667 0.003125
2 0.7427083333333333 0.00234375 0.0020833333333333333 0.0015625
2 0.8635416666666667 0.0015625 0.00625 0.003125
2 0.85 0.00078125 0.004166666666666667 0.0015625
2 0.5541666666666667 0.39765625 0.8916666666666667 0.7953125
2 0.13125 0.1078125 0.2625 0.215625
