0 0.8958333333333334 0.97109375 0.004166666666666667 0.0015625
0 0.18645833333333334 0.91640625 0.0020833333333333333 0.0015625
0 0.153125 0.9140625 0.0020833333333333333 0.003125
0 0.146875 0.9140625 0.00625 0.003125
0 0.9864583333333333 0.9078125 0.010416666666666666 0.00625
0 0.9583333333333334 0.87578125 0.004166666666666667 0.0015625
0 0.9708333333333333 0.87421875 0.004166666666666667 0.0015625
0 0.8177083333333334 0.85625 0.00625 0.003125
0 0.8177083333333334 0.8515625 0.01875 0.00625
0 0.9364583333333333 0.85 0.00625 0.0125
0 0.8166666666666667 0.821875 0.004166666666666667 0.003125
0 0.71875 0.7984375 0.008333333333333333 0.009375
0 0.9697916666666667 0.7921875 0.0020833333333333333 0.003125
0 0.721875 0.7890625 0.0020833333333333333 0.003125
0 0.7197916666666667 0.78515625 0.0020833333333333333 0.0015625
0 0.203125 0.7859375 0.00625 0.00625
0 0.940625 0.74453125 0.0020833333333333333 0.0015625
0 0.9322916666666666 0.74453125 0.0020833333333333333 0.0015625
0 0.15104166666666666 0.753125 0.01875 0.025
0 0.14270833333333333 0.73671875 0.0020833333333333333 0.0015625
0 0.14895833333333333 0.73046875 0.0020833333333333333 0.0015625
0 0.834375 0.72265625 0.00625 0.0046875
0 0.7916666666666666 0.7125 0.016666666666666666 0.0125
0 0.828125 0.69921875 0.00625 0.0046875
0 0.24166666666666667 0.69921875 0.029166666666666667 0.0203125
0 0.9083333333333333 0.68671875 0.004166666666666667 0.0046875
0 0.9083333333333333 0.68203125 0.004166666666666667 0.0015625
0 0.2875 0.6765625 0.004166666666666667 0.003125
0 0.321875 0.67265625 0.0020833333333333333 0.0015625
0 0.30104166666666665 0.671875 0.00625 0.00625
0 0.81875 0.66953125 0.025 0.0171875
0 0.3020833333333333 0.6640625 0.004166666666666667 0.00625
0 0.32083333333333336 0.66015625 0.004166666666666667 0.0046875
0 0.828125 0.6453125 0.00625 0.003125
0 0.38125 0.646875 0.004166666666666667 0.00625
0 0.8010416666666667 0.64375 0.06875 0.025
0 0.3729166666666667 0.63359375 0.004166666666666667 0.0046875
0 0.3260416666666667 0.6328125 0.00625 0.003125
0 0.31979166666666664 0.63046875 0.0020833333333333333 0.0015625
0 0.9458333333333333 0.62890625 0.016666666666666666 0.0078125
0 0.8020833333333334 0.6265625 0.008333333333333333 0.003125
0 0.41770833333333335 0.63046875 0.014583333333333334 0.0109375
0 0.7947916666666667 0.625 0.0020833333333333333 0.003125
0 0.859375 0.62109375 0.0020833333333333333 0.0015625
0 0.9791666666666666 0.61875 0.004166666666666667 0.003125
0 0.8552083333333333 0.625 0.022916666666666665 0.015625
0 0.9989583333333333 0.61640625 0.0020833333333333333 0.0015625
0 0.37395833333333334 0.61640625 0.0020833333333333333 0.0015625
0 0.271875 0.621875 0.027083333333333334 0.0125
0 0.9770833333333333 0.61484375 0.004166666666666667 0.0015625
0 0.925 0.62421875 0.025 0.0203125
0 0.37916666666666665 0.615625 0.004166666666666667 0.009375
0 0.4395833333333333 0.61328125 0.0125 0.0078125
0 0.8197916666666667 0.6 0.05625 0.05
0 0.3385416666666667 0.56953125 0.0020833333333333333 0.0015625
0 0.378125 0.5671875 0.00625 0.003125
0 0.32708333333333334 0.5828125 0.08333333333333333 0.04375
0 0.9958333333333333 0.55859375 0.008333333333333333 0.0078125
0 0.9020833333333333 0.55078125 0.004166666666666667 0.0015625
0 0.08854166666666667 0.55078125 0.0020833333333333333 0.0015625
0 0.9875 0.5484375 0.008333333333333333 0.003125
0 0.8354166666666667 0.54296875 0.020833333333333332 0.0109375
0 0.803125 0.5484375 0.03125 0.025
0 0.915625 0.5328125 0.0020833333333333333 0.003125
0 0.30833333333333335 0.5390625 0.029166666666666667 0.01875
0 0.321875 0.52421875 0.00625 0.0046875
0 0.9979166666666667 0.5234375 0.004166666666666667 0.00625
0 0.33125 0.5140625 0.004166666666666667 0.003125
0 0.434375 0.525 0.04375 0.028125
0 0.40208333333333335 0.515625 0.0125 0.0125
0 0.98125 0.50546875 0.004166666666666667 0.0015625
0 0.971875 0.5078125 0.014583333333333334 0.00625
0 0.9697916666666667 0.50390625 0.0020833333333333333 0.0015625
0 0.29375 0.50859375 0.0125 0.0171875
0 0.9802083333333333 0.49765625 0.0020833333333333333 0.0015625
0 0.36354166666666665 0.5078125 0.035416666666666666 0.021875
0 0.9885416666666667 0.50078125 0.022916666666666665 0.0109375
0 0.9802083333333333 0.49140625 0.0020833333333333333 0.0015625
0 0.9625 0.49609375 0.0125 0.0171875
0 0.5395833333333333 0.48984375 0.0125 0.0078125
0 0.64375 0.4859375 0.008333333333333333 0.003125
0 0.99375 0.47421875 0.0125 0.0046875
0 0.8208333333333333 0.49375 0.05 0.05
0 0.084375 0.46171875 0.0020833333333333333 0.0015625
0 0.09270833333333334 0.45625 0.014583333333333334 0.00625
0 0.325 0.47578125 0.0625 0.0515625
0 0.8489583333333334 0.44765625 0.0020833333333333333 0.0015625
0 0.6708333333333333 0.453125 0.0125 0.0125
0 0.6583333333333333 0.4484375 0.008333333333333333 0.003125
0 0.8447916666666667 0.44609375 0.0020833333333333333 0.0015625
0 0.915625 0.44453125 0.0020833333333333333 0.0015625
0 0.54375 0.43515625 0.004166666666666667 0.0015625
0 0.95625 0.4359375 0.004166666666666667 0.00625
0 0.8302083333333333 0.43359375 0.0020833333333333333 0.0015625
0 0.540625 0.43203125 0.010416666666666666 0.0015625
0 0.20520833333333333 0.43203125 0.00625 0.0046875
0 0.8177083333333334 0.43671875 0.04375 0.0234375
0 0.25104166666666666 0.42421875 0.010416666666666666 0.0046875
0 0.08333333333333333 0.4234375 0.004166666666666667 0.003125
0 0.3489583333333333 0.42265625 0.010416666666666666 0.0046875
0 0.5052083333333334 0.42265625 0.00625 0.0078125
0 0.36875 0.43515625 0.05 0.0359375
0 0.9375 0.4171875 0.004166666666666667 0.003125
0 0.946875 0.4203125 0.035416666666666666 0.015625
0 0.096875 0.415625 0.00625 0.00625
0 0.934375 0.4125 0.0020833333333333333 0.003125
0 0.2375 0.4125 0.004166666666666667 0.003125
0 0.9364583333333333 0.40859375 0.0020833333333333333 0.0015625
0 0.38229166666666664 0.409375 0.00625 0.003125
0 0.06979166666666667 0.4109375 0.010416666666666666 0.00625
0 0.828125 0.40703125 0.00625 0.0015625
0 0.8072916666666666 0.4078125 0.03125 0.00625
0 0.415625 0.40859375 0.010416666666666666 0.0078125
0 0.0020833333333333333 0.40859375 0.004166666666666667 0.0078125
0 0.5145833333333333 0.40390625 0.004166666666666667 0.0046875
0 0.40208333333333335 0.4015625 0.004166666666666667 0.003125
0 0.3927083333333333 0.39765625 0.0020833333333333333 0.0015625
0 0.5291666666666667 0.396875 0.008333333333333333 0.003125
0 0.38125 0.39765625 0.0125 0.0046875
0 0.403125 0.38984375 0.014583333333333334 0.0109375
0 0.027083333333333334 0.38203125 0.004166666666666667 0.0015625
0 0.5135416666666667 0.38046875 0.0020833333333333333 0.0015625
0 0.03229166666666667 0.38046875 0.0020833333333333333 0.0015625
0 0.9916666666666667 0.37734375 0.004166666666666667 0.0046875
0 0.10520833333333333 0.37109375 0.0020833333333333333 0.0015625
0 0.953125 0.36640625 0.0020833333333333333 0.0015625
0 0.036458333333333336 0.36953125 0.010416666666666666 0.0078125
0 0.875 0.36953125 0.020833333333333332 0.0109375
0 0.01875 0.3734375 0.029166666666666667 0.01875
0 0.9666666666666667 0.37265625 0.029166666666666667 0.0203125
0 0.5864583333333333 0.3640625 0.0020833333333333333 0.003125
0 0.0020833333333333333 0.3640625 0.004166666666666667 0.003125
0 0.8979166666666667 0.36484375 0.008333333333333333 0.0078125
0 0.3885416666666667 0.36171875 0.0020833333333333333 0.0015625
0 0.09270833333333334 0.36171875 0.0020833333333333333 0.0015625
0 0.859375 0.3625 0.00625 0.009375
0 0.446875 0.35234375 0.0020833333333333333 0.0015625
0 0.8552083333333333 0.353125 0.0020833333333333333 0.00625
0 0.21458333333333332 0.346875 0.008333333333333333 0.003125
0 0.4583333333333333 0.3640625 0.04583333333333333 0.046875
0 0.61875 0.3390625 0.004166666666666667 0.003125
0 0.49583333333333335 0.33828125 0.008333333333333333 0.0078125
0 0.6822916666666666 0.33203125 0.0020833333333333333 0.0015625
0 0.09583333333333334 0.34765625 0.029166666666666667 0.0359375
0 0.04895833333333333 0.33046875 0.0020833333333333333 0.0015625
0 0.6791666666666667 0.34375 0.0375 0.03125
0 0.9947916666666666 0.32734375 0.0020833333333333333 0.0015625
0 0.5802083333333333 0.328125 0.0020833333333333333 0.003125
0 0.5708333333333333 0.32734375 0.0125 0.0046875
0 0.40729166666666666 0.34140625 0.052083333333333336 0.0328125
0 0.057291666666666664 0.33203125 0.01875 0.0140625
0 0.38645833333333335 0.32421875 0.0020833333333333333 0.0015625
0 0.4708333333333333 0.32734375 0.008333333333333333 0.0109375
0 0.39166666666666666 0.3234375 0.004166666666666667 0.003125
0 0.153125 0.3265625 0.03125 0.009375
0 0.028125 0.3265625 0.010416666666666666 0.009375
0 0.8989583333333333 0.32265625 0.014583333333333334 0.0046875
0 0.840625 0.32109375 0.0020833333333333333 0.0015625
0 0.46041666666666664 0.321875 0.004166666666666667 0.003125
0 0.696875 0.3265625 0.027083333333333334 0.015625
0 0.6864583333333333 0.31953125 0.0020833333333333333 0.0015625
0 0.042708333333333334 0.31640625 0.0020833333333333333 0.0015625
0 0.9145833333333333 0.31640625 0.004166666666666667 0.0046875
0 0.8604166666666667 0.33359375 0.0625 0.0421875
0 0.6697916666666667 0.31328125 0.0020833333333333333 0.0015625
0 0.465625 0.315625 0.0020833333333333333 0.00625
0 0.9989583333333333 0.3125 0.0020833333333333333 0.003125
0 0.49270833333333336 0.321875 0.014583333333333334 0.021875
0 0.9322916666666666 0.309375 0.0020833333333333333 0.003125
0 0.18854166666666666 0.30859375 0.0020833333333333333 0.0015625
0 0.20625 0.3125 0.029166666666666667 0.0125
0 0.190625 0.30546875 0.0020833333333333333 0.0015625
0 0.9916666666666667 0.3078125 0.004166666666666667 0.009375
0 0.9052083333333333 0.3890625 0.14375 0.178125
0 0.871875 0.30078125 0.0020833333333333333 0.0015625
0 0.8635416666666667 0.3015625 0.014583333333333334 0.00625
0 0.184375 0.30234375 0.010416666666666666 0.0078125
0 0.8645833333333334 0.29765625 0.004166666666666667 0.0015625
0 0.4197916666666667 0.29765625 0.0020833333333333333 0.0015625
0 0.41354166666666664 0.29765625 0.00625 0.0015625
0 0.00625 0.3 0.0125 0.00625
0 0.484375 0.3015625 0.01875 0.0125
0 0.9947916666666666 0.29765625 0.010416666666666666 0.0078125
0 0.6697916666666667 0.3015625 0.022916666666666665 0.01875
0 0.365625 0.29140625 0.0020833333333333333 0.0015625
0 0.3854166666666667 0.290625 0.0125 0.003125
0 0.5010416666666667 0.290625 0.00625 0.00625
0 0.3625 0.2890625 0.004166666666666667 0.003125
0 0.19270833333333334 0.29140625 0.010416666666666666 0.0109375
0 0.684375 0.28203125 0.0020833333333333333 0.0015625
0 0.121875 0.30234375 0.06041666666666667 0.0484375
0 0.6635416666666667 0.27734375 0.0020833333333333333 0.0015625
0 0.5677083333333334 0.28359375 0.010416666666666666 0.0140625
0 0.23333333333333334 0.28515625 0.025 0.0171875
0 0.13125 0.27734375 0.004166666666666667 0.0015625
0 0.6802083333333333 0.2765625 0.0020833333333333333 0.003125
0 0.659375 0.275 0.0020833333333333333 0.003125
0 0.6510416666666666 0.284375 0.01875 0.021875
0 0.9875 0.27734375 0.025 0.0109375
0 0.121875 0.27265625 0.0020833333333333333 0.0015625
0 0.5364583333333334 0.271875 0.0020833333333333333 0.003125
0 0.09479166666666666 0.27109375 0.010416666666666666 0.0140625
0 0.20416666666666666 0.2640625 0.004166666666666667 0.003125
0 0.013541666666666667 0.27265625 0.01875 0.0203125
0 0.6572916666666667 0.26171875 0.0020833333333333333 0.0015625
0 0.6635416666666667 0.25859375 0.0020833333333333333 0.0015625
0 0.2635416666666667 0.25703125 0.0020833333333333333 0.0015625
0 0.546875 0.259375 0.010416666666666666 0.009375
0 0.6510416666666666 0.25625 0.010416666666666666 0.009375
0 0.0125 0.25546875 0.008333333333333333 0.0078125
0 0.9989583333333333 0.25234375 0.0020833333333333333 0.0046875
0 0.503125 0.2515625 0.00625 0.003125
0 0.271875 0.253125 0.010416666666666666 0.009375
0 0.9510416666666667 0.25234375 0.010416666666666666 0.0140625
0 0.9947916666666666 0.24609375 0.0020833333333333333 0.0046875
0 0.19375 0.25390625 0.025 0.0234375
0 0.26666666666666666 0.24296875 0.016666666666666666 0.0078125
0 0.7010416666666667 0.23984375 0.00625 0.0046875
0 0.39479166666666665 0.23671875 0.0020833333333333333 0.0015625
0 0.16666666666666666 0.2390625 0.0125 0.00625
0 0.8958333333333334 0.271875 0.09583333333333334 0.078125
0 0.6427083333333333 0.23359375 0.0020833333333333333 0.0015625
0 0.059375 0.234375 0.0020833333333333333 0.003125
0 0.7635416666666667 0.23203125 0.0020833333333333333 0.0015625
0 0.9489583333333333 0.23046875 0.0020833333333333333 0.0015625
0 0.878125 0.23046875 0.0020833333333333333 0.0015625
0 0.8822916666666667 0.22890625 0.0020833333333333333 0.0015625
0 0.6333333333333333 0.2296875 0.008333333333333333 0.003125
0 0.609375 0.23046875 0.00625 0.0046875
0 0.24791666666666667 0.2296875 0.004166666666666667 0.003125
0 0.046875 0.23203125 0.01875 0.0078125
0 0.9604166666666667 0.228125 0.004166666666666667 0.003125
0 0.7427083333333333 0.22734375 0.0020833333333333333 0.0015625
0 0.034375 0.22734375 0.0020833333333333333 0.0015625
0 0.9197916666666667 0.22578125 0.0020833333333333333 0.0015625
0 0.7322916666666667 0.2265625 0.010416666666666666 0.003125
0 0.646875 0.228125 0.0020833333333333333 0.00625
0 0.9645833333333333 0.225 0.004166666666666667 0.003125
0 0.9958333333333333 0.22734375 0.008333333333333333 0.0109375
0 0.971875 0.22265625 0.0020833333333333333 0.0015625
0 0.9072916666666667 0.2203125 0.0020833333333333333 0.003125
0 0.909375 0.21640625 0.0020833333333333333 0.0015625
0 0.9010416666666666 0.21640625 0.0020833333333333333 0.0015625
0 0.6197916666666666 0.21640625 0.0020833333333333333 0.0015625
0 0.040625 0.2171875 0.014583333333333334 0.003125
0 0.534375 0.21484375 0.0020833333333333333 0.0015625
0 0.9677083333333333 0.21328125 0.00625 0.0046875
0 0.2125 0.2171875 0.020833333333333332 0.015625
0 0.046875 0.20859375 0.0020833333333333333 0.0015625
0 0.696875 0.209375 0.010416666666666666 0.00625
0 0.30104166666666665 0.21015625 0.010416666666666666 0.0078125
0 0.042708333333333334 0.20703125 0.0020833333333333333 0.0015625
0 0.9072916666666667 0.20390625 0.0020833333333333333 0.0015625
0 0.875 0.21484375 0.041666666666666664 0.0234375
0 0.04479166666666667 0.20234375 0.0020833333333333333 0.0015625
0 0.6177083333333333 0.20078125 0.0020833333333333333 0.0015625
0 0.6989583333333333 0.19921875 0.0020833333333333333 0.0015625
0 0.6364583333333333 0.1984375 0.00625 0.003125
0 0.5979166666666667 0.19765625 0.004166666666666667 0.0046875
0 0.6864583333333333 0.1984375 0.01875 0.009375
0 0.9052083333333333 0.196875 0.010416666666666666 0.009375
0 0.19791666666666666 0.19765625 0.0125 0.0140625
0 0.13020833333333334 0.1921875 0.0020833333333333333 0.003125
0 0.7677083333333333 0.18984375 0.0020833333333333333 0.0015625
0 0.703125 0.19375 0.00625 0.009375
0 0.9375 0.2125 0.05416666666666667 0.05
0 0.9114583333333334 0.18671875 0.0020833333333333333 0.0015625
0 0.5385416666666667 0.18515625 0.0020833333333333333 0.0015625
0 0.9135416666666667 0.18359375 0.0020833333333333333 0.0015625
0 0.546875 0.19609375 0.022916666666666665 0.0296875
0 0.934375 0.18203125 0.0020833333333333333 0.0046875
0 0.915625 0.18046875 0.0020833333333333333 0.0015625
0 0.909375 0.18203125 0.00625 0.0046875
0 0.9020833333333333 0.18203125 0.004166666666666667 0.0078125
0 0.23645833333333333 0.17890625 0.0020833333333333333 0.0015625
0 0.9260416666666667 0.17734375 0.0020833333333333333 0.0015625
0 0.9010416666666666 0.17578125 0.0020833333333333333 0.0015625
0 0.8916666666666667 0.18125 0.0125 0.0125
0 0.9802083333333333 0.18046875 0.01875 0.0171875
0 0.6229166666666667 0.1828125 0.020833333333333332 0.021875
0 0.20625 0.17265625 0.004166666666666667 0.0015625
0 0.8854166666666666 0.17265625 0.004166666666666667 0.0046875
0 0.9208333333333333 0.17109375 0.008333333333333333 0.0078125
0 0.09895833333333333 0.16796875 0.0020833333333333333 0.0015625
0 0.9114583333333334 0.16796875 0.00625 0.0046875
0 0.7385416666666667 0.16640625 0.0020833333333333333 0.0015625
0 0.196875 0.16640625 0.0020833333333333333 0.0015625
0 0.19270833333333334 0.1671875 0.0020833333333333333 0.003125
0 0.7822916666666667 0.16484375 0.0020833333333333333 0.0015625
0 0.7229166666666667 0.16640625 0.008333333333333333 0.0078125
0 0.578125 0.16328125 0.0020833333333333333 0.0015625
0 0.190625 0.16328125 0.0020833333333333333 0.0015625
0 0.9177083333333333 0.16171875 0.0020833333333333333 0.0015625
0 0.053125 0.16171875 0.0020833333333333333 0.0015625
0 0.9229166666666667 0.16171875 0.004166666666666667 0.0046875
0 0.73125 0.165625 0.008333333333333333 0.0125
0 0.728125 0.16015625 0.0020833333333333333 0.0015625
0 0.7239583333333334 0.16015625 0.0020833333333333333 0.0015625
0 0.653125 0.16015625 0.0020833333333333333 0.0015625
0 0.28229166666666666 0.15859375 0.00625 0.0015625
0 0.08020833333333334 0.15859375 0.0020833333333333333 0.0015625
0 0.671875 0.1578125 0.0020833333333333333 0.003125
0 0.44479166666666664 0.15703125 0.0020833333333333333 0.0015625
0 0.23229166666666667 0.15546875 0.0020833333333333333 0.0015625
0 0.934375 0.15546875 0.00625 0.0078125
0 0.78125 0.153125 0.004166666666666667 0.003125
0 0.6947916666666667 0.15234375 0.0020833333333333333 0.0015625
0 0.5697916666666667 0.153125 0.0020833333333333333 0.003125
0 0.28020833333333334 0.15390625 0.00625 0.0046875
0 0.134375 0.15234375 0.0020833333333333333 0.0015625
0 0.103125 0.15234375 0.00625 0.0015625
0 0.6802083333333333 0.15078125 0.0020833333333333333 0.0015625
0 0.575 0.15390625 0.004166666666666667 0.0078125
0 0.9197916666666667 0.15234375 0.010416666666666666 0.0078125
0 0.115625 0.14921875 0.0020833333333333333 0.0015625
0 0.06770833333333333 0.14921875 0.0020833333333333333 0.0015625
0 0.04895833333333333 0.14921875 0.0020833333333333333 0.0015625
0 0.665625 0.15 0.01875 0.00625
0 0.5875 0.15859375 0.025 0.0234375
0 0.5760416666666667 0.14765625 0.0020833333333333333 0.0015625
0 0.08854166666666667 0.14765625 0.0020833333333333333 0.0015625
0 0.078125 0.1484375 0.0020833333333333333 0.003125
0 0.91875 0.14609375 0.004166666666666667 0.0015625
0 0.9083333333333333 0.14609375 0.008333333333333333 0.0015625
0 0.609375 0.14609375 0.0020833333333333333 0.0015625
0 0.24895833333333334 0.14609375 0.0020833333333333333 0.0015625
0 0.240625 0.14609375 0.0020833333333333333 0.0015625
0 0.23645833333333333 0.14921875 0.00625 0.0078125
0 0.23020833333333332 0.16484375 0.04375 0.0390625
0 0.6614583333333334 0.14453125 0.0020833333333333333 0.0015625
0 0.24479166666666666 0.14453125 0.0020833333333333333 0.0015625
0 0.15104166666666666 0.14609375 0.00625 0.0046875
0 0.052083333333333336 0.1453125 0.004166666666666667 0.003125
0 0.9177083333333333 0.14296875 0.0020833333333333333 0.0015625
0 0.6354166666666666 0.14453125 0.004166666666666667 0.0046875
0 0.06354166666666666 0.15546875 0.027083333333333334 0.0265625
0 0.040625 0.14296875 0.0020833333333333333 0.0015625
0 0.6677083333333333 0.14140625 0.0020833333333333333 0.0015625
0 0.14895833333333333 0.14140625 0.0020833333333333333 0.0015625
0 0.6104166666666667 0.14140625 0.004166666666666667 0.0046875
0 0.057291666666666664 0.14296875 0.0020833333333333333 0.0078125
0 0.9625 0.153125 0.025 0.03125
0 0.73125 0.1390625 0.004166666666666667 0.003125
0 0.6604166666666667 0.1390625 0.008333333333333333 0.00625
0 0.15208333333333332 0.1375 0.004166666666666667 0.003125
0 0.05520833333333333 0.13671875 0.0020833333333333333 0.0015625
0 0.309375 0.13515625 0.0020833333333333333 0.0015625
0 0.15729166666666666 0.13359375 0.0020833333333333333 0.0015625
0 0.06666666666666667 0.134375 0.004166666666666667 0.003125
0 0.21145833333333333 0.13203125 0.0020833333333333333 0.0015625
0 0.059375 0.13046875 0.0020833333333333333 0.0015625
0 0.9989583333333333 0.12734375 0.0020833333333333333 0.0015625
0 0.3854166666666667 0.1328125 0.016666666666666666 0.0125
0 0.9083333333333333 0.12890625 0.016666666666666666 0.0078125
0 0.921875 0.125 0.0020833333333333333 0.003125
0 0.228125 0.125 0.0020833333333333333 0.003125
0 0.22291666666666668 0.125 0.004166666666666667 0.003125
0 0.403125 0.12265625 0.0020833333333333333 0.0015625
0 0.23645833333333333 0.1234375 0.00625 0.003125
0 0.7177083333333333 0.125 0.00625 0.0125
0 0.6885416666666667 0.125 0.014583333333333334 0.0125
0 0.5989583333333334 0.1234375 0.01875 0.009375
0 0.12083333333333333 0.13359375 0.020833333333333332 0.0328125
0 0.9 0.11484375 0.004166666666666667 0.0015625
0 0.42083333333333334 0.11640625 0.008333333333333333 0.0046875
0 0.103125 0.1171875 0.00625 0.00625
0 0.078125 0.11484375 0.0020833333333333333 0.0015625
0 0.98125 0.11328125 0.004166666666666667 0.0046875
0 0.9010416666666666 0.11171875 0.0020833333333333333 0.0015625
0 0.09895833333333333 0.11171875 0.0020833333333333333 0.0015625
0 0.9072916666666667 0.10859375 0.0020833333333333333 0.0015625
0 0.07395833333333333 0.10546875 0.0020833333333333333 0.0015625
0 0.9833333333333333 0.10546875 0.004166666666666667 0.0046875
0 0.159375 0.10390625 0.0020833333333333333 0.0015625
0 0.9291666666666667 0.11015625 0.03333333333333333 0.0203125
0 0.10729166666666666 0.10078125 0.0020833333333333333 0.0015625
0 0.5885416666666666 0.09921875 0.0020833333333333333 0.0015625
0 0.25 0.10859375 0.0125 0.0203125
0 0.15833333333333333 0.1 0.004166666666666667 0.003125
0 0.94375 0.10078125 0.008333333333333333 0.0078125
0 0.815625 0.09765625 0.0020833333333333333 0.0015625
0 0.37604166666666666 0.10234375 0.010416666666666666 0.0140625
0 0.9114583333333334 0.09453125 0.0020833333333333333 0.0015625
0 0.615625 0.11171875 0.05625 0.0359375
0 0.24270833333333333 0.09453125 0.0020833333333333333 0.0015625
0 0.7333333333333333 0.0921875 0.008333333333333333 0.003125
0 0.04479166666666667 0.08984375 0.0020833333333333333 0.0015625
0 0.234375 0.0890625 0.0020833333333333333 0.003125
0 0.065625 0.08828125 0.0020833333333333333 0.0015625
0 0.709375 0.0875 0.0020833333333333333 0.003125
0 0.071875 0.08671875 0.0020833333333333333 0.0015625
0 0.6145833333333334 0.0859375 0.004166666666666667 0.003125
0 0.915625 0.08359375 0.0020833333333333333 0.0015625
0 0.128125 0.08203125 0.0020833333333333333 0.0015625
0 0.9354166666666667 0.08046875 0.004166666666666667 0.0015625
0 0.34479166666666666 0.0796875 0.014583333333333334 0.00625
0 0.16979166666666667 0.07734375 0.0020833333333333333 0.0015625
0 0.121875 0.07734375 0.0020833333333333333 0.0015625
0 0.9979166666666667 0.07578125 0.004166666666666667 0.0046875
0 0.9604166666666667 0.075 0.004166666666666667 0.003125
0 0.9666666666666667 0.075 0.0125 0.0125
0 0.9635416666666666 0.0703125 0.0020833333333333333 0.003125
0 0.31145833333333334 0.06796875 0.0020833333333333333 0.0015625
0 0.125 0.06796875 0.004166666666666667 0.0015625
0 0.921875 0.0671875 0.0020833333333333333 0.003125
0 0.9947916666666666 0.06484375 0.0020833333333333333 0.0015625
0 0.9677083333333333 0.06484375 0.0020833333333333333 0.0015625
0 0.13541666666666666 0.06640625 0.004166666666666667 0.0046875
0 0.9729166666666667 0.06640625 0.004166666666666667 0.0078125
0 0.11770833333333333 0.06328125 0.0020833333333333333 0.0015625
0 0.33229166666666665 0.06484375 0.010416666666666666 0.0078125
0 0.04583333333333333 0.06328125 0.008333333333333333 0.0046875
0 0.7895833333333333 0.06015625 0.004166666666666667 0.0015625
0 0.9572916666666667 0.06171875 0.00625 0.0078125
0 0.534375 0.0578125 0.0020833333333333333 0.003125
0 0.11041666666666666 0.0578125 0.004166666666666667 0.003125
0 0.4010416666666667 0.05390625 0.00625 0.0046875
0 0.10625 0.053125 0.004166666666666667 0.003125
0 0.084375 0.05234375 0.0020833333333333333 0.0015625
0 0.2635416666666667 0.0515625 0.00625 0.003125
0 0.9260416666666667 0.05859375 0.027083333333333334 0.0203125
0 0.06354166666666666 0.04765625 0.0020833333333333333 0.0015625
0 0.027083333333333334 0.04765625 0.008333333333333333 0.0046875
0 0.9239583333333333 0.04375 0.0020833333333333333 0.003125
0 0.4635416666666667 0.04140625 0.0020833333333333333 0.0015625
0 0.459375 0.03984375 0.0020833333333333333 0.0015625
0 0.4552083333333333 0.03984375 0.0020833333333333333 0.0015625
0 0.4510416666666667 0.040625 0.010416666666666666 0.00625
0 0.37083333333333335 0.04375 0.008333333333333333 0.0125
0 0.04583333333333333 0.03828125 0.004166666666666667 0.0015625
0 0.0625 0.0390625 0.008333333333333333 0.00625
0 0.7614583333333333 0.03515625 0.0020833333333333333 0.0015625
0 0.196875 0.03359375 0.0020833333333333333 0.0015625
0 0.27291666666666664 0.03125 0.004166666666666667 0.003125
0 0.21979166666666666 0.03203125 0.0020833333333333333 0.0046875
0 0.946875 0.02890625 0.00625 0.0015625
0 0.8010416666666667 0.02890625 0.0020833333333333333 0.0015625
0 0.796875 0.02890625 0.0020833333333333333 0.0015625
0 0.45208333333333334 0.0296875 0.0125 0.003125
0 0.153125 0.02890625 0.0020833333333333333 0.0015625
0 0.9729166666666667 0.03671875 0.016666666666666666 0.0203125
0 0.7927083333333333 0.02734375 0.0020833333333333333 0.0015625
0 0.10520833333333333 0.02734375 0.0020833333333333333 0.0015625
0 0.04479166666666667 0.02734375 0.0020833333333333333 0.0015625
0 0.040625 0.02734375 0.0020833333333333333 0.0015625
0 0.946875 0.02578125 0.0020833333333333333 0.0015625
0 0.8239583333333333 0.0265625 0.00625 0.003125
0 0.9552083333333333 0.02421875 0.0020833333333333333 0.0015625
0 0.7166666666666667 0.025 0.004166666666666667 0.003125
0 0.17916666666666667 0.025 0.004166666666666667 0.003125
0 0.103125 0.02265625 0.0020833333333333333 0.0015625
0 0.08333333333333333 0.0234375 0.004166666666666667 0.003125
0 0.9572916666666667 0.02109375 0.0020833333333333333 0.0015625
0 0.19375 0.02734375 0.0125 0.0140625
0 0.30104166666666665 0.01953125 0.0020833333333333333 0.0015625
0 0.27395833333333336 0.025 0.014583333333333334 0.015625
0 0.1375 0.0375 0.06666666666666667 0.040625
0 0.9510416666666667 0.01640625 0.00625 0.0046875
0 0.5864583333333333 0.01171875 0.0020833333333333333 0.0015625
0 0.946875 0.0109375 0.0020833333333333333 0.003125
0 0.7770833333333333 0.01015625 0.004166666666666667 0.0046875
0 0.071875 0.0109375 0.00625 0.00625
0 0.7145833333333333 0.00859375 0.004166666666666667 0.0046875
0 0.38645833333333335 0.00546875 0.0020833333333333333 0.0015625
0 0.365625 0.00390625 0.0020833333333333333 0.0015625
0 0.3614583333333333 0.00390625 0.0020833333333333333 0.0015625
0 0.26979166666666665 0.00234375 0.0020833333333333333 0.0015625
0 0.9989583333333333 0.00078125 0.0020833333333333333 0.0015625
0 0.9729166666666667 0.00078125 0.004166666666666667 0.0015625
0 0.965625 0.00078125 0.0020833333333333333 0.0015625
0 0.7375 0.0078125 0.03333333333333333 0.015625
0 0.671875 0.0015625 0.00625 0.003125
0 0.6635416666666667 0.00234375 0.00625 0.0046875
0 0.384375 0.009375 0.022916666666666665 0.01875
0 0.25625 0.0015625 0.004166666666666667 0.003125
0 0.08229166666666667 0.00078125 0.0020833333333333333 0.0015625
1 0.28854166666666664 0.9984375 0.0020833333333333333 0.003125
1 0.28125 0.9984375 0.004166666666666667 0.003125
1 0.21875 0.9984375 0.004166666666666667 0.003125
1 0.921875 0.99765625 0.00625 0.0046875
1 0.9177083333333333 0.99453125 0.0020833333333333333 0.0015625
1 0.29270833333333335 0.99453125 0.0020833333333333333 0.0015625
1 0.26145833333333335 0.99296875 0.0020833333333333333 0.0015625
1 0.27708333333333335 0.99296875 0.004166666666666667 0.0046875
1 0.24479166666666666 0.99140625 0.0020833333333333333 0.0015625
1 0.24270833333333333 0.98359375 0.0020833333333333333 0.0015625
1 0.8802083333333334 0.98203125 0.0020833333333333333 0.0015625
1 0.28020833333333334 0.98203125 0.0020833333333333333 0.0015625
1 0.253125 0.98203125 0.0020833333333333333 0.0015625
1 0.23854166666666668 0.98203125 0.0020833333333333333 0.0015625
1 0.9927083333333333 0.98046875 0.0020833333333333333 0.0015625
1 0.915625 0.9796875 0.0020833333333333333 0.003125
1 0.9885416666666667 0.97734375 0.0020833333333333333 0.0015625
1 0.9072916666666667 0.97578125 0.00625 0.0015625
1 0.26458333333333334 0.9765625 0.004166666666666667 0.003125
1 0.22604166666666667 0.97890625 0.010416666666666666 0.0078125
1 0.9239583333333333 0.97421875 0.0020833333333333333 0.0015625
1 0.9177083333333333 0.97421875 0.00625 0.0015625
1 0.884375 0.97421875 0.0020833333333333333 0.0015625
1 0.284375 0.97421875 0.0020833333333333333 0.0015625
1 0.23645833333333333 0.9765625 0.014583333333333334 0.00625
1 0.9979166666666667 0.9734375 0.004166666666666667 0.003125
1 0.29270833333333335 0.97265625 0.0020833333333333333 0.0015625
1 0.22604166666666667 0.97265625 0.0020833333333333333 0.0015625
1 0.28854166666666664 0.97109375 0.0020833333333333333 0.0015625
1 0.284375 0.97109375 0.0020833333333333333 0.0015625
1 0.27291666666666664 0.9734375 0.008333333333333333 0.00625
1 0.8822916666666667 0.9703125 0.0020833333333333333 0.003125
1 0.19583333333333333 0.97109375 0.016666666666666666 0.0046875
1 0.253125 0.96796875 0.0020833333333333333 0.0015625
1 0.990625 0.96953125 0.00625 0.0078125
1 0.8677083333333333 0.96484375 0.0020833333333333333 0.0015625
1 0.24895833333333334 0.9640625 0.0020833333333333333 0.003125
1 0.23854166666666668 0.96171875 0.0020833333333333333 0.0015625
1 0.22083333333333333 0.96484375 0.008333333333333333 0.0078125
1 0.8822916666666667 0.96015625 0.0020833333333333333 0.0015625
1 0.228125 0.96015625 0.0020833333333333333 0.0015625
1 0.865625 0.95703125 0.0020833333333333333 0.0015625
1 0.996875 0.9625 0.00625 0.015625
1 0.9010416666666666 0.95546875 0.0020833333333333333 0.0015625
1 0.896875 0.95546875 0.0020833333333333333 0.0015625
1 0.8729166666666667 0.9578125 0.008333333333333333 0.00625
1 0.8614583333333333 0.95546875 0.0020833333333333333 0.0015625
1 0.16666666666666666 0.95859375 0.004166666666666667 0.0078125
1 0.9145833333333333 0.9546875 0.004166666666666667 0.003125
1 0.8916666666666667 0.95390625 0.004166666666666667 0.0015625
1 0.340625 0.95390625 0.0020833333333333333 0.0015625
1 0.9666666666666667 0.959375 0.008333333333333333 0.015625
1 0.184375 0.9578125 0.027083333333333334 0.0125
1 0.8802083333333334 0.94921875 0.0020833333333333333 0.0015625
1 0.19791666666666666 0.95 0.004166666666666667 0.003125
1 0.9989583333333333 0.94765625 0.0020833333333333333 0.0015625
1 0.884375 0.94765625 0.0020833333333333333 0.0015625
1 0.37395833333333334 0.9484375 0.0020833333333333333 0.003125
1 0.8760416666666667 0.946875 0.0020833333333333333 0.003125
1 0.853125 0.94609375 0.0020833333333333333 0.0015625
1 0.184375 0.94765625 0.010416666666666666 0.0046875
1 0.9572916666666667 0.94453125 0.0020833333333333333 0.0046875
1 0.14895833333333333 0.94140625 0.0020833333333333333 0.0015625
1 0.9854166666666667 0.9515625 0.020833333333333332 0.025
1 0.8729166666666667 0.94140625 0.004166666666666667 0.0078125
1 0.8645833333333334 0.93984375 0.008333333333333333 0.0046875
1 0.83125 0.93828125 0.004166666666666667 0.0015625
1 0.8854166666666666 0.93671875 0.004166666666666667 0.0015625
1 0.9885416666666667 0.93671875 0.00625 0.0046875
1 0.965625 0.934375 0.0020833333333333333 0.003125
1 0.9552083333333333 0.9328125 0.0020833333333333333 0.003125
1 0.921875 0.940625 0.022916666666666665 0.021875
1 0.16145833333333334 0.92734375 0.0020833333333333333 0.0015625
1 0.95 0.9328125 0.0125 0.015625
1 0.9302083333333333 0.9234375 0.0020833333333333333 0.003125
1 0.9510416666666667 0.91796875 0.0020833333333333333 0.0015625
1 0.9510416666666667 0.91484375 0.0020833333333333333 0.0015625
1 0.9385416666666667 0.91484375 0.0020833333333333333 0.0015625
1 0.9333333333333333 0.91953125 0.008333333333333333 0.0109375
1 0.9302083333333333 0.91171875 0.00625 0.0015625
1 0.3697916666666667 0.91171875 0.0020833333333333333 0.0015625
1 0.3697916666666667 0.90703125 0.0020833333333333333 0.0015625
1 0.803125 0.8984375 0.0020833333333333333 0.003125
1 0.94375 0.903125 0.016666666666666666 0.015625
1 0.396875 0.89609375 0.0020833333333333333 0.0015625
1 0.8510416666666667 0.89453125 0.0020833333333333333 0.0015625
1 0.9385416666666667 0.89296875 0.0020833333333333333 0.0015625
1 0.7927083333333333 0.89140625 0.0020833333333333333 0.0046875
1 0.7885416666666667 0.88984375 0.0020833333333333333 0.0015625
1 0.775 0.88984375 0.004166666666666667 0.0015625
1 0.328125 0.88828125 0.0020833333333333333 0.0015625
1 0.34479166666666666 0.88671875 0.0020833333333333333 0.0015625
1 0.34791666666666665 0.88046875 0.004166666666666667 0.0015625
1 0.76875 0.88125 0.004166666666666667 0.0125
1 0.3541666666666667 0.8765625 0.004166666666666667 0.003125
1 0.3072916666666667 0.87578125 0.0020833333333333333 0.0015625
1 0.303125 0.87265625 0.0020833333333333333 0.0015625
1 0.38229166666666664 0.86796875 0.00625 0.0046875
1 0.3885416666666667 0.8640625 0.0020833333333333333 0.003125
1 0.39479166666666665 0.86171875 0.0020833333333333333 0.0015625
1 0.378125 0.86171875 0.0020833333333333333 0.0015625
1 0.390625 0.86015625 0.0020833333333333333 0.0015625
1 0.19479166666666667 0.85703125 0.0020833333333333333 0.0015625
1 0.7364583333333333 0.85234375 0.0020833333333333333 0.0015625
1 0.965625 0.85078125 0.0020833333333333333 0.0015625
1 0.9770833333333333 0.84921875 0.004166666666666667 0.0015625
1 0.9895833333333334 0.8453125 0.004166666666666667 0.003125
1 0.29270833333333335 0.84296875 0.0020833333333333333 0.0015625
1 0.9614583333333333 0.83671875 0.0020833333333333333 0.0015625
1 0.8729166666666667 0.83515625 0.004166666666666667 0.0015625
1 0.3802083333333333 0.83515625 0.0020833333333333333 0.0015625
1 0.4010416666666667 0.8453125 0.03958333333333333 0.028125
1 0.3697916666666667 0.83359375 0.00625 0.0046875
1 0.8697916666666666 0.82578125 0.0020833333333333333 0.0015625
1 0.7260416666666667 0.82421875 0.0020833333333333333 0.0015625
1 0.8635416666666667 0.8234375 0.00625 0.003125
1 0.7041666666666667 0.8234375 0.008333333333333333 0.003125
1 0.38125 0.82265625 0.004166666666666667 0.0015625
1 0.7166666666666667 0.821875 0.0125 0.00625
1 0.9833333333333333 0.8328125 0.03333333333333333 0.03125
1 0.8697916666666666 0.81953125 0.014583333333333334 0.0046875
1 0.88125 0.8140625 0.004166666666666667 0.00625
1 0.375 0.8125 0.004166666666666667 0.003125
1 0.13645833333333332 0.80859375 0.00625 0.0046875
1 0.8489583333333334 0.80390625 0.0020833333333333333 0.0015625
1 0.14583333333333334 0.80390625 0.008333333333333333 0.0015625
1 0.14375 0.80078125 0.004166666666666667 0.0015625
1 0.840625 0.79921875 0.0020833333333333333 0.0015625
1 0.2989583333333333 0.79921875 0.0020833333333333333 0.0015625
1 0.8510416666666667 0.79765625 0.0020833333333333333 0.0015625
1 0.1375 0.79921875 0.004166666666666667 0.0046875
1 0.984375 0.80078125 0.014583333333333334 0.0109375
1 0.39479166666666665 0.79140625 0.0020833333333333333 0.0015625
1 0.7447916666666666 0.78984375 0.0020833333333333333 0.0015625
1 0.09166666666666666 0.78984375 0.004166666666666667 0.0015625
1 0.8364583333333333 0.78671875 0.0020833333333333333 0.0015625
1 0.10104166666666667 0.78828125 0.00625 0.0078125
1 0.709375 0.78046875 0.0020833333333333333 0.0015625
1 0.10416666666666667 0.77734375 0.008333333333333333 0.0046875
1 0.859375 0.771875 0.0020833333333333333 0.003125
1 0.875 0.76875 0.004166666666666667 0.003125
1 0.878125 0.76484375 0.0020833333333333333 0.0015625
1 0.8739583333333333 0.76484375 0.0020833333333333333 0.0015625
1 0.696875 0.76796875 0.00625 0.0078125
1 0.68125 0.765625 0.004166666666666667 0.003125
1 0.12395833333333334 0.76484375 0.0020833333333333333 0.0015625
1 0.8541666666666666 0.7625 0.004166666666666667 0.003125
1 0.4197916666666667 0.76171875 0.0020833333333333333 0.0015625
1 0.6760416666666667 0.76015625 0.0020833333333333333 0.0015625
1 0.8364583333333333 0.75859375 0.0020833333333333333 0.0015625
1 0.41354166666666664 0.75859375 0.0020833333333333333 0.0015625
1 0.40625 0.759375 0.004166666666666667 0.003125
1 0.11041666666666666 0.76015625 0.008333333333333333 0.0046875
1 0.6739583333333333 0.75703125 0.0020833333333333333 0.0015625
1 0.1 0.7578125 0.004166666666666667 0.003125
1 0.4479166666666667 0.75234375 0.004166666666666667 0.0015625
1 0.390625 0.7546875 0.00625 0.00625
1 0.41354166666666664 0.75078125 0.0020833333333333333 0.0015625
1 0.953125 0.74765625 0.0020833333333333333 0.0015625
1 0.39166666666666666 0.74765625 0.004166666666666667 0.0015625
1 0.7541666666666667 0.74453125 0.004166666666666667 0.0015625
1 0.746875 0.74375 0.00625 0.003125
1 0.6989583333333333 0.75703125 0.04375 0.0390625
1 0.37916666666666665 0.73515625 0.004166666666666667 0.0015625
1 0.896875 0.73203125 0.0020833333333333333 0.0015625
1 0.896875 0.72890625 0.0020833333333333333 0.0015625
1 0.12604166666666666 0.72421875 0.0020833333333333333 0.0015625
1 0.909375 0.71953125 0.0020833333333333333 0.0015625
1 0.9145833333333333 0.71875 0.004166666666666667 0.003125
1 0.7385416666666667 0.71640625 0.0020833333333333333 0.0015625
1 0.18125 0.70546875 0.004166666666666667 0.0015625
1 0.4375 0.7046875 0.008333333333333333 0.009375
1 0.9989583333333333 0.69765625 0.0020833333333333333 0.0015625
1 0.034375 0.69765625 0.0020833333333333333 0.0015625
1 0.003125 0.69765625 0.0020833333333333333 0.0015625
1 0.7927083333333333 0.69765625 0.010416666666666666 0.0078125
1 0.03229166666666667 0.69140625 0.0020833333333333333 0.0015625
1 0.019791666666666666 0.6921875 0.0020833333333333333 0.003125
1 0.011458333333333333 0.69453125 0.010416666666666666 0.0078125
1 0.0375 0.6921875 0.004166666666666667 0.00625
1 0.89375 0.6890625 0.004166666666666667 0.003125
1 0.027083333333333334 0.6890625 0.008333333333333333 0.00625
1 0.3885416666666667 0.68125 0.0020833333333333333 0.003125
1 0.7885416666666667 0.678125 0.010416666666666666 0.009375
1 0.18541666666666667 0.675 0.004166666666666667 0.003125
1 0.9666666666666667 0.675 0.004166666666666667 0.00625
1 0.7822916666666667 0.67265625 0.0020833333333333333 0.0015625
1 0.5510416666666667 0.66640625 0.0020833333333333333 0.0015625
1 0.31145833333333334 0.665625 0.0020833333333333333 0.003125
1 0.8875 0.671875 0.025 0.021875
1 0.18854166666666666 0.66015625 0.0020833333333333333 0.0015625
1 0.03125 0.6625 0.004166666666666667 0.009375
1 0.7947916666666667 0.6625 0.027083333333333334 0.0125
1 0.3104166666666667 0.659375 0.008333333333333333 0.00625
1 0.21354166666666666 0.675 0.03958333333333333 0.04375
1 0.051041666666666666 0.65390625 0.0020833333333333333 0.0015625
1 0.5052083333333334 0.65234375 0.0020833333333333333 0.0015625
1 0.565625 0.65078125 0.0020833333333333333 0.0015625
1 0.19583333333333333 0.6609375 0.025 0.021875
1 0.059375 0.65078125 0.0020833333333333333 0.0015625
1 0.06354166666666666 0.64921875 0.0020833333333333333 0.0015625
1 0.040625 0.64921875 0.0020833333333333333 0.0015625
1 0.8572916666666667 0.7046875 0.11875 0.115625
1 0.7729166666666667 0.6484375 0.004166666666666667 0.003125
1 0.7677083333333333 0.64765625 0.0020833333333333333 0.0015625
1 0.7635416666666667 0.64765625 0.0020833333333333333 0.0015625
1 0.06875 0.646875 0.004166666666666667 0.00625
1 0.05520833333333333 0.64609375 0.010416666666666666 0.0078125
1 0.9833333333333333 0.66171875 0.03333333333333333 0.0453125
1 0.8583333333333333 0.784375 0.2833333333333333 0.303125
1 0.078125 0.63828125 0.010416666666666666 0.0109375
1 0.46770833333333334 0.63203125 0.0020833333333333333 0.0015625
1 0.896875 0.6359375 0.014583333333333334 0.021875
1 0.821875 0.63203125 0.035416666666666666 0.0140625
1 0.7791666666666667 0.62421875 0.004166666666666667 0.0015625
1 0.7854166666666667 0.6234375 0.004166666666666667 0.00625
1 0.06979166666666667 0.621875 0.0020833333333333333 0.003125
1 0.33645833333333336 0.61015625 0.0020833333333333333 0.0015625
1 0.2635416666666667 0.61015625 0.0020833333333333333 0.0015625
1 0.8677083333333333 0.609375 0.0020833333333333333 0.003125
1 0.7864583333333334 0.60859375 0.0020833333333333333 0.0015625
1 0.790625 0.60703125 0.0020833333333333333 0.0015625
1 0.33645833333333336 0.60703125 0.0020833333333333333 0.0015625
1 0.8625 0.60625 0.004166666666666667 0.003125
1 0.284375 0.60390625 0.0020833333333333333 0.0015625
1 0.796875 0.603125 0.0020833333333333333 0.003125
1 0.05625 0.60234375 0.004166666666666667 0.0015625
1 0.051041666666666666 0.60234375 0.0020833333333333333 0.0015625
1 0.8697916666666666 0.60234375 0.00625 0.0046875
1 0.8052083333333333 0.60078125 0.0020833333333333333 0.0015625
1 0.090625 0.59921875 0.0020833333333333333 0.0015625
1 0.065625 0.59921875 0.0020833333333333333 0.0015625
1 0.05625 0.59921875 0.004166666666666667 0.0015625
1 0.28958333333333336 0.5984375 0.004166666666666667 0.003125
1 0.07395833333333333 0.59765625 0.0020833333333333333 0.0015625
1 0.09479166666666666 0.59609375 0.0020833333333333333 0.0015625
1 0.06770833333333333 0.59609375 0.0020833333333333333 0.0015625
1 0.8145833333333333 0.59609375 0.004166666666666667 0.0046875
1 0.8166666666666667 0.590625 0.008333333333333333 0.00625
1 0.8104166666666667 0.5875 0.004166666666666667 0.003125
1 0.09375 0.5890625 0.016666666666666666 0.00625
1 0.796875 0.58515625 0.010416666666666666 0.0078125
1 0.9197916666666667 0.57890625 0.0020833333333333333 0.0015625
1 0.8947916666666667 0.57890625 0.0020833333333333333 0.0015625
1 0.071875 0.58984375 0.03125 0.0234375
1 0.09583333333333334 0.5796875 0.008333333333333333 0.00625
1 0.08854166666666667 0.57578125 0.0020833333333333333 0.0015625
1 0.071875 0.57578125 0.0020833333333333333 0.0015625
1 0.7916666666666666 0.5734375 0.004166666666666667 0.003125
1 0.7979166666666667 0.5703125 0.004166666666666667 0.003125
1 0.9072916666666667 0.56484375 0.0020833333333333333 0.0015625
1 0.8 0.565625 0.004166666666666667 0.003125
1 0.090625 0.56328125 0.0020833333333333333 0.0015625
1 0.041666666666666664 0.62265625 0.08333333333333333 0.1234375
1 0.7947916666666667 0.559375 0.00625 0.003125
1 0.315625 0.55703125 0.0020833333333333333 0.0015625
1 0.008333333333333333 0.5578125 0.016666666666666666 0.003125
1 0.7822916666666667 0.55546875 0.0020833333333333333 0.0015625
1 0.6010416666666667 0.55546875 0.0020833333333333333 0.0015625
1 0.8427083333333333 0.56171875 0.01875 0.0171875
1 0.096875 0.55390625 0.0020833333333333333 0.0015625
1 0.090625 0.55390625 0.0020833333333333333 0.0015625
1 0.03125 0.56171875 0.029166666666666667 0.0171875
1 0.884375 0.5609375 0.027083333333333334 0.01875
1 0.965625 0.55078125 0.0020833333333333333 0.0015625
1 0.9375 0.58515625 0.125 0.0734375
1 0.9697916666666667 0.54765625 0.0020833333333333333 0.0015625
1 0.07708333333333334 0.5546875 0.025 0.015625
1 0.346875 0.54296875 0.0020833333333333333 0.0015625
1 0.029166666666666667 0.54375 0.004166666666666667 0.003125
1 0.6072916666666667 0.5421875 0.0020833333333333333 0.003125
1 0.346875 0.53984375 0.0020833333333333333 0.0015625
1 0.096875 0.53828125 0.0020833333333333333 0.0015625
1 0.090625 0.54140625 0.01875 0.0078125
1 0.07604166666666666 0.5390625 0.00625 0.003125
1 0.4041666666666667 0.5328125 0.004166666666666667 0.00625
1 0.3729166666666667 0.5453125 0.05416666666666667 0.0375
1 0.07604166666666666 0.528125 0.010416666666666666 0.003125
1 0.8041666666666667 0.5265625 0.008333333333333333 0.00625
1 0.8447916666666667 0.52265625 0.0020833333333333333 0.0015625
1 0.30416666666666664 0.52578125 0.016666666666666666 0.0078125
1 0.296875 0.52265625 0.0020833333333333333 0.0015625
1 0.08854166666666667 0.52265625 0.0020833333333333333 0.0015625
1 0.041666666666666664 0.525 0.004166666666666667 0.00625
1 0.8322916666666667 0.525 0.01875 0.009375
1 0.809375 0.52109375 0.0020833333333333333 0.0015625
1 0.3333333333333333 0.52734375 0.0125 0.0140625
1 0.2635416666666667 0.51953125 0.0020833333333333333 0.0015625
1 0.796875 0.5171875 0.0020833333333333333 0.003125
1 0.80625 0.515625 0.008333333333333333 0.00625
1 0.46770833333333334 0.51328125 0.0020833333333333333 0.0015625
1 0.028125 0.51171875 0.0020833333333333333 0.0015625
1 0.2552083333333333 0.5140625 0.010416666666666666 0.009375
1 0.7916666666666666 0.509375 0.004166666666666667 0.003125
1 0.27395833333333336 0.51484375 0.03958333333333333 0.0203125
1 0.09479166666666666 0.50234375 0.0020833333333333333 0.0015625
1 0.078125 0.50234375 0.0020833333333333333 0.0015625
1 0.9614583333333333 0.52265625 0.07708333333333334 0.0484375
1 0.7895833333333333 0.50234375 0.004166666666666667 0.0078125
1 0.653125 0.49609375 0.00625 0.0015625
1 0.3177083333333333 0.49453125 0.0020833333333333333 0.0015625
1 0.2947916666666667 0.49453125 0.0020833333333333333 0.0046875
1 0.3375 0.5046875 0.041666666666666664 0.028125
1 0.31145833333333334 0.4953125 0.010416666666666666 0.0125
1 0.796875 0.48671875 0.00625 0.0046875
1 0.06145833333333333 0.48515625 0.0020833333333333333 0.0015625
1 0.9947916666666666 0.48671875 0.010416666666666666 0.0078125
1 0.890625 0.49765625 0.03125 0.0296875
1 0.0625 0.48203125 0.004166666666666667 0.0015625
1 0.815625 0.48203125 0.022916666666666665 0.0078125
1 0.06979166666666667 0.4796875 0.00625 0.003125
1 0.4822916666666667 0.47421875 0.0020833333333333333 0.0015625
1 0.05416666666666667 0.47890625 0.004166666666666667 0.0109375
1 0.20729166666666668 0.47109375 0.0020833333333333333 0.0015625
1 0.2 0.47109375 0.004166666666666667 0.0046875
1 0.18854166666666666 0.471875 0.010416666666666666 0.00625
1 0.21875 0.465625 0.004166666666666667 0.003125
1 0.04791666666666667 0.4640625 0.008333333333333333 0.00625
1 0.8114583333333333 0.4640625 0.022916666666666665 0.009375
1 0.6760416666666667 0.46171875 0.01875 0.0109375
1 0.4895833333333333 0.4640625 0.020833333333333332 0.015625
1 0.36041666666666666 0.45625 0.0125 0.00625
1 0.8041666666666667 0.453125 0.0125 0.00625
1 0.45625 0.46328125 0.0375 0.0265625
1 0.4322916666666667 0.45234375 0.00625 0.0109375
1 0.196875 0.44765625 0.0020833333333333333 0.0015625
1 0.665625 0.44609375 0.0020833333333333333 0.0015625
1 0.7916666666666666 0.45 0.008333333333333333 0.0125
1 0.6770833333333334 0.4484375 0.0125 0.009375
1 0.06041666666666667 0.45234375 0.016666666666666666 0.0171875
1 0.215625 0.43984375 0.0020833333333333333 0.0015625
1 0.115625 0.43984375 0.0020833333333333333 0.0015625
1 0.20208333333333334 0.43828125 0.004166666666666667 0.0015625
1 0.7885416666666667 0.43828125 0.0020833333333333333 0.0046875
1 0.46979166666666666 0.43515625 0.0020833333333333333 0.0015625
1 0.7885416666666667 0.43359375 0.0020833333333333333 0.0015625
1 0.6739583333333333 0.43359375 0.0020833333333333333 0.0015625
1 0.0625 0.43203125 0.004166666666666667 0.0046875
1 0.05625 0.42890625 0.004166666666666667 0.0046875
1 0.10625 0.42734375 0.0125 0.0046875
1 0.7885416666666667 0.42578125 0.0020833333333333333 0.0046875
1 0.7927083333333333 0.42265625 0.0020833333333333333 0.0015625
1 0.8 0.4203125 0.008333333333333333 0.003125
1 0.834375 0.41953125 0.00625 0.0046875
1 0.8239583333333333 0.41953125 0.010416666666666666 0.0046875
1 0.8114583333333333 0.41953125 0.010416666666666666 0.0046875
1 0.396875 0.46484375 0.08541666666666667 0.0984375
1 0.11145833333333334 0.41484375 0.0020833333333333333 0.0015625
1 0.3645833333333333 0.41796875 0.0125 0.0109375
1 0.030208333333333334 0.41328125 0.0020833333333333333 0.0015625
1 0.334375 0.41171875 0.0020833333333333333 0.0015625
1 0.134375 0.41171875 0.0020833333333333333 0.0015625
1 0.353125 0.40859375 0.0020833333333333333 0.0015625
1 0.13229166666666667 0.40859375 0.0020833333333333333 0.0015625
1 0.40208333333333335 0.409375 0.008333333333333333 0.00625
1 0.04895833333333333 0.4125 0.014583333333333334 0.015625
1 0.953125 0.44453125 0.09375 0.0828125
1 0.16041666666666668 0.44375 0.12083333333333333 0.08125
1 0.953125 0.403125 0.010416666666666666 0.00625
1 0.35625 0.403125 0.004166666666666667 0.00625
1 0.10625 0.40546875 0.0125 0.0109375
1 0.011458333333333333 0.4 0.010416666666666666 0.003125
1 0.003125 0.39765625 0.0020833333333333333 0.0015625
1 0.31979166666666664 0.39296875 0.0020833333333333333 0.0015625
1 0.8166666666666667 0.39609375 0.03333333333333333 0.0109375
1 0.6135416666666667 0.39140625 0.0020833333333333333 0.0015625
1 0.3802083333333333 0.39140625 0.0020833333333333333 0.0015625
1 0.45208333333333334 0.40625 0.07083333333333333 0.0375
1 0.7010416666666667 0.3875 0.01875 0.00625
1 0.41770833333333335 0.384375 0.0020833333333333333 0.003125
1 0.8072916666666666 0.3828125 0.0020833333333333333 0.003125
1 0.69375 0.38203125 0.004166666666666667 0.0015625
1 0.934375 0.38671875 0.04375 0.0140625
1 0.821875 0.38359375 0.014583333333333334 0.0078125
1 0.6864583333333333 0.38125 0.00625 0.003125
1 0.33645833333333336 0.37734375 0.0020833333333333333 0.0015625
1 0.33229166666666665 0.37734375 0.0020833333333333333 0.0015625
1 0.12708333333333333 0.37734375 0.004166666666666667 0.0015625
1 0.046875 0.46953125 0.09375 0.1890625
1 0.0010416666666666667 0.37265625 0.0020833333333333333 0.0015625
1 0.421875 0.375 0.00625 0.0125
1 0.4041666666666667 0.3734375 0.0125 0.01875
1 0.6833333333333333 0.37265625 0.0625 0.0234375
1 0.11458333333333333 0.36328125 0.0125 0.0140625
1 0.8416666666666667 0.3578125 0.004166666666666667 0.00625
1 0.390625 0.35546875 0.0020833333333333333 0.0015625
1 0.840625 0.35234375 0.0020833333333333333 0.0015625
1 0.43333333333333335 0.35390625 0.004166666666666667 0.0046875
1 0.396875 0.35234375 0.00625 0.0046875
1 0.12604166666666666 0.35078125 0.0020833333333333333 0.0015625
1 0.115625 0.35234375 0.00625 0.0046875
1 0.08229166666666667 0.353125 0.010416666666666666 0.009375
1 0.8739583333333333 0.35546875 0.03125 0.0203125
1 0.37604166666666666 0.34765625 0.00625 0.0046875
1 0.6927083333333334 0.35234375 0.035416666666666666 0.0171875
1 0.6083333333333333 0.35234375 0.016666666666666666 0.0171875
1 0.27395833333333336 0.34453125 0.0020833333333333333 0.0015625
1 0.371875 0.34296875 0.0020833333333333333 0.0015625
1 0.06458333333333334 0.34609375 0.016666666666666666 0.0078125
1 0.057291666666666664 0.34296875 0.0020833333333333333 0.0015625
1 0.051041666666666666 0.34296875 0.0020833333333333333 0.0015625
1 0.890625 0.34140625 0.0020833333333333333 0.0015625
1 0.04583333333333333 0.3421875 0.004166666666666667 0.003125
1 0.24479166666666666 0.33828125 0.0020833333333333333 0.0015625
1 0.9770833333333333 0.34921875 0.04583333333333333 0.0265625
1 0.13333333333333333 0.3484375 0.020833333333333332 0.025
1 0.5135416666666667 0.3375 0.014583333333333334 0.00625
1 0.321875 0.33515625 0.0020833333333333333 0.0015625
1 0.70625 0.33671875 0.008333333333333333 0.0078125
1 0.42291666666666666 0.334375 0.0125 0.003125
1 0.7072916666666667 0.33203125 0.0020833333333333333 0.0015625
1 0.4270833333333333 0.33046875 0.004166666666666667 0.0015625
1 0.4083333333333333 0.3328125 0.0125 0.00625
1 0.7166666666666667 0.32734375 0.004166666666666667 0.0015625
1 0.40520833333333334 0.32734375 0.0020833333333333333 0.0015625
1 0.965625 0.32265625 0.00625 0.0015625
1 0.9354166666666667 0.3234375 0.004166666666666667 0.003125
1 0.4322916666666667 0.32265625 0.0020833333333333333 0.0015625
1 0.821875 0.32109375 0.0020833333333333333 0.0015625
1 0.715625 0.321875 0.00625 0.00625
1 0.39791666666666664 0.65703125 0.5791666666666667 0.6765625
1 0.39375 0.31875 0.004166666666666667 0.003125
1 0.9302083333333333 0.31875 0.00625 0.00625
1 0.07604166666666666 0.3203125 0.01875 0.0125
1 0.8552083333333333 0.31328125 0.0020833333333333333 0.0015625
1 0.7010416666666667 0.31484375 0.014583333333333334 0.0046875
1 0.37604166666666666 0.31328125 0.0020833333333333333 0.0015625
1 0.028125 0.3390625 0.05625 0.05625
1 0.8552083333333333 0.31015625 0.0020833333333333333 0.0015625
1 0.7322916666666667 0.3109375 0.0020833333333333333 0.003125
1 0.15729166666666666 0.31328125 0.010416666666666666 0.0078125
1 0.44895833333333335 0.309375 0.0020833333333333333 0.003125
1 0.18125 0.32734375 0.05416666666666667 0.0390625
1 0.9010416666666666 0.3109375 0.014583333333333334 0.009375
1 0.7302083333333333 0.30703125 0.0020833333333333333 0.0015625
1 0.7010416666666667 0.30703125 0.0020833333333333333 0.0015625
1 0.45 0.32265625 0.03333333333333333 0.0328125
1 0.7072916666666667 0.30546875 0.0020833333333333333 0.0015625
1 0.42604166666666665 0.3046875 0.0020833333333333333 0.003125
1 0.5708333333333333 0.31171875 0.025 0.0234375
1 0.721875 0.3 0.00625 0.003125
1 0.3729166666666667 0.2984375 0.008333333333333333 0.003125
1 0.14791666666666667 0.3 0.0125 0.00625
1 0.39375 0.30546875 0.03333333333333333 0.0203125
1 0.978125 0.2953125 0.00625 0.00625
1 0.4197916666666667 0.29140625 0.0020833333333333333 0.0015625
1 0.30520833333333336 0.2921875 0.00625 0.003125
1 0.6979166666666666 0.30234375 0.0375 0.0265625
1 0.47291666666666665 0.2875 0.004166666666666667 0.003125
1 0.709375 0.28515625 0.0020833333333333333 0.0015625
1 0.7208333333333333 0.2890625 0.016666666666666666 0.0125
1 0.005208333333333333 0.2875 0.010416666666666666 0.009375
1 0.48020833333333335 0.28828125 0.014583333333333334 0.0171875
1 0.23229166666666667 0.35859375 0.28541666666666665 0.1578125
1 0.46770833333333334 0.2796875 0.0020833333333333333 0.003125
1 0.40520833333333334 0.28046875 0.014583333333333334 0.0078125
1 0.7291666666666666 0.2765625 0.008333333333333333 0.003125
1 0.4010416666666667 0.27578125 0.0020833333333333333 0.0015625
1 0.7208333333333333 0.275 0.004166666666666667 0.003125
1 0.5760416666666667 0.27421875 0.0020833333333333333 0.0015625
1 0.203125 0.27421875 0.0020833333333333333 0.0015625
1 0.715625 0.27265625 0.0020833333333333333 0.0015625
1 0.5697916666666667 0.27421875 0.00625 0.0046875
1 0.20729166666666668 0.27265625 0.0020833333333333333 0.0015625
1 0.7645833333333333 0.271875 0.004166666666666667 0.003125
1 0.6125 0.29375 0.0625 0.046875
1 0.5489583333333333 0.278125 0.014583333333333334 0.015625
1 0.203125 0.27109375 0.0020833333333333333 0.0015625
1 0.209375 0.26953125 0.0020833333333333333 0.0015625
1 0.7427083333333333 0.26796875 0.00625 0.0015625
1 0.5739583333333333 0.26875 0.0020833333333333333 0.00625
1 0.38229166666666664 0.26328125 0.0020833333333333333 0.0015625
1 0.109375 0.265625 0.010416666666666666 0.00625
1 0.13958333333333334 0.2609375 0.004166666666666667 0.003125
1 0.47291666666666665 0.25859375 0.004166666666666667 0.0015625
1 0.46770833333333334 0.25859375 0.0020833333333333333 0.0015625
1 0.12604166666666666 0.25859375 0.0020833333333333333 0.0015625
1 0.7614583333333333 0.25703125 0.0020833333333333333 0.0015625
1 0.753125 0.2609375 0.00625 0.009375
1 0.46145833333333336 0.25859375 0.0020833333333333333 0.0046875
1 0.7635416666666667 0.25390625 0.0020833333333333333 0.0015625
1 0.48020833333333335 0.2578125 0.00625 0.009375
1 0.21770833333333334 0.25390625 0.0020833333333333333 0.0015625
1 0.13020833333333334 0.2609375 0.010416666666666666 0.015625
1 0.7572916666666667 0.25078125 0.0020833333333333333 0.0015625
1 0.04895833333333333 0.28359375 0.06875 0.0671875
1 0.221875 0.259375 0.01875 0.021875
1 0.22604166666666667 0.24765625 0.0020833333333333333 0.0015625
1 0.159375 0.27109375 0.035416666666666666 0.0484375
1 0.31666666666666665 0.246875 0.004166666666666667 0.003125
1 0.27291666666666664 0.26328125 0.05416666666666667 0.0359375
1 0.12395833333333334 0.24609375 0.0020833333333333333 0.0015625
1 0.4322916666666667 0.24296875 0.0020833333333333333 0.0015625
1 0.9635416666666666 0.27109375 0.07291666666666667 0.0640625
1 0.43020833333333336 0.23828125 0.00625 0.0046875
1 0.7510416666666667 0.240625 0.035416666666666666 0.0125
1 0.18958333333333333 0.234375 0.0125 0.00625
1 0.12291666666666666 0.2328125 0.004166666666666667 0.003125
1 0.93125 0.24375 0.03333333333333333 0.028125
1 0.33229166666666665 0.23671875 0.014583333333333334 0.0171875
1 0.9760416666666667 0.22734375 0.0020833333333333333 0.0015625
1 0.903125 0.234375 0.010416666666666666 0.015625
1 0.6822916666666666 0.22734375 0.00625 0.0046875
1 0.5114583333333333 0.22890625 0.00625 0.0078125
1 0.715625 0.23828125 0.03125 0.0296875
1 0.515625 0.22265625 0.0020833333333333333 0.0015625
1 0.026041666666666668 0.225 0.010416666666666666 0.00625
1 0.6947916666666667 0.2234375 0.010416666666666666 0.0125
1 0.515625 0.275 0.06041666666666667 0.115625
1 0.08958333333333333 0.2390625 0.058333333333333334 0.046875
1 0.36354166666666665 0.22265625 0.022916666666666665 0.0171875
1 0.9979166666666667 0.2140625 0.004166666666666667 0.003125
1 0.7635416666666667 0.21328125 0.0020833333333333333 0.0015625
1 0.5229166666666667 0.21328125 0.004166666666666667 0.0015625
1 0.23020833333333332 0.21171875 0.00625 0.0046875
1 0.7447916666666666 0.20859375 0.0020833333333333333 0.0015625
1 0.6010416666666667 0.21796875 0.022916666666666665 0.0203125
1 0.215625 0.20546875 0.0020833333333333333 0.0015625
1 0.6708333333333333 0.2375 0.12916666666666668 0.06875
1 0.60625 0.20390625 0.008333333333333333 0.0046875
1 0.023958333333333335 0.20234375 0.0020833333333333333 0.0015625
1 0.6489583333333333 0.203125 0.010416666666666666 0.00625
1 0.3125 0.21953125 0.10833333333333334 0.0390625
1 0.7177083333333333 0.20234375 0.010416666666666666 0.0078125
1 0.46041666666666664 0.19765625 0.0125 0.0046875
1 0.21770833333333334 0.20078125 0.014583333333333334 0.0109375
1 0.09791666666666667 0.19609375 0.004166666666666667 0.0046875
1 0.013541666666666667 0.19453125 0.0020833333333333333 0.0015625
1 0.9864583333333333 0.2 0.027083333333333334 0.015625
1 0.021875 0.19296875 0.0020833333333333333 0.0015625
1 0.896875 0.19140625 0.0020833333333333333 0.0015625
1 0.017708333333333333 0.19140625 0.0020833333333333333 0.0015625
1 0.023958333333333335 0.18828125 0.0020833333333333333 0.0015625
1 0.034375 0.18515625 0.0020833333333333333 0.0015625
1 0.011458333333333333 0.21484375 0.022916666666666665 0.0609375
1 0.036458333333333336 0.1796875 0.00625 0.003125
1 0.19166666666666668 0.1796875 0.020833333333333332 0.009375
1 0.5614583333333333 0.175 0.0020833333333333333 0.003125
1 0.040625 0.17265625 0.0020833333333333333 0.0015625
1 0.004166666666666667 0.1734375 0.004166666666666667 0.003125
1 0.96875 0.16796875 0.004166666666666667 0.0046875
1 0.634375 0.16796875 0.00625 0.0046875
1 0.5010416666666667 0.16640625 0.010416666666666666 0.0046875
1 0.7052083333333333 0.16484375 0.00625 0.0046875
1 0.9895833333333334 0.16875 0.020833333333333332 0.01875
1 0.7927083333333333 0.15859375 0.0020833333333333333 0.0015625
1 0.13541666666666666 0.16015625 0.004166666666666667 0.0078125
1 0.115625 0.1609375 0.027083333333333334 0.015625
1 0.25104166666666666 0.153125 0.0020833333333333333 0.003125
1 0.721875 0.153125 0.03958333333333333 0.0125
1 0.26666666666666666 0.14765625 0.004166666666666667 0.0015625
1 0.5104166666666666 0.14609375 0.025 0.0078125
1 0.9864583333333333 0.15 0.027083333333333334 0.021875
1 0.796875 0.13828125 0.0020833333333333333 0.0015625
1 0.7010416666666667 0.17109375 0.13541666666666666 0.0734375
1 0.6458333333333334 0.14375 0.0125 0.025
1 0.46979166666666666 0.1328125 0.0020833333333333333 0.003125
1 0.5875 0.1875 0.08333333333333333 0.115625
1 0.59375 0.134375 0.020833333333333332 0.009375
1 0.2625 0.1265625 0.004166666666666667 0.003125
1 0.029166666666666667 0.12734375 0.004166666666666667 0.0046875
1 0.61875 0.1234375 0.004166666666666667 0.003125
1 0.2552083333333333 0.1234375 0.010416666666666666 0.003125
1 0.321875 0.12109375 0.0020833333333333333 0.0015625
1 0.8072916666666666 0.121875 0.00625 0.00625
1 0.7 0.12734375 0.020833333333333332 0.0171875
1 0.5864583333333333 0.11796875 0.010416666666666666 0.0078125
1 0.0020833333333333333 0.1125 0.004166666666666667 0.00625
1 0.13958333333333334 0.121875 0.029166666666666667 0.028125
1 0.09166666666666666 0.12578125 0.03333333333333333 0.0359375
1 0.5510416666666667 0.10234375 0.0020833333333333333 0.0015625
1 0.0010416666666666667 0.096875 0.0020833333333333333 0.003125
1 0.1625 0.09453125 0.004166666666666667 0.0015625
1 0.06145833333333333 0.0953125 0.01875 0.00625
1 0.14375 0.09375 0.020833333333333332 0.00625
1 0.11770833333333333 0.09296875 0.00625 0.0046875
1 0.078125 0.08984375 0.0020833333333333333 0.0015625
1 0.09479166666666666 0.09140625 0.010416666666666666 0.0078125
1 0.8145833333333333 0.0875 0.004166666666666667 0.003125
1 0.296875 0.10703125 0.07708333333333334 0.0421875
1 0.084375 0.08984375 0.00625 0.0078125
1 0.10729166666666666 0.090625 0.010416666666666666 0.0125
1 0.08020833333333334 0.08515625 0.0020833333333333333 0.0015625
1 0.9635416666666666 0.13671875 0.07291666666666667 0.1140625
1 0.6135416666666667 0.08046875 0.0020833333333333333 0.0015625
1 0.6072916666666667 0.08203125 0.00625 0.0046875
1 0.5958333333333333 0.08671875 0.025 0.0140625
1 0.5895833333333333 0.078125 0.004166666666666667 0.003125
1 0.7552083333333334 0.0765625 0.00625 0.003125
1 0.18541666666666667 0.15390625 0.1125 0.1578125
1 0.9364583333333333 0.08515625 0.03958333333333333 0.0265625
1 0.321875 0.0765625 0.014583333333333334 0.009375
1 0.12604166666666666 0.0734375 0.0020833333333333333 0.003125
1 0.13541666666666666 0.071875 0.004166666666666667 0.003125
1 0.35520833333333335 0.07109375 0.010416666666666666 0.0078125
1 0.3614583333333333 0.06484375 0.0020833333333333333 0.0015625
1 0.903125 0.0640625 0.0020833333333333333 0.003125
1 0.359375 0.06171875 0.0020833333333333333 0.0015625
1 0.6135416666666667 0.06015625 0.0020833333333333333 0.0015625
1 0.9854166666666667 0.065625 0.0125 0.015625
1 0.290625 0.07109375 0.027083333333333334 0.0265625
1 0.3614583333333333 0.05703125 0.0020833333333333333 0.0015625
1 0.3572916666666667 0.05703125 0.0020833333333333333 0.0015625
1 0.15729166666666666 0.07109375 0.04375 0.0296875
1 0.5291666666666667 0.0515625 0.004166666666666667 0.003125
1 0.036458333333333336 0.0515625 0.010416666666666666 0.003125
1 0.31979166666666664 0.05390625 0.03125 0.0109375
1 0.8427083333333333 0.0484375 0.00625 0.003125
1 0.07395833333333333 0.04921875 0.00625 0.0046875
1 0.33229166666666665 0.04609375 0.0020833333333333333 0.0015625
1 0.05416666666666667 0.12890625 0.10833333333333334 0.1703125
1 0.9875 0.0453125 0.008333333333333333 0.00625
1 0.834375 0.04453125 0.00625 0.0046875
1 0.46145833333333336 0.053125 0.03125 0.021875
1 0.3302083333333333 0.04296875 0.0020833333333333333 0.0015625
1 0.051041666666666666 0.04453125 0.01875 0.0046875
1 0.33229166666666665 0.03984375 0.0020833333333333333 0.0015625
1 0.20104166666666667 0.04765625 0.035416666666666666 0.0171875
1 0.69375 0.0390625 0.004166666666666667 0.003125
1 0.809375 0.03671875 0.0020833333333333333 0.0015625
1 0.26979166666666665 0.04296875 0.027083333333333334 0.0171875
1 0.7104166666666667 0.0328125 0.004166666666666667 0.003125
1 0.25 0.03828125 0.008333333333333333 0.0140625
1 0.096875 0.03203125 0.0020833333333333333 0.0015625
1 0.828125 0.0328125 0.014583333333333334 0.009375
1 0.046875 0.0375 0.03958333333333333 0.01875
1 0.8447916666666667 0.02578125 0.0020833333333333333 0.0015625
1 0.24479166666666666 0.02734375 0.010416666666666666 0.0046875
1 0.24479166666666666 0.053125 0.04375 0.05625
1 0.16666666666666666 0.0296875 0.008333333333333333 0.009375
1 0.9322916666666666 0.0390625 0.04375 0.03125
1 0.296875 0.02890625 0.027083333333333334 0.0109375
1 0.3125 0.02265625 0.004166666666666667 0.0015625
1 0.2635416666666667 0.0234375 0.0020833333333333333 0.003125
1 0.24479166666666666 0.02265625 0.0020833333333333333 0.0015625
1 0.09583333333333334 0.021875 0.004166666666666667 0.00625
1 0.9364583333333333 0.0203125 0.00625 0.00625
1 0.6364583333333333 0.0203125 0.014583333333333334 0.0125
1 0.9760416666666667 0.01796875 0.010416666666666666 0.0109375
1 0.19166666666666668 0.01328125 0.016666666666666666 0.0078125
1 0.046875 0.0109375 0.00625 0.00625
1 0.246875 0.00859375 0.00625 0.0046875
1 0.13541666666666666 0.00703125 0.004166666666666667 0.0015625
1 0.990625 0.01875 0.01875 0.03125
1 0.946875 0.0015625 0.00625 0.003125
1 0.8333333333333334 0.0125 0.058333333333333334 0.025
1 0.7354166666666667 0.0703125 0.19583333333333333 0.140625
1 0.7614583333333333 0.00234375 0.014583333333333334 0.0046875
1 0.6322916666666667 0.00625 0.03125 0.0125
1 0.6072916666666667 0.0015625 0.01875 0.003125
1 0.575 0.00625 0.029166666666666667 0.0125
1 0.546875 0.009375 0.027083333333333334 0.01875
1 0.4583333333333333 0.0046875 0.008333333333333333 0.009375
1 0.446875 0.14375 0.38958333333333334 0.2875
1 0.146875 0.01015625 0.03958333333333333 0.0203125
1 0.021875 0.0125 0.04375 0.025
1 0.0020833333333333333 0.0015625 0.004166666666666667 0.003125
