0 0.4864583333333333 0.71328125 0.0020833333333333333 0.0015625
0 0.48333333333333334 0.709375 0.004166666666666667 0.003125
0 0.684375 0.61640625 0.00625 0.0015625
0 0.7010416666666667 0.61328125 0.014583333333333334 0.0046875
0 0.703125 0.60234375 0.0020833333333333333 0.0015625
0 0.721875 0.60234375 0.010416666666666666 0.0046875
0 0.7114583333333333 0.59765625 0.014583333333333334 0.0046875
0 0.6791666666666667 0.59375 0.004166666666666667 0.003125
0 0.6864583333333333 0.6015625 0.01875 0.025
0 0.7072916666666667 0.5875 0.014583333333333334 0.00625
0 0.4552083333333333 0.57890625 0.0020833333333333333 0.0015625
0 0.5364583333333334 0.5765625 0.00625 0.003125
0 0.43020833333333336 0.57578125 0.0020833333333333333 0.0015625
0 0.46770833333333334 0.57421875 0.0020833333333333333 0.0015625
0 0.5177083333333333 0.57421875 0.022916666666666665 0.0109375
0 0.44166666666666665 0.57109375 0.020833333333333332 0.0078125
0 0.54375 0.56328125 0.0125 0.0109375
0 0.478125 0.5140625 0.00625 0.009375
0 0.484375 0.50859375 0.0020833333333333333 0.0015625
0 0.4791666666666667 0.50703125 0.004166666666666667 0.0015625
0 0.671875 0.50390625 0.0020833333333333333 0.0015625
0 0.509375 0.5171875 0.03958333333333333 0.04375
0 0.4010416666666667 0.45703125 0.0020833333333333333 0.0015625
0 0.7125 0.45859375 0.025 0.0140625
0 0.690625 0.45390625 0.00625 0.0046875
0 0.575 0.46015625 0.0125 0.0203125
0 0.42916666666666664 0.45 0.004166666666666667 0.003125
0 0.7364583333333333 0.446875 0.0020833333333333333 0.003125
0 0.40520833333333334 0.4515625 0.03125 0.015625
0 0.7208333333333333 0.44609375 0.016666666666666666 0.0078125
0 0.41875 0.43828125 0.004166666666666667 0.0015625
0 0.7260416666666667 0.43671875 0.0020833333333333333 0.0015625
0 0.40729166666666666 0.43515625 0.0020833333333333333 0.0015625
0 0.40729166666666666 0.43203125 0.0020833333333333333 0.0015625
0 0.403125 0.43046875 0.0020833333333333333 0.0015625
0 0.478125 0.42890625 0.0020833333333333333 0.0015625
0 0.678125 0.42734375 0.0020833333333333333 0.0015625
0 0.7322916666666667 0.43125 0.014583333333333334 0.021875
0 0.48854166666666665 0.41953125 0.0020833333333333333 0.0015625
0 0.484375 0.41953125 0.0020833333333333333 0.0015625
0 0.6677083333333333 0.4234375 0.010416666666666666 0.0125
0 0.48854166666666665 0.41484375 0.0020833333333333333 0.0015625
0 0.690625 0.4125 0.027083333333333334 0.021875
0 0.48333333333333334 0.4046875 0.016666666666666666 0.021875
0 0.019791666666666666 0.378125 0.014583333333333334 0.003125
0 0.030208333333333334 0.37421875 0.0020833333333333333 0.0015625
0 0.31979166666666664 0.37109375 0.0020833333333333333 0.0046875
0 0.078125 0.36796875 0.0020833333333333333 0.0015625
0 0.04479166666666667 0.36640625 0.0020833333333333333 0.0015625
0 0.053125 0.36484375 0.0020833333333333333 0.0015625
0 0.08229166666666667 0.36484375 0.00625 0.0046875
0 0.041666666666666664 0.3703125 0.016666666666666666 0.015625
0 0.37604166666666666 0.36171875 0.0020833333333333333 0.0015625
0 0.071875 0.36171875 0.0020833333333333333 0.0015625
0 0.08854166666666667 0.36015625 0.0020833333333333333 0.0015625
0 0.08229166666666667 0.36015625 0.0020833333333333333 0.0015625
0 0.5770833333333333 0.359375 0.004166666666666667 0.003125
0 0.303125 0.365625 0.022916666666666665 0.015625
0 0.078125 0.35703125 0.0020833333333333333 0.0015625
0 0.546875 0.35859375 0.014583333333333334 0.0078125
0 0.03958333333333333 0.35546875 0.0125 0.0046875
0 0.596875 0.35234375 0.0020833333333333333 0.0015625
0 0.5895833333333333 0.35234375 0.004166666666666667 0.0015625
0 0.32708333333333334 0.35234375 0.0125 0.0046875
0 0.31979166666666664 0.34921875 0.0020833333333333333 0.0015625
0 0.29583333333333334 0.33359375 0.004166666666666667 0.0015625
0 0.30104166666666665 0.33046875 0.0020833333333333333 0.0015625
0 0.25104166666666666 0.33046875 0.0020833333333333333 0.0015625
0 0.303125 0.32734375 0.0020833333333333333 0.0015625
0 0.246875 0.3234375 0.0020833333333333333 0.003125
0 0.240625 0.32265625 0.0020833333333333333 0.0015625
0 0.28958333333333336 0.3203125 0.008333333333333333 0.003125
0 0.17604166666666668 0.3203125 0.0020833333333333333 0.00625
0 0.378125 0.32265625 0.022916666666666665 0.0140625
0 0.28229166666666666 0.31640625 0.0020833333333333333 0.0015625
0 0.11666666666666667 0.31015625 0.004166666666666667 0.0046875
0 0.5697916666666667 0.30390625 0.0020833333333333333 0.0015625
0 0.40520833333333334 0.303125 0.010416666666666666 0.00625
0 0.365625 0.30078125 0.0020833333333333333 0.0015625
0 0.5614583333333333 0.29921875 0.0020833333333333333 0.0015625
0 0.36875 0.296875 0.004166666666666667 0.003125
0 0.3302083333333333 0.2953125 0.00625 0.00625
0 0.121875 0.29921875 0.010416666666666666 0.0203125
0 0.22083333333333333 0.28984375 0.008333333333333333 0.0046875
0 0.21666666666666667 0.2875 0.004166666666666667 0.003125
0 0.4510416666666667 0.28515625 0.0020833333333333333 0.0015625
0 0.3260416666666667 0.28515625 0.0020833333333333333 0.0015625
0 0.21145833333333333 0.28046875 0.0020833333333333333 0.0015625
0 0.42916666666666664 0.2859375 0.025 0.015625
0 0.334375 0.28359375 0.010416666666666666 0.0109375
0 0.20729166666666668 0.27890625 0.0020833333333333333 0.0015625
0 0.534375 0.27734375 0.0020833333333333333 0.0015625
0 0.45208333333333334 0.2796875 0.004166666666666667 0.00625
0 0.44479166666666664 0.27578125 0.0020833333333333333 0.0015625
0 0.3385416666666667 0.27578125 0.010416666666666666 0.0015625
0 0.428125 0.275 0.00625 0.003125
0 0.153125 0.27109375 0.0020833333333333333 0.0015625
0 0.315625 0.2703125 0.0020833333333333333 0.003125
0 0.21770833333333334 0.26953125 0.0020833333333333333 0.0015625
0 0.46770833333333334 0.26796875 0.0020833333333333333 0.0015625
0 0.4822916666666667 0.26640625 0.0020833333333333333 0.0015625
0 0.47291666666666665 0.26640625 0.004166666666666667 0.0015625
0 0.46145833333333336 0.26640625 0.0020833333333333333 0.0015625
0 0.478125 0.26484375 0.0020833333333333333 0.0015625
0 0.46770833333333334 0.26484375 0.0020833333333333333 0.0015625
0 0.45625 0.265625 0.004166666666666667 0.003125
0 0.21354166666666666 0.2671875 0.00625 0.00625
0 0.31666666666666665 0.2640625 0.004166666666666667 0.003125
0 0.30520833333333336 0.26796875 0.014583333333333334 0.0109375
0 0.315625 0.26015625 0.0020833333333333333 0.0015625
0 0.4635416666666667 0.25859375 0.0020833333333333333 0.0015625
0 0.3572916666666667 0.25859375 0.0020833333333333333 0.0015625
0 0.33645833333333336 0.25859375 0.0020833333333333333 0.0015625
0 0.34479166666666666 0.25703125 0.010416666666666666 0.0046875
0 0.31979166666666664 0.2578125 0.0020833333333333333 0.00625
0 0.28854166666666664 0.26328125 0.01875 0.0203125
0 0.5458333333333333 0.253125 0.004166666666666667 0.00625
0 0.346875 0.25078125 0.0020833333333333333 0.0015625
0 0.340625 0.24921875 0.00625 0.0015625
0 0.5447916666666667 0.24765625 0.0020833333333333333 0.0015625
0 0.4791666666666667 0.24453125 0.016666666666666666 0.0078125
0 0.2552083333333333 0.23828125 0.0020833333333333333 0.0015625
0 0.23645833333333333 0.23828125 0.0020833333333333333 0.0015625
0 0.27291666666666664 0.2375 0.004166666666666667 0.003125
0 0.25 0.23828125 0.004166666666666667 0.0046875
0 0.23854166666666668 0.23515625 0.0020833333333333333 0.0015625
0 0.31979166666666664 0.2328125 0.0020833333333333333 0.003125
0 0.48333333333333334 0.22734375 0.0125 0.0046875
0 0.3260416666666667 0.2265625 0.0020833333333333333 0.003125
0 0.32083333333333336 0.22734375 0.004166666666666667 0.0046875
0 0.315625 0.22578125 0.0020833333333333333 0.0015625
0 0.340625 0.22421875 0.0020833333333333333 0.0015625
0 0.5291666666666667 0.2234375 0.004166666666666667 0.003125
0 0.34479166666666666 0.22265625 0.0020833333333333333 0.0015625
0 0.5364583333333334 0.22265625 0.00625 0.0046875
0 0.51875 0.2234375 0.004166666666666667 0.00625
0 0.4947916666666667 0.22109375 0.0020833333333333333 0.0015625
0 0.346875 0.234375 0.04791666666666667 0.028125
0 0.33958333333333335 0.22109375 0.004166666666666667 0.0015625
0 0.3333333333333333 0.221875 0.004166666666666667 0.003125
0 0.31979166666666664 0.22109375 0.0020833333333333333 0.0015625
0 0.31145833333333334 0.22109375 0.0020833333333333333 0.0015625
0 0.290625 0.2203125 0.0020833333333333333 0.003125
0 0.503125 0.21796875 0.0020833333333333333 0.0015625
0 0.3072916666666667 0.21640625 0.0020833333333333333 0.0015625
0 0.284375 0.21875 0.00625 0.00625
0 0.32708333333333334 0.215625 0.004166666666666667 0.003125
0 0.11354166666666667 0.21484375 0.0020833333333333333 0.0015625
0 0.10416666666666667 0.21484375 0.004166666666666667 0.0015625
0 0.484375 0.21328125 0.010416666666666666 0.0078125
0 0.29583333333333334 0.2109375 0.004166666666666667 0.003125
0 0.196875 0.20390625 0.0020833333333333333 0.0015625
0 0.19895833333333332 0.20078125 0.0020833333333333333 0.0015625
0 0.015625 0.20078125 0.0020833333333333333 0.0015625
0 0.146875 0.19921875 0.0020833333333333333 0.0015625
0 0.053125 0.19921875 0.0020833333333333333 0.0015625
0 0.046875 0.19921875 0.0020833333333333333 0.0015625
0 0.36354166666666665 0.19609375 0.0020833333333333333 0.0015625
0 0.128125 0.19140625 0.0020833333333333333 0.0015625
0 0.14479166666666668 0.1921875 0.014583333333333334 0.009375
0 0.215625 0.18515625 0.0020833333333333333 0.0015625
0 0.20833333333333334 0.1828125 0.004166666666666667 0.003125
0 0.11979166666666667 0.17890625 0.0020833333333333333 0.0015625
0 0.115625 0.17890625 0.0020833333333333333 0.0015625
0 0.21979166666666666 0.16484375 0.0020833333333333333 0.0015625
0 0.18229166666666666 0.15234375 0.0020833333333333333 0.0015625
0 0.2552083333333333 0.12734375 0.0020833333333333333 0.0015625
0 0.253125 0.12421875 0.0020833333333333333 0.0015625
0 0.2833333333333333 0.11796875 0.004166666666666667 0.0015625
0 0.28854166666666664 0.11640625 0.0020833333333333333 0.0015625
0 0.8760416666666667 0.03828125 0.0020833333333333333 0.0015625
0 0.8260416666666667 0.03203125 0.0020833333333333333 0.0015625
1 0.28229166666666666 0.76953125 0.0020833333333333333 0.0015625
1 0.284375 0.75859375 0.0020833333333333333 0.0015625
1 0.2791666666666667 0.74765625 0.004166666666666667 0.0046875
1 0.278125 0.74140625 0.0020833333333333333 0.0046875
1 0.5020833333333333 0.73828125 0.004166666666666667 0.0015625
1 0.28020833333333334 0.73671875 0.0020833333333333333 0.0015625
1 0.5041666666666667 0.73046875 0.0125 0.0140625
1 0.49583333333333335 0.71953125 0.004166666666666667 0.0046875
1 0.42083333333333334 0.71796875 0.025 0.0265625
1 0.28229166666666666 0.70546875 0.0020833333333333333 0.0015625
1 0.28541666666666665 0.7015625 0.004166666666666667 0.003125
1 0.35520833333333335 0.6984375 0.00625 0.00625
1 0.296875 0.69453125 0.0020833333333333333 0.0015625
1 0.253125 0.69140625 0.0020833333333333333 0.0015625
1 0.2520833333333333 0.69609375 0.0125 0.0171875
1 0.68125 0.67890625 0.004166666666666667 0.0015625
1 0.7052083333333333 0.68671875 0.04791666666666667 0.0203125
1 0.33645833333333336 0.671875 0.0020833333333333333 0.00625
1 0.37604166666666666 0.64140625 0.0020833333333333333 0.0015625
1 0.37395833333333334 0.63515625 0.0020833333333333333 0.0015625
1 0.16979166666666667 0.63203125 0.0020833333333333333 0.0015625
1 0.5739583333333333 0.62265625 0.0020833333333333333 0.0015625
1 0.5875 0.621875 0.008333333333333333 0.00625
1 0.6958333333333333 0.62109375 0.03333333333333333 0.0078125
1 0.203125 0.646875 0.08958333333333333 0.084375
1 0.4739583333333333 0.60390625 0.0020833333333333333 0.0015625
1 0.6635416666666667 0.60234375 0.0020833333333333333 0.0015625
1 0.5239583333333333 0.60234375 0.0020833333333333333 0.0015625
1 0.5052083333333334 0.60234375 0.00625 0.0015625
1 0.6302083333333334 0.59921875 0.0020833333333333333 0.0015625
1 0.6666666666666666 0.59453125 0.004166666666666667 0.0015625
1 0.428125 0.59453125 0.0020833333333333333 0.0015625
1 0.6614583333333334 0.59296875 0.0020833333333333333 0.0015625
1 0.434375 0.58984375 0.0020833333333333333 0.0015625
1 0.7291666666666666 0.58671875 0.004166666666666667 0.0015625
1 0.675 0.58984375 0.008333333333333333 0.0078125
1 0.7197916666666667 0.58359375 0.0020833333333333333 0.0015625
1 0.6708333333333333 0.5875 0.0125 0.009375
1 0.390625 0.5890625 0.027083333333333334 0.0125
1 0.39895833333333336 0.58359375 0.0020833333333333333 0.0015625
1 0.33125 0.63515625 0.075 0.1078125
1 0.40520833333333334 0.5765625 0.00625 0.003125
1 0.40520833333333334 0.56484375 0.0020833333333333333 0.0015625
1 0.778125 0.5671875 0.06875 0.034375
1 0.7302083333333333 0.54296875 0.0020833333333333333 0.0015625
1 0.6739583333333333 0.53671875 0.0020833333333333333 0.0015625
1 0.4197916666666667 0.53671875 0.00625 0.0046875
1 0.5614583333333333 0.51796875 0.0020833333333333333 0.0015625
1 0.5572916666666666 0.51796875 0.0020833333333333333 0.0015625
1 0.659375 0.5140625 0.00625 0.009375
1 0.46979166666666666 0.50859375 0.0020833333333333333 0.0015625
1 0.665625 0.51171875 0.010416666666666666 0.0109375
1 0.6614583333333334 0.50390625 0.0020833333333333333 0.0015625
1 0.4739583333333333 0.49921875 0.0020833333333333333 0.0015625
1 0.03854166666666667 0.48984375 0.0020833333333333333 0.0015625
1 0.7 0.51171875 0.06666666666666667 0.0515625
1 0.6510416666666666 0.4890625 0.00625 0.00625
1 0.034375 0.48515625 0.0020833333333333333 0.0015625
1 0.030208333333333334 0.48203125 0.0020833333333333333 0.0015625
1 0.38229166666666664 0.47109375 0.0020833333333333333 0.0015625
1 0.6666666666666666 0.47421875 0.0125 0.0140625
1 0.7239583333333334 0.46484375 0.0020833333333333333 0.0015625
1 0.534375 0.54140625 0.22291666666666668 0.1578125
1 0.33645833333333336 0.45234375 0.0020833333333333333 0.0015625
1 0.6427083333333333 0.45625 0.022916666666666665 0.021875
1 0.6479166666666667 0.4421875 0.004166666666666667 0.003125
1 0.42916666666666664 0.44296875 0.008333333333333333 0.0046875
1 0.6510416666666666 0.43203125 0.0020833333333333333 0.0015625
1 0.321875 0.43203125 0.0020833333333333333 0.0046875
1 0.052083333333333336 0.42265625 0.004166666666666667 0.0015625
1 0.078125 0.42109375 0.0020833333333333333 0.0015625
1 0.32708333333333334 0.41875 0.004166666666666667 0.003125
1 0.7541666666666667 0.44296875 0.0625 0.0546875
1 0.08229166666666667 0.41640625 0.0020833333333333333 0.0015625
1 0.315625 0.41640625 0.00625 0.0046875
1 0.07291666666666667 0.415625 0.004166666666666667 0.003125
1 0.7385416666666667 0.4125 0.0020833333333333333 0.003125
1 0.0375 0.41015625 0.004166666666666667 0.0015625
1 0.184375 0.40859375 0.0020833333333333333 0.0015625
1 0.09479166666666666 0.40546875 0.0020833333333333333 0.0015625
1 0.6979166666666666 0.43203125 0.0875 0.0578125
1 0.190625 0.40390625 0.0020833333333333333 0.0015625
1 0.18020833333333333 0.40390625 0.0020833333333333333 0.0015625
1 0.021875 0.40703125 0.027083333333333334 0.0078125
1 0.08645833333333333 0.40703125 0.010416666666666666 0.0109375
1 0.18229166666666666 0.39921875 0.0020833333333333333 0.0015625
1 0.10625 0.40234375 0.0125 0.0078125
1 0.10520833333333333 0.39609375 0.0020833333333333333 0.0015625
1 0.04375 0.3984375 0.008333333333333333 0.009375
1 0.014583333333333334 0.3984375 0.016666666666666666 0.009375
1 0.7052083333333333 0.39765625 0.04791666666666667 0.0140625
1 0.125 0.39765625 0.020833333333333332 0.0140625
1 0.035416666666666666 0.39140625 0.004166666666666667 0.0015625
1 0.026041666666666668 0.38984375 0.0020833333333333333 0.0015625
1 0.030208333333333334 0.38671875 0.00625 0.0046875
1 0.153125 0.38359375 0.0020833333333333333 0.0015625
1 0.16041666666666668 0.3953125 0.0375 0.028125
1 0.19791666666666666 0.38125 0.004166666666666667 0.003125
1 0.15729166666666666 0.37890625 0.0020833333333333333 0.0015625
1 0.19166666666666668 0.37734375 0.004166666666666667 0.0015625
1 0.13645833333333332 0.378125 0.00625 0.003125
1 0.646875 0.37421875 0.0020833333333333333 0.0015625
1 0.253125 0.37109375 0.0020833333333333333 0.0015625
1 0.14895833333333333 0.37109375 0.0020833333333333333 0.0015625
1 0.0625 0.37265625 0.008333333333333333 0.0046875
1 0.4197916666666667 0.371875 0.010416666666666666 0.00625
1 0.22395833333333334 0.36953125 0.0020833333333333333 0.0015625
1 0.20104166666666667 0.37265625 0.014583333333333334 0.0078125
1 0.004166666666666667 0.3765625 0.008333333333333333 0.015625
1 0.23854166666666668 0.3765625 0.027083333333333334 0.01875
1 0.209375 0.36796875 0.0020833333333333333 0.0015625
1 0.15625 0.3703125 0.0125 0.009375
1 0.10416666666666667 0.3703125 0.025 0.0125
1 0.22916666666666666 0.3640625 0.004166666666666667 0.003125
1 0.20520833333333333 0.3640625 0.00625 0.009375
1 0.20104166666666667 0.36015625 0.0020833333333333333 0.0015625
1 0.17604166666666668 0.36015625 0.0020833333333333333 0.0015625
1 0.32083333333333336 0.3578125 0.008333333333333333 0.003125
1 0.24375 0.35625 0.004166666666666667 0.00625
1 0.11145833333333334 0.353125 0.00625 0.003125
1 0.19479166666666667 0.3515625 0.00625 0.003125
1 0.24895833333333334 0.34921875 0.0020833333333333333 0.0015625
1 0.22916666666666666 0.3546875 0.016666666666666666 0.0125
1 0.39479166666666665 0.34765625 0.0020833333333333333 0.0015625
1 0.20416666666666666 0.3484375 0.008333333333333333 0.003125
1 0.40729166666666666 0.3515625 0.01875 0.0125
1 0.24166666666666667 0.3484375 0.008333333333333333 0.00625
1 0.27395833333333336 0.35703125 0.03125 0.0265625
1 0.25729166666666664 0.34765625 0.010416666666666666 0.0078125
1 0.321875 0.34296875 0.00625 0.0046875
1 0.31354166666666666 0.34140625 0.0020833333333333333 0.0015625
1 0.07291666666666667 0.35234375 0.03333333333333333 0.0234375
1 0.11666666666666667 0.34140625 0.016666666666666666 0.0078125
1 0.371875 0.33828125 0.0020833333333333333 0.0046875
1 0.359375 0.33671875 0.0020833333333333333 0.0015625
1 0.32083333333333336 0.3375 0.004166666666666667 0.003125
1 0.30520833333333336 0.33671875 0.0020833333333333333 0.0015625
1 0.26145833333333335 0.33515625 0.0020833333333333333 0.0015625
1 0.4239583333333333 0.33359375 0.0020833333333333333 0.0015625
1 0.38229166666666664 0.3390625 0.014583333333333334 0.015625
1 0.030208333333333334 0.33125 0.00625 0.00625
1 0.022916666666666665 0.340625 0.04583333333333333 0.040625
1 0.459375 0.31640625 0.0020833333333333333 0.0015625
1 0.315625 0.31640625 0.0020833333333333333 0.0015625
1 0.31145833333333334 0.31796875 0.0020833333333333333 0.0046875
1 0.30416666666666664 0.31953125 0.008333333333333333 0.0078125
1 0.04583333333333333 0.31640625 0.016666666666666666 0.0078125
1 0.134375 0.31171875 0.0020833333333333333 0.0015625
1 0.334375 0.31015625 0.03958333333333333 0.0109375
1 0.31145833333333334 0.3015625 0.0020833333333333333 0.003125
1 0.615625 0.29609375 0.0020833333333333333 0.0015625
1 0.2375 0.296875 0.004166666666666667 0.003125
1 0.746875 0.33671875 0.10625 0.0859375
1 0.3927083333333333 0.28984375 0.0020833333333333333 0.0015625
1 0.8364583333333333 0.28828125 0.0020833333333333333 0.0015625
1 0.3802083333333333 0.28828125 0.0020833333333333333 0.0015625
1 0.38958333333333334 0.29296875 0.0125 0.0140625
1 0.23125 0.29140625 0.008333333333333333 0.0109375
1 0.21354166666666666 0.3 0.052083333333333336 0.03125
1 0.38229166666666664 0.2828125 0.0020833333333333333 0.003125
1 0.265625 0.28046875 0.0020833333333333333 0.0015625
1 0.26145833333333335 0.28046875 0.0020833333333333333 0.0015625
1 0.37916666666666665 0.28046875 0.008333333333333333 0.0109375
1 0.20520833333333333 0.27578125 0.0020833333333333333 0.0015625
1 0.4822916666666667 0.45234375 0.39791666666666664 0.3640625
1 0.3697916666666667 0.271875 0.0020833333333333333 0.003125
1 0.328125 0.27265625 0.0020833333333333333 0.0046875
1 0.17395833333333333 0.31875 0.08125 0.1
1 0.37604166666666666 0.26796875 0.0020833333333333333 0.0015625
1 0.84375 0.27578125 0.020833333333333332 0.0234375
1 0.5833333333333334 0.2796875 0.0375 0.034375
1 0.3489583333333333 0.26875 0.035416666666666666 0.0125
1 0.55625 0.26484375 0.008333333333333333 0.0109375
1 0.203125 0.2578125 0.014583333333333334 0.0125
1 0.634375 0.25234375 0.00625 0.0046875
1 0.43125 0.2515625 0.004166666666666667 0.003125
1 0.33229166666666665 0.253125 0.010416666666666666 0.00625
1 0.26666666666666666 0.29375 0.09583333333333334 0.0875
1 0.6385416666666667 0.26171875 0.04375 0.0265625
1 0.36875 0.24453125 0.004166666666666667 0.0046875
1 0.18854166666666666 0.24609375 0.014583333333333334 0.0109375
1 0.521875 0.2390625 0.0020833333333333333 0.003125
1 0.16979166666666667 0.24375 0.00625 0.0125
1 0.37083333333333335 0.23515625 0.004166666666666667 0.0015625
1 0.39791666666666664 0.25625 0.05 0.053125
1 0.596875 0.22734375 0.0020833333333333333 0.0015625
1 0.284375 0.24375 0.03125 0.034375
1 0.42916666666666664 0.2296875 0.008333333333333333 0.009375
1 0.30416666666666664 0.228125 0.008333333333333333 0.00625
1 0.10625 0.2265625 0.004166666666666667 0.003125
1 0.5541666666666667 0.240625 0.05416666666666667 0.034375
1 0.10520833333333333 0.22265625 0.0020833333333333333 0.0015625
1 0.48020833333333335 0.23828125 0.09375 0.0390625
1 0.25416666666666665 0.221875 0.008333333333333333 0.00625
1 0.11666666666666667 0.221875 0.016666666666666666 0.00625
1 0.25729166666666664 0.21796875 0.0020833333333333333 0.0015625
1 0.22604166666666667 0.21484375 0.0020833333333333333 0.0015625
1 0.23020833333333332 0.21171875 0.0020833333333333333 0.0015625
1 0.396875 0.21484375 0.010416666666666666 0.0171875
1 0.005208333333333333 0.209375 0.010416666666666666 0.00625
1 0.058333333333333334 0.2578125 0.11666666666666667 0.10625
1 0.24583333333333332 0.203125 0.004166666666666667 0.003125
1 0.33229166666666665 0.20546875 0.010416666666666666 0.0109375
1 0.0010416666666666667 0.19921875 0.0020833333333333333 0.0015625
1 0.35833333333333334 0.2046875 0.020833333333333332 0.021875
1 0.5135416666666667 0.20546875 0.04791666666666667 0.0265625
1 0.209375 0.19609375 0.014583333333333334 0.0078125
1 0.06666666666666667 0.19765625 0.029166666666666667 0.0234375
1 0.17604166666666668 0.1890625 0.01875 0.009375
1 0.6166666666666667 0.20390625 0.04583333333333333 0.0421875
1 0.49375 0.18671875 0.008333333333333333 0.0078125
1 0.18854166666666666 0.18359375 0.0020833333333333333 0.0015625
1 0.03854166666666667 0.18203125 0.0020833333333333333 0.0015625
1 0.011458333333333333 0.1828125 0.014583333333333334 0.00625
1 0.08229166666666667 0.1796875 0.010416666666666666 0.009375
1 0.06979166666666667 0.17578125 0.0020833333333333333 0.0015625
1 0.028125 0.18046875 0.014583333333333334 0.0109375
1 0.5333333333333333 0.19140625 0.05416666666666667 0.0359375
1 0.19895833333333332 0.17421875 0.0020833333333333333 0.0015625
1 0.19270833333333334 0.175 0.00625 0.003125
1 0.8989583333333333 0.1734375 0.00625 0.003125
1 0.12916666666666668 0.17421875 0.008333333333333333 0.0078125
1 0.0020833333333333333 0.171875 0.004166666666666667 0.003125
1 0.5020833333333333 0.17578125 0.016666666666666666 0.0140625
1 0.9270833333333334 0.17109375 0.0125 0.0078125
1 0.890625 0.16796875 0.0020833333333333333 0.0015625
1 0.9322916666666666 0.1671875 0.0020833333333333333 0.003125
1 0.8989583333333333 0.1671875 0.0020833333333333333 0.003125
1 0.496875 0.16640625 0.0020833333333333333 0.0015625
1 0.9635416666666666 0.16640625 0.00625 0.0046875
1 0.9510416666666667 0.16328125 0.0020833333333333333 0.0015625
1 0.9354166666666667 0.16171875 0.004166666666666667 0.0046875
1 0.8729166666666667 0.1609375 0.004166666666666667 0.003125
1 0.9197916666666667 0.15859375 0.0020833333333333333 0.0015625
1 0.3958333333333333 0.1609375 0.008333333333333333 0.00625
1 0.8697916666666666 0.15703125 0.0020833333333333333 0.0015625
1 0.9260416666666667 0.159375 0.00625 0.009375
1 0.9177083333333333 0.15546875 0.0020833333333333333 0.0015625
1 0.8739583333333333 0.15546875 0.0020833333333333333 0.0015625
1 0.3885416666666667 0.15546875 0.0020833333333333333 0.0015625
1 0.178125 0.15859375 0.00625 0.0078125
1 0.8697916666666666 0.15390625 0.0020833333333333333 0.0015625
1 0.9239583333333333 0.15234375 0.00625 0.0046875
1 0.915625 0.15078125 0.0020833333333333333 0.0015625
1 0.846875 0.15078125 0.0020833333333333333 0.0015625
1 0.23645833333333333 0.1515625 0.0020833333333333333 0.003125
1 0.378125 0.14765625 0.0020833333333333333 0.0046875
1 0.9697916666666667 0.159375 0.06041666666666667 0.034375
1 0.3875 0.146875 0.0125 0.009375
1 0.42291666666666666 0.134375 0.004166666666666667 0.003125
1 0.31875 0.125 0.0125 0.009375
1 0.753125 0.11328125 0.0020833333333333333 0.0015625
1 0.20520833333333333 0.11875 0.010416666666666666 0.0125
1 0.9364583333333333 0.10859375 0.0020833333333333333 0.0015625
1 0.25833333333333336 0.10703125 0.008333333333333333 0.0078125
1 0.37604166666666666 0.10625 0.010416666666666666 0.0125
1 0.903125 0.1 0.0020833333333333333 0.003125
1 0.9229166666666667 0.0984375 0.004166666666666667 0.003125
1 0.8947916666666667 0.0984375 0.00625 0.003125
1 0.890625 0.09609375 0.0020833333333333333 0.0015625
1 0.9020833333333333 0.09453125 0.008333333333333333 0.0046875
1 0.8947916666666667 0.09296875 0.0020833333333333333 0.0015625
1 0.25625 0.09609375 0.008333333333333333 0.0078125
1 0.259375 0.08984375 0.0020833333333333333 0.0015625
1 0.909375 0.08828125 0.0020833333333333333 0.0015625
1 0.828125 0.08671875 0.0020833333333333333 0.0015625
1 0.546875 0.0890625 0.00625 0.00625
1 0.5427083333333333 0.08671875 0.0020833333333333333 0.0015625
1 0.046875 0.0890625 0.00625 0.00625
1 0.8864583333333333 0.08359375 0.0020833333333333333 0.0015625
1 0.7802083333333333 0.084375 0.0020833333333333333 0.003125
1 0.8822916666666667 0.08203125 0.0020833333333333333 0.0015625
1 0.809375 0.08203125 0.0020833333333333333 0.0015625
1 0.796875 0.08203125 0.0020833333333333333 0.0015625
1 0.5322916666666667 0.0828125 0.0020833333333333333 0.003125
1 0.8010416666666667 0.08046875 0.0020833333333333333 0.0015625
1 0.7552083333333334 0.08046875 0.0020833333333333333 0.0015625
1 0.7291666666666666 0.08046875 0.004166666666666667 0.0015625
1 0.7197916666666667 0.08125 0.0020833333333333333 0.003125
1 0.7114583333333333 0.08046875 0.0020833333333333333 0.0015625
1 0.696875 0.08046875 0.0020833333333333333 0.0015625
1 0.8635416666666667 0.07890625 0.0020833333333333333 0.0015625
1 0.715625 0.07890625 0.0020833333333333333 0.0015625
1 0.703125 0.07890625 0.0020833333333333333 0.0015625
1 0.5270833333333333 0.08046875 0.004166666666666667 0.0046875
1 0.6895833333333333 0.0765625 0.004166666666666667 0.003125
1 0.6979166666666666 0.07421875 0.004166666666666667 0.0015625
1 0.6697916666666667 0.07265625 0.0020833333333333333 0.0015625
1 0.665625 0.07265625 0.0020833333333333333 0.0015625
1 0.6989583333333333 0.07109375 0.0020833333333333333 0.0015625
1 0.6895833333333333 0.071875 0.008333333333333333 0.00625
1 0.6947916666666667 0.06796875 0.0020833333333333333 0.0015625
1 0.525 0.071875 0.004166666666666667 0.009375
1 0.7458333333333333 0.06796875 0.004166666666666667 0.0046875
1 0.53125 0.071875 0.004166666666666667 0.0125
1 0.8541666666666666 0.06328125 0.004166666666666667 0.0015625
1 0.5260416666666666 0.06171875 0.0020833333333333333 0.0015625
1 0.8614583333333333 0.05859375 0.0020833333333333333 0.0015625
1 0.8572916666666667 0.05859375 0.0020833333333333333 0.0015625
1 0.8739583333333333 0.05703125 0.0020833333333333333 0.0015625
1 0.834375 0.05703125 0.0020833333333333333 0.0015625
1 0.8072916666666666 0.05390625 0.0020833333333333333 0.0015625
1 0.8791666666666667 0.05390625 0.004166666666666667 0.0046875
1 0.815625 0.05234375 0.0020833333333333333 0.0015625
1 0.8885416666666667 0.078125 0.22291666666666668 0.05625
1 0.759375 0.0671875 0.03958333333333333 0.034375
1 0.728125 0.05078125 0.0020833333333333333 0.0015625
1 0.7197916666666667 0.05078125 0.0020833333333333333 0.0015625
1 0.6864583333333333 0.05546875 0.014583333333333334 0.0140625
1 0.6760416666666667 0.04921875 0.0020833333333333333 0.0015625
1 0.66875 0.05078125 0.008333333333333333 0.0078125
1 0.7354166666666667 0.04609375 0.004166666666666667 0.0015625
1 0.7229166666666667 0.06171875 0.04583333333333333 0.0328125
1 0.9135416666666667 0.0453125 0.00625 0.003125
1 0.740625 0.04453125 0.0020833333333333333 0.0046875
1 0.821875 0.03828125 0.0020833333333333333 0.0015625
1 0.921875 0.03671875 0.0020833333333333333 0.0015625
