0 0.7510416666666667 0.59609375 0.00625 0.0015625
0 0.31875 0.59609375 0.004166666666666667 0.0046875
0 0.3177083333333333 0.58984375 0.0020833333333333333 0.0015625
0 0.75 0.58671875 0.008333333333333333 0.0109375
0 0.6947916666666667 0.58203125 0.0020833333333333333 0.0015625
0 0.696875 0.58125 0.00625 0.00625
0 0.725 0.5765625 0.004166666666666667 0.003125
0 0.6552083333333333 0.57578125 0.0020833333333333333 0.0015625
0 0.7375 0.57734375 0.008333333333333333 0.0078125
0 0.7114583333333333 0.575 0.01875 0.00625
0 0.29583333333333334 0.56953125 0.004166666666666667 0.0015625
0 0.13020833333333334 0.56640625 0.00625 0.0015625
0 0.2625 0.5671875 0.0125 0.00625
0 0.184375 0.56640625 0.00625 0.0046875
0 0.22708333333333333 0.5671875 0.029166666666666667 0.0125
0 0.21145833333333333 0.55390625 0.0020833333333333333 0.0015625
0 0.6875 0.5640625 0.06666666666666667 0.025
0 0.5697916666666667 0.55390625 0.0020833333333333333 0.0046875
0 0.43333333333333335 0.5453125 0.004166666666666667 0.00625
0 0.3260416666666667 0.5609375 0.052083333333333336 0.053125
0 0.18958333333333333 0.5421875 0.12083333333333333 0.04375
0 0.2989583333333333 0.5296875 0.06875 0.0625
0 0.75 0.44921875 0.0125 0.0046875
0 0.2708333333333333 0.4625 0.041666666666666664 0.059375
0 0.221875 0.43203125 0.04375 0.0171875
0 0.6645833333333333 0.42890625 0.020833333333333332 0.0234375
0 0.6510416666666666 0.41640625 0.00625 0.0046875
0 0.6895833333333333 0.41171875 0.020833333333333332 0.0078125
0 0.259375 0.41640625 0.052083333333333336 0.0296875
0 0.340625 0.4015625 0.0020833333333333333 0.003125
0 0.3302083333333333 0.40234375 0.00625 0.0046875
0 0.25416666666666665 0.396875 0.0125 0.00625
0 0.246875 0.3953125 0.0020833333333333333 0.003125
0 0.40208333333333335 0.37578125 0.004166666666666667 0.0015625
0 0.146875 0.36953125 0.010416666666666666 0.0046875
0 0.153125 0.36484375 0.0020833333333333333 0.0015625
0 0.159375 0.33671875 0.0020833333333333333 0.0015625
0 0.18854166666666666 0.3359375 0.06458333333333334 0.025
0 0.3302083333333333 0.32265625 0.0020833333333333333 0.0015625
0 0.36354166666666665 0.3171875 0.0020833333333333333 0.003125
0 0.803125 0.31328125 0.0020833333333333333 0.0015625
0 0.7958333333333333 0.309375 0.004166666666666667 0.003125
0 0.603125 0.30859375 0.0020833333333333333 0.0015625
0 0.8135416666666667 0.30703125 0.0020833333333333333 0.0015625
0 0.78125 0.29296875 0.004166666666666667 0.0015625
0 0.6447916666666667 0.290625 0.00625 0.003125
0 0.6385416666666667 0.28984375 0.0020833333333333333 0.0015625
0 0.6510416666666666 0.28828125 0.0020833333333333333 0.0015625
0 0.6458333333333334 0.2859375 0.004166666666666667 0.003125
0 0.640625 0.28359375 0.0020833333333333333 0.0015625
0 0.32083333333333336 0.3078125 0.0375 0.05
0 0.6208333333333333 0.28359375 0.0125 0.0140625
0 0.9989583333333333 0.27421875 0.0020833333333333333 0.0015625
0 0.64375 0.27734375 0.016666666666666666 0.0109375
0 0.721875 0.27109375 0.0020833333333333333 0.0015625
0 0.221875 0.27109375 0.0020833333333333333 0.0015625
0 0.9854166666666667 0.26953125 0.004166666666666667 0.0015625
0 0.6458333333333334 0.26953125 0.004166666666666667 0.0015625
0 0.4427083333333333 0.26953125 0.0020833333333333333 0.0015625
0 0.2677083333333333 0.26328125 0.0020833333333333333 0.0015625
0 0.6854166666666667 0.259375 0.025 0.015625
0 0.36666666666666664 0.25234375 0.004166666666666667 0.0015625
0 0.9927083333333333 0.25234375 0.010416666666666666 0.0046875
0 0.653125 0.2609375 0.014583333333333334 0.028125
0 0.24791666666666667 0.2515625 0.0125 0.009375
0 0.38229166666666664 0.2609375 0.03125 0.034375
0 0.6416666666666667 0.25078125 0.008333333333333333 0.0203125
0 0.36666666666666664 0.23984375 0.004166666666666667 0.0015625
0 0.36354166666666665 0.234375 0.0020833333333333333 0.003125
0 0.9375 0.22578125 0.004166666666666667 0.0015625
0 0.9510416666666667 0.22265625 0.0020833333333333333 0.0015625
0 0.915625 0.22109375 0.0020833333333333333 0.0015625
0 0.9125 0.21796875 0.004166666666666667 0.0015625
0 0.42604166666666665 0.2234375 0.01875 0.0125
0 0.91875 0.2171875 0.004166666666666667 0.003125
0 0.41354166666666664 0.21640625 0.0020833333333333333 0.0015625
0 0.9416666666666667 0.21484375 0.004166666666666667 0.0015625
0 0.409375 0.21484375 0.0020833333333333333 0.0015625
0 0.928125 0.2140625 0.00625 0.003125
0 0.690625 0.21328125 0.0020833333333333333 0.0015625
0 0.309375 0.21328125 0.0020833333333333333 0.0015625
0 0.034375 0.21328125 0.0020833333333333333 0.0015625
0 0.9802083333333333 0.21171875 0.0020833333333333333 0.0015625
0 0.8947916666666667 0.21328125 0.010416666666666666 0.0046875
0 0.6833333333333333 0.2125 0.004166666666666667 0.003125
0 0.671875 0.21015625 0.0020833333333333333 0.0015625
0 0.884375 0.20625 0.0020833333333333333 0.003125
0 0.9833333333333333 0.20546875 0.004166666666666667 0.0046875
0 0.9697916666666667 0.2046875 0.0020833333333333333 0.003125
0 0.9802083333333333 0.2015625 0.0020833333333333333 0.003125
0 0.9229166666666667 0.20546875 0.020833333333333332 0.0109375
0 0.903125 0.19921875 0.0020833333333333333 0.0015625
0 0.896875 0.19921875 0.0020833333333333333 0.0015625
0 0.971875 0.19765625 0.0020833333333333333 0.0015625
0 0.296875 0.1984375 0.00625 0.003125
0 0.909375 0.19609375 0.0020833333333333333 0.0015625
0 0.9052083333333333 0.19609375 0.0020833333333333333 0.0015625
0 0.25729166666666664 0.196875 0.0020833333333333333 0.003125
0 0.915625 0.19453125 0.0020833333333333333 0.0015625
0 0.6947916666666667 0.1984375 0.00625 0.009375
0 0.9697916666666667 0.19296875 0.0020833333333333333 0.0015625
0 0.865625 0.19140625 0.0020833333333333333 0.0015625
0 0.8520833333333333 0.19296875 0.020833333333333332 0.0046875
0 0.8604166666666667 0.18984375 0.004166666666666667 0.0015625
0 0.8052083333333333 0.1890625 0.0020833333333333333 0.003125
0 0.7958333333333333 0.18828125 0.004166666666666667 0.0015625
0 0.5541666666666667 0.1890625 0.004166666666666667 0.003125
0 0.5458333333333333 0.20078125 0.020833333333333332 0.0265625
0 0.7614583333333333 0.18671875 0.0020833333333333333 0.0015625
0 0.6958333333333333 0.1875 0.004166666666666667 0.003125
0 0.990625 0.19375 0.01875 0.01875
0 0.359375 0.18515625 0.0020833333333333333 0.0015625
0 0.803125 0.18359375 0.0020833333333333333 0.0015625
0 0.7635416666666667 0.18359375 0.0020833333333333333 0.0015625
0 0.734375 0.18515625 0.010416666666666666 0.0046875
0 0.6885416666666667 0.18359375 0.0020833333333333333 0.0015625
0 0.5083333333333333 0.18203125 0.004166666666666667 0.0046875
0 0.9864583333333333 0.1796875 0.00625 0.003125
0 0.8302083333333333 0.18046875 0.00625 0.0046875
0 0.5145833333333333 0.18125 0.004166666666666667 0.00625
0 0.421875 0.17890625 0.0020833333333333333 0.0015625
0 0.28541666666666665 0.1921875 0.029166666666666667 0.03125
0 0.9958333333333333 0.1796875 0.008333333333333333 0.009375
0 0.9802083333333333 0.17578125 0.0020833333333333333 0.0015625
0 0.3614583333333333 0.17578125 0.0020833333333333333 0.0015625
0 0.9322916666666666 0.17421875 0.0020833333333333333 0.0015625
0 0.690625 0.17421875 0.0020833333333333333 0.0015625
0 0.30104166666666665 0.17421875 0.0020833333333333333 0.0015625
0 0.9666666666666667 0.171875 0.004166666666666667 0.003125
0 0.8020833333333334 0.171875 0.004166666666666667 0.003125
0 0.0625 0.16953125 0.004166666666666667 0.0015625
0 0.04791666666666667 0.1703125 0.008333333333333333 0.003125
0 0.9385416666666667 0.16796875 0.0020833333333333333 0.0015625
0 0.93125 0.16875 0.008333333333333333 0.003125
0 0.8052083333333333 0.16796875 0.0020833333333333333 0.0015625
0 0.8114583333333333 0.16640625 0.0020833333333333333 0.0015625
0 0.9552083333333333 0.16484375 0.0020833333333333333 0.0015625
0 0.9427083333333334 0.16484375 0.0020833333333333333 0.0015625
0 0.35625 0.16484375 0.004166666666666667 0.0015625
0 0.38645833333333335 0.16171875 0.0020833333333333333 0.0015625
0 0.371875 0.1625 0.0020833333333333333 0.003125
0 0.9625 0.16015625 0.004166666666666667 0.0046875
0 0.8010416666666667 0.1609375 0.00625 0.00625
0 0.6822916666666666 0.15859375 0.0020833333333333333 0.0015625
0 0.3125 0.16640625 0.016666666666666666 0.0203125
0 0.8 0.15546875 0.004166666666666667 0.0015625
0 0.9229166666666667 0.1578125 0.008333333333333333 0.009375
0 0.034375 0.16171875 0.01875 0.0171875
0 0.5177083333333333 0.159375 0.010416666666666666 0.015625
0 0.36875 0.15234375 0.004166666666666667 0.0015625
0 0.9302083333333333 0.15078125 0.0020833333333333333 0.0015625
0 0.8114583333333333 0.15078125 0.0020833333333333333 0.0015625
0 0.2864583333333333 0.15078125 0.0020833333333333333 0.0015625
0 0.9770833333333333 0.15703125 0.016666666666666666 0.0171875
0 0.9479166666666666 0.15390625 0.0125 0.0109375
0 0.771875 0.16796875 0.06458333333333334 0.0421875
0 0.9989583333333333 0.14609375 0.0020833333333333333 0.0015625
0 0.715625 0.14609375 0.0020833333333333333 0.0015625
0 0.6760416666666667 0.14609375 0.0020833333333333333 0.0015625
0 0.9677083333333333 0.14453125 0.0020833333333333333 0.0015625
0 0.05 0.1453125 0.008333333333333333 0.003125
0 0.7 0.15546875 0.025 0.0265625
0 0.98125 0.14140625 0.004166666666666667 0.0046875
0 0.9291666666666667 0.14140625 0.004166666666666667 0.0046875
0 0.921875 0.14140625 0.00625 0.0046875
0 0.915625 0.140625 0.0020833333333333333 0.003125
0 0.9114583333333334 0.140625 0.0020833333333333333 0.003125
0 0.9072916666666667 0.140625 0.0020833333333333333 0.003125
0 0.9020833333333333 0.140625 0.004166666666666667 0.003125
0 0.8864583333333333 0.13984375 0.0020833333333333333 0.0015625
0 0.88125 0.140625 0.004166666666666667 0.003125
0 0.7322916666666667 0.14453125 0.00625 0.0109375
0 0.7041666666666667 0.1390625 0.004166666666666667 0.003125
0 0.07083333333333333 0.13984375 0.004166666666666667 0.0046875
0 0.9927083333333333 0.13984375 0.014583333333333334 0.0078125
0 0.3072916666666667 0.13515625 0.0020833333333333333 0.0015625
0 0.084375 0.13515625 0.0020833333333333333 0.0015625
0 0.05520833333333333 0.1359375 0.010416666666666666 0.003125
0 0.971875 0.13359375 0.0020833333333333333 0.0015625
0 0.6979166666666666 0.134375 0.008333333333333333 0.003125
0 0.603125 0.13515625 0.00625 0.0046875
0 0.6010416666666667 0.13203125 0.0020833333333333333 0.0015625
0 0.70625 0.13125 0.004166666666666667 0.003125
0 0.5916666666666667 0.13125 0.008333333333333333 0.00625
0 0.44479166666666664 0.12890625 0.0020833333333333333 0.0015625
0 0.7072916666666667 0.12734375 0.0020833333333333333 0.0015625
0 0.6708333333333333 0.128125 0.004166666666666667 0.003125
0 0.5677083333333334 0.1375 0.035416666666666666 0.021875
0 0.5916666666666667 0.12578125 0.004166666666666667 0.0015625
0 0.4510416666666667 0.12578125 0.0020833333333333333 0.0015625
0 0.4427083333333333 0.12578125 0.0020833333333333333 0.0015625
0 0.4354166666666667 0.1265625 0.004166666666666667 0.003125
0 0.030208333333333334 0.1265625 0.0020833333333333333 0.003125
0 0.99375 0.1265625 0.008333333333333333 0.00625
0 0.6010416666666667 0.12421875 0.0020833333333333333 0.0015625
0 0.12708333333333333 0.1265625 0.004166666666666667 0.00625
0 0.790625 0.12265625 0.0020833333333333333 0.0015625
0 0.21770833333333334 0.12734375 0.014583333333333334 0.0109375
0 0.11979166666666667 0.1234375 0.00625 0.003125
0 0.9729166666666667 0.13125 0.041666666666666664 0.025
0 0.9822916666666667 0.11953125 0.0020833333333333333 0.0015625
0 0.20625 0.11953125 0.004166666666666667 0.0015625
0 0.953125 0.11796875 0.0020833333333333333 0.0015625
0 0.8958333333333334 0.121875 0.029166666666666667 0.0125
0 0.790625 0.11796875 0.00625 0.0046875
0 0.20416666666666666 0.11640625 0.004166666666666667 0.0015625
0 0.7989583333333333 0.11484375 0.0020833333333333333 0.0015625
0 0.7947916666666667 0.11484375 0.0020833333333333333 0.0015625
0 0.784375 0.11484375 0.0020833333333333333 0.0015625
0 0.5822916666666667 0.11484375 0.0020833333333333333 0.0015625
0 0.575 0.11484375 0.004166666666666667 0.0015625
0 0.5677083333333334 0.11484375 0.0020833333333333333 0.0015625
0 0.240625 0.11484375 0.0020833333333333333 0.0015625
0 0.6864583333333333 0.1171875 0.014583333333333334 0.009375
0 0.303125 0.1140625 0.0020833333333333333 0.003125
0 0.925 0.11875 0.029166666666666667 0.015625
0 0.8625 0.115625 0.03333333333333333 0.009375
0 0.8427083333333333 0.11171875 0.0020833333333333333 0.0015625
0 0.540625 0.1125 0.0020833333333333333 0.003125
0 0.2635416666666667 0.11484375 0.022916666666666665 0.0078125
0 0.8208333333333333 0.11328125 0.025 0.0078125
0 0.6208333333333333 0.1109375 0.004166666666666667 0.003125
0 0.6072916666666667 0.11015625 0.0020833333333333333 0.0015625
0 0.5802083333333333 0.109375 0.0020833333333333333 0.003125
0 0.6135416666666667 0.1078125 0.0020833333333333333 0.003125
0 0.5385416666666667 0.1078125 0.00625 0.003125
0 0.815625 0.10625 0.00625 0.003125
0 0.253125 0.10703125 0.0020833333333333333 0.0046875
0 0.24479166666666666 0.10546875 0.010416666666666666 0.0015625
0 0.15729166666666666 0.115625 0.03958333333333333 0.021875
0 0.9322916666666666 0.10390625 0.0020833333333333333 0.0015625
0 0.7864583333333334 0.10390625 0.0020833333333333333 0.0015625
0 0.8427083333333333 0.10234375 0.0020833333333333333 0.0015625
0 0.8239583333333333 0.10390625 0.0020833333333333333 0.0046875
0 0.8375 0.10078125 0.004166666666666667 0.0015625
0 0.27291666666666664 0.1046875 0.0125 0.009375
0 0.95625 0.10390625 0.016666666666666666 0.0109375
0 0.934375 0.09921875 0.0020833333333333333 0.0015625
0 0.9770833333333333 0.0984375 0.004166666666666667 0.003125
0 0.9489583333333333 0.09765625 0.0020833333333333333 0.0015625
0 0.8927083333333333 0.09765625 0.0020833333333333333 0.0015625
0 0.24895833333333334 0.09765625 0.0020833333333333333 0.0015625
0 0.846875 0.09609375 0.0020833333333333333 0.0015625
0 0.04791666666666667 0.09765625 0.008333333333333333 0.0046875
0 0.959375 0.09453125 0.0020833333333333333 0.0015625
0 0.13020833333333334 0.10234375 0.01875 0.0171875
0 0.928125 0.09296875 0.0020833333333333333 0.0015625
0 0.765625 0.09296875 0.0020833333333333333 0.0015625
0 0.9239583333333333 0.09140625 0.0020833333333333333 0.0015625
0 0.8875 0.10234375 0.07916666666666666 0.0234375
0 0.7791666666666667 0.0921875 0.004166666666666667 0.003125
0 0.6145833333333334 0.1015625 0.125 0.021875
0 0.2760416666666667 0.09140625 0.0020833333333333333 0.0015625
0 0.11979166666666667 0.0921875 0.0020833333333333333 0.003125
0 0.853125 0.08984375 0.0020833333333333333 0.0015625
0 0.9625 0.08984375 0.004166666666666667 0.0046875
0 0.9166666666666666 0.08984375 0.004166666666666667 0.0046875
0 0.8614583333333333 0.08828125 0.0020833333333333333 0.0015625
0 0.634375 0.0890625 0.014583333333333334 0.003125
0 0.259375 0.08828125 0.0020833333333333333 0.0015625
0 0.9583333333333334 0.0875 0.004166666666666667 0.003125
0 0.7822916666666667 0.0875 0.0020833333333333333 0.003125
0 0.35 0.0875 0.004166666666666667 0.003125
0 0.36666666666666664 0.1625 0.1125 0.153125
0 0.290625 0.0984375 0.022916666666666665 0.025
0 0.265625 0.09140625 0.014583333333333334 0.0109375
0 0.23125 0.08828125 0.004166666666666667 0.0046875
0 0.19791666666666666 0.090625 0.016666666666666666 0.009375
0 0.14270833333333333 0.08671875 0.0020833333333333333 0.0015625
0 0.07604166666666666 0.0875 0.0020833333333333333 0.003125
0 0.940625 0.0875 0.014583333333333334 0.00625
0 0.809375 0.08515625 0.0020833333333333333 0.0015625
0 0.340625 0.08515625 0.0020833333333333333 0.0015625
0 0.15833333333333333 0.09140625 0.020833333333333332 0.0140625
0 0.153125 0.08515625 0.0020833333333333333 0.0015625
0 0.9270833333333334 0.08359375 0.008333333333333333 0.0015625
0 0.4791666666666667 0.08515625 0.004166666666666667 0.0046875
0 0.8166666666666667 0.0828125 0.004166666666666667 0.003125
0 0.9833333333333333 0.08515625 0.03333333333333333 0.0109375
0 0.165625 0.08046875 0.0020833333333333333 0.0015625
0 0.014583333333333334 0.08671875 0.0125 0.0140625
0 0.9552083333333333 0.07890625 0.0020833333333333333 0.0015625
0 0.640625 0.07890625 0.0020833333333333333 0.0015625
0 0.634375 0.0796875 0.0020833333333333333 0.003125
0 0.465625 0.084375 0.01875 0.0125
0 0.9635416666666666 0.078125 0.00625 0.003125
0 0.884375 0.078125 0.00625 0.003125
0 0.7927083333333333 0.07890625 0.010416666666666666 0.0046875
0 0.996875 0.078125 0.00625 0.00625
0 0.6364583333333333 0.07578125 0.0020833333333333333 0.0015625
0 0.2833333333333333 0.078125 0.008333333333333333 0.00625
0 0.9239583333333333 0.07734375 0.027083333333333334 0.0078125
0 0.23020833333333332 0.078125 0.022916666666666665 0.009375
0 0.19791666666666666 0.07734375 0.0375 0.0078125
0 0.8354166666666667 0.0734375 0.004166666666666667 0.003125
0 0.6416666666666667 0.0734375 0.004166666666666667 0.003125
0 0.015625 0.07265625 0.0020833333333333333 0.0015625
0 0.8166666666666667 0.0734375 0.008333333333333333 0.00625
0 0.7802083333333333 0.07109375 0.0020833333333333333 0.0015625
0 0.8020833333333334 0.06953125 0.004166666666666667 0.0015625
0 0.646875 0.0734375 0.00625 0.009375
0 0.16875 0.0765625 0.0125 0.015625
0 0.6583333333333333 0.07109375 0.004166666666666667 0.0078125
0 0.371875 0.06875 0.0020833333333333333 0.003125
0 0.1 0.071875 0.008333333333333333 0.009375
0 0.890625 0.0671875 0.010416666666666666 0.003125
0 0.8614583333333333 0.06640625 0.0020833333333333333 0.0015625
0 0.8104166666666667 0.06640625 0.004166666666666667 0.0015625
0 0.8010416666666667 0.06640625 0.0020833333333333333 0.0015625
0 0.09583333333333334 0.0671875 0.004166666666666667 0.003125
0 0.090625 0.06484375 0.0020833333333333333 0.0015625
0 0.903125 0.0703125 0.010416666666666666 0.015625
0 0.7989583333333333 0.06328125 0.0020833333333333333 0.0015625
0 0.18645833333333334 0.0671875 0.010416666666666666 0.009375
0 0.7479166666666667 0.0796875 0.075 0.0375
0 0.153125 0.06171875 0.0020833333333333333 0.0015625
0 0.5635416666666667 0.06171875 0.0020833333333333333 0.0046875
0 0.21354166666666666 0.0609375 0.01875 0.003125
0 0.16770833333333332 0.0609375 0.014583333333333334 0.003125
0 0.9541666666666667 0.065625 0.020833333333333332 0.01875
0 0.875 0.06953125 0.020833333333333332 0.0265625
0 0.790625 0.0625 0.010416666666666666 0.0125
0 0.23125 0.0578125 0.004166666666666667 0.003125
0 0.8822916666666667 0.05546875 0.0020833333333333333 0.0015625
0 0.33541666666666664 0.059375 0.004166666666666667 0.009375
0 0.06979166666666667 0.05625 0.00625 0.003125
0 0.9635416666666666 0.05390625 0.0020833333333333333 0.0015625
0 0.8739583333333333 0.05390625 0.0020833333333333333 0.0015625
0 0.36770833333333336 0.05859375 0.00625 0.0140625
0 0.15416666666666667 0.0546875 0.016666666666666666 0.00625
0 0.9260416666666667 0.059375 0.00625 0.021875
0 0.36770833333333336 0.04921875 0.0020833333333333333 0.0015625
0 0.33229166666666665 0.05 0.0020833333333333333 0.003125
0 0.853125 0.0484375 0.0020833333333333333 0.003125
0 0.815625 0.04765625 0.0020833333333333333 0.0015625
0 0.7177083333333333 0.04765625 0.0020833333333333333 0.0015625
0 0.190625 0.05078125 0.01875 0.0078125
0 0.10104166666666667 0.05078125 0.010416666666666666 0.0078125
0 0.0375 0.05859375 0.05416666666666667 0.0234375
0 0.9854166666666667 0.04765625 0.008333333333333333 0.0046875
0 0.86875 0.04921875 0.004166666666666667 0.0078125
0 0.75625 0.046875 0.004166666666666667 0.003125
0 0.471875 0.04609375 0.0020833333333333333 0.0015625
0 0.7125 0.04609375 0.004166666666666667 0.0046875
0 0.27395833333333336 0.04296875 0.0020833333333333333 0.0015625
0 0.03958333333333333 0.04453125 0.004166666666666667 0.0046875
0 0.8072916666666666 0.0453125 0.00625 0.009375
0 0.7989583333333333 0.04296875 0.00625 0.0046875
0 0.7375 0.0421875 0.004166666666666667 0.003125
0 0.33229166666666665 0.04375 0.0020833333333333333 0.00625
0 0.2677083333333333 0.04140625 0.0020833333333333333 0.0015625
0 0.8583333333333333 0.04296875 0.0125 0.0078125
0 0.740625 0.03984375 0.0020833333333333333 0.0015625
0 0.7666666666666667 0.0421875 0.025 0.009375
0 0.209375 0.0390625 0.0020833333333333333 0.003125
0 0.042708333333333334 0.03828125 0.0020833333333333333 0.0015625
0 0.803125 0.03671875 0.0020833333333333333 0.0015625
0 0.7927083333333333 0.03671875 0.0020833333333333333 0.0015625
0 0.27395833333333336 0.0375 0.00625 0.003125
0 0.07083333333333333 0.0375 0.008333333333333333 0.00625
0 0.990625 0.0390625 0.01875 0.0125
0 0.25833333333333336 0.03515625 0.008333333333333333 0.0046875
0 0.35 0.0453125 0.029166666666666667 0.028125
0 0.2833333333333333 0.034375 0.008333333333333333 0.00625
0 0.175 0.03671875 0.025 0.0109375
0 0.8020833333333334 0.03046875 0.004166666666666667 0.0015625
0 0.7447916666666666 0.03203125 0.0020833333333333333 0.0046875
0 0.828125 0.02890625 0.0020833333333333333 0.0015625
0 0.115625 0.0375 0.03125 0.01875
0 0.003125 0.03359375 0.00625 0.0109375
0 0.990625 0.02734375 0.0020833333333333333 0.0015625
0 0.7583333333333333 0.028125 0.004166666666666667 0.003125
0 0.7135416666666666 0.0328125 0.022916666666666665 0.0125
0 0.6958333333333333 0.03125 0.0125 0.009375
0 0.051041666666666666 0.0328125 0.010416666666666666 0.0125
0 0.9697916666666667 0.02578125 0.0020833333333333333 0.0015625
0 0.728125 0.02578125 0.0020833333333333333 0.0015625
0 0.30833333333333335 0.02578125 0.008333333333333333 0.0015625
0 0.453125 0.02421875 0.0020833333333333333 0.0015625
0 0.4395833333333333 0.0265625 0.004166666666666667 0.00625
0 0.17083333333333334 0.02421875 0.004166666666666667 0.0015625
0 0.946875 0.02265625 0.00625 0.0015625
0 0.8052083333333333 0.02421875 0.00625 0.0046875
0 0.46770833333333334 0.025 0.0020833333333333333 0.00625
0 0.8302083333333333 0.02109375 0.0020833333333333333 0.0015625
0 0.8145833333333333 0.02265625 0.008333333333333333 0.0046875
0 0.4479166666666667 0.0234375 0.004166666666666667 0.00625
0 0.159375 0.025 0.010416666666666666 0.009375
0 0.971875 0.02109375 0.00625 0.0046875
0 0.9427083333333334 0.01953125 0.014583333333333334 0.0015625
0 0.8072916666666666 0.01953125 0.0020833333333333333 0.0015625
0 0.49895833333333334 0.021875 0.00625 0.00625
0 0.4552083333333333 0.0203125 0.0020833333333333333 0.003125
0 0.058333333333333334 0.021875 0.004166666666666667 0.00625
0 0.8822916666666667 0.0296875 0.035416666666666666 0.025
0 0.9802083333333333 0.01640625 0.0020833333333333333 0.0015625
0 0.29375 0.01796875 0.008333333333333333 0.0046875
0 0.28020833333333334 0.01953125 0.014583333333333334 0.0078125
0 0.215625 0.01640625 0.0020833333333333333 0.0015625
0 0.865625 0.01484375 0.0020833333333333333 0.0046875
0 0.8010416666666667 0.01328125 0.0020833333333333333 0.0015625
0 0.22083333333333333 0.01328125 0.004166666666666667 0.0015625
0 0.215625 0.01328125 0.0020833333333333333 0.0015625
0 0.3260416666666667 0.0171875 0.022916666666666665 0.0125
0 0.2760416666666667 0.01171875 0.0020833333333333333 0.0015625
0 0.271875 0.01171875 0.0020833333333333333 0.0015625
0 0.23958333333333334 0.0125 0.008333333333333333 0.003125
0 0.5427083333333333 0.01015625 0.0020833333333333333 0.0015625
0 0.4875 0.0171875 0.0125 0.015625
0 0.265625 0.01015625 0.0020833333333333333 0.0015625
0 0.9552083333333333 0.00859375 0.0020833333333333333 0.0015625
0 0.9125 0.0078125 0.008333333333333333 0.003125
0 0.8635416666666667 0.00859375 0.0020833333333333333 0.0046875
0 0.5364583333333334 0.00703125 0.0020833333333333333 0.0015625
0 0.46979166666666666 0.009375 0.00625 0.00625
0 0.46145833333333336 0.00703125 0.0020833333333333333 0.0015625
0 0.4395833333333333 0.03125 0.06666666666666667 0.05
0 0.396875 0.00703125 0.0020833333333333333 0.0015625
0 0.11145833333333334 0.00703125 0.0020833333333333333 0.0015625
0 0.546875 0.00546875 0.0020833333333333333 0.0015625
0 0.48125 0.1890625 0.18333333333333332 0.36875
0 0.19375 0.00546875 0.004166666666666667 0.0015625
0 0.8864583333333333 0.00703125 0.01875 0.0109375
0 0.5614583333333333 0.00234375 0.0020833333333333333 0.0015625
0 0.5239583333333333 0.00234375 0.0020833333333333333 0.0015625
0 0.28958333333333336 0.003125 0.004166666666666667 0.003125
0 0.18541666666666667 0.0046875 0.008333333333333333 0.00625
0 0.9510416666666667 0.003125 0.01875 0.00625
0 0.8635416666666667 0.0015625 0.00625 0.003125
0 0.7947916666666667 0.0140625 0.06875 0.028125
0 0.5572916666666666 0.00078125 0.0020833333333333333 0.0015625
0 0.465625 0.0015625 0.0020833333333333333 0.003125
0 0.453125 0.00234375 0.014583333333333334 0.0046875
0 0.40729166666666666 0.00078125 0.0020833333333333333 0.0015625
0 0.3770833333333333 0.0203125 0.041666666666666664 0.040625
0 0.08333333333333333 0.003125 0.0125 0.00625
1 0.5458333333333333 0.66015625 0.004166666666666667 0.0046875
1 0.5479166666666667 0.65546875 0.004166666666666667 0.0046875
1 0.5520833333333334 0.6515625 0.004166666666666667 0.00625
1 0.678125 0.63046875 0.0020833333333333333 0.0015625
1 0.571875 0.61328125 0.0020833333333333333 0.0015625
1 0.2864583333333333 0.61328125 0.0020833333333333333 0.0015625
1 0.3104166666666667 0.596875 0.004166666666666667 0.00625
1 0.25729166666666664 0.59453125 0.0020833333333333333 0.0015625
1 0.25416666666666665 0.590625 0.004166666666666667 0.003125
1 0.3260416666666667 0.59140625 0.00625 0.0109375
1 0.715625 0.58359375 0.0020833333333333333 0.0015625
1 0.2520833333333333 0.584375 0.004166666666666667 0.003125
1 0.7604166666666666 0.5828125 0.004166666666666667 0.003125
1 0.3229166666666667 0.5828125 0.004166666666666667 0.003125
1 0.759375 0.57890625 0.0020833333333333333 0.0015625
1 0.678125 0.61015625 0.20208333333333334 0.0640625
1 0.31979166666666664 0.578125 0.0020833333333333333 0.003125
1 0.24895833333333334 0.57578125 0.0020833333333333333 0.0015625
1 0.2375 0.57578125 0.004166666666666667 0.0015625
1 0.23229166666666667 0.57578125 0.0020833333333333333 0.0015625
1 0.19895833333333332 0.571875 0.0020833333333333333 0.003125
1 0.7427083333333333 0.5671875 0.03125 0.01875
1 0.7239583333333334 0.55859375 0.0020833333333333333 0.0015625
1 0.6291666666666667 0.5625 0.025 0.0125
1 0.2635416666666667 0.5515625 0.00625 0.003125
1 0.25416666666666665 0.55546875 0.025 0.0109375
1 0.30104166666666665 0.55 0.0020833333333333333 0.003125
1 0.30833333333333335 0.540625 0.004166666666666667 0.003125
1 0.29375 0.5484375 0.020833333333333332 0.01875
1 0.31875 0.5375 0.008333333333333333 0.003125
1 0.25833333333333336 0.53671875 0.016666666666666666 0.0046875
1 0.2635416666666667 0.53125 0.00625 0.003125
1 0.253125 0.5296875 0.010416666666666666 0.003125
1 0.3697916666666667 0.52578125 0.0020833333333333333 0.0015625
1 0.7875 0.52109375 0.004166666666666667 0.0015625
1 0.778125 0.51953125 0.0020833333333333333 0.0015625
1 0.17604166666666668 0.51953125 0.0020833333333333333 0.0015625
1 0.196875 0.51796875 0.0020833333333333333 0.0015625
1 0.1875 0.51796875 0.0125 0.0015625
1 0.7885416666666667 0.50859375 0.010416666666666666 0.0078125
1 0.765625 0.50546875 0.00625 0.0015625
1 0.32395833333333335 0.49765625 0.0020833333333333333 0.0015625
1 0.31979166666666664 0.49609375 0.0020833333333333333 0.0015625
1 0.7760416666666666 0.49453125 0.0020833333333333333 0.0015625
1 0.2552083333333333 0.50859375 0.09791666666666667 0.0328125
1 0.784375 0.49296875 0.00625 0.0046875
1 0.7708333333333334 0.49296875 0.004166666666666667 0.0046875
1 0.778125 0.48828125 0.0020833333333333333 0.0015625
1 0.703125 0.453125 0.0020833333333333333 0.003125
1 0.665625 0.44765625 0.0020833333333333333 0.0015625
1 0.23645833333333333 0.43984375 0.0020833333333333333 0.0015625
1 0.7270833333333333 0.43125 0.004166666666666667 0.003125
1 0.728125 0.42734375 0.0020833333333333333 0.0015625
1 0.7385416666666667 0.41953125 0.0020833333333333333 0.0015625
1 0.734375 0.41796875 0.0020833333333333333 0.0015625
1 0.23645833333333333 0.403125 0.00625 0.00625
1 0.8135416666666667 0.34140625 0.0020833333333333333 0.0015625
1 0.6614583333333334 0.3390625 0.00625 0.003125
1 0.821875 0.3296875 0.0020833333333333333 0.003125
1 0.7645833333333333 0.32734375 0.004166666666666667 0.0015625
1 0.821875 0.32578125 0.0020833333333333333 0.0015625
1 0.6625 0.321875 0.004166666666666667 0.003125
1 0.7322916666666667 0.31953125 0.0020833333333333333 0.0015625
1 0.6291666666666667 0.32109375 0.004166666666666667 0.0046875
1 0.6375 0.32109375 0.008333333333333333 0.0078125
1 0.7239583333333334 0.3171875 0.0020833333333333333 0.003125
1 0.7302083333333333 0.315625 0.00625 0.003125
1 0.8427083333333333 0.31328125 0.0020833333333333333 0.0015625
1 0.8052083333333333 0.3203125 0.07291666666666667 0.015625
1 0.409375 0.31328125 0.0020833333333333333 0.0015625
1 0.40520833333333334 0.31328125 0.0020833333333333333 0.0015625
1 0.7072916666666667 0.309375 0.014583333333333334 0.00625
1 0.7104166666666667 0.30546875 0.004166666666666667 0.0015625
1 0.6864583333333333 0.30234375 0.0020833333333333333 0.0015625
1 0.640625 0.303125 0.07708333333333334 0.021875
1 0.5354166666666667 0.2921875 0.004166666666666667 0.003125
1 0.15416666666666667 0.29140625 0.004166666666666667 0.0015625
1 0.2520833333333333 0.28828125 0.004166666666666667 0.0015625
1 0.24479166666666666 0.28671875 0.0020833333333333333 0.0015625
1 0.16875 0.28671875 0.020833333333333332 0.0078125
1 0.8541666666666666 0.2734375 0.004166666666666667 0.003125
1 0.23125 0.27265625 0.004166666666666667 0.0015625
1 0.21770833333333334 0.27265625 0.03125 0.0234375
1 0.19895833333333332 0.253125 0.0020833333333333333 0.00625
1 0.8864583333333333 0.24765625 0.0020833333333333333 0.0015625
1 0.16145833333333334 0.24140625 0.0020833333333333333 0.0015625
1 0.26875 0.25078125 0.020833333333333332 0.0328125
1 0.027083333333333334 0.23671875 0.004166666666666667 0.0046875
1 0.00625 0.2390625 0.0125 0.015625
1 0.017708333333333333 0.228125 0.0020833333333333333 0.003125
1 0.553125 0.22421875 0.0020833333333333333 0.0015625
1 0.23645833333333333 0.22265625 0.0020833333333333333 0.0015625
1 0.23645833333333333 0.21953125 0.0020833333333333333 0.0015625
1 0.023958333333333335 0.225 0.00625 0.015625
1 0.010416666666666666 0.21953125 0.020833333333333332 0.0109375
1 0.06041666666666667 0.21015625 0.004166666666666667 0.0015625
1 0.04479166666666667 0.21640625 0.03125 0.0140625
1 0.8760416666666667 0.20625 0.00625 0.003125
1 0.06041666666666667 0.203125 0.004166666666666667 0.003125
1 0.15104166666666666 0.20078125 0.0020833333333333333 0.0015625
1 0.08229166666666667 0.20078125 0.0020833333333333333 0.0015625
1 0.5385416666666667 0.19765625 0.0020833333333333333 0.0015625
1 0.071875 0.20546875 0.014583333333333334 0.0171875
1 0.15208333333333332 0.19609375 0.004166666666666667 0.0015625
1 0.16875 0.19296875 0.008333333333333333 0.0046875
1 0.503125 0.18984375 0.0020833333333333333 0.0015625
1 0.12916666666666668 0.18984375 0.004166666666666667 0.0015625
1 0.415625 0.18828125 0.0020833333333333333 0.0015625
1 0.5166666666666667 0.18671875 0.004166666666666667 0.0015625
1 0.225 0.18984375 0.016666666666666666 0.0109375
1 0.5041666666666667 0.43984375 0.725 0.5265625
1 0.6270833333333333 0.1796875 0.016666666666666666 0.00625
1 0.22291666666666668 0.1953125 0.06666666666666667 0.040625
1 0.19479166666666667 0.17265625 0.0020833333333333333 0.0015625
1 0.190625 0.171875 0.0020833333333333333 0.003125
1 0.12291666666666666 0.17421875 0.0125 0.0109375
1 0.028125 0.18984375 0.05625 0.0453125
1 0.15729166666666666 0.1609375 0.0020833333333333333 0.003125
1 0.146875 0.1671875 0.014583333333333334 0.015625
1 0.12083333333333333 0.15859375 0.004166666666666667 0.0015625
1 0.7697916666666667 0.2296875 0.22708333333333333 0.146875
1 0.246875 0.14609375 0.0020833333333333333 0.0015625
1 0.21979166666666666 0.14453125 0.0020833333333333333 0.0015625
1 0.8114583333333333 0.14296875 0.022916666666666665 0.0078125
1 0.01875 0.1484375 0.03333333333333333 0.01875
1 0.22083333333333333 0.13828125 0.004166666666666667 0.0015625
1 0.23020833333333332 0.13671875 0.0020833333333333333 0.0015625
1 0.8489583333333334 0.140625 0.07291666666666667 0.015625
1 0.7604166666666666 0.15 0.06666666666666667 0.034375
1 0.21145833333333333 0.13203125 0.0020833333333333333 0.0015625
1 0.09166666666666666 0.16484375 0.10416666666666667 0.0734375
1 0.4791666666666667 0.12734375 0.004166666666666667 0.0015625
1 0.540625 0.1546875 0.13541666666666666 0.065625
1 0.40208333333333335 0.12421875 0.004166666666666667 0.0046875
1 0.18541666666666667 0.12578125 0.008333333333333333 0.0078125
1 0.8395833333333333 0.12265625 0.07083333333333333 0.0109375
1 0.6135416666666667 0.12578125 0.13125 0.0359375
1 0.896875 0.10703125 0.0020833333333333333 0.0015625
1 0.7635416666666667 0.1078125 0.0020833333333333333 0.003125
1 0.00625 0.1109375 0.0125 0.009375
1 0.10104166666666667 0.10390625 0.0020833333333333333 0.0015625
1 0.22083333333333333 0.11796875 0.0375 0.0328125
1 0.19583333333333333 0.1046875 0.008333333333333333 0.00625
1 0.75 0.10234375 0.0125 0.0046875
1 0.709375 0.1171875 0.06041666666666667 0.034375
1 0.00625 0.1015625 0.0125 0.003125
1 0.8739583333333333 0.1015625 0.014583333333333334 0.00625
1 0.228125 0.0984375 0.010416666666666666 0.003125
1 0.09479166666666666 0.0984375 0.00625 0.003125
1 0.06979166666666667 0.11171875 0.08541666666666667 0.0359375
1 0.9729166666666667 0.09375 0.004166666666666667 0.00625
1 0.9677083333333333 0.09453125 0.0020833333333333333 0.0078125
1 0.6583333333333333 0.09140625 0.016666666666666666 0.0046875
1 0.621875 0.090625 0.00625 0.00625
1 0.215625 0.0921875 0.014583333333333334 0.009375
1 0.1625 0.0953125 0.04583333333333333 0.021875
1 0.09791666666666667 0.08671875 0.029166666666666667 0.0140625
1 0.42916666666666664 0.071875 0.008333333333333333 0.00625
1 0.005208333333333333 0.07734375 0.010416666666666666 0.0234375
1 0.26145833333333335 0.07265625 0.027083333333333334 0.0203125
1 0.21458333333333332 0.0671875 0.0375 0.009375
1 0.053125 0.078125 0.07291666666666667 0.03125
1 0.9958333333333333 0.0609375 0.008333333333333333 0.00625
1 0.978125 0.0671875 0.027083333333333334 0.021875
1 0.7697916666666667 0.05859375 0.014583333333333334 0.0046875
1 0.253125 0.05234375 0.0020833333333333333 0.0015625
1 0.13125 0.0515625 0.004166666666666667 0.003125
1 0.010416666666666666 0.053125 0.008333333333333333 0.00625
1 0.409375 0.084375 0.08541666666666667 0.071875
1 0.21354166666666666 0.05234375 0.03125 0.0109375
1 0.16979166666666667 0.04765625 0.00625 0.0046875
1 0.09895833333333333 0.046875 0.03125 0.0125
1 0.6677083333333333 0.03828125 0.0020833333333333333 0.0015625
1 0.4864583333333333 0.0546875 0.022916666666666665 0.040625
1 0.9354166666666667 0.04765625 0.025 0.0296875
1 0.14270833333333333 0.03984375 0.035416666666666666 0.0171875
1 0.10520833333333333 0.03046875 0.0020833333333333333 0.0015625
1 0.11041666666666666 0.0296875 0.004166666666666667 0.003125
1 0.08541666666666667 0.03046875 0.016666666666666666 0.0078125
1 0.7302083333333333 0.0328125 0.022916666666666665 0.015625
1 0.47708333333333336 0.02890625 0.004166666666666667 0.0078125
1 0.271875 0.028125 0.022916666666666665 0.009375
1 0.115625 0.02421875 0.0020833333333333333 0.0015625
1 0.10208333333333333 0.0234375 0.004166666666666667 0.003125
1 0.25625 0.02109375 0.0125 0.0109375
1 0.09583333333333334 0.0171875 0.004166666666666667 0.003125
1 0.21145833333333333 0.025 0.07291666666666667 0.021875
1 0.04375 0.01640625 0.004166666666666667 0.0046875
1 0.109375 0.015625 0.014583333333333334 0.009375
1 0.04479166666666667 0.01171875 0.0020833333333333333 0.0015625
1 0.875 0.015625 0.016666666666666666 0.01875
1 0.078125 0.01171875 0.014583333333333334 0.0109375
1 0.04791666666666667 0.00625 0.004166666666666667 0.003125
1 0.7916666666666666 0.003125 0.016666666666666666 0.00625
1 0.6291666666666667 0.04765625 0.15833333333333333 0.0953125
1 0.4125 0.0125 0.020833333333333332 0.025
1 0.3416666666666667 0.01640625 0.0375 0.0328125
1 0.3020833333333333 0.01171875 0.0125 0.0234375
1 0.234375 0.00078125 0.00625 0.0015625
1 0.165625 0.009375 0.022916666666666665 0.01875
1 0.13645833333333332 0.015625 0.03125 0.03125
1 0.10208333333333333 0.003125 0.020833333333333332 0.00625
1 0.019791666666666666 0.01171875 0.03958333333333333 0.0234375
