0 0.33645833333333336 0.92578125 0.0020833333333333333 0.0015625
0 0.29791666666666666 0.8734375 0.004166666666666667 0.003125
0 0.315625 0.86640625 0.00625 0.0046875
0 0.3333333333333333 0.86171875 0.0125 0.0078125
0 0.346875 0.85390625 0.00625 0.0078125
0 0.36354166666666665 0.8484375 0.00625 0.00625
0 0.030208333333333334 0.840625 0.0020833333333333333 0.003125
0 0.3020833333333333 0.77734375 0.004166666666666667 0.0015625
0 0.2864583333333333 0.765625 0.00625 0.003125
0 0.509375 0.75234375 0.0020833333333333333 0.0015625
0 0.23229166666666667 0.73828125 0.0020833333333333333 0.0015625
0 0.17604166666666668 0.72421875 0.0020833333333333333 0.0015625
0 0.7052083333333333 0.72109375 0.07291666666666667 0.0234375
0 0.5052083333333334 0.69921875 0.00625 0.0015625
0 0.5291666666666667 0.69609375 0.008333333333333333 0.0046875
0 0.553125 0.69296875 0.0020833333333333333 0.0015625
0 0.5489583333333333 0.69296875 0.0020833333333333333 0.0015625
0 0.50625 0.69375 0.008333333333333333 0.003125
0 0.6229166666666667 0.69609375 0.04583333333333333 0.0109375
0 0.5708333333333333 0.6921875 0.029166666666666667 0.00625
0 0.28854166666666664 0.6640625 0.00625 0.00625
0 0.240625 0.6046875 0.027083333333333334 0.0125
0 0.221875 0.59765625 0.0020833333333333333 0.0015625
0 0.21666666666666667 0.59609375 0.004166666666666667 0.0015625
0 0.17708333333333334 0.5921875 0.004166666666666667 0.003125
0 0.20520833333333333 0.58828125 0.0020833333333333333 0.0015625
0 0.3229166666666667 0.58515625 0.020833333333333332 0.0171875
0 0.453125 0.47265625 0.0020833333333333333 0.0015625
0 0.48854166666666665 0.46171875 0.0020833333333333333 0.0015625
0 0.5135416666666667 0.45546875 0.0020833333333333333 0.0015625
0 0.5208333333333334 0.409375 0.016666666666666666 0.009375
0 0.3416666666666667 0.28125 0.008333333333333333 0.00625
0 0.6552083333333333 0.21328125 0.04791666666666667 0.0359375
0 0.6802083333333333 0.19140625 0.0020833333333333333 0.0015625
0 0.6864583333333333 0.18984375 0.0020833333333333333 0.0015625
0 0.0010416666666666667 0.18046875 0.0020833333333333333 0.0015625
0 0.06145833333333333 0.03203125 0.0020833333333333333 0.0015625
1 0.4375 0.99921875 0.004166666666666667 0.0015625
1 0.03854166666666667 0.98984375 0.0020833333333333333 0.0015625
1 0.036458333333333336 0.98046875 0.0020833333333333333 0.0015625
1 0.4114583333333333 0.97890625 0.0020833333333333333 0.0015625
1 0.057291666666666664 0.97578125 0.0020833333333333333 0.0015625
1 0.05520833333333333 0.97265625 0.0020833333333333333 0.0015625
1 0.43020833333333336 0.9765625 0.03958333333333333 0.021875
1 0.3854166666666667 0.96796875 0.004166666666666667 0.0046875
1 0.042708333333333334 0.97109375 0.022916666666666665 0.0140625
1 0.4083333333333333 0.959375 0.008333333333333333 0.009375
1 0.36770833333333336 0.95703125 0.00625 0.0046875
1 0.17291666666666666 0.95625 0.004166666666666667 0.003125
1 0.17604166666666668 0.95234375 0.0020833333333333333 0.0015625
1 0.39479166666666665 0.95078125 0.0020833333333333333 0.0015625
1 0.09583333333333334 0.9515625 0.004166666666666667 0.003125
1 0.24270833333333333 0.946875 0.010416666666666666 0.003125
1 0.38645833333333335 0.9453125 0.00625 0.003125
1 0.3802083333333333 0.94609375 0.00625 0.0046875
1 0.35104166666666664 0.94453125 0.0020833333333333333 0.0015625
1 0.23333333333333334 0.9453125 0.004166666666666667 0.003125
1 0.17083333333333334 0.94296875 0.004166666666666667 0.0015625
1 0.21770833333333334 0.9421875 0.022916666666666665 0.00625
1 0.3770833333333333 0.9390625 0.004166666666666667 0.003125
1 0.11145833333333334 0.959375 0.11041666666666666 0.04375
1 0.3645833333333333 0.9375 0.004166666666666667 0.003125
1 0.203125 0.9375 0.00625 0.003125
1 0.3260416666666667 0.93125 0.00625 0.003125
1 0.196875 0.92734375 0.0020833333333333333 0.0015625
1 0.11666666666666667 0.93046875 0.016666666666666666 0.0078125
1 0.13229166666666667 0.92578125 0.0020833333333333333 0.0015625
1 0.06354166666666666 0.92734375 0.00625 0.0046875
1 0.014583333333333334 0.92734375 0.004166666666666667 0.0046875
1 0.17604166666666668 0.93046875 0.04375 0.0171875
1 0.328125 0.921875 0.014583333333333334 0.00625
1 0.071875 0.91953125 0.0020833333333333333 0.0015625
1 0.3260416666666667 0.91484375 0.0020833333333333333 0.0015625
1 0.28020833333333334 0.909375 0.00625 0.003125
1 0.340625 0.90390625 0.0020833333333333333 0.0015625
1 0.05520833333333333 0.9046875 0.00625 0.003125
1 0.04895833333333333 0.90390625 0.0020833333333333333 0.0015625
1 0.603125 0.90390625 0.0020833333333333333 0.0046875
1 0.26979166666666665 0.90234375 0.0020833333333333333 0.0015625
1 0.0375 0.90234375 0.004166666666666667 0.0015625
1 0.075 0.89921875 0.004166666666666667 0.0015625
1 0.196875 0.89609375 0.0020833333333333333 0.0015625
1 0.06979166666666667 0.89609375 0.0020833333333333333 0.0015625
1 0.041666666666666664 0.89765625 0.0125 0.0046875
1 0.16979166666666667 0.89453125 0.0020833333333333333 0.0015625
1 0.159375 0.89140625 0.0020833333333333333 0.0015625
1 0.21770833333333334 0.88984375 0.0020833333333333333 0.0015625
1 0.1625 0.88671875 0.004166666666666667 0.0015625
1 0.284375 0.91015625 0.035416666666666666 0.0546875
1 0.278125 0.88359375 0.0020833333333333333 0.0015625
1 0.271875 0.88203125 0.0020833333333333333 0.0015625
1 0.16145833333333334 0.8828125 0.00625 0.003125
1 0.3104166666666667 0.88046875 0.004166666666666667 0.0046875
1 0.015625 0.87890625 0.0020833333333333333 0.0015625
1 0.008333333333333333 0.87734375 0.004166666666666667 0.0015625
1 0.6041666666666666 0.88125 0.008333333333333333 0.0125
1 0.228125 0.87265625 0.0020833333333333333 0.0015625
1 0.21666666666666667 0.86640625 0.004166666666666667 0.0015625
1 0.33958333333333335 0.88984375 0.041666666666666664 0.0546875
1 0.3645833333333333 0.86328125 0.004166666666666667 0.0046875
1 0.37604166666666666 0.86015625 0.0020833333333333333 0.0015625
1 0.56875 0.85859375 0.004166666666666667 0.0015625
1 0.4010416666666667 0.85546875 0.0020833333333333333 0.0015625
1 0.38958333333333334 0.85625 0.016666666666666666 0.003125
1 0.08020833333333334 0.8546875 0.0020833333333333333 0.003125
1 0.5822916666666667 0.85078125 0.0020833333333333333 0.0015625
1 0.3572916666666667 0.8515625 0.0020833333333333333 0.003125
1 0.528125 0.84921875 0.0020833333333333333 0.0015625
1 0.4427083333333333 0.85234375 0.022916666666666665 0.0109375
1 0.46770833333333334 0.84609375 0.0020833333333333333 0.0015625
1 0.190625 0.84453125 0.0020833333333333333 0.0015625
1 0.017708333333333333 0.8453125 0.0020833333333333333 0.003125
1 0.5072916666666667 0.84296875 0.0020833333333333333 0.0015625
1 0.46770833333333334 0.84296875 0.0020833333333333333 0.0015625
1 0.365625 0.84296875 0.0020833333333333333 0.0015625
1 0.35520833333333335 0.84453125 0.00625 0.0046875
1 0.25104166666666666 0.84296875 0.0020833333333333333 0.0015625
1 0.07083333333333333 0.84375 0.004166666666666667 0.003125
1 0.578125 0.84140625 0.0020833333333333333 0.0015625
1 0.5666666666666667 0.84453125 0.025 0.0109375
1 0.49270833333333336 0.83984375 0.0020833333333333333 0.0015625
1 0.36666666666666664 0.83984375 0.004166666666666667 0.0015625
1 0.5197916666666667 0.83828125 0.0020833333333333333 0.0015625
1 0.5364583333333334 0.83671875 0.0020833333333333333 0.0015625
1 0.515625 0.83671875 0.0020833333333333333 0.0015625
1 0.3802083333333333 0.83671875 0.0020833333333333333 0.0015625
1 0.5291666666666667 0.83515625 0.004166666666666667 0.0015625
1 0.246875 0.83515625 0.0020833333333333333 0.0015625
1 0.19895833333333332 0.83515625 0.0020833333333333333 0.0015625
1 0.5583333333333333 0.834375 0.004166666666666667 0.003125
1 0.540625 0.83203125 0.0020833333333333333 0.0015625
1 0.5135416666666667 0.83203125 0.0020833333333333333 0.0015625
1 0.509375 0.83203125 0.0020833333333333333 0.0015625
1 0.4197916666666667 0.83203125 0.0020833333333333333 0.0015625
1 0.3875 0.834375 0.008333333333333333 0.00625
1 0.14166666666666666 0.83203125 0.004166666666666667 0.0015625
1 0.13541666666666666 0.83203125 0.004166666666666667 0.0015625
1 0.5052083333333334 0.83046875 0.0020833333333333333 0.0015625
1 0.07083333333333333 0.8359375 0.008333333333333333 0.0125
1 0.528125 0.82890625 0.0020833333333333333 0.0015625
1 0.496875 0.8328125 0.00625 0.009375
1 0.11145833333333334 0.82890625 0.0020833333333333333 0.0015625
1 0.5104166666666666 0.828125 0.004166666666666667 0.003125
1 0.43020833333333336 0.828125 0.00625 0.003125
1 0.49270833333333336 0.82578125 0.0020833333333333333 0.0015625
1 0.47604166666666664 0.82578125 0.0020833333333333333 0.0015625
1 0.10416666666666667 0.8265625 0.004166666666666667 0.003125
1 0.06979166666666667 0.82578125 0.0020833333333333333 0.0015625
1 0.08854166666666667 0.8734375 0.13541666666666666 0.096875
1 0.421875 0.82109375 0.0020833333333333333 0.0015625
1 0.42916666666666664 0.821875 0.0125 0.00625
1 0.165625 0.81796875 0.0020833333333333333 0.0015625
1 0.07604166666666666 0.81796875 0.0020833333333333333 0.0015625
1 0.021875 0.81640625 0.0020833333333333333 0.0015625
1 0.06979166666666667 0.81796875 0.00625 0.0078125
1 0.010416666666666666 0.82734375 0.020833333333333332 0.0265625
1 0.271875 0.81328125 0.0020833333333333333 0.0015625
1 0.15729166666666666 0.81328125 0.0020833333333333333 0.0015625
1 0.08229166666666667 0.81328125 0.0020833333333333333 0.0015625
1 0.10416666666666667 0.81796875 0.03333333333333333 0.0140625
1 0.128125 0.81796875 0.06458333333333334 0.0234375
1 0.2864583333333333 0.80625 0.0020833333333333333 0.003125
1 0.19270833333333334 0.80390625 0.0020833333333333333 0.0015625
1 0.28229166666666666 0.8015625 0.00625 0.009375
1 0.2916666666666667 0.79765625 0.004166666666666667 0.0046875
1 0.09895833333333333 0.79453125 0.0020833333333333333 0.0015625
1 0.28541666666666665 0.7921875 0.008333333333333333 0.00625
1 0.08229166666666667 0.78984375 0.0020833333333333333 0.0015625
1 0.017708333333333333 0.78671875 0.0020833333333333333 0.0015625
1 0.07604166666666666 0.78671875 0.00625 0.0046875
1 0.030208333333333334 0.784375 0.03125 0.009375
1 0.2875 0.78203125 0.008333333333333333 0.0078125
1 0.08854166666666667 0.7796875 0.0020833333333333333 0.003125
1 0.096875 0.7734375 0.0020833333333333333 0.003125
1 0.803125 0.7765625 0.010416666666666666 0.0125
1 0.2875 0.77421875 0.008333333333333333 0.0078125
1 0.7958333333333333 0.76796875 0.004166666666666667 0.0015625
1 0.5020833333333333 0.76953125 0.004166666666666667 0.0078125
1 0.11041666666666666 0.7671875 0.008333333333333333 0.003125
1 0.5083333333333333 0.7953125 0.020833333333333332 0.0625
1 0.5010416666666667 0.76328125 0.0020833333333333333 0.0015625
1 0.3 0.7640625 0.004166666666666667 0.003125
1 0.271875 0.76796875 0.010416666666666666 0.0109375
1 0.14583333333333334 0.76640625 0.0125 0.0140625
1 0.28229166666666666 0.75859375 0.0020833333333333333 0.0015625
1 0.4947916666666667 0.75703125 0.0020833333333333333 0.0015625
1 0.12291666666666666 0.7609375 0.0125 0.009375
1 0.2760416666666667 0.75546875 0.0020833333333333333 0.0015625
1 0.13333333333333333 0.75625 0.004166666666666667 0.003125
1 0.140625 0.7546875 0.00625 0.00625
1 0.49270833333333336 0.74765625 0.0020833333333333333 0.0015625
1 0.2125 0.746875 0.004166666666666667 0.003125
1 0.7760416666666666 0.74921875 0.01875 0.0109375
1 0.4510416666666667 0.746875 0.010416666666666666 0.00625
1 0.41770833333333335 0.74453125 0.0020833333333333333 0.0015625
1 0.22083333333333333 0.74921875 0.0125 0.0109375
1 0.746875 0.74296875 0.0020833333333333333 0.0015625
1 0.12604166666666666 0.74453125 0.00625 0.0046875
1 0.20104166666666667 0.73828125 0.0020833333333333333 0.0015625
1 0.7583333333333333 0.7375 0.004166666666666667 0.003125
1 0.07291666666666667 0.73359375 0.004166666666666667 0.0015625
1 0.1 0.7515625 0.04583333333333333 0.040625
1 0.11145833333333334 0.73046875 0.0020833333333333333 0.0015625
1 0.20208333333333334 0.7265625 0.004166666666666667 0.003125
1 0.7364583333333333 0.72421875 0.0020833333333333333 0.0015625
1 0.13125 0.73046875 0.03333333333333333 0.0265625
1 0.15729166666666666 0.71484375 0.0020833333333333333 0.0015625
1 0.14270833333333333 0.70703125 0.0020833333333333333 0.0015625
1 0.06770833333333333 0.69921875 0.0020833333333333333 0.0015625
1 0.6364583333333333 0.69296875 0.0020833333333333333 0.0015625
1 0.5166666666666667 0.68828125 0.004166666666666667 0.0015625
1 0.528125 0.68671875 0.0020833333333333333 0.0015625
1 0.19895833333333332 0.67890625 0.0020833333333333333 0.0015625
1 0.19583333333333333 0.67734375 0.008333333333333333 0.0078125
1 0.3854166666666667 0.775 0.23333333333333334 0.215625
1 0.10625 0.66328125 0.004166666666666667 0.0015625
1 0.3260416666666667 0.66328125 0.00625 0.0078125
1 0.30104166666666665 0.66015625 0.0020833333333333333 0.0015625
1 0.17604166666666668 0.65390625 0.0020833333333333333 0.0015625
1 0.30520833333333336 0.646875 0.014583333333333334 0.021875
1 0.31145833333333334 0.63359375 0.0020833333333333333 0.0015625
1 0.315625 0.63046875 0.0020833333333333333 0.0015625
1 0.06666666666666667 0.62890625 0.004166666666666667 0.0015625
1 0.31354166666666666 0.62734375 0.0020833333333333333 0.0015625
1 0.07395833333333333 0.62578125 0.0020833333333333333 0.0015625
1 0.034375 0.62109375 0.0020833333333333333 0.0015625
1 0.059375 0.61953125 0.0020833333333333333 0.0015625
1 0.165625 0.61640625 0.0020833333333333333 0.0015625
1 0.23125 0.76328125 0.1625 0.2984375
1 0.20520833333333333 0.61640625 0.010416666666666666 0.0078125
1 0.29270833333333335 0.61171875 0.0020833333333333333 0.0015625
1 0.26145833333333335 0.6109375 0.00625 0.003125
1 0.22395833333333334 0.60859375 0.0020833333333333333 0.0015625
1 0.009375 0.60859375 0.0020833333333333333 0.0015625
1 0.29583333333333334 0.60625 0.008333333333333333 0.00625
1 0.21458333333333332 0.60390625 0.0125 0.0078125
1 0.22604166666666667 0.596875 0.0020833333333333333 0.003125
1 0.5802083333333333 0.59453125 0.00625 0.0015625
1 0.5708333333333333 0.59140625 0.004166666666666667 0.0046875
1 0.042708333333333334 0.58984375 0.00625 0.0046875
1 0.575 0.5875 0.004166666666666667 0.003125
1 0.309375 0.58515625 0.0020833333333333333 0.0015625
1 0.025 0.60078125 0.05 0.0328125
1 0.015625 0.58046875 0.0020833333333333333 0.0015625
1 0.5854166666666667 0.57734375 0.0125 0.0296875
1 0.20729166666666668 0.57578125 0.03125 0.0359375
1 0.19479166666666667 0.55859375 0.0020833333333333333 0.0015625
1 0.5083333333333333 0.57109375 0.1125 0.0328125
1 0.07395833333333333 0.54453125 0.0020833333333333333 0.0015625
1 0.07708333333333334 0.53515625 0.004166666666666667 0.0015625
1 0.09895833333333333 0.61875 0.19791666666666666 0.225
1 0.1125 0.4984375 0.004166666666666667 0.003125
1 0.4114583333333333 0.49609375 0.0020833333333333333 0.0015625
1 0.41770833333333335 0.48515625 0.0020833333333333333 0.0015625
1 0.31354166666666666 0.48359375 0.0020833333333333333 0.0015625
1 0.9354166666666667 0.46875 0.004166666666666667 0.009375
1 0.33229166666666665 0.46328125 0.0020833333333333333 0.0015625
1 0.25 0.4609375 0.008333333333333333 0.00625
1 0.253125 0.45703125 0.0020833333333333333 0.0015625
1 0.29270833333333335 0.45546875 0.0020833333333333333 0.0015625
1 0.5010416666666667 0.459375 0.014583333333333334 0.0125
1 0.3697916666666667 0.45390625 0.0020833333333333333 0.0015625
1 0.29791666666666666 0.4515625 0.004166666666666667 0.003125
1 0.5614583333333333 0.44921875 0.0020833333333333333 0.0015625
1 0.28541666666666665 0.4515625 0.008333333333333333 0.00625
1 0.36041666666666666 0.4484375 0.004166666666666667 0.003125
1 0.50625 0.4484375 0.004166666666666667 0.00625
1 0.5802083333333333 0.44453125 0.0020833333333333333 0.0015625
1 0.5583333333333333 0.44453125 0.004166666666666667 0.0015625
1 0.5958333333333333 0.44375 0.008333333333333333 0.003125
1 0.5885416666666666 0.44296875 0.0020833333333333333 0.0015625
1 0.5822916666666667 0.44140625 0.00625 0.0015625
1 0.5958333333333333 0.43984375 0.004166666666666667 0.0015625
1 0.584375 0.4390625 0.014583333333333334 0.003125
1 0.565625 0.4390625 0.00625 0.003125
1 0.38333333333333336 0.43828125 0.004166666666666667 0.0046875
1 0.371875 0.4421875 0.01875 0.015625
1 0.33125 0.4703125 0.0625 0.075
1 0.371875 0.43203125 0.0020833333333333333 0.0015625
1 0.390625 0.43046875 0.00625 0.0046875
1 0.4114583333333333 0.42734375 0.0020833333333333333 0.0015625
1 0.38229166666666664 0.425 0.00625 0.00625
1 0.2947916666666667 0.42265625 0.0020833333333333333 0.0015625
1 0.290625 0.41796875 0.0020833333333333333 0.0015625
1 0.284375 0.41640625 0.0020833333333333333 0.0015625
1 0.55 0.48125 0.07916666666666666 0.140625
1 0.2708333333333333 0.40859375 0.016666666666666666 0.0109375
1 0.40208333333333335 0.41328125 0.03333333333333333 0.0234375
1 0.28854166666666664 0.40078125 0.0020833333333333333 0.0015625
1 0.24895833333333334 0.39375 0.00625 0.003125
1 0.5010416666666667 0.38984375 0.00625 0.0078125
1 0.23229166666666667 0.384375 0.00625 0.003125
1 0.703125 0.37421875 0.0020833333333333333 0.0015625
1 0.8125 0.34453125 0.004166666666666667 0.0046875
1 0.8041666666666667 0.340625 0.0125 0.009375
1 0.7489583333333333 0.33671875 0.00625 0.0046875
1 0.784375 0.32578125 0.0020833333333333333 0.0015625
1 0.840625 0.32421875 0.0020833333333333333 0.0015625
1 0.7864583333333334 0.32109375 0.0020833333333333333 0.0015625
1 0.8364583333333333 0.3203125 0.0020833333333333333 0.003125
1 0.328125 0.32109375 0.010416666666666666 0.0078125
1 0.6958333333333333 0.34140625 0.041666666666666664 0.0609375
1 0.37083333333333335 0.30234375 0.004166666666666667 0.0015625
1 0.6520833333333333 0.303125 0.025 0.015625
1 0.9760416666666667 0.29453125 0.0020833333333333333 0.0015625
1 0.484375 0.29609375 0.00625 0.0046875
1 0.971875 0.29296875 0.0020833333333333333 0.0015625
1 0.9927083333333333 0.28984375 0.0020833333333333333 0.0015625
1 0.971875 0.28984375 0.0020833333333333333 0.0015625
1 0.484375 0.290625 0.0020833333333333333 0.003125
1 0.48854166666666665 0.2890625 0.0020833333333333333 0.003125
1 0.259375 0.28828125 0.0020833333333333333 0.0015625
1 0.265625 0.28671875 0.0020833333333333333 0.0015625
1 0.2625 0.284375 0.004166666666666667 0.003125
1 0.25416666666666665 0.284375 0.004166666666666667 0.003125
1 0.5572916666666666 0.27265625 0.0020833333333333333 0.0015625
1 0.4666666666666667 0.27109375 0.004166666666666667 0.0015625
1 0.17291666666666666 0.2703125 0.004166666666666667 0.003125
1 0.48333333333333334 0.27890625 0.016666666666666666 0.0234375
1 0.46979166666666666 0.26328125 0.0020833333333333333 0.0015625
1 0.42916666666666664 0.26484375 0.004166666666666667 0.0046875
1 0.5010416666666667 0.2625 0.0020833333333333333 0.003125
1 0.4427083333333333 0.26015625 0.0020833333333333333 0.0015625
1 0.534375 0.26015625 0.0020833333333333333 0.0046875
1 0.5260416666666666 0.25859375 0.0020833333333333333 0.0015625
1 0.43020833333333336 0.25703125 0.0020833333333333333 0.0015625
1 0.7489583333333333 0.25546875 0.0020833333333333333 0.0015625
1 0.7385416666666667 0.25546875 0.0020833333333333333 0.0015625
1 0.978125 0.2734375 0.03958333333333333 0.040625
1 0.428125 0.25390625 0.0020833333333333333 0.0015625
1 0.7447916666666666 0.25234375 0.0020833333333333333 0.0015625
1 0.43333333333333335 0.25234375 0.004166666666666667 0.0015625
1 0.5479166666666667 0.2515625 0.004166666666666667 0.003125
1 0.984375 0.24921875 0.0020833333333333333 0.0015625
1 0.5177083333333333 0.24921875 0.0020833333333333333 0.0015625
1 0.5135416666666667 0.25 0.0020833333333333333 0.003125
1 0.44375 0.25234375 0.004166666666666667 0.0078125
1 0.4864583333333333 0.24765625 0.0020833333333333333 0.0015625
1 0.7458333333333333 0.24609375 0.004166666666666667 0.0015625
1 0.6864583333333333 0.24609375 0.0020833333333333333 0.0015625
1 0.521875 0.24609375 0.0020833333333333333 0.0015625
1 0.33645833333333336 0.27890625 0.09375 0.0671875
1 0.6822916666666666 0.24453125 0.0020833333333333333 0.0015625
1 0.6364583333333333 0.24453125 0.0020833333333333333 0.0015625
1 0.534375 0.25078125 0.022916666666666665 0.0140625
1 0.5135416666666667 0.24453125 0.0020833333333333333 0.0015625
1 0.5 0.2546875 0.03333333333333333 0.021875
1 0.746875 0.24140625 0.0020833333333333333 0.0015625
1 0.5260416666666666 0.38046875 0.22291666666666668 0.2890625
1 0.18333333333333332 0.2515625 0.025 0.03125
1 0.46041666666666664 0.24765625 0.05 0.0359375
1 0.45729166666666665 0.23046875 0.0020833333333333333 0.0015625
1 0.4479166666666667 0.2296875 0.004166666666666667 0.003125
1 0.8052083333333333 0.22109375 0.0020833333333333333 0.0015625
1 0.459375 0.22109375 0.0020833333333333333 0.0015625
1 0.8052083333333333 0.21484375 0.0020833333333333333 0.0046875
1 0.8114583333333333 0.21015625 0.0020833333333333333 0.0015625
1 0.13645833333333332 0.21640625 0.01875 0.0203125
1 0.057291666666666664 0.20234375 0.0020833333333333333 0.0015625
1 0.053125 0.203125 0.0020833333333333333 0.003125
1 0.06666666666666667 0.20234375 0.008333333333333333 0.0046875
1 0.04479166666666667 0.19921875 0.0020833333333333333 0.0015625
1 0.036458333333333336 0.19765625 0.0020833333333333333 0.0015625
1 0.078125 0.19453125 0.0020833333333333333 0.0015625
1 0.06666666666666667 0.18671875 0.004166666666666667 0.0015625
1 0.8041666666666667 0.19453125 0.0125 0.0328125
1 0.11354166666666667 0.17890625 0.00625 0.0078125
1 0.05 0.18125 0.025 0.015625
1 0.09895833333333333 0.19375 0.052083333333333336 0.04375
1 0.059375 0.17265625 0.0020833333333333333 0.0015625
1 0.06041666666666667 0.16796875 0.004166666666666667 0.0046875
1 0.04895833333333333 0.16015625 0.0020833333333333333 0.0015625
1 0.010416666666666666 0.175 0.020833333333333332 0.03125
1 0.058333333333333334 0.159375 0.008333333333333333 0.0125
1 0.03958333333333333 0.15625 0.016666666666666666 0.0125
1 0.090625 0.14921875 0.0020833333333333333 0.0015625
1 0.7364583333333333 0.14609375 0.0020833333333333333 0.0015625
1 0.22604166666666667 0.14609375 0.0020833333333333333 0.0015625
1 0.07604166666666666 0.1546875 0.022916666666666665 0.01875
1 0.228125 0.140625 0.0020833333333333333 0.003125
1 0.7375 0.1390625 0.008333333333333333 0.009375
1 0.23020833333333332 0.13515625 0.0020833333333333333 0.0015625
1 0.22708333333333333 0.13125 0.004166666666666667 0.003125
1 0.203125 0.12421875 0.0020833333333333333 0.0015625
1 0.26875 0.12265625 0.004166666666666667 0.0015625
1 0.21041666666666667 0.12265625 0.008333333333333333 0.0046875
1 0.065625 0.1328125 0.01875 0.025
1 0.25833333333333336 0.11796875 0.004166666666666667 0.0015625
1 0.26979166666666665 0.11640625 0.0020833333333333333 0.0015625
1 0.26458333333333334 0.1171875 0.004166666666666667 0.003125
1 0.265625 0.11328125 0.0020833333333333333 0.0015625
1 0.053125 0.11015625 0.0020833333333333333 0.0015625
1 0.253125 0.10703125 0.0020833333333333333 0.0015625
1 0.234375 0.1109375 0.01875 0.015625
1 0.25104166666666666 0.10078125 0.0020833333333333333 0.0015625
1 0.23645833333333333 0.10078125 0.0020833333333333333 0.0015625
1 0.09270833333333334 0.05703125 0.0020833333333333333 0.0015625
1 0.06458333333333334 0.03984375 0.004166666666666667 0.0046875
1 0.07708333333333334 0.0359375 0.0125 0.0125
2 0.058333333333333334 0.97421875 0.008333333333333333 0.0046875
2 0.384375 0.96640625 0.0020833333333333333 0.0015625
2 0.36770833333333336 0.95703125 0.00625 0.0046875
2 0.39479166666666665 0.95078125 0.0020833333333333333 0.0015625
2 0.11979166666666667 0.96015625 0.11041666666666666 0.0359375
2 0.1875 0.93828125 0.004166666666666667 0.0015625
2 0.38958333333333334 0.95703125 0.0625 0.0421875
2 0.3260416666666667 0.9296875 0.00625 0.003125
2 0.271875 0.92578125 0.00625 0.0046875
2 0.32916666666666666 0.92265625 0.016666666666666666 0.0078125
2 0.3260416666666667 0.91484375 0.0020833333333333333 0.0015625
2 0.340625 0.90390625 0.0020833333333333333 0.0015625
2 0.26979166666666665 0.90234375 0.0020833333333333333 0.0015625
2 0.225 0.90234375 0.020833333333333332 0.0078125
2 0.10625 0.90625 0.08333333333333333 0.015625
2 0.16979166666666667 0.89453125 0.0020833333333333333 0.0015625
2 0.33229166666666665 0.9046875 0.014583333333333334 0.025
2 0.159375 0.89140625 0.0020833333333333333 0.0015625
2 0.26875 0.890625 0.004166666666666667 0.003125
2 0.21770833333333334 0.88984375 0.0020833333333333333 0.0015625
2 0.1625 0.88671875 0.004166666666666667 0.0015625
2 0.16145833333333334 0.88359375 0.00625 0.0015625
2 0.240625 0.87734375 0.0020833333333333333 0.0015625
2 0.35520833333333335 0.87109375 0.00625 0.0078125
2 0.21770833333333334 0.86640625 0.0020833333333333333 0.0015625
2 0.321875 0.86484375 0.0020833333333333333 0.0015625
2 0.5697916666666667 0.85859375 0.0020833333333333333 0.0015625
2 0.36770833333333336 0.85546875 0.0020833333333333333 0.0015625
2 0.434375 0.85390625 0.0020833333333333333 0.0015625
2 0.37395833333333334 0.85390625 0.0020833333333333333 0.0015625
2 0.03229166666666667 0.85234375 0.0020833333333333333 0.0015625
2 0.5822916666666667 0.85078125 0.0020833333333333333 0.0015625
2 0.3802083333333333 0.85703125 0.04375 0.0140625
2 0.4322916666666667 0.84921875 0.0020833333333333333 0.0046875
2 0.06979166666666667 0.84765625 0.0020833333333333333 0.0015625
2 0.43854166666666666 0.84609375 0.0020833333333333333 0.0015625
2 0.026041666666666668 0.846875 0.00625 0.00625
2 0.38229166666666664 0.84140625 0.0020833333333333333 0.0015625
2 0.36666666666666664 0.85859375 0.09583333333333334 0.0359375
2 0.36770833333333336 0.83984375 0.0020833333333333333 0.0015625
2 0.019791666666666666 0.8390625 0.0020833333333333333 0.003125
2 0.515625 0.83671875 0.0020833333333333333 0.0015625
2 0.5104166666666666 0.83671875 0.004166666666666667 0.0015625
2 0.3854166666666667 0.83671875 0.004166666666666667 0.0015625
2 0.3802083333333333 0.83671875 0.0020833333333333333 0.0015625
2 0.5572916666666666 0.83515625 0.0020833333333333333 0.0015625
2 0.5489583333333333 0.8421875 0.06041666666666667 0.015625
2 0.19895833333333332 0.83515625 0.0020833333333333333 0.0015625
2 0.5135416666666667 0.83203125 0.0020833333333333333 0.0015625
2 0.509375 0.83203125 0.0020833333333333333 0.0015625
2 0.4197916666666667 0.83203125 0.0020833333333333333 0.0015625
2 0.40520833333333334 0.83359375 0.022916666666666665 0.0046875
2 0.49583333333333335 0.83515625 0.008333333333333333 0.0109375
2 0.4479166666666667 0.83671875 0.058333333333333334 0.0171875
2 0.22291666666666668 0.828125 0.004166666666666667 0.003125
2 0.05625 0.8546875 0.0625 0.059375
2 0.014583333333333334 0.82734375 0.004166666666666667 0.0046875
2 0.165625 0.81796875 0.0020833333333333333 0.0015625
2 0.07604166666666666 0.81796875 0.0020833333333333333 0.0015625
2 0.06979166666666667 0.81640625 0.00625 0.0046875
2 0.0010416666666666667 0.81484375 0.0020833333333333333 0.0015625
2 0.10104166666666667 0.81875 0.03958333333333333 0.015625
2 0.17291666666666666 0.840625 0.15416666666666667 0.06875
2 0.41041666666666665 0.809375 0.004166666666666667 0.009375
2 0.37604166666666666 0.80546875 0.0020833333333333333 0.0015625
2 0.3177083333333333 0.846875 0.07708333333333334 0.090625
2 0.36354166666666665 0.79921875 0.00625 0.0046875
2 0.290625 0.7984375 0.0020833333333333333 0.003125
2 0.234375 0.79453125 0.00625 0.0109375
2 0.36354166666666665 0.78828125 0.0020833333333333333 0.0015625
2 0.3302083333333333 0.78515625 0.0020833333333333333 0.0015625
2 0.027083333333333334 0.784375 0.0375 0.009375
2 0.2864583333333333 0.77890625 0.0020833333333333333 0.0015625
2 0.240625 0.778125 0.00625 0.00625
2 0.3697916666666667 0.771875 0.00625 0.00625
2 0.10104166666666667 0.7625 0.010416666666666666 0.00625
2 0.11979166666666667 0.75234375 0.0020833333333333333 0.0015625
2 0.2916666666666667 0.76875 0.06666666666666667 0.0375
2 0.37604166666666666 0.74765625 0.0020833333333333333 0.0015625
2 0.12708333333333333 0.7453125 0.004166666666666667 0.003125
2 0.5072916666666667 0.7703125 0.01875 0.05625
2 0.13229166666666667 0.74296875 0.0020833333333333333 0.0015625
2 0.3625 0.740625 0.0125 0.00625
2 0.20104166666666667 0.73828125 0.0020833333333333333 0.0015625
2 0.12395833333333334 0.73828125 0.0020833333333333333 0.0015625
2 0.17395833333333333 0.73671875 0.0020833333333333333 0.0015625
2 0.18541666666666667 0.77109375 0.0625 0.0734375
2 0.14583333333333334 0.7359375 0.004166666666666667 0.003125
2 0.109375 0.74140625 0.01875 0.0171875
2 0.23541666666666666 0.75234375 0.041666666666666664 0.0421875
2 0.17083333333333334 0.73046875 0.004166666666666667 0.0015625
2 0.14166666666666666 0.73125 0.004166666666666667 0.003125
2 0.39791666666666664 0.746875 0.05416666666666667 0.040625
2 0.2552083333333333 0.72734375 0.00625 0.0046875
2 0.20208333333333334 0.7265625 0.004166666666666667 0.003125
2 0.3875 0.72265625 0.004166666666666667 0.0015625
2 0.16458333333333333 0.71953125 0.004166666666666667 0.0015625
2 0.12916666666666668 0.7265625 0.016666666666666666 0.01875
2 0.7479166666666667 0.73515625 0.07083333333333333 0.0390625
2 0.18125 0.7234375 0.020833333333333332 0.015625
2 0.7072916666666667 0.71484375 0.00625 0.0015625
2 0.4666666666666667 0.715625 0.008333333333333333 0.003125
2 0.459375 0.71328125 0.0020833333333333333 0.0015625
2 0.6854166666666667 0.7125 0.03333333333333333 0.00625
2 0.425 0.71171875 0.0125 0.0078125
2 0.3885416666666667 0.7140625 0.00625 0.0125
2 0.25625 0.70390625 0.004166666666666667 0.0046875
2 0.12604166666666666 0.7046875 0.014583333333333334 0.009375
2 0.5072916666666667 0.69921875 0.0020833333333333333 0.0015625
2 0.17604166666666668 0.70234375 0.00625 0.0078125
2 0.46145833333333336 0.7046875 0.035416666666666666 0.015625
2 0.4822916666666667 0.69609375 0.0020833333333333333 0.0015625
2 0.553125 0.69296875 0.0020833333333333333 0.0015625
2 0.4875 0.69375 0.004166666666666667 0.003125
2 0.10104166666666667 0.69609375 0.014583333333333334 0.0078125
2 0.49270833333333336 0.69140625 0.0020833333333333333 0.0015625
2 0.4979166666666667 0.68984375 0.004166666666666667 0.0015625
2 0.6010416666666667 0.69453125 0.08958333333333333 0.0140625
2 0.5260416666666666 0.6921875 0.04791666666666667 0.0125
2 0.10416666666666667 0.6828125 0.0125 0.009375
2 0.39479166666666665 0.6859375 0.01875 0.028125
2 0.115625 0.66484375 0.0020833333333333333 0.0015625
2 0.10729166666666666 0.66328125 0.0020833333333333333 0.0015625
2 0.10416666666666667 0.6515625 0.020833333333333332 0.021875
2 0.08645833333333333 0.64140625 0.0020833333333333333 0.0015625
2 0.04583333333333333 0.63203125 0.004166666666666667 0.0015625
2 0.06666666666666667 0.62890625 0.004166666666666667 0.0015625
2 0.14270833333333333 0.65859375 0.04791666666666667 0.0671875
2 0.103125 0.62734375 0.00625 0.0046875
2 0.12291666666666666 0.6125 0.004166666666666667 0.00625
2 0.084375 0.6125 0.010416666666666666 0.00625
2 0.025 0.6078125 0.05 0.025
2 0.17708333333333334 0.5921875 0.004166666666666667 0.003125
2 0.15625 0.60625 0.0125 0.03125
2 0.16145833333333334 0.58828125 0.0020833333333333333 0.0015625
2 0.2125 0.5890625 0.020833333333333332 0.0125
2 0.275 0.6390625 0.10833333333333334 0.11875
2 0.13645833333333332 0.60234375 0.014583333333333334 0.0453125
2 0.16979166666666667 0.57578125 0.0020833333333333333 0.0015625
2 0.16979166666666667 0.57265625 0.0020833333333333333 0.0015625
2 0.07916666666666666 0.55078125 0.0125 0.0140625
2 0.08125 0.54375 0.004166666666666667 0.003125
2 0.078125 0.53984375 0.0020833333333333333 0.0015625
2 0.07708333333333334 0.53515625 0.004166666666666667 0.0015625
2 0.5708333333333333 0.528125 0.029166666666666667 0.04375
2 0.5697916666666667 0.50234375 0.0020833333333333333 0.0015625
2 0.44479166666666664 0.50078125 0.010416666666666666 0.0078125
2 0.4114583333333333 0.49609375 0.0020833333333333333 0.0015625
2 0.42916666666666664 0.4890625 0.004166666666666667 0.003125
2 0.34270833333333334 0.49296875 0.00625 0.0109375
2 0.5645833333333333 0.490625 0.004166666666666667 0.009375
2 0.434375 0.4875 0.0020833333333333333 0.003125
2 0.41770833333333335 0.48515625 0.0020833333333333333 0.0015625
2 0.5572916666666666 0.47734375 0.00625 0.0046875
2 0.3177083333333333 0.4796875 0.00625 0.009375
2 0.43020833333333336 0.4765625 0.010416666666666666 0.015625
2 0.35625 0.47109375 0.004166666666666667 0.0078125
2 0.5010416666666667 0.46640625 0.0020833333333333333 0.0015625
2 0.45208333333333334 0.475 0.016666666666666666 0.021875
2 0.50625 0.4640625 0.004166666666666667 0.003125
2 0.33229166666666665 0.46328125 0.0020833333333333333 0.0015625
2 0.3260416666666667 0.46796875 0.010416666666666666 0.0140625
2 0.5635416666666667 0.44921875 0.00625 0.0015625
2 0.2833333333333333 0.44921875 0.004166666666666667 0.0015625
2 0.47708333333333336 0.45 0.008333333333333333 0.00625
2 0.5802083333333333 0.44453125 0.0020833333333333333 0.0015625
2 0.5958333333333333 0.44375 0.008333333333333333 0.003125
2 0.5885416666666666 0.44296875 0.0020833333333333333 0.0015625
2 0.5822916666666667 0.44140625 0.00625 0.0015625
2 0.5947916666666667 0.43984375 0.0020833333333333333 0.0015625
2 0.5885416666666666 0.43984375 0.0020833333333333333 0.0015625
2 0.371875 0.4453125 0.022916666666666665 0.025
2 0.303125 0.4375 0.010416666666666666 0.009375
2 0.390625 0.42890625 0.0020833333333333333 0.0015625
2 0.43020833333333336 0.43203125 0.00625 0.0140625
2 0.2947916666666667 0.42265625 0.0020833333333333333 0.0015625
2 0.4895833333333333 0.42734375 0.016666666666666666 0.0140625
2 0.28854166666666664 0.421875 0.00625 0.003125
2 0.290625 0.41796875 0.0020833333333333333 0.0015625
2 0.3927083333333333 0.41953125 0.022916666666666665 0.0203125
2 0.2635416666666667 0.41015625 0.0020833333333333333 0.0015625
2 0.27708333333333335 0.4125 0.016666666666666666 0.0125
2 0.4708333333333333 0.4203125 0.020833333333333332 0.040625
2 0.4708333333333333 0.39765625 0.004166666666666667 0.0015625
2 0.4822916666666667 0.39453125 0.0020833333333333333 0.0015625
2 0.45416666666666666 0.39765625 0.004166666666666667 0.0109375
2 0.25729166666666664 0.4 0.027083333333333334 0.015625
2 0.48020833333333335 0.3890625 0.0020833333333333333 0.003125
2 0.6822916666666666 0.32265625 0.0020833333333333333 0.0015625
2 0.32395833333333335 0.32109375 0.0020833333333333333 0.0046875
2 0.6614583333333334 0.30234375 0.0020833333333333333 0.0015625
2 0.3645833333333333 0.303125 0.004166666666666667 0.003125
2 0.35625 0.30234375 0.008333333333333333 0.0046875
2 0.5229166666666667 0.3984375 0.12083333333333333 0.2
2 0.5885416666666666 0.29765625 0.0020833333333333333 0.0015625
2 0.328125 0.28125 0.052083333333333336 0.01875
2 0.6052083333333333 0.28125 0.022916666666666665 0.025
2 0.42916666666666664 0.26484375 0.004166666666666667 0.0046875
2 0.434375 0.25234375 0.0020833333333333333 0.0015625
2 0.36875 0.2578125 0.008333333333333333 0.0125
2 0.4625 0.2546875 0.004166666666666667 0.009375
2 0.625 0.25859375 0.016666666666666666 0.0203125
2 0.44479166666666664 0.24921875 0.0020833333333333333 0.0015625
2 0.6864583333333333 0.24609375 0.0020833333333333333 0.0015625
2 0.6822916666666666 0.24453125 0.0020833333333333333 0.0015625
2 0.6364583333333333 0.246875 0.00625 0.00625
2 0.459375 0.240625 0.04791666666666667 0.01875
2 0.45729166666666665 0.23046875 0.0020833333333333333 0.0015625
2 0.4479166666666667 0.2296875 0.004166666666666667 0.003125
2 0.6291666666666667 0.23515625 0.025 0.0203125
2 0.14166666666666666 0.225 0.008333333333333333 0.003125
2 0.13541666666666666 0.2140625 0.016666666666666666 0.025
2 0.057291666666666664 0.20234375 0.0020833333333333333 0.0015625
2 0.053125 0.203125 0.0020833333333333333 0.003125
2 0.06666666666666667 0.20234375 0.008333333333333333 0.0046875
2 0.04479166666666667 0.19921875 0.0020833333333333333 0.0015625
2 0.8020833333333334 0.1984375 0.004166666666666667 0.003125
2 0.036458333333333336 0.19765625 0.0020833333333333333 0.0015625
2 0.6625 0.20859375 0.03333333333333333 0.0265625
2 0.078125 0.19453125 0.0020833333333333333 0.0015625
2 0.003125 0.19296875 0.0020833333333333333 0.0015625
2 0.6833333333333333 0.18984375 0.008333333333333333 0.0046875
2 0.11354166666666667 0.17890625 0.00625 0.0078125
2 0.06979166666666667 0.17421875 0.0020833333333333333 0.0015625
2 0.09479166666666666 0.19375 0.06041666666666667 0.04375
2 0.05 0.18046875 0.025 0.0203125
2 0.06770833333333333 0.16328125 0.00625 0.0015625
2 0.03854166666666667 0.16171875 0.0020833333333333333 0.0015625
2 0.04895833333333333 0.16015625 0.0020833333333333333 0.0015625
2 0.075 0.159375 0.004166666666666667 0.003125
2 0.010416666666666666 0.17421875 0.020833333333333332 0.0328125
2 0.046875 0.15703125 0.0020833333333333333 0.0015625
2 0.058333333333333334 0.15625 0.008333333333333333 0.00625
2 0.04791666666666667 0.15234375 0.004166666666666667 0.0046875
2 0.03229166666666667 0.15078125 0.0020833333333333333 0.0015625
2 0.09166666666666666 0.14921875 0.004166666666666667 0.0015625
2 0.10104166666666667 0.13671875 0.00625 0.0046875
2 0.07604166666666666 0.13046875 0.0020833333333333333 0.0015625
2 0.26875 0.12265625 0.004166666666666667 0.0015625
2 0.26979166666666665 0.11640625 0.0020833333333333333 0.0015625
2 0.08854166666666667 0.115625 0.0020833333333333333 0.003125
2 0.265625 0.11328125 0.0020833333333333333 0.0015625
2 0.071875 0.1328125 0.03125 0.040625
2 0.08854166666666667 0.11171875 0.0020833333333333333 0.0015625
2 0.24270833333333333 0.11015625 0.0020833333333333333 0.0015625
2 0.053125 0.11015625 0.0020833333333333333 0.0015625
2 0.06770833333333333 0.10859375 0.0020833333333333333 0.0015625
2 0.23333333333333334 0.1109375 0.016666666666666666 0.015625
2 0.23645833333333333 0.10078125 0.0020833333333333333 0.0015625
2 0.007291666666666667 0.09765625 0.0020833333333333333 0.0015625
2 0.134375 0.08046875 0.0020833333333333333 0.0015625
2 0.036458333333333336 0.0671875 0.0020833333333333333 0.003125
2 0.036458333333333336 0.06328125 0.0020833333333333333 0.0015625
2 0.041666666666666664 0.06328125 0.004166666666666667 0.0046875
2 0.0010416666666666667 0.06171875 0.0020833333333333333 0.0015625
2 0.09270833333333334 0.05703125 0.0020833333333333333 0.0015625
2 0.06145833333333333 0.03203125 0.0020833333333333333 0.0015625
2 0.07395833333333333 0.0359375 0.022916666666666665 0.015625
