0 0.011458333333333333 0.77265625 0.0020833333333333333 0.0015625
0 0.011458333333333333 0.7609375 0.010416666666666666 0.003125
0 0.090625 0.67734375 0.010416666666666666 0.0046875
0 0.084375 0.65 0.014583333333333334 0.0125
0 0.22083333333333333 0.628125 0.004166666666666667 0.00625
0 0.01875 0.5734375 0.0375 0.021875
0 0.0010416666666666667 0.52734375 0.0020833333333333333 0.0015625
0 0.03229166666666667 0.4609375 0.0020833333333333333 0.003125
0 0.03125 0.4546875 0.004166666666666667 0.003125
0 0.04583333333333333 0.45078125 0.008333333333333333 0.0109375
0 0.5354166666666667 0.42421875 0.004166666666666667 0.0015625
0 0.13854166666666667 0.3875 0.0020833333333333333 0.003125
0 0.5177083333333333 0.3625 0.010416666666666666 0.00625
0 0.5010416666666667 0.3515625 0.0020833333333333333 0.003125
0 0.4895833333333333 0.3546875 0.008333333333333333 0.009375
0 0.4875 0.34140625 0.0375 0.0140625
0 0.38333333333333336 0.3265625 0.029166666666666667 0.0125
0 0.096875 0.31875 0.027083333333333334 0.0125
0 0.43125 0.3140625 0.008333333333333333 0.00625
0 0.215625 0.31015625 0.0020833333333333333 0.0015625
0 0.04895833333333333 0.3 0.00625 0.00625
0 0.36770833333333336 0.3 0.01875 0.009375
0 0.10208333333333333 0.28671875 0.0125 0.0078125
0 0.11041666666666666 0.2828125 0.004166666666666667 0.003125
0 0.036458333333333336 0.2765625 0.0020833333333333333 0.003125
0 0.4197916666666667 0.2625 0.014583333333333334 0.021875
0 0.7520833333333333 0.25 0.008333333333333333 0.00625
0 0.7395833333333334 0.24609375 0.0125 0.0078125
0 0.04791666666666667 0.24296875 0.0125 0.0140625
0 0.6760416666666667 0.23515625 0.0020833333333333333 0.0015625
0 0.010416666666666666 0.22578125 0.004166666666666667 0.0015625
0 0.703125 0.228125 0.014583333333333334 0.009375
0 0.3333333333333333 0.246875 0.1625 0.053125
0 0.634375 0.21953125 0.0020833333333333333 0.0015625
0 0.08020833333333334 0.21953125 0.0020833333333333333 0.0015625
0 0.615625 0.21953125 0.035416666666666666 0.0140625
0 0.03229166666666667 0.2125 0.0020833333333333333 0.003125
0 0.603125 0.21015625 0.0020833333333333333 0.0015625
0 0.43020833333333336 0.20390625 0.0020833333333333333 0.0015625
0 0.32083333333333336 0.209375 0.020833333333333332 0.01875
0 0.178125 0.20234375 0.00625 0.0046875
0 0.07708333333333334 0.203125 0.008333333333333333 0.00625
0 0.6802083333333333 0.20703125 0.027083333333333334 0.0171875
0 0.084375 0.2 0.0020833333333333333 0.003125
0 0.609375 0.19765625 0.0020833333333333333 0.0015625
0 0.446875 0.2 0.014583333333333334 0.00625
0 0.06979166666666667 0.1984375 0.0020833333333333333 0.003125
0 0.3302083333333333 0.19296875 0.00625 0.0046875
0 0.6520833333333333 0.20078125 0.029166666666666667 0.0234375
0 0.2916666666666667 0.1921875 0.0125 0.00625
0 0.7833333333333333 0.18671875 0.004166666666666667 0.0046875
0 0.46770833333333334 0.18515625 0.0020833333333333333 0.0015625
0 0.33958333333333335 0.1859375 0.004166666666666667 0.003125
0 0.4114583333333333 0.18515625 0.0020833333333333333 0.0046875
0 0.5447916666666667 0.18203125 0.0020833333333333333 0.0015625
0 0.14791666666666667 0.1828125 0.0125 0.003125
0 0.853125 0.18046875 0.0020833333333333333 0.0015625
0 0.8489583333333334 0.18125 0.0020833333333333333 0.003125
0 0.8510416666666667 0.17734375 0.0020833333333333333 0.0015625
0 0.3697916666666667 0.17734375 0.0020833333333333333 0.0015625
0 0.3645833333333333 0.17734375 0.004166666666666667 0.0015625
0 0.565625 0.17890625 0.00625 0.0078125
0 0.40625 0.1875 0.025 0.025
0 0.6010416666666667 0.17578125 0.00625 0.0046875
0 0.7 0.17421875 0.008333333333333333 0.0046875
0 0.4427083333333333 0.18046875 0.027083333333333334 0.0171875
0 0.6645833333333333 0.17421875 0.020833333333333332 0.0078125
0 0.7427083333333333 0.16796875 0.0020833333333333333 0.0015625
0 0.6260416666666667 0.17421875 0.014583333333333334 0.0140625
0 0.8822916666666667 0.165625 0.01875 0.00625
0 0.3260416666666667 0.17109375 0.014583333333333334 0.0203125
0 0.46875 0.1609375 0.008333333333333333 0.003125
0 0.15729166666666666 0.16015625 0.0020833333333333333 0.0015625
0 0.153125 0.16015625 0.0020833333333333333 0.0015625
0 0.81875 0.159375 0.004166666666666667 0.003125
0 0.6302083333333334 0.15859375 0.0020833333333333333 0.0015625
0 0.528125 0.16484375 0.014583333333333334 0.0140625
0 0.48854166666666665 0.15703125 0.0020833333333333333 0.0015625
0 0.13645833333333332 0.16171875 0.00625 0.0109375
0 0.8989583333333333 0.15625 0.0020833333333333333 0.003125
0 0.8354166666666667 0.1578125 0.004166666666666667 0.00625
0 0.49270833333333336 0.15546875 0.0020833333333333333 0.0015625
0 0.484375 0.15546875 0.0020833333333333333 0.0015625
0 0.48854166666666665 0.15390625 0.0020833333333333333 0.0015625
0 0.478125 0.1578125 0.00625 0.009375
0 0.4822916666666667 0.15234375 0.0020833333333333333 0.0015625
0 0.8197916666666667 0.15078125 0.0020833333333333333 0.0015625
0 0.5697916666666667 0.1515625 0.0020833333333333333 0.003125
0 0.3145833333333333 0.15078125 0.004166666666666667 0.0046875
0 0.016666666666666666 0.1515625 0.0125 0.00625
0 0.90625 0.1484375 0.008333333333333333 0.003125
0 0.7666666666666667 0.15 0.008333333333333333 0.00625
0 0.803125 0.14765625 0.00625 0.0046875
0 0.04479166666666667 0.14609375 0.0020833333333333333 0.0015625
0 0.303125 0.1484375 0.010416666666666666 0.009375
0 0.027083333333333334 0.1453125 0.004166666666666667 0.003125
0 0.24791666666666667 0.1453125 0.0125 0.009375
0 0.036458333333333336 0.14453125 0.010416666666666666 0.0078125
0 0.021875 0.14375 0.010416666666666666 0.00625
0 0.7614583333333333 0.14140625 0.010416666666666666 0.0046875
0 0.12604166666666666 0.13984375 0.0020833333333333333 0.0015625
0 0.715625 0.1375 0.0020833333333333333 0.003125
0 0.8375 0.1359375 0.004166666666666667 0.003125
0 0.5197916666666667 0.13515625 0.0020833333333333333 0.0015625
0 0.546875 0.13359375 0.0020833333333333333 0.0015625
0 0.5322916666666667 0.1484375 0.04375 0.03125
0 0.3145833333333333 0.13203125 0.0125 0.0046875
0 0.5489583333333333 0.12578125 0.010416666666666666 0.0015625
0 0.440625 0.12578125 0.0020833333333333333 0.0015625
0 0.5958333333333333 0.13984375 0.07916666666666666 0.0359375
0 0.2864583333333333 0.1234375 0.00625 0.003125
0 0.26875 0.1234375 0.004166666666666667 0.003125
0 0.24479166666666666 0.12265625 0.010416666666666666 0.0046875
0 0.81875 0.11953125 0.0125 0.0046875
0 0.6958333333333333 0.11640625 0.004166666666666667 0.0015625
0 0.315625 0.12109375 0.014583333333333334 0.0109375
0 0.28958333333333336 0.1171875 0.004166666666666667 0.003125
0 0.7322916666666667 0.13125 0.022916666666666665 0.034375
0 0.803125 0.11328125 0.0020833333333333333 0.0015625
0 0.22395833333333334 0.11953125 0.01875 0.0140625
0 0.996875 0.1140625 0.00625 0.009375
0 0.7666666666666667 0.11015625 0.008333333333333333 0.0046875
0 0.921875 0.1078125 0.0020833333333333333 0.003125
0 0.7958333333333333 0.10546875 0.004166666666666667 0.0015625
0 0.790625 0.10546875 0.0020833333333333333 0.0015625
0 0.21145833333333333 0.10546875 0.0020833333333333333 0.0046875
0 0.40625 0.11015625 0.0375 0.0171875
0 0.23645833333333333 0.103125 0.0020833333333333333 0.003125
0 0.215625 0.10234375 0.0020833333333333333 0.0015625
0 0.365625 0.109375 0.010416666666666666 0.01875
0 0.43333333333333335 0.1 0.004166666666666667 0.003125
0 0.8 0.0984375 0.004166666666666667 0.003125
0 0.7229166666666667 0.096875 0.008333333333333333 0.00625
0 0.7666666666666667 0.096875 0.0125 0.009375
0 0.165625 0.09609375 0.00625 0.0078125
0 0.23854166666666668 0.090625 0.0020833333333333333 0.003125
0 0.23020833333333332 0.08828125 0.0020833333333333333 0.0015625
0 0.7729166666666667 0.0890625 0.008333333333333333 0.00625
0 0.15208333333333332 0.0875 0.0125 0.00625
0 0.6635416666666667 0.128125 0.13541666666666666 0.09375
0 0.9864583333333333 0.084375 0.022916666666666665 0.015625
0 0.33125 0.078125 0.004166666666666667 0.003125
0 0.28854166666666664 0.07421875 0.0020833333333333333 0.0015625
0 0.259375 0.07265625 0.0020833333333333333 0.0015625
0 0.7864583333333334 0.07734375 0.01875 0.0171875
0 0.7354166666666667 0.0703125 0.020833333333333332 0.009375
0 0.15729166666666666 0.06640625 0.0020833333333333333 0.0015625
0 0.98125 0.06875 0.0125 0.0125
0 0.9489583333333333 0.06328125 0.0020833333333333333 0.0015625
0 0.8677083333333333 0.06328125 0.0020833333333333333 0.0015625
0 0.6885416666666667 0.06875 0.010416666666666666 0.0125
0 0.6166666666666667 0.065625 0.020833333333333332 0.009375
0 0.4427083333333333 0.06171875 0.0020833333333333333 0.0015625
0 0.3260416666666667 0.06875 0.00625 0.015625
0 0.446875 0.06015625 0.0020833333333333333 0.0015625
0 0.6447916666666667 0.05859375 0.0020833333333333333 0.0015625
0 0.24479166666666666 0.0890625 0.08541666666666667 0.065625
0 0.934375 0.059375 0.01875 0.0125
0 0.33541666666666664 0.05546875 0.004166666666666667 0.0046875
0 0.8364583333333333 0.05234375 0.0020833333333333333 0.0015625
0 0.38958333333333334 0.053125 0.004166666666666667 0.003125
0 0.028125 0.053125 0.00625 0.003125
0 0.5697916666666667 0.05078125 0.0020833333333333333 0.0015625
0 0.28854166666666664 0.04765625 0.0020833333333333333 0.0015625
0 0.278125 0.04765625 0.0020833333333333333 0.0015625
0 0.878125 0.0546875 0.01875 0.01875
0 0.2833333333333333 0.046875 0.004166666666666667 0.003125
0 0.7072916666666667 0.0453125 0.0020833333333333333 0.003125
0 0.29583333333333334 0.04609375 0.008333333333333333 0.0078125
0 0.19895833333333332 0.04296875 0.0020833333333333333 0.0015625
0 0.9010416666666666 0.04765625 0.010416666666666666 0.0140625
0 0.44583333333333336 0.046875 0.020833333333333332 0.0125
0 0.671875 0.06953125 0.035416666666666666 0.0609375
0 0.6229166666666667 0.04140625 0.008333333333333333 0.0046875
0 0.20833333333333334 0.04140625 0.004166666666666667 0.0046875
0 0.20104166666666667 0.03984375 0.0020833333333333333 0.0015625
0 0.603125 0.03984375 0.010416666666666666 0.0078125
0 0.6364583333333333 0.03515625 0.0020833333333333333 0.0015625
0 0.196875 0.03515625 0.0020833333333333333 0.0015625
0 0.5739583333333333 0.034375 0.0020833333333333333 0.003125
0 0.28020833333333334 0.03203125 0.0020833333333333333 0.0015625
0 0.13333333333333333 0.0328125 0.004166666666666667 0.003125
0 0.859375 0.03046875 0.0020833333333333333 0.0015625
0 0.803125 0.02578125 0.0020833333333333333 0.0015625
0 0.171875 0.02890625 0.014583333333333334 0.0109375
0 0.384375 0.021875 0.010416666666666666 0.00625
0 0.16354166666666667 0.01953125 0.0020833333333333333 0.0015625
0 0.5729166666666666 0.0203125 0.004166666666666667 0.00625
0 0.553125 0.0328125 0.03958333333333333 0.03125
0 0.5697916666666667 0.01640625 0.0020833333333333333 0.0015625
0 0.515625 0.07890625 0.14375 0.1265625
0 0.3770833333333333 0.01640625 0.004166666666666667 0.0015625
0 0.3260416666666667 0.01796875 0.00625 0.0046875
0 0.16979166666666667 0.01640625 0.0020833333333333333 0.0015625
0 0.134375 0.0171875 0.010416666666666666 0.00625
0 0.728125 0.01484375 0.0020833333333333333 0.0046875
0 0.6114583333333333 0.0140625 0.00625 0.009375
0 0.365625 0.01328125 0.00625 0.0078125
0 0.11979166666666667 0.00390625 0.0020833333333333333 0.0015625
0 0.9052083333333333 0.02578125 0.18958333333333333 0.0515625
0 0.7697916666666667 0.00390625 0.01875 0.0078125
0 0.7427083333333333 0.00859375 0.01875 0.0171875
0 0.6364583333333333 0.00078125 0.00625 0.0015625
0 0.6166666666666667 0.0078125 0.004166666666666667 0.015625
0 0.5645833333333333 0.0125 0.03333333333333333 0.025
0 0.5364583333333334 0.00234375 0.027083333333333334 0.0046875
0 0.465625 0.00390625 0.00625 0.0078125
0 0.440625 0.00078125 0.0020833333333333333 0.0015625
0 0.44583333333333336 0.01875 0.1125 0.0375
0 0.34375 0.00078125 0.004166666666666667 0.0015625
0 0.134375 0.0015625 0.010416666666666666 0.003125
0 0.15416666666666667 0.115625 0.30833333333333335 0.23125
1 0.140625 0.99609375 0.0020833333333333333 0.0015625
1 0.15104166666666666 0.9921875 0.014583333333333334 0.00625
1 0.16875 0.9828125 0.004166666666666667 0.003125
1 0.44375 0.9609375 0.004166666666666667 0.003125
1 0.036458333333333336 0.9484375 0.0020833333333333333 0.003125
1 0.05520833333333333 0.9265625 0.0020833333333333333 0.003125
1 0.890625 0.88984375 0.0020833333333333333 0.0015625
1 0.8958333333333334 0.8875 0.004166666666666667 0.003125
1 0.9010416666666666 0.88515625 0.0020833333333333333 0.0015625
1 0.39375 0.88046875 0.004166666666666667 0.0015625
1 0.004166666666666667 0.884375 0.008333333333333333 0.0125
1 0.37083333333333335 0.871875 0.004166666666666667 0.003125
1 0.365625 0.86875 0.0020833333333333333 0.003125
1 0.4010416666666667 0.86640625 0.0020833333333333333 0.0015625
1 0.965625 0.84296875 0.0020833333333333333 0.0015625
1 0.346875 0.84375 0.0020833333333333333 0.00625
1 0.85625 0.840625 0.016666666666666666 0.003125
1 0.390625 0.83671875 0.0020833333333333333 0.0015625
1 0.37395833333333334 0.82734375 0.00625 0.0015625
1 0.3958333333333333 0.8125 0.004166666666666667 0.003125
1 0.4375 0.8015625 0.008333333333333333 0.003125
1 0.46979166666666666 0.79765625 0.0020833333333333333 0.0015625
1 0.009375 0.78671875 0.01875 0.0203125
1 0.990625 0.76328125 0.01875 0.0109375
1 0.5708333333333333 0.746875 0.004166666666666667 0.003125
1 0.5645833333333333 0.73046875 0.004166666666666667 0.0046875
1 0.47291666666666665 0.7390625 0.0125 0.028125
1 0.5479166666666667 0.7265625 0.03333333333333333 0.03125
1 0.46770833333333334 0.7140625 0.0020833333333333333 0.00625
1 0.15520833333333334 0.71171875 0.0020833333333333333 0.0015625
1 0.46770833333333334 0.70859375 0.0020833333333333333 0.0015625
1 0.5291666666666667 0.7078125 0.004166666666666667 0.003125
1 0.4666666666666667 0.70546875 0.004166666666666667 0.0015625
1 0.509375 0.70390625 0.00625 0.0015625
1 0.4625 0.70859375 0.004166666666666667 0.0109375
1 0.065625 0.70390625 0.0020833333333333333 0.0015625
1 0.5458333333333333 0.7125 0.029166666666666667 0.025
1 0.5197916666666667 0.69921875 0.0020833333333333333 0.0015625
1 0.4583333333333333 0.69921875 0.004166666666666667 0.0046875
1 0.46770833333333334 0.69609375 0.0020833333333333333 0.0046875
1 0.4635416666666667 0.6953125 0.0020833333333333333 0.003125
1 0.5302083333333333 0.69453125 0.00625 0.0046875
1 0.9885416666666667 0.690625 0.0020833333333333333 0.003125
1 0.0375 0.6890625 0.004166666666666667 0.003125
1 0.9885416666666667 0.68671875 0.0020833333333333333 0.0015625
1 0.984375 0.68515625 0.0020833333333333333 0.0015625
1 0.9489583333333333 0.73359375 0.07291666666666667 0.1046875
1 0.5052083333333334 0.67421875 0.0020833333333333333 0.0015625
1 0.4895833333333333 0.6734375 0.004166666666666667 0.003125
1 0.496875 0.671875 0.00625 0.00625
1 0.7583333333333333 0.67109375 0.008333333333333333 0.0078125
1 0.6458333333333334 0.64765625 0.020833333333333332 0.0140625
1 0.9583333333333334 0.6375 0.016666666666666666 0.009375
1 0.12708333333333333 0.63203125 0.004166666666666667 0.0046875
1 0.9875 0.6296875 0.0125 0.00625
1 0.13125 0.62578125 0.0125 0.0046875
1 0.14270833333333333 0.61171875 0.0020833333333333333 0.0015625
1 0.21770833333333334 0.6109375 0.0020833333333333333 0.003125
1 0.9625 0.609375 0.004166666666666667 0.003125
1 0.9489583333333333 0.6109375 0.014583333333333334 0.00625
1 0.60625 0.6078125 0.0125 0.00625
1 0.6614583333333334 0.60234375 0.0020833333333333333 0.0015625
1 0.790625 0.60703125 0.010416666666666666 0.0171875
1 0.66875 0.59921875 0.004166666666666667 0.0015625
1 0.6697916666666667 0.59609375 0.0020833333333333333 0.0015625
1 0.011458333333333333 0.60078125 0.022916666666666665 0.0140625
1 0.6604166666666667 0.58828125 0.008333333333333333 0.0046875
1 0.9375 0.58671875 0.004166666666666667 0.0046875
1 0.328125 0.57265625 0.0020833333333333333 0.0015625
1 0.9072916666666667 0.565625 0.014583333333333334 0.00625
1 0.8510416666666667 0.55390625 0.0020833333333333333 0.0015625
1 0.8385416666666666 0.55234375 0.00625 0.0046875
1 0.996875 0.55546875 0.00625 0.0140625
1 0.8302083333333333 0.54140625 0.00625 0.0046875
1 0.8979166666666667 0.52109375 0.016666666666666666 0.0015625
1 0.934375 0.52578125 0.027083333333333334 0.0171875
1 0.934375 0.51171875 0.0020833333333333333 0.0015625
1 0.9552083333333333 0.50703125 0.022916666666666665 0.0109375
1 0.9447916666666667 0.5046875 0.014583333333333334 0.009375
1 0.903125 0.50625 0.01875 0.0125
1 0.9677083333333333 0.49453125 0.0020833333333333333 0.0015625
1 0.9635416666666666 0.4953125 0.0020833333333333333 0.003125
1 0.9614583333333333 0.49140625 0.0020833333333333333 0.0015625
1 0.28854166666666664 0.49453125 0.0020833333333333333 0.0078125
1 0.96875 0.490625 0.004166666666666667 0.003125
1 0.9677083333333333 0.4859375 0.0020833333333333333 0.003125
1 0.28854166666666664 0.4859375 0.0020833333333333333 0.003125
1 0.2677083333333333 0.4796875 0.0020833333333333333 0.003125
1 0.8302083333333333 0.478125 0.00625 0.003125
1 0.9635416666666666 0.48359375 0.027083333333333334 0.0265625
1 0.9083333333333333 0.4453125 0.0125 0.003125
1 0.9166666666666666 0.4421875 0.004166666666666667 0.003125
1 0.978125 0.446875 0.022916666666666665 0.025
1 0.965625 0.43203125 0.0020833333333333333 0.0015625
1 0.9614583333333333 0.42890625 0.0020833333333333333 0.0015625
1 0.896875 0.41953125 0.0020833333333333333 0.0015625
1 0.8833333333333333 0.41953125 0.004166666666666667 0.0015625
1 0.8760416666666667 0.41953125 0.0020833333333333333 0.0015625
1 0.9572916666666667 0.42109375 0.01875 0.0078125
1 0.896875 0.41484375 0.0020833333333333333 0.0015625
1 0.821875 0.3984375 0.04375 0.01875
1 0.9427083333333334 0.3890625 0.010416666666666666 0.009375
1 0.896875 0.37421875 0.00625 0.0015625
1 0.8854166666666666 0.37421875 0.008333333333333333 0.0015625
1 0.7885416666666667 0.36796875 0.0020833333333333333 0.0015625
1 0.784375 0.36796875 0.0020833333333333333 0.0015625
1 0.9135416666666667 0.365625 0.00625 0.003125
1 0.9197916666666667 0.36328125 0.0020833333333333333 0.0015625
1 0.23125 0.36328125 0.004166666666666667 0.0046875
1 0.8947916666666667 0.359375 0.00625 0.003125
1 0.7572916666666667 0.35390625 0.0020833333333333333 0.0015625
1 0.7614583333333333 0.35234375 0.0020833333333333333 0.0015625
1 0.7364583333333333 0.34921875 0.0020833333333333333 0.0015625
1 0.22916666666666666 0.3515625 0.008333333333333333 0.00625
1 0.9114583333333334 0.32734375 0.0020833333333333333 0.0015625
1 0.8302083333333333 0.32734375 0.00625 0.0046875
1 0.8020833333333334 0.32578125 0.008333333333333333 0.0046875
1 0.73125 0.32421875 0.004166666666666667 0.0015625
1 0.7229166666666667 0.3328125 0.016666666666666666 0.01875
1 0.14479166666666668 0.32109375 0.0020833333333333333 0.0015625
1 0.79375 0.3203125 0.004166666666666667 0.003125
1 0.7322916666666667 0.31796875 0.0020833333333333333 0.0015625
1 0.25729166666666664 0.31484375 0.0020833333333333333 0.0015625
1 0.9614583333333333 0.325 0.035416666666666666 0.025
1 0.159375 0.30859375 0.0020833333333333333 0.0015625
1 0.165625 0.30703125 0.0020833333333333333 0.0015625
1 0.21041666666666667 0.30546875 0.004166666666666667 0.0015625
1 0.19791666666666666 0.30703125 0.008333333333333333 0.0046875
1 0.26979166666666665 0.30546875 0.00625 0.0046875
1 0.21875 0.30390625 0.008333333333333333 0.0015625
1 0.184375 0.346875 0.11041666666666666 0.0875
1 0.171875 0.30625 0.00625 0.00625
1 0.396875 0.3015625 0.0020833333333333333 0.003125
1 0.28125 0.3046875 0.0125 0.009375
1 0.8802083333333334 0.29921875 0.0020833333333333333 0.0015625
1 0.24895833333333334 0.31015625 0.03125 0.0234375
1 0.24166666666666667 0.29921875 0.004166666666666667 0.0015625
1 0.159375 0.29921875 0.0020833333333333333 0.0015625
1 0.15729166666666666 0.2953125 0.00625 0.003125
1 0.030208333333333334 0.2953125 0.010416666666666666 0.009375
1 0.24270833333333333 0.28984375 0.0020833333333333333 0.0015625
1 0.25625 0.28828125 0.004166666666666667 0.0015625
1 0.24895833333333334 0.28359375 0.0020833333333333333 0.0015625
1 0.215625 0.28359375 0.0020833333333333333 0.0015625
1 0.23020833333333332 0.284375 0.014583333333333334 0.00625
1 0.9104166666666667 0.2875 0.020833333333333332 0.01875
1 0.042708333333333334 0.2859375 0.01875 0.015625
1 0.20416666666666666 0.27890625 0.008333333333333333 0.0046875
1 0.24895833333333334 0.27578125 0.0020833333333333333 0.0015625
1 0.23854166666666668 0.27421875 0.0020833333333333333 0.0015625
1 0.06875 0.27421875 0.004166666666666667 0.0015625
1 0.24270833333333333 0.27265625 0.0020833333333333333 0.0015625
1 0.19166666666666668 0.27421875 0.008333333333333333 0.0046875
1 0.178125 0.2734375 0.010416666666666666 0.003125
1 0.384375 0.28046875 0.035416666666666666 0.0203125
1 0.15625 0.27265625 0.004166666666666667 0.0046875
1 0.221875 0.2703125 0.0020833333333333333 0.003125
1 0.21354166666666666 0.26953125 0.00625 0.0015625
1 0.903125 0.27109375 0.010416666666666666 0.0078125
1 0.05520833333333333 0.26953125 0.022916666666666665 0.0078125
1 0.16041666666666668 0.26640625 0.004166666666666667 0.0078125
1 0.18229166666666666 0.26015625 0.0020833333333333333 0.0015625
1 0.15520833333333334 0.26015625 0.0020833333333333333 0.0015625
1 0.215625 0.259375 0.0020833333333333333 0.003125
1 0.14895833333333333 0.25859375 0.0020833333333333333 0.0015625
1 0.9229166666666667 0.25546875 0.004166666666666667 0.0015625
1 0.18229166666666666 0.25546875 0.0020833333333333333 0.0015625
1 0.20208333333333334 0.25625 0.008333333333333333 0.00625
1 0.7979166666666667 0.25234375 0.004166666666666667 0.0015625
1 0.22708333333333333 0.25078125 0.004166666666666667 0.0015625
1 0.18020833333333333 0.25234375 0.01875 0.0046875
1 0.190625 0.24609375 0.0020833333333333333 0.0015625
1 0.21145833333333333 0.24140625 0.0020833333333333333 0.0015625
1 0.0625 0.24140625 0.0125 0.0046875
1 0.7635416666666667 0.23828125 0.0020833333333333333 0.0015625
1 0.10208333333333333 0.275 0.10416666666666667 0.08125
1 0.9510416666666667 0.23359375 0.00625 0.0015625
1 0.9489583333333333 0.22890625 0.0020833333333333333 0.0015625
1 0.18229166666666666 0.22421875 0.0020833333333333333 0.0015625
1 0.175 0.225 0.004166666666666667 0.003125
1 0.08541666666666667 0.228125 0.008333333333333333 0.009375
1 0.26458333333333334 0.22265625 0.004166666666666667 0.0015625
1 0.15 0.22890625 0.03333333333333333 0.0140625
1 0.12395833333333334 0.22265625 0.0020833333333333333 0.0015625
1 0.11458333333333333 0.22265625 0.004166666666666667 0.0015625
1 0.09166666666666666 0.21953125 0.008333333333333333 0.0046875
1 0.1625 0.2171875 0.004166666666666667 0.003125
1 0.6677083333333333 0.221875 0.05625 0.01875
1 0.7333333333333333 0.22890625 0.05 0.0390625
1 0.16145833333333334 0.20859375 0.010416666666666666 0.0078125
1 0.6125 0.20234375 0.004166666666666667 0.0015625
1 0.60625 0.20234375 0.004166666666666667 0.0015625
1 0.4010416666666667 0.2046875 0.01875 0.009375
1 0.11875 0.196875 0.004166666666666667 0.00625
1 0.4354166666666667 0.19453125 0.025 0.0109375
1 0.05625 0.22734375 0.1125 0.0796875
1 0.16875 0.18515625 0.008333333333333333 0.0015625
1 0.575 0.1890625 0.016666666666666666 0.015625
1 0.121875 0.18203125 0.0020833333333333333 0.0015625
1 0.11354166666666667 0.18203125 0.0020833333333333333 0.0015625
1 0.071875 0.18203125 0.0020833333333333333 0.0015625
1 0.10520833333333333 0.1796875 0.014583333333333334 0.003125
1 0.08333333333333333 0.17890625 0.004166666666666667 0.0015625
1 0.696875 0.178125 0.0020833333333333333 0.003125
1 0.615625 0.18984375 0.03125 0.0265625
1 0.7197916666666667 0.1875 0.022916666666666665 0.025
1 0.5552083333333333 0.1796875 0.010416666666666666 0.009375
1 0.04895833333333333 0.17890625 0.014583333333333334 0.0078125
1 0.26979166666666665 0.1796875 0.010416666666666666 0.0125
1 0.43125 0.17265625 0.004166666666666667 0.0015625
1 0.39479166666666665 0.1734375 0.010416666666666666 0.00625
1 0.571875 0.171875 0.010416666666666666 0.00625
1 0.13333333333333333 0.17265625 0.0125 0.0078125
1 0.06354166666666666 0.1671875 0.00625 0.003125
1 0.13020833333333334 0.16328125 0.0020833333333333333 0.0015625
1 0.0625 0.16171875 0.008333333333333333 0.0046875
1 0.04895833333333333 0.15859375 0.0020833333333333333 0.0015625
1 0.7541666666666667 0.159375 0.0125 0.009375
1 0.14375 0.15703125 0.004166666666666667 0.0046875
1 0.6041666666666666 0.1578125 0.008333333333333333 0.0125
1 0.14270833333333333 0.15234375 0.00625 0.0015625
1 0.07395833333333333 0.153125 0.00625 0.003125
1 0.6604166666666667 0.16171875 0.05416666666666667 0.0234375
1 0.020833333333333332 0.18359375 0.041666666666666664 0.0703125
1 0.5916666666666667 0.1484375 0.0125 0.003125
1 0.7197916666666667 0.15078125 0.022916666666666665 0.0109375
1 0.5020833333333333 0.14609375 0.004166666666666667 0.0046875
1 0.18333333333333332 0.1625 0.05 0.040625
1 0.296875 0.16875 0.06458333333333334 0.05625
1 0.065625 0.14140625 0.0020833333333333333 0.0015625
1 0.06041666666666667 0.1421875 0.004166666666666667 0.003125
1 0.078125 0.140625 0.0020833333333333333 0.003125
1 0.46875 0.140625 0.008333333333333333 0.00625
1 0.078125 0.13359375 0.0020833333333333333 0.0015625
1 0.74375 0.13984375 0.0125 0.0171875
1 0.0375 0.13359375 0.008333333333333333 0.0046875
1 0.296875 0.128125 0.00625 0.00625
1 0.6989583333333333 0.13359375 0.027083333333333334 0.0203125
1 0.6635416666666667 0.12421875 0.0020833333333333333 0.0015625
1 0.4947916666666667 0.13203125 0.022916666666666665 0.0234375
1 0.5947916666666667 0.12109375 0.00625 0.0046875
1 0.6291666666666667 0.11796875 0.008333333333333333 0.0109375
1 0.6697916666666667 0.115625 0.014583333333333334 0.0125
1 0.6052083333333333 0.1125 0.010416666666666666 0.00625
1 0.5729166666666666 0.1125 0.029166666666666667 0.00625
1 0.78125 0.13125 0.05416666666666667 0.046875
1 0.6697916666666667 0.1015625 0.00625 0.003125
1 0.39479166666666665 0.1359375 0.13541666666666666 0.075
1 0.59375 0.0984375 0.004166666666666667 0.003125
1 0.434375 0.09375 0.0020833333333333333 0.003125
1 0.421875 0.09296875 0.0020833333333333333 0.0015625
1 0.071875 0.09140625 0.0020833333333333333 0.0015625
1 0.06770833333333333 0.09140625 0.0020833333333333333 0.0015625
1 0.25625 0.103125 0.03333333333333333 0.034375
1 0.18645833333333334 0.1 0.03125 0.03125
1 0.16354166666666667 0.084375 0.00625 0.003125
1 0.03125 0.08125 0.004166666666666667 0.003125
1 0.016666666666666666 0.11015625 0.03333333333333333 0.0640625
1 0.6489583333333333 0.07734375 0.0020833333333333333 0.0015625
1 0.7427083333333333 0.08671875 0.035416666666666666 0.0234375
1 0.140625 0.08984375 0.03958333333333333 0.0296875
1 0.005208333333333333 0.07578125 0.0020833333333333333 0.0015625
1 0.6385416666666667 0.0765625 0.014583333333333334 0.00625
1 0.5947916666666667 0.0828125 0.022916666666666665 0.01875
1 0.03125 0.07578125 0.004166666666666667 0.0046875
1 0.030208333333333334 0.07109375 0.0020833333333333333 0.0015625
1 0.34791666666666665 0.075 0.020833333333333332 0.0125
1 0.421875 0.08515625 0.08958333333333333 0.0359375
1 0.9291666666666667 0.0734375 0.041666666666666664 0.025
1 0.8979166666666667 0.06015625 0.004166666666666667 0.0015625
1 0.16145833333333334 0.05859375 0.00625 0.0015625
1 0.5802083333333333 0.06171875 0.01875 0.0109375
1 0.00625 0.05703125 0.004166666666666667 0.0015625
1 0.19375 0.0609375 0.0125 0.0125
1 0.9177083333333333 0.05234375 0.0020833333333333333 0.0015625
1 0.275 0.05546875 0.008333333333333333 0.0078125
1 0.9958333333333333 0.05625 0.008333333333333333 0.0125
1 0.959375 0.053125 0.010416666666666666 0.00625
1 0.5854166666666667 0.0484375 0.008333333333333333 0.003125
1 0.6041666666666666 0.0515625 0.0125 0.0125
1 0.5 0.5109375 1.0 0.978125
1 0.05416666666666667 0.025 0.029166666666666667 0.009375
1 0.9552083333333333 0.00546875 0.035416666666666666 0.0109375
1 0.928125 0.00234375 0.014583333333333334 0.0046875
1 0.8625 0.0015625 0.008333333333333333 0.003125
1 0.7875 0.01015625 0.0375 0.0203125
1 0.6802083333333333 0.05859375 0.21458333333333332 0.1171875
1 0.484375 0.00390625 0.01875 0.0078125
1 0.4510416666666667 0.0015625 0.00625 0.003125
1 0.28854166666666664 0.06015625 0.28958333333333336 0.1203125
1 0.12083333333333333 0.01171875 0.0375 0.0234375
2 0.2625 0.9984375 0.008333333333333333 0.003125
2 0.32916666666666666 0.984375 0.008333333333333333 0.00625
2 0.4552083333333333 0.98828125 0.014583333333333334 0.0234375
2 0.428125 0.97734375 0.0020833333333333333 0.0015625
2 0.4354166666666667 0.9875 0.008333333333333333 0.025
2 0.44895833333333335 0.97421875 0.0020833333333333333 0.0015625
2 0.35520833333333335 0.971875 0.010416666666666666 0.00625
2 0.44375 0.97109375 0.004166666666666667 0.0078125
2 0.36354166666666665 0.9625 0.00625 0.003125
2 0.334375 0.9640625 0.00625 0.009375
2 0.2989583333333333 0.95234375 0.0020833333333333333 0.0015625
2 0.010416666666666666 0.94765625 0.004166666666666667 0.0015625
2 0.0625 0.9234375 0.004166666666666667 0.003125
2 0.41770833333333335 0.92109375 0.0020833333333333333 0.0015625
2 0.31979166666666664 0.91796875 0.022916666666666665 0.0140625
2 0.290625 0.94296875 0.06458333333333334 0.0640625
2 0.340625 0.89765625 0.0020833333333333333 0.0015625
2 0.3854166666666667 0.9171875 0.075 0.04375
2 0.34791666666666665 0.8953125 0.008333333333333333 0.00625
2 0.0020833333333333333 0.86015625 0.004166666666666667 0.0078125
2 0.28541666666666665 0.8796875 0.075 0.059375
2 0.38229166666666664 0.83359375 0.0020833333333333333 0.0015625
2 0.3697916666666667 0.83046875 0.0020833333333333333 0.0015625
2 0.37395833333333334 0.82734375 0.00625 0.0015625
2 0.36770833333333336 0.82734375 0.0020833333333333333 0.0015625
2 0.328125 0.8265625 0.00625 0.003125
2 0.32395833333333335 0.82265625 0.0020833333333333333 0.0015625
2 0.36875 0.8203125 0.03333333333333333 0.009375
2 0.31979166666666664 0.81640625 0.0020833333333333333 0.0015625
2 0.26875 0.81328125 0.004166666666666667 0.0015625
2 0.2635416666666667 0.81328125 0.0020833333333333333 0.0015625
2 0.24479166666666666 0.81328125 0.0020833333333333333 0.0015625
2 0.026041666666666668 0.81328125 0.0020833333333333333 0.0015625
2 0.334375 0.790625 0.0020833333333333333 0.003125
2 0.31354166666666666 0.78828125 0.022916666666666665 0.0234375
2 0.9302083333333333 0.77578125 0.010416666666666666 0.0109375
2 0.37916666666666665 0.78125 0.08333333333333333 0.0375
2 0.9479166666666666 0.740625 0.016666666666666666 0.015625
2 0.3958333333333333 0.72421875 0.004166666666666667 0.0015625
2 0.328125 0.71328125 0.0020833333333333333 0.0015625
2 0.4375 0.71015625 0.004166666666666667 0.0046875
2 0.5322916666666667 0.70234375 0.0020833333333333333 0.0015625
2 0.9395833333333333 0.70390625 0.0125 0.0171875
2 0.34791666666666665 0.7203125 0.058333333333333334 0.08125
2 0.403125 0.67734375 0.0020833333333333333 0.0015625
2 0.496875 0.6734375 0.0020833333333333333 0.003125
2 0.4510416666666667 0.675 0.014583333333333334 0.01875
2 0.5947916666666667 0.65234375 0.00625 0.0015625
2 0.46145833333333336 0.65078125 0.014583333333333334 0.0109375
2 0.5822916666666667 0.646875 0.010416666666666666 0.00625
2 0.5614583333333333 0.640625 0.014583333333333334 0.00625
2 0.5958333333333333 0.6390625 0.008333333333333333 0.009375
2 0.4166666666666667 0.64921875 0.03333333333333333 0.0296875
2 0.525 0.63828125 0.04583333333333333 0.0109375
2 0.46979166666666666 0.621875 0.014583333333333334 0.00625
2 0.37395833333333334 0.61484375 0.0020833333333333333 0.0015625
2 0.4822916666666667 0.59921875 0.0020833333333333333 0.0015625
2 0.478125 0.59765625 0.0020833333333333333 0.0015625
2 0.4895833333333333 0.5828125 0.004166666666666667 0.003125
2 0.48854166666666665 0.56875 0.0020833333333333333 0.003125
2 0.446875 0.5703125 0.010416666666666666 0.01875
2 0.440625 0.55859375 0.0020833333333333333 0.0015625
2 0.571875 0.578125 0.17291666666666666 0.053125
2 0.734375 0.55 0.010416666666666666 0.00625
2 0.43020833333333336 0.54765625 0.0020833333333333333 0.0046875
2 0.47708333333333336 0.53984375 0.004166666666666667 0.0046875
2 0.5010416666666667 0.53671875 0.0020833333333333333 0.0046875
2 0.7385416666666667 0.5328125 0.00625 0.00625
2 0.51875 0.5265625 0.004166666666666667 0.003125
2 0.675 0.5359375 0.025 0.028125
2 0.7354166666666667 0.51953125 0.004166666666666667 0.0015625
2 0.7125 0.521875 0.008333333333333333 0.00625
2 0.509375 0.5171875 0.0020833333333333333 0.003125
2 0.690625 0.51640625 0.00625 0.0046875
2 0.8083333333333333 0.5234375 0.0625 0.025
2 0.5302083333333333 0.50703125 0.00625 0.0078125
2 0.575 0.50703125 0.016666666666666666 0.0109375
2 0.546875 0.51328125 0.022916666666666665 0.0234375
2 0.4 0.50859375 0.029166666666666667 0.0140625
2 0.3645833333333333 0.5015625 0.004166666666666667 0.003125
2 0.66875 0.50078125 0.004166666666666667 0.0140625
2 0.025 0.48984375 0.004166666666666667 0.0015625
2 0.4947916666666667 0.4890625 0.0020833333333333333 0.003125
2 0.6052083333333333 0.49296875 0.022916666666666665 0.0234375
2 0.3614583333333333 0.48359375 0.00625 0.0046875
2 0.6791666666666667 0.4859375 0.04583333333333333 0.021875
2 0.4947916666666667 0.4796875 0.00625 0.0125
2 0.7677083333333333 0.4921875 0.11041666666666666 0.05
2 0.7489583333333333 0.46796875 0.0020833333333333333 0.0015625
2 0.0010416666666666667 0.46015625 0.0020833333333333333 0.0015625
2 0.703125 0.45859375 0.014583333333333334 0.0109375
2 0.24895833333333334 0.45390625 0.0020833333333333333 0.0015625
2 0.8458333333333333 0.45390625 0.0125 0.0078125
2 0.703125 0.44765625 0.00625 0.0046875
2 0.3 0.44765625 0.0125 0.0046875
2 0.8822916666666667 0.4515625 0.03125 0.015625
2 0.7708333333333334 0.4484375 0.020833333333333332 0.015625
2 0.7635416666666667 0.4421875 0.00625 0.00625
2 0.8833333333333333 0.43515625 0.004166666666666667 0.0015625
2 0.7291666666666666 0.4375 0.016666666666666666 0.009375
2 0.6979166666666666 0.4328125 0.004166666666666667 0.00625
2 0.8739583333333333 0.43046875 0.00625 0.0046875
2 0.896875 0.42421875 0.0020833333333333333 0.0015625
2 0.896875 0.41953125 0.0020833333333333333 0.0015625
2 0.8833333333333333 0.41953125 0.004166666666666667 0.0015625
2 0.8760416666666667 0.41953125 0.0020833333333333333 0.0015625
2 0.22083333333333333 0.42421875 0.016666666666666666 0.0109375
2 0.7083333333333334 0.41875 0.004166666666666667 0.003125
2 0.896875 0.41484375 0.0020833333333333333 0.0015625
2 0.396875 0.42734375 0.03958333333333333 0.0296875
2 0.8697916666666666 0.41953125 0.052083333333333336 0.0265625
2 0.7072916666666667 0.41953125 0.022916666666666665 0.0390625
2 0.38645833333333335 0.40390625 0.010416666666666666 0.0109375
2 0.8104166666666667 0.41953125 0.0625 0.0515625
2 0.4041666666666667 0.39140625 0.008333333333333333 0.0046875
2 0.609375 0.37890625 0.0020833333333333333 0.0015625
2 0.721875 0.35703125 0.0020833333333333333 0.0015625
2 0.640625 0.34921875 0.0020833333333333333 0.0015625
2 0.65 0.35078125 0.0125 0.0109375
2 0.640625 0.34609375 0.0020833333333333333 0.0015625
2 0.653125 0.34453125 0.0020833333333333333 0.0015625
2 0.640625 0.34296875 0.0020833333333333333 0.0015625
2 0.15104166666666666 0.32734375 0.0020833333333333333 0.0015625
2 0.14583333333333334 0.32578125 0.004166666666666667 0.0015625
2 0.6041666666666666 0.315625 0.004166666666666667 0.003125
2 0.609375 0.31015625 0.0020833333333333333 0.0015625
2 0.20208333333333334 0.3078125 0.008333333333333333 0.003125
2 0.2375 0.30390625 0.008333333333333333 0.0015625
2 0.140625 0.30234375 0.0020833333333333333 0.0015625
2 0.12916666666666668 0.3015625 0.0125 0.003125
2 0.671875 0.29921875 0.0020833333333333333 0.0015625
2 0.6364583333333333 0.29765625 0.0020833333333333333 0.0015625
2 0.13125 0.29140625 0.004166666666666667 0.0015625
2 0.8416666666666667 0.290625 0.0125 0.00625
2 0.13125 0.28203125 0.004166666666666667 0.0015625
2 0.11041666666666666 0.2828125 0.004166666666666667 0.003125
2 0.7052083333333333 0.2765625 0.00625 0.003125
2 0.15625 0.27265625 0.004166666666666667 0.0046875
2 0.2520833333333333 0.26796875 0.016666666666666666 0.0078125
2 0.896875 0.26328125 0.0020833333333333333 0.0015625
2 0.14895833333333333 0.25859375 0.0020833333333333333 0.0015625
2 0.13020833333333334 0.25390625 0.0020833333333333333 0.0015625
2 0.9135416666666667 0.25390625 0.010416666666666666 0.0109375
2 0.6802083333333333 0.25078125 0.00625 0.0046875
2 0.090625 0.23984375 0.0020833333333333333 0.0015625
2 0.6760416666666667 0.23515625 0.0020833333333333333 0.0015625
2 0.08645833333333333 0.23203125 0.0020833333333333333 0.0015625
2 0.084375 0.22890625 0.0020833333333333333 0.0015625
2 0.08333333333333333 0.225 0.004166666666666667 0.003125
2 0.0020833333333333333 0.22421875 0.004166666666666667 0.0015625
2 0.115625 0.22265625 0.0020833333333333333 0.0015625
2 0.013541666666666667 0.21953125 0.00625 0.0046875
2 0.16458333333333333 0.2171875 0.008333333333333333 0.003125
2 0.18020833333333333 0.21328125 0.0020833333333333333 0.0015625
2 0.08854166666666667 0.21015625 0.0020833333333333333 0.0015625
2 0.159375 0.209375 0.00625 0.00625
2 0.165625 0.20703125 0.0020833333333333333 0.0046875
2 0.07395833333333333 0.20234375 0.0020833333333333333 0.0015625
2 0.178125 0.20234375 0.00625 0.0046875
2 0.109375 0.20078125 0.00625 0.0015625
2 0.11875 0.196875 0.004166666666666667 0.00625
2 0.10625 0.1953125 0.004166666666666667 0.003125
2 0.007291666666666667 0.20390625 0.014583333333333334 0.0296875
2 0.06979166666666667 0.18828125 0.0020833333333333333 0.0015625
2 0.06145833333333333 0.18828125 0.0020833333333333333 0.0015625
2 0.8427083333333333 0.18671875 0.0020833333333333333 0.0015625
2 0.19583333333333333 0.59296875 0.39166666666666666 0.8140625
2 0.18333333333333332 0.18515625 0.004166666666666667 0.0015625
2 0.8739583333333333 0.18515625 0.00625 0.0046875
2 0.14895833333333333 0.18359375 0.014583333333333334 0.0046875
2 0.121875 0.18203125 0.0020833333333333333 0.0015625
2 0.11354166666666667 0.18203125 0.0020833333333333333 0.0015625
2 0.8489583333333334 0.18125 0.0020833333333333333 0.003125
2 0.8302083333333333 0.18046875 0.0020833333333333333 0.0015625
2 0.13645833333333332 0.18046875 0.0020833333333333333 0.0015625
2 0.10208333333333333 0.18046875 0.004166666666666667 0.0015625
2 0.171875 0.18203125 0.014583333333333334 0.0078125
2 0.08333333333333333 0.17890625 0.004166666666666667 0.0015625
2 0.8989583333333333 0.17578125 0.0020833333333333333 0.0015625
2 0.171875 0.17421875 0.0020833333333333333 0.0015625
2 0.9302083333333333 0.17109375 0.027083333333333334 0.0109375
2 0.058333333333333334 0.16796875 0.0125 0.0046875
2 0.928125 0.16328125 0.0020833333333333333 0.0015625
2 0.05520833333333333 0.16328125 0.0020833333333333333 0.0015625
2 0.9385416666666667 0.1625 0.00625 0.003125
2 0.0625 0.1625 0.008333333333333333 0.003125
2 0.04791666666666667 0.159375 0.004166666666666667 0.003125
2 0.9947916666666666 0.1578125 0.010416666666666666 0.00625
2 0.036458333333333336 0.15625 0.014583333333333334 0.00625
2 0.07395833333333333 0.153125 0.00625 0.003125
2 0.121875 0.15 0.00625 0.003125
2 0.04479166666666667 0.14609375 0.0020833333333333333 0.0015625
2 0.065625 0.14140625 0.0020833333333333333 0.0015625
2 0.06041666666666667 0.1421875 0.004166666666666667 0.003125
2 0.05416666666666667 0.14453125 0.004166666666666667 0.0078125
2 0.115625 0.13984375 0.0020833333333333333 0.0015625
2 0.078125 0.140625 0.0020833333333333333 0.003125
2 0.078125 0.13359375 0.0020833333333333333 0.0015625
2 0.0375 0.134375 0.008333333333333333 0.003125
2 0.078125 0.11171875 0.0020833333333333333 0.0015625
2 0.028125 0.11015625 0.0020833333333333333 0.0015625
2 0.028125 0.14453125 0.05625 0.0890625
2 0.9989583333333333 0.09296875 0.0020833333333333333 0.0015625
2 0.9947916666666666 0.09296875 0.0020833333333333333 0.0015625
2 0.06770833333333333 0.09140625 0.0020833333333333333 0.0015625
2 0.016666666666666666 0.09296875 0.0125 0.0140625
2 0.003125 0.0890625 0.00625 0.00625
2 0.06770833333333333 0.08359375 0.0020833333333333333 0.0015625
2 0.03125 0.08125 0.004166666666666667 0.003125
2 0.03125 0.0765625 0.004166666666666667 0.003125
2 0.004166666666666667 0.075 0.004166666666666667 0.003125
2 0.03125 0.0703125 0.004166666666666667 0.003125
2 0.011458333333333333 0.06796875 0.0020833333333333333 0.0015625
2 0.03333333333333333 0.06328125 0.025 0.0046875
2 0.00625 0.05703125 0.004166666666666667 0.0015625
2 0.026041666666666668 0.05234375 0.00625 0.0046875
2 0.004166666666666667 0.040625 0.004166666666666667 0.003125
2 0.026041666666666668 0.0375 0.03958333333333333 0.015625
2 0.37604166666666666 0.01640625 0.0020833333333333333 0.0015625
2 0.004166666666666667 0.0171875 0.008333333333333333 0.0125
2 0.990625 0.01015625 0.01875 0.0203125
2 0.6177083333333333 0.00078125 0.0020833333333333333 0.0015625
2 0.525 0.27734375 0.95 0.5546875
2 0.08854166666666667 0.003125 0.00625 0.00625
2 0.053125 0.0171875 0.05625 0.034375
