0 0.296875 0.67578125 0.0020833333333333333 0.0015625
0 0.2625 0.6578125 0.0125 0.00625
0 0.2375 0.65 0.008333333333333333 0.003125
0 0.203125 0.64296875 0.01875 0.0046875
0 0.6708333333333333 0.61171875 0.008333333333333333 0.0015625
0 0.4625 0.5546875 0.008333333333333333 0.015625
0 0.4197916666666667 0.53359375 0.0020833333333333333 0.0015625
0 0.984375 0.52734375 0.014583333333333334 0.0046875
0 0.6072916666666667 0.5171875 0.010416666666666666 0.003125
0 0.390625 0.51953125 0.010416666666666666 0.0078125
0 0.971875 0.51171875 0.0020833333333333333 0.0015625
0 0.9927083333333333 0.51484375 0.014583333333333334 0.0140625
0 0.434375 0.4984375 0.0020833333333333333 0.003125
0 0.9072916666666667 0.51484375 0.08125 0.0515625
0 0.4083333333333333 0.50390625 0.09583333333333334 0.0640625
0 0.9770833333333333 0.4828125 0.029166666666666667 0.034375
0 0.39166666666666666 0.45703125 0.008333333333333333 0.0046875
0 0.9354166666666667 0.4484375 0.004166666666666667 0.003125
0 0.690625 0.45703125 0.06041666666666667 0.0265625
0 0.603125 0.41484375 0.00625 0.0078125
0 0.08333333333333333 0.40703125 0.008333333333333333 0.0078125
0 0.3572916666666667 0.40625 0.03958333333333333 0.0125
0 0.08020833333333334 0.39921875 0.0020833333333333333 0.0015625
0 0.057291666666666664 0.39765625 0.0020833333333333333 0.0015625
0 0.08645833333333333 0.39453125 0.0020833333333333333 0.0015625
0 0.07604166666666666 0.39609375 0.00625 0.0046875
0 0.621875 0.403125 0.01875 0.021875
0 0.009375 0.3875 0.00625 0.009375
0 0.6427083333333333 0.3765625 0.0020833333333333333 0.003125
0 0.553125 0.375 0.014583333333333334 0.009375
0 0.09166666666666666 0.37734375 0.041666666666666664 0.0140625
0 0.13645833333333332 0.3671875 0.0020833333333333333 0.003125
0 0.036458333333333336 0.36953125 0.00625 0.0078125
0 0.503125 0.37109375 0.014583333333333334 0.0140625
0 0.41458333333333336 0.415625 0.10833333333333334 0.10625
0 0.036458333333333336 0.36328125 0.0020833333333333333 0.0015625
0 0.8291666666666667 0.3625 0.004166666666666667 0.00625
0 0.004166666666666667 0.3578125 0.008333333333333333 0.003125
0 0.36354166666666665 0.35234375 0.00625 0.0046875
0 0.1625 0.3515625 0.0125 0.00625
0 0.38645833333333335 0.359375 0.027083333333333334 0.025
0 0.2 0.340625 0.016666666666666666 0.00625
0 0.13125 0.340625 0.004166666666666667 0.00625
0 0.9927083333333333 0.33671875 0.0020833333333333333 0.0015625
0 0.3927083333333333 0.33671875 0.0020833333333333333 0.0015625
0 0.9979166666666667 0.33515625 0.004166666666666667 0.0015625
0 0.4114583333333333 0.3453125 0.022916666666666665 0.021875
0 0.5864583333333333 0.32734375 0.0020833333333333333 0.0015625
0 0.5135416666666667 0.32578125 0.0020833333333333333 0.0015625
0 0.46041666666666664 0.3390625 0.0375 0.028125
0 0.9135416666666667 0.3234375 0.0020833333333333333 0.003125
0 0.5604166666666667 0.32421875 0.004166666666666667 0.0046875
0 0.6364583333333333 0.32109375 0.0020833333333333333 0.0015625
0 0.7916666666666666 0.31953125 0.004166666666666667 0.0015625
0 0.5635416666666667 0.31953125 0.0020833333333333333 0.0015625
0 0.5447916666666667 0.32421875 0.01875 0.0140625
0 0.6041666666666666 0.3171875 0.008333333333333333 0.00625
0 0.5572916666666666 0.31484375 0.0020833333333333333 0.0015625
0 0.6614583333333334 0.3125 0.00625 0.003125
0 0.021875 0.33125 0.04375 0.04375
0 0.621875 0.30546875 0.0020833333333333333 0.0015625
0 0.9645833333333333 0.29765625 0.004166666666666667 0.0046875
0 0.478125 0.29921875 0.01875 0.0078125
0 0.20416666666666666 0.29140625 0.008333333333333333 0.0046875
0 0.07083333333333333 0.28984375 0.004166666666666667 0.0015625
0 0.9010416666666666 0.28671875 0.0020833333333333333 0.0015625
0 0.0625 0.2875 0.008333333333333333 0.00625
0 0.004166666666666667 0.29140625 0.008333333333333333 0.0140625
0 0.95625 0.28359375 0.004166666666666667 0.0015625
0 0.5677083333333334 0.28359375 0.0020833333333333333 0.0015625
0 0.48333333333333334 0.2828125 0.008333333333333333 0.003125
0 0.17604166666666668 0.2859375 0.022916666666666665 0.0125
0 0.7625 0.2796875 0.004166666666666667 0.003125
0 0.5541666666666667 0.28671875 0.029166666666666667 0.0203125
0 0.6010416666666667 0.28984375 0.06458333333333334 0.0296875
0 0.51875 0.28984375 0.0375 0.0296875
0 0.9875 0.2828125 0.025 0.01875
0 0.9979166666666667 0.271875 0.004166666666666667 0.003125
0 0.134375 0.27109375 0.00625 0.0015625
0 0.6635416666666667 0.26484375 0.0020833333333333333 0.0015625
0 0.5645833333333333 0.2671875 0.004166666666666667 0.00625
0 0.153125 0.265625 0.00625 0.003125
0 0.5114583333333333 0.26875 0.03958333333333333 0.0125
0 0.059375 0.26328125 0.0020833333333333333 0.0015625
0 0.13229166666666667 0.26484375 0.010416666666666666 0.0078125
0 0.115625 0.25625 0.014583333333333334 0.00625
0 0.05416666666666667 0.26171875 0.025 0.0171875
0 0.13958333333333334 0.25703125 0.0125 0.0109375
0 0.12604166666666666 0.25234375 0.0020833333333333333 0.0015625
0 0.065625 0.25078125 0.0020833333333333333 0.0015625
0 0.9989583333333333 0.2484375 0.0020833333333333333 0.003125
0 0.10729166666666666 0.24765625 0.0020833333333333333 0.0015625
0 0.15104166666666666 0.24765625 0.010416666666666666 0.0046875
0 0.103125 0.246875 0.0020833333333333333 0.003125
0 0.03854166666666667 0.246875 0.00625 0.00625
0 0.6822916666666666 0.24296875 0.0020833333333333333 0.0015625
0 0.503125 0.24609375 0.00625 0.0078125
0 0.128125 0.2421875 0.014583333333333334 0.00625
0 0.7385416666666667 0.23828125 0.0020833333333333333 0.0015625
0 0.6239583333333333 0.23515625 0.0020833333333333333 0.0015625
0 0.515625 0.2375 0.00625 0.00625
0 0.06458333333333334 0.23828125 0.0125 0.0078125
0 0.996875 0.23671875 0.00625 0.0109375
0 0.634375 0.24765625 0.09791666666666667 0.0390625
0 0.5885416666666666 0.2296875 0.0020833333333333333 0.003125
0 0.9760416666666667 0.2296875 0.014583333333333334 0.009375
0 0.43125 0.22421875 0.004166666666666667 0.0046875
0 0.521875 0.21953125 0.0020833333333333333 0.0015625
0 0.20104166666666667 0.2265625 0.027083333333333334 0.015625
0 0.023958333333333335 0.2265625 0.01875 0.015625
0 0.08854166666666667 0.21796875 0.0020833333333333333 0.0078125
0 0.078125 0.21484375 0.0020833333333333333 0.0015625
0 0.3802083333333333 0.2765625 0.14375 0.128125
0 0.11145833333333334 0.21875 0.027083333333333334 0.0125
0 0.55625 0.21328125 0.008333333333333333 0.0046875
0 0.13229166666666667 0.20859375 0.0020833333333333333 0.0015625
0 0.14166666666666666 0.209375 0.008333333333333333 0.00625
0 0.09583333333333334 0.20703125 0.004166666666666667 0.0078125
0 0.103125 0.20234375 0.0020833333333333333 0.0015625
0 0.6052083333333333 0.20859375 0.03125 0.0171875
0 0.090625 0.19609375 0.0020833333333333333 0.0015625
0 0.16666666666666666 0.196875 0.008333333333333333 0.00625
0 0.121875 0.196875 0.010416666666666666 0.00625
0 0.03958333333333333 0.2046875 0.029166666666666667 0.021875
0 0.91875 0.19453125 0.0125 0.0078125
0 0.11770833333333333 0.19140625 0.0020833333333333333 0.0015625
0 0.0875 0.1921875 0.004166666666666667 0.003125
0 0.5364583333333334 0.203125 0.01875 0.028125
0 0.0020833333333333333 0.18984375 0.004166666666666667 0.0046875
0 0.5364583333333334 0.18671875 0.0020833333333333333 0.0015625
0 0.9291666666666667 0.18359375 0.004166666666666667 0.0015625
0 0.6083333333333333 0.184375 0.004166666666666667 0.003125
0 0.5364583333333334 0.1828125 0.00625 0.003125
0 0.15520833333333334 0.18046875 0.0020833333333333333 0.0015625
0 0.146875 0.17890625 0.01875 0.0046875
0 0.5385416666666667 0.17734375 0.00625 0.0046875
0 0.18854166666666666 0.1765625 0.00625 0.003125
0 0.9229166666666667 0.175 0.004166666666666667 0.003125
0 0.9135416666666667 0.1765625 0.00625 0.00625
0 0.45729166666666665 0.17734375 0.010416666666666666 0.0078125
0 0.5364583333333334 0.17265625 0.0020833333333333333 0.0015625
0 0.9135416666666667 0.17109375 0.0020833333333333333 0.0015625
0 0.13020833333333334 0.17734375 0.01875 0.0140625
0 0.19166666666666668 0.1703125 0.008333333333333333 0.003125
0 0.60625 0.1703125 0.004166666666666667 0.00625
0 0.20208333333333334 0.16875 0.004166666666666667 0.003125
0 0.16979166666666667 0.16796875 0.0020833333333333333 0.0015625
0 0.6322916666666667 0.16640625 0.0020833333333333333 0.0015625
0 0.6072916666666667 0.16484375 0.0020833333333333333 0.0015625
0 0.178125 0.16640625 0.010416666666666666 0.0046875
0 0.014583333333333334 0.17578125 0.029166666666666667 0.0234375
0 0.6135416666666667 0.16796875 0.00625 0.0109375
0 0.590625 0.17890625 0.03958333333333333 0.0359375
0 0.23854166666666668 0.16171875 0.0020833333333333333 0.0015625
0 0.61875 0.16015625 0.004166666666666667 0.0015625
0 0.6083333333333333 0.15859375 0.0125 0.0015625
0 0.4125 0.16953125 0.025 0.0234375
0 0.5572916666666666 0.1578125 0.0020833333333333333 0.003125
0 0.971875 0.175 0.05625 0.040625
0 0.04479166666666667 0.1578125 0.00625 0.00625
0 0.8947916666666667 0.15234375 0.0020833333333333333 0.0015625
0 0.19895833333333332 0.15234375 0.0020833333333333333 0.0015625
0 0.06770833333333333 0.15234375 0.0020833333333333333 0.0015625
0 0.609375 0.1515625 0.0020833333333333333 0.003125
0 0.6041666666666666 0.1515625 0.004166666666666667 0.003125
0 0.209375 0.15 0.0020833333333333333 0.003125
0 0.9010416666666666 0.1578125 0.022916666666666665 0.021875
0 0.4354166666666667 0.1484375 0.004166666666666667 0.003125
0 0.2947916666666667 0.14765625 0.0020833333333333333 0.0015625
0 0.005208333333333333 0.15390625 0.010416666666666666 0.0140625
0 0.15104166666666666 0.14609375 0.0020833333333333333 0.0015625
0 0.04895833333333333 0.14765625 0.010416666666666666 0.0078125
0 0.821875 0.1453125 0.00625 0.009375
0 0.6697916666666667 0.14140625 0.0020833333333333333 0.0015625
0 0.5125 0.14140625 0.004166666666666667 0.0015625
0 0.34270833333333334 0.13984375 0.0020833333333333333 0.0015625
0 0.35104166666666664 0.1734375 0.08541666666666667 0.075
0 0.209375 0.13671875 0.0020833333333333333 0.0046875
0 0.18125 0.12890625 0.008333333333333333 0.0046875
0 0.06354166666666666 0.13046875 0.00625 0.0109375
0 0.440625 0.12421875 0.0020833333333333333 0.0015625
0 0.042708333333333334 0.1265625 0.00625 0.00625
0 0.6697916666666667 0.12265625 0.0020833333333333333 0.0015625
0 0.20104166666666667 0.12265625 0.0020833333333333333 0.0015625
0 0.029166666666666667 0.125 0.0125 0.00625
0 0.9114583333333334 0.12265625 0.00625 0.0046875
0 0.128125 0.13828125 0.06041666666666667 0.0359375
0 0.19166666666666668 0.121875 0.008333333333333333 0.00625
0 0.07604166666666666 0.11953125 0.0020833333333333333 0.0015625
0 0.6166666666666667 0.11875 0.004166666666666667 0.003125
0 0.43020833333333336 0.12109375 0.010416666666666666 0.0078125
0 0.265625 0.11796875 0.0020833333333333333 0.0015625
0 0.06354166666666666 0.11875 0.0020833333333333333 0.003125
0 0.259375 0.11640625 0.00625 0.0015625
0 0.06875 0.11796875 0.004166666666666667 0.0046875
0 0.5104166666666666 0.1265625 0.04583333333333333 0.025
0 0.6625 0.1125 0.004166666666666667 0.003125
0 0.9489583333333333 0.11640625 0.010416666666666666 0.0140625
0 0.4239583333333333 0.1109375 0.0020833333333333333 0.003125
0 0.4125 0.11953125 0.025 0.0234375
0 0.171875 0.10859375 0.0020833333333333333 0.0015625
0 0.13541666666666666 0.109375 0.004166666666666667 0.00625
0 0.575 0.10546875 0.004166666666666667 0.0015625
0 0.40625 0.103125 0.004166666666666667 0.003125
0 0.14791666666666667 0.10234375 0.008333333333333333 0.0015625
0 0.953125 0.10390625 0.00625 0.0078125
0 0.16145833333333334 0.1015625 0.00625 0.003125
0 0.24895833333333334 0.09921875 0.0020833333333333333 0.0015625
0 0.24270833333333333 0.09765625 0.0020833333333333333 0.0015625
0 0.06666666666666667 0.1078125 0.020833333333333332 0.021875
0 0.09791666666666667 0.103125 0.041666666666666664 0.015625
0 0.9229166666666667 0.1 0.029166666666666667 0.0125
0 0.5979166666666667 0.09453125 0.004166666666666667 0.0015625
0 0.5635416666666667 0.09453125 0.0020833333333333333 0.0015625
0 0.515625 0.09296875 0.0020833333333333333 0.0015625
0 0.9489583333333333 0.08671875 0.0020833333333333333 0.0015625
0 0.39791666666666664 0.090625 0.008333333333333333 0.009375
0 0.24166666666666667 0.08828125 0.008333333333333333 0.0046875
0 0.353125 0.08203125 0.0020833333333333333 0.0015625
0 0.07395833333333333 0.08203125 0.0020833333333333333 0.0015625
0 0.06979166666666667 0.08203125 0.0020833333333333333 0.0015625
0 0.996875 0.0859375 0.00625 0.0125
0 0.23958333333333334 0.08203125 0.008333333333333333 0.0046875
0 0.09375 0.0796875 0.008333333333333333 0.003125
0 0.9697916666666667 0.078125 0.010416666666666666 0.00625
0 0.14270833333333333 0.0828125 0.01875 0.015625
0 0.8697916666666666 0.07421875 0.0020833333333333333 0.0015625
0 0.065625 0.07421875 0.0020833333333333333 0.0015625
0 0.0010416666666666667 0.075 0.0020833333333333333 0.003125
0 0.9458333333333333 0.078125 0.008333333333333333 0.0125
0 0.023958333333333335 0.090625 0.04791666666666667 0.0375
0 0.44479166666666664 0.071875 0.010416666666666666 0.003125
0 0.25729166666666664 0.07109375 0.0020833333333333333 0.0015625
0 0.24479166666666666 0.07109375 0.0020833333333333333 0.0015625
0 0.6552083333333333 0.071875 0.014583333333333334 0.00625
0 0.3927083333333333 0.06953125 0.0020833333333333333 0.0015625
0 0.23645833333333333 0.06953125 0.0020833333333333333 0.0015625
0 0.16145833333333334 0.06953125 0.0020833333333333333 0.0015625
0 0.5510416666666667 0.078125 0.03125 0.021875
0 0.865625 0.06640625 0.0020833333333333333 0.0015625
0 0.5510416666666667 0.0671875 0.0020833333333333333 0.003125
0 0.3333333333333333 0.0671875 0.004166666666666667 0.003125
0 0.8822916666666667 0.06484375 0.0020833333333333333 0.0015625
0 0.190625 0.06171875 0.0020833333333333333 0.0015625
0 0.15729166666666666 0.0625 0.0020833333333333333 0.003125
0 0.8635416666666667 0.06171875 0.0020833333333333333 0.0046875
0 0.26145833333333335 0.06015625 0.0020833333333333333 0.0015625
0 0.24895833333333334 0.0640625 0.01875 0.009375
0 0.26145833333333335 0.05703125 0.0020833333333333333 0.0015625
0 0.007291666666666667 0.05859375 0.00625 0.0046875
0 0.503125 0.05546875 0.0020833333333333333 0.0015625
0 0.14895833333333333 0.04921875 0.0020833333333333333 0.0015625
0 0.05520833333333333 0.0546875 0.010416666666666666 0.0125
0 0.7270833333333333 0.0484375 0.004166666666666667 0.003125
0 0.06354166666666666 0.05 0.0020833333333333333 0.00625
0 0.6322916666666667 0.04609375 0.0020833333333333333 0.0015625
0 0.12291666666666666 0.0515625 0.025 0.0125
0 0.8791666666666667 0.04765625 0.020833333333333332 0.0078125
0 0.546875 0.046875 0.014583333333333334 0.00625
0 0.50625 0.04453125 0.004166666666666667 0.0046875
0 0.0010416666666666667 0.04296875 0.0020833333333333333 0.0015625
0 0.5604166666666667 0.0421875 0.004166666666666667 0.003125
0 0.521875 0.0421875 0.0020833333333333333 0.003125
0 0.9375 0.0390625 0.008333333333333333 0.003125
0 0.50625 0.0390625 0.004166666666666667 0.003125
0 0.13541666666666666 0.040625 0.008333333333333333 0.00625
0 0.30104166666666665 0.0375 0.0020833333333333333 0.003125
0 0.55 0.03671875 0.004166666666666667 0.0046875
0 0.48125 0.0453125 0.0375 0.025
0 0.8833333333333333 0.03203125 0.004166666666666667 0.0015625
0 0.8677083333333333 0.0359375 0.00625 0.009375
0 0.50625 0.03359375 0.004166666666666667 0.0046875
0 0.004166666666666667 0.03359375 0.008333333333333333 0.0109375
0 0.771875 0.02578125 0.0020833333333333333 0.0015625
0 0.521875 0.03203125 0.010416666666666666 0.0140625
0 0.415625 0.03203125 0.00625 0.0140625
0 0.24791666666666667 0.0265625 0.004166666666666667 0.003125
0 0.5447916666666667 0.02421875 0.0020833333333333333 0.0015625
0 0.39895833333333336 0.02421875 0.0020833333333333333 0.0015625
0 0.5864583333333333 0.02265625 0.0020833333333333333 0.0015625
0 0.5802083333333333 0.025 0.00625 0.00625
0 0.8135416666666667 0.06171875 0.10208333333333333 0.0828125
0 0.5645833333333333 0.021875 0.004166666666666667 0.003125
0 0.5427083333333333 0.02109375 0.0020833333333333333 0.0015625
0 0.209375 0.02109375 0.0020833333333333333 0.0015625
0 0.9395833333333333 0.02109375 0.004166666666666667 0.0046875
0 0.5916666666666667 0.0203125 0.004166666666666667 0.003125
0 0.5 0.02109375 0.004166666666666667 0.0046875
0 0.39895833333333336 0.0203125 0.0020833333333333333 0.003125
0 0.21458333333333332 0.0203125 0.004166666666666667 0.003125
0 0.946875 0.01796875 0.00625 0.0015625
0 0.21666666666666667 0.07109375 0.11666666666666667 0.1078125
0 0.209375 0.01796875 0.0020833333333333333 0.0015625
0 0.521875 0.0203125 0.010416666666666666 0.009375
0 0.5385416666666667 0.01640625 0.0020833333333333333 0.0046875
0 0.40729166666666666 0.01484375 0.0020833333333333333 0.0015625
0 0.403125 0.01484375 0.0020833333333333333 0.0015625
0 0.3875 0.015625 0.004166666666666667 0.003125
0 0.01875 0.015625 0.004166666666666667 0.003125
0 0.9427083333333334 0.0140625 0.00625 0.003125
0 0.596875 0.01484375 0.00625 0.0046875
0 0.3958333333333333 0.0140625 0.008333333333333333 0.003125
0 0.20104166666666667 0.01796875 0.010416666666666666 0.0109375
0 0.5989583333333334 0.01015625 0.0020833333333333333 0.0015625
0 0.484375 0.01015625 0.0020833333333333333 0.0015625
0 0.490625 0.00859375 0.0020833333333333333 0.0015625
0 0.19479166666666667 0.00859375 0.0020833333333333333 0.0015625
0 0.8635416666666667 0.00703125 0.0020833333333333333 0.0015625
0 0.023958333333333335 0.00859375 0.010416666666666666 0.0078125
0 0.5989583333333334 0.00234375 0.0020833333333333333 0.0015625
0 0.036458333333333336 0.003125 0.0020833333333333333 0.003125
0 0.9739583333333334 0.0171875 0.052083333333333336 0.034375
0 0.9302083333333333 0.003125 0.00625 0.00625
0 0.9239583333333333 0.00078125 0.0020833333333333333 0.0015625
0 0.915625 0.00078125 0.0020833333333333333 0.0015625
0 0.9083333333333333 0.04375 0.05 0.0875
0 0.89375 0.00234375 0.008333333333333333 0.0046875
0 0.8416666666666667 0.00625 0.0375 0.0125
0 0.7895833333333333 0.0015625 0.020833333333333332 0.003125
0 0.803125 0.234375 0.39375 0.46875
0 0.5729166666666666 0.0078125 0.020833333333333332 0.015625
0 0.50625 0.00859375 0.016666666666666666 0.0171875
0 0.459375 0.0140625 0.052083333333333336 0.028125
0 0.428125 0.0046875 0.00625 0.009375
0 0.409375 0.003125 0.014583333333333334 0.00625
0 0.36666666666666664 0.06640625 0.125 0.1328125
0 0.3260416666666667 0.00078125 0.00625 0.0015625
0 0.26145833333333335 0.00546875 0.014583333333333334 0.0109375
0 0.225 0.00625 0.016666666666666666 0.0125
0 0.2 0.0046875 0.008333333333333333 0.009375
0 0.18333333333333332 0.00625 0.016666666666666666 0.0125
0 0.14895833333333333 0.0078125 0.035416666666666666 0.015625
0 0.140625 0.00078125 0.0020833333333333333 0.0015625
0 0.10104166666666667 0.00078125 0.0020833333333333333 0.0015625
0 0.06458333333333334 0.03828125 0.1125 0.0765625
0 0.057291666666666664 0.0046875 0.010416666666666666 0.009375
0 0.03229166666666667 0.00078125 0.0020833333333333333 0.0015625
0 0.026041666666666668 0.00078125 0.0020833333333333333 0.0015625
0 0.004166666666666667 0.00390625 0.008333333333333333 0.0078125
1 0.48854166666666665 0.94921875 0.0020833333333333333 0.0015625
1 0.4947916666666667 0.94765625 0.0020833333333333333 0.0015625
1 0.48333333333333334 0.94140625 0.008333333333333333 0.0109375
1 0.5114583333333333 0.93515625 0.0020833333333333333 0.0015625
1 0.49583333333333335 0.93203125 0.016666666666666666 0.0140625
1 0.490625 0.91796875 0.0020833333333333333 0.0015625
1 0.5052083333333334 0.92109375 0.014583333333333334 0.0109375
1 0.4947916666666667 0.9171875 0.0020833333333333333 0.003125
1 0.484375 0.915625 0.010416666666666666 0.00625
1 0.5364583333333334 0.91171875 0.00625 0.0046875
1 0.503125 0.90390625 0.0020833333333333333 0.0015625
1 0.53125 0.90078125 0.016666666666666666 0.0140625
1 0.5104166666666666 0.896875 0.016666666666666666 0.015625
1 0.6072916666666667 0.87265625 0.0020833333333333333 0.0015625
1 0.596875 0.86171875 0.0020833333333333333 0.0015625
1 0.5885416666666666 0.85234375 0.00625 0.0046875
1 0.378125 0.80703125 0.0020833333333333333 0.0015625
1 0.38958333333333334 0.80546875 0.004166666666666667 0.0015625
1 0.2947916666666667 0.8046875 0.0020833333333333333 0.003125
1 0.384375 0.80390625 0.010416666666666666 0.0046875
1 0.34479166666666666 0.8 0.0020833333333333333 0.003125
1 0.33645833333333336 0.79921875 0.00625 0.0046875
1 0.3572916666666667 0.79765625 0.022916666666666665 0.0078125
1 0.284375 0.78046875 0.0020833333333333333 0.0015625
1 0.28229166666666666 0.77734375 0.0020833333333333333 0.0015625
1 0.28229166666666666 0.77109375 0.0020833333333333333 0.0015625
1 0.29791666666666666 0.77421875 0.025 0.0390625
1 0.3614583333333333 0.71953125 0.0020833333333333333 0.0015625
1 0.321875 0.70390625 0.0020833333333333333 0.0015625
1 0.315625 0.703125 0.00625 0.003125
1 0.3333333333333333 0.734375 0.04583333333333333 0.071875
1 0.35520833333333335 0.69140625 0.0020833333333333333 0.0015625
1 0.2791666666666667 0.68984375 0.004166666666666667 0.0015625
1 0.271875 0.68984375 0.00625 0.0015625
1 0.33229166666666665 0.67421875 0.0020833333333333333 0.0015625
1 0.30104166666666665 0.67421875 0.0020833333333333333 0.0015625
1 0.309375 0.68359375 0.07708333333333334 0.0265625
1 0.32708333333333334 0.67109375 0.008333333333333333 0.0078125
1 0.3 0.66953125 0.020833333333333332 0.0078125
1 0.28125 0.659375 0.004166666666666667 0.003125
1 0.26979166666666665 0.65078125 0.0020833333333333333 0.0015625
1 0.7270833333333333 0.6359375 0.004166666666666667 0.003125
1 0.7364583333333333 0.63046875 0.0020833333333333333 0.0015625
1 0.7302083333333333 0.62734375 0.0020833333333333333 0.0015625
1 0.746875 0.63515625 0.03125 0.0203125
1 0.7854166666666667 0.62578125 0.025 0.0078125
1 0.703125 0.6234375 0.0020833333333333333 0.003125
1 0.7197916666666667 0.62109375 0.0020833333333333333 0.0015625
1 0.6614583333333334 0.61484375 0.0020833333333333333 0.0015625
1 0.6510416666666666 0.61328125 0.0020833333333333333 0.0015625
1 0.6395833333333333 0.61171875 0.004166666666666667 0.0015625
1 0.6822916666666666 0.61015625 0.0020833333333333333 0.0015625
1 0.0010416666666666667 0.60546875 0.0020833333333333333 0.0015625
1 0.011458333333333333 0.60390625 0.0020833333333333333 0.0015625
1 0.015625 0.59921875 0.0020833333333333333 0.0015625
1 0.396875 0.590625 0.0020833333333333333 0.003125
1 0.00625 0.59453125 0.0125 0.0171875
1 0.37083333333333335 0.58125 0.004166666666666667 0.00625
1 0.40729166666666666 0.5765625 0.010416666666666666 0.003125
1 0.4197916666666667 0.5734375 0.00625 0.003125
1 0.4166666666666667 0.56953125 0.004166666666666667 0.0015625
1 0.007291666666666667 0.56640625 0.014583333333333334 0.0078125
1 0.5947916666666667 0.56015625 0.0020833333333333333 0.0015625
1 0.026041666666666668 0.56015625 0.0020833333333333333 0.0015625
1 0.5885416666666666 0.55859375 0.0020833333333333333 0.0015625
1 0.030208333333333334 0.55859375 0.0020833333333333333 0.0015625
1 0.04583333333333333 0.5578125 0.004166666666666667 0.003125
1 0.6114583333333333 0.55859375 0.010416666666666666 0.0078125
1 0.596875 0.55546875 0.0020833333333333333 0.0015625
1 0.0375 0.55625 0.004166666666666667 0.003125
1 0.0010416666666666667 0.55390625 0.0020833333333333333 0.0015625
1 0.040625 0.55234375 0.0020833333333333333 0.0015625
1 0.015625 0.55234375 0.0020833333333333333 0.0015625
1 0.8895833333333333 0.546875 0.004166666666666667 0.003125
1 0.03229166666666667 0.55 0.00625 0.009375
1 0.4322916666666667 0.55234375 0.052083333333333336 0.0328125
1 0.03958333333333333 0.5390625 0.004166666666666667 0.00625
1 0.053125 0.53359375 0.0020833333333333333 0.0015625
1 0.8770833333333333 0.54296875 0.016666666666666666 0.0234375
1 0.015625 0.53828125 0.01875 0.0203125
1 0.40729166666666666 0.5265625 0.00625 0.00625
1 0.4010416666666667 0.52421875 0.0020833333333333333 0.0015625
1 0.9635416666666666 0.521875 0.0020833333333333333 0.003125
1 0.013541666666666667 0.51640625 0.0020833333333333333 0.0015625
1 0.028125 0.51484375 0.0020833333333333333 0.0015625
1 0.003125 0.51484375 0.0020833333333333333 0.0015625
1 0.6822916666666666 0.51015625 0.0020833333333333333 0.0015625
1 0.0020833333333333333 0.5109375 0.004166666666666667 0.003125
1 0.6645833333333333 0.5109375 0.008333333333333333 0.00625
1 0.95625 0.5046875 0.0125 0.003125
1 0.6927083333333334 0.50390625 0.0020833333333333333 0.0015625
1 0.010416666666666666 0.5015625 0.020833333333333332 0.0125
1 0.971875 0.496875 0.010416666666666666 0.00625
1 0.6895833333333333 0.49765625 0.0125 0.0078125
1 0.6729166666666667 0.4921875 0.0125 0.003125
1 0.046875 0.48671875 0.00625 0.0015625
1 0.0375 0.484375 0.008333333333333333 0.00625
1 0.3770833333333333 0.48046875 0.004166666666666667 0.0015625
1 0.365625 0.4796875 0.00625 0.003125
1 0.5697916666666667 0.478125 0.0020833333333333333 0.00625
1 0.7197916666666667 0.4734375 0.00625 0.003125
1 0.027083333333333334 0.47265625 0.004166666666666667 0.0015625
1 0.9395833333333333 0.48203125 0.058333333333333334 0.0265625
1 0.915625 0.46640625 0.0020833333333333333 0.0015625
1 0.42916666666666664 0.46796875 0.008333333333333333 0.0109375
1 0.38958333333333334 0.4703125 0.020833333333333332 0.015625
1 0.007291666666666667 0.46328125 0.0020833333333333333 0.0015625
1 0.44895833333333335 0.46328125 0.0020833333333333333 0.0046875
1 0.06145833333333333 0.45859375 0.0020833333333333333 0.0015625
1 0.09895833333333333 0.45234375 0.0020833333333333333 0.0015625
1 0.7197916666666667 0.45078125 0.0020833333333333333 0.0015625
1 0.05625 0.45390625 0.004166666666666667 0.0078125
1 0.10729166666666666 0.44296875 0.0020833333333333333 0.0015625
1 0.10208333333333333 0.44296875 0.004166666666666667 0.0046875
1 0.9104166666666667 0.44296875 0.0125 0.0078125
1 0.5625 0.50859375 0.23333333333333334 0.1421875
1 0.8947916666666667 0.4390625 0.014583333333333334 0.00625
1 0.8583333333333333 0.43203125 0.004166666666666667 0.0046875
1 0.103125 0.42734375 0.0020833333333333333 0.0015625
1 0.665625 0.42421875 0.0020833333333333333 0.0015625
1 0.646875 0.42578125 0.00625 0.0046875
1 0.8802083333333334 0.42734375 0.014583333333333334 0.0140625
1 0.665625 0.41953125 0.00625 0.0046875
1 0.09270833333333334 0.4265625 0.052083333333333336 0.025
1 0.865625 0.41328125 0.0020833333333333333 0.0015625
1 0.39375 0.4140625 0.004166666666666667 0.003125
1 0.8739583333333333 0.41171875 0.0020833333333333333 0.0015625
1 0.5510416666666667 0.41015625 0.0020833333333333333 0.0015625
1 0.13854166666666667 0.41015625 0.010416666666666666 0.0015625
1 0.8729166666666667 0.40703125 0.0125 0.0078125
1 0.005208333333333333 0.403125 0.00625 0.003125
1 0.6489583333333333 0.409375 0.022916666666666665 0.01875
1 0.40208333333333335 0.40234375 0.008333333333333333 0.0046875
1 0.9635416666666666 0.40078125 0.00625 0.0046875
1 0.9427083333333334 0.39765625 0.00625 0.0046875
1 0.8604166666666667 0.39765625 0.0125 0.0078125
1 0.14479166666666668 0.39140625 0.0020833333333333333 0.0015625
1 0.05 0.4375 0.1 0.09375
1 0.125 0.40078125 0.05 0.0234375
1 0.13854166666666667 0.38671875 0.0020833333333333333 0.0015625
1 0.64375 0.390625 0.0125 0.0125
1 0.8395833333333333 0.38515625 0.008333333333333333 0.0046875
1 0.146875 0.38359375 0.0020833333333333333 0.0015625
1 0.8385416666666666 0.38046875 0.0020833333333333333 0.0015625
1 0.121875 0.37890625 0.00625 0.0046875
1 0.4625 0.378125 0.008333333333333333 0.00625
1 0.052083333333333336 0.37890625 0.008333333333333333 0.0078125
1 0.0010416666666666667 0.37578125 0.0020833333333333333 0.0015625
1 0.6541666666666667 0.3734375 0.004166666666666667 0.003125
1 0.5625 0.4109375 0.09583333333333334 0.084375
1 0.4041666666666667 0.36953125 0.0125 0.0109375
1 0.17604166666666668 0.36015625 0.0020833333333333333 0.0015625
1 0.5697916666666667 0.35859375 0.0020833333333333333 0.0015625
1 0.16354166666666667 0.35859375 0.0020833333333333333 0.0015625
1 0.15729166666666666 0.3609375 0.027083333333333334 0.009375
1 0.8114583333333333 0.35390625 0.0020833333333333333 0.0015625
1 0.5572916666666666 0.35234375 0.0020833333333333333 0.0015625
1 0.7979166666666667 0.34921875 0.004166666666666667 0.0015625
1 0.18645833333333334 0.34921875 0.014583333333333334 0.0046875
1 0.39895833333333336 0.34609375 0.0020833333333333333 0.0015625
1 0.39166666666666666 0.34609375 0.004166666666666667 0.0015625
1 0.359375 0.34453125 0.0020833333333333333 0.0015625
1 0.571875 0.34296875 0.0020833333333333333 0.0015625
1 0.38333333333333336 0.34296875 0.03333333333333333 0.0046875
1 0.14583333333333334 0.34140625 0.004166666666666667 0.0015625
1 0.8302083333333333 0.34765625 0.035416666666666666 0.0203125
1 0.771875 0.33359375 0.0020833333333333333 0.0015625
1 0.15208333333333332 0.3375 0.016666666666666666 0.009375
1 0.5697916666666667 0.3359375 0.00625 0.009375
1 0.171875 0.33359375 0.010416666666666666 0.0078125
1 0.915625 0.33203125 0.014583333333333334 0.0078125
1 0.771875 0.32890625 0.0020833333333333333 0.0015625
1 0.9864583333333333 0.328125 0.010416666666666666 0.00625
1 0.9020833333333333 0.32578125 0.004166666666666667 0.0015625
1 0.42916666666666664 0.34140625 0.025 0.0359375
1 0.8822916666666667 0.32109375 0.00625 0.0046875
1 0.63125 0.346875 0.10833333333333334 0.05625
1 0.93125 0.3203125 0.016666666666666666 0.015625
1 0.6979166666666666 0.31484375 0.004166666666666667 0.0046875
1 0.6145833333333334 0.31015625 0.004166666666666667 0.0015625
1 0.6791666666666667 0.3078125 0.004166666666666667 0.00625
1 0.18958333333333333 0.30625 0.004166666666666667 0.003125
1 0.196875 0.3046875 0.00625 0.003125
1 0.628125 0.30234375 0.0020833333333333333 0.0015625
1 0.925 0.2984375 0.016666666666666666 0.003125
1 0.5135416666666667 0.3640625 0.08541666666666667 0.1375
1 0.496875 0.28984375 0.0020833333333333333 0.0015625
1 0.578125 0.30234375 0.04375 0.0296875
1 0.965625 0.28671875 0.0020833333333333333 0.0015625
1 0.15 0.3 0.03333333333333333 0.028125
1 0.965625 0.28359375 0.0020833333333333333 0.0015625
1 0.33645833333333336 0.2828125 0.0020833333333333333 0.003125
1 0.18333333333333332 0.27734375 0.004166666666666667 0.0015625
1 0.171875 0.27734375 0.0020833333333333333 0.0015625
1 0.3260416666666667 0.27578125 0.0020833333333333333 0.0015625
1 0.553125 0.27421875 0.0020833333333333333 0.0015625
1 0.96875 0.27265625 0.004166666666666667 0.0015625
1 0.9572916666666667 0.275 0.00625 0.00625
1 0.5302083333333333 0.27265625 0.0020833333333333333 0.0015625
1 0.9572916666666667 0.26953125 0.0020833333333333333 0.0015625
1 0.5854166666666667 0.2734375 0.020833333333333332 0.009375
1 0.17395833333333333 0.26875 0.00625 0.00625
1 0.20104166666666667 0.26640625 0.00625 0.0046875
1 0.18333333333333332 0.2640625 0.004166666666666667 0.003125
1 0.31666666666666665 0.26171875 0.004166666666666667 0.0015625
1 0.30520833333333336 0.26328125 0.010416666666666666 0.0046875
1 0.19166666666666668 0.26171875 0.004166666666666667 0.0015625
1 0.315625 0.25859375 0.0020833333333333333 0.0015625
1 0.07708333333333334 0.3171875 0.10833333333333334 0.11875
1 0.621875 0.25859375 0.010416666666666666 0.0078125
1 0.19583333333333333 0.25625 0.008333333333333333 0.00625
1 0.74375 0.25390625 0.008333333333333333 0.0046875
1 0.084375 0.25234375 0.0020833333333333333 0.0015625
1 0.08854166666666667 0.25078125 0.0020833333333333333 0.0015625
1 0.023958333333333335 0.2625 0.035416666666666666 0.025
1 0.59375 0.26171875 0.08333333333333333 0.0265625
1 0.17708333333333334 0.2515625 0.008333333333333333 0.00625
1 0.7489583333333333 0.24765625 0.0020833333333333333 0.0015625
1 0.4552083333333333 0.24765625 0.0020833333333333333 0.0015625
1 0.3072916666666667 0.24765625 0.0020833333333333333 0.0015625
1 0.740625 0.24609375 0.0020833333333333333 0.0015625
1 0.18229166666666666 0.24765625 0.00625 0.0046875
1 0.165625 0.25 0.010416666666666666 0.0125
1 0.9604166666666667 0.24921875 0.016666666666666666 0.0203125
1 0.98125 0.24140625 0.020833333333333332 0.0109375
1 0.8302083333333333 0.2328125 0.0020833333333333333 0.003125
1 0.18958333333333333 0.23359375 0.041666666666666664 0.0140625
1 0.165625 0.22734375 0.0020833333333333333 0.0015625
1 0.11145833333333334 0.23359375 0.022916666666666665 0.0140625
1 0.30104166666666665 0.23515625 0.01875 0.0203125
1 0.14166666666666666 0.234375 0.029166666666666667 0.01875
1 0.596875 0.22265625 0.0020833333333333333 0.0015625
1 0.5895833333333333 0.22265625 0.004166666666666667 0.0015625
1 0.5541666666666667 0.23984375 0.0625 0.0421875
1 0.6197916666666666 0.2203125 0.03125 0.00625
1 0.7260416666666667 0.21796875 0.010416666666666666 0.0046875
1 0.734375 0.21484375 0.0020833333333333333 0.0015625
1 0.715625 0.215625 0.00625 0.003125
1 0.7395833333333334 0.2140625 0.004166666666666667 0.003125
1 0.6270833333333333 0.2078125 0.004166666666666667 0.003125
1 0.6208333333333333 0.20703125 0.004166666666666667 0.0015625
1 0.921875 0.209375 0.022916666666666665 0.0125
1 0.7260416666666667 0.20390625 0.03958333333333333 0.0109375
1 0.49895833333333334 0.19609375 0.0020833333333333333 0.0015625
1 0.06145833333333333 0.2 0.010416666666666666 0.0125
1 0.14166666666666666 0.19453125 0.016666666666666666 0.0078125
1 0.011458333333333333 0.2046875 0.022916666666666665 0.028125
1 0.9708333333333333 0.2 0.058333333333333334 0.028125
1 0.203125 0.19609375 0.05625 0.0359375
1 0.8791666666666667 0.18515625 0.020833333333333332 0.0203125
1 0.321875 0.17578125 0.0020833333333333333 0.0015625
1 0.8885416666666667 0.17265625 0.0020833333333333333 0.0015625
1 0.06875 0.17265625 0.004166666666666667 0.0015625
1 0.9052083333333333 0.18046875 0.027083333333333334 0.0203125
1 0.5604166666666667 0.18984375 0.041666666666666664 0.0390625
1 0.20833333333333334 0.17265625 0.008333333333333333 0.0046875
1 0.22604166666666667 0.16640625 0.0020833333333333333 0.0015625
1 0.28229166666666666 0.165625 0.0020833333333333333 0.003125
1 0.23020833333333332 0.16484375 0.0020833333333333333 0.0015625
1 0.03854166666666667 0.17890625 0.035416666666666666 0.0296875
1 0.06041666666666667 0.16484375 0.008333333333333333 0.0046875
1 0.8791666666666667 0.165625 0.016666666666666666 0.009375
1 0.4635416666666667 0.159375 0.0020833333333333333 0.003125
1 0.23020833333333332 0.1515625 0.00625 0.003125
1 0.9572916666666667 0.14765625 0.0020833333333333333 0.0015625
1 0.9520833333333333 0.1484375 0.004166666666666667 0.003125
1 0.934375 0.1734375 0.022916666666666665 0.053125
1 0.26979166666666665 0.14765625 0.0020833333333333333 0.0015625
1 0.23020833333333332 0.14609375 0.0020833333333333333 0.0015625
1 0.3489583333333333 0.14453125 0.0020833333333333333 0.0015625
1 0.22604166666666667 0.14453125 0.0020833333333333333 0.0015625
1 0.659375 0.14296875 0.0020833333333333333 0.0015625
1 0.10729166666666666 0.15859375 0.07291666666666667 0.0328125
1 0.609375 0.14140625 0.0020833333333333333 0.0015625
1 0.5802083333333333 0.1546875 0.03958333333333333 0.028125
1 0.23229166666666667 0.14140625 0.0020833333333333333 0.0015625
1 0.18958333333333333 0.15390625 0.0625 0.0265625
1 0.35104166666666664 0.13984375 0.0020833333333333333 0.0015625
1 0.346875 0.13984375 0.0020833333333333333 0.0015625
1 0.3489583333333333 0.134375 0.00625 0.00625
1 0.16979166666666667 0.1359375 0.00625 0.009375
1 0.020833333333333332 0.14140625 0.041666666666666664 0.0328125
1 0.3854166666666667 0.14375 0.05 0.040625
1 0.496875 0.12265625 0.0020833333333333333 0.0015625
1 0.8010416666666667 0.12109375 0.00625 0.0046875
1 0.08333333333333333 0.12421875 0.03333333333333333 0.0140625
1 0.215625 0.12421875 0.035416666666666666 0.0171875
1 0.63125 0.11484375 0.004166666666666667 0.0046875
1 0.38645833333333335 0.11484375 0.0020833333333333333 0.0078125
1 0.015625 0.11953125 0.03125 0.0171875
1 0.17916666666666667 0.1171875 0.0375 0.015625
1 0.14479166666666668 0.1140625 0.010416666666666666 0.009375
1 0.8208333333333333 0.12578125 0.0375 0.0359375
1 0.890625 0.11484375 0.027083333333333334 0.0171875
1 0.6635416666666667 0.10546875 0.0020833333333333333 0.0015625
1 0.0010416666666666667 0.1015625 0.0020833333333333333 0.003125
1 0.13229166666666667 0.1 0.010416666666666666 0.00625
1 0.38645833333333335 0.10078125 0.010416666666666666 0.0109375
1 0.9041666666666667 0.09375 0.0125 0.00625
1 0.853125 0.0953125 0.014583333333333334 0.009375
1 0.678125 0.1 0.022916666666666665 0.01875
1 0.16041666666666668 0.0921875 0.03333333333333333 0.0125
1 0.09166666666666666 0.08984375 0.05 0.0140625
1 0.44375 0.0953125 0.020833333333333332 0.03125
1 0.43020833333333336 0.07734375 0.0020833333333333333 0.0015625
1 0.9135416666666667 0.0765625 0.00625 0.003125
1 0.375 0.0953125 0.03333333333333333 0.05
1 0.17916666666666667 0.07265625 0.0125 0.0046875
1 0.7875 0.08125 0.03333333333333333 0.025
1 0.196875 0.06640625 0.00625 0.0078125
1 0.853125 0.06328125 0.010416666666666666 0.0109375
1 0.5541666666666667 0.059375 0.004166666666666667 0.003125
1 0.03125 0.075 0.05416666666666667 0.0375
1 0.103125 0.05234375 0.0020833333333333333 0.0015625
1 0.125 0.065625 0.05 0.03125
1 0.95625 0.09921875 0.0875 0.1046875
1 0.5125 0.153125 0.25 0.215625
1 0.9479166666666666 0.0734375 0.0625 0.071875
1 0.890625 0.04140625 0.00625 0.0078125
1 0.06354166666666666 0.0390625 0.00625 0.00625
1 0.7114583333333333 0.04140625 0.014583333333333334 0.0171875
1 0.16458333333333333 0.03359375 0.0375 0.0140625
1 0.9510416666666667 0.0265625 0.027083333333333334 0.003125
1 0.5666666666666667 0.0328125 0.025 0.015625
1 0.5354166666666667 0.03046875 0.016666666666666666 0.0171875
1 0.5083333333333333 0.02578125 0.004166666666666667 0.0078125
1 0.5552083333333333 0.01796875 0.0020833333333333333 0.0046875
1 0.13645833333333332 0.0234375 0.022916666666666665 0.015625
1 0.8333333333333334 0.01953125 0.020833333333333332 0.0109375
1 0.17291666666666666 0.01875 0.0125 0.0125
1 0.44166666666666665 0.0296875 0.0375 0.0375
1 0.734375 0.028125 0.03125 0.0375
1 0.04479166666666667 0.00546875 0.0020833333333333333 0.0046875
1 0.8822916666666667 0.01484375 0.04375 0.0296875
1 0.8145833333333333 0.0015625 0.004166666666666667 0.003125
1 0.7791666666666667 0.01328125 0.04583333333333333 0.0265625
1 0.5458333333333333 0.0046875 0.016666666666666666 0.009375
1 0.5270833333333333 0.00234375 0.008333333333333333 0.0046875
1 0.48854166666666665 0.00078125 0.0020833333333333333 0.0015625
1 0.396875 0.0046875 0.00625 0.009375
1 0.24270833333333333 0.0078125 0.01875 0.015625
1 0.11770833333333333 0.00078125 0.0020833333333333333 0.0015625
2 0.484375 0.915625 0.010416666666666666 0.00625
2 0.596875 0.86171875 0.0020833333333333333 0.0015625
2 0.5885416666666666 0.85234375 0.00625 0.0046875
2 0.31979166666666664 0.728125 0.0020833333333333333 0.003125
2 0.328125 0.7171875 0.01875 0.009375
2 0.32916666666666666 0.70859375 0.008333333333333333 0.0046875
2 0.321875 0.70390625 0.0020833333333333333 0.0015625
2 0.315625 0.70390625 0.00625 0.0015625
2 0.228125 0.69296875 0.0020833333333333333 0.0015625
2 0.23333333333333334 0.69140625 0.004166666666666667 0.0015625
2 0.296875 0.66171875 0.0020833333333333333 0.0015625
2 0.28020833333333334 0.65546875 0.0020833333333333333 0.0015625
2 0.27291666666666664 0.6546875 0.004166666666666667 0.003125
2 0.2677083333333333 0.65 0.00625 0.003125
2 0.22291666666666668 0.64296875 0.004166666666666667 0.0015625
2 0.275 0.67109375 0.1625 0.0609375
2 0.7333333333333333 0.6390625 0.004166666666666667 0.00625
2 0.728125 0.6359375 0.00625 0.003125
2 0.7302083333333333 0.62734375 0.0020833333333333333 0.0015625
2 0.7739583333333333 0.62734375 0.035416666666666666 0.0078125
2 0.703125 0.62265625 0.0020833333333333333 0.0015625
2 0.7197916666666667 0.62109375 0.0020833333333333333 0.0015625
2 0.6614583333333334 0.61484375 0.0020833333333333333 0.0015625
2 0.6510416666666666 0.61328125 0.0020833333333333333 0.0015625
2 0.6822916666666666 0.61015625 0.0020833333333333333 0.0015625
2 0.6708333333333333 0.6109375 0.008333333333333333 0.003125
2 0.396875 0.590625 0.0020833333333333333 0.003125
2 0.00625 0.59609375 0.0125 0.0140625
2 0.37083333333333335 0.58203125 0.004166666666666667 0.0046875
2 0.5885416666666666 0.55859375 0.0020833333333333333 0.0015625
2 0.007291666666666667 0.5625 0.014583333333333334 0.009375
2 0.6135416666666667 0.55703125 0.0020833333333333333 0.0015625
2 0.041666666666666664 0.55234375 0.004166666666666667 0.0015625
2 0.66875 0.546875 0.008333333333333333 0.003125
2 0.06979166666666667 0.54609375 0.0020833333333333333 0.0015625
2 0.03229166666666667 0.54765625 0.00625 0.0046875
2 0.03958333333333333 0.540625 0.004166666666666667 0.003125
2 0.017708333333333333 0.53828125 0.014583333333333334 0.0109375
2 0.6510416666666666 0.53203125 0.010416666666666666 0.0078125
2 0.8927083333333333 0.5265625 0.00625 0.003125
2 0.38645833333333335 0.52265625 0.0020833333333333333 0.0015625
2 0.8677083333333333 0.51796875 0.0020833333333333333 0.0015625
2 0.965625 0.51640625 0.0020833333333333333 0.0015625
2 0.028125 0.51484375 0.0020833333333333333 0.0015625
2 0.8760416666666667 0.52421875 0.014583333333333334 0.0234375
2 0.971875 0.51171875 0.0020833333333333333 0.0015625
2 0.90625 0.51328125 0.016666666666666666 0.0078125
2 0.890625 0.51015625 0.0020833333333333333 0.0015625
2 0.9645833333333333 0.50703125 0.004166666666666667 0.0015625
2 0.9270833333333334 0.509375 0.004166666666666667 0.00625
2 0.9552083333333333 0.50625 0.010416666666666666 0.00625
2 0.5885416666666666 0.50078125 0.0020833333333333333 0.0015625
2 0.9239583333333333 0.49921875 0.0020833333333333333 0.0015625
2 0.010416666666666666 0.50390625 0.020833333333333332 0.0171875
2 0.5375 0.4953125 0.0125 0.009375
2 0.3697916666666667 0.49453125 0.014583333333333334 0.0078125
2 0.5489583333333333 0.48828125 0.0020833333333333333 0.0015625
2 0.036458333333333336 0.4828125 0.0020833333333333333 0.003125
2 0.04895833333333333 0.4796875 0.014583333333333334 0.009375
2 0.71875 0.4734375 0.004166666666666667 0.003125
2 0.027083333333333334 0.47265625 0.004166666666666667 0.0015625
2 0.7197916666666667 0.45078125 0.0020833333333333333 0.0015625
2 0.6489583333333333 0.43828125 0.0020833333333333333 0.0015625
2 0.890625 0.43671875 0.0020833333333333333 0.0015625
2 0.646875 0.42421875 0.00625 0.0015625
2 0.628125 0.42421875 0.0020833333333333333 0.0015625
2 0.6239583333333333 0.42421875 0.0020833333333333333 0.0015625
2 0.6614583333333334 0.42109375 0.014583333333333334 0.0078125
2 0.6333333333333333 0.41875 0.004166666666666667 0.003125
2 0.036458333333333336 0.41640625 0.0020833333333333333 0.0015625
2 0.3885416666666667 0.41484375 0.010416666666666666 0.0046875
2 0.8739583333333333 0.41171875 0.0020833333333333333 0.0015625
2 0.384375 0.409375 0.00625 0.003125
2 0.34375 0.41015625 0.0125 0.0046875
2 0.004166666666666667 0.4109375 0.008333333333333333 0.00625
2 0.390625 0.40703125 0.0020833333333333333 0.0015625
2 0.375 0.4046875 0.004166666666666667 0.003125
2 0.3927083333333333 0.40234375 0.0020833333333333333 0.0015625
2 0.004166666666666667 0.40390625 0.008333333333333333 0.0046875
2 0.9958333333333333 0.4046875 0.008333333333333333 0.009375
2 0.378125 0.4015625 0.00625 0.003125
2 0.36354166666666665 0.40078125 0.0020833333333333333 0.0015625
2 0.353125 0.40078125 0.0020833333333333333 0.0015625
2 0.14270833333333333 0.39921875 0.0020833333333333333 0.0015625
2 0.41354166666666664 0.39609375 0.0020833333333333333 0.0015625
2 0.10520833333333333 0.39453125 0.0020833333333333333 0.0015625
2 0.06979166666666667 0.39296875 0.0020833333333333333 0.0015625
2 0.057291666666666664 0.3953125 0.0020833333333333333 0.00625
2 0.10104166666666667 0.39140625 0.0020833333333333333 0.0015625
2 0.09166666666666666 0.39453125 0.016666666666666666 0.0078125
2 0.640625 0.3921875 0.00625 0.00625
2 0.08020833333333334 0.38984375 0.0020833333333333333 0.0015625
2 0.07291666666666667 0.390625 0.004166666666666667 0.003125
2 0.09375 0.38828125 0.004166666666666667 0.0015625
2 0.13854166666666667 0.38671875 0.0020833333333333333 0.0015625
2 0.10625 0.38671875 0.004166666666666667 0.0015625
2 0.06770833333333333 0.38671875 0.0020833333333333333 0.0015625
2 0.134375 0.38515625 0.0020833333333333333 0.0015625
2 0.13020833333333334 0.38515625 0.0020833333333333333 0.0015625
2 0.840625 0.38359375 0.0020833333333333333 0.0015625
2 0.8364583333333333 0.38359375 0.0020833333333333333 0.0015625
2 0.9239583333333333 0.44921875 0.15208333333333332 0.1453125
2 0.8614583333333333 0.37578125 0.0020833333333333333 0.0015625
2 0.846875 0.3765625 0.010416666666666666 0.00625
2 0.840625 0.37421875 0.0020833333333333333 0.0015625
2 0.834375 0.37734375 0.010416666666666666 0.0078125
2 0.8260416666666667 0.37421875 0.0020833333333333333 0.0015625
2 0.828125 0.37109375 0.0020833333333333333 0.0015625
2 0.8614583333333333 0.36875 0.010416666666666666 0.00625
2 0.96875 0.3609375 0.004166666666666667 0.00625
2 0.8104166666666667 0.35390625 0.004166666666666667 0.0015625
2 0.7791666666666667 0.35078125 0.004166666666666667 0.0015625
2 0.671875 0.32890625 0.0020833333333333333 0.0015625
2 0.042708333333333334 0.3296875 0.0020833333333333333 0.003125
2 0.34270833333333334 0.31484375 0.0020833333333333333 0.0015625
2 0.6072916666666667 0.31171875 0.0020833333333333333 0.0015625
2 0.8135416666666667 0.3375 0.09791666666666667 0.059375
2 0.6791666666666667 0.30859375 0.004166666666666667 0.0046875
2 0.621875 0.30546875 0.0020833333333333333 0.0015625
2 0.19583333333333333 0.30390625 0.004166666666666667 0.0015625
2 0.775 0.30234375 0.004166666666666667 0.0015625
2 0.628125 0.30234375 0.0020833333333333333 0.0015625
2 0.6239583333333333 0.30234375 0.0020833333333333333 0.0015625
2 0.63125 0.29921875 0.004166666666666667 0.0015625
2 0.21666666666666667 0.29765625 0.008333333333333333 0.0046875
2 0.3541666666666667 0.29921875 0.016666666666666666 0.0171875
2 0.20208333333333334 0.2921875 0.004166666666666667 0.003125
2 0.759375 0.28828125 0.0020833333333333333 0.0015625
2 0.353125 0.28671875 0.0020833333333333333 0.0015625
2 0.38645833333333335 0.28515625 0.0020833333333333333 0.0015625
2 0.3614583333333333 0.28359375 0.010416666666666666 0.0046875
2 0.6072916666666667 0.28046875 0.0020833333333333333 0.0015625
2 0.603125 0.278125 0.00625 0.003125
2 0.18333333333333332 0.27734375 0.004166666666666667 0.0015625
2 0.32708333333333334 0.275 0.004166666666666667 0.003125
2 0.8104166666666667 0.271875 0.020833333333333332 0.00625
2 0.828125 0.271875 0.010416666666666666 0.009375
2 0.171875 0.26953125 0.00625 0.0078125
2 0.6635416666666667 0.26484375 0.0020833333333333333 0.0015625
2 0.76875 0.28125 0.029166666666666667 0.0375
2 0.659375 0.26328125 0.0020833333333333333 0.0015625
2 0.8895833333333333 0.26875 0.008333333333333333 0.015625
2 0.30520833333333336 0.26328125 0.010416666666666666 0.0046875
2 0.315625 0.25859375 0.0020833333333333333 0.0015625
2 0.7489583333333333 0.26484375 0.010416666666666666 0.0234375
2 0.33645833333333336 0.25234375 0.0020833333333333333 0.0015625
2 0.3072916666666667 0.25234375 0.0020833333333333333 0.0015625
2 0.690625 0.24921875 0.0020833333333333333 0.0015625
2 0.3072916666666667 0.24765625 0.0020833333333333333 0.0015625
2 0.740625 0.2453125 0.0020833333333333333 0.003125
2 0.6822916666666666 0.24296875 0.0020833333333333333 0.0015625
2 0.3385416666666667 0.24296875 0.0020833333333333333 0.0015625
2 0.740625 0.24140625 0.0020833333333333333 0.0015625
2 0.340625 0.265625 0.052083333333333336 0.05
2 0.753125 0.2453125 0.01875 0.0125
2 0.8020833333333334 0.24765625 0.0625 0.0203125
2 0.7385416666666667 0.23828125 0.0020833333333333333 0.0015625
2 0.30520833333333336 0.23984375 0.010416666666666666 0.0109375
2 0.3385416666666667 0.23515625 0.00625 0.0046875
2 0.6177083333333333 0.23046875 0.0020833333333333333 0.0015625
2 0.3302083333333333 0.22890625 0.0020833333333333333 0.0015625
2 0.7364583333333333 0.23125 0.00625 0.009375
2 0.29791666666666666 0.22890625 0.008333333333333333 0.0078125
2 0.07395833333333333 0.22265625 0.0020833333333333333 0.0015625
2 0.721875 0.21953125 0.0020833333333333333 0.0015625
2 0.18958333333333333 0.22890625 0.05 0.0203125
2 0.171875 0.21953125 0.0020833333333333333 0.0015625
2 0.7260416666666667 0.21796875 0.0020833333333333333 0.0015625
2 0.7375 0.215625 0.008333333333333333 0.003125
2 0.078125 0.21484375 0.0020833333333333333 0.0015625
2 0.06770833333333333 0.21015625 0.0020833333333333333 0.0015625
2 0.6260416666666667 0.20859375 0.0020833333333333333 0.0015625
2 0.13229166666666667 0.20859375 0.0020833333333333333 0.0015625
2 0.6208333333333333 0.20703125 0.004166666666666667 0.0015625
2 0.603125 0.20859375 0.00625 0.0046875
2 0.16458333333333333 0.20625 0.004166666666666667 0.003125
2 0.11770833333333333 0.19140625 0.0020833333333333333 0.0015625
2 0.59375 0.19296875 0.0125 0.0078125
2 0.6083333333333333 0.184375 0.004166666666666667 0.003125
2 0.5958333333333333 0.18515625 0.008333333333333333 0.0078125
2 0.15520833333333334 0.18046875 0.0020833333333333333 0.0015625
2 0.7072916666666667 0.178125 0.010416666666666666 0.00625
2 0.328125 0.17734375 0.0020833333333333333 0.0046875
2 0.321875 0.17578125 0.0020833333333333333 0.0015625
2 0.79375 0.17421875 0.004166666666666667 0.0015625
2 0.7072916666666667 0.17421875 0.0020833333333333333 0.0015625
2 0.5989583333333334 0.1734375 0.0020833333333333333 0.003125
2 0.33645833333333336 0.1734375 0.00625 0.003125
2 0.709375 0.17109375 0.0020833333333333333 0.0015625
2 0.6270833333333333 0.171875 0.004166666666666667 0.003125
2 0.23854166666666668 0.16171875 0.0020833333333333333 0.0015625
2 0.61875 0.16015625 0.004166666666666667 0.0015625
2 0.709375 0.15859375 0.0020833333333333333 0.0015625
2 0.284375 0.15625 0.0020833333333333333 0.003125
2 0.8135416666666667 0.15234375 0.0020833333333333333 0.0015625
2 0.609375 0.1515625 0.0020833333333333333 0.003125
2 0.6510416666666666 0.14765625 0.0020833333333333333 0.0015625
2 0.2947916666666667 0.14765625 0.0020833333333333333 0.0015625
2 0.26979166666666665 0.14765625 0.0020833333333333333 0.0015625
2 0.23020833333333332 0.14609375 0.0020833333333333333 0.0015625
2 0.34791666666666665 0.14453125 0.004166666666666667 0.0015625
2 0.659375 0.14296875 0.0020833333333333333 0.0015625
2 0.6135416666666667 0.14296875 0.0020833333333333333 0.0015625
2 0.703125 0.14140625 0.0020833333333333333 0.0015625
2 0.609375 0.14140625 0.0020833333333333333 0.0015625
2 0.346875 0.13984375 0.0020833333333333333 0.0015625
2 0.6989583333333333 0.13515625 0.0020833333333333333 0.0015625
2 0.328125 0.14296875 0.022916666666666665 0.0203125
2 0.3489583333333333 0.13359375 0.00625 0.0046875
2 0.35 0.12890625 0.004166666666666667 0.0015625
2 0.6395833333333333 0.12578125 0.004166666666666667 0.0015625
2 0.35 0.125 0.004166666666666667 0.003125
2 0.246875 0.12421875 0.00625 0.0015625
2 0.34270833333333334 0.12265625 0.0020833333333333333 0.0015625
2 0.7427083333333333 0.11953125 0.014583333333333334 0.0109375
2 0.40625 0.1140625 0.004166666666666667 0.00625
2 0.4239583333333333 0.1109375 0.0020833333333333333 0.003125
2 0.33645833333333336 0.11015625 0.0020833333333333333 0.0015625
2 0.7635416666666667 0.11171875 0.00625 0.0140625
2 0.40625 0.103125 0.004166666666666667 0.003125
2 0.4239583333333333 0.09921875 0.0020833333333333333 0.0015625
2 0.5635416666666667 0.0953125 0.0020833333333333333 0.003125
2 0.4083333333333333 0.0953125 0.008333333333333333 0.009375
2 0.33645833333333336 0.08828125 0.00625 0.0015625
2 0.7 0.0890625 0.008333333333333333 0.009375
2 0.5916666666666667 0.08046875 0.004166666666666667 0.0015625
2 0.240625 0.08046875 0.00625 0.0046875
2 0.6072916666666667 0.07734375 0.0020833333333333333 0.0015625
2 0.6791666666666667 0.09375 0.03333333333333333 0.0375
2 0.565625 0.07578125 0.0020833333333333333 0.0015625
2 0.0010416666666666667 0.075 0.0020833333333333333 0.003125
2 0.25729166666666664 0.07109375 0.0020833333333333333 0.0015625
2 0.17083333333333334 0.065625 0.008333333333333333 0.003125
2 0.26145833333333335 0.06015625 0.0020833333333333333 0.0015625
2 0.1875 0.0546875 0.016666666666666666 0.009375
2 0.8645833333333334 0.04375 0.004166666666666667 0.003125
2 0.5072916666666667 0.03984375 0.0020833333333333333 0.0015625
2 0.4739583333333333 0.03359375 0.0020833333333333333 0.0015625
2 0.284375 0.03203125 0.0020833333333333333 0.0015625
2 0.24895833333333334 0.02734375 0.0020833333333333333 0.0015625
2 0.004166666666666667 0.03125 0.008333333333333333 0.009375
2 0.853125 0.20390625 0.29375 0.3609375
2 0.9385416666666667 0.02265625 0.0020833333333333333 0.0015625
2 0.6947916666666667 0.0171875 0.010416666666666666 0.00625
2 0.984375 0.01953125 0.03125 0.0140625
2 0.19479166666666667 0.0078125 0.0020833333333333333 0.003125
2 0.921875 0.0078125 0.00625 0.009375
2 0.453125 0.00390625 0.0020833333333333333 0.0015625
2 0.06145833333333333 0.00390625 0.0020833333333333333 0.0015625
2 0.953125 0.00546875 0.022916666666666665 0.0109375
2 0.9239583333333333 0.00078125 0.0020833333333333333 0.0015625
2 0.7947916666666667 0.03359375 0.23958333333333334 0.0671875
2 0.7135416666666666 0.0015625 0.00625 0.003125
2 0.49375 0.0046875 0.016666666666666666 0.009375
2 0.45 0.0015625 0.004166666666666667 0.003125
2 0.42604166666666665 0.0015625 0.0020833333333333333 0.003125
2 0.5270833333333333 0.28359375 0.3875 0.5671875
2 0.3572916666666667 0.003125 0.014583333333333334 0.00625
2 0.23020833333333332 0.0140625 0.06875 0.028125
2 0.146875 0.00234375 0.00625 0.0046875
2 0.13229166666666667 0.2375 0.26458333333333334 0.475
2 0.04583333333333333 0.0078125 0.025 0.015625
