0 0.16770833333333332 0.85703125 0.0020833333333333333 0.0015625
0 0.17395833333333333 0.834375 0.010416666666666666 0.01875
0 0.24375 0.81796875 0.004166666666666667 0.0015625
0 0.23958333333333334 0.8140625 0.004166666666666667 0.003125
0 0.23020833333333332 0.8109375 0.010416666666666666 0.00625
0 0.16354166666666667 0.79921875 0.0020833333333333333 0.0015625
0 0.15729166666666666 0.79765625 0.0020833333333333333 0.0015625
0 0.18125 0.7984375 0.025 0.015625
0 0.5052083333333334 0.690625 0.00625 0.003125
0 0.9677083333333333 0.68828125 0.0020833333333333333 0.0015625
0 0.9697916666666667 0.68515625 0.0020833333333333333 0.0015625
0 0.9635416666666666 0.68515625 0.0020833333333333333 0.0015625
0 0.9177083333333333 0.68515625 0.0020833333333333333 0.0015625
0 0.921875 0.68359375 0.0020833333333333333 0.0015625
0 0.9322916666666666 0.67265625 0.0020833333333333333 0.0015625
0 0.096875 0.66484375 0.0020833333333333333 0.0015625
0 0.796875 0.67578125 0.03125 0.0359375
0 0.11041666666666666 0.65859375 0.008333333333333333 0.0140625
0 0.721875 0.65078125 0.0020833333333333333 0.0015625
0 0.6177083333333333 0.68671875 0.06458333333333334 0.0734375
0 0.9677083333333333 0.64765625 0.0020833333333333333 0.0015625
0 0.9541666666666667 0.64765625 0.008333333333333333 0.0015625
0 0.09479166666666666 0.64609375 0.0020833333333333333 0.0015625
0 0.93125 0.66328125 0.058333333333333334 0.0421875
0 0.49895833333333334 0.64140625 0.0020833333333333333 0.0015625
0 0.5072916666666667 0.66015625 0.04791666666666667 0.0453125
0 0.1125 0.63515625 0.004166666666666667 0.0015625
0 0.10520833333333333 0.63515625 0.0020833333333333333 0.0015625
0 0.8697916666666666 0.63359375 0.010416666666666666 0.0078125
0 0.0010416666666666667 0.62734375 0.0020833333333333333 0.0015625
0 0.5979166666666667 0.62578125 0.004166666666666667 0.0015625
0 0.5697916666666667 0.64921875 0.04791666666666667 0.0484375
0 0.525 0.62890625 0.0125 0.0109375
0 0.7625 0.6234375 0.004166666666666667 0.003125
0 0.7895833333333333 0.61953125 0.0125 0.0078125
0 0.240625 0.61484375 0.0020833333333333333 0.0015625
0 0.234375 0.615625 0.0020833333333333333 0.003125
0 0.20729166666666668 0.61484375 0.0020833333333333333 0.0015625
0 0.21770833333333334 0.61328125 0.0020833333333333333 0.0015625
0 0.965625 0.615625 0.014583333333333334 0.009375
0 0.5104166666666666 0.6171875 0.029166666666666667 0.015625
0 0.7489583333333333 0.61171875 0.00625 0.0078125
0 0.6885416666666667 0.60390625 0.00625 0.0078125
0 0.3875 0.60234375 0.004166666666666667 0.0046875
0 0.38229166666666664 0.59921875 0.0020833333333333333 0.0015625
0 0.325 0.6421875 0.18333333333333332 0.0875
0 0.6135416666666667 0.59765625 0.010416666666666666 0.0046875
0 0.5979166666666667 0.59609375 0.004166666666666667 0.0078125
0 0.35104166666666664 0.59375 0.022916666666666665 0.0125
0 0.26145833333333335 0.590625 0.00625 0.00625
0 0.010416666666666666 0.60234375 0.020833333333333332 0.0328125
0 0.6510416666666666 0.58515625 0.00625 0.0046875
0 0.8208333333333333 0.603125 0.0875 0.04375
0 0.559375 0.603125 0.10208333333333333 0.04375
0 0.21145833333333333 0.57578125 0.0020833333333333333 0.0015625
0 0.278125 0.58359375 0.027083333333333334 0.0203125
0 0.6010416666666667 0.575 0.03958333333333333 0.009375
0 0.2604166666666667 0.57265625 0.004166666666666667 0.0046875
0 0.45 0.5984375 0.06666666666666667 0.0625
0 0.6802083333333333 0.57890625 0.05625 0.0265625
0 0.6354166666666666 0.5625 0.004166666666666667 0.00625
0 0.9895833333333334 0.55859375 0.004166666666666667 0.0046875
0 0.496875 0.55703125 0.0020833333333333333 0.0015625
0 0.9875 0.553125 0.004166666666666667 0.003125
0 0.990625 0.55078125 0.0020833333333333333 0.0015625
0 0.36354166666666665 0.55078125 0.0020833333333333333 0.0015625
0 0.259375 0.55234375 0.0020833333333333333 0.0046875
0 0.6947916666666667 0.54453125 0.010416666666666666 0.0046875
0 0.99375 0.5390625 0.004166666666666667 0.003125
0 0.896875 0.53828125 0.0020833333333333333 0.0015625
0 0.8322916666666667 0.5359375 0.00625 0.003125
0 0.8364583333333333 0.53203125 0.0020833333333333333 0.0015625
0 0.5416666666666666 0.5375 0.029166666666666667 0.01875
0 0.4822916666666667 0.53828125 0.05625 0.0234375
0 0.06666666666666667 0.590625 0.13333333333333333 0.128125
0 0.8333333333333334 0.5265625 0.004166666666666667 0.003125
0 0.36770833333333336 0.52578125 0.0020833333333333333 0.0015625
0 0.7739583333333333 0.52421875 0.0020833333333333333 0.0015625
0 0.53125 0.5234375 0.004166666666666667 0.003125
0 0.28125 0.52421875 0.016666666666666666 0.0046875
0 0.5197916666666667 0.51484375 0.014583333333333334 0.0046875
0 0.034375 0.50703125 0.0020833333333333333 0.0015625
0 0.04895833333333333 0.50390625 0.0020833333333333333 0.0015625
0 0.7291666666666666 0.515625 0.0375 0.028125
0 0.026041666666666668 0.50234375 0.0020833333333333333 0.0015625
0 0.715625 0.50078125 0.0020833333333333333 0.0015625
0 0.7302083333333333 0.49921875 0.0020833333333333333 0.0015625
0 0.7114583333333333 0.49921875 0.0020833333333333333 0.0015625
0 0.18020833333333333 0.58828125 0.12708333333333333 0.1859375
0 0.5614583333333333 0.4984375 0.027083333333333334 0.0125
0 0.3145833333333333 0.52421875 0.10833333333333334 0.0640625
0 0.5645833333333333 0.4859375 0.004166666666666667 0.003125
0 0.27708333333333335 0.49140625 0.0125 0.0140625
0 0.010416666666666666 0.4953125 0.020833333333333332 0.040625
0 0.378125 0.47421875 0.00625 0.0015625
0 0.1375 0.46796875 0.008333333333333333 0.0046875
0 0.8791666666666667 0.46015625 0.004166666666666667 0.0015625
0 0.11354166666666667 0.4671875 0.022916666666666665 0.015625
0 0.33229166666666665 0.45859375 0.010416666666666666 0.0078125
0 0.2947916666666667 0.45703125 0.00625 0.0046875
0 0.05 0.4859375 0.075 0.065625
0 0.7833333333333333 0.4515625 0.004166666666666667 0.003125
0 0.6145833333333334 0.45078125 0.004166666666666667 0.0015625
0 0.30833333333333335 0.4515625 0.016666666666666666 0.003125
0 0.017708333333333333 0.45 0.0020833333333333333 0.003125
0 0.29791666666666666 0.4484375 0.004166666666666667 0.003125
0 0.004166666666666667 0.4484375 0.008333333333333333 0.003125
0 0.7020833333333333 0.44765625 0.004166666666666667 0.0046875
0 0.6020833333333333 0.45234375 0.025 0.0203125
0 0.603125 0.43828125 0.0020833333333333333 0.0015625
0 0.7010416666666667 0.43515625 0.0020833333333333333 0.0015625
0 0.5145833333333333 0.4390625 0.0125 0.009375
0 0.23958333333333334 0.45703125 0.09166666666666666 0.0515625
0 0.05 0.434375 0.008333333333333333 0.009375
0 0.6895833333333333 0.43828125 0.025 0.0203125
0 0.115625 0.428125 0.0020833333333333333 0.003125
0 0.7677083333333333 0.42734375 0.010416666666666666 0.0046875
0 0.11145833333333334 0.42421875 0.0020833333333333333 0.0015625
0 0.6697916666666667 0.4234375 0.0020833333333333333 0.003125
0 0.17708333333333334 0.41953125 0.008333333333333333 0.0078125
0 0.15520833333333334 0.415625 0.022916666666666665 0.021875
0 0.4791666666666667 0.40390625 0.008333333333333333 0.0078125
0 0.16875 0.40234375 0.004166666666666667 0.0078125
0 0.37395833333333334 0.40078125 0.010416666666666666 0.0078125
0 0.04791666666666667 0.40234375 0.03333333333333333 0.0140625
0 0.378125 0.39453125 0.0020833333333333333 0.0015625
0 0.3229166666666667 0.38984375 0.008333333333333333 0.0046875
0 0.15 0.39375 0.025 0.0125
0 0.3854166666666667 0.38671875 0.0125 0.0046875
0 0.6239583333333333 0.3828125 0.00625 0.00625
0 0.4708333333333333 0.3828125 0.008333333333333333 0.00625
0 0.6583333333333333 0.3671875 0.004166666666666667 0.003125
0 0.653125 0.36484375 0.0020833333333333333 0.0015625
0 0.6489583333333333 0.36328125 0.0020833333333333333 0.0015625
0 0.465625 0.36328125 0.0020833333333333333 0.0015625
0 0.64375 0.3765625 0.03333333333333333 0.03125
0 0.421875 0.35703125 0.0020833333333333333 0.0015625
0 0.3489583333333333 0.36875 0.052083333333333336 0.025
0 0.28229166666666666 0.39296875 0.07291666666666667 0.0796875
0 0.41875 0.35 0.0125 0.0125
0 0.471875 0.34140625 0.0020833333333333333 0.0015625
0 0.178125 0.34140625 0.0020833333333333333 0.0015625
0 0.4125 0.340625 0.004166666666666667 0.003125
0 0.47604166666666664 0.33671875 0.0020833333333333333 0.0015625
0 0.46979166666666666 0.33515625 0.0020833333333333333 0.0015625
0 0.196875 0.32734375 0.0020833333333333333 0.0015625
0 0.303125 0.31640625 0.0020833333333333333 0.0015625
0 0.016666666666666666 0.31796875 0.004166666666666667 0.0046875
0 0.0020833333333333333 0.31796875 0.004166666666666667 0.0046875
0 0.296875 0.31328125 0.0020833333333333333 0.0015625
0 0.10104166666666667 0.31640625 0.0020833333333333333 0.0109375
0 0.29583333333333334 0.30546875 0.004166666666666667 0.0015625
0 0.20520833333333333 0.30546875 0.0020833333333333333 0.0015625
0 0.07708333333333334 0.30625 0.004166666666666667 0.003125
0 0.2947916666666667 0.30234375 0.0020833333333333333 0.0015625
0 0.17604166666666668 0.30390625 0.0020833333333333333 0.0078125
0 0.334375 0.3046875 0.010416666666666666 0.015625
0 0.6979166666666666 0.30234375 0.016666666666666666 0.0203125
0 0.18645833333333334 0.29296875 0.0020833333333333333 0.0046875
0 0.15416666666666667 0.3125 0.05 0.05
0 0.2875 0.29140625 0.0125 0.0109375
0 0.13645833333333332 0.28671875 0.0020833333333333333 0.0015625
0 0.2760416666666667 0.28515625 0.0020833333333333333 0.0015625
0 0.03125 0.2890625 0.0125 0.009375
0 0.275 0.28125 0.004166666666666667 0.003125
0 0.15625 0.278125 0.004166666666666667 0.003125
0 0.71875 0.27890625 0.008333333333333333 0.0078125
0 0.31979166666666664 0.27890625 0.010416666666666666 0.0109375
0 0.07083333333333333 0.27421875 0.008333333333333333 0.0046875
0 0.34479166666666666 0.2734375 0.010416666666666666 0.00625
0 0.6864583333333333 0.27421875 0.014583333333333334 0.0140625
0 0.34479166666666666 0.26796875 0.0020833333333333333 0.0015625
0 0.05520833333333333 0.27265625 0.01875 0.0109375
0 0.015625 0.27265625 0.014583333333333334 0.0171875
0 0.36041666666666666 0.2640625 0.004166666666666667 0.003125
0 0.28958333333333336 0.271875 0.016666666666666666 0.025
0 0.005208333333333333 0.26484375 0.010416666666666666 0.0234375
0 0.40729166666666666 0.25234375 0.0020833333333333333 0.0015625
0 0.18645833333333334 0.27265625 0.03958333333333333 0.0421875
0 0.303125 0.25234375 0.0020833333333333333 0.0046875
0 0.446875 0.25078125 0.00625 0.0046875
0 0.2 0.25234375 0.016666666666666666 0.0078125
0 0.440625 0.24609375 0.0020833333333333333 0.0015625
0 0.5375 0.23828125 0.008333333333333333 0.0078125
0 0.08125 0.24609375 0.025 0.0296875
0 0.40729166666666666 0.23203125 0.0020833333333333333 0.0046875
0 0.4114583333333333 0.22890625 0.0020833333333333333 0.0015625
0 0.41770833333333335 0.22734375 0.0020833333333333333 0.0015625
0 0.28854166666666664 0.22734375 0.0020833333333333333 0.0015625
0 0.4791666666666667 0.2265625 0.004166666666666667 0.003125
0 0.13333333333333333 0.23046875 0.016666666666666666 0.0140625
0 0.425 0.2234375 0.004166666666666667 0.003125
0 0.12708333333333333 0.2234375 0.008333333333333333 0.003125
0 0.17604166666666668 0.22265625 0.0020833333333333333 0.0046875
0 0.65625 0.2203125 0.016666666666666666 0.009375
0 0.45416666666666666 0.22890625 0.025 0.0265625
0 0.09895833333333333 0.2203125 0.00625 0.009375
0 0.2791666666666667 0.225 0.0125 0.021875
0 0.24375 0.21953125 0.004166666666666667 0.0109375
0 0.40208333333333335 0.21875 0.004166666666666667 0.015625
0 0.215625 0.20703125 0.0020833333333333333 0.0015625
0 0.20520833333333333 0.20703125 0.0020833333333333333 0.0015625
0 0.20833333333333334 0.22734375 0.058333333333333334 0.0453125
0 0.35625 0.2390625 0.10416666666666667 0.071875
0 0.4822916666666667 0.20546875 0.014583333333333334 0.0109375
0 0.42083333333333334 0.203125 0.008333333333333333 0.00625
0 0.303125 0.196875 0.00625 0.00625
0 0.2604166666666667 0.1921875 0.004166666666666667 0.003125
0 0.321875 0.18515625 0.0020833333333333333 0.0015625
0 0.49895833333333334 0.18671875 0.01875 0.0078125
0 0.21041666666666667 0.18203125 0.004166666666666667 0.0015625
0 0.3375 0.20078125 0.075 0.0421875
0 0.2833333333333333 0.18203125 0.008333333333333333 0.0046875
0 0.278125 0.17109375 0.0020833333333333333 0.0015625
0 0.27395833333333336 0.171875 0.0020833333333333333 0.003125
0 0.5291666666666667 0.16796875 0.008333333333333333 0.0015625
0 0.21458333333333332 0.16953125 0.008333333333333333 0.0046875
0 0.5197916666666667 0.16640625 0.0020833333333333333 0.0015625
0 0.209375 0.16640625 0.0020833333333333333 0.0015625
0 0.2989583333333333 0.1765625 0.052083333333333336 0.025
0 0.42083333333333334 0.16171875 0.004166666666666667 0.0015625
0 0.046875 0.16328125 0.00625 0.0046875
0 0.7604166666666666 0.16015625 0.004166666666666667 0.0015625
0 0.46458333333333335 0.17890625 0.04583333333333333 0.0390625
0 0.44479166666666664 0.15703125 0.0020833333333333333 0.0015625
0 0.12395833333333334 0.1578125 0.00625 0.003125
0 0.12395833333333334 0.19296875 0.13958333333333334 0.0734375
0 0.7572916666666667 0.15546875 0.0020833333333333333 0.0015625
0 0.4354166666666667 0.15546875 0.004166666666666667 0.0015625
0 0.771875 0.15390625 0.0020833333333333333 0.0015625
0 0.5354166666666667 0.1546875 0.004166666666666667 0.003125
0 0.434375 0.15234375 0.0020833333333333333 0.0015625
0 0.225 0.15234375 0.004166666666666667 0.0015625
0 0.09895833333333333 0.15234375 0.0020833333333333333 0.0015625
0 0.534375 0.15 0.0020833333333333333 0.003125
0 0.49583333333333335 0.14609375 0.004166666666666667 0.0015625
0 0.014583333333333334 0.15625 0.029166666666666667 0.025
0 0.5239583333333333 0.14140625 0.0020833333333333333 0.0015625
0 0.5145833333333333 0.1484375 0.04583333333333333 0.03125
0 0.090625 0.13359375 0.0020833333333333333 0.0015625
0 0.465625 0.13203125 0.00625 0.0046875
0 0.090625 0.13046875 0.00625 0.0015625
0 0.10729166666666666 0.12734375 0.0020833333333333333 0.0015625
0 0.096875 0.128125 0.0020833333333333333 0.003125
0 0.5135416666666667 0.12890625 0.010416666666666666 0.0078125
0 0.13645833333333332 0.12265625 0.00625 0.0015625
0 0.33229166666666665 0.16484375 0.23958333333333334 0.0921875
0 0.215625 0.11484375 0.0020833333333333333 0.0015625
0 0.125 0.11484375 0.004166666666666667 0.0015625
0 0.3333333333333333 0.1203125 0.03333333333333333 0.015625
0 0.2864583333333333 0.11328125 0.0020833333333333333 0.0015625
0 0.309375 0.1140625 0.027083333333333334 0.009375
0 0.246875 0.11015625 0.0020833333333333333 0.0015625
0 0.184375 0.11015625 0.0020833333333333333 0.0015625
0 0.16875 0.13515625 0.15 0.0515625
0 0.28229166666666666 0.10859375 0.0020833333333333333 0.0015625
0 0.4635416666666667 0.10703125 0.0020833333333333333 0.0015625
0 0.19270833333333334 0.10390625 0.0020833333333333333 0.0015625
0 0.2989583333333333 0.10234375 0.0020833333333333333 0.0015625
0 0.15416666666666667 0.10859375 0.0375 0.0203125
0 0.478125 0.1046875 0.022916666666666665 0.01875
0 0.4625 0.0984375 0.004166666666666667 0.00625
0 0.3229166666666667 0.096875 0.004166666666666667 0.003125
0 0.3125 0.0984375 0.008333333333333333 0.00625
0 0.003125 0.09296875 0.0020833333333333333 0.0015625
0 0.008333333333333333 0.09453125 0.016666666666666666 0.0109375
0 0.013541666666666667 0.08671875 0.00625 0.0046875
0 0.34270833333333334 0.084375 0.00625 0.003125
0 0.06979166666666667 0.08359375 0.0020833333333333333 0.0015625
0 0.005208333333333333 0.08359375 0.0020833333333333333 0.0015625
0 0.07604166666666666 0.08203125 0.0020833333333333333 0.0015625
0 0.06145833333333333 0.08203125 0.0020833333333333333 0.0015625
0 0.07083333333333333 0.12109375 0.10833333333333334 0.0796875
0 0.065625 0.07890625 0.0020833333333333333 0.0015625
0 0.415625 0.07578125 0.0020833333333333333 0.0015625
0 0.3770833333333333 0.07734375 0.004166666666666667 0.0046875
0 0.10520833333333333 0.075 0.0020833333333333333 0.003125
0 0.16770833333333332 0.07265625 0.0020833333333333333 0.0015625
0 0.390625 0.06796875 0.0020833333333333333 0.0015625
0 0.32083333333333336 0.06640625 0.004166666666666667 0.0046875
0 0.13125 0.06796875 0.004166666666666667 0.0078125
0 0.011458333333333333 0.0734375 0.010416666666666666 0.01875
0 0.309375 0.065625 0.014583333333333334 0.009375
0 0.153125 0.0609375 0.0020833333333333333 0.003125
0 0.36875 0.06015625 0.008333333333333333 0.0046875
0 0.10729166666666666 0.05859375 0.0020833333333333333 0.0015625
0 0.13854166666666667 0.05234375 0.0020833333333333333 0.0015625
0 0.12083333333333333 0.05390625 0.008333333333333333 0.0078125
0 0.12916666666666668 0.0515625 0.008333333333333333 0.00625
0 0.5447916666666667 0.04765625 0.0020833333333333333 0.0015625
0 0.5354166666666667 0.05 0.0125 0.00625
0 0.10729166666666666 0.04765625 0.0020833333333333333 0.0015625
0 0.296875 0.0484375 0.00625 0.00625
0 0.12916666666666668 0.04609375 0.004166666666666667 0.0015625
0 0.5552083333333333 0.04609375 0.00625 0.0046875
0 0.5177083333333333 0.04453125 0.0020833333333333333 0.0015625
0 0.06875 0.06015625 0.07083333333333333 0.0328125
0 0.14479166666666668 0.04609375 0.010416666666666666 0.0078125
0 0.5229166666666667 0.0421875 0.004166666666666667 0.003125
0 0.3541666666666667 0.04609375 0.020833333333333332 0.0109375
0 0.39895833333333336 0.03984375 0.014583333333333334 0.0046875
0 0.24166666666666667 0.078125 0.1375 0.08125
0 0.5239583333333333 0.03671875 0.0020833333333333333 0.0015625
0 0.12604166666666666 0.0390625 0.00625 0.00625
0 0.3958333333333333 0.03515625 0.004166666666666667 0.0015625
0 0.3145833333333333 0.03671875 0.004166666666666667 0.0046875
0 0.30833333333333335 0.03671875 0.004166666666666667 0.0078125
0 0.5802083333333333 0.0359375 0.014583333333333334 0.009375
0 0.340625 0.0359375 0.014583333333333334 0.009375
0 0.3260416666666667 0.03359375 0.010416666666666666 0.0046875
0 0.5052083333333334 0.03125 0.0020833333333333333 0.003125
0 0.5135416666666667 0.034375 0.010416666666666666 0.0125
0 0.40729166666666666 0.02890625 0.0020833333333333333 0.0015625
0 0.21458333333333332 0.03046875 0.008333333333333333 0.0046875
0 0.446875 0.02421875 0.0020833333333333333 0.0015625
0 0.11875 0.02265625 0.004166666666666667 0.0046875
0 0.503125 0.01953125 0.0020833333333333333 0.0015625
0 0.509375 0.02109375 0.010416666666666666 0.0109375
0 0.43645833333333334 0.01640625 0.0020833333333333333 0.0015625
0 0.06041666666666667 0.02734375 0.025 0.0234375
0 0.434375 0.0109375 0.00625 0.00625
0 0.041666666666666664 0.00859375 0.004166666666666667 0.0015625
0 0.14166666666666666 0.01796875 0.025 0.0296875
0 0.078125 0.00390625 0.0020833333333333333 0.0015625
0 0.08229166666666667 0.00234375 0.0020833333333333333 0.0015625
0 0.425 0.00859375 0.008333333333333333 0.0171875
0 0.20520833333333333 0.01796875 0.04375 0.0359375
0 0.14375 0.00390625 0.004166666666666667 0.0078125
0 0.13125 0.0015625 0.004166666666666667 0.003125
1 0.011458333333333333 0.90078125 0.022916666666666665 0.0171875
1 0.029166666666666667 0.871875 0.004166666666666667 0.003125
1 0.19895833333333332 0.84921875 0.0020833333333333333 0.0015625
1 0.196875 0.8421875 0.0020833333333333333 0.00625
1 0.184375 0.84453125 0.00625 0.0109375
1 0.26979166666666665 0.82734375 0.0020833333333333333 0.0015625
1 0.26145833333333335 0.821875 0.00625 0.003125
1 0.21666666666666667 0.80859375 0.004166666666666667 0.0015625
1 0.209375 0.81015625 0.00625 0.0046875
1 0.790625 0.80390625 0.0020833333333333333 0.0046875
1 0.22395833333333334 0.80078125 0.0020833333333333333 0.0015625
1 0.203125 0.8 0.00625 0.003125
1 0.178125 0.79609375 0.0020833333333333333 0.0015625
1 0.13020833333333334 0.78515625 0.0020833333333333333 0.0015625
1 0.796875 0.77890625 0.0020833333333333333 0.0015625
1 0.5302083333333333 0.77109375 0.0020833333333333333 0.0015625
1 0.5364583333333334 0.76484375 0.0020833333333333333 0.0015625
1 0.7979166666666667 0.76875 0.004166666666666667 0.0125
1 0.7927083333333333 0.765625 0.0020833333333333333 0.00625
1 0.7885416666666667 0.76484375 0.0020833333333333333 0.0046875
1 0.784375 0.76328125 0.0020833333333333333 0.0015625
1 0.771875 0.76328125 0.00625 0.0015625
1 0.5708333333333333 0.76171875 0.004166666666666667 0.0015625
1 0.5395833333333333 0.76171875 0.008333333333333333 0.0046875
1 0.821875 0.7625 0.035416666666666666 0.0125
1 0.7895833333333333 0.75859375 0.016666666666666666 0.0046875
1 0.503125 0.75546875 0.0020833333333333333 0.0015625
1 0.6770833333333334 0.75390625 0.004166666666666667 0.0015625
1 0.5739583333333333 0.7546875 0.0020833333333333333 0.003125
1 0.465625 0.75390625 0.0020833333333333333 0.0015625
1 0.43854166666666666 0.75390625 0.00625 0.0046875
1 0.671875 0.75078125 0.0020833333333333333 0.0015625
1 0.5625 0.7546875 0.0125 0.009375
1 0.740625 0.74921875 0.0020833333333333333 0.0015625
1 0.5864583333333333 0.74921875 0.0020833333333333333 0.0015625
1 0.5572916666666666 0.74921875 0.0020833333333333333 0.0015625
1 0.43854166666666666 0.74609375 0.0020833333333333333 0.0015625
1 0.8552083333333333 0.74453125 0.0020833333333333333 0.0015625
1 0.7447916666666666 0.74453125 0.0020833333333333333 0.0015625
1 0.49270833333333336 0.74453125 0.0020833333333333333 0.0015625
1 0.44479166666666664 0.746875 0.010416666666666666 0.009375
1 0.7375 0.74140625 0.004166666666666667 0.0015625
1 0.534375 0.74140625 0.0020833333333333333 0.0015625
1 0.528125 0.74140625 0.0020833333333333333 0.0015625
1 0.6697916666666667 0.740625 0.0020833333333333333 0.003125
1 0.5041666666666667 0.73984375 0.004166666666666667 0.0015625
1 0.6854166666666667 0.7390625 0.004166666666666667 0.003125
1 0.6791666666666667 0.7390625 0.004166666666666667 0.003125
1 0.5666666666666667 0.74609375 0.0375 0.0171875
1 0.5635416666666667 0.7390625 0.010416666666666666 0.003125
1 0.46458333333333335 0.7453125 0.025 0.015625
1 0.5447916666666667 0.7359375 0.0020833333333333333 0.003125
1 0.44583333333333336 0.7375 0.004166666666666667 0.00625
1 0.603125 0.73359375 0.0020833333333333333 0.0015625
1 0.5197916666666667 0.7484375 0.022916666666666665 0.03125
1 0.48854166666666665 0.73359375 0.0020833333333333333 0.0015625
1 0.46979166666666666 0.73359375 0.0020833333333333333 0.0015625
1 0.671875 0.73203125 0.010416666666666666 0.0015625
1 0.50625 0.734375 0.008333333333333333 0.00625
1 0.5822916666666667 0.73046875 0.0020833333333333333 0.0015625
1 0.5302083333333333 0.73203125 0.00625 0.0046875
1 0.5197916666666667 0.73125 0.0020833333333333333 0.003125
1 0.48854166666666665 0.73046875 0.0020833333333333333 0.0015625
1 0.4791666666666667 0.73359375 0.0125 0.0078125
1 0.46979166666666666 0.73046875 0.0020833333333333333 0.0015625
1 0.4625 0.7328125 0.008333333333333333 0.00625
1 0.446875 0.73125 0.0020833333333333333 0.003125
1 0.5927083333333333 0.72734375 0.0020833333333333333 0.0015625
1 0.5270833333333333 0.72734375 0.004166666666666667 0.0015625
1 0.521875 0.72734375 0.0020833333333333333 0.0015625
1 0.4979166666666667 0.72734375 0.004166666666666667 0.0015625
1 0.4635416666666667 0.72578125 0.0020833333333333333 0.0015625
1 0.44479166666666664 0.72578125 0.0020833333333333333 0.0015625
1 0.6197916666666666 0.725 0.00625 0.003125
1 0.5052083333333334 0.72421875 0.0020833333333333333 0.0015625
1 0.4552083333333333 0.725 0.010416666666666666 0.003125
1 0.24166666666666667 0.72421875 0.004166666666666667 0.0015625
1 0.3875 0.72265625 0.004166666666666667 0.0015625
1 0.6375 0.72265625 0.0125 0.0046875
1 0.6208333333333333 0.72109375 0.008333333333333333 0.0015625
1 0.5135416666666667 0.721875 0.0020833333333333333 0.003125
1 0.496875 0.72109375 0.0020833333333333333 0.0015625
1 0.24791666666666667 0.72109375 0.004166666666666667 0.0015625
1 0.5020833333333333 0.7203125 0.004166666666666667 0.003125
1 0.4708333333333333 0.7203125 0.004166666666666667 0.003125
1 0.40208333333333335 0.7203125 0.004166666666666667 0.003125
1 0.5885416666666666 0.7203125 0.00625 0.00625
1 0.49895833333333334 0.71796875 0.0020833333333333333 0.0015625
1 0.409375 0.71796875 0.0020833333333333333 0.0015625
1 0.528125 0.71875 0.010416666666666666 0.00625
1 0.6572916666666667 0.715625 0.0020833333333333333 0.003125
1 0.64375 0.71484375 0.004166666666666667 0.0015625
1 0.49375 0.715625 0.004166666666666667 0.003125
1 0.475 0.71640625 0.0125 0.0046875
1 0.5802083333333333 0.71328125 0.0020833333333333333 0.0015625
1 0.534375 0.71328125 0.0020833333333333333 0.0015625
1 0.5083333333333333 0.71484375 0.008333333333333333 0.0078125
1 0.646875 0.71015625 0.0020833333333333333 0.0015625
1 0.640625 0.71015625 0.0020833333333333333 0.0015625
1 0.46979166666666666 0.70859375 0.00625 0.0015625
1 0.46770833333333334 0.70546875 0.0020833333333333333 0.0015625
1 0.44479166666666664 0.70546875 0.0020833333333333333 0.0015625
1 0.484375 0.709375 0.035416666666666666 0.0125
1 0.6322916666666667 0.70234375 0.0020833333333333333 0.0015625
1 0.509375 0.7046875 0.010416666666666666 0.00625
1 0.534375 0.6984375 0.00625 0.003125
1 0.515625 0.69921875 0.03125 0.0078125
1 0.44375 0.6984375 0.004166666666666667 0.009375
1 0.5354166666666667 0.69296875 0.008333333333333333 0.0015625
1 0.5208333333333334 0.69375 0.004166666666666667 0.003125
1 0.47604166666666664 0.69296875 0.0020833333333333333 0.0015625
1 0.4635416666666667 0.69609375 0.00625 0.0078125
1 0.784375 0.69140625 0.0020833333333333333 0.0015625
1 0.628125 0.703125 0.014583333333333334 0.025
1 0.478125 0.68984375 0.0020833333333333333 0.0015625
1 0.43854166666666666 0.690625 0.0020833333333333333 0.003125
1 0.490625 0.690625 0.01875 0.00625
1 0.484375 0.68828125 0.0020833333333333333 0.0015625
1 0.63125 0.6875 0.004166666666666667 0.003125
1 0.48020833333333335 0.68671875 0.0020833333333333333 0.0015625
1 0.4270833333333333 0.6875 0.004166666666666667 0.003125
1 0.6239583333333333 0.68359375 0.0020833333333333333 0.0015625
1 0.5364583333333334 0.6859375 0.01875 0.009375
1 0.5239583333333333 0.68203125 0.0020833333333333333 0.0015625
1 0.5197916666666667 0.6828125 0.0020833333333333333 0.003125
1 0.4322916666666667 0.68359375 0.010416666666666666 0.0046875
1 0.28229166666666666 0.68203125 0.0020833333333333333 0.0015625
1 0.5135416666666667 0.68515625 0.027083333333333334 0.0109375
1 0.4239583333333333 0.68046875 0.0020833333333333333 0.0015625
1 0.434375 0.67890625 0.00625 0.0015625
1 0.7541666666666667 0.678125 0.0125 0.00625
1 0.6385416666666667 0.67578125 0.0020833333333333333 0.0015625
1 0.6333333333333333 0.678125 0.004166666666666667 0.00625
1 0.628125 0.67578125 0.0020833333333333333 0.0015625
1 0.5354166666666667 0.678125 0.0125 0.00625
1 0.765625 0.675 0.0020833333333333333 0.003125
1 0.734375 0.67578125 0.00625 0.0046875
1 0.6447916666666667 0.67421875 0.00625 0.0015625
1 0.5229166666666667 0.67421875 0.004166666666666667 0.0015625
1 0.7760416666666666 0.6734375 0.00625 0.003125
1 0.5822916666666667 0.67578125 0.010416666666666666 0.0078125
1 0.3541666666666667 0.6734375 0.004166666666666667 0.003125
1 0.2635416666666667 0.67265625 0.0020833333333333333 0.0015625
1 0.17604166666666668 0.6734375 0.0020833333333333333 0.003125
1 0.09791666666666667 0.67265625 0.004166666666666667 0.0015625
1 0.7239583333333334 0.67109375 0.0020833333333333333 0.0015625
1 0.42916666666666664 0.67265625 0.0125 0.0046875
1 0.10520833333333333 0.67109375 0.0020833333333333333 0.0015625
1 0.071875 0.67109375 0.0020833333333333333 0.0015625
1 0.8927083333333333 0.66796875 0.0020833333333333333 0.0015625
1 0.6020833333333333 0.6703125 0.008333333333333333 0.00625
1 0.5479166666666667 0.66875 0.004166666666666667 0.003125
1 0.771875 0.66640625 0.0020833333333333333 0.0015625
1 0.3177083333333333 0.6671875 0.0020833333333333333 0.003125
1 0.425 0.665625 0.004166666666666667 0.003125
1 0.715625 0.66640625 0.010416666666666666 0.0078125
1 0.8822916666666667 0.66328125 0.010416666666666666 0.0046875
1 0.5322916666666667 0.6625 0.0020833333333333333 0.003125
1 0.25833333333333336 0.6640625 0.004166666666666667 0.00625
1 0.4552083333333333 0.66015625 0.0020833333333333333 0.0015625
1 0.32395833333333335 0.66015625 0.0020833333333333333 0.0015625
1 0.051041666666666666 0.66015625 0.0020833333333333333 0.0015625
1 0.7708333333333334 0.66015625 0.008333333333333333 0.0078125
1 0.60625 0.6578125 0.004166666666666667 0.003125
1 0.6 0.65859375 0.004166666666666667 0.0046875
1 0.4479166666666667 0.6703125 0.05416666666666667 0.028125
1 0.33958333333333335 0.66171875 0.0125 0.0109375
1 0.25729166666666664 0.65703125 0.0020833333333333333 0.0015625
1 0.9885416666666667 0.65546875 0.0020833333333333333 0.0015625
1 0.653125 0.66328125 0.010416666666666666 0.0171875
1 0.965625 0.65390625 0.0020833333333333333 0.0015625
1 0.9614583333333333 0.65390625 0.0020833333333333333 0.0015625
1 0.09583333333333334 0.6578125 0.008333333333333333 0.009375
1 0.011458333333333333 0.6546875 0.0020833333333333333 0.003125
1 0.7177083333333333 0.65703125 0.014583333333333334 0.0109375
1 0.32916666666666666 0.65390625 0.008333333333333333 0.0046875
1 0.08854166666666667 0.65390625 0.0020833333333333333 0.0046875
1 0.47291666666666665 0.6578125 0.016666666666666666 0.015625
1 0.2552083333333333 0.65078125 0.0020833333333333333 0.0015625
1 0.8520833333333333 0.64921875 0.008333333333333333 0.0015625
1 0.5458333333333333 0.65078125 0.0125 0.0046875
1 0.896875 0.64765625 0.0020833333333333333 0.0015625
1 0.70625 0.64921875 0.004166666666666667 0.0046875
1 0.4635416666666667 0.6484375 0.0020833333333333333 0.003125
1 0.234375 0.64765625 0.0020833333333333333 0.0015625
1 0.23020833333333332 0.64765625 0.0020833333333333333 0.0015625
1 0.9864583333333333 0.64609375 0.0020833333333333333 0.0015625
1 0.121875 0.64765625 0.014583333333333334 0.0046875
1 0.21875 0.64375 0.004166666666666667 0.003125
1 0.121875 0.64296875 0.0020833333333333333 0.0015625
1 0.6802083333333333 0.63984375 0.0020833333333333333 0.0015625
1 0.9447916666666667 0.64296875 0.010416666666666666 0.0109375
1 0.5364583333333334 0.64453125 0.00625 0.0140625
1 0.925 0.6375 0.008333333333333333 0.003125
1 0.03229166666666667 0.64609375 0.022916666666666665 0.0203125
1 0.9333333333333333 0.63515625 0.004166666666666667 0.0015625
1 0.6072916666666667 0.64375 0.04791666666666667 0.021875
1 0.9416666666666667 0.6328125 0.004166666666666667 0.003125
1 0.6010416666666667 0.63203125 0.0020833333333333333 0.0015625
1 0.23020833333333332 0.6359375 0.014583333333333334 0.0125
1 0.253125 0.63515625 0.01875 0.0203125
1 0.9385416666666667 0.62578125 0.00625 0.0046875
1 0.903125 0.62265625 0.0020833333333333333 0.0015625
1 0.971875 0.63359375 0.05625 0.0265625
1 0.9510416666666667 0.62109375 0.00625 0.0046875
1 0.9020833333333333 0.61953125 0.004166666666666667 0.0015625
1 0.6958333333333333 0.63125 0.0375 0.025
1 0.010416666666666666 0.6390625 0.020833333333333332 0.04375
1 0.9552083333333333 0.61484375 0.0020833333333333333 0.0015625
1 0.4479166666666667 0.62265625 0.0125 0.0203125
1 0.33125 0.615625 0.020833333333333332 0.009375
1 0.13958333333333334 0.62421875 0.041666666666666664 0.0296875
1 0.5822916666666667 0.60859375 0.0020833333333333333 0.0015625
1 0.39895833333333336 0.61953125 0.03125 0.0234375
1 0.03229166666666667 0.60859375 0.0020833333333333333 0.0015625
1 0.9802083333333333 0.60703125 0.0020833333333333333 0.0015625
1 0.3072916666666667 0.60703125 0.010416666666666666 0.0015625
1 0.9697916666666667 0.61015625 0.01875 0.0109375
1 0.04479166666666667 0.60390625 0.01875 0.0046875
1 0.8 0.6328125 0.10416666666666667 0.065625
1 0.058333333333333334 0.5953125 0.004166666666666667 0.003125
1 0.49270833333333336 0.6078125 0.014583333333333334 0.03125
1 0.027083333333333334 0.60078125 0.0125 0.0203125
1 0.3729166666666667 0.58828125 0.0125 0.0015625
1 0.06666666666666667 0.58984375 0.004166666666666667 0.0046875
1 0.39166666666666666 0.58671875 0.004166666666666667 0.0015625
1 0.9864583333333333 0.5984375 0.027083333333333334 0.03125
1 0.85 0.58515625 0.0125 0.0046875
1 0.04583333333333333 0.584375 0.008333333333333333 0.003125
1 0.7260416666666667 0.60859375 0.05625 0.0578125
1 0.065625 0.58125 0.0020833333333333333 0.003125
1 0.5333333333333333 0.5796875 0.016666666666666666 0.003125
1 0.515625 0.57890625 0.0020833333333333333 0.0015625
1 0.07708333333333334 0.5828125 0.016666666666666666 0.009375
1 0.9739583333333334 0.57734375 0.0020833333333333333 0.0015625
1 0.3614583333333333 0.578125 0.010416666666666666 0.00625
1 0.13229166666666667 0.58828125 0.022916666666666665 0.0265625
1 0.9364583333333333 0.57421875 0.0020833333333333333 0.0015625
1 0.409375 0.5828125 0.022916666666666665 0.021875
1 0.39479166666666665 0.56953125 0.0020833333333333333 0.0015625
1 0.428125 0.56796875 0.0020833333333333333 0.0015625
1 0.4114583333333333 0.56796875 0.0020833333333333333 0.0015625
1 0.540625 0.56328125 0.0020833333333333333 0.0015625
1 0.390625 0.56328125 0.0020833333333333333 0.0015625
1 0.584375 0.5640625 0.03125 0.00625
1 0.959375 0.5609375 0.00625 0.00625
1 0.478125 0.55859375 0.0020833333333333333 0.0015625
1 0.03125 0.5734375 0.0625 0.03125
1 0.484375 0.55625 0.00625 0.003125
1 0.9572916666666667 0.55390625 0.0020833333333333333 0.0015625
1 0.146875 0.55234375 0.00625 0.0015625
1 0.42604166666666665 0.54921875 0.0020833333333333333 0.0015625
1 0.371875 0.56015625 0.08125 0.0234375
1 0.828125 0.546875 0.0020833333333333333 0.003125
1 0.890625 0.54609375 0.00625 0.0046875
1 0.7947916666666667 0.54453125 0.0020833333333333333 0.0015625
1 0.453125 0.55 0.022916666666666665 0.0125
1 0.915625 0.54296875 0.0020833333333333333 0.0015625
1 0.6645833333333333 0.59765625 0.0875 0.1109375
1 0.8260416666666667 0.54296875 0.00625 0.0046875
1 0.440625 0.54140625 0.0020833333333333333 0.0015625
1 0.2375 0.5578125 0.020833333333333332 0.040625
1 0.915625 0.53671875 0.0020833333333333333 0.0015625
1 0.9239583333333333 0.53671875 0.010416666666666666 0.0046875
1 0.6760416666666667 0.5375 0.00625 0.00625
1 0.5802083333333333 0.53359375 0.0020833333333333333 0.0015625
1 0.6197916666666666 0.53046875 0.0020833333333333333 0.0015625
1 0.46145833333333336 0.52734375 0.00625 0.0015625
1 0.45416666666666666 0.528125 0.004166666666666667 0.003125
1 0.46770833333333334 0.52578125 0.0020833333333333333 0.0015625
1 0.3958333333333333 0.534375 0.025 0.01875
1 0.25 0.528125 0.008333333333333333 0.00625
1 0.46145833333333336 0.52421875 0.0020833333333333333 0.0015625
1 0.065625 0.52421875 0.0020833333333333333 0.0015625
1 0.4635416666666667 0.52109375 0.0020833333333333333 0.0015625
1 0.06354166666666666 0.52265625 0.00625 0.0046875
1 0.22083333333333333 0.5203125 0.016666666666666666 0.00625
1 0.008333333333333333 0.52421875 0.016666666666666666 0.0140625
1 0.5666666666666667 0.52421875 0.020833333333333332 0.0171875
1 0.5104166666666666 0.5625 0.1625 0.09375
1 0.21875 0.515625 0.0125 0.003125
1 0.24791666666666667 0.51484375 0.016666666666666666 0.0109375
1 0.030208333333333334 0.51171875 0.0020833333333333333 0.0046875
1 0.8927083333333333 0.50390625 0.0020833333333333333 0.0015625
1 0.865625 0.56484375 0.14791666666666667 0.1234375
1 0.8385416666666666 0.49921875 0.014583333333333334 0.0109375
1 0.13645833333333332 0.496875 0.00625 0.00625
1 0.921875 0.48515625 0.0020833333333333333 0.0015625
1 0.7072916666666667 0.4890625 0.00625 0.009375
1 0.409375 0.48359375 0.0020833333333333333 0.0015625
1 0.709375 0.48203125 0.0020833333333333333 0.0015625
1 0.5052083333333334 0.48203125 0.00625 0.0015625
1 0.2947916666666667 0.48046875 0.0020833333333333333 0.0015625
1 0.9520833333333333 0.49296875 0.0625 0.0328125
1 0.28020833333333334 0.4765625 0.00625 0.003125
1 0.434375 0.51171875 0.06875 0.0765625
1 0.721875 0.46640625 0.0020833333333333333 0.0015625
1 0.846875 0.45703125 0.0020833333333333333 0.0015625
1 0.8427083333333333 0.4578125 0.0020833333333333333 0.003125
1 0.7833333333333333 0.46015625 0.008333333333333333 0.0078125
1 0.30833333333333335 0.45703125 0.0125 0.0046875
1 0.8489583333333334 0.45390625 0.0020833333333333333 0.0015625
1 0.4583333333333333 0.4578125 0.008333333333333333 0.009375
1 0.165625 0.45390625 0.0020833333333333333 0.0015625
1 0.3302083333333333 0.45234375 0.0020833333333333333 0.0015625
1 0.7770833333333333 0.5203125 0.13333333333333333 0.140625
1 0.79375 0.45234375 0.004166666666666667 0.0046875
1 0.7052083333333333 0.45078125 0.0020833333333333333 0.0015625
1 0.48020833333333335 0.45078125 0.0020833333333333333 0.0015625
1 0.7677083333333333 0.44921875 0.0020833333333333333 0.0015625
1 0.09895833333333333 0.45 0.0020833333333333333 0.00625
1 0.18020833333333333 0.478125 0.14791666666666667 0.065625
1 0.4979166666666667 0.44375 0.008333333333333333 0.00625
1 0.28854166666666664 0.44296875 0.00625 0.0046875
1 0.028125 0.4421875 0.00625 0.003125
1 0.7572916666666667 0.43828125 0.0020833333333333333 0.0015625
1 0.6635416666666667 0.43671875 0.0020833333333333333 0.0015625
1 0.284375 0.43671875 0.0020833333333333333 0.0015625
1 0.9510416666666667 0.43515625 0.0020833333333333333 0.0015625
1 0.2520833333333333 0.4359375 0.004166666666666667 0.003125
1 0.2677083333333333 0.44140625 0.014583333333333334 0.0171875
1 0.8572916666666667 0.434375 0.01875 0.00625
1 0.7552083333333334 0.43125 0.00625 0.009375
1 0.759375 0.42578125 0.0020833333333333333 0.0015625
1 0.259375 0.42578125 0.0020833333333333333 0.0015625
1 0.24791666666666667 0.42890625 0.008333333333333333 0.0078125
1 0.9791666666666666 0.4234375 0.004166666666666667 0.003125
1 0.678125 0.4234375 0.00625 0.003125
1 0.8895833333333333 0.4578125 0.11666666666666667 0.078125
1 0.36354166666666665 0.41484375 0.0020833333333333333 0.0015625
1 0.840625 0.41328125 0.0020833333333333333 0.0015625
1 0.8635416666666667 0.41171875 0.0020833333333333333 0.0015625
1 0.8520833333333333 0.41015625 0.016666666666666666 0.0078125
1 0.3697916666666667 0.40703125 0.0020833333333333333 0.0015625
1 0.3614583333333333 0.409375 0.00625 0.00625
1 0.35104166666666664 0.40703125 0.0020833333333333333 0.0015625
1 0.030208333333333334 0.40703125 0.0020833333333333333 0.0015625
1 0.478125 0.41796875 0.035416666666666666 0.0296875
1 0.46145833333333336 0.40390625 0.0020833333333333333 0.0015625
1 0.365625 0.40390625 0.0020833333333333333 0.0015625
1 0.3614583333333333 0.40390625 0.0020833333333333333 0.0015625
1 0.465625 0.40078125 0.0020833333333333333 0.0015625
1 0.796875 0.39921875 0.0020833333333333333 0.0015625
1 0.459375 0.39765625 0.0020833333333333333 0.0015625
1 0.36354166666666665 0.39453125 0.0020833333333333333 0.0015625
1 0.46875 0.3921875 0.004166666666666667 0.003125
1 0.36770833333333336 0.3890625 0.00625 0.00625
1 0.6739583333333333 0.38515625 0.0020833333333333333 0.0015625
1 0.35520833333333335 0.38515625 0.0020833333333333333 0.0015625
1 0.440625 0.38359375 0.0020833333333333333 0.0015625
1 0.3697916666666667 0.3828125 0.00625 0.003125
1 0.023958333333333335 0.38203125 0.0020833333333333333 0.0015625
1 0.021875 0.37890625 0.0020833333333333333 0.0015625
1 0.7416666666666667 0.37734375 0.004166666666666667 0.0015625
1 0.39479166666666665 0.39140625 0.03125 0.0296875
1 0.81875 0.40625 0.029166666666666667 0.0625
1 0.7291666666666666 0.37734375 0.0125 0.0046875
1 0.409375 0.3765625 0.0020833333333333333 0.003125
1 0.4010416666666667 0.37578125 0.00625 0.0015625
1 0.4197916666666667 0.37265625 0.0020833333333333333 0.0015625
1 0.38645833333333335 0.37109375 0.0020833333333333333 0.0015625
1 0.48125 0.36953125 0.004166666666666667 0.0046875
1 0.38645833333333335 0.36796875 0.0020833333333333333 0.0015625
1 0.6114583333333333 0.36640625 0.0020833333333333333 0.0015625
1 0.42291666666666666 0.36796875 0.004166666666666667 0.0046875
1 0.37916666666666665 0.37265625 0.008333333333333333 0.0140625
1 0.5927083333333333 0.465625 0.2520833333333333 0.203125
1 0.6302083333333334 0.35703125 0.0020833333333333333 0.0015625
1 0.6197916666666666 0.36328125 0.014583333333333334 0.0140625
1 0.653125 0.35234375 0.0020833333333333333 0.0015625
1 0.621875 0.35234375 0.0020833333333333333 0.0015625
1 0.646875 0.34765625 0.0020833333333333333 0.0015625
1 0.5072916666666667 0.34765625 0.0020833333333333333 0.0015625
1 0.5072916666666667 0.35625 0.010416666666666666 0.021875
1 0.6291666666666667 0.3453125 0.004166666666666667 0.003125
1 0.6302083333333334 0.34140625 0.0020833333333333333 0.0015625
1 0.509375 0.3421875 0.00625 0.00625
1 0.5114583333333333 0.33671875 0.0020833333333333333 0.0015625
1 0.428125 0.33359375 0.0020833333333333333 0.0015625
1 0.4375 0.33046875 0.004166666666666667 0.0015625
1 0.396875 0.32890625 0.00625 0.0046875
1 0.35625 0.3265625 0.004166666666666667 0.003125
1 0.640625 0.32421875 0.0020833333333333333 0.0015625
1 0.6145833333333334 0.321875 0.004166666666666667 0.003125
1 0.640625 0.31875 0.0020833333333333333 0.003125
1 0.39895833333333336 0.31796875 0.0020833333333333333 0.0015625
1 0.6427083333333333 0.31328125 0.0020833333333333333 0.0015625
1 0.6375 0.3140625 0.004166666666666667 0.003125
1 0.60625 0.31484375 0.004166666666666667 0.0046875
1 0.6010416666666667 0.31328125 0.0020833333333333333 0.0015625
1 0.5885416666666666 0.3171875 0.035416666666666666 0.009375
1 0.628125 0.309375 0.0020833333333333333 0.003125
1 0.621875 0.3125 0.022916666666666665 0.009375
1 0.065625 0.32578125 0.04375 0.0359375
1 0.3458333333333333 0.303125 0.004166666666666667 0.003125
1 0.08645833333333333 0.30234375 0.0020833333333333333 0.0015625
1 0.013541666666666667 0.3078125 0.027083333333333334 0.0125
1 0.515625 0.2984375 0.0020833333333333333 0.00625
1 0.34479166666666666 0.29609375 0.0020833333333333333 0.0015625
1 0.36770833333333336 0.29453125 0.0020833333333333333 0.0015625
1 0.675 0.31484375 0.03333333333333333 0.0484375
1 0.5010416666666667 0.28828125 0.0020833333333333333 0.0015625
1 0.6885416666666667 0.28671875 0.0020833333333333333 0.0015625
1 0.46875 0.33984375 0.0875 0.1078125
1 0.684375 0.28515625 0.0020833333333333333 0.0015625
1 0.503125 0.28515625 0.0020833333333333333 0.0015625
1 0.17395833333333333 0.28046875 0.0020833333333333333 0.0015625
1 0.7322916666666667 0.27890625 0.0020833333333333333 0.0015625
1 0.5114583333333333 0.278125 0.0020833333333333333 0.003125
1 0.3614583333333333 0.27890625 0.010416666666666666 0.0046875
1 0.17395833333333333 0.27578125 0.0020833333333333333 0.0015625
1 0.3927083333333333 0.27421875 0.0020833333333333333 0.0015625
1 0.38229166666666664 0.27421875 0.0020833333333333333 0.0015625
1 0.3614583333333333 0.39921875 0.20625 0.2515625
1 0.16041666666666668 0.27421875 0.004166666666666667 0.0015625
1 0.12708333333333333 0.29296875 0.05 0.0390625
1 0.3802083333333333 0.27109375 0.00625 0.0015625
1 0.4479166666666667 0.2703125 0.004166666666666667 0.003125
1 0.390625 0.2703125 0.00625 0.003125
1 0.36666666666666664 0.27109375 0.004166666666666667 0.0046875
1 0.7041666666666667 0.26875 0.004166666666666667 0.003125
1 0.6979166666666666 0.26796875 0.004166666666666667 0.0015625
1 0.771875 0.2671875 0.00625 0.003125
1 0.6770833333333334 0.27109375 0.0125 0.0140625
1 0.6979166666666666 0.2640625 0.004166666666666667 0.003125
1 0.6895833333333333 0.26328125 0.004166666666666667 0.0046875
1 0.4635416666666667 0.26171875 0.0020833333333333333 0.0015625
1 0.08645833333333333 0.2703125 0.027083333333333334 0.01875
1 0.409375 0.26015625 0.0020833333333333333 0.0015625
1 0.30833333333333335 0.26640625 0.008333333333333333 0.0140625
1 0.46041666666666664 0.25859375 0.004166666666666667 0.0015625
1 0.43020833333333336 0.26015625 0.00625 0.0046875
1 0.29375 0.25546875 0.004166666666666667 0.0015625
1 0.70625 0.25703125 0.0125 0.0078125
1 0.29270833333333335 0.25078125 0.0020833333333333333 0.0015625
1 0.6927083333333334 0.2515625 0.01875 0.00625
1 0.7927083333333333 0.24453125 0.0020833333333333333 0.0015625
1 0.5229166666666667 0.24296875 0.008333333333333333 0.0046875
1 0.0020833333333333333 0.24453125 0.004166666666666667 0.0078125
1 0.2947916666666667 0.24375 0.00625 0.009375
1 0.603125 0.24375 0.03958333333333333 0.0125
1 0.69375 0.240625 0.008333333333333333 0.009375
1 0.12083333333333333 0.2515625 0.05416666666666667 0.03125
1 0.10208333333333333 0.23984375 0.008333333333333333 0.0078125
1 0.775 0.24921875 0.0375 0.0296875
1 0.740625 0.25703125 0.052083333333333336 0.0453125
1 0.684375 0.23984375 0.00625 0.0109375
1 0.09895833333333333 0.23515625 0.0020833333333333333 0.0046875
1 0.5229166666666667 0.23203125 0.004166666666666667 0.0015625
1 0.10729166666666666 0.2328125 0.00625 0.003125
1 0.515625 0.23125 0.00625 0.003125
1 0.17395833333333333 0.23046875 0.0020833333333333333 0.0015625
1 0.6916666666666667 0.23046875 0.004166666666666667 0.0046875
1 0.6864583333333333 0.23046875 0.0020833333333333333 0.0046875
1 0.09791666666666667 0.22890625 0.004166666666666667 0.0046875
1 0.040625 0.22734375 0.0020833333333333333 0.0015625
1 0.036458333333333336 0.228125 0.0020833333333333333 0.003125
1 0.4354166666666667 0.22734375 0.004166666666666667 0.0046875
1 0.28541666666666665 0.2265625 0.004166666666666667 0.003125
1 0.16666666666666666 0.22890625 0.008333333333333333 0.0078125
1 0.15729166666666666 0.2421875 0.04791666666666667 0.034375
1 0.6677083333333333 0.22421875 0.0020833333333333333 0.0015625
1 0.2989583333333333 0.23046875 0.01875 0.0140625
1 0.146875 0.38125 0.29375 0.315625
1 0.2947916666666667 0.22265625 0.0020833333333333333 0.0015625
1 0.7979166666666667 0.221875 0.004166666666666667 0.003125
1 0.759375 0.221875 0.0020833333333333333 0.003125
1 0.7552083333333334 0.22109375 0.0020833333333333333 0.0015625
1 0.021875 0.22265625 0.014583333333333334 0.0046875
1 0.6447916666666667 0.21953125 0.0020833333333333333 0.0015625
1 0.4864583333333333 0.2203125 0.0020833333333333333 0.003125
1 0.28958333333333336 0.22109375 0.004166666666666667 0.0046875
1 0.4125 0.21953125 0.004166666666666667 0.0046875
1 0.690625 0.21953125 0.010416666666666666 0.0109375
1 0.37395833333333334 0.21640625 0.00625 0.0046875
1 0.7947916666666667 0.215625 0.00625 0.00625
1 0.653125 0.21171875 0.0020833333333333333 0.0015625
1 0.49583333333333335 0.215625 0.0125 0.009375
1 0.46041666666666664 0.21328125 0.004166666666666667 0.0046875
1 0.7145833333333333 0.2296875 0.0375 0.040625
1 0.6635416666666667 0.21015625 0.0020833333333333333 0.0015625
1 0.509375 0.21015625 0.0020833333333333333 0.0015625
1 0.37604166666666666 0.2109375 0.00625 0.003125
1 0.7947916666666667 0.209375 0.0020833333333333333 0.003125
1 0.6885416666666667 0.209375 0.0020833333333333333 0.003125
1 0.25625 0.20859375 0.004166666666666667 0.0015625
1 0.25104166666666666 0.20859375 0.0020833333333333333 0.0015625
1 0.684375 0.20703125 0.0020833333333333333 0.0015625
1 0.4666666666666667 0.2109375 0.004166666666666667 0.009375
1 0.7041666666666667 0.20234375 0.004166666666666667 0.0015625
1 0.43125 0.2109375 0.0125 0.01875
1 0.796875 0.20234375 0.010416666666666666 0.0078125
1 0.6822916666666666 0.2 0.0020833333333333333 0.003125
1 0.46979166666666666 0.19921875 0.0020833333333333333 0.0015625
1 0.8583333333333333 0.196875 0.004166666666666667 0.003125
1 0.6677083333333333 0.19609375 0.0020833333333333333 0.0015625
1 0.40520833333333334 0.196875 0.00625 0.003125
1 0.37916666666666665 0.20078125 0.016666666666666666 0.0140625
1 0.18125 0.19921875 0.0125 0.0140625
1 0.27395833333333336 0.18984375 0.0020833333333333333 0.0015625
1 0.8770833333333333 0.19375 0.029166666666666667 0.0125
1 0.33645833333333336 0.18828125 0.0020833333333333333 0.0015625
1 0.2760416666666667 0.19921875 0.035416666666666666 0.0234375
1 0.7302083333333333 0.18515625 0.0020833333333333333 0.0015625
1 0.7114583333333333 0.1859375 0.0020833333333333333 0.003125
1 0.35208333333333336 0.178125 0.008333333333333333 0.00625
1 0.5125 0.18984375 0.03333333333333333 0.0359375
1 0.3104166666666667 0.17265625 0.004166666666666667 0.0015625
1 0.490625 0.16953125 0.0020833333333333333 0.0015625
1 0.42604166666666665 0.175 0.022916666666666665 0.0125
1 0.8302083333333333 0.17578125 0.03958333333333333 0.0171875
1 0.8447916666666667 0.16640625 0.0020833333333333333 0.0015625
1 0.7770833333333333 0.19453125 0.06666666666666667 0.0609375
1 0.042708333333333334 0.21875 0.08541666666666667 0.1125
1 0.2833333333333333 0.1578125 0.008333333333333333 0.00625
1 0.7197916666666667 0.14921875 0.0020833333333333333 0.0015625
1 0.4114583333333333 0.13515625 0.0020833333333333333 0.0015625
1 0.6822916666666666 0.13359375 0.0020833333333333333 0.0015625
1 0.103125 0.134375 0.0020833333333333333 0.003125
1 0.6895833333333333 0.17265625 0.15 0.0828125
1 0.7739583333333333 0.12890625 0.01875 0.0078125
1 0.684375 0.12734375 0.0020833333333333333 0.0046875
1 0.13020833333333334 0.1265625 0.0020833333333333333 0.003125
1 0.3177083333333333 0.12109375 0.0020833333333333333 0.0015625
1 0.153125 0.12265625 0.00625 0.0046875
1 0.28125 0.128125 0.06666666666666667 0.025
1 0.7072916666666667 0.115625 0.01875 0.009375
1 0.47708333333333336 0.14296875 0.05416666666666667 0.0640625
1 0.7739583333333333 0.10859375 0.0020833333333333333 0.0015625
1 0.7697916666666667 0.10859375 0.0020833333333333333 0.0015625
1 0.7229166666666667 0.1109375 0.008333333333333333 0.00625
1 0.503125 0.11484375 0.00625 0.0140625
1 0.004166666666666667 0.1109375 0.008333333333333333 0.00625
1 0.8697916666666666 0.10546875 0.0020833333333333333 0.0015625
1 0.33645833333333336 0.1078125 0.014583333333333334 0.009375
1 0.8395833333333333 0.121875 0.10833333333333334 0.04375
1 0.5458333333333333 0.13515625 0.04583333333333333 0.0703125
1 0.5104166666666666 0.10234375 0.004166666666666667 0.0046875
1 0.7354166666666667 0.103125 0.0125 0.009375
1 0.8614583333333333 0.09453125 0.0020833333333333333 0.0015625
1 0.46979166666666666 0.0875 0.0020833333333333333 0.003125
1 0.5260416666666666 0.0890625 0.014583333333333334 0.009375
1 0.05 0.0875 0.016666666666666666 0.0125
1 0.12291666666666666 0.084375 0.008333333333333333 0.009375
1 0.115625 0.08359375 0.010416666666666666 0.0078125
1 0.7145833333333333 0.08984375 0.0125 0.0234375
1 0.434375 0.0828125 0.014583333333333334 0.009375
1 0.134375 0.07890625 0.0020833333333333333 0.0015625
1 0.084375 0.07890625 0.0020833333333333333 0.0015625
1 0.09166666666666666 0.0796875 0.008333333333333333 0.00625
1 0.48020833333333335 0.0765625 0.00625 0.003125
1 0.4739583333333333 0.0765625 0.010416666666666666 0.009375
1 0.465625 0.07265625 0.0020833333333333333 0.0015625
1 0.46041666666666664 0.0734375 0.004166666666666667 0.003125
1 0.6635416666666667 0.06953125 0.0020833333333333333 0.0015625
1 0.12291666666666666 0.07265625 0.0125 0.0078125
1 0.6770833333333334 0.08046875 0.03333333333333333 0.0265625
1 0.42291666666666666 0.06875 0.004166666666666667 0.003125
1 0.403125 0.06640625 0.0020833333333333333 0.0015625
1 0.084375 0.06640625 0.0020833333333333333 0.0015625
1 0.15520833333333334 0.0828125 0.05625 0.046875
1 0.16458333333333333 0.06171875 0.004166666666666667 0.0078125
1 0.4125 0.0609375 0.008333333333333333 0.009375
1 0.409375 0.05703125 0.0020833333333333333 0.0015625
1 0.17291666666666666 0.05625 0.004166666666666667 0.003125
1 0.18854166666666666 0.059375 0.01875 0.015625
1 0.5291666666666667 0.0734375 0.1125 0.053125
1 0.49895833333333334 0.0484375 0.0020833333333333333 0.003125
1 0.3885416666666667 0.09453125 0.08125 0.1015625
1 0.33645833333333336 0.065625 0.06875 0.059375
1 0.29791666666666666 0.03828125 0.008333333333333333 0.0109375
1 0.16875 0.03984375 0.029166666666666667 0.0171875
1 0.44583333333333336 0.03203125 0.0125 0.0046875
1 0.4552083333333333 0.02890625 0.0020833333333333333 0.0015625
1 0.4239583333333333 0.03046875 0.00625 0.0046875
1 0.203125 0.03125 0.00625 0.00625
1 0.490625 0.01171875 0.0020833333333333333 0.0015625
1 0.496875 0.01640625 0.00625 0.0140625
1 0.6114583333333333 0.01328125 0.010416666666666666 0.0109375
1 0.30104166666666665 0.00703125 0.0020833333333333333 0.0046875
1 0.16770833333333332 0.0140625 0.010416666666666666 0.021875
1 0.553125 0.0203125 0.07708333333333334 0.040625
1 0.45625 0.01328125 0.04583333333333333 0.0265625
1 0.40520833333333334 0.0015625 0.0020833333333333333 0.003125
1 0.35208333333333336 0.02421875 0.1 0.0484375
1 0.2552083333333333 0.03671875 0.08958333333333333 0.0734375
1 0.225 0.003125 0.020833333333333332 0.00625
1 0.153125 0.00625 0.010416666666666666 0.0125
1 0.06875 0.034375 0.1375 0.06875
1 0.04895833333333333 0.00078125 0.0020833333333333333 0.0015625
1 0.03229166666666667 0.003125 0.022916666666666665 0.00625
