0 0.7979166666666667 0.9578125 0.004166666666666667 0.009375
0 0.3697916666666667 0.6015625 0.00625 0.003125
0 0.3302083333333333 0.5671875 0.0020833333333333333 0.003125
0 0.36354166666666665 0.52265625 0.0020833333333333333 0.0015625
0 0.37083333333333335 0.51796875 0.008333333333333333 0.0046875
0 0.403125 0.515625 0.00625 0.00625
0 0.34791666666666665 0.52109375 0.05 0.0296875
0 0.39895833333333336 0.46328125 0.010416666666666666 0.0109375
0 0.396875 0.45078125 0.0020833333333333333 0.0015625
0 0.40208333333333335 0.4484375 0.004166666666666667 0.003125
0 0.33645833333333336 0.44765625 0.0020833333333333333 0.0015625
0 0.3302083333333333 0.44296875 0.0020833333333333333 0.0015625
0 0.31979166666666664 0.4359375 0.014583333333333334 0.009375
0 0.30833333333333335 0.4265625 0.004166666666666667 0.003125
0 0.303125 0.42421875 0.0020833333333333333 0.0015625
0 0.38333333333333336 0.12421875 0.016666666666666666 0.0078125
0 0.971875 0.08984375 0.0020833333333333333 0.0015625
0 0.9677083333333333 0.08984375 0.0020833333333333333 0.0015625
0 0.9979166666666667 0.07265625 0.004166666666666667 0.0015625
0 0.36354166666666665 0.06796875 0.00625 0.0046875
0 0.35208333333333336 0.05859375 0.004166666666666667 0.0015625
0 0.33645833333333336 0.05546875 0.0020833333333333333 0.0015625
0 0.7104166666666667 0.04765625 0.004166666666666667 0.0015625
0 0.51875 0.03984375 0.008333333333333333 0.0046875
0 0.3614583333333333 0.028125 0.010416666666666666 0.00625
0 0.896875 0.021875 0.0020833333333333333 0.003125
0 0.4947916666666667 0.00390625 0.0020833333333333333 0.0015625
0 0.9604166666666667 0.00078125 0.004166666666666667 0.0015625
0 0.8916666666666667 0.00859375 0.020833333333333332 0.0171875
0 0.6604166666666667 0.00703125 0.025 0.0140625
0 0.615625 0.00078125 0.00625 0.0015625
0 0.49270833333333336 0.00078125 0.0020833333333333333 0.0015625
0 0.478125 0.00234375 0.014583333333333334 0.0046875
1 0.8729166666666667 0.9953125 0.0125 0.009375
1 0.9958333333333333 0.94609375 0.008333333333333333 0.0078125
1 0.9947916666666666 0.934375 0.00625 0.00625
1 0.76875 0.921875 0.004166666666666667 0.00625
1 0.7739583333333333 0.91640625 0.0020833333333333333 0.0015625
1 0.7822916666666667 0.9140625 0.010416666666666666 0.00625
1 0.871875 0.86796875 0.0020833333333333333 0.0015625
1 0.8489583333333334 0.87109375 0.0020833333333333333 0.0078125
1 0.846875 0.859375 0.0020833333333333333 0.0125
1 0.8666666666666667 0.8453125 0.004166666666666667 0.003125
1 0.871875 0.83828125 0.0020833333333333333 0.0015625
1 0.8666666666666667 0.8359375 0.004166666666666667 0.00625
1 0.9260416666666667 0.82578125 0.0020833333333333333 0.0015625
1 0.8364583333333333 0.8265625 0.0020833333333333333 0.003125
1 0.878125 0.81796875 0.0020833333333333333 0.0015625
1 0.8760416666666667 0.81484375 0.0020833333333333333 0.0015625
1 0.8489583333333334 0.80703125 0.0020833333333333333 0.0015625
1 0.2552083333333333 0.79453125 0.0020833333333333333 0.0015625
1 0.059375 0.79453125 0.0020833333333333333 0.0015625
1 0.06354166666666666 0.79296875 0.0020833333333333333 0.0015625
1 0.85 0.89453125 0.3 0.2109375
1 0.303125 0.78046875 0.010416666666666666 0.0015625
1 0.078125 0.78984375 0.027083333333333334 0.0203125
1 0.29270833333333335 0.77890625 0.0020833333333333333 0.0015625
1 0.3177083333333333 0.77734375 0.03125 0.0046875
1 0.09895833333333333 0.77734375 0.0020833333333333333 0.0078125
1 0.084375 0.7703125 0.0020833333333333333 0.003125
1 0.3489583333333333 0.76171875 0.0020833333333333333 0.0015625
1 0.9979166666666667 0.759375 0.004166666666666667 0.003125
1 0.9916666666666667 0.7546875 0.004166666666666667 0.009375
1 0.9979166666666667 0.75234375 0.004166666666666667 0.0078125
1 0.10104166666666667 0.75 0.06875 0.05
1 0.990625 0.72890625 0.01875 0.0109375
1 0.134375 0.72265625 0.0020833333333333333 0.0015625
1 0.13645833333333332 0.71640625 0.0020833333333333333 0.0015625
1 0.109375 0.71484375 0.0020833333333333333 0.0015625
1 0.978125 0.7140625 0.01875 0.00625
1 0.440625 0.7109375 0.0020833333333333333 0.003125
1 0.103125 0.7140625 0.06875 0.034375
1 0.08541666666666667 0.69609375 0.004166666666666667 0.0015625
1 0.09270833333333334 0.69453125 0.00625 0.0015625
1 0.128125 0.6921875 0.010416666666666666 0.003125
1 0.103125 0.69140625 0.0020833333333333333 0.0015625
1 0.13229166666666667 0.6875 0.0020833333333333333 0.003125
1 0.13020833333333334 0.67890625 0.0020833333333333333 0.0078125
1 0.43854166666666666 0.68828125 0.035416666666666666 0.0296875
1 0.03333333333333333 0.6734375 0.004166666666666667 0.003125
1 0.4197916666666667 0.66953125 0.0020833333333333333 0.0015625
1 0.4197916666666667 0.66640625 0.0020833333333333333 0.0015625
1 0.4197916666666667 0.66328125 0.0020833333333333333 0.0015625
1 0.4197916666666667 0.66015625 0.0020833333333333333 0.0015625
1 0.065625 0.65078125 0.0020833333333333333 0.0015625
1 0.13229166666666667 0.64921875 0.0020833333333333333 0.0015625
1 0.20625 0.6484375 0.0125 0.003125
1 0.065625 0.64765625 0.0020833333333333333 0.0015625
1 0.16875 0.646875 0.0375 0.034375
1 0.3572916666666667 0.6359375 0.014583333333333334 0.01875
1 0.140625 0.62421875 0.0020833333333333333 0.0015625
1 0.234375 0.61640625 0.0020833333333333333 0.0015625
1 0.14375 0.61640625 0.004166666666666667 0.0046875
1 0.196875 0.60078125 0.0020833333333333333 0.0015625
1 0.540625 0.58984375 0.0020833333333333333 0.0015625
1 0.47708333333333336 0.59140625 0.020833333333333332 0.0109375
1 0.33125 0.58828125 0.016666666666666666 0.0078125
1 0.36770833333333336 0.57265625 0.0020833333333333333 0.0015625
1 0.409375 0.55546875 0.0020833333333333333 0.0015625
1 0.43020833333333336 0.56328125 0.03958333333333333 0.0203125
1 0.5052083333333334 0.54609375 0.0020833333333333333 0.0015625
1 0.08645833333333333 0.54453125 0.0020833333333333333 0.0015625
1 0.43333333333333335 0.54375 0.0125 0.0125
1 0.7822916666666667 0.53203125 0.0020833333333333333 0.0015625
1 0.409375 0.5296875 0.01875 0.0125
1 0.8208333333333333 0.5234375 0.004166666666666667 0.003125
1 0.8302083333333333 0.5234375 0.014583333333333334 0.0125
1 0.7989583333333333 0.51484375 0.0020833333333333333 0.0015625
1 0.7916666666666666 0.52265625 0.016666666666666666 0.0203125
1 0.23854166666666668 0.51015625 0.0020833333333333333 0.0015625
1 0.24375 0.5078125 0.004166666666666667 0.003125
1 0.3885416666666667 0.50390625 0.00625 0.0015625
1 0.41354166666666664 0.4953125 0.0020833333333333333 0.003125
1 0.5052083333333334 0.49921875 0.03958333333333333 0.0140625
1 0.5322916666666667 0.49140625 0.0020833333333333333 0.0015625
1 0.528125 0.49140625 0.0020833333333333333 0.0015625
1 0.45625 0.49921875 0.020833333333333332 0.0171875
1 0.4583333333333333 0.51640625 0.1 0.0546875
1 0.5635416666666667 0.48828125 0.0020833333333333333 0.0015625
1 0.5385416666666667 0.4890625 0.00625 0.003125
1 0.4739583333333333 0.4921875 0.014583333333333334 0.009375
1 0.4635416666666667 0.48828125 0.0020833333333333333 0.0015625
1 0.41354166666666664 0.48828125 0.0020833333333333333 0.0015625
1 0.5510416666666667 0.48671875 0.0020833333333333333 0.0015625
1 0.446875 0.48671875 0.0020833333333333333 0.0015625
1 0.4375 0.4875 0.004166666666666667 0.003125
1 0.45729166666666665 0.48515625 0.0020833333333333333 0.0015625
1 0.41354166666666664 0.48359375 0.0020833333333333333 0.0015625
1 0.26979166666666665 0.48203125 0.0020833333333333333 0.0015625
1 0.4635416666666667 0.48125 0.00625 0.009375
1 0.453125 0.47734375 0.0020833333333333333 0.0015625
1 0.37395833333333334 0.4875 0.05625 0.03125
1 0.453125 0.46953125 0.010416666666666666 0.0109375
1 0.446875 0.46171875 0.0020833333333333333 0.0015625
1 0.4427083333333333 0.45625 0.0020833333333333333 0.003125
1 0.3 0.62421875 0.5791666666666667 0.3421875
1 0.3385416666666667 0.45078125 0.0020833333333333333 0.0015625
1 0.678125 0.44765625 0.0020833333333333333 0.0015625
1 0.3541666666666667 0.45 0.020833333333333332 0.0125
1 0.32708333333333334 0.4453125 0.004166666666666667 0.003125
1 0.6802083333333333 0.44296875 0.0020833333333333333 0.0015625
1 0.43020833333333336 0.44375 0.00625 0.003125
1 0.384375 0.44765625 0.035416666666666666 0.0109375
1 0.7395833333333334 0.47734375 0.09583333333333334 0.0734375
1 0.334375 0.43984375 0.0020833333333333333 0.0015625
1 0.834375 0.4578125 0.06875 0.040625
1 0.9645833333333333 0.41640625 0.004166666666666667 0.0015625
1 0.94375 0.41640625 0.004166666666666667 0.0046875
1 0.9020833333333333 0.4265625 0.07083333333333333 0.025
1 0.9375 0.4125 0.004166666666666667 0.003125
1 0.44166666666666665 0.32734375 0.03333333333333333 0.0171875
1 0.346875 0.215625 0.0020833333333333333 0.003125
1 0.478125 0.20703125 0.0020833333333333333 0.0015625
1 0.365625 0.2140625 0.03125 0.021875
1 0.4822916666666667 0.20234375 0.0020833333333333333 0.0015625
1 0.3885416666666667 0.20078125 0.0020833333333333333 0.0015625
1 0.384375 0.20078125 0.0020833333333333333 0.0015625
1 0.471875 0.20234375 0.00625 0.0078125
1 0.37083333333333335 0.19375 0.004166666666666667 0.003125
1 0.5833333333333334 0.19921875 0.0375 0.0203125
1 0.34479166666666666 0.18828125 0.0020833333333333333 0.0015625
1 0.33541666666666664 0.18359375 0.004166666666666667 0.0046875
1 0.6020833333333333 0.18046875 0.004166666666666667 0.0046875
1 0.6822916666666666 0.17109375 0.0020833333333333333 0.0015625
1 0.3260416666666667 0.16171875 0.0020833333333333333 0.0015625
1 0.35104166666666664 0.16953125 0.03958333333333333 0.0390625
1 0.8010416666666667 0.14921875 0.0020833333333333333 0.0015625
1 0.434375 0.14921875 0.0020833333333333333 0.0015625
1 0.790625 0.14765625 0.0020833333333333333 0.0015625
1 0.4375 0.146875 0.004166666666666667 0.00625
1 0.7927083333333333 0.14296875 0.0020833333333333333 0.0015625
1 0.853125 0.1375 0.0020833333333333333 0.003125
1 0.4895833333333333 0.1328125 0.004166666666666667 0.003125
1 0.24479166666666666 0.12890625 0.0020833333333333333 0.0015625
1 0.259375 0.1234375 0.00625 0.00625
1 0.39375 0.12109375 0.008333333333333333 0.0078125
1 0.24270833333333333 0.11796875 0.0020833333333333333 0.0015625
1 0.3614583333333333 0.11640625 0.0020833333333333333 0.0015625
1 0.25104166666666666 0.1140625 0.010416666666666666 0.009375
1 0.2875 0.11015625 0.004166666666666667 0.0046875
1 0.26979166666666665 0.10859375 0.0020833333333333333 0.0015625
1 0.15416666666666667 0.1140625 0.020833333333333332 0.0125
1 0.2947916666666667 0.10859375 0.00625 0.0046875
1 0.21145833333333333 0.10546875 0.0020833333333333333 0.0015625
1 0.20520833333333333 0.10546875 0.0020833333333333333 0.0015625
1 0.215625 0.10390625 0.0020833333333333333 0.0015625
1 0.328125 0.10234375 0.0020833333333333333 0.0015625
1 0.32395833333333335 0.10234375 0.0020833333333333333 0.0015625
1 0.21979166666666666 0.09921875 0.0020833333333333333 0.0015625
1 0.209375 0.09375 0.00625 0.00625
1 0.275 0.09375 0.008333333333333333 0.0125
1 0.215625 0.07890625 0.0020833333333333333 0.0015625
1 0.22291666666666668 0.06875 0.004166666666666667 0.00625
1 0.21979166666666666 0.0625 0.0020833333333333333 0.003125
1 0.128125 0.0578125 0.010416666666666666 0.003125
1 0.13020833333333334 0.04609375 0.0020833333333333333 0.0015625
1 0.13020833333333334 0.04296875 0.0020833333333333333 0.0015625
1 0.12604166666666666 0.03046875 0.0020833333333333333 0.0015625
1 0.5385416666666667 0.03359375 0.03125 0.0171875
1 0.24270833333333333 0.02109375 0.0020833333333333333 0.0015625
1 0.7416666666666667 0.0125 0.008333333333333333 0.00625
1 0.7520833333333333 0.00390625 0.004166666666666667 0.0078125
1 0.6895833333333333 0.003125 0.020833333333333332 0.00625
1 0.6083333333333333 0.11015625 0.7833333333333333 0.2203125
1 0.16041666666666668 0.04921875 0.12083333333333333 0.0984375
2 0.9947916666666666 0.93671875 0.0020833333333333333 0.0015625
2 0.871875 0.86796875 0.0020833333333333333 0.0015625
2 0.8666666666666667 0.8453125 0.004166666666666667 0.003125
2 0.8666666666666667 0.8359375 0.004166666666666667 0.00625
2 0.8572916666666667 0.85234375 0.027083333333333334 0.0796875
2 0.853125 0.903125 0.29375 0.19375
2 0.8979166666666667 0.80234375 0.004166666666666667 0.0046875
2 0.8802083333333334 0.80234375 0.00625 0.0046875
2 0.07708333333333334 0.78515625 0.008333333333333333 0.0109375
2 0.09895833333333333 0.7796875 0.0020833333333333333 0.003125
2 0.11770833333333333 0.76328125 0.0020833333333333333 0.0015625
2 0.11145833333333334 0.759375 0.014583333333333334 0.0125
2 0.9979166666666667 0.753125 0.004166666666666667 0.003125
2 0.084375 0.7375 0.01875 0.0125
2 0.06979166666666667 0.72734375 0.0020833333333333333 0.0015625
2 0.9958333333333333 0.72734375 0.008333333333333333 0.0046875
2 0.19895833333333332 0.70234375 0.0020833333333333333 0.0015625
2 0.128125 0.715625 0.01875 0.03125
2 0.23854166666666668 0.69609375 0.0020833333333333333 0.0015625
2 0.03125 0.66328125 0.004166666666666667 0.0015625
2 0.23645833333333333 0.65703125 0.0020833333333333333 0.0015625
2 0.059375 0.6484375 0.0020833333333333333 0.003125
2 0.09895833333333333 0.64296875 0.0020833333333333333 0.0015625
2 0.05416666666666667 0.63046875 0.004166666666666667 0.0078125
2 0.27395833333333336 0.56484375 0.0020833333333333333 0.0015625
2 0.14895833333333333 0.51796875 0.0020833333333333333 0.0015625
2 0.14375 0.5171875 0.004166666666666667 0.003125
2 0.16041666666666668 0.51015625 0.0125 0.0078125
2 0.13541666666666666 0.5015625 0.004166666666666667 0.003125
2 0.4822916666666667 0.5015625 0.06458333333333334 0.0125
2 0.43854166666666666 0.49140625 0.00625 0.0046875
2 0.46458333333333335 0.48515625 0.008333333333333333 0.0109375
2 0.7479166666666667 0.47734375 0.004166666666666667 0.0015625
2 0.45625 0.475 0.004166666666666667 0.003125
2 0.7802083333333333 0.46953125 0.0020833333333333333 0.0015625
2 0.7322916666666667 0.471875 0.014583333333333334 0.00625
2 0.45 0.46640625 0.004166666666666667 0.0046875
2 0.8197916666666667 0.46484375 0.00625 0.0046875
2 0.71875 0.465625 0.0125 0.00625
2 0.446875 0.46171875 0.0020833333333333333 0.0015625
2 0.771875 0.46015625 0.00625 0.0046875
2 0.703125 0.4578125 0.00625 0.003125
2 0.4427083333333333 0.4578125 0.0020833333333333333 0.003125
2 0.765625 0.4515625 0.0020833333333333333 0.003125
2 0.8427083333333333 0.45078125 0.022916666666666665 0.0078125
2 0.678125 0.44765625 0.0020833333333333333 0.0015625
2 0.8708333333333333 0.4390625 0.020833333333333332 0.009375
2 0.8947916666666667 0.43125 0.00625 0.003125
2 0.3020833333333333 0.61015625 0.5708333333333333 0.3703125
2 0.303125 0.42421875 0.0020833333333333333 0.0015625
2 0.9229166666666667 0.4203125 0.04583333333333333 0.015625
2 0.38645833333333335 0.21015625 0.0020833333333333333 0.0015625
2 0.36770833333333336 0.21328125 0.022916666666666665 0.0109375
2 0.390625 0.20625 0.0020833333333333333 0.003125
2 0.371875 0.20546875 0.0020833333333333333 0.0015625
2 0.37604166666666666 0.20390625 0.0020833333333333333 0.0015625
2 0.40520833333333334 0.2078125 0.027083333333333334 0.01875
2 0.590625 0.20078125 0.01875 0.0109375
2 0.4010416666666667 0.19609375 0.0020833333333333333 0.0015625
2 0.37083333333333335 0.19375 0.004166666666666667 0.003125
2 0.603125 0.16640625 0.0020833333333333333 0.0015625
2 0.690625 0.16484375 0.0020833333333333333 0.0015625
2 0.7020833333333333 0.16328125 0.004166666666666667 0.0046875
2 0.8229166666666666 0.13359375 0.008333333333333333 0.0140625
2 0.840625 0.11640625 0.0020833333333333333 0.0015625
2 0.16041666666666668 0.115625 0.008333333333333333 0.00625
2 0.9302083333333333 0.121875 0.035416666666666666 0.028125
2 0.28854166666666664 0.10859375 0.0020833333333333333 0.0015625
2 0.29270833333333335 0.10703125 0.0020833333333333333 0.0015625
2 0.20520833333333333 0.10546875 0.0020833333333333333 0.0015625
2 0.28541666666666665 0.1046875 0.004166666666666667 0.003125
2 0.2520833333333333 0.09375 0.004166666666666667 0.003125
2 0.20833333333333334 0.09375 0.008333333333333333 0.00625
2 0.27395833333333336 0.08828125 0.0020833333333333333 0.0015625
2 0.18125 0.09296875 0.0125 0.0109375
2 0.28229166666666666 0.08671875 0.0020833333333333333 0.0015625
2 0.184375 0.08203125 0.0020833333333333333 0.0015625
2 0.23854166666666668 0.07890625 0.0020833333333333333 0.0046875
2 0.184375 0.07734375 0.0020833333333333333 0.0015625
2 0.19270833333333334 0.07734375 0.010416666666666666 0.0078125
2 0.21979166666666666 0.06171875 0.0020833333333333333 0.0015625
2 0.23229166666666667 0.06015625 0.0020833333333333333 0.0015625
2 0.22395833333333334 0.06015625 0.0020833333333333333 0.0046875
2 0.14479166666666668 0.03046875 0.0020833333333333333 0.0046875
2 0.20729166666666668 0.02890625 0.00625 0.0078125
2 0.6166666666666667 0.00078125 0.008333333333333333 0.0015625
2 0.6 0.1015625 0.8 0.203125
2 0.16458333333333333 0.0421875 0.1125 0.084375
