0 0.4197916666666667 0.7 0.01875 0.009375
0 0.8947916666666667 0.63046875 0.0020833333333333333 0.0015625
0 0.8822916666666667 0.6375 0.05625 0.0625
0 0.45625 0.6109375 0.008333333333333333 0.009375
0 0.4635416666666667 0.60078125 0.00625 0.0078125
0 0.8677083333333333 0.59296875 0.0020833333333333333 0.0015625
0 0.42916666666666664 0.59765625 0.03333333333333333 0.0171875
0 0.8697916666666666 0.5890625 0.0020833333333333333 0.003125
0 0.421875 0.5828125 0.00625 0.003125
0 0.8885416666666667 0.57265625 0.0020833333333333333 0.0015625
0 0.85 0.57421875 0.016666666666666666 0.0109375
0 0.396875 0.56796875 0.0020833333333333333 0.0046875
0 0.8645833333333334 0.565625 0.004166666666666667 0.003125
0 0.8322916666666667 0.56484375 0.014583333333333334 0.0109375
0 0.865625 0.559375 0.00625 0.00625
0 0.496875 0.65078125 0.13958333333333334 0.1890625
0 0.46145833333333336 0.5546875 0.027083333333333334 0.009375
0 0.4166666666666667 0.54921875 0.008333333333333333 0.0046875
0 0.36875 0.55546875 0.05 0.0171875
0 0.9385416666666667 0.57421875 0.12291666666666666 0.0671875
0 0.21354166666666666 0.52265625 0.0020833333333333333 0.0015625
0 0.40520833333333334 0.521875 0.010416666666666666 0.0125
0 0.221875 0.51640625 0.0020833333333333333 0.0015625
0 0.38645833333333335 0.521875 0.014583333333333334 0.025
0 0.23333333333333334 0.51015625 0.008333333333333333 0.0046875
0 0.40729166666666666 0.50703125 0.0020833333333333333 0.0015625
0 0.8552083333333333 0.50625 0.00625 0.009375
0 0.33541666666666664 0.49609375 0.004166666666666667 0.0015625
0 0.9739583333333334 0.51875 0.052083333333333336 0.053125
0 0.34270833333333334 0.49296875 0.014583333333333334 0.0078125
0 0.28541666666666665 0.49609375 0.06666666666666667 0.0140625
0 0.94375 0.4859375 0.020833333333333332 0.009375
0 0.9041666666666667 0.47421875 0.008333333333333333 0.0046875
0 0.84375 0.471875 0.008333333333333333 0.00625
0 0.89375 0.48515625 0.075 0.0546875
0 0.7895833333333333 0.48359375 0.125 0.0890625
0 0.803125 0.42265625 0.0020833333333333333 0.0015625
0 0.15625 0.4203125 0.004166666666666667 0.003125
0 0.7385416666666667 0.41328125 0.0020833333333333333 0.0015625
0 0.35833333333333334 0.46875 0.17916666666666667 0.128125
0 0.728125 0.421875 0.12708333333333333 0.040625
0 0.6572916666666667 0.40234375 0.014583333333333334 0.0015625
0 0.6291666666666667 0.41640625 0.04583333333333333 0.0328125
0 0.7645833333333333 0.396875 0.008333333333333333 0.00625
0 0.16354166666666667 0.3921875 0.00625 0.003125
0 0.740625 0.38828125 0.01875 0.0140625
0 0.15104166666666666 0.3765625 0.010416666666666666 0.00625
0 0.7197916666666667 0.3734375 0.022916666666666665 0.00625
0 0.6583333333333333 0.38515625 0.05 0.0296875
0 0.784375 0.371875 0.03125 0.03125
0 0.975 0.3671875 0.05 0.03125
0 0.14479166666666668 0.36171875 0.027083333333333334 0.0203125
0 0.7822916666666667 0.3484375 0.00625 0.003125
0 0.042708333333333334 0.34140625 0.0020833333333333333 0.0015625
0 0.825 0.3453125 0.016666666666666666 0.015625
0 0.7958333333333333 0.340625 0.008333333333333333 0.00625
0 0.846875 0.34453125 0.01875 0.0234375
0 0.784375 0.33359375 0.0020833333333333333 0.0015625
0 0.83125 0.32421875 0.004166666666666667 0.0015625
0 0.8114583333333333 0.3234375 0.00625 0.003125
0 0.796875 0.32265625 0.0020833333333333333 0.0015625
0 0.027083333333333334 0.321875 0.004166666666666667 0.003125
0 0.36770833333333336 0.31953125 0.0020833333333333333 0.0015625
0 0.11145833333333334 0.31796875 0.0020833333333333333 0.0015625
0 0.042708333333333334 0.32265625 0.022916666666666665 0.0109375
0 0.17604166666666668 0.32578125 0.027083333333333334 0.0234375
0 0.096875 0.3171875 0.010416666666666666 0.0125
0 0.934375 0.31015625 0.0020833333333333333 0.0015625
0 0.9302083333333333 0.31015625 0.0020833333333333333 0.0015625
0 0.9427083333333334 0.31171875 0.010416666666666666 0.0109375
0 0.14166666666666666 0.3328125 0.06666666666666667 0.053125
0 0.0125 0.309375 0.008333333333333333 0.00625
0 0.5552083333333333 0.31171875 0.022916666666666665 0.0140625
0 0.03125 0.309375 0.004166666666666667 0.009375
0 0.28229166666666666 0.3046875 0.010416666666666666 0.00625
0 0.021875 0.30234375 0.00625 0.0015625
0 0.5510416666666667 0.3015625 0.00625 0.003125
0 0.058333333333333334 0.303125 0.020833333333333332 0.00625
0 0.39166666666666666 0.29921875 0.004166666666666667 0.0015625
0 0.3645833333333333 0.3 0.008333333333333333 0.00625
0 0.34479166666666666 0.30546875 0.022916666666666665 0.0171875
0 0.13020833333333334 0.29921875 0.0020833333333333333 0.0046875
0 0.10416666666666667 0.3 0.004166666666666667 0.00625
0 0.50625 0.3265625 0.0875 0.065625
0 0.9177083333333333 0.29375 0.00625 0.003125
0 0.9104166666666667 0.29296875 0.004166666666666667 0.0015625
0 0.915625 0.29140625 0.0020833333333333333 0.0015625
0 0.9197916666666667 0.28984375 0.0020833333333333333 0.0015625
0 0.925 0.28828125 0.004166666666666667 0.0015625
0 0.509375 0.2875 0.0020833333333333333 0.003125
0 0.653125 0.28515625 0.0020833333333333333 0.0015625
0 0.378125 0.28671875 0.00625 0.0046875
0 0.9125 0.284375 0.004166666666666667 0.003125
0 0.8958333333333334 0.28671875 0.025 0.0078125
0 0.9145833333333333 0.28046875 0.004166666666666667 0.0015625
0 0.059375 0.28828125 0.00625 0.0171875
0 0.928125 0.28125 0.00625 0.00625
0 0.9760416666666667 0.27734375 0.0020833333333333333 0.0015625
0 0.5760416666666667 0.278125 0.0020833333333333333 0.003125
0 0.6625 0.27734375 0.004166666666666667 0.0046875
0 0.9614583333333333 0.32734375 0.07708333333333334 0.1078125
0 0.971875 0.275 0.0020833333333333333 0.003125
0 0.85625 0.2734375 0.008333333333333333 0.003125
0 0.08541666666666667 0.27734375 0.0125 0.0109375
0 0.0625 0.275 0.008333333333333333 0.00625
0 0.6614583333333334 0.27109375 0.0020833333333333333 0.0015625
0 0.9260416666666667 0.26953125 0.0020833333333333333 0.0015625
0 0.9197916666666667 0.26796875 0.0020833333333333333 0.0046875
0 0.4635416666666667 0.27265625 0.035416666666666666 0.0234375
0 0.14791666666666667 0.2625 0.004166666666666667 0.003125
0 0.1875 0.25859375 0.008333333333333333 0.0109375
0 0.603125 0.25234375 0.0020833333333333333 0.0015625
0 0.909375 0.24609375 0.0020833333333333333 0.0015625
0 0.634375 0.24609375 0.0020833333333333333 0.0015625
0 0.41875 0.24609375 0.004166666666666667 0.0015625
0 0.23125 0.24921875 0.0125 0.0078125
0 0.90625 0.2625 0.0875 0.040625
0 0.6416666666666667 0.24296875 0.004166666666666667 0.0015625
0 0.40208333333333335 0.2453125 0.004166666666666667 0.009375
0 0.421875 0.23984375 0.0020833333333333333 0.0015625
0 0.9666666666666667 0.23671875 0.004166666666666667 0.0015625
0 0.915625 0.23046875 0.0020833333333333333 0.0015625
0 0.7239583333333334 0.23125 0.0020833333333333333 0.003125
0 0.37083333333333335 0.23359375 0.004166666666666667 0.0078125
0 0.96875 0.23046875 0.008333333333333333 0.0046875
0 0.95 0.22890625 0.004166666666666667 0.0015625
0 0.9166666666666666 0.2265625 0.008333333333333333 0.003125
0 0.5791666666666667 0.23671875 0.03333333333333333 0.0234375
0 0.959375 0.22578125 0.00625 0.0046875
0 0.978125 0.22265625 0.0020833333333333333 0.0015625
0 0.9802083333333333 0.21953125 0.0020833333333333333 0.0015625
0 0.9760416666666667 0.21953125 0.0020833333333333333 0.0015625
0 0.95625 0.2203125 0.004166666666666667 0.00625
0 0.559375 0.21875 0.0020833333333333333 0.003125
0 0.509375 0.21328125 0.0020833333333333333 0.0015625
0 0.035416666666666666 0.215625 0.004166666666666667 0.00625
0 0.49895833333333334 0.21171875 0.0020833333333333333 0.0015625
0 0.9552083333333333 0.2109375 0.0020833333333333333 0.003125
0 0.6322916666666667 0.21015625 0.0020833333333333333 0.0015625
0 0.571875 0.215625 0.014583333333333334 0.015625
0 0.5072916666666667 0.20703125 0.00625 0.0046875
0 0.19583333333333333 0.22578125 0.11666666666666667 0.0421875
0 0.165625 0.2078125 0.00625 0.00625
0 0.3854166666666667 0.221875 0.016666666666666666 0.0375
0 0.11354166666666667 0.20390625 0.0020833333333333333 0.0015625
0 0.6291666666666667 0.2046875 0.004166666666666667 0.00625
0 0.06770833333333333 0.20703125 0.00625 0.0109375
0 0.5572916666666666 0.2078125 0.00625 0.015625
0 0.29791666666666666 0.2015625 0.004166666666666667 0.003125
0 0.2375 0.2015625 0.008333333333333333 0.003125
0 0.09791666666666667 0.2015625 0.004166666666666667 0.003125
0 0.6260416666666667 0.19921875 0.0020833333333333333 0.0015625
0 0.3625 0.21171875 0.025 0.0265625
0 0.5114583333333333 0.19765625 0.0020833333333333333 0.0015625
0 0.35520833333333335 0.19765625 0.0020833333333333333 0.0015625
0 0.17395833333333333 0.20078125 0.010416666666666666 0.0078125
0 0.9822916666666667 0.234375 0.035416666666666666 0.078125
0 0.9520833333333333 0.19765625 0.0125 0.0046875
0 0.6239583333333333 0.19609375 0.0020833333333333333 0.0015625
0 0.325 0.20625 0.04583333333333333 0.021875
0 0.08854166666666667 0.19453125 0.0020833333333333333 0.0015625
0 0.09583333333333334 0.19296875 0.004166666666666667 0.0046875
0 0.5041666666666667 0.190625 0.004166666666666667 0.003125
0 0.2864583333333333 0.19296875 0.010416666666666666 0.0078125
0 0.030208333333333334 0.190625 0.0020833333333333333 0.003125
0 0.6875 0.1890625 0.004166666666666667 0.003125
0 0.07083333333333333 0.19140625 0.008333333333333333 0.0078125
0 0.2 0.19140625 0.016666666666666666 0.0109375
0 0.7052083333333333 0.18515625 0.0020833333333333333 0.0015625
0 0.6989583333333333 0.184375 0.00625 0.003125
0 0.509375 0.184375 0.0020833333333333333 0.003125
0 0.48125 0.21171875 0.05 0.0578125
0 0.9947916666666666 0.184375 0.010416666666666666 0.00625
0 0.49270833333333336 0.18046875 0.0020833333333333333 0.0015625
0 0.29791666666666666 0.18203125 0.008333333333333333 0.0078125
0 0.690625 0.17578125 0.0020833333333333333 0.0015625
0 0.5947916666666667 0.17265625 0.0020833333333333333 0.0015625
0 0.5395833333333333 0.175 0.008333333333333333 0.00625
0 0.07604166666666666 0.17265625 0.0020833333333333333 0.0015625
0 0.325 0.17890625 0.016666666666666666 0.0171875
0 0.1875 0.175 0.025 0.009375
0 0.01875 0.17265625 0.008333333333333333 0.0046875
0 0.30625 0.17265625 0.004166666666666667 0.0078125
0 0.11145833333333334 0.184375 0.03958333333333333 0.034375
0 0.036458333333333336 0.16484375 0.0020833333333333333 0.0015625
0 0.007291666666666667 0.16640625 0.014583333333333334 0.0078125
0 0.09270833333333334 0.16015625 0.0020833333333333333 0.0015625
0 0.16145833333333334 0.15390625 0.0020833333333333333 0.0015625
0 0.9958333333333333 0.15390625 0.008333333333333333 0.0046875
0 0.06875 0.1546875 0.004166666666666667 0.00625
0 0.057291666666666664 0.15234375 0.0020833333333333333 0.0015625
0 0.046875 0.15234375 0.0020833333333333333 0.0015625
0 0.003125 0.15234375 0.00625 0.0078125
0 0.334375 0.14140625 0.0020833333333333333 0.0015625
0 0.190625 0.14921875 0.052083333333333336 0.0171875
0 0.11770833333333333 0.14375 0.04791666666666667 0.0125
0 0.7364583333333333 0.13203125 0.0020833333333333333 0.0015625
0 0.9927083333333333 0.1328125 0.014583333333333334 0.009375
0 0.8822916666666667 0.12890625 0.010416666666666666 0.0046875
0 0.9895833333333334 0.12421875 0.004166666666666667 0.0015625
0 0.665625 0.121875 0.0020833333333333333 0.003125
0 0.6333333333333333 0.1203125 0.008333333333333333 0.00625
0 0.7822916666666667 0.115625 0.00625 0.003125
0 0.6708333333333333 0.1140625 0.004166666666666667 0.003125
0 0.7802083333333333 0.11171875 0.0020833333333333333 0.0015625
0 0.6489583333333333 0.1140625 0.00625 0.00625
0 0.6770833333333334 0.1109375 0.020833333333333332 0.009375
0 0.784375 0.2125 0.27708333333333335 0.215625
0 0.013541666666666667 0.10390625 0.0020833333333333333 0.0015625
0 0.7510416666666667 0.10078125 0.0020833333333333333 0.0015625
0 0.696875 0.10078125 0.0020833333333333333 0.0015625
0 0.68125 0.10234375 0.016666666666666666 0.0078125
0 0.7552083333333334 0.09765625 0.0020833333333333333 0.0015625
0 0.684375 0.09765625 0.0020833333333333333 0.0015625
0 0.165625 0.0984375 0.0020833333333333333 0.003125
0 0.775 0.0984375 0.008333333333333333 0.009375
0 0.4635416666666667 0.09921875 0.00625 0.0109375
0 0.6802083333333333 0.09296875 0.0020833333333333333 0.0015625
0 0.18645833333333334 0.08984375 0.0020833333333333333 0.0015625
0 0.171875 0.08984375 0.0020833333333333333 0.0015625
0 0.21354166666666666 0.08359375 0.0020833333333333333 0.0046875
0 0.5854166666666667 0.0796875 0.004166666666666667 0.003125
0 0.017708333333333333 0.0765625 0.00625 0.003125
0 0.7572916666666667 0.0828125 0.01875 0.021875
0 0.496875 0.07265625 0.0020833333333333333 0.0046875
0 0.7510416666666667 0.06953125 0.0020833333333333333 0.0015625
0 0.5291666666666667 0.07109375 0.008333333333333333 0.0078125
0 0.7427083333333333 0.06484375 0.0020833333333333333 0.0015625
0 0.740625 0.06171875 0.0020833333333333333 0.0015625
0 0.940625 0.05859375 0.00625 0.0046875
0 0.546875 0.05546875 0.0020833333333333333 0.0015625
0 0.6510416666666666 0.05078125 0.0020833333333333333 0.0015625
0 0.6052083333333333 0.04921875 0.0020833333333333333 0.0046875
0 0.16979166666666667 0.04765625 0.0020833333333333333 0.0015625
0 0.559375 0.0578125 0.03125 0.028125
0 0.16979166666666667 0.03671875 0.0020833333333333333 0.0015625
0 0.4864583333333333 0.03203125 0.0020833333333333333 0.0015625
0 0.434375 0.0296875 0.0020833333333333333 0.003125
0 0.971875 0.046875 0.035416666666666666 0.040625
0 0.9958333333333333 0.0265625 0.004166666666666667 0.003125
0 0.38645833333333335 0.02578125 0.0020833333333333333 0.0015625
0 0.43020833333333336 0.02421875 0.0020833333333333333 0.0015625
0 0.4708333333333333 0.0234375 0.029166666666666667 0.0125
0 0.7177083333333333 0.01484375 0.0020833333333333333 0.0015625
0 0.7135416666666666 0.01328125 0.0020833333333333333 0.0015625
0 0.878125 0.0125 0.00625 0.00625
0 0.6895833333333333 0.01484375 0.0125 0.0109375
0 0.40208333333333335 0.0078125 0.004166666666666667 0.003125
0 0.709375 0.0046875 0.010416666666666666 0.00625
0 0.8802083333333334 0.00234375 0.00625 0.0046875
0 0.7302083333333333 0.00390625 0.01875 0.0078125
0 0.7177083333333333 0.00078125 0.0020833333333333333 0.0015625
0 0.7010416666666667 0.00859375 0.022916666666666665 0.0171875
0 0.6625 0.0015625 0.008333333333333333 0.003125
0 0.5822916666666667 0.0125 0.04375 0.025
0 0.45729166666666665 0.00859375 0.03958333333333333 0.0171875
0 0.43125 0.00234375 0.008333333333333333 0.0046875
0 0.36666666666666664 0.00625 0.016666666666666666 0.0125
0 0.37604166666666666 0.09375 0.45208333333333334 0.1875
0 0.22395833333333334 0.00234375 0.00625 0.0046875
0 0.17291666666666666 0.0015625 0.016666666666666666 0.003125
0 0.0020833333333333333 0.00078125 0.004166666666666667 0.0015625
1 0.45729166666666665 0.72734375 0.0020833333333333333 0.0015625
1 0.5 0.73125 0.025 0.021875
1 0.5333333333333333 0.715625 0.0125 0.003125
1 0.521875 0.71484375 0.00625 0.0015625
1 0.546875 0.7140625 0.00625 0.00625
1 0.5104166666666666 0.71015625 0.004166666666666667 0.0015625
1 0.4375 0.71015625 0.004166666666666667 0.0015625
1 0.546875 0.70703125 0.0020833333333333333 0.0015625
1 0.425 0.70859375 0.0125 0.0046875
1 0.4125 0.7078125 0.008333333333333333 0.00625
1 0.575 0.69296875 0.004166666666666667 0.0046875
1 0.43020833333333336 0.690625 0.010416666666666666 0.003125
1 0.030208333333333334 0.68828125 0.0020833333333333333 0.0015625
1 0.4427083333333333 0.68671875 0.010416666666666666 0.0109375
1 0.5552083333333333 0.68046875 0.0020833333333333333 0.0015625
1 0.5302083333333333 0.67265625 0.0020833333333333333 0.0015625
1 0.4322916666666667 0.66484375 0.0020833333333333333 0.0015625
1 0.49375 0.6640625 0.0125 0.003125
1 0.42604166666666665 0.66171875 0.0020833333333333333 0.0015625
1 0.4635416666666667 0.64609375 0.0020833333333333333 0.0015625
1 0.8552083333333333 0.63671875 0.0020833333333333333 0.0015625
1 0.915625 0.63046875 0.0020833333333333333 0.0015625
1 0.44166666666666665 0.634375 0.008333333333333333 0.015625
1 0.915625 0.62578125 0.0020833333333333333 0.0015625
1 0.903125 0.62578125 0.0020833333333333333 0.0015625
1 0.8510416666666667 0.62421875 0.0020833333333333333 0.0015625
1 0.934375 0.62265625 0.0020833333333333333 0.0015625
1 0.9166666666666666 0.62109375 0.004166666666666667 0.0015625
1 0.8927083333333333 0.62109375 0.0020833333333333333 0.0015625
1 0.5197916666666667 0.62109375 0.0020833333333333333 0.0015625
1 0.94375 0.62109375 0.008333333333333333 0.0046875
1 0.9364583333333333 0.61953125 0.0020833333333333333 0.0015625
1 0.440625 0.621875 0.0020833333333333333 0.00625
1 0.4354166666666667 0.621875 0.004166666666666667 0.00625
1 0.940625 0.61640625 0.0020833333333333333 0.0015625
1 0.96875 0.61484375 0.004166666666666667 0.0015625
1 0.9541666666666667 0.61640625 0.004166666666666667 0.0046875
1 0.9364583333333333 0.61484375 0.0020833333333333333 0.0015625
1 0.9114583333333334 0.61328125 0.0020833333333333333 0.0015625
1 0.8947916666666667 0.61328125 0.0020833333333333333 0.0015625
1 0.890625 0.6140625 0.0020833333333333333 0.003125
1 0.9979166666666667 0.61171875 0.004166666666666667 0.0015625
1 0.425 0.609375 0.004166666666666667 0.003125
1 0.896875 0.60703125 0.0020833333333333333 0.0015625
1 0.9427083333333334 0.609375 0.01875 0.009375
1 0.4510416666666667 0.60546875 0.0020833333333333333 0.0015625
1 0.4552083333333333 0.60234375 0.0020833333333333333 0.0015625
1 0.8489583333333334 0.6015625 0.0020833333333333333 0.003125
1 0.45729166666666665 0.59921875 0.0020833333333333333 0.0015625
1 0.446875 0.59921875 0.0020833333333333333 0.0015625
1 0.06979166666666667 0.59765625 0.0020833333333333333 0.0015625
1 0.45729166666666665 0.59609375 0.0020833333333333333 0.0015625
1 0.09895833333333333 0.59453125 0.0020833333333333333 0.0015625
1 0.4739583333333333 0.5921875 0.014583333333333334 0.00625
1 0.09375 0.58984375 0.004166666666666667 0.0015625
1 0.9760416666666667 0.60078125 0.035416666666666666 0.0265625
1 0.4864583333333333 0.58828125 0.0020833333333333333 0.0015625
1 0.4510416666666667 0.58515625 0.0020833333333333333 0.0015625
1 0.43125 0.58515625 0.008333333333333333 0.0046875
1 0.853125 0.58203125 0.0020833333333333333 0.0015625
1 0.846875 0.58046875 0.0020833333333333333 0.0015625
1 0.46875 0.58671875 0.029166666666666667 0.0140625
1 0.4395833333333333 0.58125 0.008333333333333333 0.003125
1 0.8625 0.58359375 0.008333333333333333 0.0109375
1 0.4041666666666667 0.58984375 0.016666666666666666 0.0234375
1 0.8364583333333333 0.57578125 0.0020833333333333333 0.0015625
1 0.42604166666666665 0.5765625 0.014583333333333334 0.003125
1 0.828125 0.575 0.00625 0.003125
1 0.459375 0.57578125 0.0020833333333333333 0.0046875
1 0.4635416666666667 0.57265625 0.0020833333333333333 0.0015625
1 0.3958333333333333 0.57421875 0.004166666666666667 0.0046875
1 0.46770833333333334 0.57109375 0.0020833333333333333 0.0015625
1 0.8208333333333333 0.57109375 0.004166666666666667 0.0046875
1 0.4479166666666667 0.5703125 0.004166666666666667 0.003125
1 0.43645833333333334 0.56796875 0.0020833333333333333 0.0015625
1 0.45 0.56640625 0.004166666666666667 0.0046875
1 0.46145833333333336 0.56328125 0.0020833333333333333 0.0015625
1 0.3927083333333333 0.56171875 0.0020833333333333333 0.0015625
1 0.846875 0.56015625 0.0020833333333333333 0.0015625
1 0.41875 0.5578125 0.004166666666666667 0.003125
1 0.3302083333333333 0.57109375 0.022916666666666665 0.0296875
1 0.35208333333333336 0.553125 0.004166666666666667 0.003125
1 0.3572916666666667 0.55078125 0.0020833333333333333 0.0015625
1 0.9833333333333333 0.5515625 0.03333333333333333 0.009375
1 0.37395833333333334 0.54765625 0.0020833333333333333 0.0015625
1 0.42291666666666666 0.54296875 0.004166666666666667 0.0015625
1 0.409375 0.5609375 0.027083333333333334 0.0375
1 0.8291666666666667 0.54140625 0.004166666666666667 0.0015625
1 0.7822916666666667 0.54140625 0.0020833333333333333 0.0015625
1 0.9364583333333333 0.53515625 0.00625 0.0015625
1 0.9458333333333333 0.5359375 0.008333333333333333 0.00625
1 0.7916666666666666 0.53203125 0.004166666666666667 0.0015625
1 0.778125 0.53046875 0.0020833333333333333 0.0015625
1 0.7552083333333334 0.53046875 0.0020833333333333333 0.0015625
1 0.7645833333333333 0.52890625 0.004166666666666667 0.0015625
1 0.4114583333333333 0.5328125 0.0020833333333333333 0.009375
1 0.8052083333333333 0.52890625 0.014583333333333334 0.0046875
1 0.45208333333333334 0.5375 0.020833333333333332 0.028125
1 0.4010416666666667 0.51953125 0.0020833333333333333 0.0015625
1 0.7197916666666667 0.51796875 0.0020833333333333333 0.0015625
1 0.446875 0.5140625 0.00625 0.00625
1 0.43854166666666666 0.50546875 0.0020833333333333333 0.0015625
1 0.9260416666666667 0.5109375 0.027083333333333334 0.021875
1 0.7197916666666667 0.5078125 0.00625 0.015625
1 0.41354166666666664 0.50234375 0.00625 0.0046875
1 0.396875 0.5 0.014583333333333334 0.01875
1 0.8520833333333333 0.52890625 0.09583333333333334 0.0796875
1 0.7239583333333334 0.49296875 0.00625 0.0078125
1 0.425 0.4921875 0.008333333333333333 0.00625
1 0.3885416666666667 0.48984375 0.0020833333333333333 0.0015625
1 0.7322916666666667 0.484375 0.0020833333333333333 0.003125
1 0.7104166666666667 0.48046875 0.004166666666666667 0.0015625
1 0.9729166666666667 0.4828125 0.0125 0.015625
1 0.7229166666666667 0.47578125 0.020833333333333332 0.0078125
1 0.6875 0.4734375 0.004166666666666667 0.003125
1 0.8375 0.46640625 0.008333333333333333 0.0109375
1 0.853125 0.4671875 0.010416666666666666 0.015625
1 0.3489583333333333 0.4828125 0.07291666666666667 0.046875
1 0.396875 0.45703125 0.0020833333333333333 0.0015625
1 0.9614583333333333 0.45703125 0.010416666666666666 0.0140625
1 0.8927083333333333 0.44140625 0.0020833333333333333 0.0015625
1 0.7375 0.43984375 0.004166666666666667 0.0046875
1 0.7010416666666667 0.45625 0.06458333333333334 0.0375
1 0.353125 0.43828125 0.0020833333333333333 0.0015625
1 0.34791666666666665 0.4375 0.004166666666666667 0.003125
1 0.34270833333333334 0.43515625 0.0020833333333333333 0.0015625
1 0.5614583333333333 0.4328125 0.00625 0.009375
1 0.325 0.42578125 0.004166666666666667 0.0015625
1 0.8302083333333333 0.42734375 0.010416666666666666 0.0078125
1 0.9864583333333333 0.43671875 0.027083333333333334 0.0296875
1 0.31354166666666666 0.41953125 0.0020833333333333333 0.0015625
1 0.11354166666666667 0.421875 0.00625 0.00625
1 0.5947916666666667 0.41796875 0.0020833333333333333 0.0015625
1 0.609375 0.41484375 0.0020833333333333333 0.0015625
1 0.5864583333333333 0.41484375 0.00625 0.0046875
1 0.5947916666666667 0.41328125 0.00625 0.0046875
1 0.29791666666666666 0.41171875 0.008333333333333333 0.0046875
1 0.2989583333333333 0.4296875 0.07291666666666667 0.040625
1 0.10729166666666666 0.41015625 0.0020833333333333333 0.0015625
1 0.15520833333333334 0.41015625 0.00625 0.0046875
1 0.540625 0.41953125 0.08125 0.0265625
1 0.615625 0.4078125 0.00625 0.00625
1 0.178125 0.39765625 0.0020833333333333333 0.0015625
1 0.6208333333333333 0.39921875 0.008333333333333333 0.0078125
1 0.7802083333333333 0.39375 0.00625 0.00625
1 0.6302083333333334 0.39140625 0.00625 0.0046875
1 0.234375 0.38515625 0.0020833333333333333 0.0015625
1 0.8770833333333333 0.4171875 0.11666666666666667 0.071875
1 0.2375 0.3953125 0.058333333333333334 0.028125
1 0.20520833333333333 0.38046875 0.0020833333333333333 0.0015625
1 0.640625 0.38125 0.014583333333333334 0.00625
1 0.20104166666666667 0.37890625 0.0020833333333333333 0.0015625
1 0.8364583333333333 0.3765625 0.010416666666666666 0.003125
1 0.6510416666666666 0.37578125 0.0020833333333333333 0.0015625
1 0.646875 0.37578125 0.0020833333333333333 0.0015625
1 0.7541666666666667 0.38046875 0.025 0.0140625
1 0.7416666666666667 0.375 0.004166666666666667 0.003125
1 0.16145833333333334 0.3734375 0.0020833333333333333 0.003125
1 0.09479166666666666 0.37265625 0.0020833333333333333 0.0015625
1 0.6572916666666667 0.37265625 0.00625 0.0046875
1 0.07291666666666667 0.37265625 0.004166666666666667 0.0046875
1 0.7520833333333333 0.36953125 0.008333333333333333 0.0015625
1 0.7447916666666666 0.36953125 0.0020833333333333333 0.0015625
1 0.6635416666666667 0.36953125 0.0020833333333333333 0.0015625
1 0.66875 0.36796875 0.004166666666666667 0.0015625
1 0.18958333333333333 0.36796875 0.004166666666666667 0.0015625
1 0.7677083333333333 0.36875 0.0020833333333333333 0.00625
1 0.18229166666666666 0.36640625 0.0020833333333333333 0.0015625
1 0.7541666666666667 0.365625 0.004166666666666667 0.003125
1 0.696875 0.36484375 0.0020833333333333333 0.0015625
1 0.6833333333333333 0.365625 0.020833333333333332 0.003125
1 0.746875 0.36328125 0.0020833333333333333 0.0015625
1 0.7135416666666666 0.36640625 0.027083333333333334 0.0078125
1 0.3072916666666667 0.36328125 0.0020833333333333333 0.0015625
1 0.5416666666666666 0.3609375 0.004166666666666667 0.003125
1 0.5364583333333334 0.36015625 0.0020833333333333333 0.0015625
1 0.8583333333333333 0.36796875 0.0125 0.0234375
1 0.171875 0.36484375 0.04375 0.0203125
1 0.029166666666666667 0.35546875 0.004166666666666667 0.0015625
1 0.35520833333333335 0.35390625 0.0020833333333333333 0.0015625
1 0.18229166666666666 0.35625 0.00625 0.00625
1 0.026041666666666668 0.34765625 0.0020833333333333333 0.0015625
1 0.33229166666666665 0.35703125 0.052083333333333336 0.0234375
1 0.340625 0.34296875 0.0020833333333333333 0.0015625
1 0.18229166666666666 0.3421875 0.0020833333333333333 0.003125
1 0.5072916666666667 0.33984375 0.0020833333333333333 0.0015625
1 0.17395833333333333 0.34453125 0.010416666666666666 0.0109375
1 0.08229166666666667 0.340625 0.014583333333333334 0.00625
1 0.490625 0.33203125 0.0020833333333333333 0.0015625
1 0.18854166666666666 0.33359375 0.0020833333333333333 0.0046875
1 0.5072916666666667 0.33125 0.0020833333333333333 0.003125
1 0.296875 0.33828125 0.05625 0.0171875
1 0.035416666666666666 0.33515625 0.016666666666666666 0.0140625
1 0.509375 0.32734375 0.0020833333333333333 0.0015625
1 0.49583333333333335 0.32734375 0.004166666666666667 0.0015625
1 0.68125 0.33984375 0.04583333333333333 0.0296875
1 0.19270833333333334 0.32578125 0.0020833333333333333 0.0015625
1 0.00625 0.334375 0.0125 0.01875
1 0.07395833333333333 0.32421875 0.0020833333333333333 0.0015625
1 0.6510416666666666 0.33125 0.03125 0.01875
1 0.4822916666666667 0.32265625 0.0020833333333333333 0.0015625
1 0.315625 0.32265625 0.0020833333333333333 0.0015625
1 0.115625 0.3234375 0.00625 0.003125
1 0.5520833333333334 0.32109375 0.004166666666666667 0.0015625
1 0.478125 0.32109375 0.0020833333333333333 0.0015625
1 0.18645833333333334 0.32109375 0.0020833333333333333 0.0015625
1 0.6572916666666667 0.31953125 0.0020833333333333333 0.0015625
1 0.31354166666666666 0.31953125 0.0020833333333333333 0.0015625
1 0.34270833333333334 0.31875 0.014583333333333334 0.003125
1 0.09583333333333334 0.3703125 0.11666666666666667 0.10625
1 0.33645833333333336 0.31640625 0.00625 0.0015625
1 0.321875 0.3171875 0.00625 0.009375
1 0.31354166666666666 0.31484375 0.00625 0.0046875
1 0.103125 0.31328125 0.0020833333333333333 0.0015625
1 0.309375 0.3125 0.0020833333333333333 0.003125
1 0.890625 0.35703125 0.08541666666666667 0.0953125
1 0.3302083333333333 0.3109375 0.0020833333333333333 0.003125
1 0.05520833333333333 0.3140625 0.014583333333333334 0.009375
1 0.2916666666666667 0.31015625 0.008333333333333333 0.0046875
1 0.10625 0.309375 0.004166666666666667 0.003125
1 0.021875 0.31328125 0.010416666666666666 0.0109375
1 0.0020833333333333333 0.309375 0.004166666666666667 0.003125
1 0.5875 0.3546875 0.12083333333333333 0.096875
1 0.0375 0.30859375 0.004166666666666667 0.0046875
1 0.359375 0.3078125 0.010416666666666666 0.00625
1 0.296875 0.30546875 0.0020833333333333333 0.0015625
1 0.6979166666666666 0.3046875 0.004166666666666667 0.003125
1 0.309375 0.3046875 0.0020833333333333333 0.003125
1 0.390625 0.3046875 0.014583333333333334 0.00625
1 0.19791666666666666 0.30390625 0.004166666666666667 0.0046875
1 0.371875 0.30078125 0.0020833333333333333 0.0015625
1 0.0020833333333333333 0.303125 0.004166666666666667 0.00625
1 0.371875 0.29765625 0.0020833333333333333 0.0015625
1 0.284375 0.29765625 0.0020833333333333333 0.0015625
1 0.27708333333333335 0.2984375 0.008333333333333333 0.003125
1 0.03854166666666667 0.29765625 0.0020833333333333333 0.0015625
1 0.011458333333333333 0.29765625 0.0020833333333333333 0.0015625
1 0.625 0.29765625 0.004166666666666667 0.0046875
1 0.46041666666666664 0.29765625 0.008333333333333333 0.0046875
1 0.2947916666666667 0.3 0.010416666666666666 0.009375
1 0.030208333333333334 0.2984375 0.014583333333333334 0.00625
1 0.35208333333333336 0.29453125 0.004166666666666667 0.0015625
1 0.22395833333333334 0.29453125 0.0020833333333333333 0.0015625
1 0.2125 0.296875 0.008333333333333333 0.00625
1 0.09791666666666667 0.29609375 0.004166666666666667 0.0046875
1 0.04791666666666667 0.296875 0.004166666666666667 0.00625
1 0.015625 0.296875 0.00625 0.00625
1 0.06770833333333333 0.29296875 0.0020833333333333333 0.0015625
1 0.63125 0.2921875 0.004166666666666667 0.003125
1 0.5947916666666667 0.2921875 0.0020833333333333333 0.003125
1 0.4354166666666667 0.2921875 0.004166666666666667 0.003125
1 0.09583333333333334 0.29140625 0.004166666666666667 0.0015625
1 0.08645833333333333 0.29140625 0.0020833333333333333 0.0015625
1 0.06354166666666666 0.2921875 0.0020833333333333333 0.003125
1 0.5020833333333333 0.29296875 0.008333333333333333 0.0078125
1 0.35833333333333334 0.28984375 0.004166666666666667 0.0015625
1 0.21145833333333333 0.2921875 0.00625 0.00625
1 0.009375 0.290625 0.00625 0.003125
1 0.4822916666666667 0.28671875 0.0020833333333333333 0.0015625
1 0.07291666666666667 0.2890625 0.008333333333333333 0.00625
1 0.009375 0.28671875 0.0020833333333333333 0.0015625
1 0.7510416666666667 0.28515625 0.0020833333333333333 0.0015625
1 0.21666666666666667 0.2875 0.008333333333333333 0.00625
1 0.022916666666666665 0.2875 0.008333333333333333 0.00625
1 0.578125 0.28359375 0.0020833333333333333 0.0015625
1 0.3927083333333333 0.28359375 0.0020833333333333333 0.0015625
1 0.3572916666666667 0.28359375 0.0020833333333333333 0.0015625
1 0.04479166666666667 0.28359375 0.0020833333333333333 0.0015625
1 0.035416666666666666 0.2890625 0.004166666666666667 0.0125
1 0.010416666666666666 0.28359375 0.004166666666666667 0.0015625
1 0.015625 0.28203125 0.0020833333333333333 0.0015625
1 0.171875 0.28046875 0.0020833333333333333 0.0015625
1 0.05 0.2859375 0.008333333333333333 0.0125
1 0.042708333333333334 0.28046875 0.0020833333333333333 0.0015625
1 0.33229166666666665 0.27890625 0.0020833333333333333 0.0015625
1 0.171875 0.27734375 0.0020833333333333333 0.0015625
1 0.10104166666666667 0.27421875 0.0020833333333333333 0.0015625
1 0.030208333333333334 0.265625 0.022916666666666665 0.0125
1 0.48020833333333335 0.25703125 0.0020833333333333333 0.0015625
1 0.475 0.25703125 0.004166666666666667 0.0015625
1 0.4552083333333333 0.2578125 0.022916666666666665 0.009375
1 0.43854166666666666 0.2546875 0.00625 0.003125
1 0.459375 0.25234375 0.0020833333333333333 0.0015625
1 0.15416666666666667 0.2546875 0.008333333333333333 0.00625
1 0.009375 0.253125 0.00625 0.003125
1 0.005208333333333333 0.24921875 0.0020833333333333333 0.0015625
1 0.13229166666666667 0.28125 0.06875 0.06875
1 0.4479166666666667 0.24765625 0.0125 0.0046875
1 0.4322916666666667 0.24609375 0.0020833333333333333 0.0078125
1 0.9552083333333333 0.23828125 0.0020833333333333333 0.0015625
1 0.46041666666666664 0.23671875 0.004166666666666667 0.0046875
1 0.840625 0.23515625 0.0020833333333333333 0.0046875
1 0.14895833333333333 0.23828125 0.014583333333333334 0.0109375
1 0.8885416666666667 0.24375 0.035416666666666666 0.025
1 0.20833333333333334 0.278125 0.0875 0.09375
1 0.010416666666666666 0.2375 0.020833333333333332 0.025
1 0.24479166666666666 0.22421875 0.0020833333333333333 0.0015625
1 0.13333333333333333 0.22265625 0.0125 0.0046875
1 0.13020833333333334 0.21953125 0.0020833333333333333 0.0015625
1 0.6166666666666667 0.25390625 0.075 0.0734375
1 0.5229166666666667 0.2671875 0.1125 0.103125
1 0.203125 0.21796875 0.00625 0.0078125
1 0.028125 0.215625 0.00625 0.003125
1 0.784375 0.2875 0.16875 0.15
1 0.159375 0.21640625 0.014583333333333334 0.0078125
1 0.103125 0.21171875 0.00625 0.0046875
1 0.13645833333333332 0.2078125 0.00625 0.009375
1 0.6427083333333333 0.20234375 0.0020833333333333333 0.0015625
1 0.215625 0.20234375 0.0020833333333333333 0.0015625
1 0.21145833333333333 0.20234375 0.0020833333333333333 0.0015625
1 0.15625 0.20234375 0.008333333333333333 0.0046875
1 0.646875 0.19921875 0.0020833333333333333 0.0015625
1 0.065625 0.19921875 0.0020833333333333333 0.0015625
1 0.4552083333333333 0.19765625 0.0020833333333333333 0.0015625
1 0.540625 0.196875 0.027083333333333334 0.0125
1 0.671875 0.18828125 0.0020833333333333333 0.0015625
1 0.35520833333333335 0.1921875 0.014583333333333334 0.009375
1 0.103125 0.1890625 0.0020833333333333333 0.003125
1 0.04583333333333333 0.1875 0.004166666666666667 0.003125
1 0.0375 0.1875 0.004166666666666667 0.003125
1 0.671875 0.18515625 0.0020833333333333333 0.0015625
1 0.19791666666666666 0.184375 0.004166666666666667 0.003125
1 0.08229166666666667 0.18359375 0.014583333333333334 0.0078125
1 0.18854166666666666 0.18515625 0.01875 0.0140625
1 0.0625 0.22578125 0.125 0.0953125
1 0.34791666666666665 0.23828125 0.23333333333333334 0.1234375
1 0.06041666666666667 0.17734375 0.008333333333333333 0.0046875
1 0.0020833333333333333 0.1734375 0.004166666666666667 0.003125
1 0.909375 0.17109375 0.0020833333333333333 0.0015625
1 0.5302083333333333 0.16953125 0.0020833333333333333 0.0015625
1 0.425 0.203125 0.07916666666666666 0.075
1 0.08854166666666667 0.1703125 0.00625 0.009375
1 0.030208333333333334 0.16640625 0.00625 0.0046875
1 0.023958333333333335 0.16484375 0.0020833333333333333 0.0015625
1 0.5354166666666667 0.16328125 0.020833333333333332 0.0078125
1 0.13020833333333334 0.1703125 0.04375 0.0375
1 0.3177083333333333 0.1625 0.03125 0.025
1 0.21666666666666667 0.165625 0.029166666666666667 0.03125
1 0.15104166666666666 0.14765625 0.0020833333333333333 0.0015625
1 0.0875 0.1421875 0.004166666666666667 0.003125
1 0.10729166666666666 0.13671875 0.0020833333333333333 0.0015625
1 0.103125 0.1375 0.0020833333333333333 0.003125
1 0.14479166666666668 0.13515625 0.0020833333333333333 0.0015625
1 0.13645833333333332 0.13359375 0.0020833333333333333 0.0015625
1 0.11145833333333334 0.13046875 0.0020833333333333333 0.0015625
1 0.11770833333333333 0.13203125 0.010416666666666666 0.0078125
1 0.16145833333333334 0.13046875 0.027083333333333334 0.0109375
1 0.5614583333333333 0.12265625 0.00625 0.0015625
1 0.5760416666666667 0.1203125 0.0020833333333333333 0.003125
1 0.017708333333333333 0.11484375 0.0020833333333333333 0.0015625
1 0.021875 0.11328125 0.0020833333333333333 0.0015625
1 0.103125 0.115625 0.00625 0.009375
1 0.015625 0.11171875 0.0020833333333333333 0.0015625
1 0.07604166666666666 0.11484375 0.0020833333333333333 0.0140625
1 0.471875 0.1125 0.014583333333333334 0.0125
1 0.096875 0.1078125 0.0020833333333333333 0.003125
1 0.44375 0.11640625 0.0375 0.0296875
1 0.153125 0.11328125 0.022916666666666665 0.0234375
1 0.04375 0.1359375 0.0875 0.071875
1 0.4510416666666667 0.096875 0.00625 0.00625
1 0.007291666666666667 0.103125 0.014583333333333334 0.01875
1 0.08229166666666667 0.1109375 0.03125 0.040625
1 0.22708333333333333 0.09609375 0.03333333333333333 0.0265625
1 0.35520833333333335 0.0890625 0.01875 0.01875
1 0.05520833333333333 0.07890625 0.0020833333333333333 0.0015625
1 0.42291666666666666 0.07890625 0.025 0.0078125
1 0.3 0.07890625 0.03333333333333333 0.0078125
1 0.071875 0.07734375 0.01875 0.0078125
1 0.06145833333333333 0.07421875 0.0020833333333333333 0.0015625
1 0.08229166666666667 0.06953125 0.010416666666666666 0.0046875
1 0.12395833333333334 0.0671875 0.00625 0.003125
1 0.07604166666666666 0.06640625 0.0020833333333333333 0.0015625
1 0.140625 0.0734375 0.027083333333333334 0.021875
1 0.08229166666666667 0.0640625 0.00625 0.003125
1 0.14270833333333333 0.05546875 0.0020833333333333333 0.0015625
1 0.078125 0.0578125 0.010416666666666666 0.00625
1 0.15104166666666666 0.05390625 0.0020833333333333333 0.0015625
1 0.16145833333333334 0.05625 0.014583333333333334 0.0125
1 0.051041666666666666 0.05859375 0.03958333333333333 0.0265625
1 0.578125 0.04453125 0.0020833333333333333 0.0046875
1 0.021875 0.04296875 0.0020833333333333333 0.0015625
1 0.015625 0.03671875 0.0020833333333333333 0.0015625
1 0.56875 0.0359375 0.004166666666666667 0.003125
1 0.023958333333333335 0.065625 0.04791666666666667 0.0625
1 0.013541666666666667 0.03359375 0.0020833333333333333 0.0015625
1 0.8260416666666667 0.02109375 0.0020833333333333333 0.0015625
1 0.06041666666666667 0.02578125 0.029166666666666667 0.0109375
1 0.23020833333333332 0.02890625 0.022916666666666665 0.0265625
1 0.08229166666666667 0.01640625 0.00625 0.0015625
1 0.029166666666666667 0.0203125 0.008333333333333333 0.009375
1 0.784375 0.01015625 0.0020833333333333333 0.0015625
1 0.41770833333333335 0.015625 0.01875 0.01875
1 0.796875 0.00546875 0.0020833333333333333 0.0015625
1 0.18854166666666666 0.00859375 0.00625 0.0078125
1 0.17395833333333333 0.00546875 0.0020833333333333333 0.0015625
1 0.011458333333333333 0.01484375 0.022916666666666665 0.0203125
1 0.34479166666666666 0.00390625 0.0020833333333333333 0.0015625
1 0.184375 0.00390625 0.0020833333333333333 0.0015625
1 0.8635416666666667 0.00625 0.014583333333333334 0.0125
1 0.8260416666666667 0.11796875 0.34791666666666665 0.2359375
1 0.575 0.10625 0.21666666666666667 0.2125
1 0.3927083333333333 0.00078125 0.0020833333333333333 0.0015625
1 0.3875 0.0046875 0.0125 0.009375
1 0.35208333333333336 0.0015625 0.004166666666666667 0.003125
1 0.15833333333333333 0.0078125 0.025 0.015625
1 0.125 0.03125 0.075 0.0625
1 0.05625 0.00546875 0.04583333333333333 0.0109375
2 0.48020833333333335 0.71953125 0.0020833333333333333 0.0015625
2 0.4479166666666667 0.715625 0.004166666666666667 0.003125
2 0.5010416666666667 0.70703125 0.0020833333333333333 0.0015625
2 0.465625 0.71015625 0.014583333333333334 0.0078125
2 0.48125 0.72109375 0.05 0.0484375
2 0.5270833333333333 0.70546875 0.04583333333333333 0.0234375
2 0.571875 0.69453125 0.00625 0.0109375
2 0.5677083333333334 0.68671875 0.0020833333333333333 0.0015625
2 0.559375 0.68515625 0.0020833333333333333 0.0015625
2 0.5635416666666667 0.68203125 0.00625 0.0078125
2 0.4375 0.69375 0.06666666666666667 0.0375
2 0.428125 0.66015625 0.0020833333333333333 0.0015625
2 0.503125 0.66640625 0.06875 0.0328125
2 0.521875 0.6484375 0.014583333333333334 0.00625
2 0.4625 0.64921875 0.008333333333333333 0.0078125
2 0.4395833333333333 0.653125 0.029166666666666667 0.028125
2 0.9072916666666667 0.6390625 0.0020833333333333333 0.003125
2 0.5541666666666667 0.65625 0.020833333333333332 0.040625
2 0.5395833333333333 0.64609375 0.0125 0.0203125
2 0.546875 0.63046875 0.0020833333333333333 0.0015625
2 0.903125 0.628125 0.00625 0.00625
2 0.54375 0.6265625 0.004166666666666667 0.003125
2 0.534375 0.6296875 0.00625 0.009375
2 0.5197916666666667 0.62109375 0.0020833333333333333 0.0015625
2 0.4427083333333333 0.628125 0.00625 0.015625
2 0.94375 0.6203125 0.004166666666666667 0.003125
2 0.9364583333333333 0.61953125 0.0020833333333333333 0.0015625
2 0.459375 0.61953125 0.0020833333333333333 0.0015625
2 0.43645833333333334 0.6203125 0.0020833333333333333 0.003125
2 0.940625 0.61640625 0.0020833333333333333 0.0015625
2 0.5197916666666667 0.61171875 0.0020833333333333333 0.0015625
2 0.453125 0.6109375 0.0020833333333333333 0.00625
2 0.4583333333333333 0.6078125 0.004166666666666667 0.003125
2 0.940625 0.60859375 0.022916666666666665 0.0078125
2 0.43645833333333334 0.60390625 0.0020833333333333333 0.0015625
2 0.446875 0.603125 0.010416666666666666 0.00625
2 0.42916666666666664 0.603125 0.008333333333333333 0.00625
2 0.5302083333333333 0.60078125 0.00625 0.0109375
2 0.4864583333333333 0.58828125 0.0020833333333333333 0.0015625
2 0.490625 0.58671875 0.0020833333333333333 0.0015625
2 0.8010416666666667 0.53046875 0.010416666666666666 0.0015625
2 0.7791666666666667 0.53046875 0.004166666666666667 0.0015625
2 0.384375 0.53046875 0.0020833333333333333 0.0015625
2 0.3927083333333333 0.53046875 0.0020833333333333333 0.0046875
2 0.809375 0.52734375 0.0020833333333333333 0.0015625
2 0.21354166666666666 0.52265625 0.0020833333333333333 0.0015625
2 0.7260416666666667 0.52265625 0.00625 0.0046875
2 0.40208333333333335 0.56015625 0.15 0.0890625
2 0.22083333333333333 0.5171875 0.004166666666666667 0.003125
2 0.7197916666666667 0.51484375 0.0020833333333333333 0.0015625
2 0.4322916666666667 0.515625 0.0020833333333333333 0.003125
2 0.7197916666666667 0.5109375 0.0020833333333333333 0.003125
2 0.23020833333333332 0.5109375 0.0020833333333333333 0.003125
2 0.43854166666666666 0.50546875 0.0020833333333333333 0.0015625
2 0.3802083333333333 0.50390625 0.0020833333333333333 0.0015625
2 0.27708333333333335 0.50234375 0.004166666666666667 0.0015625
2 0.721875 0.503125 0.0020833333333333333 0.00625
2 0.33541666666666664 0.49609375 0.004166666666666667 0.0015625
2 0.3072916666666667 0.49453125 0.0020833333333333333 0.0015625
2 0.303125 0.49453125 0.0020833333333333333 0.0015625
2 0.284375 0.49609375 0.035416666666666666 0.0109375
2 0.30104166666666665 0.48984375 0.0020833333333333333 0.0015625
2 0.3572916666666667 0.49453125 0.03958333333333333 0.0234375
2 0.37604166666666666 0.48046875 0.0020833333333333333 0.0015625
2 0.38125 0.4796875 0.004166666666666667 0.003125
2 0.42083333333333334 0.51171875 0.07083333333333333 0.0703125
2 0.365625 0.46484375 0.0020833333333333333 0.0015625
2 0.3302083333333333 0.47109375 0.035416666666666666 0.0171875
2 0.35833333333333334 0.459375 0.004166666666666667 0.003125
2 0.396875 0.45703125 0.0020833333333333333 0.0015625
2 0.38958333333333334 0.4515625 0.004166666666666667 0.003125
2 0.334375 0.44921875 0.0020833333333333333 0.0015625
2 0.3802083333333333 0.46171875 0.03958333333333333 0.0296875
2 0.653125 0.43828125 0.0020833333333333333 0.0015625
2 0.3416666666666667 0.44140625 0.041666666666666664 0.0109375
2 0.34270833333333334 0.43515625 0.0020833333333333333 0.0015625
2 0.32395833333333335 0.43515625 0.0020833333333333333 0.0015625
2 0.28020833333333334 0.41796875 0.0020833333333333333 0.0015625
2 0.11979166666666667 0.41796875 0.01875 0.0140625
2 0.5260416666666666 0.41875 0.035416666666666666 0.01875
2 0.578125 0.38671875 0.00625 0.0078125
2 0.2708333333333333 0.40859375 0.10833333333333334 0.0546875
2 0.21145833333333333 0.3828125 0.00625 0.003125
2 0.88125 0.371875 0.004166666666666667 0.003125
2 0.753125 0.36640625 0.0020833333333333333 0.0015625
2 0.5302083333333333 0.35859375 0.0020833333333333333 0.0015625
2 0.315625 0.359375 0.01875 0.00625
2 0.5239583333333333 0.35546875 0.00625 0.0046875
2 0.5395833333333333 0.35546875 0.0125 0.0109375
2 0.34479166666666666 0.35703125 0.022916666666666665 0.0140625
2 0.51875 0.35 0.004166666666666667 0.003125
2 0.884375 0.34765625 0.0020833333333333333 0.0015625
2 0.56875 0.36171875 0.016666666666666666 0.0296875
2 0.546875 0.34765625 0.0020833333333333333 0.0015625
2 0.5354166666666667 0.34765625 0.004166666666666667 0.0015625
2 0.5114583333333333 0.346875 0.0020833333333333333 0.003125
2 0.5135416666666667 0.34296875 0.0020833333333333333 0.0015625
2 0.509375 0.34296875 0.0020833333333333333 0.0015625
2 0.18229166666666666 0.34140625 0.0020833333333333333 0.0015625
2 0.5072916666666667 0.33984375 0.0020833333333333333 0.0015625
2 0.31145833333333334 0.33984375 0.027083333333333334 0.0078125
2 0.8979166666666667 0.33984375 0.016666666666666666 0.0109375
2 0.28854166666666664 0.33359375 0.022916666666666665 0.0046875
2 0.00625 0.33515625 0.0125 0.0171875
2 0.9104166666666667 0.33046875 0.008333333333333333 0.0109375
2 0.6645833333333333 0.3234375 0.004166666666666667 0.003125
2 0.315625 0.32265625 0.0020833333333333333 0.0015625
2 0.32395833333333335 0.32109375 0.0020833333333333333 0.0015625
2 0.8833333333333333 0.3171875 0.008333333333333333 0.003125
2 0.37395833333333334 0.31640625 0.0020833333333333333 0.0015625
2 0.359375 0.31640625 0.0020833333333333333 0.0015625
2 0.934375 0.31015625 0.0020833333333333333 0.0015625
2 0.9302083333333333 0.31015625 0.0020833333333333333 0.0015625
2 0.9239583333333333 0.31640625 0.010416666666666666 0.0140625
2 0.6166666666666667 0.34453125 0.06666666666666667 0.0703125
2 0.3302083333333333 0.3109375 0.0020833333333333333 0.003125
2 0.31145833333333334 0.31328125 0.010416666666666666 0.0078125
2 0.321875 0.3125 0.010416666666666666 0.009375
2 0.9385416666666667 0.30703125 0.00625 0.0046875
2 0.309375 0.30546875 0.0020833333333333333 0.0015625
2 0.6697916666666667 0.29921875 0.0020833333333333333 0.0015625
2 0.6645833333333333 0.3 0.004166666666666667 0.003125
2 0.8708333333333333 0.29921875 0.004166666666666667 0.0046875
2 0.6260416666666667 0.29765625 0.0020833333333333333 0.0015625
2 0.284375 0.3046875 0.01875 0.015625
2 0.9364583333333333 0.29609375 0.0020833333333333333 0.0015625
2 0.3927083333333333 0.3 0.014583333333333334 0.0125
2 0.928125 0.29296875 0.0020833333333333333 0.0015625
2 0.91875 0.29375 0.008333333333333333 0.003125
2 0.9104166666666667 0.29296875 0.004166666666666667 0.0015625
2 0.984375 0.3015625 0.03125 0.021875
2 0.9322916666666666 0.29140625 0.0020833333333333333 0.0015625
2 0.915625 0.29140625 0.0020833333333333333 0.0015625
2 0.08645833333333333 0.29140625 0.0020833333333333333 0.0015625
2 0.9197916666666667 0.28984375 0.0020833333333333333 0.0015625
2 0.9333333333333333 0.28828125 0.008333333333333333 0.0015625
2 0.925 0.28828125 0.004166666666666667 0.0015625
2 0.684375 0.3046875 0.04375 0.034375
2 0.9635416666666666 0.2875 0.00625 0.00625
2 0.011458333333333333 0.28359375 0.0020833333333333333 0.0015625
2 0.353125 0.30078125 0.03958333333333333 0.0390625
2 0.928125 0.28125 0.00625 0.00625
2 0.33229166666666665 0.27890625 0.0020833333333333333 0.0015625
2 0.896875 0.27734375 0.0020833333333333333 0.0015625
2 0.709375 0.27734375 0.0020833333333333333 0.0015625
2 0.6677083333333333 0.27734375 0.0020833333333333333 0.0015625
2 0.996875 0.27421875 0.0020833333333333333 0.0015625
2 0.9510416666666667 0.2765625 0.014583333333333334 0.009375
2 0.6614583333333334 0.271875 0.0020833333333333333 0.003125
2 0.41458333333333336 0.27578125 0.029166666666666667 0.0234375
2 0.9979166666666667 0.2671875 0.004166666666666667 0.009375
2 0.019791666666666666 0.25390625 0.0020833333333333333 0.0015625
2 0.010416666666666666 0.253125 0.004166666666666667 0.003125
2 0.35 0.25390625 0.025 0.0109375
2 0.865625 0.24765625 0.0020833333333333333 0.0015625
2 0.446875 0.24765625 0.0020833333333333333 0.0015625
2 0.871875 0.24453125 0.0020833333333333333 0.0015625
2 0.6822916666666666 0.26875 0.04375 0.05625
2 0.365625 0.23671875 0.0020833333333333333 0.0015625
2 0.728125 0.23828125 0.00625 0.0078125
2 0.8708333333333333 0.2328125 0.008333333333333333 0.00625
2 0.96875 0.23046875 0.008333333333333333 0.0046875
2 0.6697916666666667 0.23203125 0.0020833333333333333 0.0109375
2 0.665625 0.2296875 0.0020833333333333333 0.00625
2 0.008333333333333333 0.2390625 0.016666666666666666 0.025
2 0.959375 0.2265625 0.00625 0.003125
2 0.8916666666666667 0.22734375 0.004166666666666667 0.0046875
2 0.6322916666666667 0.25625 0.06458333333333334 0.0625
2 0.3 0.22734375 0.008333333333333333 0.0046875
2 0.5677083333333334 0.21953125 0.0020833333333333333 0.0015625
2 0.95625 0.2203125 0.004166666666666667 0.00625
2 0.8625 0.2203125 0.004166666666666667 0.00625
2 0.509375 0.21328125 0.0020833333333333333 0.0015625
2 0.46979166666666666 0.21171875 0.0020833333333333333 0.0015625
2 0.45729166666666665 0.2171875 0.010416666666666666 0.0125
2 0.9552083333333333 0.2109375 0.0020833333333333333 0.003125
2 0.9677083333333333 0.20859375 0.0020833333333333333 0.0015625
2 0.64375 0.21015625 0.008333333333333333 0.0046875
2 0.8364583333333333 0.20859375 0.0020833333333333333 0.0046875
2 0.653125 0.20546875 0.0020833333333333333 0.0015625
2 0.009375 0.20703125 0.010416666666666666 0.0046875
2 0.9802083333333333 0.2046875 0.00625 0.00625
2 0.6572916666666667 0.20078125 0.0020833333333333333 0.0015625
2 0.5239583333333333 0.20078125 0.0020833333333333333 0.0015625
2 0.003125 0.20234375 0.00625 0.0046875
2 0.48854166666666665 0.19296875 0.0020833333333333333 0.0015625
2 0.40729166666666666 0.19140625 0.0020833333333333333 0.0015625
2 0.503125 0.18984375 0.0020833333333333333 0.0015625
2 0.671875 0.18828125 0.0020833333333333333 0.0015625
2 0.671875 0.18515625 0.0020833333333333333 0.0015625
2 0.625 0.19765625 0.020833333333333332 0.0265625
2 0.49270833333333336 0.18046875 0.0020833333333333333 0.0015625
2 0.6677083333333333 0.17578125 0.0020833333333333333 0.0015625
2 0.8833333333333333 0.1734375 0.008333333333333333 0.003125
2 0.5385416666666667 0.175 0.00625 0.00625
2 0.9072916666666667 0.16484375 0.0020833333333333333 0.0015625
2 0.49895833333333334 0.16328125 0.0020833333333333333 0.0015625
2 0.86875 0.16328125 0.004166666666666667 0.0046875
2 0.665625 0.16328125 0.0020833333333333333 0.0078125
2 0.4552083333333333 0.18125 0.07708333333333334 0.05
2 0.9364583333333333 0.15234375 0.0020833333333333333 0.0015625
2 0.925 0.15078125 0.004166666666666667 0.0015625
2 0.665625 0.15078125 0.0020833333333333333 0.0015625
2 0.9322916666666666 0.14921875 0.0020833333333333333 0.0015625
2 0.7979166666666667 0.14765625 0.004166666666666667 0.0015625
2 0.640625 0.14140625 0.0020833333333333333 0.0015625
2 0.09895833333333333 0.13828125 0.0020833333333333333 0.0015625
2 0.10520833333333333 0.1375 0.00625 0.003125
2 0.11354166666666667 0.13515625 0.0020833333333333333 0.0015625
2 0.9833333333333333 0.12890625 0.004166666666666667 0.0015625
2 0.8947916666666667 0.12890625 0.0020833333333333333 0.0015625
2 0.9895833333333334 0.125 0.004166666666666667 0.003125
2 0.9833333333333333 0.12421875 0.004166666666666667 0.0046875
2 0.7135416666666666 0.11953125 0.0020833333333333333 0.0015625
2 0.7177083333333333 0.11875 0.0020833333333333333 0.003125
2 0.16770833333333332 0.11796875 0.0020833333333333333 0.0015625
2 0.159375 0.11796875 0.0020833333333333333 0.0015625
2 0.5364583333333334 0.11875 0.00625 0.00625
2 0.017708333333333333 0.11484375 0.0020833333333333333 0.0015625
2 0.3072916666666667 0.11328125 0.0020833333333333333 0.0015625
2 0.68125 0.11328125 0.008333333333333333 0.0046875
2 0.303125 0.11015625 0.0020833333333333333 0.0015625
2 0.553125 0.10703125 0.00625 0.0046875
2 0.384375 0.10234375 0.0020833333333333333 0.0015625
2 0.159375 0.109375 0.010416666666666666 0.015625
2 0.7510416666666667 0.10078125 0.0020833333333333333 0.0015625
2 0.7552083333333334 0.09765625 0.0020833333333333333 0.0015625
2 0.9364583333333333 0.103125 0.00625 0.025
2 0.18645833333333334 0.08984375 0.0020833333333333333 0.0015625
2 0.9979166666666667 0.08671875 0.004166666666666667 0.0015625
2 0.56875 0.08828125 0.004166666666666667 0.0046875
2 0.5760416666666667 0.07578125 0.0020833333333333333 0.0015625
2 0.809375 0.07421875 0.0020833333333333333 0.0015625
2 0.06145833333333333 0.07421875 0.0020833333333333333 0.0015625
2 0.7989583333333333 0.07265625 0.0020833333333333333 0.0015625
2 0.584375 0.090625 0.035416666666666666 0.0375
2 0.36354166666666665 0.07265625 0.0020833333333333333 0.0015625
2 0.06770833333333333 0.0734375 0.00625 0.003125
2 0.16979166666666667 0.071875 0.0020833333333333333 0.003125
2 0.553125 0.0703125 0.0020833333333333333 0.003125
2 0.15729166666666666 0.0703125 0.0020833333333333333 0.003125
2 0.8364583333333333 0.0671875 0.00625 0.003125
2 0.159375 0.06640625 0.0020833333333333333 0.0015625
2 0.07395833333333333 0.06640625 0.00625 0.0015625
2 0.13541666666666666 0.06484375 0.004166666666666667 0.0015625
2 0.8239583333333333 0.0609375 0.0020833333333333333 0.003125
2 0.61875 0.06484375 0.0125 0.0109375
2 0.057291666666666664 0.06484375 0.01875 0.0109375
2 0.0010416666666666667 0.0625 0.0020833333333333333 0.00625
2 0.5385416666666667 0.05859375 0.0020833333333333333 0.0015625
2 0.8125 0.0640625 0.020833333333333332 0.015625
2 0.13229166666666667 0.0578125 0.0020833333333333333 0.003125
2 0.775 0.05625 0.008333333333333333 0.009375
2 0.628125 0.05234375 0.00625 0.0015625
2 0.9666666666666667 0.0625 0.06666666666666667 0.025
2 0.8104166666666667 0.05234375 0.004166666666666667 0.0046875
2 0.2635416666666667 0.04765625 0.0020833333333333333 0.0015625
2 0.6052083333333333 0.05234375 0.014583333333333334 0.0140625
2 0.20104166666666667 0.04453125 0.0020833333333333333 0.0015625
2 0.6479166666666667 0.04765625 0.008333333333333333 0.0109375
2 0.578125 0.04453125 0.0020833333333333333 0.0046875
2 0.640625 0.04140625 0.0020833333333333333 0.0015625
2 0.6041666666666666 0.0421875 0.008333333333333333 0.003125
2 0.959375 0.0421875 0.0020833333333333333 0.00625
2 0.022916666666666665 0.0375 0.004166666666666667 0.003125
2 0.384375 0.0328125 0.014583333333333334 0.0125
2 0.63125 0.028125 0.004166666666666667 0.00625
2 0.4010416666666667 0.02265625 0.00625 0.0046875
2 0.8322916666666667 0.0203125 0.0020833333333333333 0.003125
2 0.778125 0.01796875 0.0020833333333333333 0.0015625
2 0.828125 0.015625 0.00625 0.003125
2 0.784375 0.01015625 0.0020833333333333333 0.0015625
2 0.8739583333333333 0.0265625 0.09791666666666667 0.053125
2 0.8177083333333334 0.00703125 0.010416666666666666 0.0140625
2 0.8052083333333333 0.00078125 0.0020833333333333333 0.0015625
2 0.7614583333333333 0.0015625 0.00625 0.003125
2 0.746875 0.00078125 0.0020833333333333333 0.0015625
2 0.7427083333333333 0.00078125 0.0020833333333333333 0.0015625
2 0.7177083333333333 0.00078125 0.0020833333333333333 0.0015625
2 0.709375 0.003125 0.010416666666666666 0.00625
2 0.8020833333333334 0.334375 0.3958333333333333 0.66875
2 0.35625 0.21171875 0.7125 0.4234375
2 0.17708333333333334 0.00078125 0.008333333333333333 0.0015625
2 0.16145833333333334 0.00078125 0.0020833333333333333 0.0015625
2 0.09791666666666667 0.034375 0.19583333333333333 0.06875
