0 0.340625 0.884375 0.03125 0.05
0 0.35 0.846875 0.004166666666666667 0.003125
0 0.621875 0.76171875 0.00625 0.0046875
0 0.5895833333333333 0.73671875 0.05 0.0390625
0 0.415625 0.746875 0.12291666666666666 0.225
0 0.32916666666666666 0.64375 0.0375 0.021875
0 0.603125 0.66328125 0.16875 0.0828125
0 0.4083333333333333 0.61796875 0.11666666666666667 0.0390625
0 0.5260416666666666 0.5890625 0.04791666666666667 0.0125
0 0.5635416666666667 0.5828125 0.00625 0.003125
0 0.5572916666666666 0.58203125 0.0020833333333333333 0.0015625
0 0.590625 0.57734375 0.0020833333333333333 0.0015625
1 0.28854166666666664 0.99609375 0.00625 0.0078125
1 0.45416666666666666 0.90703125 0.004166666666666667 0.0046875
1 0.4510416666666667 0.88828125 0.014583333333333334 0.0453125
1 0.821875 0.83671875 0.01875 0.0203125
1 0.79375 0.84375 0.041666666666666664 0.084375
1 0.6614583333333334 0.79765625 0.0020833333333333333 0.0015625
1 0.5927083333333333 0.74921875 0.0020833333333333333 0.0015625
1 0.6052083333333333 0.74140625 0.0020833333333333333 0.0015625
1 0.559375 0.72421875 0.0020833333333333333 0.0015625
1 0.5572916666666666 0.72109375 0.0020833333333333333 0.0015625
1 0.5552083333333333 0.71796875 0.0020833333333333333 0.0015625
1 0.5791666666666667 0.71796875 0.004166666666666667 0.0046875
1 0.575 0.71328125 0.004166666666666667 0.0046875
1 0.56875 0.7109375 0.004166666666666667 0.003125
1 0.7072916666666667 0.69609375 0.0020833333333333333 0.0015625
1 0.46145833333333336 0.696875 0.0020833333333333333 0.003125
1 0.703125 0.69453125 0.0020833333333333333 0.0015625
1 0.615625 0.6828125 0.00625 0.003125
1 0.47604166666666664 0.68046875 0.0020833333333333333 0.0015625
1 0.2552083333333333 0.67578125 0.0020833333333333333 0.0015625
1 0.5885416666666666 0.66796875 0.0020833333333333333 0.0015625
1 0.47604166666666664 0.6703125 0.00625 0.009375
1 0.303125 0.66328125 0.00625 0.0046875
1 0.48125 0.6609375 0.004166666666666667 0.003125
1 0.2760416666666667 0.6703125 0.035416666666666666 0.025
1 0.31979166666666664 0.65703125 0.0020833333333333333 0.0015625
1 0.32395833333333335 0.65546875 0.0020833333333333333 0.0015625
1 0.29270833333333335 0.65390625 0.00625 0.0046875
1 0.5552083333333333 0.64921875 0.0020833333333333333 0.0015625
1 0.3020833333333333 0.6484375 0.008333333333333333 0.00625
1 0.378125 0.63671875 0.0020833333333333333 0.0015625
1 0.575 0.63671875 0.008333333333333333 0.0046875
1 0.5239583333333333 0.6328125 0.00625 0.003125
1 0.46770833333333334 0.63203125 0.0020833333333333333 0.0015625
1 0.5489583333333333 0.62734375 0.0020833333333333333 0.0015625
1 0.5364583333333334 0.621875 0.00625 0.003125
1 0.5239583333333333 0.61640625 0.0020833333333333333 0.0015625
1 0.5197916666666667 0.61484375 0.0020833333333333333 0.0015625
1 0.5239583333333333 0.6640625 0.08541666666666667 0.1
1 0.43854166666666666 0.61640625 0.00625 0.0046875
1 0.515625 0.61328125 0.0020833333333333333 0.0015625
1 0.44479166666666664 0.6140625 0.0020833333333333333 0.003125
1 0.5114583333333333 0.60859375 0.0020833333333333333 0.0015625
1 0.459375 0.60859375 0.0020833333333333333 0.0015625
1 0.2916666666666667 0.61640625 0.016666666666666666 0.0171875
1 0.5166666666666667 0.59765625 0.004166666666666667 0.0015625
1 0.503125 0.59765625 0.0020833333333333333 0.0015625
1 0.2708333333333333 0.5984375 0.008333333333333333 0.003125
1 0.45729166666666665 0.59609375 0.0020833333333333333 0.0015625
1 0.5291666666666667 0.59453125 0.004166666666666667 0.0015625
1 0.540625 0.59296875 0.00625 0.0015625
1 0.465625 0.59296875 0.0020833333333333333 0.0015625
1 0.45729166666666665 0.59296875 0.0020833333333333333 0.0015625
1 0.4510416666666667 0.5953125 0.00625 0.00625
1 0.559375 0.58984375 0.0020833333333333333 0.0015625
1 0.4895833333333333 0.6078125 0.03333333333333333 0.04375
1 0.4270833333333333 0.590625 0.025 0.009375
1 0.25833333333333336 0.5875 0.004166666666666667 0.003125
1 0.58125 0.58671875 0.0125 0.0046875
1 0.5135416666666667 0.5859375 0.00625 0.003125
1 0.453125 0.58515625 0.0020833333333333333 0.0015625
1 0.44479166666666664 0.58515625 0.0020833333333333333 0.0015625
1 0.534375 0.58203125 0.0020833333333333333 0.0015625
1 0.5989583333333334 0.58046875 0.0020833333333333333 0.0015625
1 0.271875 0.5859375 0.01875 0.0125
1 0.6041666666666666 0.5796875 0.004166666666666667 0.003125
1 0.553125 0.57890625 0.0020833333333333333 0.0015625
1 0.5302083333333333 0.5765625 0.0020833333333333333 0.003125
1 0.6177083333333333 0.57421875 0.0020833333333333333 0.0015625
1 0.575 0.57421875 0.004166666666666667 0.0015625
1 0.590625 0.57109375 0.0020833333333333333 0.0015625
1 0.6260416666666667 0.56953125 0.0020833333333333333 0.0015625
1 0.60625 0.56796875 0.004166666666666667 0.0015625
1 0.6229166666666667 0.56484375 0.004166666666666667 0.0015625
