0 0.4864583333333333 0.73828125 0.0020833333333333333 0.0015625
0 0.46979166666666666 0.73671875 0.0020833333333333333 0.0015625
0 0.3885416666666667 0.728125 0.00625 0.00625
0 0.4510416666666667 0.69921875 0.0020833333333333333 0.0015625
0 0.47708333333333336 0.75078125 0.1 0.1328125
0 0.42604166666666665 0.68203125 0.0020833333333333333 0.0046875
0 0.4197916666666667 0.6609375 0.0020833333333333333 0.003125
0 0.4322916666666667 0.65078125 0.0020833333333333333 0.0015625
0 0.41354166666666664 0.64921875 0.0020833333333333333 0.0015625
0 0.39895833333333336 0.64140625 0.0020833333333333333 0.0015625
0 0.4114583333333333 0.6390625 0.0020833333333333333 0.003125
0 0.49270833333333336 0.6375 0.010416666666666666 0.003125
0 0.440625 0.6421875 0.010416666666666666 0.025
0 0.34270833333333334 0.6328125 0.03125 0.0125
0 0.39375 0.665625 0.03333333333333333 0.0875
0 0.41458333333333336 0.61484375 0.041666666666666664 0.0296875
0 0.40520833333333334 0.4828125 0.035416666666666666 0.159375
0 0.4166666666666667 0.38671875 0.016666666666666666 0.0390625
0 0.415625 0.353125 0.010416666666666666 0.021875
0 0.14270833333333333 0.30390625 0.0020833333333333333 0.0015625
0 0.140625 0.30078125 0.0020833333333333333 0.0015625
0 0.07708333333333334 0.27109375 0.004166666666666667 0.0015625
0 0.11875 0.278125 0.041666666666666664 0.01875
0 0.020833333333333332 0.25859375 0.004166666666666667 0.0015625
0 0.103125 0.25546875 0.00625 0.0046875
0 0.090625 0.25078125 0.00625 0.0046875
0 0.06041666666666667 0.23984375 0.004166666666666667 0.0015625
0 0.053125 0.23984375 0.00625 0.0046875
0 0.13958333333333334 0.22890625 0.004166666666666667 0.0015625
0 0.03229166666666667 0.23359375 0.022916666666666665 0.0140625
0 0.009375 0.22265625 0.010416666666666666 0.0046875
0 0.0010416666666666667 0.22109375 0.0020833333333333333 0.0015625
0 0.015625 0.1765625 0.00625 0.003125
0 0.0010416666666666667 0.17265625 0.0020833333333333333 0.0015625
0 0.12395833333333334 0.17265625 0.0020833333333333333 0.0046875
0 0.13229166666666667 0.14765625 0.0020833333333333333 0.0015625
0 0.565625 0.09140625 0.01875 0.0171875
0 0.5416666666666666 0.06640625 0.016666666666666666 0.0078125
0 0.5635416666666667 0.059375 0.00625 0.00625
0 0.5947916666666667 0.01484375 0.0020833333333333333 0.0015625
0 0.08645833333333333 0.04296875 0.03958333333333333 0.0578125
0 0.6020833333333333 0.04140625 0.12916666666666668 0.0828125
0 0.103125 0.01171875 0.06041666666666667 0.0234375
1 0.528125 0.80234375 0.0020833333333333333 0.0015625
1 0.5260416666666666 0.796875 0.0020833333333333333 0.00625
1 0.5229166666666667 0.78359375 0.004166666666666667 0.0140625
1 0.5197916666666667 0.76640625 0.0020833333333333333 0.0015625
1 0.5177083333333333 0.76171875 0.0020833333333333333 0.0046875
1 0.103125 0.76171875 0.00625 0.0046875
1 0.09895833333333333 0.75703125 0.0020833333333333333 0.0015625
1 0.09479166666666666 0.75546875 0.0020833333333333333 0.0015625
1 0.10520833333333333 0.75390625 0.0020833333333333333 0.0015625
1 0.09791666666666667 0.74765625 0.008333333333333333 0.0078125
1 0.5052083333333334 0.734375 0.00625 0.00625
1 0.08645833333333333 0.7359375 0.010416666666666666 0.0125
1 0.38958333333333334 0.74375 0.016666666666666666 0.03125
1 0.38229166666666664 0.728125 0.0020833333333333333 0.00625
1 0.39895833333333336 0.71640625 0.0020833333333333333 0.0015625
1 0.07291666666666667 0.71875 0.0125 0.015625
1 0.378125 0.71171875 0.0020833333333333333 0.0140625
1 0.4010416666666667 0.70546875 0.0020833333333333333 0.0078125
1 0.24479166666666666 0.70234375 0.0020833333333333333 0.0015625
1 0.053125 0.7078125 0.01875 0.0125
1 0.0375 0.703125 0.004166666666666667 0.003125
1 0.03854166666666667 0.69765625 0.010416666666666666 0.0046875
1 0.403125 0.6921875 0.0020833333333333333 0.009375
1 0.37395833333333334 0.68671875 0.0020833333333333333 0.0015625
1 0.240625 0.6828125 0.00625 0.003125
1 0.21354166666666666 0.68125 0.00625 0.003125
1 0.04375 0.68046875 0.004166666666666667 0.0015625
1 0.03125 0.67734375 0.004166666666666667 0.0015625
1 0.00625 0.671875 0.004166666666666667 0.003125
1 0.022916666666666665 0.6671875 0.004166666666666667 0.00625
1 0.2125 0.6671875 0.020833333333333332 0.0125
1 0.009375 0.66171875 0.00625 0.0046875
1 0.04375 0.66328125 0.004166666666666667 0.0109375
1 0.0010416666666666667 0.65859375 0.0020833333333333333 0.0015625
1 0.035416666666666666 0.6609375 0.004166666666666667 0.009375
1 0.040625 0.6546875 0.0020833333333333333 0.003125
1 0.378125 0.653125 0.0020833333333333333 0.003125
1 0.004166666666666667 0.65546875 0.008333333333333333 0.0078125
1 0.3802083333333333 0.64921875 0.0020833333333333333 0.0015625
1 0.30416666666666664 0.65390625 0.025 0.0140625
1 0.22604166666666667 0.65 0.014583333333333334 0.015625
1 0.4864583333333333 0.64140625 0.0020833333333333333 0.0015625
1 0.31979166666666664 0.63984375 0.0020833333333333333 0.0015625
1 0.5072916666666667 0.63828125 0.010416666666666666 0.0046875
1 0.45729166666666665 0.6375 0.010416666666666666 0.003125
1 0.34791666666666665 0.6375 0.004166666666666667 0.003125
1 0.321875 0.63671875 0.0020833333333333333 0.0015625
1 0.017708333333333333 0.6390625 0.00625 0.00625
1 0.009375 0.64609375 0.010416666666666666 0.0203125
1 0.5010416666666667 0.63359375 0.0020833333333333333 0.0015625
1 0.3541666666666667 0.63515625 0.004166666666666667 0.0046875
1 0.365625 0.63203125 0.00625 0.0015625
1 0.371875 0.63046875 0.0020833333333333333 0.0015625
1 0.384375 0.63125 0.0020833333333333333 0.00625
1 0.4635416666666667 0.62890625 0.04375 0.0078125
1 0.03958333333333333 0.6265625 0.004166666666666667 0.00625
1 0.3625 0.6234375 0.016666666666666666 0.003125
1 0.38645833333333335 0.62109375 0.0020833333333333333 0.0015625
1 0.37395833333333334 0.62109375 0.0020833333333333333 0.0015625
1 0.384375 0.61796875 0.0020833333333333333 0.0015625
1 0.06875 0.61640625 0.008333333333333333 0.0015625
1 0.390625 0.6109375 0.0020833333333333333 0.003125
1 0.434375 0.60546875 0.0020833333333333333 0.0015625
1 0.06458333333333334 0.60859375 0.029166666666666667 0.0109375
1 0.034375 0.6265625 0.027083333333333334 0.05625
1 0.38958333333333334 0.59765625 0.004166666666666667 0.0046875
1 0.017708333333333333 0.59609375 0.0020833333333333333 0.0046875
1 0.996875 0.5765625 0.00625 0.003125
1 0.40729166666666666 0.571875 0.0020833333333333333 0.00625
1 0.40520833333333334 0.5796875 0.03958333333333333 0.040625
1 0.38229166666666664 0.55859375 0.0020833333333333333 0.0015625
1 0.38645833333333335 0.55625 0.0020833333333333333 0.003125
1 0.3885416666666667 0.55 0.00625 0.003125
1 0.384375 0.54453125 0.0020833333333333333 0.0015625
1 0.37916666666666665 0.5390625 0.004166666666666667 0.003125
1 0.9677083333333333 0.53671875 0.0020833333333333333 0.0015625
1 0.41875 0.54296875 0.004166666666666667 0.0140625
1 0.365625 0.53984375 0.014583333333333334 0.0078125
1 0.4197916666666667 0.53359375 0.0020833333333333333 0.0015625
1 0.37395833333333334 0.534375 0.0020833333333333333 0.003125
1 0.9125 0.53203125 0.008333333333333333 0.0015625
1 0.42083333333333334 0.5296875 0.004166666666666667 0.003125
1 0.99375 0.53984375 0.0125 0.0265625
1 0.9677083333333333 0.53046875 0.00625 0.0078125
1 0.3572916666666667 0.52734375 0.0020833333333333333 0.0015625
1 0.35104166666666664 0.52890625 0.00625 0.0046875
1 0.36354166666666665 0.52734375 0.00625 0.0046875
1 0.421875 0.52109375 0.0020833333333333333 0.0015625
1 0.94375 0.5265625 0.029166666666666667 0.021875
1 0.9145833333333333 0.52109375 0.029166666666666667 0.0203125
1 0.9822916666666667 0.51484375 0.01875 0.0109375
1 0.4239583333333333 0.50859375 0.0020833333333333333 0.0015625
1 0.46145833333333336 0.49765625 0.010416666666666666 0.0046875
1 0.014583333333333334 0.51875 0.029166666666666667 0.05625
1 0.965625 0.47734375 0.0020833333333333333 0.0015625
1 0.9572916666666667 0.49140625 0.04375 0.0296875
1 0.48541666666666666 0.44609375 0.05416666666666667 0.0140625
1 0.3885416666666667 0.4390625 0.0020833333333333333 0.003125
1 0.0010416666666666667 0.4234375 0.0020833333333333333 0.003125
1 0.003125 0.41640625 0.0020833333333333333 0.0015625
1 0.103125 0.4140625 0.03125 0.0125
1 0.13333333333333333 0.41171875 0.0125 0.0109375
1 0.0875 0.40703125 0.004166666666666667 0.0015625
1 0.06979166666666667 0.41484375 0.03125 0.0171875
1 0.03854166666666667 0.40859375 0.00625 0.0046875
1 0.12395833333333334 0.40234375 0.0020833333333333333 0.0015625
1 0.103125 0.4015625 0.00625 0.003125
1 0.004166666666666667 0.40078125 0.004166666666666667 0.0046875
1 0.004166666666666667 0.39375 0.008333333333333333 0.00625
1 0.42604166666666665 0.346875 0.0020833333333333333 0.003125
1 0.021875 0.33359375 0.0020833333333333333 0.0015625
1 0.0010416666666666667 0.33046875 0.0020833333333333333 0.0015625
1 0.023958333333333335 0.32890625 0.0020833333333333333 0.0015625
1 0.15 0.32265625 0.004166666666666667 0.0046875
1 0.4125 0.321875 0.004166666666666667 0.00625
1 0.007291666666666667 0.31796875 0.0020833333333333333 0.0015625
1 0.041666666666666664 0.353125 0.08333333333333333 0.075
1 0.24479166666666666 0.31171875 0.0020833333333333333 0.0015625
1 0.15520833333333334 0.3109375 0.00625 0.009375
1 0.23854166666666668 0.30234375 0.0020833333333333333 0.0015625
1 0.15104166666666666 0.30234375 0.0020833333333333333 0.0015625
1 0.13020833333333334 0.30546875 0.010416666666666666 0.0078125
1 0.0875 0.28125 0.004166666666666667 0.003125
1 0.21770833333333334 0.278125 0.022916666666666665 0.003125
1 0.215625 0.27578125 0.0020833333333333333 0.0015625
1 0.190625 0.28984375 0.09375 0.0328125
1 0.13645833333333332 0.27421875 0.00625 0.0078125
1 0.05625 0.26953125 0.004166666666666667 0.0015625
1 0.04791666666666667 0.26796875 0.008333333333333333 0.0046875
1 0.029166666666666667 0.2671875 0.004166666666666667 0.003125
1 0.10104166666666667 0.26171875 0.0020833333333333333 0.0015625
1 0.0625 0.259375 0.008333333333333333 0.003125
1 0.05416666666666667 0.25859375 0.004166666666666667 0.0015625
1 0.12916666666666668 0.26171875 0.0125 0.0140625
1 0.04375 0.2546875 0.0125 0.003125
1 0.014583333333333334 0.25078125 0.008333333333333333 0.0015625
1 0.10104166666666667 0.24765625 0.0020833333333333333 0.0015625
1 0.08333333333333333 0.259375 0.03333333333333333 0.025
1 0.057291666666666664 0.24765625 0.010416666666666666 0.0015625
1 0.051041666666666666 0.24453125 0.0020833333333333333 0.0015625
1 0.08854166666666667 0.24296875 0.0020833333333333333 0.0015625
1 0.07708333333333334 0.24140625 0.0125 0.0046875
1 0.03958333333333333 0.2421875 0.016666666666666666 0.00625
1 0.06770833333333333 0.23828125 0.0020833333333333333 0.0015625
1 0.01875 0.23671875 0.004166666666666667 0.0015625
1 0.15 0.23359375 0.016666666666666666 0.0078125
1 0.09270833333333334 0.23046875 0.0020833333333333333 0.0015625
1 0.15208333333333332 0.22578125 0.004166666666666667 0.0015625
1 0.028125 0.22265625 0.0020833333333333333 0.0015625
1 0.0010416666666666667 0.21484375 0.0020833333333333333 0.0015625
1 0.030208333333333334 0.2140625 0.014583333333333334 0.00625
1 0.10104166666666667 0.21015625 0.0020833333333333333 0.0015625
1 0.09583333333333334 0.21171875 0.004166666666666667 0.0046875
1 0.019791666666666666 0.21015625 0.0020833333333333333 0.0015625
1 0.007291666666666667 0.20234375 0.0020833333333333333 0.0015625
1 0.003125 0.20234375 0.0020833333333333333 0.0015625
1 0.021875 0.2015625 0.0020833333333333333 0.003125
1 0.015625 0.19921875 0.0020833333333333333 0.0015625
1 0.00625 0.1859375 0.0125 0.00625
1 0.12604166666666666 0.21484375 0.06458333333333334 0.0734375
1 0.13645833333333332 0.18203125 0.00625 0.0078125
1 0.11354166666666667 0.18515625 0.00625 0.0140625
1 0.16041666666666668 0.17578125 0.004166666666666667 0.0015625
1 0.115625 0.175 0.0020833333333333333 0.003125
1 0.115625 0.17109375 0.0020833333333333333 0.0015625
1 0.18854166666666666 0.1703125 0.00625 0.003125
1 0.13645833333333332 0.17109375 0.00625 0.0078125
1 0.11666666666666667 0.16171875 0.004166666666666667 0.0109375
1 0.125 0.1453125 0.004166666666666667 0.00625
1 0.14270833333333333 0.15 0.014583333333333334 0.025
1 0.06979166666666667 0.13828125 0.0020833333333333333 0.0015625
1 0.12916666666666668 0.13828125 0.008333333333333333 0.0046875
1 0.07604166666666666 0.13203125 0.0020833333333333333 0.0015625
1 0.08125 0.128125 0.004166666666666667 0.003125
1 0.090625 0.159375 0.06875 0.071875
1 0.584375 0.11640625 0.0020833333333333333 0.0015625
1 0.5802083333333333 0.11640625 0.0020833333333333333 0.0015625
1 0.15104166666666666 0.11875 0.027083333333333334 0.00625
1 0.5916666666666667 0.11171875 0.004166666666666667 0.0015625
1 0.109375 0.1140625 0.022916666666666665 0.009375
1 0.15 0.11171875 0.0125 0.0078125
1 0.12395833333333334 0.10859375 0.0020833333333333333 0.0015625
1 0.590625 0.1046875 0.00625 0.003125
1 0.5885416666666666 0.10078125 0.00625 0.0015625
1 0.578125 0.1015625 0.0020833333333333333 0.003125
1 0.5989583333333334 0.09921875 0.00625 0.0046875
1 0.5614583333333333 0.09765625 0.0020833333333333333 0.0015625
1 0.6177083333333333 0.0984375 0.03125 0.028125
1 0.6010416666666667 0.08203125 0.00625 0.0078125
1 0.603125 0.07578125 0.0020833333333333333 0.0015625
1 0.578125 0.07890625 0.014583333333333334 0.0078125
1 0.5270833333333333 0.0734375 0.008333333333333333 0.003125
1 0.5552083333333333 0.08125 0.022916666666666665 0.021875
1 0.08229166666666667 0.06953125 0.0020833333333333333 0.0015625
1 0.6614583333333334 0.06796875 0.0020833333333333333 0.0015625
1 0.6479166666666667 0.06953125 0.020833333333333332 0.0046875
1 0.5302083333333333 0.06796875 0.0020833333333333333 0.0015625
1 0.525 0.06796875 0.004166666666666667 0.0015625
1 0.05520833333333333 0.05546875 0.0020833333333333333 0.0015625
1 0.5458333333333333 0.05625 0.020833333333333332 0.00625
1 0.08854166666666667 0.05390625 0.0020833333333333333 0.0015625
1 0.634375 0.05234375 0.0020833333333333333 0.0015625
1 0.559375 0.05234375 0.0020833333333333333 0.0015625
1 0.653125 0.05234375 0.00625 0.0046875
1 0.06458333333333334 0.04609375 0.004166666666666667 0.0046875
1 0.11041666666666666 0.0296875 0.004166666666666667 0.003125
1 0.0375 0.13046875 0.075 0.2078125
1 0.5864583333333333 0.02265625 0.0020833333333333333 0.0015625
1 0.540625 0.03203125 0.03125 0.0296875
1 0.06145833333333333 0.01640625 0.0020833333333333333 0.0015625
1 0.065625 0.015625 0.0020833333333333333 0.003125
1 0.06770833333333333 0.01171875 0.0020833333333333333 0.0015625
1 0.5322916666666667 0.00859375 0.0020833333333333333 0.0015625
1 0.13854166666666667 0.003125 0.0020833333333333333 0.003125
1 0.6052083333333333 0.00078125 0.0020833333333333333 0.0015625
1 0.515625 0.0015625 0.00625 0.003125
1 0.47708333333333336 0.00859375 0.016666666666666666 0.0171875
1 0.07395833333333333 0.00078125 0.0020833333333333333 0.0015625
2 0.490625 0.76171875 0.0020833333333333333 0.0015625
2 0.103125 0.7609375 0.0020833333333333333 0.003125
2 0.0875 0.746875 0.004166666666666667 0.003125
2 0.4864583333333333 0.73828125 0.0020833333333333333 0.0015625
2 0.471875 0.75 0.03125 0.025
2 0.4510416666666667 0.73359375 0.0020833333333333333 0.0015625
2 0.4479166666666667 0.728125 0.004166666666666667 0.003125
2 0.4427083333333333 0.71953125 0.0020833333333333333 0.0015625
2 0.5083333333333333 0.76796875 0.04583333333333333 0.1078125
2 0.24479166666666666 0.70078125 0.0020833333333333333 0.0015625
2 0.4510416666666667 0.69921875 0.0020833333333333333 0.0015625
2 0.4427083333333333 0.69921875 0.03125 0.0203125
2 0.37395833333333334 0.68671875 0.0020833333333333333 0.0015625
2 0.0010416666666666667 0.68671875 0.0020833333333333333 0.0015625
2 0.46979166666666666 0.6984375 0.03958333333333333 0.028125
2 0.005208333333333333 0.684375 0.0020833333333333333 0.003125
2 0.23958333333333334 0.6828125 0.004166666666666667 0.003125
2 0.42604166666666665 0.68203125 0.0020833333333333333 0.0046875
2 0.21458333333333332 0.68046875 0.004166666666666667 0.0015625
2 0.04375 0.68046875 0.004166666666666667 0.0015625
2 0.007291666666666667 0.671875 0.0020833333333333333 0.003125
2 0.18333333333333332 0.66796875 0.004166666666666667 0.0015625
2 0.2125 0.66953125 0.020833333333333332 0.0078125
2 0.16979166666666667 0.66640625 0.01875 0.0046875
2 0.014583333333333334 0.671875 0.016666666666666666 0.025
2 0.04375 0.66328125 0.004166666666666667 0.0109375
2 0.0010416666666666667 0.65859375 0.0020833333333333333 0.0015625
2 0.040625 0.6546875 0.0020833333333333333 0.003125
2 0.004166666666666667 0.65546875 0.008333333333333333 0.0078125
2 0.4322916666666667 0.65078125 0.0020833333333333333 0.0015625
2 0.41354166666666664 0.64921875 0.0020833333333333333 0.0015625
2 0.003125 0.64921875 0.0020833333333333333 0.0015625
2 0.39895833333333336 0.64140625 0.0020833333333333333 0.0015625
2 0.4114583333333333 0.6390625 0.0020833333333333333 0.003125
2 0.017708333333333333 0.6390625 0.00625 0.00625
2 0.34791666666666665 0.63671875 0.016666666666666666 0.0078125
2 0.31354166666666666 0.64609375 0.04375 0.0296875
2 0.029166666666666667 0.64140625 0.016666666666666666 0.0203125
2 0.36770833333333336 0.63125 0.010416666666666666 0.003125
2 0.04583333333333333 0.68515625 0.09166666666666666 0.1140625
2 0.47291666666666665 0.63984375 0.075 0.0296875
2 0.35104166666666664 0.62890625 0.027083333333333334 0.0078125
2 0.0010416666666666667 0.62578125 0.0020833333333333333 0.0015625
2 0.41770833333333335 0.62265625 0.0020833333333333333 0.0015625
2 0.36875 0.6234375 0.004166666666666667 0.003125
2 0.37395833333333334 0.62109375 0.0020833333333333333 0.0015625
2 0.06354166666666666 0.60859375 0.027083333333333334 0.0109375
2 0.43020833333333336 0.60234375 0.0020833333333333333 0.0015625
2 0.390625 0.59765625 0.0020833333333333333 0.0046875
2 0.38645833333333335 0.55625 0.0020833333333333333 0.003125
2 0.3697916666666667 0.53828125 0.0020833333333333333 0.0046875
2 0.3625 0.528125 0.004166666666666667 0.003125
2 0.3572916666666667 0.52734375 0.0020833333333333333 0.0015625
2 0.023958333333333335 0.528125 0.0020833333333333333 0.003125
2 0.9322916666666666 0.52421875 0.0020833333333333333 0.0015625
2 0.928125 0.52265625 0.0020833333333333333 0.0015625
2 0.9145833333333333 0.52109375 0.008333333333333333 0.0078125
2 0.46041666666666664 0.49765625 0.008333333333333333 0.0046875
2 0.0125 0.50625 0.025 0.03125
2 0.9458333333333333 0.48671875 0.008333333333333333 0.0078125
2 0.40625 0.61484375 0.058333333333333334 0.2765625
2 0.40625 0.4828125 0.008333333333333333 0.015625
2 0.41770833333333335 0.47421875 0.0020833333333333333 0.0015625
2 0.41770833333333335 0.4671875 0.0020833333333333333 0.003125
2 0.40208333333333335 0.47109375 0.004166666666666667 0.0140625
2 0.42083333333333334 0.459375 0.004166666666666667 0.009375
2 0.49166666666666664 0.44453125 0.020833333333333332 0.0078125
2 0.4041666666666667 0.4453125 0.004166666666666667 0.0125
2 0.41458333333333336 0.446875 0.016666666666666666 0.025
2 0.39375 0.4421875 0.004166666666666667 0.01875
2 0.41770833333333335 0.421875 0.010416666666666666 0.009375
2 0.075 0.41484375 0.020833333333333332 0.0109375
2 0.09791666666666667 0.4125 0.020833333333333332 0.009375
2 0.0875 0.40703125 0.004166666666666667 0.0015625
2 0.4239583333333333 0.40390625 0.0020833333333333333 0.0015625
2 0.12395833333333334 0.40234375 0.0020833333333333333 0.0015625
2 0.103125 0.4015625 0.00625 0.003125
2 0.41458333333333336 0.36015625 0.004166666666666667 0.0046875
2 0.014583333333333334 0.36015625 0.020833333333333332 0.0171875
2 0.4114583333333333 0.35078125 0.0020833333333333333 0.0015625
2 0.41770833333333335 0.35234375 0.00625 0.0078125
2 0.4197916666666667 0.34453125 0.0020833333333333333 0.0015625
2 0.004166666666666667 0.34453125 0.008333333333333333 0.0109375
2 0.41354166666666664 0.3234375 0.0020833333333333333 0.003125
2 0.15520833333333334 0.3140625 0.0020833333333333333 0.003125
2 0.153125 0.309375 0.0020833333333333333 0.003125
2 0.08854166666666667 0.28046875 0.0020833333333333333 0.0015625
2 0.06770833333333333 0.27421875 0.0020833333333333333 0.0015625
2 0.05625 0.26953125 0.004166666666666667 0.0015625
2 0.051041666666666666 0.26796875 0.0020833333333333333 0.0015625
2 0.046875 0.26640625 0.0020833333333333333 0.0015625
2 0.028125 0.2671875 0.00625 0.003125
2 0.10104166666666667 0.26171875 0.0020833333333333333 0.0015625
2 0.03958333333333333 0.25390625 0.004166666666666667 0.0015625
2 0.051041666666666666 0.26328125 0.10208333333333333 0.0296875
2 0.15208333333333332 0.27265625 0.17083333333333334 0.0671875
2 0.06770833333333333 0.23828125 0.0020833333333333333 0.0015625
2 0.019791666666666666 0.23671875 0.00625 0.0015625
2 0.04375 0.2390625 0.0375 0.0125
2 0.04895833333333333 0.23125 0.010416666666666666 0.003125
2 0.0010416666666666667 0.23046875 0.0020833333333333333 0.0015625
2 0.14375 0.23203125 0.020833333333333332 0.0078125
2 0.029166666666666667 0.2296875 0.016666666666666666 0.00625
2 0.15 0.22578125 0.004166666666666667 0.0015625
2 0.0020833333333333333 0.21640625 0.004166666666666667 0.0046875
2 0.034375 0.21328125 0.0020833333333333333 0.0015625
2 0.03125 0.20859375 0.0125 0.0046875
2 0.003125 0.18515625 0.0020833333333333333 0.0015625
2 0.15104166666666666 0.18046875 0.0020833333333333333 0.0015625
2 0.005208333333333333 0.18046875 0.00625 0.0015625
2 0.16145833333333334 0.17421875 0.0020833333333333333 0.0015625
2 0.0010416666666666667 0.17265625 0.0020833333333333333 0.0015625
2 0.022916666666666665 0.17734375 0.020833333333333332 0.0140625
2 0.18854166666666666 0.16953125 0.00625 0.0015625
2 0.11770833333333333 0.159375 0.0020833333333333333 0.003125
2 0.13229166666666667 0.196875 0.035416666666666666 0.109375
2 0.06770833333333333 0.17109375 0.07291666666666667 0.0921875
2 0.042708333333333334 0.134375 0.014583333333333334 0.01875
2 0.0375 0.11953125 0.004166666666666667 0.0078125
2 0.153125 0.11484375 0.01875 0.0109375
2 0.019791666666666666 0.13125 0.01875 0.059375
2 0.5802083333333333 0.09921875 0.00625 0.0015625
2 0.571875 0.09921875 0.0020833333333333333 0.0015625
2 0.6197916666666666 0.09921875 0.022916666666666665 0.0171875
2 0.5291666666666667 0.0734375 0.008333333333333333 0.003125
2 0.109375 0.0296875 0.00625 0.003125
2 0.6135416666666667 0.0265625 0.0020833333333333333 0.003125
2 0.6489583333333333 0.02109375 0.0020833333333333333 0.0015625
2 0.5979166666666667 0.0515625 0.1375 0.1
2 0.625 0.0125 0.041666666666666664 0.025
2 0.5854166666666667 0.0140625 0.020833333333333332 0.028125
2 0.07916666666666666 0.0625 0.10833333333333334 0.125
2 0.07395833333333333 0.00078125 0.0020833333333333333 0.0015625
