0 0.8239583333333333 0.71015625 0.04375 0.0171875
0 0.78125 0.71171875 0.041666666666666664 0.0234375
0 0.8708333333333333 0.70546875 0.0125 0.0140625
0 0.9260416666666667 0.70546875 0.035416666666666666 0.0390625
0 0.778125 0.690625 0.00625 0.009375
0 0.9885416666666667 0.68515625 0.00625 0.0046875
0 0.7135416666666666 0.68984375 0.06875 0.0296875
0 0.9520833333333333 0.6734375 0.004166666666666667 0.003125
0 0.7020833333333333 0.67265625 0.008333333333333333 0.0046875
0 0.7427083333333333 0.675 0.022916666666666665 0.01875
0 0.8572916666666667 0.61953125 0.0020833333333333333 0.0015625
0 0.8635416666666667 0.6140625 0.0020833333333333333 0.00625
0 0.95625 0.6125 0.04583333333333333 0.03125
0 0.928125 0.57421875 0.0020833333333333333 0.0015625
0 0.86875 0.56953125 0.09166666666666666 0.0390625
0 0.6802083333333333 0.50859375 0.0020833333333333333 0.0015625
0 0.2760416666666667 0.5015625 0.0020833333333333333 0.003125
0 0.7125 0.484375 0.004166666666666667 0.003125
0 0.45729166666666665 0.43203125 0.0020833333333333333 0.0015625
0 0.684375 0.43046875 0.0020833333333333333 0.0015625
0 0.9010416666666666 0.42421875 0.00625 0.0046875
0 0.6864583333333333 0.42265625 0.0020833333333333333 0.0015625
0 0.28020833333333334 0.42421875 0.022916666666666665 0.0328125
0 0.8760416666666667 0.40234375 0.0020833333333333333 0.0015625
0 0.915625 0.39765625 0.00625 0.0015625
0 0.43125 0.396875 0.004166666666666667 0.003125
0 0.7302083333333333 0.37890625 0.0020833333333333333 0.0015625
0 0.9822916666666667 0.37265625 0.0020833333333333333 0.0015625
0 0.9416666666666667 0.3734375 0.008333333333333333 0.003125
0 0.728125 0.37265625 0.00625 0.0015625
0 0.7114583333333333 0.375 0.022916666666666665 0.00625
0 0.12604166666666666 0.36953125 0.014583333333333334 0.0078125
0 0.49895833333333334 0.36328125 0.0020833333333333333 0.0015625
0 0.903125 0.36015625 0.0020833333333333333 0.0015625
0 0.9375 0.359375 0.004166666666666667 0.003125
0 0.6541666666666667 0.3578125 0.008333333333333333 0.003125
0 0.9885416666666667 0.35859375 0.01875 0.0078125
0 0.884375 0.35546875 0.0020833333333333333 0.0015625
0 0.6958333333333333 0.35703125 0.004166666666666667 0.0046875
0 0.878125 0.35390625 0.0020833333333333333 0.0015625
0 0.896875 0.35234375 0.0020833333333333333 0.0015625
0 0.8895833333333333 0.353125 0.004166666666666667 0.003125
0 0.884375 0.35234375 0.0020833333333333333 0.0015625
0 0.9885416666666667 0.34765625 0.0020833333333333333 0.0015625
0 0.884375 0.34765625 0.0020833333333333333 0.0015625
0 0.98125 0.34765625 0.008333333333333333 0.0046875
0 0.48020833333333335 0.36015625 0.022916666666666665 0.0296875
0 0.996875 0.3296875 0.00625 0.003125
0 0.9208333333333333 0.32890625 0.008333333333333333 0.0109375
0 0.95625 0.32109375 0.004166666666666667 0.0015625
0 0.24270833333333333 0.315625 0.010416666666666666 0.00625
0 0.121875 0.30546875 0.0020833333333333333 0.0015625
0 0.12604166666666666 0.29921875 0.0020833333333333333 0.0015625
0 0.9364583333333333 0.2984375 0.0020833333333333333 0.003125
0 0.11770833333333333 0.29765625 0.0020833333333333333 0.0015625
0 0.840625 0.29296875 0.0020833333333333333 0.0015625
0 0.42083333333333334 0.28671875 0.004166666666666667 0.0015625
0 0.93125 0.2796875 0.004166666666666667 0.003125
0 0.96875 0.2765625 0.004166666666666667 0.003125
0 0.915625 0.2765625 0.00625 0.003125
0 0.29375 0.27578125 0.004166666666666667 0.0015625
0 0.28854166666666664 0.27421875 0.0020833333333333333 0.0015625
0 0.6364583333333333 0.27265625 0.0020833333333333333 0.0015625
0 0.4635416666666667 0.27265625 0.0020833333333333333 0.0046875
0 0.76875 0.2796875 0.029166666666666667 0.021875
0 0.790625 0.26953125 0.0020833333333333333 0.0078125
0 0.7177083333333333 0.26640625 0.0020833333333333333 0.0015625
0 0.784375 0.265625 0.0020833333333333333 0.003125
0 0.41041666666666665 0.2640625 0.004166666666666667 0.003125
0 0.721875 0.26171875 0.0020833333333333333 0.0015625
0 0.7177083333333333 0.25859375 0.0020833333333333333 0.0015625
0 0.69375 0.25234375 0.004166666666666667 0.0015625
0 0.10520833333333333 0.25546875 0.010416666666666666 0.0109375
0 0.8239583333333333 0.24765625 0.0020833333333333333 0.0015625
0 0.7333333333333333 0.24921875 0.008333333333333333 0.0046875
0 0.253125 0.25078125 0.00625 0.0078125
0 0.7041666666666667 0.25 0.0125 0.009375
0 0.13645833333333332 0.25078125 0.00625 0.0203125
0 0.99375 0.246875 0.0125 0.015625
0 0.7145833333333333 0.23984375 0.004166666666666667 0.0015625
0 0.675 0.23984375 0.008333333333333333 0.0046875
0 0.8864583333333333 0.23671875 0.0020833333333333333 0.0015625
0 0.7572916666666667 0.23671875 0.0020833333333333333 0.0015625
0 0.9208333333333333 0.23984375 0.016666666666666666 0.0109375
0 0.7635416666666667 0.23515625 0.0020833333333333333 0.0015625
0 0.020833333333333332 0.2375 0.0125 0.00625
0 0.115625 0.2390625 0.027083333333333334 0.0125
0 0.8354166666666667 0.23984375 0.016666666666666666 0.0171875
0 0.771875 0.23984375 0.022916666666666665 0.0171875
0 0.825 0.23359375 0.004166666666666667 0.0078125
0 0.9135416666666667 0.22734375 0.010416666666666666 0.0046875
0 0.5208333333333334 0.22734375 0.008333333333333333 0.0046875
0 0.0020833333333333333 0.22265625 0.004166666666666667 0.0015625
0 0.934375 0.22265625 0.010416666666666666 0.0046875
0 0.4739583333333333 0.21796875 0.0020833333333333333 0.0015625
0 0.9427083333333334 0.2171875 0.0020833333333333333 0.003125
0 0.6375 0.22265625 0.0125 0.0140625
0 0.478125 0.21640625 0.0020833333333333333 0.0015625
0 0.25625 0.21640625 0.0125 0.0046875
0 0.9020833333333333 0.21953125 0.008333333333333333 0.0140625
0 0.7114583333333333 0.2140625 0.010416666666666666 0.00625
0 0.775 0.21484375 0.0125 0.0109375
0 0.74375 0.2171875 0.0125 0.01875
0 0.65 0.21171875 0.008333333333333333 0.0078125
0 0.17604166666666668 0.21484375 0.027083333333333334 0.0140625
0 0.69375 0.21015625 0.0125 0.0078125
0 0.609375 0.21015625 0.014583333333333334 0.0078125
0 0.521875 0.21171875 0.010416666666666666 0.0109375
0 0.8895833333333333 0.2078125 0.008333333333333333 0.00625
0 0.8885416666666667 0.20078125 0.0020833333333333333 0.0015625
0 0.5052083333333334 0.20078125 0.0020833333333333333 0.0015625
0 0.0375 0.20625 0.016666666666666666 0.0125
0 0.6229166666666667 0.19765625 0.008333333333333333 0.0046875
0 0.6583333333333333 0.196875 0.008333333333333333 0.00625
0 0.915625 0.19296875 0.0020833333333333333 0.0015625
0 0.8708333333333333 0.2 0.008333333333333333 0.015625
0 0.7385416666666667 0.1890625 0.00625 0.003125
0 0.9729166666666667 0.1875 0.008333333333333333 0.00625
0 0.621875 0.18828125 0.010416666666666666 0.0109375
0 0.490625 0.19296875 0.022916666666666665 0.0203125
0 0.8416666666666667 0.1828125 0.004166666666666667 0.003125
0 0.8291666666666667 0.1828125 0.004166666666666667 0.003125
0 0.26145833333333335 0.18359375 0.00625 0.0046875
0 0.9364583333333333 0.1796875 0.00625 0.003125
0 0.934375 0.17578125 0.0020833333333333333 0.0015625
0 0.12083333333333333 0.1765625 0.004166666666666667 0.003125
0 0.7979166666666667 0.1734375 0.004166666666666667 0.003125
0 0.46458333333333335 0.17421875 0.004166666666666667 0.0078125
0 0.44479166666666664 0.1703125 0.00625 0.003125
0 0.8041666666666667 0.17109375 0.004166666666666667 0.0078125
0 0.465625 0.16796875 0.0020833333333333333 0.0015625
0 0.5760416666666667 0.16640625 0.00625 0.0046875
0 0.925 0.1671875 0.0125 0.009375
0 0.925 0.16171875 0.004166666666666667 0.0015625
0 0.9197916666666667 0.16171875 0.0020833333333333333 0.0015625
0 0.5697916666666667 0.16171875 0.0020833333333333333 0.0015625
0 0.7802083333333333 0.16171875 0.00625 0.0046875
0 0.5625 0.15703125 0.008333333333333333 0.0046875
0 0.878125 0.15234375 0.0020833333333333333 0.0015625
0 0.8645833333333334 0.16015625 0.025 0.0171875
0 0.5302083333333333 0.15234375 0.0020833333333333333 0.0015625
0 0.6708333333333333 0.1515625 0.004166666666666667 0.003125
0 0.5447916666666667 0.15078125 0.0020833333333333333 0.0015625
0 0.5354166666666667 0.153125 0.008333333333333333 0.00625
0 0.8947916666666667 0.14921875 0.0020833333333333333 0.0015625
0 0.10104166666666667 0.14921875 0.0020833333333333333 0.0015625
0 0.55 0.14765625 0.004166666666666667 0.0015625
0 0.390625 0.15078125 0.010416666666666666 0.0078125
0 0.8875 0.15390625 0.0125 0.0171875
0 0.8479166666666667 0.14765625 0.004166666666666667 0.0046875
0 0.7197916666666667 0.14609375 0.0020833333333333333 0.0015625
0 0.9010416666666666 0.146875 0.00625 0.00625
0 0.7760416666666666 0.1453125 0.00625 0.003125
0 0.9677083333333333 0.14140625 0.0020833333333333333 0.0015625
0 0.9635416666666666 0.13671875 0.0020833333333333333 0.0015625
0 0.23645833333333333 0.13046875 0.0020833333333333333 0.0015625
0 0.23958333333333334 0.12734375 0.004166666666666667 0.0015625
0 0.23020833333333332 0.13203125 0.00625 0.0109375
0 0.8958333333333334 0.125 0.004166666666666667 0.003125
0 0.778125 0.12265625 0.0020833333333333333 0.0015625
0 0.5697916666666667 0.12265625 0.0020833333333333333 0.0015625
0 0.484375 0.12265625 0.0020833333333333333 0.0015625
0 0.3697916666666667 0.12265625 0.0020833333333333333 0.0046875
0 0.8302083333333333 0.103125 0.00625 0.00625
0 0.8447916666666667 0.1015625 0.00625 0.00625
0 0.13645833333333332 0.08671875 0.0020833333333333333 0.0015625
0 0.14166666666666666 0.08515625 0.004166666666666667 0.0015625
0 0.10520833333333333 0.08359375 0.0020833333333333333 0.0015625
0 0.184375 0.07734375 0.0020833333333333333 0.0015625
0 0.190625 0.07578125 0.0020833333333333333 0.0015625
0 0.196875 0.07421875 0.0020833333333333333 0.0015625
0 0.6302083333333334 0.07109375 0.0020833333333333333 0.0015625
1 0.9541666666666667 0.95546875 0.004166666666666667 0.0046875
1 0.9583333333333334 0.89765625 0.008333333333333333 0.0015625
1 0.9822916666666667 0.82890625 0.00625 0.0046875
1 0.778125 0.82421875 0.0020833333333333333 0.0015625
1 0.9635416666666666 0.81875 0.0020833333333333333 0.003125
1 0.9583333333333334 0.8140625 0.004166666666666667 0.003125
1 0.9635416666666666 0.81171875 0.0020833333333333333 0.0015625
1 0.9791666666666666 0.809375 0.041666666666666664 0.021875
1 0.9510416666666667 0.7921875 0.0020833333333333333 0.003125
1 0.9958333333333333 0.78828125 0.008333333333333333 0.0046875
1 0.9833333333333333 0.7734375 0.004166666666666667 0.003125
1 0.990625 0.77109375 0.0020833333333333333 0.0015625
1 0.9833333333333333 0.75703125 0.03333333333333333 0.0359375
1 0.878125 0.8546875 0.24375 0.240625
1 0.7583333333333333 0.73203125 0.004166666666666667 0.0046875
1 0.7614583333333333 0.72578125 0.0020833333333333333 0.0015625
1 0.7583333333333333 0.72109375 0.004166666666666667 0.0046875
1 0.9791666666666666 0.72421875 0.025 0.0140625
1 0.7541666666666667 0.71484375 0.004166666666666667 0.0046875
1 0.753125 0.70703125 0.0020833333333333333 0.0015625
1 0.7135416666666666 0.70703125 0.0020833333333333333 0.0015625
1 0.759375 0.70703125 0.0020833333333333333 0.0046875
1 0.7520833333333333 0.703125 0.004166666666666667 0.003125
1 0.8364583333333333 0.7015625 0.00625 0.003125
1 0.7052083333333333 0.7015625 0.0020833333333333333 0.003125
1 0.828125 0.69921875 0.0020833333333333333 0.0015625
1 0.8229166666666666 0.69921875 0.004166666666666667 0.0015625
1 0.7708333333333334 0.6984375 0.004166666666666667 0.003125
1 0.6989583333333333 0.69765625 0.0020833333333333333 0.0015625
1 0.828125 0.69609375 0.0020833333333333333 0.0015625
1 0.8041666666666667 0.69765625 0.008333333333333333 0.0046875
1 0.765625 0.696875 0.0020833333333333333 0.003125
1 0.796875 0.69296875 0.0020833333333333333 0.0015625
1 0.7927083333333333 0.69453125 0.010416666666666666 0.0078125
1 0.996875 0.69765625 0.00625 0.0171875
1 0.9625 0.69140625 0.029166666666666667 0.0140625
1 0.6760416666666667 0.684375 0.00625 0.00625
1 0.678125 0.675 0.014583333333333334 0.009375
1 0.7572916666666667 0.6609375 0.0020833333333333333 0.00625
1 0.7364583333333333 0.659375 0.0020833333333333333 0.003125
1 0.8333333333333334 0.678125 0.15833333333333333 0.04375
1 0.7104166666666667 0.665625 0.04583333333333333 0.021875
1 0.9364583333333333 0.6515625 0.00625 0.003125
1 0.7510416666666667 0.65703125 0.01875 0.0171875
1 0.7677083333333333 0.64765625 0.0020833333333333333 0.0015625
1 0.796875 0.64765625 0.00625 0.0046875
1 0.43645833333333334 0.65234375 0.010416666666666666 0.0140625
1 0.759375 0.64453125 0.0020833333333333333 0.0015625
1 0.775 0.6421875 0.004166666666666667 0.003125
1 0.7708333333333334 0.63828125 0.020833333333333332 0.0109375
1 0.7885416666666667 0.62890625 0.0020833333333333333 0.0015625
1 0.8322916666666667 0.62734375 0.0020833333333333333 0.0015625
1 0.79375 0.6265625 0.004166666666666667 0.003125
1 0.9614583333333333 0.65390625 0.07708333333333334 0.0609375
1 0.8072916666666666 0.62421875 0.010416666666666666 0.0015625
1 0.8385416666666666 0.61484375 0.03958333333333333 0.0453125
1 0.8260416666666667 0.58359375 0.0020833333333333333 0.0015625
1 0.6708333333333333 0.5828125 0.004166666666666667 0.003125
1 0.7333333333333333 0.58828125 0.016666666666666666 0.0234375
1 0.7666666666666667 0.5765625 0.0125 0.003125
1 0.6041666666666666 0.58671875 0.03333333333333333 0.0265625
1 0.8197916666666667 0.57578125 0.0020833333333333333 0.0078125
1 0.8239583333333333 0.55078125 0.0020833333333333333 0.0015625
1 0.8177083333333334 0.55859375 0.0020833333333333333 0.0171875
1 0.8427083333333333 0.54609375 0.014583333333333334 0.0046875
1 0.9010416666666666 0.5453125 0.010416666666666666 0.00625
1 0.8822916666666667 0.54140625 0.0020833333333333333 0.0015625
1 0.8739583333333333 0.54453125 0.03958333333333333 0.0078125
1 0.6708333333333333 0.5296875 0.008333333333333333 0.00625
1 0.19479166666666667 0.528125 0.0020833333333333333 0.003125
1 0.903125 0.51953125 0.0020833333333333333 0.0046875
1 0.17395833333333333 0.48984375 0.014583333333333334 0.0078125
1 0.9677083333333333 0.47734375 0.0020833333333333333 0.0015625
1 0.9333333333333333 0.478125 0.004166666666666667 0.00625
1 0.9416666666666667 0.47421875 0.008333333333333333 0.0015625
1 0.95 0.53828125 0.1 0.1390625
1 0.9958333333333333 0.45859375 0.008333333333333333 0.0046875
1 0.9989583333333333 0.45390625 0.0020833333333333333 0.0015625
1 0.9895833333333334 0.4515625 0.008333333333333333 0.003125
1 0.9739583333333334 0.459375 0.03125 0.01875
1 0.996875 0.42421875 0.0020833333333333333 0.0015625
1 0.4739583333333333 0.43203125 0.035416666666666666 0.0234375
1 0.4635416666666667 0.41953125 0.0020833333333333333 0.0015625
1 0.9822916666666667 0.3953125 0.035416666666666666 0.021875
1 0.9645833333333333 0.38671875 0.004166666666666667 0.0046875
1 0.8104166666666667 0.38203125 0.004166666666666667 0.0015625
1 0.5614583333333333 0.37890625 0.0020833333333333333 0.0015625
1 0.9916666666666667 0.37265625 0.008333333333333333 0.0046875
1 0.7864583333333334 0.36796875 0.00625 0.0015625
1 0.7229166666666667 0.36328125 0.004166666666666667 0.0015625
1 0.6322916666666667 0.36328125 0.035416666666666666 0.0109375
1 0.928125 0.3609375 0.010416666666666666 0.009375
1 0.996875 0.3515625 0.00625 0.003125
1 0.9354166666666667 0.3515625 0.004166666666666667 0.003125
1 0.4979166666666667 0.35234375 0.004166666666666667 0.0046875
1 0.9552083333333333 0.35859375 0.027083333333333334 0.0265625
1 0.5666666666666667 0.3484375 0.016666666666666666 0.00625
1 0.9010416666666666 0.34453125 0.0020833333333333333 0.0015625
1 0.24895833333333334 0.33828125 0.0020833333333333333 0.0015625
1 0.5947916666666667 0.33359375 0.0020833333333333333 0.0015625
1 0.5885416666666666 0.33359375 0.010416666666666666 0.0078125
1 0.7052083333333333 0.32265625 0.0020833333333333333 0.0015625
1 0.7145833333333333 0.32109375 0.004166666666666667 0.0046875
1 0.453125 0.31015625 0.0020833333333333333 0.0015625
1 0.8052083333333333 0.30078125 0.0020833333333333333 0.0015625
1 0.496875 0.29921875 0.0020833333333333333 0.0015625
1 0.8114583333333333 0.29921875 0.00625 0.0046875
1 0.5177083333333333 0.29765625 0.0020833333333333333 0.0015625
1 0.728125 0.29765625 0.00625 0.0046875
1 0.49895833333333334 0.29609375 0.0020833333333333333 0.0015625
1 0.7927083333333333 0.29296875 0.0020833333333333333 0.0015625
1 0.7875 0.2953125 0.004166666666666667 0.00625
1 0.5197916666666667 0.29140625 0.0020833333333333333 0.0015625
1 0.08333333333333333 0.28515625 0.004166666666666667 0.0015625
1 0.8552083333333333 0.28828125 0.010416666666666666 0.0109375
1 0.08229166666666667 0.28203125 0.0020833333333333333 0.0015625
1 0.06458333333333334 0.28203125 0.004166666666666667 0.0015625
1 0.703125 0.28671875 0.027083333333333334 0.0140625
1 0.09375 0.28359375 0.008333333333333333 0.0109375
1 0.328125 0.2796875 0.014583333333333334 0.009375
1 0.4322916666666667 0.296875 0.08958333333333333 0.046875
1 0.5135416666666667 0.275 0.027083333333333334 0.009375
1 0.6791666666666667 0.27421875 0.020833333333333332 0.0109375
1 0.6489583333333333 0.275 0.01875 0.0125
1 0.734375 0.2765625 0.022916666666666665 0.021875
1 0.171875 0.2671875 0.0020833333333333333 0.003125
1 0.396875 0.271875 0.022916666666666665 0.01875
1 0.7791666666666667 0.26328125 0.004166666666666667 0.0046875
1 0.6979166666666666 0.2625 0.016666666666666666 0.009375
1 0.7614583333333333 0.259375 0.00625 0.00625
1 0.6666666666666666 0.2625 0.020833333333333332 0.0125
1 0.6302083333333334 0.259375 0.0020833333333333333 0.00625
1 0.7822916666666667 0.25234375 0.0020833333333333333 0.0015625
1 0.7677083333333333 0.25234375 0.00625 0.0015625
1 0.48541666666666666 0.25546875 0.008333333333333333 0.0078125
1 0.5052083333333334 0.24921875 0.0020833333333333333 0.0015625
1 0.12395833333333334 0.2515625 0.014583333333333334 0.00625
1 0.0875 0.25234375 0.020833333333333332 0.0078125
1 0.6104166666666667 0.2546875 0.016666666666666666 0.015625
1 0.271875 0.25 0.00625 0.00625
1 0.8916666666666667 0.2578125 0.03333333333333333 0.028125
1 0.5854166666666667 0.246875 0.016666666666666666 0.00625
1 0.5385416666666667 0.2484375 0.06041666666666667 0.021875
1 0.8083333333333333 0.23984375 0.0125 0.0078125
1 0.4239583333333333 0.2546875 0.04791666666666667 0.0375
1 0.9604166666666667 0.2640625 0.07916666666666666 0.059375
1 0.903125 0.2359375 0.0020833333333333333 0.003125
1 0.26458333333333334 0.23515625 0.004166666666666667 0.0046875
1 0.9989583333333333 0.22890625 0.0020833333333333333 0.0015625
1 0.428125 0.23046875 0.00625 0.0046875
1 0.45625 0.228125 0.004166666666666667 0.003125
1 0.4197916666666667 0.22734375 0.00625 0.0015625
1 0.834375 0.259375 0.08958333333333333 0.06875
1 0.11666666666666667 0.22734375 0.0125 0.0046875
1 0.6510416666666666 0.22421875 0.0020833333333333333 0.0015625
1 0.11354166666666667 0.22265625 0.0020833333333333333 0.0015625
1 0.5364583333333334 0.22265625 0.00625 0.0046875
1 0.42604166666666665 0.22109375 0.00625 0.0078125
1 0.09895833333333333 0.21796875 0.0020833333333333333 0.0015625
1 0.41875 0.21796875 0.004166666666666667 0.0046875
1 0.23541666666666666 0.21640625 0.004166666666666667 0.0046875
1 0.2916666666666667 0.2265625 0.03333333333333333 0.028125
1 0.884375 0.221875 0.03125 0.021875
1 0.690625 0.22265625 0.07291666666666667 0.0265625
1 0.08645833333333333 0.22265625 0.035416666666666666 0.0296875
1 0.5927083333333333 0.20859375 0.010416666666666666 0.0046875
1 0.19375 0.209375 0.0125 0.00625
1 0.5833333333333334 0.20625 0.004166666666666667 0.003125
1 0.48854166666666665 0.22265625 0.05625 0.0359375
1 0.7135416666666666 0.20234375 0.0020833333333333333 0.0015625
1 0.016666666666666666 0.20703125 0.008333333333333333 0.0109375
1 0.7552083333333334 0.203125 0.014583333333333334 0.00625
1 0.39791666666666664 0.20078125 0.004166666666666667 0.0015625
1 0.26458333333333334 0.2046875 0.0125 0.009375
1 0.09791666666666667 0.209375 0.020833333333333332 0.01875
1 0.5802083333333333 0.19609375 0.01875 0.0046875
1 0.096875 0.19453125 0.0020833333333333333 0.0015625
1 0.55625 0.21484375 0.04583333333333333 0.0453125
1 0.45208333333333334 0.20390625 0.03333333333333333 0.0484375
1 0.084375 0.17890625 0.0020833333333333333 0.0015625
1 0.109375 0.1875 0.022916666666666665 0.021875
1 0.915625 0.1796875 0.010416666666666666 0.009375
1 0.9947916666666666 0.1640625 0.0020833333333333333 0.003125
1 0.553125 0.16796875 0.027083333333333334 0.0140625
1 0.7635416666666667 0.16640625 0.022916666666666665 0.0140625
1 0.11145833333333334 0.16015625 0.0020833333333333333 0.0015625
1 0.023958333333333335 0.16015625 0.0020833333333333333 0.0015625
1 0.25625 0.165625 0.008333333333333333 0.015625
1 0.5427083333333333 0.15546875 0.0020833333333333333 0.0015625
1 0.8552083333333333 0.15234375 0.0020833333333333333 0.0015625
1 0.6447916666666667 0.1609375 0.010416666666666666 0.01875
1 0.034375 0.17421875 0.06875 0.0453125
1 0.41458333333333336 0.15390625 0.008333333333333333 0.0078125
1 0.084375 0.165625 0.035416666666666666 0.03125
1 0.940625 0.1890625 0.11875 0.084375
1 0.634375 0.14765625 0.00625 0.0046875
1 0.22916666666666666 0.15625 0.020833333333333332 0.021875
1 0.3572916666666667 0.209375 0.13125 0.13125
1 0.036458333333333336 0.146875 0.00625 0.00625
1 0.5 0.41796875 1.0 0.5515625
1 0.5010416666666667 0.165625 0.06875 0.053125
1 0.6947916666666667 0.13828125 0.0020833333333333333 0.0015625
1 0.2708333333333333 0.14140625 0.008333333333333333 0.0078125
1 0.884375 0.13671875 0.00625 0.0015625
1 0.65625 0.140625 0.020833333333333332 0.01875
1 0.34479166666666666 0.13515625 0.01875 0.0078125
1 0.21354166666666666 0.13203125 0.0020833333333333333 0.0015625
1 0.103125 0.1328125 0.0020833333333333333 0.003125
1 0.6947916666666667 0.12890625 0.0020833333333333333 0.0015625
1 0.7958333333333333 0.12890625 0.004166666666666667 0.0046875
1 0.5895833333333333 0.15546875 0.04583333333333333 0.0609375
1 0.21458333333333332 0.12734375 0.008333333333333333 0.0046875
1 0.084375 0.12578125 0.0020833333333333333 0.0015625
1 0.690625 0.12421875 0.0020833333333333333 0.0015625
1 0.15520833333333334 0.13203125 0.022916666666666665 0.0171875
1 0.6302083333333334 0.1265625 0.014583333333333334 0.009375
1 0.18125 0.1359375 0.0125 0.028125
1 0.13125 0.128125 0.020833333333333332 0.0125
1 0.09791666666666667 0.1234375 0.004166666666666667 0.003125
1 0.07291666666666667 0.12734375 0.016666666666666666 0.0109375
1 0.39895833333333336 0.12265625 0.00625 0.0046875
1 0.35520833333333335 0.121875 0.00625 0.003125
1 0.2791666666666667 0.12578125 0.025 0.0109375
1 0.32708333333333334 0.121875 0.0125 0.00625
1 0.16354166666666667 0.1203125 0.0020833333333333333 0.003125
1 0.4041666666666667 0.1171875 0.008333333333333333 0.00625
1 0.828125 0.175 0.15208333333333332 0.125
1 0.6375 0.11640625 0.008333333333333333 0.0078125
1 0.4552083333333333 0.1421875 0.07291666666666667 0.065625
1 0.23958333333333334 0.11328125 0.0125 0.0078125
1 0.40208333333333335 0.109375 0.004166666666666667 0.003125
1 0.8364583333333333 0.11015625 0.00625 0.0078125
1 0.6364583333333333 0.10234375 0.0020833333333333333 0.0015625
1 0.590625 0.10625 0.01875 0.009375
1 0.16979166666666667 0.103125 0.0020833333333333333 0.003125
1 0.8958333333333334 0.1015625 0.004166666666666667 0.003125
1 0.7125 0.15625 0.1625 0.1125
1 0.7427083333333333 0.10078125 0.0020833333333333333 0.0015625
1 0.684375 0.10390625 0.01875 0.0078125
1 0.03125 0.1203125 0.0625 0.040625
1 0.7364583333333333 0.09765625 0.0020833333333333333 0.0015625
1 0.496875 0.11171875 0.01875 0.0296875
1 0.209375 0.09765625 0.0020833333333333333 0.0015625
1 0.004166666666666667 0.09765625 0.004166666666666667 0.0015625
1 0.8635416666666667 0.0953125 0.00625 0.009375
1 0.1625 0.0875 0.004166666666666667 0.003125
1 0.884375 0.090625 0.014583333333333334 0.0125
1 0.8354166666666667 0.0859375 0.004166666666666667 0.003125
1 0.08854166666666667 0.08515625 0.0020833333333333333 0.0015625
1 0.8322916666666667 0.08359375 0.0020833333333333333 0.0015625
1 0.728125 0.0890625 0.010416666666666666 0.0125
1 0.328125 0.08046875 0.0020833333333333333 0.0015625
1 0.203125 0.08203125 0.00625 0.0046875
1 0.309375 0.07890625 0.0020833333333333333 0.0015625
1 0.12708333333333333 0.08359375 0.008333333333333333 0.0109375
1 0.07395833333333333 0.0796875 0.0020833333333333333 0.003125
1 0.9197916666666667 0.0875 0.03958333333333333 0.021875
1 0.7947916666666667 0.08359375 0.014583333333333334 0.0140625
1 0.078125 0.07734375 0.0020833333333333333 0.0015625
1 0.075 0.08828125 0.04583333333333333 0.0234375
1 0.17708333333333334 0.08359375 0.025 0.0171875
1 0.15833333333333333 0.07734375 0.008333333333333333 0.0046875
1 0.06354166666666666 0.07578125 0.0020833333333333333 0.0015625
1 0.14583333333333334 0.07578125 0.004166666666666667 0.0046875
1 0.5729166666666666 0.07265625 0.0125 0.0046875
1 0.40625 0.0765625 0.04583333333333333 0.015625
1 0.030208333333333334 0.06953125 0.0020833333333333333 0.0015625
1 0.996875 0.06796875 0.00625 0.0015625
1 0.09375 0.071875 0.008333333333333333 0.009375
1 0.178125 0.06640625 0.0020833333333333333 0.0015625
1 0.10729166666666666 0.0671875 0.00625 0.003125
1 0.6427083333333333 0.06484375 0.0020833333333333333 0.0015625
1 0.171875 0.06484375 0.0020833333333333333 0.0015625
1 0.16770833333333332 0.06484375 0.0020833333333333333 0.0015625
1 0.11666666666666667 0.06640625 0.004166666666666667 0.0046875
1 0.103125 0.06484375 0.0020833333333333333 0.0015625
1 0.034375 0.06484375 0.0020833333333333333 0.0015625
1 0.9927083333333333 0.06328125 0.0020833333333333333 0.0015625
1 0.846875 0.06328125 0.0020833333333333333 0.0015625
1 0.5958333333333333 0.06875 0.0375 0.0125
1 0.6572916666666667 0.06796875 0.03125 0.0140625
1 0.1125 0.0625 0.008333333333333333 0.003125
1 0.06354166666666666 0.06171875 0.0020833333333333333 0.0015625
1 0.057291666666666664 0.06171875 0.0020833333333333333 0.0015625
1 0.03854166666666667 0.06171875 0.0020833333333333333 0.0015625
1 0.921875 0.06171875 0.0020833333333333333 0.0046875
1 0.12395833333333334 0.06015625 0.0020833333333333333 0.0015625
1 0.934375 0.06015625 0.010416666666666666 0.0046875
1 0.396875 0.06171875 0.014583333333333334 0.0078125
1 0.146875 0.05859375 0.0020833333333333333 0.0015625
1 0.034375 0.05859375 0.0020833333333333333 0.0015625
1 0.026041666666666668 0.07890625 0.052083333333333336 0.0421875
1 0.909375 0.05703125 0.0020833333333333333 0.0015625
1 0.7427083333333333 0.05703125 0.0020833333333333333 0.0015625
1 0.646875 0.05703125 0.0020833333333333333 0.0015625
1 0.115625 0.0578125 0.0020833333333333333 0.003125
1 0.9375 0.05625 0.004166666666666667 0.003125
1 0.9302083333333333 0.05546875 0.0020833333333333333 0.0015625
1 0.8239583333333333 0.05546875 0.00625 0.0015625
1 0.5770833333333333 0.05625 0.004166666666666667 0.003125
1 0.3958333333333333 0.05625 0.004166666666666667 0.003125
1 0.16875 0.05625 0.004166666666666667 0.003125
1 0.017708333333333333 0.05546875 0.0020833333333333333 0.0015625
1 0.728125 0.05390625 0.0020833333333333333 0.0015625
1 0.6958333333333333 0.06171875 0.0125 0.0171875
1 0.15833333333333333 0.05546875 0.004166666666666667 0.0046875
1 0.153125 0.05390625 0.0020833333333333333 0.0015625
1 0.9739583333333334 0.053125 0.0020833333333333333 0.003125
1 0.828125 0.05234375 0.0020833333333333333 0.0015625
1 0.3697916666666667 0.05234375 0.0020833333333333333 0.0015625
1 0.17604166666666668 0.05234375 0.0020833333333333333 0.0015625
1 0.11458333333333333 0.05234375 0.004166666666666667 0.0015625
1 0.00625 0.05390625 0.0125 0.0046875
1 0.9291666666666667 0.0515625 0.004166666666666667 0.003125
1 0.19166666666666668 0.0515625 0.004166666666666667 0.003125
1 0.16770833333333332 0.05078125 0.0020833333333333333 0.0015625
1 0.1625 0.05078125 0.004166666666666667 0.0015625
1 0.057291666666666664 0.05078125 0.0020833333333333333 0.0015625
1 0.43854166666666666 0.04921875 0.0020833333333333333 0.0015625
1 0.3958333333333333 0.05078125 0.004166666666666667 0.0046875
1 0.3572916666666667 0.05 0.00625 0.003125
1 0.035416666666666666 0.05 0.004166666666666667 0.003125
1 0.753125 0.04765625 0.0020833333333333333 0.0015625
1 0.6958333333333333 0.0484375 0.008333333333333333 0.003125
1 0.20833333333333334 0.0484375 0.004166666666666667 0.003125
1 0.159375 0.04765625 0.0020833333333333333 0.0015625
1 0.06354166666666666 0.04765625 0.0020833333333333333 0.0015625
1 0.05 0.0484375 0.008333333333333333 0.003125
1 0.95 0.10234375 0.1 0.1140625
1 0.353125 0.04609375 0.0020833333333333333 0.0015625
1 0.8802083333333334 0.0453125 0.00625 0.003125
1 0.8270833333333333 0.0453125 0.004166666666666667 0.003125
1 0.7989583333333333 0.04453125 0.0020833333333333333 0.0015625
1 0.703125 0.04453125 0.0020833333333333333 0.0015625
1 0.6572916666666667 0.0453125 0.0020833333333333333 0.003125
1 0.5645833333333333 0.0453125 0.004166666666666667 0.003125
1 0.44166666666666665 0.06171875 0.05 0.0359375
1 0.35833333333333334 0.0453125 0.004166666666666667 0.003125
1 0.058333333333333334 0.04453125 0.004166666666666667 0.0015625
1 0.04479166666666667 0.0453125 0.0020833333333333333 0.003125
1 0.9958333333333333 0.04296875 0.004166666666666667 0.0015625
1 0.9083333333333333 0.04375 0.008333333333333333 0.003125
1 0.703125 0.04140625 0.0020833333333333333 0.0015625
1 0.5010416666666667 0.04140625 0.0020833333333333333 0.0015625
1 0.359375 0.04140625 0.0020833333333333333 0.0015625
1 0.9635416666666666 0.04296875 0.00625 0.0078125
1 0.9510416666666667 0.0453125 0.014583333333333334 0.0125
1 0.9197916666666667 0.04140625 0.0020833333333333333 0.0046875
1 0.4552083333333333 0.03984375 0.0020833333333333333 0.0015625
1 0.909375 0.0390625 0.00625 0.003125
1 0.903125 0.0390625 0.0020833333333333333 0.003125
1 0.5135416666666667 0.06015625 0.09791666666666667 0.0453125
1 0.5270833333333333 0.03828125 0.004166666666666667 0.0015625
1 0.359375 0.03828125 0.0020833333333333333 0.0015625
1 0.16979166666666667 0.03828125 0.0020833333333333333 0.0015625
1 0.06770833333333333 0.03828125 0.0020833333333333333 0.0015625
1 0.6395833333333333 0.0375 0.004166666666666667 0.003125
1 0.3729166666666667 0.0375 0.004166666666666667 0.003125
1 0.8510416666666667 0.05234375 0.13541666666666666 0.0359375
1 0.7760416666666666 0.03515625 0.0020833333333333333 0.0015625
1 0.46458333333333335 0.03828125 0.0125 0.0078125
1 0.765625 0.03359375 0.0020833333333333333 0.0015625
1 0.7447916666666666 0.03359375 0.0020833333333333333 0.0015625
1 0.6447916666666667 0.03359375 0.0020833333333333333 0.0015625
1 0.63125 0.0359375 0.004166666666666667 0.00625
1 0.6104166666666667 0.04921875 0.08333333333333333 0.0328125
1 0.3572916666666667 0.03359375 0.0020833333333333333 0.0015625
1 0.609375 0.03203125 0.0020833333333333333 0.0015625
1 0.728125 0.03046875 0.0020833333333333333 0.0015625
1 0.6322916666666667 0.03046875 0.0020833333333333333 0.0015625
1 0.621875 0.03046875 0.0020833333333333333 0.0015625
1 0.35625 0.03046875 0.004166666666666667 0.0015625
1 0.18541666666666667 0.03203125 0.004166666666666667 0.0046875
1 0.071875 0.03046875 0.0020833333333333333 0.0015625
1 0.7479166666666667 0.0296875 0.004166666666666667 0.003125
1 0.6447916666666667 0.0296875 0.00625 0.003125
1 0.4625 0.03046875 0.008333333333333333 0.0046875
1 0.7645833333333333 0.02890625 0.004166666666666667 0.0046875
1 0.35625 0.02734375 0.004166666666666667 0.0015625
1 0.759375 0.02578125 0.0020833333333333333 0.0015625
1 0.32395833333333335 0.02578125 0.0020833333333333333 0.0015625
1 0.203125 0.02109375 0.0020833333333333333 0.0015625
1 0.203125 0.01796875 0.0020833333333333333 0.0015625
1 0.6760416666666667 0.01640625 0.0020833333333333333 0.0015625
1 0.7125 0.04375 0.14166666666666666 0.059375
1 0.24479166666666666 0.0515625 0.15208333333333332 0.075
1 0.034375 0.02734375 0.06875 0.0515625
1 0.027083333333333334 0.003125 0.0125 0.00625
2 0.9364583333333333 0.92265625 0.0020833333333333333 0.0015625
2 0.9395833333333333 0.921875 0.004166666666666667 0.00625
2 0.978125 0.94296875 0.04375 0.0546875
2 0.9114583333333334 0.90625 0.010416666666666666 0.0125
2 0.7052083333333333 0.70078125 0.0020833333333333333 0.0015625
2 0.6989583333333333 0.69765625 0.0020833333333333333 0.0015625
2 0.30416666666666664 0.68515625 0.008333333333333333 0.0046875
2 0.36770833333333336 0.68359375 0.010416666666666666 0.0109375
2 0.3302083333333333 0.67265625 0.0020833333333333333 0.0015625
2 0.3416666666666667 0.67109375 0.0125 0.0140625
2 0.3104166666666667 0.634375 0.004166666666666667 0.003125
2 0.4708333333333333 0.6359375 0.004166666666666667 0.009375
2 0.45208333333333334 0.6 0.0125 0.003125
2 0.5041666666666667 0.61953125 0.058333333333333334 0.0484375
2 0.609375 0.58671875 0.010416666666666666 0.0109375
2 0.203125 0.57734375 0.0020833333333333333 0.0015625
2 0.428125 0.5921875 0.035416666666666666 0.040625
2 0.221875 0.57265625 0.014583333333333334 0.0046875
2 0.23645833333333333 0.571875 0.014583333333333334 0.009375
2 0.5708333333333333 0.5671875 0.004166666666666667 0.003125
2 0.565625 0.5625 0.010416666666666666 0.00625
2 0.8177083333333334 0.559375 0.0020833333333333333 0.003125
2 0.6260416666666667 0.5578125 0.014583333333333334 0.0125
2 0.9177083333333333 0.5515625 0.0020833333333333333 0.003125
2 0.8239583333333333 0.55078125 0.0020833333333333333 0.0015625
2 0.9135416666666667 0.54921875 0.0020833333333333333 0.0015625
2 0.23125 0.54765625 0.004166666666666667 0.0015625
2 0.8635416666666667 0.54609375 0.00625 0.0015625
2 0.846875 0.54609375 0.0020833333333333333 0.0015625
2 0.353125 0.540625 0.00625 0.003125
2 0.3625 0.53828125 0.004166666666666667 0.0046875
2 0.09583333333333334 0.528125 0.0125 0.00625
2 0.6979166666666666 0.5234375 0.004166666666666667 0.003125
2 0.621875 0.5234375 0.0020833333333333333 0.003125
2 0.03958333333333333 0.521875 0.008333333333333333 0.003125
2 0.371875 0.51953125 0.0020833333333333333 0.0015625
2 0.63125 0.5234375 0.0125 0.0125
2 0.6239583333333333 0.51640625 0.0020833333333333333 0.0015625
2 0.640625 0.51640625 0.00625 0.0046875
2 0.9208333333333333 0.52578125 0.008333333333333333 0.0265625
2 0.6145833333333334 0.51328125 0.016666666666666666 0.0046875
2 0.615625 0.50859375 0.0020833333333333333 0.0015625
2 0.609375 0.49765625 0.0020833333333333333 0.0015625
2 0.057291666666666664 0.49296875 0.0020833333333333333 0.0015625
2 0.21354166666666666 0.48359375 0.022916666666666665 0.0109375
2 0.9447916666666667 0.47734375 0.0020833333333333333 0.0015625
2 0.8364583333333333 0.68359375 0.32708333333333334 0.4171875
2 0.11666666666666667 0.49296875 0.07916666666666666 0.0484375
2 0.16041666666666668 0.4578125 0.0125 0.0125
2 0.20729166666666668 0.44140625 0.0020833333333333333 0.0015625
2 0.190625 0.4421875 0.0020833333333333333 0.003125
2 0.028125 0.43203125 0.0020833333333333333 0.0015625
2 0.9989583333333333 0.1703125 0.0020833333333333333 0.003125
2 0.9947916666666666 0.16484375 0.0020833333333333333 0.0015625
2 0.990625 0.11015625 0.0020833333333333333 0.0015625
2 0.11458333333333333 0.08515625 0.004166666666666667 0.0015625
2 0.08854166666666667 0.08515625 0.0020833333333333333 0.0015625
2 0.10520833333333333 0.08359375 0.0020833333333333333 0.0015625
2 0.09895833333333333 0.08359375 0.0020833333333333333 0.0015625
2 0.03958333333333333 0.0859375 0.008333333333333333 0.009375
2 0.11979166666666667 0.08046875 0.0020833333333333333 0.0015625
2 0.115625 0.08046875 0.0020833333333333333 0.0015625
2 0.34791666666666665 0.0796875 0.004166666666666667 0.003125
2 0.34270833333333334 0.07890625 0.0020833333333333333 0.0015625
2 0.10729166666666666 0.07890625 0.0020833333333333333 0.0015625
2 0.07395833333333333 0.0796875 0.0020833333333333333 0.003125
2 0.184375 0.07734375 0.0020833333333333333 0.0015625
2 0.078125 0.07734375 0.0020833333333333333 0.0015625
2 0.190625 0.07578125 0.0020833333333333333 0.0015625
2 0.14583333333333334 0.0765625 0.004166666666666667 0.003125
2 0.13333333333333333 0.078125 0.004166666666666667 0.00625
2 0.06354166666666666 0.07578125 0.0020833333333333333 0.0015625
2 0.640625 0.0734375 0.0020833333333333333 0.003125
2 0.37395833333333334 0.07265625 0.0020833333333333333 0.0015625
2 0.3489583333333333 0.07265625 0.0020833333333333333 0.0015625
2 0.13854166666666667 0.07265625 0.0020833333333333333 0.0015625
2 0.6302083333333334 0.07109375 0.0020833333333333333 0.0015625
2 0.390625 0.071875 0.0020833333333333333 0.003125
2 0.31875 0.071875 0.004166666666666667 0.003125
2 0.13125 0.06953125 0.004166666666666667 0.0015625
2 0.030208333333333334 0.06953125 0.0020833333333333333 0.0015625
2 0.096875 0.0734375 0.014583333333333334 0.0125
2 0.109375 0.06875 0.010416666666666666 0.00625
2 0.6427083333333333 0.06484375 0.0020833333333333333 0.0015625
2 0.3302083333333333 0.06484375 0.0020833333333333333 0.0015625
2 0.13020833333333334 0.06484375 0.0020833333333333333 0.0015625
2 0.11770833333333333 0.06640625 0.00625 0.0046875
2 0.103125 0.06484375 0.0020833333333333333 0.0015625
2 0.034375 0.06484375 0.0020833333333333333 0.0015625
2 0.4635416666666667 0.06328125 0.0020833333333333333 0.0015625
2 0.4552083333333333 0.06171875 0.0020833333333333333 0.0015625
2 0.38645833333333335 0.06484375 0.00625 0.0078125
2 0.1125 0.0625 0.008333333333333333 0.003125
2 0.06354166666666666 0.06171875 0.0020833333333333333 0.0015625
2 0.057291666666666664 0.06171875 0.0020833333333333333 0.0015625
2 0.03854166666666667 0.06171875 0.0020833333333333333 0.0015625
2 0.023958333333333335 0.06171875 0.0020833333333333333 0.0015625
2 0.55625 0.06171875 0.004166666666666667 0.0046875
2 0.13020833333333334 0.06015625 0.0020833333333333333 0.0015625
2 0.12395833333333334 0.06015625 0.0020833333333333333 0.0015625
2 0.46770833333333334 0.05859375 0.0020833333333333333 0.0015625
2 0.4114583333333333 0.05859375 0.0020833333333333333 0.0015625
2 0.40208333333333335 0.059375 0.004166666666666667 0.003125
2 0.3927083333333333 0.06171875 0.00625 0.0078125
2 0.3125 0.06015625 0.004166666666666667 0.0046875
2 0.034375 0.05859375 0.0020833333333333333 0.0015625
2 0.909375 0.05703125 0.0020833333333333333 0.0015625
2 0.775 0.0578125 0.004166666666666667 0.003125
2 0.646875 0.05703125 0.0020833333333333333 0.0015625
2 0.115625 0.0578125 0.0020833333333333333 0.003125
2 0.9375 0.05625 0.004166666666666667 0.003125
2 0.9302083333333333 0.05546875 0.0020833333333333333 0.0015625
2 0.7479166666666667 0.05625 0.004166666666666667 0.003125
2 0.5770833333333333 0.05625 0.004166666666666667 0.003125
2 0.39479166666666665 0.05546875 0.0020833333333333333 0.0015625
2 0.017708333333333333 0.05546875 0.0020833333333333333 0.0015625
2 0.8020833333333334 0.05390625 0.004166666666666667 0.0015625
2 0.9739583333333334 0.053125 0.0020833333333333333 0.003125
2 0.828125 0.05234375 0.0020833333333333333 0.0015625
2 0.728125 0.053125 0.0020833333333333333 0.003125
2 0.3697916666666667 0.05234375 0.0020833333333333333 0.0015625
2 0.284375 0.05703125 0.014583333333333334 0.0109375
2 0.17604166666666668 0.05234375 0.0020833333333333333 0.0015625
2 0.11458333333333333 0.05234375 0.004166666666666667 0.0015625
2 0.028125 0.05234375 0.0020833333333333333 0.0015625
2 0.00625 0.05390625 0.0125 0.0046875
2 0.9291666666666667 0.0515625 0.004166666666666667 0.003125
2 0.790625 0.05078125 0.0020833333333333333 0.0015625
2 0.7552083333333334 0.053125 0.014583333333333334 0.00625
2 0.7010416666666667 0.05078125 0.0020833333333333333 0.0015625
2 0.6822916666666666 0.05078125 0.0020833333333333333 0.0015625
2 0.5760416666666667 0.0515625 0.0020833333333333333 0.003125
2 0.571875 0.05234375 0.0020833333333333333 0.0046875
2 0.19166666666666668 0.0515625 0.004166666666666667 0.003125
2 0.18229166666666666 0.05234375 0.00625 0.0046875
2 0.057291666666666664 0.05078125 0.0020833333333333333 0.0015625
2 0.7802083333333333 0.04921875 0.0020833333333333333 0.0015625
2 0.678125 0.04921875 0.0020833333333333333 0.0015625
2 0.6552083333333333 0.04921875 0.0020833333333333333 0.0015625
2 0.43854166666666666 0.04921875 0.0020833333333333333 0.0015625
2 0.3958333333333333 0.05078125 0.004166666666666667 0.0046875
2 0.3572916666666667 0.05 0.00625 0.003125
2 0.035416666666666666 0.05 0.004166666666666667 0.003125
2 0.9739583333333334 0.04765625 0.0020833333333333333 0.0015625
2 0.753125 0.04765625 0.0020833333333333333 0.0015625
2 0.7322916666666667 0.04765625 0.0020833333333333333 0.0015625
2 0.6958333333333333 0.04921875 0.008333333333333333 0.0046875
2 0.484375 0.04765625 0.0020833333333333333 0.0015625
2 0.20833333333333334 0.0484375 0.004166666666666667 0.003125
2 0.05 0.0484375 0.008333333333333333 0.003125
2 0.9489583333333333 0.0484375 0.010416666666666666 0.00625
2 0.8041666666666667 0.0484375 0.004166666666666667 0.00625
2 0.6760416666666667 0.04609375 0.0020833333333333333 0.0015625
2 0.353125 0.04609375 0.0020833333333333333 0.0015625
2 0.190625 0.046875 0.0020833333333333333 0.003125
2 0.828125 0.04453125 0.0020833333333333333 0.0015625
2 0.7989583333333333 0.04453125 0.0020833333333333333 0.0015625
2 0.6572916666666667 0.0453125 0.0020833333333333333 0.003125
2 0.4510416666666667 0.05234375 0.01875 0.0171875
2 0.06458333333333334 0.04609375 0.004166666666666667 0.0046875
2 0.058333333333333334 0.04453125 0.004166666666666667 0.0015625
2 0.04479166666666667 0.0453125 0.0020833333333333333 0.003125
2 0.9958333333333333 0.04296875 0.004166666666666667 0.0015625
2 0.965625 0.04453125 0.0020833333333333333 0.0046875
2 0.9083333333333333 0.04375 0.008333333333333333 0.003125
2 0.20208333333333334 0.04453125 0.0125 0.0046875
2 0.196875 0.04296875 0.0020833333333333333 0.0015625
2 0.17291666666666666 0.04453125 0.004166666666666667 0.0046875
2 0.7614583333333333 0.0421875 0.00625 0.003125
2 0.7552083333333334 0.04140625 0.0020833333333333333 0.0015625
2 0.703125 0.04140625 0.0020833333333333333 0.0015625
2 0.5010416666666667 0.04140625 0.0020833333333333333 0.0015625
2 0.011458333333333333 0.046875 0.022916666666666665 0.0125
2 0.9635416666666666 0.03984375 0.0020833333333333333 0.0015625
2 0.9197916666666667 0.04140625 0.0020833333333333333 0.0046875
2 0.80625 0.04140625 0.004166666666666667 0.0046875
2 0.5322916666666667 0.040625 0.00625 0.003125
2 0.5208333333333334 0.03984375 0.004166666666666667 0.0015625
2 0.45416666666666666 0.03984375 0.004166666666666667 0.0015625
2 0.21354166666666666 0.040625 0.00625 0.003125
2 0.909375 0.0390625 0.00625 0.003125
2 0.903125 0.0390625 0.0020833333333333333 0.003125
2 0.6885416666666667 0.03828125 0.0020833333333333333 0.0015625
2 0.6260416666666667 0.03828125 0.0020833333333333333 0.0015625
2 0.5510416666666667 0.03828125 0.0020833333333333333 0.0015625
2 0.5270833333333333 0.03828125 0.004166666666666667 0.0015625
2 0.359375 0.03828125 0.0020833333333333333 0.0015625
2 0.16979166666666667 0.03828125 0.0020833333333333333 0.0015625
2 0.06770833333333333 0.03828125 0.0020833333333333333 0.0015625
2 0.6395833333333333 0.0375 0.004166666666666667 0.003125
2 0.07395833333333333 0.03671875 0.0020833333333333333 0.0015625
2 0.7760416666666666 0.03515625 0.0020833333333333333 0.0015625
2 0.678125 0.03828125 0.014583333333333334 0.0078125
2 0.6666666666666666 0.03671875 0.004166666666666667 0.0046875
2 0.659375 0.0359375 0.00625 0.003125
2 0.65 0.0375 0.0125 0.00625
2 0.6260416666666667 0.046875 0.052083333333333336 0.025
2 0.46458333333333335 0.0390625 0.016666666666666666 0.009375
2 0.5 0.3546875 1.0 0.640625
2 0.6447916666666667 0.03359375 0.0020833333333333333 0.0015625
2 0.63125 0.0359375 0.004166666666666667 0.00625
2 0.6229166666666667 0.034375 0.004166666666666667 0.003125
2 0.6135416666666667 0.03359375 0.0020833333333333333 0.0015625
2 0.3572916666666667 0.03359375 0.0020833333333333333 0.0015625
2 0.609375 0.03203125 0.0020833333333333333 0.0015625
2 0.6322916666666667 0.03046875 0.0020833333333333333 0.0015625
2 0.621875 0.03046875 0.0020833333333333333 0.0015625
2 0.35625 0.03046875 0.004166666666666667 0.0015625
2 0.18541666666666667 0.03203125 0.004166666666666667 0.0046875
2 0.071875 0.03046875 0.0020833333333333333 0.0015625
2 0.746875 0.02890625 0.0020833333333333333 0.0015625
2 0.6447916666666667 0.0296875 0.00625 0.003125
2 0.4625 0.03046875 0.008333333333333333 0.0046875
2 0.328125 0.02890625 0.0020833333333333333 0.0015625
2 0.35625 0.02734375 0.004166666666666667 0.0015625
2 0.2635416666666667 0.02734375 0.0020833333333333333 0.0015625
2 0.23541666666666666 0.02890625 0.004166666666666667 0.0046875
2 0.19166666666666668 0.0296875 0.004166666666666667 0.00625
2 0.036458333333333336 0.0375 0.06458333333333334 0.021875
2 0.32395833333333335 0.02578125 0.0020833333333333333 0.0015625
2 0.353125 0.02421875 0.0020833333333333333 0.0015625
2 0.20520833333333333 0.02421875 0.00625 0.0015625
2 0.19791666666666666 0.02734375 0.004166666666666667 0.0078125
2 0.26875 0.0234375 0.008333333333333333 0.003125
2 0.64375 0.02265625 0.004166666666666667 0.0046875
2 0.35520833333333335 0.02109375 0.0020833333333333333 0.0015625
2 0.24895833333333334 0.02109375 0.0020833333333333333 0.0015625
2 0.203125 0.02109375 0.0020833333333333333 0.0015625
2 0.2552083333333333 0.0203125 0.0020833333333333333 0.003125
2 0.21979166666666666 0.02265625 0.027083333333333334 0.0078125
2 0.203125 0.01796875 0.0020833333333333333 0.0015625
2 0.008333333333333333 0.02109375 0.016666666666666666 0.0078125
2 0.6947916666666667 0.01640625 0.0020833333333333333 0.0015625
2 0.21770833333333334 0.015625 0.00625 0.003125
2 0.209375 0.015625 0.00625 0.003125
2 0.015625 0.01484375 0.0020833333333333333 0.0015625
2 0.020833333333333332 0.00859375 0.03333333333333333 0.0140625
2 0.027083333333333334 0.003125 0.0125 0.00625
