0 0.553125 0.95390625 0.00625 0.0078125
0 0.5791666666666667 0.90390625 0.004166666666666667 0.0078125
0 0.11979166666666667 0.796875 0.00625 0.003125
0 0.07916666666666666 0.7953125 0.025 0.00625
0 0.38645833333333335 0.71328125 0.0020833333333333333 0.0015625
0 0.596875 0.62265625 0.0020833333333333333 0.0015625
0 0.46979166666666666 0.59765625 0.0020833333333333333 0.0015625
0 0.46041666666666664 0.5890625 0.0125 0.00625
0 0.39791666666666664 0.64140625 0.029166666666666667 0.1171875
0 0.42604166666666665 0.58046875 0.00625 0.0046875
0 0.5208333333333334 0.59296875 0.13333333333333333 0.0484375
0 0.036458333333333336 0.53828125 0.00625 0.0046875
0 0.0020833333333333333 0.5375 0.004166666666666667 0.003125
0 0.01875 0.52890625 0.029166666666666667 0.0140625
0 0.9979166666666667 0.51328125 0.004166666666666667 0.0046875
0 0.365625 0.50703125 0.0020833333333333333 0.0015625
0 0.36770833333333336 0.503125 0.0020833333333333333 0.003125
0 0.48854166666666665 0.5015625 0.022916666666666665 0.021875
0 0.3260416666666667 0.521875 0.21875 0.10625
0 0.353125 0.46171875 0.027083333333333334 0.0078125
0 0.06770833333333333 0.45390625 0.00625 0.0078125
0 0.340625 0.44921875 0.0020833333333333333 0.0015625
0 0.33645833333333336 0.44921875 0.0020833333333333333 0.0015625
0 0.396875 0.45390625 0.035416666666666666 0.0140625
0 0.3645833333333333 0.44765625 0.004166666666666667 0.0015625
0 0.446875 0.45390625 0.027083333333333334 0.0171875
0 0.3885416666666667 0.44765625 0.014583333333333334 0.0046875
0 0.30416666666666664 0.4546875 0.05 0.01875
0 0.36770833333333336 0.44296875 0.0020833333333333333 0.0015625
0 0.475 0.4421875 0.029166666666666667 0.015625
0 0.525 0.4484375 0.05 0.040625
0 0.503125 0.425 0.0020833333333333333 0.003125
0 0.11354166666666667 0.384375 0.01875 0.01875
0 0.12708333333333333 0.371875 0.03333333333333333 0.028125
0 0.971875 0.34765625 0.00625 0.0015625
0 0.9645833333333333 0.34296875 0.004166666666666667 0.0015625
0 0.007291666666666667 0.3421875 0.014583333333333334 0.009375
0 0.1 0.33671875 0.004166666666666667 0.0015625
0 0.015625 0.33359375 0.0020833333333333333 0.0015625
0 0.5739583333333333 0.37734375 0.18541666666666667 0.0921875
0 0.05520833333333333 0.33203125 0.0020833333333333333 0.0015625
0 0.06145833333333333 0.33203125 0.00625 0.0046875
0 0.025 0.3234375 0.016666666666666666 0.003125
0 0.9947916666666666 0.2890625 0.00625 0.003125
0 0.0020833333333333333 0.284375 0.004166666666666667 0.009375
0 0.046875 0.28046875 0.010416666666666666 0.0109375
0 0.12395833333333334 0.30859375 0.13541666666666666 0.0921875
0 0.8479166666666667 0.265625 0.025 0.009375
0 0.8989583333333333 0.26015625 0.0020833333333333333 0.0015625
0 0.98125 0.26015625 0.016666666666666666 0.0078125
0 0.9177083333333333 0.253125 0.10208333333333333 0.01875
0 0.30416666666666664 0.19296875 0.041666666666666664 0.0078125
0 0.046875 0.190625 0.00625 0.003125
0 0.11875 0.184375 0.0125 0.0125
0 0.30625 0.17578125 0.008333333333333333 0.0015625
0 0.74375 0.153125 0.004166666666666667 0.003125
0 0.7364583333333333 0.14921875 0.00625 0.0046875
0 0.6947916666666667 0.1421875 0.00625 0.003125
0 0.06666666666666667 0.1921875 0.13333333333333333 0.121875
0 0.7572916666666667 0.12578125 0.014583333333333334 0.0109375
0 0.7145833333333333 0.11171875 0.0125 0.0109375
0 0.30104166666666665 0.13515625 0.09375 0.0734375
0 0.009375 0.11171875 0.01875 0.0265625
0 0.7104166666666667 0.096875 0.004166666666666667 0.003125
0 0.096875 0.09140625 0.0020833333333333333 0.0015625
0 0.21041666666666667 0.12109375 0.07083333333333333 0.0671875
0 0.7104166666666667 0.08359375 0.004166666666666667 0.0046875
0 0.284375 0.07734375 0.0020833333333333333 0.0015625
0 0.646875 0.07265625 0.0020833333333333333 0.0015625
0 0.5020833333333333 0.06015625 0.004166666666666667 0.0015625
0 0.121875 0.08125 0.04375 0.04375
0 0.058333333333333334 0.0859375 0.07916666666666666 0.05625
0 0.50625 0.0546875 0.008333333333333333 0.003125
0 0.4635416666666667 0.05078125 0.0020833333333333333 0.0015625
0 0.453125 0.04921875 0.0020833333333333333 0.0015625
0 0.5072916666666667 0.0484375 0.014583333333333334 0.00625
0 0.953125 0.04609375 0.00625 0.0078125
0 0.48125 0.0484375 0.03333333333333333 0.0125
0 0.48020833333333335 0.04140625 0.0020833333333333333 0.0015625
0 0.953125 0.03984375 0.0020833333333333333 0.0015625
0 0.6270833333333333 0.0421875 0.008333333333333333 0.00625
0 0.9885416666666667 0.04296875 0.022916666666666665 0.0171875
0 0.709375 0.03359375 0.0020833333333333333 0.0015625
0 0.603125 0.0328125 0.0020833333333333333 0.003125
0 0.46875 0.03828125 0.0625 0.0171875
0 0.05625 0.0296875 0.008333333333333333 0.00625
0 0.9125 0.0296875 0.016666666666666666 0.0125
0 0.23645833333333333 0.02265625 0.01875 0.0046875
0 0.16875 0.02265625 0.004166666666666667 0.0046875
0 0.61875 0.0234375 0.020833333333333332 0.009375
0 0.6927083333333334 0.0265625 0.014583333333333334 0.01875
0 0.6645833333333333 0.01953125 0.004166666666666667 0.0078125
0 0.2760416666666667 0.02109375 0.01875 0.0109375
0 0.10104166666666667 0.01328125 0.0020833333333333333 0.0015625
0 0.6135416666666667 0.0140625 0.0020833333333333333 0.00625
0 0.7510416666666667 0.0109375 0.00625 0.003125
0 0.6625 0.0109375 0.004166666666666667 0.00625
0 0.08125 0.0125 0.025 0.009375
0 0.18958333333333333 0.0078125 0.008333333333333333 0.00625
0 0.7364583333333333 0.05 0.11458333333333333 0.1
0 0.64375 0.009375 0.025 0.01875
0 0.6041666666666666 0.0046875 0.029166666666666667 0.009375
0 0.38333333333333336 0.00546875 0.016666666666666666 0.0109375
0 0.19270833333333334 0.0015625 0.00625 0.003125
0 0.16875 0.00234375 0.004166666666666667 0.0046875
0 0.14166666666666666 0.003125 0.016666666666666666 0.00625
0 0.10416666666666667 0.0046875 0.0125 0.009375
1 0.23541666666666666 0.9984375 0.004166666666666667 0.003125
1 0.48020833333333335 0.98671875 0.0020833333333333333 0.0015625
1 0.453125 0.98671875 0.0020833333333333333 0.0015625
1 0.46041666666666664 0.9890625 0.008333333333333333 0.009375
1 0.4875 0.9796875 0.004166666666666667 0.003125
1 0.009375 0.978125 0.0020833333333333333 0.003125
1 0.465625 0.97421875 0.0020833333333333333 0.0015625
1 0.465625 0.97109375 0.0020833333333333333 0.0015625
1 0.028125 0.97109375 0.0020833333333333333 0.0015625
1 0.496875 0.96875 0.014583333333333334 0.015625
1 0.03229166666666667 0.95390625 0.0020833333333333333 0.0046875
1 0.016666666666666666 0.94375 0.004166666666666667 0.003125
1 0.465625 0.94296875 0.0020833333333333333 0.0078125
1 0.021875 0.96640625 0.01875 0.0671875
1 0.44895833333333335 0.9234375 0.0020833333333333333 0.003125
1 0.023958333333333335 0.92109375 0.0020833333333333333 0.0015625
1 0.45416666666666666 0.925 0.008333333333333333 0.015625
1 0.078125 0.9203125 0.00625 0.009375
1 0.08229166666666667 0.9125 0.0020833333333333333 0.003125
1 0.084375 0.90703125 0.0020833333333333333 0.0015625
1 0.034375 0.915625 0.014583333333333334 0.025
1 0.08229166666666667 0.90078125 0.0020833333333333333 0.0015625
1 0.052083333333333336 0.903125 0.008333333333333333 0.00625
1 0.6583333333333333 0.9109375 0.03333333333333333 0.025
1 0.06354166666666666 0.8984375 0.0020833333333333333 0.003125
1 0.04583333333333333 0.896875 0.004166666666666667 0.00625
1 0.06458333333333334 0.89296875 0.004166666666666667 0.0046875
1 0.06145833333333333 0.89140625 0.0020833333333333333 0.0015625
1 0.06979166666666667 0.8859375 0.0020833333333333333 0.003125
1 0.10520833333333333 0.8734375 0.0020833333333333333 0.003125
1 0.09270833333333334 0.88125 0.01875 0.028125
1 0.017708333333333333 0.86015625 0.0020833333333333333 0.0015625
1 0.10208333333333333 0.86015625 0.004166666666666667 0.0046875
1 0.13020833333333334 0.85703125 0.0020833333333333333 0.0015625
1 0.06979166666666667 0.865625 0.010416666666666666 0.01875
1 0.06770833333333333 0.85625 0.0020833333333333333 0.003125
1 0.034375 0.8609375 0.010416666666666666 0.0125
1 0.1125 0.85546875 0.004166666666666667 0.0046875
1 0.016666666666666666 0.8625 0.03333333333333333 0.025
1 0.053125 0.8703125 0.022916666666666665 0.04375
1 0.11979166666666667 0.84609375 0.0020833333333333333 0.0015625
1 0.06875 0.84765625 0.004166666666666667 0.0078125
1 0.041666666666666664 0.84453125 0.016666666666666666 0.0109375
1 0.06458333333333334 0.8390625 0.008333333333333333 0.00625
1 0.05416666666666667 0.83515625 0.008333333333333333 0.0078125
1 0.6177083333333333 0.83046875 0.0020833333333333333 0.0015625
1 0.078125 0.82890625 0.0020833333333333333 0.0015625
1 0.05520833333333333 0.82734375 0.010416666666666666 0.0046875
1 0.07604166666666666 0.82265625 0.01875 0.0078125
1 0.084375 0.81015625 0.0020833333333333333 0.0015625
1 0.051041666666666666 0.8078125 0.027083333333333334 0.009375
1 0.1 0.80234375 0.004166666666666667 0.0015625
1 0.06666666666666667 0.80234375 0.004166666666666667 0.0015625
1 0.03854166666666667 0.7984375 0.010416666666666666 0.003125
1 0.13229166666666667 0.79765625 0.00625 0.0046875
1 0.0375 0.790625 0.0125 0.00625
1 0.09270833333333334 0.78046875 0.0020833333333333333 0.0015625
1 0.16354166666666667 0.78203125 0.014583333333333334 0.0078125
1 0.10208333333333333 0.7859375 0.041666666666666664 0.015625
1 0.15520833333333334 0.77734375 0.0020833333333333333 0.0015625
1 0.057291666666666664 0.77734375 0.00625 0.0015625
1 0.042708333333333334 0.7765625 0.01875 0.003125
1 0.11770833333333333 0.77421875 0.0020833333333333333 0.0015625
1 0.11354166666666667 0.77421875 0.0020833333333333333 0.0046875
1 0.12083333333333333 0.765625 0.016666666666666666 0.0125
1 0.16979166666666667 0.7640625 0.027083333333333334 0.021875
1 0.134375 0.75390625 0.0020833333333333333 0.0015625
1 0.38333333333333336 0.7484375 0.004166666666666667 0.003125
1 0.16770833333333332 0.7484375 0.0020833333333333333 0.003125
1 0.13541666666666666 0.7453125 0.004166666666666667 0.003125
1 0.15208333333333332 0.7375 0.016666666666666666 0.009375
1 0.17604166666666668 0.728125 0.00625 0.00625
1 0.1625 0.728125 0.0125 0.009375
1 0.17291666666666666 0.71953125 0.008333333333333333 0.0046875
1 0.20520833333333333 0.71171875 0.0020833333333333333 0.0015625
1 0.21145833333333333 0.70703125 0.00625 0.0078125
1 0.19375 0.70703125 0.03333333333333333 0.0203125
1 0.359375 0.69296875 0.0020833333333333333 0.0015625
1 0.221875 0.69296875 0.0020833333333333333 0.0015625
1 0.21458333333333332 0.69296875 0.008333333333333333 0.0046875
1 0.409375 0.68515625 0.0020833333333333333 0.0015625
1 0.3145833333333333 0.69140625 0.075 0.0171875
1 0.13229166666666667 0.68359375 0.0020833333333333333 0.0015625
1 0.378125 0.67734375 0.0020833333333333333 0.0015625
1 0.140625 0.66953125 0.0020833333333333333 0.0015625
1 0.21458333333333332 0.66796875 0.004166666666666667 0.0015625
1 0.215625 0.66484375 0.0020833333333333333 0.0015625
1 0.3802083333333333 0.65703125 0.0020833333333333333 0.0015625
1 0.08020833333333334 0.65390625 0.0020833333333333333 0.0015625
1 0.10416666666666667 0.66640625 0.05416666666666667 0.0296875
1 0.09479166666666666 0.64609375 0.0020833333333333333 0.0015625
1 0.26979166666666665 0.64296875 0.0020833333333333333 0.0015625
1 0.146875 0.63828125 0.0020833333333333333 0.0015625
1 0.5302083333333333 0.63515625 0.0020833333333333333 0.0015625
1 0.6302083333333334 0.63359375 0.0020833333333333333 0.0015625
1 0.28229166666666666 0.634375 0.00625 0.003125
1 0.5145833333333333 0.63515625 0.016666666666666666 0.0078125
1 0.221875 0.63203125 0.0020833333333333333 0.0015625
1 0.5135416666666667 0.62890625 0.0020833333333333333 0.0015625
1 0.38125 0.63203125 0.004166666666666667 0.0078125
1 0.21979166666666666 0.6296875 0.00625 0.003125
1 0.5072916666666667 0.628125 0.00625 0.003125
1 0.615625 0.6265625 0.0020833333333333333 0.003125
1 0.15833333333333333 0.61640625 0.008333333333333333 0.0078125
1 0.53125 0.6140625 0.016666666666666666 0.00625
1 0.17083333333333334 0.65390625 0.14166666666666666 0.0859375
1 0.4979166666666667 0.6109375 0.008333333333333333 0.003125
1 0.4895833333333333 0.61015625 0.004166666666666667 0.0015625
1 0.546875 0.609375 0.00625 0.003125
1 0.5177083333333333 0.60859375 0.0020833333333333333 0.0015625
1 0.5354166666666667 0.60546875 0.008333333333333333 0.0046875
1 0.503125 0.60390625 0.0020833333333333333 0.0015625
1 0.496875 0.60234375 0.00625 0.0015625
1 0.5083333333333333 0.596875 0.0125 0.003125
1 0.48125 0.59296875 0.0125 0.0046875
1 0.4666666666666667 0.6109375 0.075 0.05
1 0.42083333333333334 0.58828125 0.0125 0.0109375
1 0.41354166666666664 0.58359375 0.0020833333333333333 0.0015625
1 0.4197916666666667 0.58046875 0.0020833333333333333 0.0015625
1 0.31666666666666665 0.57578125 0.004166666666666667 0.0015625
1 0.4864583333333333 0.56640625 0.0020833333333333333 0.0015625
1 0.45 0.5703125 0.029166666666666667 0.009375
1 0.057291666666666664 0.56328125 0.0020833333333333333 0.0015625
1 0.30104166666666665 0.56015625 0.0020833333333333333 0.0015625
1 0.26666666666666666 0.596875 0.11666666666666667 0.084375
1 0.28541666666666665 0.55234375 0.004166666666666667 0.0015625
1 0.278125 0.55234375 0.0020833333333333333 0.0015625
1 0.4083333333333333 0.55546875 0.029166666666666667 0.0109375
1 0.309375 0.54921875 0.0020833333333333333 0.0015625
1 0.06354166666666666 0.55390625 0.014583333333333334 0.0109375
1 0.3020833333333333 0.54765625 0.004166666666666667 0.0015625
1 0.4197916666666667 0.54765625 0.0020833333333333333 0.0046875
1 0.058333333333333334 0.54375 0.008333333333333333 0.00625
1 0.016666666666666666 0.5484375 0.03333333333333333 0.015625
1 0.07708333333333334 0.5390625 0.004166666666666667 0.003125
1 0.07291666666666667 0.540625 0.0125 0.0125
1 0.04791666666666667 0.53515625 0.004166666666666667 0.0015625
1 0.41770833333333335 0.53515625 0.0020833333333333333 0.0046875
1 0.259375 0.53359375 0.0020833333333333333 0.0015625
1 0.24895833333333334 0.52890625 0.0020833333333333333 0.0015625
1 0.03854166666666667 0.53203125 0.010416666666666666 0.0078125
1 0.0020833333333333333 0.53046875 0.004166666666666667 0.0046875
1 0.40520833333333334 0.52109375 0.0020833333333333333 0.0015625
1 0.328125 0.51953125 0.010416666666666666 0.0046875
1 0.40520833333333334 0.515625 0.0020833333333333333 0.003125
1 0.503125 0.515625 0.010416666666666666 0.00625
1 0.23645833333333333 0.51328125 0.0020833333333333333 0.0015625
1 0.22604166666666667 0.5140625 0.00625 0.003125
1 0.20416666666666666 0.5140625 0.008333333333333333 0.003125
1 0.3614583333333333 0.51015625 0.0020833333333333333 0.0015625
1 0.22083333333333333 0.51015625 0.008333333333333333 0.0015625
1 0.13645833333333332 0.51015625 0.00625 0.0015625
1 0.18125 0.51640625 0.03333333333333333 0.0171875
1 0.15 0.50859375 0.004166666666666667 0.0015625
1 0.47708333333333336 0.50703125 0.004166666666666667 0.0015625
1 0.37083333333333335 0.5078125 0.008333333333333333 0.00625
1 0.2916666666666667 0.50625 0.004166666666666667 0.003125
1 0.23229166666666667 0.50390625 0.0020833333333333333 0.0015625
1 0.284375 0.50234375 0.0020833333333333333 0.0015625
1 0.4125 0.52109375 0.0125 0.0421875
1 0.37395833333333334 0.5015625 0.0020833333333333333 0.003125
1 0.28020833333333334 0.50078125 0.0020833333333333333 0.0015625
1 0.20416666666666666 0.50390625 0.016666666666666666 0.0078125
1 0.184375 0.50078125 0.0020833333333333333 0.0015625
1 0.47291666666666665 0.50078125 0.004166666666666667 0.0046875
1 0.215625 0.49921875 0.0020833333333333333 0.0015625
1 0.4979166666666667 0.496875 0.004166666666666667 0.003125
1 0.23229166666666667 0.49296875 0.0020833333333333333 0.0015625
1 0.49375 0.4921875 0.004166666666666667 0.003125
1 0.446875 0.48984375 0.0020833333333333333 0.0015625
1 0.340625 0.48828125 0.0020833333333333333 0.0015625
1 0.2708333333333333 0.49140625 0.008333333333333333 0.0078125
1 0.278125 0.4875 0.0020833333333333333 0.003125
1 0.45416666666666666 0.4859375 0.008333333333333333 0.003125
1 0.284375 0.48515625 0.0020833333333333333 0.0015625
1 0.36354166666666665 0.48359375 0.0020833333333333333 0.0015625
1 0.28958333333333336 0.48359375 0.004166666666666667 0.0015625
1 0.296875 0.48203125 0.0020833333333333333 0.0015625
1 0.3625 0.4890625 0.0375 0.01875
1 0.30416666666666664 0.48203125 0.008333333333333333 0.0046875
1 0.309375 0.47890625 0.0020833333333333333 0.0015625
1 0.32395833333333335 0.478125 0.022916666666666665 0.00625
1 0.34270833333333334 0.4734375 0.014583333333333334 0.0125
1 0.21666666666666667 0.471875 0.0125 0.009375
1 0.353125 0.46640625 0.00625 0.0015625
1 0.225 0.4703125 0.016666666666666666 0.009375
1 0.39895833333333336 0.46484375 0.0020833333333333333 0.0015625
1 0.36770833333333336 0.46484375 0.0020833333333333333 0.0015625
1 0.4947916666666667 0.47890625 0.09375 0.0328125
1 0.4239583333333333 0.47421875 0.04375 0.0234375
1 0.5239583333333333 0.46171875 0.0020833333333333333 0.0015625
1 0.3854166666666667 0.4625 0.020833333333333332 0.003125
1 0.5270833333333333 0.45859375 0.004166666666666667 0.0015625
1 0.0020833333333333333 0.45859375 0.004166666666666667 0.0046875
1 0.5020833333333333 0.45703125 0.004166666666666667 0.0046875
1 0.45416666666666666 0.4578125 0.0125 0.00625
1 0.2875 0.45625 0.004166666666666667 0.003125
1 0.20520833333333333 0.46015625 0.010416666666666666 0.0109375
1 0.4635416666666667 0.4546875 0.0020833333333333333 0.003125
1 0.28229166666666666 0.45390625 0.0020833333333333333 0.0015625
1 0.46770833333333334 0.45234375 0.0020833333333333333 0.0015625
1 0.015625 0.45234375 0.0020833333333333333 0.0015625
1 0.534375 0.45078125 0.0020833333333333333 0.0015625
1 0.471875 0.45078125 0.0020833333333333333 0.0015625
1 0.019791666666666666 0.45078125 0.0020833333333333333 0.0015625
1 0.5114583333333333 0.44921875 0.0020833333333333333 0.0015625
1 0.47604166666666664 0.44921875 0.0020833333333333333 0.0015625
1 0.5104166666666666 0.4453125 0.004166666666666667 0.003125
1 0.35520833333333335 0.44296875 0.00625 0.0015625
1 0.5177083333333333 0.44140625 0.0020833333333333333 0.0015625
1 0.39479166666666665 0.44140625 0.0020833333333333333 0.0015625
1 0.390625 0.44140625 0.0020833333333333333 0.0015625
1 0.38645833333333335 0.44140625 0.0020833333333333333 0.0015625
1 0.4895833333333333 0.44453125 0.020833333333333332 0.0109375
1 0.41770833333333335 0.440625 0.014583333333333334 0.00625
1 0.37916666666666665 0.4390625 0.008333333333333333 0.003125
1 0.5489583333333333 0.44296875 0.01875 0.0171875
1 0.340625 0.43515625 0.014583333333333334 0.0109375
1 0.48125 0.42734375 0.004166666666666667 0.0015625
1 0.5604166666666667 0.42578125 0.016666666666666666 0.0046875
1 0.596875 0.42265625 0.0020833333333333333 0.0015625
1 0.5791666666666667 0.42421875 0.016666666666666666 0.0046875
1 0.5197916666666667 0.43046875 0.035416666666666666 0.0171875
1 0.003125 0.42421875 0.00625 0.0046875
1 0.5927083333333333 0.42109375 0.0020833333333333333 0.0015625
1 0.5114583333333333 0.42109375 0.0020833333333333333 0.0015625
1 0.090625 0.42109375 0.0020833333333333333 0.0015625
1 0.5354166666666667 0.421875 0.008333333333333333 0.00625
1 0.4979166666666667 0.421875 0.0125 0.00625
1 0.44479166666666664 0.4375 0.04791666666666667 0.0375
1 0.5802083333333333 0.41796875 0.0020833333333333333 0.0015625
1 0.371875 0.41640625 0.0020833333333333333 0.0015625
1 0.005208333333333333 0.4171875 0.0020833333333333333 0.003125
1 0.5270833333333333 0.41484375 0.004166666666666667 0.0015625
1 0.5802083333333333 0.4140625 0.014583333333333334 0.00625
1 0.515625 0.41484375 0.010416666666666666 0.0078125
1 0.5489583333333333 0.41171875 0.03125 0.0046875
1 0.011458333333333333 0.41015625 0.00625 0.0078125
1 0.546875 0.40078125 0.0020833333333333333 0.0015625
1 0.553125 0.39921875 0.0020833333333333333 0.0015625
1 0.13541666666666666 0.39609375 0.0125 0.0015625
1 0.11458333333333333 0.39609375 0.004166666666666667 0.0015625
1 0.10833333333333334 0.39609375 0.004166666666666667 0.0015625
1 0.06458333333333334 0.39765625 0.004166666666666667 0.0046875
1 0.10208333333333333 0.39140625 0.004166666666666667 0.0015625
1 0.06354166666666666 0.39140625 0.0020833333333333333 0.0015625
1 0.042708333333333334 0.38828125 0.0020833333333333333 0.0015625
1 0.9927083333333333 0.39609375 0.014583333333333334 0.0203125
1 0.053125 0.3859375 0.0020833333333333333 0.003125
1 0.49895833333333334 0.38203125 0.0020833333333333333 0.0015625
1 0.37916666666666665 0.403125 0.020833333333333332 0.04375
1 0.14166666666666666 0.3875 0.016666666666666666 0.0125
1 0.5083333333333333 0.37734375 0.004166666666666667 0.0015625
1 0.6135416666666667 0.37578125 0.0020833333333333333 0.0015625
1 0.5135416666666667 0.37578125 0.0020833333333333333 0.0015625
1 0.14791666666666667 0.3765625 0.004166666666666667 0.003125
1 0.06458333333333334 0.38125 0.020833333333333332 0.0125
1 0.4239583333333333 0.37421875 0.0020833333333333333 0.0015625
1 0.128125 0.37421875 0.0020833333333333333 0.0015625
1 0.115625 0.37265625 0.0020833333333333333 0.0015625
1 0.328125 0.3703125 0.00625 0.00625
1 0.28541666666666665 0.37109375 0.016666666666666666 0.0078125
1 0.146875 0.36796875 0.0020833333333333333 0.0015625
1 0.3885416666666667 0.3765625 0.014583333333333334 0.034375
1 0.9989583333333333 0.35859375 0.0020833333333333333 0.0015625
1 0.5510416666666667 0.35703125 0.0020833333333333333 0.0015625
1 0.665625 0.35546875 0.0020833333333333333 0.0015625
1 0.55625 0.35546875 0.004166666666666667 0.0015625
1 0.14479166666666668 0.35234375 0.0020833333333333333 0.0015625
1 0.678125 0.34921875 0.0020833333333333333 0.0015625
1 0.6822916666666666 0.34765625 0.0020833333333333333 0.0015625
1 0.990625 0.34609375 0.0020833333333333333 0.0015625
1 0.9197916666666667 0.3546875 0.06458333333333334 0.03125
1 0.9697916666666667 0.33515625 0.0020833333333333333 0.0015625
1 0.265625 0.33203125 0.0020833333333333333 0.0015625
1 0.2864583333333333 0.32890625 0.0020833333333333333 0.0015625
1 0.7260416666666667 0.32578125 0.0020833333333333333 0.0015625
1 0.45625 0.38046875 0.07083333333333333 0.1109375
1 0.2677083333333333 0.325 0.00625 0.003125
1 0.7322916666666667 0.32265625 0.0020833333333333333 0.0015625
1 0.04791666666666667 0.35078125 0.09583333333333334 0.0578125
1 0.05520833333333333 0.32265625 0.0020833333333333333 0.0015625
1 0.21041666666666667 0.32109375 0.004166666666666667 0.0015625
1 0.68125 0.31953125 0.004166666666666667 0.0015625
1 0.7416666666666667 0.31953125 0.008333333333333333 0.0046875
1 0.20104166666666667 0.315625 0.0020833333333333333 0.003125
1 0.7364583333333333 0.3125 0.00625 0.003125
1 0.9885416666666667 0.29453125 0.0020833333333333333 0.0015625
1 0.3177083333333333 0.29453125 0.0020833333333333333 0.0015625
1 0.036458333333333336 0.3046875 0.03125 0.021875
1 0.31354166666666666 0.29140625 0.0020833333333333333 0.0015625
1 0.9822916666666667 0.290625 0.0020833333333333333 0.003125
1 0.4354166666666667 0.29453125 0.008333333333333333 0.0109375
1 0.31145833333333334 0.28828125 0.0020833333333333333 0.0015625
1 0.2625 0.309375 0.125 0.05
1 0.9989583333333333 0.28203125 0.0020833333333333333 0.0015625
1 0.290625 0.28203125 0.0020833333333333333 0.0015625
1 0.30416666666666664 0.28125 0.004166666666666667 0.003125
1 0.31145833333333334 0.27890625 0.0020833333333333333 0.0015625
1 0.17604166666666668 0.27734375 0.0020833333333333333 0.0015625
1 0.190625 0.2765625 0.00625 0.003125
1 0.18229166666666666 0.27578125 0.00625 0.0015625
1 0.8239583333333333 0.27421875 0.0020833333333333333 0.0015625
1 0.290625 0.27421875 0.0020833333333333333 0.0015625
1 0.16354166666666667 0.27421875 0.0020833333333333333 0.0015625
1 0.159375 0.27265625 0.0020833333333333333 0.0015625
1 0.013541666666666667 0.27109375 0.00625 0.0015625
1 0.9697916666666667 0.26796875 0.0020833333333333333 0.0015625
1 0.8229166666666666 0.26953125 0.004166666666666667 0.0046875
1 0.03229166666666667 0.28046875 0.052083333333333336 0.0265625
1 0.9854166666666667 0.27734375 0.029166666666666667 0.0265625
1 0.084375 0.26953125 0.01875 0.0109375
1 0.09895833333333333 0.26328125 0.0020833333333333333 0.0015625
1 0.0125 0.25859375 0.004166666666666667 0.0078125
1 0.45416666666666666 0.27265625 0.029166666666666667 0.0390625
1 0.303125 0.2515625 0.00625 0.003125
1 0.265625 0.26796875 0.06875 0.0359375
1 0.2708333333333333 0.246875 0.008333333333333333 0.00625
1 0.9385416666666667 0.23203125 0.03125 0.0140625
1 0.365625 0.22109375 0.0020833333333333333 0.0015625
1 0.11979166666666667 0.21484375 0.0020833333333333333 0.0015625
1 0.121875 0.21015625 0.0020833333333333333 0.0015625
1 0.121875 0.20234375 0.0020833333333333333 0.0015625
1 0.004166666666666667 0.20546875 0.008333333333333333 0.0078125
1 0.32395833333333335 0.17109375 0.0020833333333333333 0.0015625
1 0.340625 0.165625 0.027083333333333334 0.009375
1 0.35520833333333335 0.1578125 0.0020833333333333333 0.003125
1 0.2604166666666667 0.15859375 0.008333333333333333 0.0078125
1 0.3541666666666667 0.15234375 0.004166666666666667 0.0046875
1 0.35104166666666664 0.15078125 0.0020833333333333333 0.0015625
1 0.25729166666666664 0.15078125 0.0020833333333333333 0.0015625
1 0.353125 0.146875 0.0020833333333333333 0.003125
1 0.7520833333333333 0.1484375 0.016666666666666666 0.009375
1 0.2552083333333333 0.14609375 0.0020833333333333333 0.0046875
1 0.7010416666666667 0.14140625 0.0020833333333333333 0.0015625
1 0.453125 0.13984375 0.010416666666666666 0.0078125
1 0.421875 0.12734375 0.0020833333333333333 0.0015625
1 0.0010416666666666667 0.12734375 0.0020833333333333333 0.0015625
1 0.24895833333333334 0.128125 0.00625 0.00625
1 0.9677083333333333 0.12265625 0.0020833333333333333 0.0015625
1 0.34270833333333334 0.12265625 0.0020833333333333333 0.0015625
1 0.734375 0.12109375 0.0020833333333333333 0.0015625
1 0.7333333333333333 0.1328125 0.05 0.028125
1 0.984375 0.115625 0.00625 0.003125
1 0.340625 0.11171875 0.0020833333333333333 0.0015625
1 0.7072916666666667 0.10859375 0.0020833333333333333 0.0015625
1 0.33125 0.10390625 0.004166666666666667 0.0015625
1 0.7 0.10078125 0.004166666666666667 0.0015625
1 0.459375 0.10078125 0.0020833333333333333 0.0015625
1 0.13958333333333334 0.1046875 0.004166666666666667 0.009375
1 0.31979166666666664 0.09921875 0.010416666666666666 0.0078125
1 0.7302083333333333 0.10234375 0.04791666666666667 0.0203125
1 0.9625 0.1015625 0.058333333333333334 0.021875
1 0.234375 0.1 0.01875 0.01875
1 0.690625 0.09453125 0.00625 0.0109375
1 0.6864583333333333 0.08671875 0.0020833333333333333 0.0015625
1 0.7052083333333333 0.08515625 0.0020833333333333333 0.0015625
1 0.14895833333333333 0.08046875 0.0020833333333333333 0.0015625
1 0.7020833333333333 0.08203125 0.004166666666666667 0.0078125
1 0.475 0.07265625 0.008333333333333333 0.0078125
1 0.45625 0.08359375 0.025 0.0296875
1 0.7947916666666667 0.06640625 0.0020833333333333333 0.0015625
1 0.015625 0.06875 0.00625 0.00625
1 0.7760416666666666 0.06796875 0.01875 0.0078125
1 0.796875 0.0625 0.0020833333333333333 0.003125
1 0.6458333333333334 0.0609375 0.004166666666666667 0.003125
1 0.7135416666666666 0.06640625 0.022916666666666665 0.0171875
1 0.9395833333333333 0.071875 0.05416666666666667 0.03125
1 0.013541666666666667 0.05703125 0.0020833333333333333 0.0015625
1 0.9947916666666666 0.05546875 0.0020833333333333333 0.0015625
1 0.790625 0.05390625 0.0020833333333333333 0.0015625
1 0.17604166666666668 0.16484375 0.35208333333333336 0.2234375
1 0.6197916666666666 0.05234375 0.0020833333333333333 0.0015625
1 0.996875 0.0515625 0.0020833333333333333 0.003125
1 0.6416666666666667 0.05390625 0.020833333333333332 0.0109375
1 0.140625 0.0515625 0.010416666666666666 0.009375
1 0.14479166666666668 0.04609375 0.0020833333333333333 0.0015625
1 0.796875 0.04765625 0.00625 0.0078125
1 0.7885416666666667 0.04296875 0.0020833333333333333 0.0015625
1 0.6177083333333333 0.04375 0.0020833333333333333 0.003125
1 0.35 0.04296875 0.004166666666666667 0.0015625
1 0.7364583333333333 0.04140625 0.0020833333333333333 0.0015625
1 0.659375 0.0671875 0.03125 0.053125
1 0.9239583333333333 0.03984375 0.0020833333333333333 0.0015625
1 0.9197916666666667 0.03984375 0.0020833333333333333 0.0015625
1 0.9104166666666667 0.0390625 0.008333333333333333 0.003125
1 0.8989583333333333 0.03359375 0.0020833333333333333 0.0015625
1 0.41770833333333335 0.05 0.06041666666666667 0.034375
1 0.9614583333333333 0.046875 0.014583333333333334 0.03125
1 0.634375 0.0359375 0.01875 0.009375
1 0.303125 0.0328125 0.00625 0.003125
1 0.9260416666666667 0.02890625 0.0020833333333333333 0.0015625
1 0.6104166666666667 0.02734375 0.004166666666666667 0.0015625
1 0.75 0.02578125 0.008333333333333333 0.0046875
1 0.3458333333333333 0.02890625 0.008333333333333333 0.0109375
1 0.8979166666666667 0.021875 0.004166666666666667 0.003125
1 0.9177083333333333 0.01953125 0.0020833333333333333 0.0015625
1 0.8260416666666667 0.01953125 0.0020833333333333333 0.0015625
1 0.6375 0.021875 0.008333333333333333 0.00625
1 0.6291666666666667 0.02109375 0.004166666666666667 0.0046875
1 0.821875 0.01640625 0.014583333333333334 0.0078125
1 0.546875 0.01328125 0.00625 0.0015625
1 0.18229166666666666 0.06640625 0.06875 0.1078125
1 0.45208333333333334 0.015625 0.0125 0.009375
1 0.321875 0.01484375 0.010416666666666666 0.0078125
1 0.171875 0.0109375 0.0020833333333333333 0.003125
1 0.846875 0.01015625 0.00625 0.0046875
1 0.6 0.01953125 0.016666666666666666 0.0265625
1 0.6239583333333333 0.00859375 0.00625 0.0109375
1 0.5875 0.00390625 0.004166666666666667 0.0015625
1 0.33125 0.04921875 0.0875 0.0921875
1 0.8489583333333334 0.0015625 0.0020833333333333333 0.003125
1 0.840625 0.0078125 0.01875 0.015625
1 0.8145833333333333 0.009375 0.029166666666666667 0.01875
1 0.7666666666666667 0.01953125 0.0625 0.0390625
1 0.678125 0.01640625 0.027083333333333334 0.0328125
1 0.571875 0.00390625 0.022916666666666665 0.0078125
1 0.4083333333333333 0.02578125 0.1125 0.0515625
1 0.3385416666666667 0.00390625 0.00625 0.0078125
1 0.05416666666666667 0.03671875 0.10833333333333334 0.0734375
2 0.028125 0.97109375 0.0020833333333333333 0.0015625
2 0.019791666666666666 0.98203125 0.014583333333333334 0.0359375
2 0.023958333333333335 0.953125 0.0020833333333333333 0.003125
2 0.553125 0.95390625 0.00625 0.0078125
2 0.030208333333333334 0.94765625 0.0020833333333333333 0.0046875
2 0.0020833333333333333 0.946875 0.004166666666666667 0.003125
2 0.015625 0.94296875 0.0020833333333333333 0.0015625
2 0.01875 0.93671875 0.008333333333333333 0.0078125
2 0.0375 0.91875 0.008333333333333333 0.0125
2 0.6625 0.91171875 0.008333333333333333 0.0078125
2 0.040625 0.909375 0.0020833333333333333 0.003125
2 0.6510416666666666 0.90390625 0.010416666666666666 0.0046875
2 0.5791666666666667 0.90390625 0.004166666666666667 0.0078125
2 0.051041666666666666 0.90625 0.010416666666666666 0.0125
2 0.06354166666666666 0.8984375 0.0020833333333333333 0.003125
2 0.06458333333333334 0.89296875 0.004166666666666667 0.0046875
2 0.06145833333333333 0.89140625 0.0020833333333333333 0.0015625
2 0.06979166666666667 0.8859375 0.0020833333333333333 0.003125
2 0.08854166666666667 0.88125 0.00625 0.00625
2 0.065625 0.87265625 0.0020833333333333333 0.0046875
2 0.013541666666666667 0.871875 0.010416666666666666 0.00625
2 0.021875 0.8640625 0.0020833333333333333 0.003125
2 0.017708333333333333 0.86015625 0.0020833333333333333 0.0015625
2 0.034375 0.86171875 0.010416666666666666 0.0109375
2 0.05416666666666667 0.875 0.020833333333333332 0.040625
2 0.011458333333333333 0.86015625 0.022916666666666665 0.0203125
2 0.06875 0.84765625 0.004166666666666667 0.0078125
2 0.035416666666666666 0.8453125 0.004166666666666667 0.003125
2 0.078125 0.82890625 0.0020833333333333333 0.0015625
2 0.08229166666666667 0.82578125 0.0020833333333333333 0.0015625
2 0.16875 0.78359375 0.004166666666666667 0.0046875
2 0.096875 0.78984375 0.07708333333333334 0.0203125
2 0.09270833333333334 0.78046875 0.0020833333333333333 0.0015625
2 0.075 0.78046875 0.004166666666666667 0.0015625
2 0.06666666666666667 0.77890625 0.004166666666666667 0.0015625
2 0.004166666666666667 0.77578125 0.004166666666666667 0.0015625
2 0.0010416666666666667 0.77265625 0.0020833333333333333 0.0015625
2 0.12708333333333333 0.759375 0.029166666666666667 0.03125
2 0.03229166666666667 0.77578125 0.06458333333333334 0.0671875
2 0.3802083333333333 0.72890625 0.0020833333333333333 0.0015625
2 0.38229166666666664 0.72578125 0.0020833333333333333 0.0015625
2 0.38645833333333335 0.71328125 0.0020833333333333333 0.0015625
2 0.175 0.7375 0.06666666666666667 0.075
2 0.35104166666666664 0.68671875 0.0020833333333333333 0.0015625
2 0.33645833333333336 0.6890625 0.022916666666666665 0.00625
2 0.3458333333333333 0.68515625 0.004166666666666667 0.0015625
2 0.134375 0.68515625 0.0020833333333333333 0.0015625
2 0.146875 0.68359375 0.00625 0.0046875
2 0.2125 0.68671875 0.016666666666666666 0.0171875
2 0.20833333333333334 0.67421875 0.004166666666666667 0.0015625
2 0.140625 0.66953125 0.0020833333333333333 0.0015625
2 0.39479166666666665 0.6796875 0.022916666666666665 0.040625
2 0.10520833333333333 0.665625 0.04791666666666667 0.028125
2 0.39791666666666664 0.65234375 0.004166666666666667 0.0046875
2 0.12604166666666666 0.659375 0.027083333333333334 0.01875
2 0.10416666666666667 0.65078125 0.008333333333333333 0.0046875
2 0.22395833333333334 0.65078125 0.014583333333333334 0.0171875
2 0.21875 0.6390625 0.004166666666666667 0.003125
2 0.29791666666666666 0.6328125 0.008333333333333333 0.00625
2 0.38229166666666664 0.63125 0.0020833333333333333 0.00625
2 0.190625 0.6265625 0.00625 0.003125
2 0.596875 0.62265625 0.0020833333333333333 0.0015625
2 0.3958333333333333 0.628125 0.016666666666666666 0.01875
2 0.16145833333333334 0.61484375 0.0020833333333333333 0.0015625
2 0.18020833333333333 0.653125 0.052083333333333336 0.084375
2 0.559375 0.60859375 0.0020833333333333333 0.0015625
2 0.5510416666666667 0.60546875 0.0020833333333333333 0.0015625
2 0.5364583333333334 0.60546875 0.0020833333333333333 0.0015625
2 0.503125 0.60390625 0.0020833333333333333 0.0015625
2 0.5739583333333333 0.609375 0.027083333333333334 0.015625
2 0.496875 0.60234375 0.00625 0.0015625
2 0.5572916666666666 0.60078125 0.0020833333333333333 0.0015625
2 0.5489583333333333 0.59609375 0.0020833333333333333 0.0015625
2 0.5260416666666666 0.59609375 0.0020833333333333333 0.0015625
2 0.5072916666666667 0.59609375 0.00625 0.0015625
2 0.54375 0.59375 0.004166666666666667 0.003125
2 0.4864583333333333 0.59296875 0.00625 0.0015625
2 0.5364583333333334 0.58984375 0.0020833333333333333 0.0015625
2 0.42604166666666665 0.58984375 0.0020833333333333333 0.0015625
2 0.5208333333333334 0.58203125 0.004166666666666667 0.0015625
2 0.22604166666666667 0.596875 0.035416666666666666 0.03125
2 0.4708333333333333 0.60859375 0.10416666666666667 0.0609375
2 0.47604166666666664 0.56953125 0.0020833333333333333 0.0015625
2 0.4427083333333333 0.57265625 0.04375 0.0109375
2 0.4041666666666667 0.58671875 0.029166666666666667 0.0390625
2 0.38229166666666664 0.56796875 0.0020833333333333333 0.0015625
2 0.415625 0.56484375 0.0020833333333333333 0.0015625
2 0.05520833333333333 0.5640625 0.00625 0.003125
2 0.284375 0.5953125 0.052083333333333336 0.071875
2 0.057291666666666664 0.55625 0.01875 0.009375
2 0.03125 0.55234375 0.004166666666666667 0.0046875
2 0.309375 0.54921875 0.0020833333333333333 0.0015625
2 0.303125 0.54765625 0.0020833333333333333 0.0015625
2 0.03958333333333333 0.54609375 0.004166666666666667 0.0015625
2 0.375 0.5546875 0.07916666666666666 0.021875
2 0.025 0.54453125 0.004166666666666667 0.0015625
2 0.365625 0.54140625 0.0020833333333333333 0.0015625
2 0.007291666666666667 0.54765625 0.014583333333333334 0.0140625
2 0.042708333333333334 0.53515625 0.0020833333333333333 0.0015625
2 0.0375 0.5390625 0.025 0.0125
2 0.41458333333333336 0.5421875 0.0125 0.034375
2 0.3302083333333333 0.5203125 0.00625 0.003125
2 0.9979166666666667 0.51328125 0.004166666666666667 0.0046875
2 0.0125 0.5234375 0.025 0.03125
2 0.496875 0.50390625 0.0020833333333333333 0.0015625
2 0.4979166666666667 0.4984375 0.004166666666666667 0.003125
2 0.49270833333333336 0.50625 0.027083333333333334 0.01875
2 0.47604166666666664 0.5015625 0.00625 0.0125
2 0.36770833333333336 0.49921875 0.014583333333333334 0.0234375
2 0.3229166666666667 0.48515625 0.0125 0.0015625
2 0.040625 0.46171875 0.0020833333333333333 0.0015625
2 0.028125 0.46171875 0.0020833333333333333 0.0015625
2 0.026041666666666668 0.45859375 0.0020833333333333333 0.0015625
2 0.065625 0.45546875 0.0020833333333333333 0.0015625
2 0.065625 0.45234375 0.0020833333333333333 0.0015625
2 0.015625 0.45234375 0.0020833333333333333 0.0015625
2 0.019791666666666666 0.45078125 0.0020833333333333333 0.0015625
2 0.33645833333333336 0.44921875 0.0020833333333333333 0.0015625
2 0.3697916666666667 0.44765625 0.0020833333333333333 0.0015625
2 0.3645833333333333 0.44765625 0.004166666666666667 0.0015625
2 0.3875 0.44765625 0.0125 0.0046875
2 0.378125 0.43984375 0.0020833333333333333 0.0015625
2 0.35833333333333334 0.4390625 0.025 0.0125
2 0.340625 0.4359375 0.014583333333333334 0.009375
2 0.5677083333333334 0.42421875 0.0020833333333333333 0.0015625
2 0.5572916666666666 0.42421875 0.0020833333333333333 0.0015625
2 0.371875 0.42265625 0.00625 0.0015625
2 0.003125 0.42421875 0.00625 0.0046875
2 0.5770833333333333 0.4203125 0.020833333333333332 0.009375
2 0.005208333333333333 0.4171875 0.0020833333333333333 0.003125
2 0.5833333333333334 0.415625 0.004166666666666667 0.003125
2 0.5770833333333333 0.41328125 0.004166666666666667 0.0015625
2 0.5427083333333333 0.41328125 0.0020833333333333333 0.0015625
2 0.5510416666666667 0.41171875 0.0020833333333333333 0.0015625
2 0.5135416666666667 0.4125 0.00625 0.003125
2 0.521875 0.40703125 0.0020833333333333333 0.0015625
2 0.011458333333333333 0.41015625 0.00625 0.0078125
2 0.53125 0.403125 0.0125 0.00625
2 0.5447916666666667 0.39921875 0.010416666666666666 0.0046875
2 0.13125 0.39609375 0.004166666666666667 0.0015625
2 0.06458333333333334 0.39765625 0.004166666666666667 0.0046875
2 0.5552083333333333 0.39375 0.00625 0.003125
2 0.9979166666666667 0.3953125 0.004166666666666667 0.009375
2 0.5635416666666667 0.39140625 0.0020833333333333333 0.0015625
2 0.103125 0.39140625 0.0020833333333333333 0.0015625
2 0.042708333333333334 0.38828125 0.0020833333333333333 0.0015625
2 0.053125 0.3859375 0.0020833333333333333 0.003125
2 0.058333333333333334 0.38125 0.008333333333333333 0.003125
2 0.06875 0.378125 0.008333333333333333 0.00625
2 0.284375 0.37265625 0.0020833333333333333 0.0015625
2 0.12708333333333333 0.38359375 0.04583333333333333 0.0265625
2 0.6166666666666667 0.371875 0.008333333333333333 0.00625
2 0.6239583333333333 0.36796875 0.0020833333333333333 0.0015625
2 0.384375 0.38828125 0.01875 0.0421875
2 0.13541666666666666 0.3671875 0.004166666666666667 0.003125
2 0.5635416666666667 0.36328125 0.0020833333333333333 0.0015625
2 0.36770833333333336 0.45625 0.3770833333333333 0.190625
2 0.9114583333333334 0.36015625 0.0020833333333333333 0.0015625
2 0.5520833333333334 0.36015625 0.004166666666666667 0.0015625
2 0.9989583333333333 0.35859375 0.0020833333333333333 0.0015625
2 0.915625 0.35859375 0.0020833333333333333 0.0015625
2 0.5572916666666666 0.35859375 0.0020833333333333333 0.0015625
2 0.121875 0.365625 0.022916666666666665 0.015625
2 0.665625 0.35546875 0.0020833333333333333 0.0015625
2 0.5572916666666666 0.35546875 0.0020833333333333333 0.0015625
2 0.09375 0.3578125 0.004166666666666667 0.00625
2 0.0010416666666666667 0.35546875 0.0020833333333333333 0.0015625
2 0.5947916666666667 0.36484375 0.03125 0.0265625
2 0.14479166666666668 0.35234375 0.0020833333333333333 0.0015625
2 0.0010416666666666667 0.35078125 0.0020833333333333333 0.0015625
2 0.678125 0.34921875 0.0020833333333333333 0.0015625
2 0.08854166666666667 0.34921875 0.0020833333333333333 0.0015625
2 0.6552083333333333 0.34140625 0.0020833333333333333 0.0015625
2 0.5958333333333333 0.3453125 0.029166666666666667 0.009375
2 0.615625 0.33984375 0.0020833333333333333 0.0015625
2 0.609375 0.33984375 0.00625 0.0015625
2 0.090625 0.33515625 0.0020833333333333333 0.0015625
2 0.959375 0.3453125 0.08125 0.025
2 0.6625 0.33671875 0.008333333333333333 0.0078125
2 0.6385416666666667 0.33515625 0.03958333333333333 0.0078125
2 0.24791666666666667 0.328125 0.025 0.00625
2 0.7322916666666667 0.32265625 0.0020833333333333333 0.0015625
2 0.7385416666666667 0.31953125 0.0020833333333333333 0.0015625
2 0.303125 0.31484375 0.0020833333333333333 0.0015625
2 0.7354166666666667 0.31328125 0.004166666666666667 0.0015625
2 0.046875 0.30390625 0.0020833333333333333 0.0015625
2 0.9885416666666667 0.29453125 0.0020833333333333333 0.0015625
2 0.075 0.2828125 0.004166666666666667 0.003125
2 0.30416666666666664 0.28125 0.004166666666666667 0.003125
2 0.290625 0.27421875 0.0020833333333333333 0.0015625
2 0.11979166666666667 0.27421875 0.0020833333333333333 0.0015625
2 0.115625 0.27421875 0.0020833333333333333 0.0015625
2 0.12395833333333334 0.2734375 0.0020833333333333333 0.003125
2 0.029166666666666667 0.28671875 0.058333333333333334 0.0296875
2 0.13229166666666667 0.27265625 0.010416666666666666 0.0046875
2 0.0875 0.275 0.016666666666666666 0.009375
2 0.011458333333333333 0.27109375 0.0020833333333333333 0.0015625
2 0.10104166666666667 0.26796875 0.0020833333333333333 0.0015625
2 0.9697916666666667 0.2671875 0.0020833333333333333 0.003125
2 0.010416666666666666 0.26640625 0.004166666666666667 0.0015625
2 0.9 0.2609375 0.004166666666666667 0.003125
2 0.45416666666666666 0.2703125 0.025 0.021875
2 0.9854166666666667 0.27421875 0.025 0.0359375
2 0.9197916666666667 0.25703125 0.0020833333333333333 0.0015625
2 0.8510416666666667 0.2640625 0.05625 0.021875
2 0.9291666666666667 0.2546875 0.016666666666666666 0.009375
2 0.004166666666666667 0.24375 0.004166666666666667 0.003125
2 0.940625 0.23671875 0.035416666666666666 0.0234375
2 0.121875 0.21015625 0.0020833333333333333 0.0015625
2 0.042708333333333334 0.20390625 0.010416666666666666 0.0046875
2 0.052083333333333336 0.2015625 0.004166666666666667 0.003125
2 0.15520833333333334 0.19453125 0.0020833333333333333 0.0015625
2 0.04895833333333333 0.18984375 0.0020833333333333333 0.0015625
2 0.28229166666666666 0.17890625 0.0020833333333333333 0.0015625
2 0.05416666666666667 0.1734375 0.008333333333333333 0.003125
2 0.353125 0.15390625 0.0020833333333333333 0.0015625
2 0.7010416666666667 0.14140625 0.0020833333333333333 0.0015625
2 0.69375 0.1421875 0.008333333333333333 0.003125
2 0.9822916666666667 0.11640625 0.0020833333333333333 0.0015625
2 0.9864583333333333 0.11484375 0.0020833333333333333 0.0015625
2 0.9510416666666667 0.10625 0.035416666666666666 0.0125
2 0.98125 0.103125 0.020833333333333332 0.015625
2 0.965625 0.08203125 0.0020833333333333333 0.0015625
2 0.165625 0.078125 0.00625 0.00625
2 0.9572916666666667 0.07734375 0.010416666666666666 0.0078125
2 0.9260416666666667 0.07265625 0.0020833333333333333 0.0015625
2 0.3697916666666667 0.07109375 0.0020833333333333333 0.0015625
2 0.47291666666666665 0.06953125 0.004166666666666667 0.0015625
2 0.36770833333333336 0.06796875 0.0020833333333333333 0.0015625
2 0.6458333333333334 0.06171875 0.004166666666666667 0.0015625
2 0.478125 0.06171875 0.0020833333333333333 0.0015625
2 0.4739583333333333 0.06015625 0.0020833333333333333 0.0015625
2 0.928125 0.06328125 0.014583333333333334 0.0109375
2 0.4635416666666667 0.05546875 0.0020833333333333333 0.0015625
2 0.50625 0.05390625 0.004166666666666667 0.0015625
2 0.4635416666666667 0.05078125 0.0020833333333333333 0.0015625
2 0.3645833333333333 0.040625 0.004166666666666667 0.003125
2 0.9760416666666667 0.03828125 0.0020833333333333333 0.0015625
2 0.9125 0.03828125 0.004166666666666667 0.0015625
2 0.37395833333333334 0.03671875 0.0020833333333333333 0.0015625
2 0.9885416666666667 0.04375 0.022916666666666665 0.01875
2 0.9822916666666667 0.0359375 0.00625 0.003125
2 0.9260416666666667 0.03359375 0.0020833333333333333 0.0015625
2 0.9010416666666666 0.03359375 0.0020833333333333333 0.0015625
2 0.9604166666666667 0.04453125 0.029166666666666667 0.0265625
2 0.43020833333333336 0.06328125 0.07708333333333334 0.0640625
2 0.453125 0.03046875 0.00625 0.0015625
2 0.9104166666666667 0.03203125 0.016666666666666666 0.0078125
2 0.915625 0.02578125 0.0020833333333333333 0.0015625
2 0.39479166666666665 0.03203125 0.022916666666666665 0.0140625
2 0.346875 0.028125 0.010416666666666666 0.009375
2 0.9177083333333333 0.0203125 0.0020833333333333333 0.003125
2 0.3875 0.01484375 0.004166666666666667 0.0015625
2 0.8166666666666667 0.0140625 0.016666666666666666 0.009375
2 0.6822916666666666 0.00703125 0.0020833333333333333 0.0015625
2 0.3072916666666667 0.00546875 0.00625 0.0046875
2 0.8364583333333333 0.00078125 0.0020833333333333333 0.0015625
2 0.8010416666666667 0.0015625 0.00625 0.003125
2 0.7697916666666667 0.00234375 0.00625 0.0046875
2 0.6770833333333334 0.00234375 0.004166666666666667 0.0046875
2 0.6322916666666667 0.00078125 0.0020833333333333333 0.0015625
2 0.6927083333333334 0.0796875 0.21458333333333332 0.159375
2 0.571875 0.003125 0.022916666666666665 0.00625
2 0.45208333333333334 0.00390625 0.025 0.0078125
2 0.4041666666666667 0.009375 0.058333333333333334 0.01875
2 0.33958333333333335 0.00390625 0.008333333333333333 0.0078125
2 0.32916666666666666 0.015625 0.03333333333333333 0.03125
2 0.26666666666666666 0.00078125 0.004166666666666667 0.0015625
2 0.17604166666666668 0.190625 0.35208333333333336 0.38125
2 0.00625 0.01640625 0.0125 0.0328125
