0 0.2833333333333333 0.63359375 0.004166666666666667 0.0046875
0 0.26979166666666665 0.62421875 0.0020833333333333333 0.0015625
0 0.9239583333333333 0.61484375 0.0020833333333333333 0.0015625
0 0.5041666666666667 0.62265625 0.008333333333333333 0.0203125
0 0.9239583333333333 0.60390625 0.0020833333333333333 0.0046875
0 0.503125 0.58828125 0.0020833333333333333 0.0015625
0 0.921875 0.5875 0.0020833333333333333 0.003125
0 0.8708333333333333 0.6125 0.075 0.05625
0 0.496875 0.58359375 0.00625 0.0046875
0 0.9197916666666667 0.58125 0.0020833333333333333 0.003125
0 0.9197916666666667 0.57578125 0.0020833333333333333 0.0015625
0 0.4822916666666667 0.56953125 0.0020833333333333333 0.0015625
0 0.8635416666666667 0.55859375 0.00625 0.0046875
0 0.9104166666666667 0.55703125 0.025 0.0234375
0 0.28958333333333336 0.5328125 0.041666666666666664 0.028125
0 0.59375 0.51171875 0.004166666666666667 0.0015625
0 0.8947916666666667 0.51015625 0.0020833333333333333 0.0046875
0 0.621875 0.5109375 0.06041666666666667 0.01875
0 0.85625 0.50546875 0.004166666666666667 0.0109375
0 0.4197916666666667 0.49609375 0.0020833333333333333 0.0046875
0 0.203125 0.49609375 0.0020833333333333333 0.0046875
0 0.8354166666666667 0.47734375 0.004166666666666667 0.0015625
0 0.7989583333333333 0.4734375 0.03125 0.003125
0 0.8875 0.475 0.008333333333333333 0.021875
0 0.17291666666666666 0.46484375 0.0125 0.0078125
0 0.8822916666666667 0.4609375 0.0020833333333333333 0.003125
0 0.43645833333333334 0.46015625 0.0020833333333333333 0.0015625
0 0.8739583333333333 0.45859375 0.0020833333333333333 0.0015625
0 0.8635416666666667 0.44921875 0.0020833333333333333 0.0015625
0 0.146875 0.44375 0.014583333333333334 0.0125
0 0.13229166666666667 0.434375 0.010416666666666666 0.00625
0 0.2864583333333333 0.42265625 0.035416666666666666 0.0296875
0 0.3302083333333333 0.40234375 0.0020833333333333333 0.0015625
0 0.3020833333333333 0.40390625 0.004166666666666667 0.0046875
0 0.446875 0.40078125 0.010416666666666666 0.0046875
0 0.515625 0.3984375 0.00625 0.003125
0 0.459375 0.39765625 0.014583333333333334 0.0046875
0 0.26979166666666665 0.396875 0.0020833333333333333 0.003125
0 0.39375 0.415625 0.058333333333333334 0.04375
0 0.22291666666666668 0.390625 0.0125 0.00625
0 0.5708333333333333 0.38671875 0.004166666666666667 0.0015625
0 0.9947916666666666 0.38671875 0.010416666666666666 0.0109375
0 0.8989583333333333 0.35390625 0.010416666666666666 0.0078125
0 0.7541666666666667 0.3546875 0.008333333333333333 0.0125
0 0.9958333333333333 0.35859375 0.008333333333333333 0.0265625
0 0.7697916666666667 0.34765625 0.00625 0.0046875
0 0.7427083333333333 0.33984375 0.0020833333333333333 0.0015625
0 0.503125 0.325 0.0020833333333333333 0.003125
0 0.446875 0.328125 0.014583333333333334 0.0125
0 0.7552083333333334 0.33203125 0.04375 0.0296875
0 0.696875 0.3140625 0.00625 0.00625
0 0.9760416666666667 0.309375 0.0020833333333333333 0.003125
0 0.159375 0.30859375 0.0020833333333333333 0.0046875
0 0.6489583333333333 0.31171875 0.035416666666666666 0.0140625
0 0.7145833333333333 0.303125 0.004166666666666667 0.003125
0 0.65 0.3015625 0.004166666666666667 0.003125
0 0.821875 0.29765625 0.0020833333333333333 0.0015625
0 0.871875 0.29609375 0.0020833333333333333 0.0015625
0 0.765625 0.29140625 0.0020833333333333333 0.0015625
0 0.2125 0.30234375 0.0125 0.0234375
0 0.9135416666666667 0.28984375 0.0020833333333333333 0.0015625
0 0.7947916666666667 0.28984375 0.0020833333333333333 0.0015625
0 0.6447916666666667 0.28828125 0.0020833333333333333 0.0015625
0 0.784375 0.2859375 0.00625 0.003125
0 0.646875 0.28515625 0.0020833333333333333 0.0015625
0 0.6510416666666666 0.28046875 0.0020833333333333333 0.0015625
0 0.43020833333333336 0.27734375 0.0020833333333333333 0.0046875
0 0.5541666666666667 0.27890625 0.008333333333333333 0.0109375
0 0.86875 0.2734375 0.004166666666666667 0.003125
0 0.6520833333333333 0.2859375 0.06666666666666667 0.034375
0 0.853125 0.271875 0.027083333333333334 0.009375
0 0.8052083333333333 0.26640625 0.0020833333333333333 0.0015625
0 0.528125 0.26640625 0.0020833333333333333 0.0015625
0 0.521875 0.26640625 0.00625 0.0046875
0 0.515625 0.265625 0.00625 0.003125
0 0.17395833333333333 0.26484375 0.0020833333333333333 0.0015625
0 0.5635416666666667 0.26328125 0.0020833333333333333 0.0015625
0 0.36666666666666664 0.2703125 0.016666666666666666 0.015625
0 0.553125 0.26640625 0.00625 0.0109375
0 0.7885416666666667 0.26015625 0.0020833333333333333 0.0015625
0 0.7833333333333333 0.2625 0.004166666666666667 0.00625
0 0.6989583333333333 0.26015625 0.0020833333333333333 0.0015625
0 0.5635416666666667 0.259375 0.00625 0.003125
0 0.259375 0.3328125 0.10625 0.15
0 0.7760416666666666 0.25703125 0.0020833333333333333 0.0015625
0 0.5625 0.25546875 0.004166666666666667 0.0015625
0 0.303125 0.25546875 0.0020833333333333333 0.0015625
0 0.828125 0.265625 0.06041666666666667 0.025
0 0.8020833333333334 0.2578125 0.008333333333333333 0.0125
0 0.2375 0.25234375 0.004166666666666667 0.0015625
0 0.7760416666666666 0.25078125 0.0020833333333333333 0.0015625
0 0.14791666666666667 0.2578125 0.0375 0.01875
0 0.865625 0.24765625 0.0020833333333333333 0.0015625
0 0.8489583333333334 0.24765625 0.00625 0.0015625
0 0.43020833333333336 0.24765625 0.0020833333333333333 0.0015625
0 0.365625 0.24765625 0.0020833333333333333 0.0015625
0 0.821875 0.24453125 0.0020833333333333333 0.0015625
0 0.8072916666666666 0.24453125 0.0020833333333333333 0.0015625
0 0.778125 0.24453125 0.0020833333333333333 0.0015625
0 0.24166666666666667 0.24453125 0.004166666666666667 0.0015625
0 0.7302083333333333 0.24296875 0.0020833333333333333 0.0015625
0 0.5177083333333333 0.24296875 0.0020833333333333333 0.0015625
0 0.790625 0.2375 0.0020833333333333333 0.003125
0 0.32395833333333335 0.23671875 0.0020833333333333333 0.0015625
0 0.7729166666666667 0.2359375 0.004166666666666667 0.003125
0 0.5020833333333333 0.2375 0.004166666666666667 0.00625
0 0.515625 0.2359375 0.00625 0.009375
0 0.36875 0.23359375 0.004166666666666667 0.0046875
0 0.7822916666666667 0.23046875 0.0020833333333333333 0.0015625
0 0.7114583333333333 0.2328125 0.010416666666666666 0.00625
0 0.759375 0.2359375 0.010416666666666666 0.01875
0 0.353125 0.22578125 0.0020833333333333333 0.0015625
0 0.2875 0.23671875 0.025 0.0234375
0 0.46145833333333336 0.23203125 0.010416666666666666 0.0171875
0 0.765625 0.22265625 0.0020833333333333333 0.0015625
0 0.325 0.2484375 0.041666666666666664 0.053125
0 0.3177083333333333 0.2265625 0.010416666666666666 0.009375
0 0.7614583333333333 0.21484375 0.0020833333333333333 0.0015625
0 0.696875 0.2140625 0.00625 0.009375
0 0.4197916666666667 0.20859375 0.0020833333333333333 0.0015625
0 0.790625 0.2234375 0.027083333333333334 0.034375
0 0.559375 0.20703125 0.0020833333333333333 0.0015625
0 0.846875 0.20390625 0.0020833333333333333 0.0015625
0 0.446875 0.20390625 0.0020833333333333333 0.0015625
0 0.4322916666666667 0.20625 0.01875 0.00625
0 0.9958333333333333 0.20390625 0.008333333333333333 0.0046875
0 0.7697916666666667 0.20234375 0.0020833333333333333 0.0015625
0 0.459375 0.2015625 0.010416666666666666 0.009375
0 0.8270833333333333 0.19296875 0.004166666666666667 0.0015625
0 0.8104166666666667 0.20078125 0.0375 0.0171875
0 0.7270833333333333 0.2046875 0.05416666666666667 0.028125
0 0.45625 0.1921875 0.008333333333333333 0.003125
0 0.7770833333333333 0.19296875 0.008333333333333333 0.0078125
0 0.4708333333333333 0.19609375 0.008333333333333333 0.0140625
0 0.5375 0.190625 0.0125 0.00625
0 0.6239583333333333 0.184375 0.0020833333333333333 0.003125
0 0.45729166666666665 0.18203125 0.0020833333333333333 0.0015625
0 0.43645833333333334 0.18203125 0.0020833333333333333 0.0015625
0 0.29791666666666666 0.18828125 0.008333333333333333 0.0140625
0 0.690625 0.18046875 0.0020833333333333333 0.0015625
0 0.45729166666666665 0.178125 0.0020833333333333333 0.003125
0 0.9958333333333333 0.18203125 0.008333333333333333 0.0140625
0 0.6739583333333333 0.17578125 0.0020833333333333333 0.0015625
0 0.44166666666666665 0.1765625 0.004166666666666667 0.003125
0 0.721875 0.175 0.00625 0.003125
0 0.35208333333333336 0.17890625 0.0125 0.0109375
0 0.31666666666666665 0.19296875 0.03333333333333333 0.0390625
0 0.13854166666666667 0.17265625 0.0020833333333333333 0.0015625
0 0.13229166666666667 0.17265625 0.0020833333333333333 0.0015625
0 0.23645833333333333 0.16640625 0.010416666666666666 0.0015625
0 0.20520833333333333 0.16875 0.010416666666666666 0.00625
0 0.13125 0.16796875 0.008333333333333333 0.0046875
0 0.5020833333333333 0.16171875 0.004166666666666667 0.0015625
0 0.4822916666666667 0.1609375 0.014583333333333334 0.003125
0 0.4083333333333333 0.19140625 0.10833333333333334 0.0640625
0 0.20833333333333334 0.16015625 0.016666666666666666 0.0046875
0 0.15520833333333334 0.159375 0.00625 0.003125
0 0.240625 0.15546875 0.0020833333333333333 0.0015625
0 0.12604166666666666 0.15390625 0.0020833333333333333 0.0015625
0 0.109375 0.15234375 0.010416666666666666 0.0015625
0 0.5208333333333334 0.1515625 0.004166666666666667 0.003125
0 0.515625 0.15078125 0.0020833333333333333 0.0015625
0 0.221875 0.15078125 0.0020833333333333333 0.0015625
0 0.7625 0.16171875 0.05 0.0265625
0 0.58125 0.14921875 0.004166666666666667 0.0046875
0 0.3145833333333333 0.159375 0.04583333333333333 0.028125
0 0.5822916666666667 0.13984375 0.0020833333333333333 0.0015625
0 0.7489583333333333 0.1390625 0.0020833333333333333 0.003125
0 0.9104166666666667 0.2203125 0.17916666666666667 0.178125
0 0.68125 0.16015625 0.10416666666666667 0.0578125
0 0.5447916666666667 0.13046875 0.0020833333333333333 0.0015625
0 0.9854166666666667 0.13046875 0.008333333333333333 0.0078125
0 0.7114583333333333 0.12265625 0.0020833333333333333 0.0015625
0 0.659375 0.12265625 0.0020833333333333333 0.0015625
0 0.546875 0.12265625 0.0020833333333333333 0.0015625
0 0.6979166666666666 0.12265625 0.004166666666666667 0.0046875
0 0.5927083333333333 0.11796875 0.0020833333333333333 0.0015625
0 0.546875 0.11796875 0.0020833333333333333 0.0015625
0 0.7697916666666667 0.11640625 0.0020833333333333333 0.0015625
0 0.6989583333333333 0.11640625 0.0020833333333333333 0.0015625
0 0.5895833333333333 0.1328125 0.008333333333333333 0.034375
0 0.5427083333333333 0.11640625 0.0020833333333333333 0.0015625
0 0.7958333333333333 0.11640625 0.008333333333333333 0.0046875
0 0.36354166666666665 0.121875 0.022916666666666665 0.015625
0 0.6708333333333333 0.11328125 0.004166666666666667 0.0015625
0 0.39895833333333336 0.13203125 0.035416666666666666 0.0453125
0 0.45625 0.11015625 0.008333333333333333 0.0046875
0 0.8041666666666667 0.10703125 0.004166666666666667 0.0015625
0 0.6302083333333334 0.1078125 0.0020833333333333333 0.003125
0 0.41875 0.10546875 0.004166666666666667 0.0015625
0 0.24479166666666666 0.10390625 0.0020833333333333333 0.0015625
0 0.415625 0.10234375 0.0020833333333333333 0.0015625
0 0.603125 0.09921875 0.0020833333333333333 0.0015625
0 0.465625 0.1 0.0020833333333333333 0.003125
0 0.9270833333333334 0.10078125 0.020833333333333332 0.0109375
0 0.46770833333333334 0.09609375 0.0020833333333333333 0.0015625
0 0.3020833333333333 0.10703125 0.03333333333333333 0.0265625
0 0.9302083333333333 0.0921875 0.0020833333333333333 0.003125
0 0.515625 0.0953125 0.027083333333333334 0.009375
0 0.6697916666666667 0.09140625 0.0020833333333333333 0.0046875
0 0.6302083333333334 0.090625 0.0020833333333333333 0.003125
0 0.509375 0.08984375 0.00625 0.0078125
0 0.440625 0.08671875 0.0020833333333333333 0.0015625
0 0.7010416666666667 0.0875 0.00625 0.00625
0 0.5145833333333333 0.0859375 0.004166666666666667 0.003125
0 0.43125 0.0875 0.0125 0.00625
0 0.5177083333333333 0.08203125 0.0020833333333333333 0.0015625
0 0.6447916666666667 0.08359375 0.010416666666666666 0.0078125
0 0.20416666666666666 0.07734375 0.004166666666666667 0.0015625
0 0.6864583333333333 0.09296875 0.03125 0.0359375
0 0.471875 0.07109375 0.0020833333333333333 0.0015625
0 0.490625 0.09296875 0.06458333333333334 0.0484375
0 0.23229166666666667 0.06953125 0.014583333333333334 0.0140625
0 0.5166666666666667 0.06328125 0.004166666666666667 0.0046875
0 0.334375 0.06171875 0.0020833333333333333 0.0015625
0 0.65 0.06015625 0.0125 0.0046875
0 0.46875 0.059375 0.004166666666666667 0.003125
0 0.5239583333333333 0.059375 0.00625 0.009375
0 0.5364583333333334 0.05234375 0.0020833333333333333 0.0015625
0 0.5291666666666667 0.05390625 0.004166666666666667 0.0046875
0 0.46145833333333336 0.05 0.0020833333333333333 0.003125
0 0.5510416666666667 0.04765625 0.010416666666666666 0.0015625
0 0.4864583333333333 0.0484375 0.00625 0.009375
0 0.4114583333333333 0.04140625 0.0020833333333333333 0.0015625
0 0.51875 0.04375 0.020833333333333332 0.009375
0 0.609375 0.040625 0.010416666666666666 0.00625
0 0.5802083333333333 0.03671875 0.0020833333333333333 0.0015625
0 0.2989583333333333 0.03671875 0.0020833333333333333 0.0015625
0 0.3697916666666667 0.0640625 0.06458333333333334 0.059375
0 0.365625 0.03359375 0.0020833333333333333 0.0015625
0 0.5822916666666667 0.0328125 0.0020833333333333333 0.003125
0 0.340625 0.03203125 0.0020833333333333333 0.0015625
0 0.2125 0.0359375 0.008333333333333333 0.009375
0 0.31354166666666666 0.03046875 0.0020833333333333333 0.0015625
0 0.5510416666666667 0.028125 0.0020833333333333333 0.003125
0 0.6302083333333334 0.02578125 0.0020833333333333333 0.0015625
0 0.590625 0.02421875 0.0020833333333333333 0.0015625
0 0.5822916666666667 0.02421875 0.0020833333333333333 0.0015625
0 0.30833333333333335 0.02578125 0.004166666666666667 0.0046875
0 0.203125 0.01796875 0.010416666666666666 0.0234375
0 0.9927083333333333 0.01015625 0.014583333333333334 0.0203125
0 0.7635416666666667 0.00078125 0.0020833333333333333 0.0015625
0 0.8260416666666667 0.06953125 0.34791666666666665 0.1390625
0 0.6822916666666666 0.00859375 0.04791666666666667 0.0171875
0 0.33125 0.0203125 0.058333333333333334 0.040625
0 0.23645833333333333 0.0203125 0.07291666666666667 0.040625
0 0.19583333333333333 0.13828125 0.1875 0.2765625
1 0.7760416666666666 0.9984375 0.0020833333333333333 0.003125
1 0.7989583333333333 0.99609375 0.00625 0.0046875
1 0.76875 0.97734375 0.004166666666666667 0.0046875
1 0.7447916666666666 0.9625 0.0020833333333333333 0.003125
1 0.771875 0.95703125 0.00625 0.0078125
1 0.415625 0.94375 0.0020833333333333333 0.003125
1 0.415625 0.9375 0.0020833333333333333 0.003125
1 0.415625 0.93359375 0.0020833333333333333 0.0015625
1 0.4041666666666667 0.871875 0.004166666666666667 0.00625
1 0.415625 0.8625 0.00625 0.009375
1 0.41875 0.8515625 0.004166666666666667 0.003125
1 0.46979166666666666 0.84375 0.010416666666666666 0.0125
1 0.440625 0.83515625 0.0020833333333333333 0.0015625
1 0.43645833333333334 0.83515625 0.0020833333333333333 0.0015625
1 0.4552083333333333 0.82890625 0.00625 0.0046875
1 0.440625 0.82734375 0.0020833333333333333 0.0015625
1 0.4510416666666667 0.825 0.010416666666666666 0.009375
1 0.4583333333333333 0.81875 0.004166666666666667 0.003125
1 0.434375 0.81640625 0.0020833333333333333 0.0015625
1 0.5197916666666667 0.78203125 0.0020833333333333333 0.0015625
1 0.5135416666666667 0.78203125 0.0020833333333333333 0.0015625
1 0.4822916666666667 0.80078125 0.035416666666666666 0.0453125
1 0.30625 0.77265625 0.004166666666666667 0.0046875
1 0.30520833333333336 0.76796875 0.0020833333333333333 0.0015625
1 0.3072916666666667 0.76015625 0.0020833333333333333 0.0046875
1 0.3072916666666667 0.75546875 0.0020833333333333333 0.0015625
1 0.18229166666666666 0.75546875 0.0020833333333333333 0.0015625
1 0.315625 0.74765625 0.0020833333333333333 0.0015625
1 0.3 0.73984375 0.004166666666666667 0.0046875
1 0.3260416666666667 0.73046875 0.0020833333333333333 0.0015625
1 0.18645833333333334 0.72890625 0.0020833333333333333 0.0015625
1 0.31145833333333334 0.72734375 0.0020833333333333333 0.0015625
1 0.3072916666666667 0.72734375 0.0020833333333333333 0.0015625
1 0.28020833333333334 0.725 0.00625 0.003125
1 0.21979166666666666 0.71328125 0.0020833333333333333 0.0015625
1 0.32395833333333335 0.71171875 0.0020833333333333333 0.0015625
1 0.22395833333333334 0.71328125 0.0020833333333333333 0.0046875
1 0.21770833333333334 0.71015625 0.0020833333333333333 0.0015625
1 0.23645833333333333 0.71015625 0.00625 0.0046875
1 0.3229166666666667 0.72734375 0.029166666666666667 0.0453125
1 0.284375 0.71015625 0.022916666666666665 0.0109375
1 0.25729166666666664 0.703125 0.00625 0.003125
1 0.178125 0.7046875 0.0020833333333333333 0.00625
1 0.3385416666666667 0.70078125 0.00625 0.0046875
1 0.303125 0.69921875 0.0020833333333333333 0.0015625
1 0.15833333333333333 0.70390625 0.016666666666666666 0.0140625
1 0.340625 0.69609375 0.0020833333333333333 0.0015625
1 0.3177083333333333 0.70546875 0.022916666666666665 0.0234375
1 0.34270833333333334 0.69296875 0.0020833333333333333 0.0015625
1 0.16354166666666667 0.69453125 0.00625 0.0046875
1 0.3072916666666667 0.68984375 0.0020833333333333333 0.0015625
1 0.18854166666666666 0.6890625 0.00625 0.003125
1 0.175 0.69375 0.016666666666666666 0.0125
1 0.225 0.68671875 0.004166666666666667 0.0015625
1 0.18020833333333333 0.68828125 0.00625 0.0046875
1 0.3697916666666667 0.68203125 0.0020833333333333333 0.0015625
1 0.20729166666666668 0.68203125 0.0020833333333333333 0.0015625
1 0.209375 0.70234375 0.035416666666666666 0.0453125
1 0.23854166666666668 0.66796875 0.0020833333333333333 0.0015625
1 0.284375 0.66484375 0.0020833333333333333 0.0015625
1 0.2635416666666667 0.665625 0.00625 0.003125
1 0.234375 0.66484375 0.0020833333333333333 0.0015625
1 0.46770833333333334 0.65234375 0.0020833333333333333 0.0015625
1 0.453125 0.65078125 0.0020833333333333333 0.0015625
1 0.465625 0.64921875 0.0020833333333333333 0.0015625
1 0.284375 0.64921875 0.0020833333333333333 0.0015625
1 0.39791666666666664 0.64921875 0.004166666666666667 0.0046875
1 0.4635416666666667 0.64609375 0.0020833333333333333 0.0015625
1 0.446875 0.64609375 0.022916666666666665 0.0078125
1 0.30416666666666664 0.64453125 0.004166666666666667 0.0046875
1 0.325 0.6453125 0.004166666666666667 0.009375
1 0.2989583333333333 0.63828125 0.0020833333333333333 0.0015625
1 0.8822916666666667 0.63984375 0.01875 0.0109375
1 0.85 0.6421875 0.020833333333333332 0.015625
1 0.32083333333333336 0.63515625 0.004166666666666667 0.0046875
1 0.865625 0.63203125 0.010416666666666666 0.0015625
1 0.5739583333333333 0.63046875 0.0020833333333333333 0.0015625
1 0.31979166666666664 0.63046875 0.0020833333333333333 0.0015625
1 0.5822916666666667 0.62890625 0.0020833333333333333 0.0015625
1 0.3385416666666667 0.62890625 0.0020833333333333333 0.0015625
1 0.5458333333333333 0.62734375 0.004166666666666667 0.0015625
1 0.56875 0.6265625 0.004166666666666667 0.00625
1 0.346875 0.62265625 0.0020833333333333333 0.0015625
1 0.4947916666666667 0.62109375 0.0020833333333333333 0.0015625
1 0.559375 0.61875 0.00625 0.00625
1 0.8979166666666667 0.615625 0.008333333333333333 0.00625
1 0.5135416666666667 0.6125 0.0020833333333333333 0.003125
1 0.8385416666666666 0.61015625 0.0020833333333333333 0.0015625
1 0.5510416666666667 0.61015625 0.0020833333333333333 0.0015625
1 0.26875 0.61015625 0.004166666666666667 0.0015625
1 0.5458333333333333 0.60859375 0.004166666666666667 0.0015625
1 0.8416666666666667 0.60703125 0.004166666666666667 0.0015625
1 0.821875 0.615625 0.022916666666666665 0.01875
1 0.8166666666666667 0.6078125 0.004166666666666667 0.003125
1 0.36770833333333336 0.615625 0.027083333333333334 0.01875
1 0.3177083333333333 0.60234375 0.0020833333333333333 0.0015625
1 0.9020833333333333 0.6015625 0.004166666666666667 0.003125
1 0.25833333333333336 0.6015625 0.004166666666666667 0.003125
1 0.315625 0.59921875 0.0020833333333333333 0.0015625
1 0.5072916666666667 0.59765625 0.0020833333333333333 0.0015625
1 0.246875 0.59765625 0.0020833333333333333 0.0015625
1 0.9302083333333333 0.59453125 0.0020833333333333333 0.0015625
1 0.3489583333333333 0.64375 0.09375 0.1
1 0.3145833333333333 0.5953125 0.004166666666666667 0.003125
1 0.49166666666666664 0.58984375 0.008333333333333333 0.0046875
1 0.5291666666666667 0.60625 0.04583333333333333 0.040625
1 0.484375 0.58671875 0.0020833333333333333 0.0015625
1 0.4166666666666667 0.6109375 0.09583333333333334 0.05625
1 0.31979166666666664 0.58359375 0.0020833333333333333 0.0015625
1 0.853125 0.58203125 0.0020833333333333333 0.0015625
1 0.846875 0.58203125 0.0020833333333333333 0.0015625
1 0.34479166666666666 0.58203125 0.0020833333333333333 0.0015625
1 0.3416666666666667 0.5890625 0.008333333333333333 0.01875
1 0.3177083333333333 0.58046875 0.0020833333333333333 0.0015625
1 0.34479166666666666 0.578125 0.0020833333333333333 0.003125
1 0.309375 0.57734375 0.0020833333333333333 0.0015625
1 0.33645833333333336 0.57578125 0.0020833333333333333 0.0015625
1 0.315625 0.57578125 0.0020833333333333333 0.0015625
1 0.878125 0.57265625 0.0020833333333333333 0.0015625
1 0.5604166666666667 0.575 0.008333333333333333 0.00625
1 0.465625 0.57265625 0.00625 0.0046875
1 0.8802083333333334 0.56953125 0.0020833333333333333 0.0015625
1 0.4552083333333333 0.56953125 0.0020833333333333333 0.0015625
1 0.4895833333333333 0.56875 0.004166666666666667 0.00625
1 0.30416666666666664 0.56640625 0.004166666666666667 0.0015625
1 0.45 0.565625 0.008333333333333333 0.003125
1 0.4427083333333333 0.56171875 0.0020833333333333333 0.0015625
1 0.446875 0.56015625 0.0020833333333333333 0.0015625
1 0.46145833333333336 0.56015625 0.01875 0.0140625
1 0.3375 0.56328125 0.029166666666666667 0.0203125
1 0.878125 0.55625 0.01875 0.0125
1 0.46041666666666664 0.54140625 0.004166666666666667 0.0015625
1 0.43854166666666666 0.5484375 0.035416666666666666 0.01875
1 0.315625 0.53828125 0.0020833333333333333 0.0015625
1 0.8947916666666667 0.53671875 0.0020833333333333333 0.0015625
1 0.51875 0.53515625 0.004166666666666667 0.0015625
1 0.41354166666666664 0.53515625 0.0020833333333333333 0.0015625
1 0.23854166666666668 0.53515625 0.0020833333333333333 0.0015625
1 0.871875 0.534375 0.0020833333333333333 0.003125
1 0.5177083333333333 0.53203125 0.0020833333333333333 0.0015625
1 0.40520833333333334 0.53046875 0.0020833333333333333 0.0015625
1 0.23229166666666667 0.53046875 0.0020833333333333333 0.0015625
1 0.4739583333333333 0.534375 0.03125 0.0125
1 0.5947916666666667 0.528125 0.00625 0.003125
1 0.590625 0.52421875 0.0020833333333333333 0.0015625
1 0.8385416666666666 0.52421875 0.014583333333333334 0.0078125
1 0.8197916666666667 0.52109375 0.0020833333333333333 0.0015625
1 0.809375 0.52109375 0.0020833333333333333 0.0015625
1 0.8052083333333333 0.52109375 0.0020833333333333333 0.0015625
1 0.6041666666666666 0.52109375 0.004166666666666667 0.0015625
1 0.32083333333333336 0.5359375 0.041666666666666664 0.03125
1 0.575 0.51953125 0.004166666666666667 0.0015625
1 0.28854166666666664 0.51953125 0.0020833333333333333 0.0015625
1 0.8927083333333333 0.52578125 0.01875 0.0203125
1 0.6239583333333333 0.5171875 0.00625 0.003125
1 0.2833333333333333 0.5171875 0.004166666666666667 0.003125
1 0.83125 0.51484375 0.004166666666666667 0.0015625
1 0.815625 0.51484375 0.0020833333333333333 0.0015625
1 0.8041666666666667 0.51796875 0.0125 0.0078125
1 0.634375 0.51484375 0.0020833333333333333 0.0015625
1 0.39895833333333336 0.52109375 0.014583333333333334 0.0140625
1 0.8822916666666667 0.51171875 0.0020833333333333333 0.0015625
1 0.5958333333333333 0.50703125 0.004166666666666667 0.0015625
1 0.5875 0.50859375 0.008333333333333333 0.0046875
1 0.390625 0.51171875 0.010416666666666666 0.0109375
1 0.68125 0.50546875 0.004166666666666667 0.0015625
1 0.6739583333333333 0.50625 0.00625 0.003125
1 0.384375 0.50625 0.0020833333333333333 0.003125
1 0.39479166666666665 0.50390625 0.0020833333333333333 0.0015625
1 0.540625 0.53828125 0.15625 0.0734375
1 0.6197916666666666 0.50078125 0.00625 0.0015625
1 0.5083333333333333 0.515625 0.0375 0.03125
1 0.396875 0.50078125 0.0020833333333333333 0.0015625
1 0.38125 0.503125 0.004166666666666667 0.00625
1 0.6625 0.49765625 0.004166666666666667 0.0015625
1 0.3385416666666667 0.49765625 0.0020833333333333333 0.0015625
1 0.334375 0.49609375 0.0020833333333333333 0.0015625
1 0.8572916666666667 0.49296875 0.0020833333333333333 0.0015625
1 0.853125 0.49296875 0.0020833333333333333 0.0015625
1 0.23854166666666668 0.49296875 0.010416666666666666 0.0046875
1 0.8645833333333334 0.5265625 0.058333333333333334 0.075
1 0.8552083333333333 0.48984375 0.0020833333333333333 0.0015625
1 0.22604166666666667 0.48828125 0.0020833333333333333 0.0015625
1 0.4197916666666667 0.509375 0.01875 0.046875
1 0.21666666666666667 0.48515625 0.004166666666666667 0.0015625
1 0.359375 0.48359375 0.00625 0.0015625
1 0.32708333333333334 0.48515625 0.004166666666666667 0.0046875
1 0.8302083333333333 0.48046875 0.0020833333333333333 0.0015625
1 0.8135416666666667 0.47890625 0.0020833333333333333 0.0015625
1 0.8052083333333333 0.47890625 0.0020833333333333333 0.0015625
1 0.7572916666666667 0.47890625 0.0020833333333333333 0.0015625
1 0.7677083333333333 0.478125 0.0020833333333333333 0.003125
1 0.440625 0.47734375 0.0020833333333333333 0.0015625
1 0.8979166666666667 0.478125 0.004166666666666667 0.00625
1 0.7614583333333333 0.47578125 0.0020833333333333333 0.0015625
1 0.19166666666666668 0.47890625 0.016666666666666666 0.0078125
1 0.3416666666666667 0.478125 0.016666666666666666 0.015625
1 0.32916666666666666 0.47265625 0.004166666666666667 0.0046875
1 0.84375 0.48125 0.020833333333333332 0.025
1 0.7635416666666667 0.4703125 0.0020833333333333333 0.003125
1 0.834375 0.46796875 0.0020833333333333333 0.0015625
1 0.8239583333333333 0.46875 0.00625 0.003125
1 0.7739583333333333 0.46796875 0.0020833333333333333 0.0015625
1 0.8145833333333333 0.4671875 0.008333333333333333 0.003125
1 0.20416666666666666 0.47265625 0.020833333333333332 0.0140625
1 0.8375 0.4640625 0.004166666666666667 0.003125
1 0.996875 0.46015625 0.0020833333333333333 0.0015625
1 0.9833333333333333 0.4640625 0.03333333333333333 0.009375
1 0.890625 0.45859375 0.0020833333333333333 0.0015625
1 0.8614583333333333 0.45703125 0.0020833333333333333 0.0015625
1 0.8885416666666667 0.45546875 0.0020833333333333333 0.0015625
1 0.8822916666666667 0.4546875 0.0020833333333333333 0.003125
1 0.325 0.45 0.004166666666666667 0.009375
1 0.3229166666666667 0.45703125 0.0125 0.0234375
1 0.5708333333333333 0.45 0.0125 0.01875
1 0.3145833333333333 0.43828125 0.004166666666666667 0.0046875
1 0.8447916666666667 0.43515625 0.0020833333333333333 0.0015625
1 0.32916666666666666 0.43046875 0.004166666666666667 0.0015625
1 0.3302083333333333 0.4265625 0.00625 0.003125
1 0.834375 0.42421875 0.0020833333333333333 0.0015625
1 0.8322916666666667 0.42109375 0.0020833333333333333 0.0015625
1 0.5645833333333333 0.415625 0.004166666666666667 0.003125
1 0.5552083333333333 0.41484375 0.0020833333333333333 0.0015625
1 0.553125 0.41171875 0.0020833333333333333 0.0015625
1 0.8302083333333333 0.41015625 0.0020833333333333333 0.0015625
1 0.5760416666666667 0.40703125 0.0020833333333333333 0.0015625
1 0.178125 0.4078125 0.00625 0.003125
1 0.578125 0.40390625 0.0020833333333333333 0.0015625
1 0.5479166666666667 0.40546875 0.004166666666666667 0.0046875
1 0.2760416666666667 0.40234375 0.0020833333333333333 0.0015625
1 0.16979166666666667 0.40390625 0.00625 0.0046875
1 0.171875 0.39921875 0.0020833333333333333 0.0015625
1 0.16770833333333332 0.39765625 0.0020833333333333333 0.0015625
1 0.28541666666666665 0.3984375 0.0125 0.009375
1 0.36354166666666665 0.39609375 0.014583333333333334 0.0078125
1 0.16770833333333332 0.39296875 0.0020833333333333333 0.0015625
1 0.9854166666666667 0.39140625 0.004166666666666667 0.0015625
1 0.171875 0.3890625 0.00625 0.003125
1 0.8614583333333333 0.38671875 0.0020833333333333333 0.0015625
1 0.534375 0.3875 0.0020833333333333333 0.003125
1 0.7614583333333333 0.384375 0.0020833333333333333 0.003125
1 0.16458333333333333 0.38984375 0.016666666666666666 0.0203125
1 0.5802083333333333 0.38984375 0.00625 0.0234375
1 0.240625 0.37734375 0.0020833333333333333 0.0015625
1 0.88125 0.38515625 0.025 0.0203125
1 0.5802083333333333 0.37578125 0.0020833333333333333 0.0015625
1 0.42916666666666664 0.446875 0.2 0.146875
1 0.984375 0.3734375 0.00625 0.003125
1 0.571875 0.3734375 0.00625 0.003125
1 0.334375 0.3734375 0.01875 0.0125
1 0.609375 0.36484375 0.010416666666666666 0.0015625
1 0.31145833333333334 0.36796875 0.00625 0.0109375
1 0.20625 0.37578125 0.07083333333333333 0.0265625
1 0.934375 0.36171875 0.0020833333333333333 0.0015625
1 0.8614583333333333 0.36875 0.03125 0.015625
1 0.94375 0.36015625 0.004166666666666667 0.0015625
1 0.909375 0.36015625 0.00625 0.0015625
1 0.7708333333333334 0.36328125 0.0125 0.0078125
1 0.3104166666666667 0.36015625 0.004166666666666667 0.0015625
1 0.634375 0.35703125 0.022916666666666665 0.0078125
1 0.6364583333333333 0.35390625 0.0020833333333333333 0.0015625
1 0.5114583333333333 0.35390625 0.0020833333333333333 0.0015625
1 0.640625 0.35234375 0.0020833333333333333 0.0015625
1 0.5260416666666666 0.35234375 0.0020833333333333333 0.0015625
1 0.8875 0.353125 0.008333333333333333 0.009375
1 0.5208333333333334 0.34921875 0.004166666666666667 0.0015625
1 0.434375 0.36953125 0.13541666666666666 0.0484375
1 0.33229166666666665 0.346875 0.0020833333333333333 0.003125
1 0.9083333333333333 0.34453125 0.004166666666666667 0.0015625
1 0.7875 0.34765625 0.0125 0.0078125
1 0.875 0.34375 0.004166666666666667 0.003125
1 0.8677083333333333 0.34140625 0.0020833333333333333 0.0015625
1 0.6604166666666667 0.34140625 0.004166666666666667 0.0015625
1 0.5697916666666667 0.34375 0.010416666666666666 0.00625
1 0.79375 0.33984375 0.004166666666666667 0.0046875
1 0.7239583333333334 0.36953125 0.07291666666666667 0.0640625
1 0.6635416666666667 0.34375 0.022916666666666665 0.0125
1 0.8635416666666667 0.33671875 0.0020833333333333333 0.0015625
1 0.790625 0.33671875 0.0020833333333333333 0.0015625
1 0.9364583333333333 0.33359375 0.0020833333333333333 0.0015625
1 0.8572916666666667 0.33828125 0.010416666666666666 0.0109375
1 0.6760416666666667 0.334375 0.00625 0.003125
1 0.584375 0.353125 0.13958333333333334 0.04375
1 0.678125 0.32890625 0.0020833333333333333 0.0015625
1 0.9947916666666666 0.32421875 0.0020833333333333333 0.0015625
1 0.825 0.32421875 0.004166666666666667 0.0015625
1 0.19270833333333334 0.32421875 0.0020833333333333333 0.0015625
1 0.896875 0.32265625 0.0020833333333333333 0.0015625
1 0.215625 0.3234375 0.00625 0.003125
1 0.6541666666666667 0.32265625 0.004166666666666667 0.0046875
1 0.8270833333333333 0.3203125 0.004166666666666667 0.003125
1 0.371875 0.321875 0.00625 0.00625
1 0.21875 0.3203125 0.004166666666666667 0.003125
1 0.315625 0.33671875 0.01875 0.0421875
1 0.19583333333333333 0.3171875 0.008333333333333333 0.00625
1 0.17708333333333334 0.31640625 0.004166666666666667 0.0046875
1 0.734375 0.31171875 0.0020833333333333333 0.0015625
1 0.725 0.3140625 0.008333333333333333 0.00625
1 0.7083333333333334 0.3140625 0.004166666666666667 0.00625
1 0.671875 0.31171875 0.0020833333333333333 0.0015625
1 0.18229166666666666 0.3125 0.010416666666666666 0.00625
1 0.6760416666666667 0.30859375 0.0020833333333333333 0.0015625
1 0.16458333333333333 0.309375 0.004166666666666667 0.003125
1 0.7375 0.309375 0.008333333333333333 0.00625
1 0.69375 0.321875 0.0375 0.034375
1 0.684375 0.30546875 0.0020833333333333333 0.0015625
1 0.6791666666666667 0.30546875 0.004166666666666667 0.0015625
1 0.7302083333333333 0.30625 0.00625 0.00625
1 0.7041666666666667 0.30625 0.008333333333333333 0.00625
1 0.49375 0.309375 0.0125 0.0125
1 0.12291666666666666 0.303125 0.016666666666666666 0.00625
1 0.0020833333333333333 0.29765625 0.004166666666666667 0.0015625
1 0.7614583333333333 0.29765625 0.010416666666666666 0.0046875
1 0.7291666666666666 0.29765625 0.004166666666666667 0.0046875
1 0.146875 0.29765625 0.022916666666666665 0.0171875
1 0.31875 0.28828125 0.008333333333333333 0.0046875
1 0.7041666666666667 0.2875 0.020833333333333332 0.009375
1 0.34791666666666665 0.2984375 0.058333333333333334 0.034375
1 0.33645833333333336 0.2828125 0.0020833333333333333 0.003125
1 0.19479166666666667 0.28203125 0.0020833333333333333 0.0015625
1 0.203125 0.284375 0.010416666666666666 0.009375
1 0.790625 0.27578125 0.0020833333333333333 0.0015625
1 0.7854166666666667 0.2765625 0.004166666666666667 0.003125
1 0.030208333333333334 0.27578125 0.0020833333333333333 0.0015625
1 0.7354166666666667 0.2765625 0.004166666666666667 0.00625
1 0.709375 0.278125 0.01875 0.0125
1 0.696875 0.27265625 0.0020833333333333333 0.0015625
1 0.18854166666666666 0.27265625 0.0020833333333333333 0.0015625
1 0.171875 0.2734375 0.0020833333333333333 0.003125
1 0.1625 0.27265625 0.008333333333333333 0.0046875
1 0.5697916666666667 0.3015625 0.12291666666666666 0.065625
1 0.41875 0.296875 0.06666666666666667 0.05625
1 0.884375 0.31328125 0.23125 0.1015625
1 0.4739583333333333 0.28203125 0.07291666666666667 0.0390625
1 0.013541666666666667 0.2734375 0.027083333333333334 0.025
1 0.6864583333333333 0.25546875 0.0020833333333333333 0.0015625
1 0.7135416666666666 0.259375 0.00625 0.0125
1 0.0125 0.25625 0.025 0.009375
1 0.5354166666666667 0.253125 0.020833333333333332 0.0125
1 0.007291666666666667 0.246875 0.010416666666666666 0.00625
1 0.7541666666666667 0.25703125 0.041666666666666664 0.0296875
1 0.8385416666666666 0.2421875 0.00625 0.003125
1 0.721875 0.25703125 0.014583333333333334 0.0328125
1 0.5510416666666667 0.24140625 0.0020833333333333333 0.0015625
1 0.26145833333333335 0.2453125 0.010416666666666666 0.009375
1 0.019791666666666666 0.24140625 0.0020833333333333333 0.0015625
1 0.5802083333333333 0.23984375 0.0020833333333333333 0.0015625
1 0.25625 0.234375 0.004166666666666667 0.00625
1 0.00625 0.23671875 0.0125 0.0109375
1 0.8729166666666667 0.234375 0.03333333333333333 0.009375
1 0.5322916666666667 0.23046875 0.0020833333333333333 0.0015625
1 0.5677083333333334 0.22890625 0.0020833333333333333 0.0015625
1 0.7447916666666666 0.228125 0.00625 0.003125
1 0.71875 0.228125 0.0125 0.00625
1 0.6802083333333333 0.24765625 0.06458333333333334 0.0453125
1 0.6635416666666667 0.22578125 0.0020833333333333333 0.0015625
1 0.6572916666666667 0.22734375 0.00625 0.0046875
1 0.6395833333333333 0.21953125 0.004166666666666667 0.0015625
1 0.009375 0.21875 0.0020833333333333333 0.003125
1 0.56875 0.215625 0.008333333333333333 0.003125
1 0.007291666666666667 0.21484375 0.0020833333333333333 0.0015625
1 0.8104166666666667 0.22265625 0.0125 0.0203125
1 0.6739583333333333 0.21328125 0.00625 0.0046875
1 0.6489583333333333 0.21015625 0.0020833333333333333 0.0015625
1 0.615625 0.21015625 0.0020833333333333333 0.0015625
1 0.30104166666666665 0.21484375 0.01875 0.0140625
1 0.434375 0.22890625 0.10208333333333333 0.0453125
1 0.6729166666666667 0.20625 0.004166666666666667 0.003125
1 0.6604166666666667 0.20546875 0.004166666666666667 0.0015625
1 0.6447916666666667 0.20703125 0.0020833333333333333 0.0046875
1 0.6375 0.20546875 0.008333333333333333 0.0046875
1 0.5604166666666667 0.20234375 0.004166666666666667 0.0015625
1 0.971875 0.2109375 0.014583333333333334 0.021875
1 0.6635416666666667 0.2015625 0.00625 0.003125
1 0.3375 0.20625 0.008333333333333333 0.0125
1 0.6708333333333333 0.19921875 0.004166666666666667 0.0015625
1 0.6635416666666667 0.19453125 0.0020833333333333333 0.0015625
1 0.6385416666666667 0.196875 0.00625 0.00625
1 0.6885416666666667 0.19609375 0.022916666666666665 0.0078125
1 0.790625 0.18984375 0.00625 0.0015625
1 0.834375 0.1890625 0.010416666666666666 0.00625
1 0.8041666666666667 0.1875 0.004166666666666667 0.003125
1 0.7083333333333334 0.18828125 0.008333333333333333 0.0078125
1 0.81875 0.1859375 0.016666666666666666 0.00625
1 0.153125 0.19765625 0.01875 0.0328125
1 0.8052083333333333 0.17890625 0.0020833333333333333 0.0015625
1 0.46875 0.1796875 0.004166666666666667 0.003125
1 0.13541666666666666 0.17890625 0.004166666666666667 0.0015625
1 0.7614583333333333 0.1828125 0.035416666666666666 0.015625
1 0.8135416666666667 0.1765625 0.010416666666666666 0.00625
1 0.50625 0.1703125 0.004166666666666667 0.003125
1 0.49895833333333334 0.16953125 0.0020833333333333333 0.0015625
1 0.8375 0.178125 0.029166666666666667 0.021875
1 0.15208333333333332 0.16796875 0.008333333333333333 0.0140625
1 0.7364583333333333 0.1609375 0.0020833333333333333 0.003125
1 0.4083333333333333 0.16015625 0.008333333333333333 0.0015625
1 0.8458333333333333 0.16015625 0.0125 0.0109375
1 0.421875 0.15625 0.014583333333333334 0.00625
1 0.846875 0.15234375 0.0020833333333333333 0.0015625
1 0.828125 0.15234375 0.0020833333333333333 0.0015625
1 0.8114583333333333 0.15234375 0.0020833333333333333 0.0015625
1 0.8427083333333333 0.14921875 0.0020833333333333333 0.0015625
1 0.090625 0.14921875 0.0020833333333333333 0.0015625
1 0.728125 0.15390625 0.010416666666666666 0.0140625
1 0.3614583333333333 0.1609375 0.03958333333333333 0.028125
1 0.284375 0.1484375 0.0020833333333333333 0.003125
1 0.7364583333333333 0.14765625 0.0020833333333333333 0.0046875
1 0.9479166666666666 0.14375 0.0125 0.00625
1 0.7927083333333333 0.140625 0.0020833333333333333 0.003125
1 0.0125 0.1359375 0.004166666666666667 0.003125
1 0.9770833333333333 0.1375 0.0125 0.009375
1 0.8916666666666667 0.14296875 0.05416666666666667 0.0203125
1 0.30833333333333335 0.1375 0.025 0.0125
1 0.017708333333333333 0.12734375 0.0020833333333333333 0.0015625
1 0.00625 0.13046875 0.008333333333333333 0.0078125
1 0.013541666666666667 0.12578125 0.0020833333333333333 0.0015625
1 0.6552083333333333 0.12578125 0.022916666666666665 0.0078125
1 0.5520833333333334 0.17265625 0.18333333333333332 0.1015625
1 0.5541666666666667 0.12578125 0.008333333333333333 0.0078125
1 0.296875 0.1234375 0.0020833333333333333 0.003125
1 0.13854166666666667 0.121875 0.0020833333333333333 0.003125
1 0.0010416666666666667 0.12265625 0.0020833333333333333 0.0046875
1 0.809375 0.14609375 0.09791666666666667 0.0703125
1 0.709375 0.1171875 0.010416666666666666 0.0125
1 0.6854166666666667 0.11875 0.020833333333333332 0.01875
1 0.9197916666666667 0.1125 0.01875 0.0125
1 0.12916666666666668 0.1078125 0.008333333333333333 0.00625
1 0.6208333333333333 0.10546875 0.008333333333333333 0.0109375
1 0.24895833333333334 0.10390625 0.014583333333333334 0.0078125
1 0.009375 0.09765625 0.0020833333333333333 0.0015625
1 0.8854166666666666 0.0921875 0.016666666666666666 0.00625
1 0.4041666666666667 0.09609375 0.0125 0.0140625
1 0.6572916666666667 0.09296875 0.014583333333333334 0.0109375
1 0.728125 0.0875 0.0020833333333333333 0.00625
1 0.9239583333333333 0.08359375 0.03125 0.0140625
1 0.865625 0.07734375 0.00625 0.0015625
1 0.740625 0.10625 0.06458333333333334 0.059375
1 0.403125 0.078125 0.00625 0.00625
1 0.8375 0.0765625 0.008333333333333333 0.00625
1 0.0010416666666666667 0.06953125 0.0020833333333333333 0.0015625
1 0.5322916666666667 0.06953125 0.00625 0.0078125
1 0.090625 0.08046875 0.07708333333333334 0.0390625
1 0.10208333333333333 0.05546875 0.008333333333333333 0.0078125
1 0.6510416666666666 0.05234375 0.014583333333333334 0.0046875
1 0.4875 0.06875 0.0375 0.0375
1 0.09895833333333333 0.04921875 0.0020833333333333333 0.0015625
1 0.6645833333333333 0.04765625 0.004166666666666667 0.0015625
1 0.5354166666666667 0.1015625 0.22083333333333333 0.1125
1 0.5072916666666667 0.0546875 0.014583333333333334 0.01875
1 0.871875 0.0453125 0.0020833333333333333 0.00625
1 0.40625 0.0515625 0.020833333333333332 0.021875
1 0.5197916666666667 0.03359375 0.0020833333333333333 0.0015625
1 0.621875 0.03203125 0.0020833333333333333 0.0015625
1 0.721875 0.021875 0.00625 0.00625
1 0.6510416666666666 0.02421875 0.014583333333333334 0.0109375
1 0.078125 0.03515625 0.04375 0.0328125
1 0.6854166666666667 0.02109375 0.0375 0.0171875
1 0.6541666666666667 0.01328125 0.004166666666666667 0.0046875
1 0.6010416666666667 0.0140625 0.06041666666666667 0.015625
1 0.940625 0.03125 0.06041666666666667 0.0625
1 0.6427083333333333 0.00625 0.027083333333333334 0.0125
1 0.43645833333333334 0.02265625 0.19375 0.0453125
1 0.26458333333333334 0.06171875 0.22083333333333333 0.1234375
