0 0.8020833333333334 0.9986111111111111 0.004166666666666667 0.002777777777777778
0 0.8333333333333334 0.9972222222222222 0.008333333333333333 0.005555555555555556
0 0.8760416666666667 0.9888888888888889 0.010416666666666666 0.022222222222222223
0 0.8604166666666667 0.9722222222222222 0.0125 0.011111111111111112
0 0.878125 0.9611111111111111 0.0020833333333333333 0.005555555555555556
0 0.8291666666666667 0.9555555555555556 0.004166666666666667 0.005555555555555556
0 0.8239583333333333 0.9555555555555556 0.0020833333333333333 0.005555555555555556
0 0.74375 0.9541666666666667 0.004166666666666667 0.002777777777777778
0 0.8739583333333333 0.9555555555555556 0.010416666666666666 0.011111111111111112
0 0.23645833333333333 0.9152777777777777 0.00625 0.008333333333333333
0 0.14583333333333334 0.9152777777777777 0.025 0.013888888888888888
0 0.8697916666666666 0.9083333333333333 0.0020833333333333333 0.011111111111111112
0 0.809375 0.8763888888888889 0.010416666666666666 0.025
0 0.834375 0.8722222222222222 0.010416666666666666 0.027777777777777776
0 0.9989583333333333 0.8569444444444444 0.0020833333333333333 0.002777777777777778
0 0.9645833333333333 0.8541666666666666 0.0375 0.041666666666666664
0 0.7666666666666667 0.8444444444444444 0.05 0.06111111111111111
0 0.9270833333333334 0.8319444444444445 0.03333333333333333 0.04722222222222222
0 0.7635416666666667 0.8041666666666667 0.0020833333333333333 0.002777777777777778
0 0.9166666666666666 0.7972222222222223 0.004166666666666667 0.005555555555555556
0 0.9239583333333333 0.7875 0.00625 0.002777777777777778
0 0.96875 0.8055555555555556 0.020833333333333332 0.044444444444444446
0 0.9333333333333333 0.7902777777777777 0.008333333333333333 0.019444444444444445
0 0.8197916666666667 0.7819444444444444 0.0020833333333333333 0.002777777777777778
0 0.8822916666666667 0.7986111111111112 0.035416666666666666 0.04722222222222222
0 0.8333333333333334 0.8152777777777778 0.041666666666666664 0.08611111111111111
0 0.7635416666666667 0.7722222222222223 0.0020833333333333333 0.005555555555555556
0 0.9916666666666667 0.7791666666666667 0.016666666666666666 0.025
0 0.8833333333333333 0.7597222222222222 0.0125 0.013888888888888888
0 0.8635416666666667 0.7541666666666667 0.0020833333333333333 0.002777777777777778
0 0.8552083333333333 0.7513888888888889 0.00625 0.002777777777777778
0 0.8697916666666666 0.7416666666666667 0.00625 0.005555555555555556
0 0.68125 0.8277777777777777 0.0875 0.19444444444444445
0 0.9427083333333334 0.7305555555555555 0.06875 0.07777777777777778
0 0.796875 0.6541666666666667 0.0020833333333333333 0.002777777777777778
0 0.9791666666666666 0.6694444444444444 0.041666666666666664 0.06111111111111111
0 0.7822916666666667 0.6388888888888888 0.00625 0.005555555555555556
0 0.7541666666666667 0.5138888888888888 0.025 0.03333333333333333
0 0.915625 0.48194444444444445 0.0020833333333333333 0.002777777777777778
0 0.7510416666666667 0.45694444444444443 0.0020833333333333333 0.002777777777777778
0 0.6989583333333333 0.4638888888888889 0.022916666666666665 0.022222222222222223
0 0.4427083333333333 0.4486111111111111 0.0020833333333333333 0.002777777777777778
0 0.8375 0.44166666666666665 0.004166666666666667 0.005555555555555556
0 0.9958333333333333 0.38472222222222224 0.008333333333333333 0.008333333333333333
0 0.8635416666666667 0.36666666666666664 0.0020833333333333333 0.011111111111111112
0 0.66875 0.3611111111111111 0.004166666666666667 0.005555555555555556
0 0.73125 0.35138888888888886 0.004166666666666667 0.002777777777777778
0 0.7916666666666666 0.3458333333333333 0.008333333333333333 0.013888888888888888
0 0.9364583333333333 0.35138888888888886 0.022916666666666665 0.030555555555555555
0 0.70625 0.35138888888888886 0.020833333333333332 0.030555555555555555
0 0.7697916666666667 0.32083333333333336 0.0020833333333333333 0.002777777777777778
0 0.8802083333333334 0.31527777777777777 0.0020833333333333333 0.002777777777777778
0 0.803125 0.3138888888888889 0.0020833333333333333 0.005555555555555556
0 0.528125 0.30972222222222223 0.00625 0.008333333333333333
0 0.7770833333333333 0.3111111111111111 0.008333333333333333 0.016666666666666666
0 0.7333333333333333 0.32916666666666666 0.06666666666666667 0.05277777777777778
0 0.5489583333333333 0.31527777777777777 0.022916666666666665 0.025
0 0.821875 0.3055555555555556 0.010416666666666666 0.011111111111111112
0 0.8458333333333333 0.32083333333333336 0.04583333333333333 0.05277777777777778
0 0.9854166666666667 0.3013888888888889 0.0125 0.019444444444444445
0 0.878125 0.29305555555555557 0.0020833333333333333 0.002777777777777778
0 0.871875 0.29444444444444445 0.00625 0.005555555555555556
0 0.296875 0.2847222222222222 0.00625 0.008333333333333333
0 0.6666666666666666 0.2847222222222222 0.0125 0.019444444444444445
0 0.803125 0.27361111111111114 0.0020833333333333333 0.002777777777777778
0 0.8666666666666667 0.2722222222222222 0.025 0.03333333333333333
0 0.9166666666666666 0.2791666666666667 0.06666666666666667 0.08055555555555556
0 0.8125 0.25 0.041666666666666664 0.027777777777777776
0 0.4635416666666667 0.24583333333333332 0.01875 0.019444444444444445
0 0.9291666666666667 0.2263888888888889 0.004166666666666667 0.002777777777777778
0 0.8572916666666667 0.21805555555555556 0.0020833333333333333 0.002777777777777778
0 0.796875 0.17916666666666667 0.0020833333333333333 0.008333333333333333
0 0.684375 0.10555555555555556 0.010416666666666666 0.011111111111111112
0 0.8010416666666667 0.09583333333333334 0.0020833333333333333 0.002777777777777778
0 0.6802083333333333 0.08333333333333333 0.014583333333333334 0.011111111111111112
0 0.8697916666666666 0.04861111111111111 0.0020833333333333333 0.002777777777777778
0 0.7166666666666667 0.005555555555555556 0.008333333333333333 0.011111111111111112
1 0.6697916666666667 0.9972222222222222 0.0020833333333333333 0.005555555555555556
1 0.42291666666666666 0.9972222222222222 0.004166666666666667 0.005555555555555556
1 0.48541666666666666 0.9944444444444445 0.004166666666666667 0.011111111111111112
1 0.421875 0.9902777777777778 0.0020833333333333333 0.002777777777777778
1 0.4625 0.9875 0.004166666666666667 0.008333333333333333
1 0.821875 0.9819444444444444 0.00625 0.008333333333333333
1 0.484375 0.9805555555555555 0.0020833333333333333 0.005555555555555556
1 0.04895833333333333 0.9888888888888889 0.01875 0.022222222222222223
1 0.4822916666666667 0.9736111111111111 0.0020833333333333333 0.002777777777777778
1 0.8302083333333333 0.9736111111111111 0.00625 0.008333333333333333
1 0.46770833333333334 0.9625 0.0020833333333333333 0.002777777777777778
1 0.909375 0.975 0.04375 0.05
1 0.4666666666666667 0.9541666666666667 0.004166666666666667 0.008333333333333333
1 0.49895833333333334 0.9458333333333333 0.0020833333333333333 0.002777777777777778
1 0.9729166666666667 0.9708333333333333 0.05416666666666667 0.058333333333333334
1 0.4197916666666667 0.9430555555555555 0.0020833333333333333 0.002777777777777778
1 0.9489583333333333 0.9430555555555555 0.0020833333333333333 0.008333333333333333
1 0.8197916666666667 0.9375 0.0020833333333333333 0.002777777777777778
1 0.8125 0.9388888888888889 0.008333333333333333 0.005555555555555556
1 0.49270833333333336 0.9347222222222222 0.0020833333333333333 0.002777777777777778
1 0.440625 0.9319444444444445 0.0020833333333333333 0.002777777777777778
1 0.9947916666666666 0.9291666666666667 0.0020833333333333333 0.002777777777777778
1 0.9552083333333333 0.9319444444444445 0.00625 0.008333333333333333
1 0.96875 0.925 0.004166666666666667 0.011111111111111112
1 0.4635416666666667 0.9583333333333334 0.03958333333333333 0.08333333333333333
1 0.115625 0.9125 0.0020833333333333333 0.002777777777777778
1 0.8364583333333333 0.9097222222222222 0.022916666666666665 0.03611111111111111
1 0.3645833333333333 0.8958333333333334 0.004166666666666667 0.008333333333333333
1 0.128125 0.8986111111111111 0.014583333333333334 0.013888888888888888
1 0.821875 0.8847222222222222 0.0020833333333333333 0.002777777777777778
1 0.43645833333333334 0.9013888888888889 0.022916666666666665 0.03611111111111111
1 0.21979166666666666 0.8819444444444444 0.0020833333333333333 0.002777777777777778
1 0.990625 0.8986111111111111 0.01875 0.05277777777777778
1 0.9208333333333333 0.9041666666666667 0.07916666666666666 0.08055555555555556
1 0.9354166666666667 0.8611111111111112 0.004166666666666667 0.011111111111111112
1 0.653125 0.8486111111111111 0.0020833333333333333 0.002777777777777778
1 0.509375 0.8486111111111111 0.0020833333333333333 0.002777777777777778
1 0.296875 0.8486111111111111 0.0020833333333333333 0.002777777777777778
1 0.7427083333333333 0.9222222222222223 0.13958333333333334 0.15555555555555556
1 0.2520833333333333 0.9152777777777777 0.35833333333333334 0.16944444444444445
1 0.871875 0.8486111111111111 0.035416666666666666 0.041666666666666664
1 0.7302083333333333 0.8194444444444444 0.00625 0.022222222222222223
1 0.6614583333333334 0.8055555555555556 0.00625 0.005555555555555556
1 0.465625 0.8652777777777778 0.08125 0.13055555555555556
1 0.45729166666666665 0.7986111111111112 0.0020833333333333333 0.002777777777777778
1 0.4427083333333333 0.7986111111111112 0.00625 0.002777777777777778
1 0.7322916666666667 0.7972222222222223 0.00625 0.005555555555555556
1 0.43645833333333334 0.7972222222222223 0.0020833333333333333 0.005555555555555556
1 0.4552083333333333 0.7944444444444444 0.022916666666666665 0.011111111111111112
1 0.6385416666666667 0.7888888888888889 0.00625 0.005555555555555556
1 0.9052083333333333 0.7875 0.00625 0.008333333333333333
1 0.8010416666666667 0.8069444444444445 0.03125 0.04722222222222222
1 0.528125 0.8083333333333333 0.01875 0.05
1 0.946875 0.7861111111111111 0.00625 0.011111111111111112
1 0.7333333333333333 0.7722222222222223 0.004166666666666667 0.005555555555555556
1 0.9322916666666666 0.7680555555555556 0.0020833333333333333 0.002777777777777778
1 0.7260416666666667 0.7694444444444445 0.00625 0.011111111111111112
1 0.8697916666666666 0.7541666666666667 0.0020833333333333333 0.002777777777777778
1 0.7166666666666667 0.7527777777777778 0.004166666666666667 0.005555555555555556
1 0.8708333333333333 0.7333333333333333 0.004166666666666667 0.005555555555555556
1 0.628125 0.7333333333333333 0.014583333333333334 0.005555555555555556
1 0.5635416666666667 0.7222222222222222 0.00625 0.011111111111111112
1 0.596875 0.7166666666666667 0.00625 0.011111111111111112
1 0.6958333333333333 0.7069444444444445 0.004166666666666667 0.002777777777777778
1 0.471875 0.7041666666666667 0.0020833333333333333 0.002777777777777778
1 0.9833333333333333 0.7361111111111112 0.03333333333333333 0.07222222222222222
1 0.690625 0.7013888888888888 0.0020833333333333333 0.002777777777777778
1 0.684375 0.7013888888888888 0.0020833333333333333 0.002777777777777778
1 0.9989583333333333 0.7 0.0020833333333333333 0.005555555555555556
1 0.865625 0.6986111111111111 0.0020833333333333333 0.002777777777777778
1 0.9104166666666667 0.6944444444444444 0.008333333333333333 0.005555555555555556
1 0.48333333333333334 0.7027777777777777 0.016666666666666666 0.022222222222222223
1 0.9322916666666666 0.6930555555555555 0.010416666666666666 0.008333333333333333
1 0.91875 0.6916666666666667 0.004166666666666667 0.005555555555555556
1 0.4739583333333333 0.6902777777777778 0.0020833333333333333 0.002777777777777778
1 0.46979166666666666 0.6875 0.0020833333333333333 0.002777777777777778
1 0.446875 0.6944444444444444 0.022916666666666665 0.016666666666666666
1 0.896875 0.7277777777777777 0.06875 0.1
1 0.6989583333333333 0.6708333333333333 0.0020833333333333333 0.002777777777777778
1 0.7125 0.6638888888888889 0.008333333333333333 0.005555555555555556
1 0.5364583333333334 0.6597222222222222 0.0020833333333333333 0.002777777777777778
1 0.853125 0.6402777777777777 0.0020833333333333333 0.002777777777777778
1 0.9958333333333333 0.6388888888888888 0.008333333333333333 0.005555555555555556
1 0.9458333333333333 0.6527777777777778 0.0125 0.05
1 0.9729166666666667 0.6347222222222222 0.03333333333333333 0.030555555555555555
1 0.95 0.6222222222222222 0.004166666666666667 0.005555555555555556
1 0.771875 0.7027777777777777 0.18958333333333333 0.17777777777777778
1 0.240625 0.6069444444444444 0.0020833333333333333 0.002777777777777778
1 0.052083333333333336 0.5569444444444445 0.004166666666666667 0.002777777777777778
1 0.959375 0.5208333333333334 0.00625 0.002777777777777778
1 0.9697916666666667 0.5166666666666667 0.010416666666666666 0.011111111111111112
1 0.13645833333333332 0.5097222222222222 0.0020833333333333333 0.002777777777777778
1 0.9760416666666667 0.5069444444444444 0.0020833333333333333 0.002777777777777778
1 0.13854166666666667 0.5041666666666667 0.0020833333333333333 0.002777777777777778
1 0.058333333333333334 0.5027777777777778 0.004166666666666667 0.005555555555555556
1 0.8041666666666667 0.4930555555555556 0.0125 0.008333333333333333
1 0.9364583333333333 0.4847222222222222 0.0020833333333333333 0.002777777777777778
1 0.7864583333333334 0.475 0.00625 0.005555555555555556
1 0.8489583333333334 0.41944444444444445 0.0020833333333333333 0.005555555555555556
1 0.051041666666666666 0.3958333333333333 0.0020833333333333333 0.002777777777777778
1 0.5291666666666667 0.39444444444444443 0.004166666666666667 0.005555555555555556
1 0.09166666666666666 0.3958333333333333 0.004166666666666667 0.008333333333333333
1 0.6052083333333333 0.38472222222222224 0.0020833333333333333 0.002777777777777778
1 0.9583333333333334 0.44583333333333336 0.06666666666666667 0.13055555555555556
1 0.6260416666666667 0.36944444444444446 0.014583333333333334 0.016666666666666666
1 0.9625 0.3611111111111111 0.004166666666666667 0.005555555555555556
1 0.1375 0.35833333333333334 0.008333333333333333 0.005555555555555556
1 0.5208333333333334 0.3527777777777778 0.008333333333333333 0.005555555555555556
1 0.71875 0.35 0.004166666666666667 0.005555555555555556
1 0.103125 0.35138888888888886 0.010416666666666666 0.013888888888888888
1 0.036458333333333336 0.43194444444444446 0.07291666666666667 0.18055555555555555
1 0.78125 0.4041666666666667 0.15416666666666667 0.1361111111111111
1 0.5458333333333333 0.35 0.029166666666666667 0.027777777777777776
1 0.859375 0.3347222222222222 0.014583333333333334 0.008333333333333333
1 0.8833333333333333 0.4722222222222222 0.23333333333333334 0.28888888888888886
1 0.7302083333333333 0.3347222222222222 0.010416666666666666 0.013888888888888888
1 0.690625 0.3236111111111111 0.0020833333333333333 0.002777777777777778
1 0.7197916666666667 0.30972222222222223 0.0020833333333333333 0.002777777777777778
1 0.10520833333333333 0.3347222222222222 0.04375 0.058333333333333334
1 0.9708333333333333 0.33611111111111114 0.058333333333333334 0.06666666666666667
1 0.6729166666666667 0.30277777777777776 0.004166666666666667 0.011111111111111112
1 0.565625 0.2986111111111111 0.0020833333333333333 0.002777777777777778
1 0.5614583333333333 0.29583333333333334 0.00625 0.008333333333333333
1 0.534375 0.3 0.027083333333333334 0.022222222222222223
1 0.8635416666666667 0.28888888888888886 0.0020833333333333333 0.005555555555555556
1 0.521875 0.2847222222222222 0.0020833333333333333 0.002777777777777778
1 0.515625 0.2847222222222222 0.0020833333333333333 0.002777777777777778
1 0.609375 0.2833333333333333 0.0020833333333333333 0.005555555555555556
1 0.5708333333333333 0.2833333333333333 0.008333333333333333 0.011111111111111112
1 0.6822916666666666 0.275 0.0020833333333333333 0.005555555555555556
1 0.9979166666666667 0.28055555555555556 0.004166666666666667 0.022222222222222223
1 0.60625 0.2708333333333333 0.004166666666666667 0.008333333333333333
1 0.0875 0.2763888888888889 0.025 0.019444444444444445
1 0.8291666666666667 0.2763888888888889 0.0125 0.025
1 0.6291666666666667 0.3138888888888889 0.075 0.1
1 0.9604166666666667 0.275 0.029166666666666667 0.03333333333333333
1 0.12708333333333333 0.2611111111111111 0.004166666666666667 0.005555555555555556
1 0.8885416666666667 0.2652777777777778 0.014583333333333334 0.025
1 0.5947916666666667 0.2847222222222222 0.04791666666666667 0.08611111111111111
1 0.9875 0.2513888888888889 0.025 0.030555555555555555
1 0.865625 0.21805555555555556 0.0020833333333333333 0.002777777777777778
1 0.3697916666666667 0.21805555555555556 0.00625 0.008333333333333333
1 0.984375 0.2152777777777778 0.00625 0.008333333333333333
1 0.371875 0.20972222222222223 0.0020833333333333333 0.002777777777777778
1 0.403125 0.20694444444444443 0.0020833333333333333 0.002777777777777778
1 0.8427083333333333 0.20833333333333334 0.010416666666666666 0.027777777777777776
1 0.4552083333333333 0.20416666666666666 0.014583333333333334 0.019444444444444445
1 0.3614583333333333 0.20277777777777778 0.00625 0.016666666666666666
1 0.915625 0.23472222222222222 0.08125 0.09166666666666666
1 0.33958333333333335 0.19027777777777777 0.004166666666666667 0.002777777777777778
1 0.8364583333333333 0.18888888888888888 0.0020833333333333333 0.005555555555555556
1 0.934375 0.18472222222222223 0.0020833333333333333 0.008333333333333333
1 0.971875 0.18194444444444444 0.00625 0.008333333333333333
1 0.8010416666666667 0.19722222222222222 0.06875 0.07777777777777778
1 0.421875 0.1597222222222222 0.0020833333333333333 0.002777777777777778
1 0.2916666666666667 0.16666666666666666 0.0125 0.022222222222222223
1 0.7979166666666667 0.15416666666666667 0.004166666666666667 0.002777777777777778
1 0.796875 0.1486111111111111 0.00625 0.002777777777777778
1 0.9604166666666667 0.16527777777777777 0.0125 0.041666666666666664
1 0.3177083333333333 0.14305555555555555 0.0020833333333333333 0.002777777777777778
1 0.40520833333333334 0.5694444444444444 0.7270833333333333 0.8611111111111112
1 0.46145833333333336 0.1375 0.0020833333333333333 0.002777777777777778
1 0.453125 0.13472222222222222 0.0020833333333333333 0.002777777777777778
1 0.41354166666666664 0.13194444444444445 0.0020833333333333333 0.002777777777777778
1 0.4197916666666667 0.12916666666666668 0.0020833333333333333 0.002777777777777778
1 0.4635416666666667 0.12638888888888888 0.0020833333333333333 0.002777777777777778
1 0.428125 0.13472222222222222 0.014583333333333334 0.030555555555555555
1 0.421875 0.12083333333333333 0.0020833333333333333 0.002777777777777778
1 0.959375 0.12083333333333333 0.01875 0.030555555555555555
1 0.45416666666666666 0.10972222222222222 0.004166666666666667 0.008333333333333333
1 0.409375 0.10416666666666667 0.00625 0.008333333333333333
1 0.4114583333333333 0.09861111111111111 0.0020833333333333333 0.002777777777777778
1 0.46145833333333336 0.10138888888888889 0.00625 0.019444444444444445
1 0.45729166666666665 0.09305555555555556 0.0020833333333333333 0.002777777777777778
1 0.37604166666666666 0.0875 0.0020833333333333333 0.002777777777777778
1 0.415625 0.09305555555555556 0.010416666666666666 0.019444444444444445
1 0.9854166666666667 0.12083333333333333 0.029166666666666667 0.08055555555555556
1 0.5052083333333334 0.1125 0.052083333333333336 0.06944444444444445
1 0.4010416666666667 0.07916666666666666 0.0020833333333333333 0.002777777777777778
1 0.37916666666666665 0.08333333333333333 0.008333333333333333 0.011111111111111112
1 0.3885416666666667 0.0763888888888889 0.0020833333333333333 0.002777777777777778
1 0.8479166666666667 0.13194444444444445 0.12083333333333333 0.11944444444444445
1 0.4895833333333333 0.07361111111111111 0.004166666666666667 0.002777777777777778
1 0.38229166666666664 0.07361111111111111 0.0020833333333333333 0.002777777777777778
1 0.37916666666666665 0.06666666666666667 0.004166666666666667 0.005555555555555556
1 0.4864583333333333 0.0625 0.010416666666666666 0.013888888888888888
1 0.5177083333333333 0.05416666666666667 0.0020833333333333333 0.002777777777777778
1 0.38229166666666664 0.058333333333333334 0.0020833333333333333 0.011111111111111112
1 0.5135416666666667 0.05138888888888889 0.0020833333333333333 0.002777777777777778
1 0.3958333333333333 0.0625 0.020833333333333332 0.025
1 0.396875 0.05138888888888889 0.0020833333333333333 0.002777777777777778
1 0.459375 0.04861111111111111 0.0020833333333333333 0.002777777777777778
1 0.8375 0.041666666666666664 0.008333333333333333 0.005555555555555556
1 0.5010416666666667 0.0375 0.014583333333333334 0.013888888888888888
1 0.496875 0.02361111111111111 0.0020833333333333333 0.002777777777777778
1 0.5104166666666666 0.006944444444444444 0.004166666666666667 0.008333333333333333
1 0.95625 0.002777777777777778 0.004166666666666667 0.005555555555555556
1 0.9458333333333333 0.08888888888888889 0.10833333333333334 0.17777777777777778
1 0.8635416666666667 0.015277777777777777 0.03958333333333333 0.030555555555555555
1 0.81875 0.03194444444444444 0.025 0.06388888888888888
1 0.6541666666666667 0.16944444444444445 0.2875 0.3388888888888889
2 0.421875 0.9986111111111111 0.0020833333333333333 0.002777777777777778
2 0.165625 0.9986111111111111 0.0020833333333333333 0.002777777777777778
2 0.04583333333333333 0.9958333333333333 0.004166666666666667 0.008333333333333333
2 0.6083333333333333 0.9930555555555556 0.029166666666666667 0.013888888888888888
2 0.096875 0.9902777777777778 0.035416666666666666 0.019444444444444445
2 0.14479166666666668 0.9847222222222223 0.035416666666666666 0.030555555555555555
2 0.5625 0.9638888888888889 0.004166666666666667 0.005555555555555556
2 0.209375 0.975 0.05625 0.05
2 0.38333333333333336 0.9736111111111111 0.0875 0.05277777777777778
2 0.5927083333333333 0.9583333333333334 0.027083333333333334 0.03333333333333333
2 0.5614583333333333 0.9361111111111111 0.010416666666666666 0.005555555555555556
2 0.496875 0.9236111111111112 0.0020833333333333333 0.002777777777777778
2 0.4625 0.9611111111111111 0.0375 0.07777777777777778
2 0.446875 0.9180555555555555 0.0020833333333333333 0.002777777777777778
2 0.4354166666666667 0.9055555555555556 0.0125 0.027777777777777776
2 0.30625 0.8861111111111111 0.0125 0.016666666666666666
2 0.5697916666666667 0.8472222222222222 0.0020833333333333333 0.005555555555555556
2 0.2375 0.9194444444444444 0.25416666666666665 0.16111111111111112
2 0.49270833333333336 0.8722222222222222 0.014583333333333334 0.08333333333333333
2 0.596875 0.8347222222222223 0.00625 0.013888888888888888
2 0.6104166666666667 0.8291666666666667 0.004166666666666667 0.008333333333333333
2 0.46979166666666666 0.8180555555555555 0.0020833333333333333 0.002777777777777778
2 0.5239583333333333 0.8152777777777778 0.0020833333333333333 0.002777777777777778
2 0.9989583333333333 0.8097222222222222 0.0020833333333333333 0.002777777777777778
2 0.9895833333333334 0.8041666666666667 0.004166666666666667 0.002777777777777778
2 0.465625 0.8083333333333333 0.022916666666666665 0.016666666666666666
2 0.45729166666666665 0.7986111111111112 0.0020833333333333333 0.002777777777777778
2 0.590625 0.7888888888888889 0.022916666666666665 0.011111111111111112
2 0.6697916666666667 0.7791666666666667 0.0020833333333333333 0.002777777777777778
2 0.734375 0.7736111111111111 0.0020833333333333333 0.002777777777777778
2 0.634375 0.7625 0.0020833333333333333 0.002777777777777778
2 0.521875 0.7263888888888889 0.0020833333333333333 0.002777777777777778
2 0.5114583333333333 0.7569444444444444 0.09375 0.06944444444444445
2 0.625 0.7416666666666667 0.1125 0.06111111111111111
2 0.4979166666666667 0.7138888888888889 0.004166666666666667 0.005555555555555556
2 0.590625 0.6958333333333333 0.0020833333333333333 0.002777777777777778
2 0.5822916666666667 0.725 0.014583333333333334 0.06111111111111111
2 0.91875 0.6944444444444444 0.004166666666666667 0.005555555555555556
2 0.9135416666666667 0.6958333333333333 0.00625 0.008333333333333333
2 0.45625 0.6902777777777778 0.004166666666666667 0.008333333333333333
2 0.7979166666666667 0.6902777777777778 0.0125 0.025
2 0.7020833333333333 0.6430555555555556 0.020833333333333332 0.019444444444444445
2 0.603125 0.6347222222222222 0.00625 0.008333333333333333
2 0.55 0.6347222222222222 0.03333333333333333 0.013888888888888888
2 0.9635416666666666 0.6277777777777778 0.00625 0.011111111111111112
2 0.95 0.6291666666666667 0.004166666666666667 0.013888888888888888
2 0.784375 0.8111111111111111 0.43125 0.37777777777777777
2 0.3625 0.6125 0.008333333333333333 0.019444444444444445
2 0.58125 0.6305555555555555 0.029166666666666667 0.08333333333333333
2 0.30833333333333335 0.5875 0.004166666666666667 0.008333333333333333
2 0.5197916666666667 0.5430555555555555 0.0020833333333333333 0.002777777777777778
2 0.5291666666666667 0.5430555555555555 0.020833333333333332 0.025
2 0.13645833333333332 0.5097222222222222 0.0020833333333333333 0.002777777777777778
2 0.06770833333333333 0.5319444444444444 0.03958333333333333 0.04722222222222222
2 0.015625 0.5069444444444444 0.0020833333333333333 0.002777777777777778
2 0.13854166666666667 0.5041666666666667 0.0020833333333333333 0.002777777777777778
2 0.021875 0.5027777777777778 0.00625 0.005555555555555556
2 0.030208333333333334 0.49722222222222223 0.0020833333333333333 0.011111111111111112
2 0.04583333333333333 0.4791666666666667 0.016666666666666666 0.030555555555555555
2 0.11666666666666667 0.475 0.05 0.06111111111111111
2 0.00625 0.42777777777777776 0.0125 0.022222222222222223
2 0.05416666666666667 0.4111111111111111 0.025 0.022222222222222223
2 0.016666666666666666 0.3958333333333333 0.004166666666666667 0.002777777777777778
2 0.13020833333333334 0.3875 0.00625 0.008333333333333333
2 0.005208333333333333 0.3763888888888889 0.010416666666666666 0.025
2 0.10833333333333334 0.3541666666666667 0.020833333333333332 0.019444444444444445
2 0.021875 0.3597222222222222 0.01875 0.030555555555555555
2 0.1 0.32222222222222224 0.016666666666666666 0.022222222222222223
2 0.7270833333333333 0.30833333333333335 0.004166666666666667 0.005555555555555556
2 0.403125 0.21805555555555556 0.0020833333333333333 0.002777777777777778
2 0.6927083333333334 0.2152777777777778 0.027083333333333334 0.041666666666666664
2 0.6197916666666666 0.19722222222222222 0.010416666666666666 0.016666666666666666
2 0.33958333333333335 0.19027777777777777 0.004166666666666667 0.002777777777777778
2 0.2375 0.175 0.008333333333333333 0.005555555555555556
2 0.6114583333333333 0.16805555555555557 0.0020833333333333333 0.002777777777777778
2 0.228125 0.19305555555555556 0.022916666666666665 0.05277777777777778
2 0.5989583333333334 0.1625 0.0020833333333333333 0.008333333333333333
2 0.421875 0.1597222222222222 0.0020833333333333333 0.002777777777777778
2 0.56875 0.1763888888888889 0.020833333333333332 0.04722222222222222
2 0.3177083333333333 0.14305555555555555 0.0020833333333333333 0.002777777777777778
2 0.425 0.14166666666666666 0.008333333333333333 0.016666666666666666
2 0.5125 0.12638888888888888 0.004166666666666667 0.008333333333333333
2 0.540625 0.11388888888888889 0.0020833333333333333 0.005555555555555556
2 0.528125 0.12638888888888888 0.01875 0.030555555555555555
2 0.45416666666666666 0.1111111111111111 0.004166666666666667 0.005555555555555556
2 0.5010416666666667 0.09861111111111111 0.035416666666666666 0.041666666666666664
2 0.48854166666666665 0.07361111111111111 0.0020833333333333333 0.002777777777777778
2 0.4875 0.0625 0.008333333333333333 0.013888888888888888
2 0.559375 0.0375 0.0020833333333333333 0.002777777777777778
2 0.5635416666666667 0.03333333333333333 0.0020833333333333333 0.005555555555555556
2 0.5010416666666667 0.0375 0.014583333333333334 0.013888888888888888
2 0.4979166666666667 0.025 0.004166666666666667 0.005555555555555556
2 0.5166666666666667 0.011111111111111112 0.004166666666666667 0.005555555555555556
2 0.5104166666666666 0.006944444444444444 0.004166666666666667 0.008333333333333333
2 0.5395833333333333 0.3263888888888889 0.9208333333333333 0.6527777777777778
2 0.5645833333333333 0.002777777777777778 0.004166666666666667 0.005555555555555556
2 0.5322916666666667 0.02361111111111111 0.04375 0.04722222222222222
