0 0.384375 0.74921875 0.010416666666666666 0.0109375
0 0.4354166666666667 0.73984375 0.004166666666666667 0.0078125
0 0.4354166666666667 0.728125 0.004166666666666667 0.003125
0 0.3625 0.7265625 0.004166666666666667 0.003125
0 0.42291666666666666 0.71875 0.016666666666666666 0.00625
0 0.3697916666666667 0.7125 0.014583333333333334 0.0125
0 0.3729166666666667 0.69296875 0.004166666666666667 0.0109375
0 0.8041666666666667 0.68203125 0.004166666666666667 0.0015625
0 0.759375 0.67265625 0.0020833333333333333 0.0015625
0 0.565625 0.67421875 0.00625 0.0046875
0 0.396875 0.68515625 0.035416666666666666 0.0328125
0 0.8604166666666667 0.66875 0.008333333333333333 0.003125
0 0.9052083333333333 0.653125 0.00625 0.003125
0 0.9302083333333333 0.64765625 0.0020833333333333333 0.0015625
0 0.234375 0.646875 0.0020833333333333333 0.003125
0 0.22604166666666667 0.64296875 0.0020833333333333333 0.0015625
0 0.9447916666666667 0.63515625 0.0020833333333333333 0.0015625
0 0.4041666666666667 0.6234375 0.004166666666666667 0.003125
0 0.14895833333333333 0.61953125 0.0020833333333333333 0.0015625
0 0.14479166666666668 0.6203125 0.0020833333333333333 0.003125
0 0.3614583333333333 0.6421875 0.07708333333333334 0.053125
0 0.15520833333333334 0.60703125 0.0020833333333333333 0.0015625
0 0.203125 0.6046875 0.0020833333333333333 0.003125
0 0.121875 0.60390625 0.0020833333333333333 0.0015625
0 0.16145833333333334 0.61171875 0.022916666666666665 0.0234375
0 0.17916666666666667 0.5984375 0.004166666666666667 0.003125
0 0.21770833333333334 0.58828125 0.0020833333333333333 0.0015625
0 0.675 0.59375 0.004166666666666667 0.015625
0 0.4791666666666667 0.5984375 0.05416666666666667 0.028125
0 0.22083333333333333 0.6109375 0.075 0.059375
0 0.22395833333333334 0.58046875 0.0020833333333333333 0.0015625
0 0.23125 0.57890625 0.004166666666666667 0.0015625
0 0.15104166666666666 0.57265625 0.0020833333333333333 0.0015625
0 0.66875 0.58203125 0.004166666666666667 0.0234375
0 0.4354166666666667 0.5640625 0.004166666666666667 0.003125
0 0.30625 0.55625 0.008333333333333333 0.003125
0 0.43854166666666666 0.5453125 0.010416666666666666 0.009375
0 0.31979166666666664 0.546875 0.022916666666666665 0.0125
0 0.671875 0.53984375 0.0020833333333333333 0.0015625
0 0.375 0.565625 0.10833333333333334 0.05625
0 0.5708333333333333 0.5359375 0.004166666666666667 0.003125
0 0.6635416666666667 0.534375 0.0020833333333333333 0.003125
0 0.6302083333333334 0.528125 0.03125 0.015625
0 0.6375 0.5203125 0.004166666666666667 0.003125
0 0.6552083333333333 0.51796875 0.0020833333333333333 0.0015625
0 0.640625 0.51796875 0.0020833333333333333 0.0015625
0 0.6270833333333333 0.51796875 0.004166666666666667 0.0046875
0 0.634375 0.515625 0.0020833333333333333 0.003125
0 0.6635416666666667 0.51171875 0.0020833333333333333 0.0015625
0 0.465625 0.5171875 0.010416666666666666 0.0125
0 0.6677083333333333 0.51171875 0.00625 0.0078125
0 0.6739583333333333 0.50703125 0.0020833333333333333 0.0015625
0 0.46875 0.5078125 0.004166666666666667 0.003125
0 0.646875 0.50546875 0.0020833333333333333 0.0015625
0 0.6770833333333334 0.50234375 0.0125 0.0046875
0 0.5135416666666667 0.50234375 0.00625 0.0046875
0 0.315625 0.49765625 0.0020833333333333333 0.0015625
0 0.6375 0.50390625 0.016666666666666666 0.0203125
0 0.2635416666666667 0.4953125 0.0020833333333333333 0.00625
0 0.6791666666666667 0.490625 0.016666666666666666 0.0125
0 0.40520833333333334 0.48671875 0.00625 0.0046875
0 0.6697916666666667 0.48046875 0.0020833333333333333 0.0015625
0 0.5020833333333333 0.47890625 0.004166666666666667 0.0015625
0 0.6635416666666667 0.47734375 0.0020833333333333333 0.0015625
0 0.3572916666666667 0.503125 0.07708333333333334 0.05625
0 0.5625 0.47421875 0.008333333333333333 0.0015625
0 0.49895833333333334 0.47421875 0.0020833333333333333 0.0015625
0 0.65 0.4734375 0.004166666666666667 0.003125
0 0.271875 0.46796875 0.0020833333333333333 0.0015625
0 0.6447916666666667 0.46796875 0.00625 0.0046875
0 0.5041666666666667 0.46640625 0.004166666666666667 0.0046875
0 0.490625 0.4671875 0.00625 0.00625
0 0.44895833333333335 0.46484375 0.0020833333333333333 0.0015625
0 0.6427083333333333 0.4578125 0.00625 0.003125
0 0.4125 0.4765625 0.058333333333333334 0.040625
0 0.4354166666666667 0.4515625 0.004166666666666667 0.003125
0 0.44375 0.440625 0.041666666666666664 0.0125
0 0.5125 0.4453125 0.025 0.025
0 0.515625 0.43203125 0.0020833333333333333 0.0015625
0 0.5114583333333333 0.43046875 0.0020833333333333333 0.0015625
0 0.5479166666666667 0.43359375 0.008333333333333333 0.0109375
0 0.5239583333333333 0.42890625 0.0020833333333333333 0.0015625
0 0.37916666666666665 0.43125 0.004166666666666667 0.00625
0 0.5197916666666667 0.42890625 0.0020833333333333333 0.0046875
0 0.5645833333333333 0.42734375 0.004166666666666667 0.0046875
0 0.521875 0.4234375 0.00625 0.003125
0 0.5177083333333333 0.42109375 0.0020833333333333333 0.0015625
0 0.5697916666666667 0.4171875 0.010416666666666666 0.00625
0 0.396875 0.40859375 0.00625 0.0046875
0 0.41354166666666664 0.4 0.00625 0.00625
0 0.5666666666666667 0.4015625 0.016666666666666666 0.0125
0 0.6739583333333333 0.38828125 0.052083333333333336 0.0171875
0 0.33645833333333336 0.37421875 0.0020833333333333333 0.0015625
0 0.33541666666666664 0.3703125 0.004166666666666667 0.003125
0 0.5135416666666667 0.33984375 0.010416666666666666 0.0046875
0 0.240625 0.33828125 0.0020833333333333333 0.0015625
0 0.23333333333333334 0.3375 0.008333333333333333 0.00625
0 0.5552083333333333 0.32734375 0.0020833333333333333 0.0015625
0 0.5052083333333334 0.30078125 0.0020833333333333333 0.0015625
0 0.459375 0.28515625 0.0020833333333333333 0.0015625
0 0.30520833333333336 0.28203125 0.00625 0.0046875
0 0.4864583333333333 0.2859375 0.03125 0.025
0 0.4822916666666667 0.27265625 0.0020833333333333333 0.0015625
0 0.3072916666666667 0.2703125 0.010416666666666666 0.009375
0 0.5322916666666667 0.22890625 0.0020833333333333333 0.0015625
0 0.3927083333333333 0.22734375 0.0020833333333333333 0.0015625
0 0.4947916666666667 0.22578125 0.010416666666666666 0.0046875
0 0.5760416666666667 0.22265625 0.0020833333333333333 0.0015625
0 0.5697916666666667 0.2234375 0.0020833333333333333 0.003125
0 0.565625 0.22265625 0.0020833333333333333 0.0015625
0 0.5864583333333333 0.22109375 0.0020833333333333333 0.0015625
0 0.5197916666666667 0.22109375 0.0020833333333333333 0.0015625
0 0.5041666666666667 0.221875 0.004166666666666667 0.003125
0 0.58125 0.21953125 0.004166666666666667 0.0015625
0 0.5760416666666667 0.21953125 0.0020833333333333333 0.0015625
0 0.490625 0.2203125 0.0020833333333333333 0.003125
0 0.45729166666666665 0.22109375 0.00625 0.0046875
0 0.5572916666666666 0.21796875 0.0020833333333333333 0.0015625
0 0.5385416666666667 0.21796875 0.0020833333333333333 0.0015625
0 0.5197916666666667 0.21796875 0.0020833333333333333 0.0015625
0 0.46770833333333334 0.21796875 0.0020833333333333333 0.0015625
0 0.5333333333333333 0.21640625 0.004166666666666667 0.0015625
0 0.46875 0.2140625 0.004166666666666667 0.003125
0 0.5083333333333333 0.21328125 0.0125 0.0078125
0 0.403125 0.20234375 0.0020833333333333333 0.0015625
0 0.3875 0.20234375 0.004166666666666667 0.0046875
0 0.45 0.19765625 0.004166666666666667 0.0015625
0 0.39791666666666664 0.19921875 0.004166666666666667 0.0046875
0 0.2677083333333333 0.18984375 0.0020833333333333333 0.0015625
0 0.340625 0.1953125 0.022916666666666665 0.015625
0 0.2677083333333333 0.18671875 0.0020833333333333333 0.0015625
0 0.35625 0.17890625 0.004166666666666667 0.0046875
0 0.26875 0.18046875 0.004166666666666667 0.0078125
0 0.26979166666666665 0.16875 0.0020833333333333333 0.003125
0 0.51875 0.15078125 0.008333333333333333 0.0078125
0 0.55 0.0875 0.029166666666666667 0.021875
0 0.35208333333333336 0.07734375 0.004166666666666667 0.0015625
0 0.978125 0.00078125 0.0020833333333333333 0.0015625
1 0.08229166666666667 0.89296875 0.0020833333333333333 0.0015625
1 0.08645833333333333 0.88359375 0.0020833333333333333 0.0015625
1 0.07604166666666666 0.8875 0.00625 0.009375
1 0.058333333333333334 0.8859375 0.016666666666666666 0.03125
1 0.084375 0.87421875 0.014583333333333334 0.0140625
1 0.0875 0.86015625 0.008333333333333333 0.0046875
1 0.12395833333333334 0.85078125 0.0020833333333333333 0.0015625
1 0.06979166666666667 0.83671875 0.13958333333333334 0.0390625
1 0.096875 0.80078125 0.010416666666666666 0.0140625
1 0.06041666666666667 0.7921875 0.004166666666666667 0.003125
1 0.06875 0.79609375 0.020833333333333332 0.0234375
1 0.09270833333333334 0.7828125 0.00625 0.003125
1 0.096875 0.77421875 0.0020833333333333333 0.0015625
1 0.6822916666666666 0.77421875 0.010416666666666666 0.0046875
1 0.6239583333333333 0.77265625 0.00625 0.0015625
1 0.6177083333333333 0.77265625 0.0020833333333333333 0.0015625
1 0.5979166666666667 0.77265625 0.004166666666666667 0.0015625
1 0.5989583333333334 0.7671875 0.010416666666666666 0.00625
1 0.42604166666666665 0.76328125 0.0020833333333333333 0.0015625
1 0.4114583333333333 0.76328125 0.0020833333333333333 0.0015625
1 0.5760416666666667 0.76015625 0.0020833333333333333 0.0015625
1 0.66875 0.75859375 0.004166666666666667 0.0046875
1 0.5760416666666667 0.75703125 0.0020833333333333333 0.0015625
1 0.403125 0.76015625 0.010416666666666666 0.0078125
1 0.5791666666666667 0.75234375 0.004166666666666667 0.0046875
1 0.6635416666666667 0.74765625 0.0020833333333333333 0.0015625
1 0.5760416666666667 0.746875 0.00625 0.003125
1 0.5010416666666667 0.73828125 0.0020833333333333333 0.0015625
1 0.496875 0.73671875 0.0020833333333333333 0.0015625
1 0.596875 0.73515625 0.0020833333333333333 0.0015625
1 0.5635416666666667 0.73828125 0.010416666666666666 0.0078125
1 0.453125 0.73828125 0.014583333333333334 0.0140625
1 0.4552083333333333 0.72890625 0.0020833333333333333 0.0015625
1 0.659375 0.72734375 0.0020833333333333333 0.0015625
1 0.3854166666666667 0.72890625 0.0125 0.0046875
1 0.703125 0.72421875 0.0020833333333333333 0.0015625
1 0.6145833333333334 0.72265625 0.004166666666666667 0.0015625
1 0.503125 0.7296875 0.01875 0.015625
1 0.6239583333333333 0.72265625 0.010416666666666666 0.0046875
1 0.48125 0.73203125 0.016666666666666666 0.0265625
1 0.39895833333333336 0.721875 0.00625 0.00625
1 0.6375 0.7171875 0.004166666666666667 0.003125
1 0.3802083333333333 0.7171875 0.00625 0.003125
1 0.4197916666666667 0.71171875 0.0020833333333333333 0.0015625
1 0.6489583333333333 0.71015625 0.0020833333333333333 0.0015625
1 0.42604166666666665 0.71015625 0.0020833333333333333 0.0015625
1 0.6604166666666667 0.72265625 0.058333333333333334 0.0328125
1 0.6510416666666666 0.70546875 0.0020833333333333333 0.0046875
1 0.55 0.7375 0.06666666666666667 0.075
1 0.8114583333333333 0.69921875 0.0020833333333333333 0.0015625
1 0.45208333333333334 0.7140625 0.0125 0.03125
1 0.8145833333333333 0.69609375 0.004166666666666667 0.0015625
1 0.5510416666666667 0.69609375 0.00625 0.0046875
1 0.5552083333333333 0.69296875 0.0020833333333333333 0.0015625
1 0.8375 0.6921875 0.008333333333333333 0.003125
1 0.540625 0.68984375 0.0020833333333333333 0.0015625
1 0.5083333333333333 0.68984375 0.004166666666666667 0.0015625
1 0.6 0.69765625 0.03333333333333333 0.0203125
1 0.43020833333333336 0.68828125 0.0020833333333333333 0.0015625
1 0.615625 0.68515625 0.0020833333333333333 0.0015625
1 0.5625 0.6828125 0.004166666666666667 0.003125
1 0.3614583333333333 0.68203125 0.0020833333333333333 0.0015625
1 0.840625 0.68046875 0.0020833333333333333 0.0015625
1 0.8291666666666667 0.68203125 0.0125 0.0046875
1 0.415625 0.68046875 0.00625 0.0046875
1 0.6166666666666667 0.6734375 0.008333333333333333 0.003125
1 0.5270833333333333 0.67421875 0.008333333333333333 0.0046875
1 0.5635416666666667 0.66484375 0.0020833333333333333 0.0015625
1 0.5447916666666667 0.66484375 0.0020833333333333333 0.0015625
1 0.55625 0.6609375 0.008333333333333333 0.003125
1 0.75625 0.6625 0.008333333333333333 0.009375
1 0.834375 0.665625 0.06458333333333334 0.01875
1 0.75625 0.68984375 0.1125 0.0671875
1 0.5291666666666667 0.6578125 0.004166666666666667 0.003125
1 0.7322916666666667 0.65390625 0.0020833333333333333 0.0015625
1 0.771875 0.65234375 0.0020833333333333333 0.0015625
1 0.7125 0.646875 0.004166666666666667 0.003125
1 0.671875 0.6734375 0.06458333333333334 0.05625
1 0.728125 0.64765625 0.00625 0.0078125
1 0.9958333333333333 0.64375 0.008333333333333333 0.003125
1 0.990625 0.63984375 0.0020833333333333333 0.0015625
1 0.984375 0.63984375 0.0020833333333333333 0.0015625
1 0.696875 0.6390625 0.00625 0.00625
1 0.7854166666666667 0.640625 0.029166666666666667 0.021875
1 0.31979166666666664 0.61171875 0.00625 0.0046875
1 0.31354166666666666 0.60703125 0.0020833333333333333 0.0015625
1 0.4083333333333333 0.609375 0.0125 0.0125
1 0.16354166666666667 0.59765625 0.0020833333333333333 0.0015625
1 0.409375 0.59921875 0.01875 0.0078125
1 0.378125 0.603125 0.04375 0.025
1 0.6635416666666667 0.6015625 0.00625 0.025
1 0.16666666666666666 0.58984375 0.004166666666666667 0.0046875
1 0.665625 0.5828125 0.0020833333333333333 0.00625
1 0.20625 0.57890625 0.004166666666666667 0.0015625
1 0.240625 0.57421875 0.0020833333333333333 0.0015625
1 0.20208333333333334 0.57890625 0.020833333333333332 0.0109375
1 0.3229166666666667 0.5921875 0.029166666666666667 0.040625
1 0.23541666666666666 0.5734375 0.004166666666666667 0.003125
1 0.31979166666666664 0.56953125 0.0020833333333333333 0.0015625
1 0.31145833333333334 0.56484375 0.010416666666666666 0.0046875
1 0.19375 0.56953125 0.029166666666666667 0.0140625
1 0.21770833333333334 0.55546875 0.0020833333333333333 0.0015625
1 0.578125 0.55078125 0.0020833333333333333 0.0015625
1 0.21770833333333334 0.5515625 0.0020833333333333333 0.003125
1 0.5822916666666667 0.54921875 0.0020833333333333333 0.0015625
1 0.571875 0.54921875 0.0020833333333333333 0.0015625
1 0.14375 0.5546875 0.008333333333333333 0.0125
1 0.6177083333333333 0.54296875 0.0020833333333333333 0.0015625
1 0.5677083333333334 0.53984375 0.0020833333333333333 0.0015625
1 0.6635416666666667 0.54140625 0.00625 0.0078125
1 0.6052083333333333 0.53828125 0.0020833333333333333 0.0015625
1 0.5770833333333333 0.5390625 0.004166666666666667 0.003125
1 0.659375 0.53671875 0.0020833333333333333 0.0015625
1 0.134375 0.53828125 0.0020833333333333333 0.0078125
1 0.5958333333333333 0.53515625 0.008333333333333333 0.0046875
1 0.2625 0.5328125 0.008333333333333333 0.003125
1 0.20625 0.53984375 0.025 0.0171875
1 0.634375 0.5375 0.04375 0.015625
1 0.6729166666666667 0.528125 0.004166666666666667 0.003125
1 0.284375 0.54375 0.03125 0.0375
1 0.659375 0.5265625 0.00625 0.00625
1 0.296875 0.52578125 0.010416666666666666 0.0046875
1 0.18229166666666666 0.52421875 0.0020833333333333333 0.0015625
1 0.13645833333333332 0.52421875 0.0020833333333333333 0.0015625
1 0.140625 0.52265625 0.0020833333333333333 0.0015625
1 0.309375 0.52265625 0.010416666666666666 0.0046875
1 0.66875 0.52265625 0.008333333333333333 0.0078125
1 0.3958333333333333 0.5203125 0.004166666666666667 0.003125
1 0.30104166666666665 0.5203125 0.0020833333333333333 0.003125
1 0.1625 0.521875 0.03333333333333333 0.00625
1 0.31354166666666666 0.51640625 0.0020833333333333333 0.0015625
1 0.6791666666666667 0.515625 0.004166666666666667 0.003125
1 0.29583333333333334 0.51875 0.0125 0.009375
1 0.21979166666666666 0.51484375 0.0020833333333333333 0.0015625
1 0.23645833333333333 0.50859375 0.00625 0.0015625
1 0.421875 0.5234375 0.035416666666666666 0.034375
1 0.690625 0.50546875 0.0020833333333333333 0.0015625
1 0.36770833333333336 0.53671875 0.06875 0.0640625
1 0.3072916666666667 0.5078125 0.010416666666666666 0.009375
1 0.4395833333333333 0.50625 0.004166666666666667 0.009375
1 0.39895833333333336 0.5046875 0.0020833333333333333 0.00625
1 0.5635416666666667 0.5015625 0.00625 0.003125
1 0.4114583333333333 0.49921875 0.0020833333333333333 0.0015625
1 0.39895833333333336 0.49921875 0.0020833333333333333 0.0015625
1 0.30833333333333335 0.4984375 0.004166666666666667 0.003125
1 0.240625 0.49375 0.0020833333333333333 0.003125
1 0.240625 0.48984375 0.0020833333333333333 0.0015625
1 0.56875 0.490625 0.004166666666666667 0.00625
1 0.515625 0.490625 0.014583333333333334 0.00625
1 0.31354166666666666 0.4890625 0.0020833333333333333 0.003125
1 0.240625 0.48515625 0.0020833333333333333 0.0046875
1 0.3072916666666667 0.48046875 0.010416666666666666 0.0109375
1 0.2989583333333333 0.47421875 0.0020833333333333333 0.0015625
1 0.36041666666666666 0.47265625 0.0125 0.0046875
1 0.33645833333333336 0.47109375 0.0020833333333333333 0.0015625
1 0.24270833333333333 0.471875 0.0020833333333333333 0.003125
1 0.346875 0.46953125 0.00625 0.0015625
1 0.24479166666666666 0.46796875 0.0020833333333333333 0.0015625
1 0.28854166666666664 0.46875 0.014583333333333334 0.00625
1 0.27395833333333336 0.46328125 0.00625 0.0015625
1 0.2677083333333333 0.46171875 0.0020833333333333333 0.0015625
1 0.24791666666666667 0.46328125 0.008333333333333333 0.0046875
1 0.4 0.4609375 0.004166666666666667 0.003125
1 0.2552083333333333 0.46015625 0.0020833333333333333 0.0015625
1 0.459375 0.46328125 0.014583333333333334 0.0140625
1 0.44479166666666664 0.45234375 0.0020833333333333333 0.0015625
1 0.41354166666666664 0.45234375 0.0020833333333333333 0.0015625
1 0.678125 0.46171875 0.052083333333333336 0.0234375
1 0.6489583333333333 0.45078125 0.014583333333333334 0.0140625
1 0.5302083333333333 0.578125 0.2604166666666667 0.26875
1 0.7166666666666667 0.4453125 0.025 0.0125
1 0.5802083333333333 0.43984375 0.0020833333333333333 0.0015625
1 0.590625 0.4390625 0.010416666666666666 0.003125
1 0.734375 0.43671875 0.0020833333333333333 0.0015625
1 0.4010416666666667 0.44296875 0.027083333333333334 0.0140625
1 0.5645833333333333 0.43671875 0.016666666666666666 0.0109375
1 0.38125 0.44609375 0.058333333333333334 0.0390625
1 0.615625 0.42421875 0.0020833333333333333 0.0015625
1 0.603125 0.425 0.0020833333333333333 0.003125
1 0.4791666666666667 0.46328125 0.04583333333333333 0.0796875
1 0.48020833333333335 0.4234375 0.0020833333333333333 0.003125
1 0.621875 0.42109375 0.00625 0.0046875
1 0.49895833333333334 0.4203125 0.0020833333333333333 0.003125
1 0.384375 0.41171875 0.0020833333333333333 0.0015625
1 0.9979166666666667 0.415625 0.004166666666666667 0.0125
1 0.990625 0.41015625 0.0020833333333333333 0.0015625
1 0.99375 0.40703125 0.004166666666666667 0.0015625
1 0.5447916666666667 0.40703125 0.0020833333333333333 0.0015625
1 0.64375 0.40625 0.008333333333333333 0.003125
1 0.653125 0.40390625 0.0020833333333333333 0.0015625
1 0.5510416666666667 0.40625 0.00625 0.009375
1 0.3927083333333333 0.40234375 0.0020833333333333333 0.0015625
1 0.528125 0.41796875 0.04375 0.0453125
1 0.4010416666666667 0.39453125 0.0020833333333333333 0.0015625
1 0.3958333333333333 0.39609375 0.004166666666666667 0.0046875
1 0.45208333333333334 0.40625 0.0625 0.028125
1 0.40729166666666666 0.39296875 0.0020833333333333333 0.0015625
1 0.41770833333333335 0.39140625 0.0020833333333333333 0.0015625
1 0.6041666666666666 0.40703125 0.075 0.0390625
1 0.6364583333333333 0.384375 0.0020833333333333333 0.003125
1 0.6364583333333333 0.37578125 0.0020833333333333333 0.0015625
1 0.9552083333333333 0.37109375 0.0020833333333333333 0.0015625
1 0.40520833333333334 0.36328125 0.0020833333333333333 0.0015625
1 0.41354166666666664 0.36171875 0.0020833333333333333 0.0015625
1 0.32083333333333336 0.36015625 0.004166666666666667 0.0015625
1 0.32708333333333334 0.359375 0.004166666666666667 0.003125
1 0.30520833333333336 0.35859375 0.0020833333333333333 0.0015625
1 0.496875 0.35703125 0.0020833333333333333 0.0015625
1 0.421875 0.35390625 0.0020833333333333333 0.0015625
1 0.296875 0.34921875 0.0020833333333333333 0.0015625
1 0.5083333333333333 0.35 0.016666666666666666 0.009375
1 0.503125 0.34609375 0.0020833333333333333 0.0015625
1 0.4583333333333333 0.36015625 0.08333333333333333 0.0484375
1 0.9489583333333333 0.35078125 0.027083333333333334 0.0390625
1 0.45 0.3359375 0.016666666666666666 0.009375
1 0.25625 0.33359375 0.008333333333333333 0.0046875
1 0.4354166666666667 0.321875 0.008333333333333333 0.003125
1 0.43020833333333336 0.31640625 0.0020833333333333333 0.0015625
1 0.2989583333333333 0.31640625 0.0020833333333333333 0.0015625
1 0.43645833333333334 0.31484375 0.0020833333333333333 0.0015625
1 0.31354166666666666 0.31328125 0.0020833333333333333 0.0015625
1 0.2989583333333333 0.31171875 0.0020833333333333333 0.0015625
1 0.29270833333333335 0.31328125 0.00625 0.0046875
1 0.284375 0.30859375 0.0020833333333333333 0.0015625
1 0.28958333333333336 0.30703125 0.004166666666666667 0.0015625
1 0.284375 0.30546875 0.0020833333333333333 0.0015625
1 0.27708333333333335 0.30703125 0.008333333333333333 0.0046875
1 0.9385416666666667 0.29921875 0.0020833333333333333 0.0015625
1 0.2635416666666667 0.321875 0.03958333333333333 0.046875
1 0.534375 0.3125 0.18958333333333333 0.04375
1 0.365625 0.28671875 0.0020833333333333333 0.0015625
1 0.428125 0.27890625 0.0020833333333333333 0.0015625
1 0.359375 0.27890625 0.0020833333333333333 0.0015625
1 0.3729166666666667 0.28515625 0.008333333333333333 0.0171875
1 0.928125 0.2984375 0.027083333333333334 0.046875
1 0.43020833333333336 0.27578125 0.0020833333333333333 0.0015625
1 0.428125 0.27265625 0.0020833333333333333 0.0015625
1 0.9895833333333334 0.2734375 0.020833333333333332 0.0125
1 0.3260416666666667 0.26796875 0.0020833333333333333 0.0015625
1 0.271875 0.26875 0.0020833333333333333 0.003125
1 0.38229166666666664 0.26640625 0.0020833333333333333 0.0015625
1 0.2760416666666667 0.26484375 0.0020833333333333333 0.0015625
1 0.315625 0.26328125 0.0020833333333333333 0.0015625
1 0.3854166666666667 0.26328125 0.008333333333333333 0.0078125
1 0.30833333333333335 0.25703125 0.008333333333333333 0.0046875
1 0.27395833333333336 0.25859375 0.00625 0.0078125
1 0.32708333333333334 0.2546875 0.004166666666666667 0.003125
1 0.5489583333333333 0.25390625 0.010416666666666666 0.0046875
1 0.2864583333333333 0.25234375 0.010416666666666666 0.0046875
1 0.37083333333333335 0.259375 0.020833333333333332 0.021875
1 0.2947916666666667 0.23828125 0.0020833333333333333 0.0015625
1 0.49166666666666664 0.2578125 0.17083333333333334 0.05625
1 0.34791666666666665 0.221875 0.0125 0.00625
1 0.340625 0.21171875 0.0020833333333333333 0.0015625
1 0.32916666666666666 0.20703125 0.004166666666666667 0.0046875
1 0.628125 0.1859375 0.00625 0.00625
1 0.4322916666666667 0.18359375 0.0020833333333333333 0.0015625
1 0.6322916666666667 0.18046875 0.0020833333333333333 0.0015625
1 0.5625 0.1984375 0.125 0.040625
1 0.609375 0.17734375 0.0020833333333333333 0.0015625
1 0.634375 0.17578125 0.0020833333333333333 0.0015625
1 0.31145833333333334 0.17578125 0.0020833333333333333 0.0015625
1 0.434375 0.1640625 0.0020833333333333333 0.003125
1 0.23229166666666667 0.1578125 0.00625 0.003125
1 0.23541666666666666 0.15390625 0.004166666666666667 0.0015625
1 0.415625 0.13984375 0.0020833333333333333 0.0015625
1 0.20104166666666667 0.14453125 0.035416666666666666 0.0390625
1 0.396875 0.11328125 0.0020833333333333333 0.0015625
1 0.35104166666666664 0.228125 0.16041666666666668 0.2625
1 0.2833333333333333 0.08671875 0.020833333333333332 0.0046875
1 0.575 0.08359375 0.016666666666666666 0.0171875
1 0.24583333333333332 0.05625 0.008333333333333333 0.0125
1 0.45208333333333334 0.1078125 0.4041666666666667 0.215625
2 0.07708333333333334 0.88828125 0.004166666666666667 0.0078125
2 0.08645833333333333 0.88359375 0.0020833333333333333 0.0015625
2 0.058333333333333334 0.88515625 0.016666666666666666 0.0296875
2 0.08541666666666667 0.87421875 0.0125 0.0140625
2 0.11145833333333334 0.83984375 0.05625 0.0296875
2 0.028125 0.8375 0.05625 0.0375
2 0.09791666666666667 0.80078125 0.0125 0.0140625
2 0.06979166666666667 0.79609375 0.01875 0.0234375
2 0.09270833333333334 0.7828125 0.00625 0.003125
2 0.6333333333333333 0.77421875 0.004166666666666667 0.0015625
2 0.096875 0.77421875 0.0020833333333333333 0.0015625
2 0.6239583333333333 0.77265625 0.00625 0.0015625
2 0.6614583333333334 0.76953125 0.0020833333333333333 0.0015625
2 0.6916666666666667 0.77109375 0.03333333333333333 0.0171875
2 0.42604166666666665 0.76328125 0.0020833333333333333 0.0015625
2 0.5770833333333333 0.7609375 0.004166666666666667 0.003125
2 0.428125 0.76015625 0.0020833333333333333 0.0015625
2 0.5760416666666667 0.75703125 0.0020833333333333333 0.0015625
2 0.640625 0.75546875 0.0020833333333333333 0.0015625
2 0.609375 0.75859375 0.00625 0.0078125
2 0.6364583333333333 0.75390625 0.0020833333333333333 0.0015625
2 0.4354166666666667 0.75390625 0.004166666666666667 0.0046875
2 0.603125 0.75078125 0.0020833333333333333 0.0015625
2 0.671875 0.74765625 0.0020833333333333333 0.0015625
2 0.596875 0.74765625 0.0020833333333333333 0.0015625
2 0.6333333333333333 0.74765625 0.004166666666666667 0.0046875
2 0.525 0.76015625 0.016666666666666666 0.0296875
2 0.6 0.7453125 0.004166666666666667 0.00625
2 0.63125 0.74140625 0.004166666666666667 0.0015625
2 0.628125 0.7453125 0.00625 0.009375
2 0.628125 0.73828125 0.0020833333333333333 0.0015625
2 0.6239583333333333 0.73828125 0.0020833333333333333 0.0015625
2 0.615625 0.73515625 0.0020833333333333333 0.0015625
2 0.6114583333333333 0.73515625 0.0020833333333333333 0.0015625
2 0.6052083333333333 0.73515625 0.0020833333333333333 0.0015625
2 0.44375 0.73984375 0.020833333333333332 0.0109375
2 0.44895833333333335 0.73203125 0.0020833333333333333 0.0015625
2 0.6822916666666666 0.72890625 0.0020833333333333333 0.0015625
2 0.49375 0.7328125 0.029166666666666667 0.01875
2 0.6385416666666667 0.71796875 0.0020833333333333333 0.0015625
2 0.6489583333333333 0.71015625 0.0020833333333333333 0.0015625
2 0.5552083333333333 0.70625 0.00625 0.003125
2 0.5510416666666667 0.70234375 0.0020833333333333333 0.0015625
2 0.43645833333333334 0.70078125 0.0020833333333333333 0.0015625
2 0.5760416666666667 0.69765625 0.0020833333333333333 0.0015625
2 0.5822916666666667 0.69453125 0.0020833333333333333 0.0015625
2 0.5510416666666667 0.69609375 0.00625 0.0046875
2 0.8104166666666667 0.69296875 0.004166666666666667 0.0015625
2 0.5552083333333333 0.69296875 0.0020833333333333333 0.0015625
2 0.8375 0.6921875 0.008333333333333333 0.003125
2 0.8052083333333333 0.69140625 0.0020833333333333333 0.0015625
2 0.4083333333333333 0.69609375 0.008333333333333333 0.0109375
2 0.8010416666666667 0.68984375 0.0020833333333333333 0.0015625
2 0.8041666666666667 0.68203125 0.004166666666666667 0.0015625
2 0.3614583333333333 0.68203125 0.0020833333333333333 0.0015625
2 0.5822916666666667 0.68046875 0.0020833333333333333 0.0015625
2 0.59375 0.67890625 0.004166666666666667 0.0015625
2 0.7927083333333333 0.6765625 0.0020833333333333333 0.003125
2 0.6166666666666667 0.6734375 0.008333333333333333 0.003125
2 0.528125 0.6734375 0.00625 0.003125
2 0.4197916666666667 0.7171875 0.08541666666666667 0.09375
2 0.5802083333333333 0.6765625 0.03958333333333333 0.015625
2 0.5635416666666667 0.66796875 0.0020833333333333333 0.0015625
2 0.75625 0.66640625 0.008333333333333333 0.0046875
2 0.5635416666666667 0.66484375 0.0020833333333333333 0.0015625
2 0.8375 0.67109375 0.08333333333333333 0.0296875
2 0.546875 0.65703125 0.0020833333333333333 0.0015625
2 0.5291666666666667 0.6578125 0.004166666666666667 0.003125
2 0.5427083333333333 0.65546875 0.0020833333333333333 0.0015625
2 0.5385416666666667 0.65390625 0.0020833333333333333 0.0015625
2 0.9052083333333333 0.653125 0.00625 0.003125
2 0.5260416666666666 0.65078125 0.00625 0.0015625
2 0.9302083333333333 0.64765625 0.0020833333333333333 0.0015625
2 0.48854166666666665 0.66796875 0.035416666666666666 0.0421875
2 0.6489583333333333 0.64609375 0.0020833333333333333 0.0015625
2 0.234375 0.646875 0.0020833333333333333 0.003125
2 0.653125 0.64296875 0.0020833333333333333 0.0015625
2 0.22604166666666667 0.64296875 0.0020833333333333333 0.0015625
2 0.6614583333333334 0.70234375 0.27291666666666664 0.1359375
2 0.6354166666666666 0.634375 0.004166666666666667 0.00625
2 0.25104166666666666 0.63046875 0.0020833333333333333 0.0015625
2 0.24375 0.63515625 0.0125 0.0109375
2 0.5729166666666666 0.6265625 0.004166666666666667 0.003125
2 0.32395833333333335 0.6265625 0.0020833333333333333 0.003125
2 0.565625 0.6234375 0.00625 0.003125
2 0.14895833333333333 0.61953125 0.0020833333333333333 0.0015625
2 0.5947916666666667 0.61875 0.010416666666666666 0.0125
2 0.25625 0.61796875 0.004166666666666667 0.0140625
2 0.13020833333333334 0.6125 0.010416666666666666 0.009375
2 0.121875 0.60390625 0.0020833333333333333 0.0015625
2 0.6489583333333333 0.60078125 0.0020833333333333333 0.0015625
2 0.25416666666666665 0.60390625 0.004166666666666667 0.0109375
2 0.2520833333333333 0.59453125 0.004166666666666667 0.0046875
2 0.675 0.596875 0.004166666666666667 0.021875
2 0.55 0.58046875 0.004166666666666667 0.0015625
2 0.23125 0.57890625 0.004166666666666667 0.0015625
2 0.15208333333333332 0.59921875 0.058333333333333334 0.0484375
2 0.21666666666666667 0.60703125 0.06666666666666667 0.0671875
2 0.15104166666666666 0.57265625 0.0020833333333333333 0.0015625
2 0.6135416666666667 0.60703125 0.11875 0.1078125
2 0.5614583333333333 0.5671875 0.022916666666666665 0.034375
2 0.5791666666666667 0.54921875 0.008333333333333333 0.0046875
2 0.659375 0.53671875 0.0020833333333333333 0.0015625
2 0.665625 0.53984375 0.00625 0.0140625
2 0.153125 0.53203125 0.0020833333333333333 0.0015625
2 0.5666666666666667 0.53515625 0.025 0.0140625
2 0.13645833333333332 0.52421875 0.0020833333333333333 0.0015625
2 0.140625 0.52265625 0.0020833333333333333 0.0015625
2 0.17604166666666668 0.54765625 0.08541666666666667 0.0578125
2 0.6645833333333333 0.52890625 0.020833333333333332 0.0234375
2 0.6552083333333333 0.51796875 0.0020833333333333333 0.0015625
2 0.640625 0.51796875 0.0020833333333333333 0.0015625
2 0.678125 0.51640625 0.0020833333333333333 0.0015625
2 0.528125 0.51640625 0.00625 0.0078125
2 0.6635416666666667 0.51171875 0.0020833333333333333 0.0015625
2 0.328125 0.51171875 0.0020833333333333333 0.0015625
2 0.6427083333333333 0.51015625 0.0020833333333333333 0.0015625
2 0.6677083333333333 0.51171875 0.00625 0.0078125
2 0.6739583333333333 0.50703125 0.0020833333333333333 0.0015625
2 0.428125 0.49765625 0.0020833333333333333 0.0015625
2 0.6791666666666667 0.4953125 0.025 0.021875
2 0.6427083333333333 0.4859375 0.0020833333333333333 0.003125
2 0.6697916666666667 0.48046875 0.0020833333333333333 0.0015625
2 0.3958333333333333 0.4796875 0.004166666666666667 0.003125
2 0.671875 0.478125 0.00625 0.003125
2 0.6645833333333333 0.4765625 0.004166666666666667 0.003125
2 0.6302083333333334 0.47265625 0.0020833333333333333 0.0015625
2 0.6427083333333333 0.46953125 0.0020833333333333333 0.0015625
2 0.6375 0.4703125 0.008333333333333333 0.00625
2 0.565625 0.45546875 0.0020833333333333333 0.0015625
2 0.41458333333333336 0.45234375 0.004166666666666667 0.0015625
2 0.38125 0.45234375 0.020833333333333332 0.0078125
2 0.3885416666666667 0.44453125 0.0020833333333333333 0.0015625
2 0.65 0.459375 0.03333333333333333 0.034375
2 0.6052083333333333 0.440625 0.0020833333333333333 0.003125
2 0.590625 0.4390625 0.010416666666666666 0.003125
2 0.359375 0.43671875 0.0020833333333333333 0.0015625
2 0.515625 0.43203125 0.0020833333333333333 0.0015625
2 0.5114583333333333 0.43046875 0.0020833333333333333 0.0015625
2 0.3885416666666667 0.43203125 0.0020833333333333333 0.0046875
2 0.5197916666666667 0.42890625 0.0020833333333333333 0.0046875
2 0.509375 0.42734375 0.0020833333333333333 0.0015625
2 0.378125 0.42890625 0.00625 0.0078125
2 0.615625 0.42421875 0.0020833333333333333 0.0015625
2 0.5197916666666667 0.42421875 0.0020833333333333333 0.0015625
2 0.515625 0.421875 0.00625 0.003125
2 0.9979166666666667 0.42109375 0.004166666666666667 0.0109375
2 0.384375 0.41171875 0.0020833333333333333 0.0015625
2 0.6020833333333333 0.41015625 0.004166666666666667 0.0046875
2 0.396875 0.39765625 0.0020833333333333333 0.0015625
2 0.44166666666666665 0.56328125 0.42083333333333334 0.3421875
2 0.40729166666666666 0.39453125 0.0020833333333333333 0.0046875
2 0.640625 0.4046875 0.052083333333333336 0.03125
2 0.690625 0.38515625 0.04375 0.0171875
2 0.715625 0.37578125 0.0020833333333333333 0.0015625
2 0.33645833333333336 0.37421875 0.0020833333333333333 0.0015625
2 0.33645833333333336 0.36953125 0.00625 0.0046875
2 0.41354166666666664 0.36171875 0.0020833333333333333 0.0015625
2 0.496875 0.35703125 0.0020833333333333333 0.0015625
2 0.4125 0.35703125 0.004166666666666667 0.0015625
2 0.421875 0.34921875 0.0020833333333333333 0.0015625
2 0.296875 0.34921875 0.0020833333333333333 0.0015625
2 0.415625 0.34921875 0.014583333333333334 0.0109375
2 0.35 0.34921875 0.008333333333333333 0.0109375
2 0.2947916666666667 0.34453125 0.0020833333333333333 0.0015625
2 0.30625 0.34765625 0.0125 0.0140625
2 0.5104166666666666 0.34609375 0.016666666666666666 0.0171875
2 0.45208333333333334 0.3359375 0.008333333333333333 0.003125
2 0.25625 0.33359375 0.008333333333333333 0.0046875
2 0.5197916666666667 0.33046875 0.0020833333333333333 0.0015625
2 0.253125 0.33046875 0.0020833333333333333 0.0015625
2 0.5552083333333333 0.32734375 0.0020833333333333333 0.0015625
2 0.23645833333333333 0.33359375 0.022916666666666665 0.0140625
2 0.6072916666666667 0.31875 0.027083333333333334 0.009375
2 0.5885416666666666 0.31484375 0.0020833333333333333 0.0015625
2 0.928125 0.315625 0.014583333333333334 0.0125
2 0.36770833333333336 0.3296875 0.06875 0.040625
2 0.37083333333333335 0.3109375 0.008333333333333333 0.009375
2 0.278125 0.30625 0.0020833333333333333 0.003125
2 0.9385416666666667 0.3125 0.00625 0.01875
2 0.934375 0.30234375 0.0020833333333333333 0.0015625
2 0.2625 0.32265625 0.0375 0.0453125
2 0.41041666666666665 0.30078125 0.008333333333333333 0.0078125
2 0.5010416666666667 0.33671875 0.16875 0.0890625
2 0.32916666666666666 0.29296875 0.004166666666666667 0.0046875
2 0.459375 0.28515625 0.0020833333333333333 0.0015625
2 0.4083333333333333 0.28359375 0.020833333333333332 0.0171875
2 0.3958333333333333 0.27109375 0.008333333333333333 0.0046875
2 0.38645833333333335 0.26328125 0.010416666666666666 0.0078125
2 0.378125 0.25859375 0.0020833333333333333 0.0015625
2 0.34375 0.26796875 0.029166666666666667 0.0359375
2 0.3697916666666667 0.24921875 0.0020833333333333333 0.0015625
2 0.31666666666666665 0.2765625 0.09583333333333334 0.071875
2 0.3927083333333333 0.22734375 0.0020833333333333333 0.0015625
2 0.5760416666666667 0.22265625 0.0020833333333333333 0.0015625
2 0.5697916666666667 0.2234375 0.0020833333333333333 0.003125
2 0.565625 0.22265625 0.0020833333333333333 0.0015625
2 0.43645833333333334 0.2234375 0.0020833333333333333 0.003125
2 0.421875 0.21328125 0.0020833333333333333 0.0015625
2 0.41770833333333335 0.21328125 0.0020833333333333333 0.0015625
2 0.41041666666666665 0.21015625 0.004166666666666667 0.0046875
2 0.36770833333333336 0.20859375 0.0020833333333333333 0.0015625
2 0.41770833333333335 0.20703125 0.0020833333333333333 0.0046875
2 0.6197916666666666 0.20234375 0.0020833333333333333 0.0015625
2 0.428125 0.203125 0.00625 0.00625
2 0.41770833333333335 0.20078125 0.0020833333333333333 0.0015625
2 0.3875 0.20234375 0.004166666666666667 0.0046875
2 0.30520833333333336 0.2140625 0.027083333333333334 0.03125
2 0.2677083333333333 0.18984375 0.0020833333333333333 0.0015625
2 0.4270833333333333 0.1875 0.004166666666666667 0.003125
2 0.4322916666666667 0.18359375 0.0020833333333333333 0.0015625
2 0.4739583333333333 0.16328125 0.0020833333333333333 0.0015625
2 0.23229166666666667 0.1578125 0.00625 0.003125
2 0.22604166666666667 0.15625 0.0020833333333333333 0.003125
2 0.23541666666666666 0.153125 0.004166666666666667 0.003125
2 0.228125 0.1484375 0.0020833333333333333 0.003125
2 0.2989583333333333 0.146875 0.0020833333333333333 0.003125
2 0.23020833333333332 0.13828125 0.0020833333333333333 0.0015625
2 0.21145833333333333 0.14921875 0.022916666666666665 0.0265625
2 0.240625 0.134375 0.0020833333333333333 0.003125
2 0.19895833333333332 0.1328125 0.00625 0.003125
2 0.340625 0.16640625 0.06875 0.0796875
2 0.22291666666666668 0.13515625 0.008333333333333333 0.0203125
2 0.465625 0.13671875 0.03125 0.0390625
2 0.396875 0.11328125 0.0020833333333333333 0.0015625
2 0.99375 0.10234375 0.004166666666666667 0.0015625
2 0.2989583333333333 0.11796875 0.027083333333333334 0.0359375
2 0.334375 0.09921875 0.0020833333333333333 0.0015625
2 0.32916666666666666 0.09921875 0.004166666666666667 0.0015625
2 0.35104166666666664 0.07734375 0.0020833333333333333 0.0015625
2 0.34479166666666666 0.07734375 0.00625 0.0046875
2 0.4354166666666667 0.071875 0.008333333333333333 0.00625
2 0.4125 0.04765625 0.004166666666666667 0.0046875
2 0.459375 0.16328125 0.3854166666666667 0.2390625
2 0.4114583333333333 0.03984375 0.0020833333333333333 0.0015625
2 0.4166666666666667 0.03125 0.0125 0.009375
2 0.26875 0.0109375 0.008333333333333333 0.00625
2 0.4708333333333333 0.00546875 0.004166666666666667 0.0046875
2 0.48333333333333334 0.003125 0.004166666666666667 0.003125
2 0.478125 0.00078125 0.0020833333333333333 0.0015625
2 0.4739583333333333 0.01875 0.09791666666666667 0.0375
2 0.315625 0.00234375 0.00625 0.0046875
2 0.2791666666666667 0.03046875 0.05 0.0609375
