0 0.621875 0.68359375 0.0020833333333333333 0.0015625
0 0.61875 0.678125 0.004166666666666667 0.003125
0 0.41875 0.678125 0.004166666666666667 0.003125
0 0.42916666666666664 0.6703125 0.004166666666666667 0.00625
0 0.4239583333333333 0.66484375 0.00625 0.0078125
0 0.603125 0.65859375 0.0020833333333333333 0.0015625
0 0.43645833333333334 0.65703125 0.00625 0.0109375
0 0.4479166666666667 0.63984375 0.008333333333333333 0.0109375
0 0.5364583333333334 0.6359375 0.010416666666666666 0.021875
0 0.578125 0.625 0.00625 0.00625
0 0.5802083333333333 0.603125 0.0020833333333333333 0.003125
0 0.4708333333333333 0.6140625 0.03333333333333333 0.0375
0 0.46875 0.596875 0.004166666666666667 0.00625
0 0.5947916666666667 0.58984375 0.0020833333333333333 0.0015625
0 0.540625 0.58828125 0.0020833333333333333 0.0015625
0 0.5385416666666667 0.58515625 0.0020833333333333333 0.0015625
0 0.49166666666666664 0.58671875 0.004166666666666667 0.0078125
0 0.48541666666666666 0.57734375 0.004166666666666667 0.0015625
0 0.540625 0.57578125 0.014583333333333334 0.0140625
0 0.022916666666666665 0.5609375 0.016666666666666666 0.009375
0 0.5145833333333333 0.55625 0.004166666666666667 0.003125
0 0.43645833333333334 0.55546875 0.0020833333333333333 0.0015625
0 0.540625 0.55703125 0.00625 0.0109375
0 0.5833333333333334 0.55234375 0.008333333333333333 0.0046875
0 0.534375 0.54765625 0.0020833333333333333 0.0015625
0 0.5895833333333333 0.5453125 0.004166666666666667 0.00625
0 0.5510416666666667 0.53828125 0.0020833333333333333 0.0015625
0 0.409375 0.52890625 0.0020833333333333333 0.0015625
0 0.571875 0.5390625 0.01875 0.028125
0 0.5322916666666667 0.53203125 0.00625 0.0140625
0 0.515625 0.528125 0.00625 0.00625
0 0.15208333333333332 0.53046875 0.016666666666666666 0.0171875
0 0.4239583333333333 0.52265625 0.00625 0.0046875
0 0.13229166666666667 0.52265625 0.0020833333333333333 0.0046875
0 0.584375 0.51640625 0.0020833333333333333 0.0015625
0 0.5510416666666667 0.52578125 0.010416666666666666 0.0203125
0 0.46875 0.515625 0.004166666666666667 0.003125
0 0.10104166666666667 0.5125 0.0020833333333333333 0.003125
0 0.3302083333333333 0.51171875 0.010416666666666666 0.0046875
0 0.4375 0.5125 0.03333333333333333 0.015625
0 0.5104166666666666 0.50859375 0.004166666666666667 0.0140625
0 0.5875 0.50390625 0.008333333333333333 0.0078125
0 0.009375 0.5015625 0.00625 0.003125
0 0.20625 0.49609375 0.020833333333333332 0.0046875
0 0.165625 0.49296875 0.03125 0.0140625
0 0.12708333333333333 0.4890625 0.029166666666666667 0.009375
0 0.415625 0.4859375 0.00625 0.00625
0 0.015625 0.48359375 0.0020833333333333333 0.0015625
0 0.38333333333333336 0.4765625 0.004166666666666667 0.003125
0 0.10208333333333333 0.4765625 0.004166666666666667 0.003125
0 0.5520833333333334 0.4734375 0.004166666666666667 0.003125
0 0.51875 0.478125 0.004166666666666667 0.015625
0 0.39895833333333336 0.48125 0.022916666666666665 0.025
0 0.5583333333333333 0.459375 0.008333333333333333 0.0125
0 0.315625 0.44453125 0.00625 0.0015625
0 0.2864583333333333 0.44296875 0.0020833333333333333 0.0015625
0 0.29791666666666666 0.44140625 0.004166666666666667 0.0015625
0 0.19791666666666666 0.4390625 0.004166666666666667 0.003125
0 0.5125 0.43671875 0.004166666666666667 0.0015625
0 0.265625 0.4390625 0.00625 0.00625
0 0.003125 0.4390625 0.00625 0.00625
0 0.103125 0.434375 0.00625 0.00625
0 0.18020833333333333 0.43046875 0.0020833333333333333 0.0015625
0 0.27708333333333335 0.43125 0.016666666666666666 0.00625
0 0.24375 0.428125 0.020833333333333332 0.0125
0 0.09583333333333334 0.4234375 0.008333333333333333 0.003125
0 0.5020833333333333 0.425 0.0125 0.009375
0 0.103125 0.4140625 0.014583333333333334 0.00625
0 0.090625 0.41328125 0.00625 0.0046875
0 0.44583333333333336 0.415625 0.0125 0.0125
0 0.3260416666666667 0.4375 0.12708333333333333 0.065625
0 0.23958333333333334 0.41640625 0.06666666666666667 0.0265625
0 0.18645833333333334 0.40625 0.010416666666666666 0.00625
0 0.528125 0.4625 0.035416666666666666 0.121875
0 0.490625 0.40078125 0.0020833333333333333 0.0015625
0 0.16979166666666667 0.40234375 0.00625 0.0046875
0 0.1625 0.4 0.004166666666666667 0.003125
0 0.20104166666666667 0.3984375 0.010416666666666666 0.003125
0 0.190625 0.3984375 0.00625 0.003125
0 0.15625 0.39765625 0.004166666666666667 0.0015625
0 0.503125 0.4 0.00625 0.009375
0 0.46979166666666666 0.40234375 0.00625 0.0140625
0 0.18229166666666666 0.396875 0.00625 0.003125
0 0.17291666666666666 0.39375 0.008333333333333333 0.003125
0 0.023958333333333335 0.39140625 0.0020833333333333333 0.0015625
0 0.15 0.38828125 0.016666666666666666 0.0109375
0 0.021875 0.3859375 0.00625 0.00625
0 0.121875 0.38046875 0.0020833333333333333 0.0015625
0 0.5072916666666667 0.384375 0.010416666666666666 0.0125
0 0.115625 0.37890625 0.0020833333333333333 0.0015625
0 0.5072916666666667 0.37421875 0.0020833333333333333 0.0015625
0 0.036458333333333336 0.3765625 0.00625 0.00625
0 0.128125 0.37734375 0.03125 0.0140625
0 0.09791666666666667 0.3671875 0.016666666666666666 0.00625
0 0.5010416666666667 0.365625 0.010416666666666666 0.0125
0 0.003125 0.340625 0.00625 0.003125
0 0.7125 0.21640625 0.004166666666666667 0.0015625
0 0.69375 0.2109375 0.0125 0.0125
0 0.6291666666666667 0.21328125 0.05416666666666667 0.0296875
0 0.684375 0.196875 0.00625 0.00625
0 0.7166666666666667 0.196875 0.008333333333333333 0.009375
0 0.628125 0.1921875 0.01875 0.009375
0 0.3385416666666667 0.171875 0.010416666666666666 0.00625
0 0.8020833333333334 0.17109375 0.004166666666666667 0.0078125
0 0.8208333333333333 0.16953125 0.004166666666666667 0.0078125
0 0.31666666666666665 0.16640625 0.0125 0.0078125
0 0.9697916666666667 0.16015625 0.0020833333333333333 0.0015625
0 0.715625 0.153125 0.014583333333333334 0.00625
0 0.6510416666666666 0.1484375 0.00625 0.003125
0 0.640625 0.1484375 0.010416666666666666 0.003125
0 0.6739583333333333 0.16640625 0.06875 0.0515625
0 0.8302083333333333 0.13984375 0.0020833333333333333 0.0015625
0 0.9572916666666667 0.14296875 0.00625 0.0109375
0 0.8635416666666667 0.12265625 0.0020833333333333333 0.0015625
0 0.859375 0.12265625 0.0020833333333333333 0.0015625
0 0.8302083333333333 0.115625 0.0020833333333333333 0.003125
0 0.834375 0.1015625 0.00625 0.00625
0 0.8520833333333333 0.09921875 0.004166666666666667 0.0046875
0 0.9625 0.096875 0.008333333333333333 0.0125
0 0.8395833333333333 0.09140625 0.020833333333333332 0.0171875
0 0.6697916666666667 0.07734375 0.00625 0.0046875
0 0.853125 0.07265625 0.00625 0.0046875
0 0.98125 0.0796875 0.0375 0.040625
0 0.9208333333333333 0.05859375 0.004166666666666667 0.0046875
0 0.8229166666666666 0.053125 0.0125 0.009375
0 0.9302083333333333 0.040625 0.010416666666666666 0.009375
0 0.8645833333333334 0.03046875 0.004166666666666667 0.0046875
0 0.7885416666666667 0.03125 0.027083333333333334 0.0125
0 0.8729166666666667 0.01640625 0.004166666666666667 0.0046875
0 0.9270833333333334 0.00546875 0.008333333333333333 0.0109375
0 0.91875 0.00390625 0.004166666666666667 0.0078125
0 0.8895833333333333 0.0015625 0.004166666666666667 0.003125
0 0.8322916666666667 0.0015625 0.0020833333333333333 0.003125
0 0.8489583333333334 0.0375 0.13125 0.075
0 0.7520833333333333 0.01171875 0.0125 0.0234375
0 0.640625 0.0265625 0.06458333333333334 0.053125
1 0.10416666666666667 0.9875 0.0375 0.025
1 0.046875 0.97890625 0.09375 0.0421875
1 0.38125 0.7453125 0.004166666666666667 0.00625
1 0.3885416666666667 0.7359375 0.0020833333333333333 0.003125
1 0.39479166666666665 0.728125 0.010416666666666666 0.009375
1 0.4010416666666667 0.71953125 0.0020833333333333333 0.0015625
1 0.4010416666666667 0.71640625 0.0020833333333333333 0.0015625
1 0.40625 0.71484375 0.004166666666666667 0.0015625
1 0.40729166666666666 0.71171875 0.0020833333333333333 0.0015625
1 0.6364583333333333 0.70703125 0.00625 0.0046875
1 0.4125 0.7078125 0.004166666666666667 0.00625
1 0.465625 0.70390625 0.0020833333333333333 0.0015625
1 0.6322916666666667 0.70078125 0.0020833333333333333 0.0015625
1 0.4166666666666667 0.70078125 0.004166666666666667 0.0046875
1 0.36354166666666665 0.7515625 0.06041666666666667 0.10625
1 0.628125 0.69609375 0.0020833333333333333 0.0015625
1 0.4010416666666667 0.69765625 0.0020833333333333333 0.0046875
1 0.39375 0.69375 0.004166666666666667 0.00625
1 0.4010416666666667 0.68828125 0.0020833333333333333 0.0015625
1 0.396875 0.68828125 0.0020833333333333333 0.0015625
1 0.51875 0.70546875 0.016666666666666666 0.0390625
1 0.64375 0.703125 0.03333333333333333 0.04375
1 0.6114583333333333 0.68046875 0.0020833333333333333 0.0015625
1 0.6260416666666667 0.67890625 0.0020833333333333333 0.0015625
1 0.515625 0.68515625 0.00625 0.0171875
1 0.3375 0.675 0.025 0.0125
1 0.6208333333333333 0.671875 0.008333333333333333 0.009375
1 0.5177083333333333 0.66875 0.0020833333333333333 0.003125
1 0.315625 0.66640625 0.0020833333333333333 0.0015625
1 0.32395833333333335 0.66484375 0.0020833333333333333 0.0015625
1 0.6010416666666667 0.66484375 0.00625 0.0046875
1 0.5354166666666667 0.6625 0.0125 0.028125
1 0.540625 0.64453125 0.0020833333333333333 0.0046875
1 0.4552083333333333 0.63984375 0.0020833333333333333 0.0015625
1 0.46145833333333336 0.63515625 0.0020833333333333333 0.0015625
1 0.46770833333333334 0.64140625 0.00625 0.0171875
1 0.471875 0.66953125 0.027083333333333334 0.0765625
1 0.36770833333333336 0.64921875 0.03958333333333333 0.0390625
1 0.484375 0.62734375 0.0020833333333333333 0.0046875
1 0.46979166666666666 0.6265625 0.0020833333333333333 0.003125
1 0.5666666666666667 0.625 0.008333333333333333 0.009375
1 0.4864583333333333 0.61953125 0.0020833333333333333 0.0015625
1 0.44479166666666664 0.6203125 0.0020833333333333333 0.003125
1 0.48854166666666665 0.61015625 0.0020833333333333333 0.0078125
1 0.734375 0.60078125 0.0020833333333333333 0.0015625
1 0.6552083333333333 0.63046875 0.15625 0.0640625
1 0.528125 0.6015625 0.0020833333333333333 0.00625
1 0.49166666666666664 0.6 0.004166666666666667 0.00625
1 0.5260416666666666 0.59609375 0.0020833333333333333 0.0015625
1 0.55 0.609375 0.0375 0.034375
1 0.7260416666666667 0.59453125 0.01875 0.0109375
1 0.5239583333333333 0.58828125 0.0020833333333333333 0.0015625
1 0.7520833333333333 0.59375 0.029166666666666667 0.01875
1 0.48125 0.58671875 0.004166666666666667 0.0046875
1 0.515625 0.5796875 0.0020833333333333333 0.003125
1 0.47291666666666665 0.58359375 0.0125 0.0140625
1 0.4864583333333333 0.57265625 0.0020833333333333333 0.0015625
1 0.45416666666666666 0.5703125 0.0125 0.00625
1 0.5520833333333334 0.57734375 0.0125 0.0234375
1 0.029166666666666667 0.56484375 0.0125 0.0046875
1 0.45729166666666665 0.56171875 0.0020833333333333333 0.0015625
1 0.4427083333333333 0.56015625 0.00625 0.0015625
1 0.43645833333333334 0.56015625 0.0020833333333333333 0.0015625
1 0.371875 0.56015625 0.00625 0.0015625
1 0.3614583333333333 0.5609375 0.0020833333333333333 0.003125
1 0.409375 0.55859375 0.00625 0.0015625
1 0.5864583333333333 0.5875 0.052083333333333336 0.06875
1 0.515625 0.57109375 0.03958333333333333 0.0359375
1 0.5239583333333333 0.55234375 0.0020833333333333333 0.0015625
1 0.5052083333333334 0.55078125 0.0020833333333333333 0.0015625
1 0.40625 0.55078125 0.0125 0.0046875
1 0.027083333333333334 0.54765625 0.004166666666666667 0.0015625
1 0.396875 0.54609375 0.0020833333333333333 0.0015625
1 0.14791666666666667 0.54609375 0.004166666666666667 0.0015625
1 0.29270833333333335 0.54453125 0.0020833333333333333 0.0015625
1 0.28854166666666664 0.54453125 0.0020833333333333333 0.0015625
1 0.15520833333333334 0.5453125 0.00625 0.003125
1 0.14270833333333333 0.54453125 0.0020833333333333333 0.0015625
1 0.41041666666666665 0.54453125 0.004166666666666667 0.0046875
1 0.37916666666666665 0.54375 0.004166666666666667 0.003125
1 0.3572916666666667 0.54296875 0.0020833333333333333 0.0015625
1 0.325 0.54296875 0.004166666666666667 0.0015625
1 0.31145833333333334 0.54296875 0.0020833333333333333 0.0015625
1 0.5458333333333333 0.553125 0.016666666666666666 0.025
1 0.4322916666666667 0.53984375 0.0020833333333333333 0.0015625
1 0.403125 0.540625 0.0020833333333333333 0.003125
1 0.13645833333333332 0.54140625 0.00625 0.0046875
1 0.56875 0.5359375 0.008333333333333333 0.009375
1 0.5364583333333334 0.534375 0.0020833333333333333 0.00625
1 0.06770833333333333 0.53203125 0.0020833333333333333 0.0015625
1 0.4270833333333333 0.53046875 0.004166666666666667 0.0015625
1 0.42083333333333334 0.53203125 0.004166666666666667 0.0046875
1 0.5385416666666667 0.52890625 0.0020833333333333333 0.0015625
1 0.06666666666666667 0.52890625 0.004166666666666667 0.0015625
1 0.39479166666666665 0.528125 0.0020833333333333333 0.003125
1 0.5072916666666667 0.52578125 0.0020833333333333333 0.0015625
1 0.540625 0.52578125 0.00625 0.0046875
1 0.47291666666666665 0.54921875 0.07916666666666666 0.0515625
1 0.5614583333333333 0.5234375 0.0020833333333333333 0.003125
1 0.3802083333333333 0.52265625 0.00625 0.0015625
1 0.0020833333333333333 0.5234375 0.004166666666666667 0.003125
1 0.3729166666666667 0.521875 0.004166666666666667 0.003125
1 0.365625 0.52109375 0.00625 0.0015625
1 0.359375 0.52109375 0.0020833333333333333 0.0015625
1 0.35520833333333335 0.52109375 0.0020833333333333333 0.0015625
1 0.09895833333333333 0.5203125 0.010416666666666666 0.003125
1 0.08645833333333333 0.51953125 0.0020833333333333333 0.0015625
1 0.5760416666666667 0.51875 0.0020833333333333333 0.003125
1 0.34375 0.51796875 0.004166666666666667 0.0015625
1 0.559375 0.51640625 0.0020833333333333333 0.0015625
1 0.578125 0.51484375 0.0020833333333333333 0.0015625
1 0.53125 0.51640625 0.004166666666666667 0.0046875
1 0.31354166666666666 0.51484375 0.0020833333333333333 0.0015625
1 0.14479166666666668 0.51171875 0.00625 0.0015625
1 0.08333333333333333 0.5140625 0.004166666666666667 0.00625
1 0.27395833333333336 0.51015625 0.0020833333333333333 0.0015625
1 0.13229166666666667 0.51015625 0.0020833333333333333 0.0015625
1 0.125 0.5203125 0.008333333333333333 0.021875
1 0.30416666666666664 0.50859375 0.004166666666666667 0.0015625
1 0.2916666666666667 0.509375 0.004166666666666667 0.003125
1 0.31145833333333334 0.50703125 0.0020833333333333333 0.0015625
1 0.284375 0.50703125 0.0020833333333333333 0.0015625
1 0.14583333333333334 0.5078125 0.004166666666666667 0.003125
1 0.50625 0.51015625 0.004166666666666667 0.0109375
1 0.4822916666666667 0.5125 0.022916666666666665 0.01875
1 0.46041666666666664 0.50546875 0.0125 0.0046875
1 0.246875 0.50390625 0.0020833333333333333 0.0015625
1 0.09895833333333333 0.51015625 0.027083333333333334 0.0140625
1 0.16770833333333332 0.50703125 0.03125 0.0109375
1 0.03125 0.53125 0.0625 0.059375
1 0.5989583333333334 0.52578125 0.014583333333333334 0.0515625
1 0.5791666666666667 0.50546875 0.004166666666666667 0.0109375
1 0.4635416666666667 0.5015625 0.0020833333333333333 0.003125
1 0.4427083333333333 0.50078125 0.0020833333333333333 0.0015625
1 0.23020833333333332 0.50078125 0.0020833333333333333 0.0015625
1 0.13541666666666666 0.50078125 0.004166666666666667 0.0015625
1 0.103125 0.50078125 0.0020833333333333333 0.0015625
1 0.5333333333333333 0.50625 0.004166666666666667 0.015625
1 0.434375 0.49921875 0.0020833333333333333 0.0015625
1 0.5989583333333334 0.49765625 0.0020833333333333333 0.0015625
1 0.584375 0.49765625 0.0020833333333333333 0.0015625
1 0.11979166666666667 0.49765625 0.0020833333333333333 0.0015625
1 0.371875 0.49609375 0.0020833333333333333 0.0015625
1 0.07708333333333334 0.509375 0.04583333333333333 0.03125
1 0.5947916666666667 0.49296875 0.0020833333333333333 0.0015625
1 0.4479166666666667 0.496875 0.016666666666666666 0.009375
1 0.43125 0.49375 0.004166666666666667 0.003125
1 0.440625 0.49140625 0.0020833333333333333 0.0015625
1 0.425 0.4921875 0.004166666666666667 0.003125
1 0.5552083333333333 0.5 0.010416666666666666 0.021875
1 0.5135416666666667 0.49609375 0.00625 0.0140625
1 0.23541666666666666 0.4921875 0.0125 0.00625
1 0.19895833333333332 0.48984375 0.0020833333333333333 0.0015625
1 0.5927083333333333 0.48671875 0.0020833333333333333 0.0015625
1 0.346875 0.48671875 0.0020833333333333333 0.0015625
1 0.553125 0.48515625 0.0020833333333333333 0.0015625
1 0.34270833333333334 0.48515625 0.0020833333333333333 0.0015625
1 0.584375 0.484375 0.0020833333333333333 0.003125
1 0.3385416666666667 0.48359375 0.0020833333333333333 0.0015625
1 0.5895833333333333 0.484375 0.004166666666666667 0.00625
1 0.334375 0.48203125 0.0020833333333333333 0.0015625
1 0.55625 0.478125 0.004166666666666667 0.00625
1 0.35520833333333335 0.4765625 0.00625 0.003125
1 0.11770833333333333 0.478125 0.014583333333333334 0.00625
1 0.32395833333333335 0.47734375 0.014583333333333334 0.0078125
1 0.546875 0.47109375 0.0020833333333333333 0.0015625
1 0.2916666666666667 0.4734375 0.008333333333333333 0.00625
1 0.16770833333333332 0.4765625 0.014583333333333334 0.015625
1 0.559375 0.46953125 0.0020833333333333333 0.0046875
1 0.14270833333333333 0.4734375 0.01875 0.015625
1 0.515625 0.46875 0.0020833333333333333 0.009375
1 0.5791666666666667 0.465625 0.008333333333333333 0.009375
1 0.19791666666666666 0.4671875 0.004166666666666667 0.0125
1 0.03125 0.47421875 0.0625 0.0265625
1 0.590625 0.46953125 0.010416666666666666 0.0203125
1 0.26145833333333335 0.45859375 0.0020833333333333333 0.0015625
1 0.5802083333333333 0.459375 0.00625 0.00625
1 0.553125 0.45703125 0.0020833333333333333 0.0015625
1 0.18333333333333332 0.45859375 0.004166666666666667 0.0046875
1 0.0020833333333333333 0.45859375 0.004166666666666667 0.0046875
1 0.07083333333333333 0.4640625 0.029166666666666667 0.021875
1 0.55625 0.45234375 0.004166666666666667 0.0015625
1 0.5385416666666667 0.4515625 0.0020833333333333333 0.003125
1 0.5114583333333333 0.45078125 0.0020833333333333333 0.0015625
1 0.3302083333333333 0.48515625 0.15208333333333332 0.0703125
1 0.25104166666666666 0.44921875 0.0020833333333333333 0.0015625
1 0.5114583333333333 0.44765625 0.0020833333333333333 0.0015625
1 0.14895833333333333 0.44765625 0.0020833333333333333 0.0015625
1 0.2677083333333333 0.446875 0.00625 0.003125
1 0.14375 0.446875 0.004166666666666667 0.003125
1 0.13854166666666667 0.44609375 0.0020833333333333333 0.0015625
1 0.109375 0.46015625 0.052083333333333336 0.0296875
1 0.042708333333333334 0.45078125 0.014583333333333334 0.0109375
1 0.022916666666666665 0.4484375 0.0125 0.00625
1 0.5385416666666667 0.44453125 0.0020833333333333333 0.0015625
1 0.19166666666666668 0.4515625 0.016666666666666666 0.015625
1 0.24166666666666667 0.44453125 0.0125 0.0078125
1 0.14791666666666667 0.45703125 0.07916666666666666 0.0359375
1 0.5822916666666667 0.4390625 0.0020833333333333333 0.003125
1 0.5822916666666667 0.43515625 0.0020833333333333333 0.0015625
1 0.5052083333333334 0.43515625 0.0020833333333333333 0.0015625
1 0.31666666666666665 0.43671875 0.008333333333333333 0.0046875
1 0.47604166666666664 0.43515625 0.00625 0.0046875
1 0.21145833333333333 0.4359375 0.014583333333333334 0.00625
1 0.14479166666666668 0.43203125 0.0020833333333333333 0.0015625
1 0.3 0.43125 0.004166666666666667 0.003125
1 0.23125 0.43125 0.004166666666666667 0.003125
1 0.22604166666666667 0.43046875 0.0020833333333333333 0.0015625
1 0.11145833333333334 0.43359375 0.00625 0.0078125
1 0.53125 0.43046875 0.004166666666666667 0.0046875
1 0.30520833333333336 0.42890625 0.0020833333333333333 0.0015625
1 0.29270833333333335 0.42890625 0.0020833333333333333 0.0015625
1 0.20520833333333333 0.4296875 0.00625 0.003125
1 0.16875 0.43046875 0.004166666666666667 0.0046875
1 0.3 0.425 0.004166666666666667 0.003125
1 0.19375 0.42578125 0.0125 0.0046875
1 0.18229166666666666 0.42421875 0.0020833333333333333 0.0015625
1 0.178125 0.425 0.0020833333333333333 0.003125
1 0.06354166666666666 0.428125 0.010416666666666666 0.0125
1 0.10833333333333334 0.421875 0.0125 0.003125
1 0.06979166666666667 0.42109375 0.0020833333333333333 0.0015625
1 0.065625 0.41953125 0.0020833333333333333 0.0015625
1 0.321875 0.41796875 0.0020833333333333333 0.0015625
1 0.16979166666666667 0.4234375 0.010416666666666666 0.0125
1 0.005208333333333333 0.42265625 0.010416666666666666 0.0109375
1 0.528125 0.41484375 0.0020833333333333333 0.0015625
1 0.17395833333333333 0.4125 0.010416666666666666 0.009375
1 0.49583333333333335 0.40625 0.008333333333333333 0.00625
1 0.259375 0.403125 0.00625 0.003125
1 0.13229166666666667 0.4140625 0.03125 0.028125
1 0.47291666666666665 0.41796875 0.058333333333333334 0.0390625
1 0.46145833333333336 0.40234375 0.010416666666666666 0.0078125
1 0.14479166666666668 0.403125 0.022916666666666665 0.009375
1 0.003125 0.40078125 0.00625 0.0046875
1 0.46145833333333336 0.39609375 0.0020833333333333333 0.0015625
1 0.21458333333333332 0.39765625 0.008333333333333333 0.0046875
1 0.5322916666666667 0.4015625 0.014583333333333334 0.015625
1 0.5177083333333333 0.38984375 0.0020833333333333333 0.0015625
1 0.008333333333333333 0.39296875 0.008333333333333333 0.0078125
1 0.003125 0.38671875 0.0020833333333333333 0.0015625
1 0.5489583333333333 0.38515625 0.0020833333333333333 0.0015625
1 0.084375 0.39609375 0.035416666666666666 0.0265625
1 0.5510416666666667 0.38203125 0.0020833333333333333 0.0015625
1 0.059375 0.38671875 0.014583333333333334 0.0109375
1 0.5302083333333333 0.384375 0.01875 0.015625
1 0.5458333333333333 0.371875 0.008333333333333333 0.00625
1 0.005208333333333333 0.37421875 0.010416666666666666 0.0140625
1 0.5604166666666667 0.36171875 0.004166666666666667 0.0015625
1 0.9697916666666667 0.35546875 0.0020833333333333333 0.0015625
1 0.9947916666666666 0.346875 0.010416666666666666 0.01875
1 0.019791666666666666 0.33515625 0.0020833333333333333 0.0015625
1 0.03229166666666667 0.35234375 0.06458333333333334 0.0390625
1 0.019791666666666666 0.33203125 0.0020833333333333333 0.0015625
1 0.015625 0.33046875 0.0020833333333333333 0.0015625
1 0.005208333333333333 0.33125 0.010416666666666666 0.00625
1 0.46875 0.31953125 0.004166666666666667 0.0078125
1 0.8364583333333333 0.3046875 0.0020833333333333333 0.003125
1 0.559375 0.29609375 0.0020833333333333333 0.0015625
1 0.7979166666666667 0.28515625 0.004166666666666667 0.0015625
1 0.815625 0.2859375 0.010416666666666666 0.00625
1 0.8114583333333333 0.278125 0.010416666666666666 0.009375
1 0.95 0.28125 0.1 0.0375
1 0.815625 0.26484375 0.00625 0.0109375
1 0.8447916666666667 0.25234375 0.0020833333333333333 0.0015625
1 0.8364583333333333 0.25078125 0.00625 0.0046875
1 0.784375 0.24921875 0.0020833333333333333 0.0015625
1 0.8104166666666667 0.246875 0.008333333333333333 0.00625
1 0.803125 0.24453125 0.0020833333333333333 0.0015625
1 0.8010416666666667 0.24140625 0.0020833333333333333 0.0015625
1 0.7822916666666667 0.24140625 0.0020833333333333333 0.0015625
1 0.8041666666666667 0.23828125 0.004166666666666667 0.0015625
1 0.7885416666666667 0.23203125 0.0020833333333333333 0.0015625
1 0.7822916666666667 0.23203125 0.0020833333333333333 0.0015625
1 0.6385416666666667 0.2328125 0.0020833333333333333 0.003125
1 0.64375 0.2265625 0.004166666666666667 0.003125
1 0.6697916666666667 0.22421875 0.0020833333333333333 0.0015625
1 0.653125 0.22421875 0.0020833333333333333 0.0015625
1 0.7125 0.22265625 0.004166666666666667 0.0015625
1 0.659375 0.22109375 0.0020833333333333333 0.0015625
1 0.5989583333333334 0.221875 0.0020833333333333333 0.003125
1 0.6614583333333334 0.21796875 0.0020833333333333333 0.0015625
1 0.5989583333333334 0.21796875 0.0020833333333333333 0.0015625
1 0.6635416666666667 0.21328125 0.0020833333333333333 0.0015625
1 0.665625 0.21015625 0.0020833333333333333 0.0015625
1 0.6052083333333333 0.209375 0.0020833333333333333 0.003125
1 0.8708333333333333 0.2140625 0.0125 0.015625
1 0.7677083333333333 0.20703125 0.0020833333333333333 0.0015625
1 0.7614583333333333 0.20625 0.00625 0.003125
1 0.7510416666666667 0.20234375 0.0020833333333333333 0.0015625
1 0.6083333333333333 0.203125 0.004166666666666667 0.003125
1 0.690625 0.2125 0.035416666666666666 0.025
1 0.6677083333333333 0.2015625 0.0020833333333333333 0.003125
1 0.665625 0.19453125 0.0020833333333333333 0.0015625
1 0.6614583333333334 0.19453125 0.0020833333333333333 0.0015625
1 0.8052083333333333 0.1921875 0.0020833333333333333 0.003125
1 0.7416666666666667 0.2078125 0.04583333333333333 0.034375
1 0.8010416666666667 0.18984375 0.0020833333333333333 0.0015625
1 0.6697916666666667 0.1921875 0.00625 0.00625
1 0.6552083333333333 0.18984375 0.0020833333333333333 0.0015625
1 0.8260416666666667 0.1859375 0.0020833333333333333 0.003125
1 0.6625 0.18515625 0.004166666666666667 0.0015625
1 0.646875 0.18515625 0.022916666666666665 0.0046875
1 0.621875 0.18359375 0.0020833333333333333 0.0015625
1 0.83125 0.18515625 0.004166666666666667 0.0078125
1 0.6552083333333333 0.18203125 0.0020833333333333333 0.0015625
1 0.9427083333333334 0.17734375 0.0020833333333333333 0.0015625
1 0.721875 0.18125 0.027083333333333334 0.0125
1 0.6489583333333333 0.1765625 0.00625 0.003125
1 0.709375 0.175 0.0020833333333333333 0.003125
1 0.7947916666666667 0.1734375 0.00625 0.003125
1 0.7427083333333333 0.17109375 0.0020833333333333333 0.0015625
1 0.328125 0.17109375 0.0020833333333333333 0.0015625
1 0.746875 0.16953125 0.0020833333333333333 0.0015625
1 0.715625 0.165625 0.010416666666666666 0.0125
1 0.8427083333333333 0.15859375 0.0020833333333333333 0.0015625
1 0.8364583333333333 0.153125 0.0020833333333333333 0.003125
1 0.303125 0.14609375 0.0020833333333333333 0.0015625
1 0.6354166666666666 0.1375 0.004166666666666667 0.003125
1 0.340625 0.159375 0.03125 0.05
1 0.6510416666666666 0.13359375 0.0020833333333333333 0.0015625
1 0.9395833333333333 0.1375 0.016666666666666666 0.01875
1 0.9645833333333333 0.12578125 0.004166666666666667 0.0015625
1 0.6385416666666667 0.12421875 0.0020833333333333333 0.0015625
1 0.621875 0.12421875 0.0020833333333333333 0.0015625
1 0.6114583333333333 0.12265625 0.0020833333333333333 0.0015625
1 0.746875 0.11953125 0.0020833333333333333 0.0015625
1 0.6583333333333333 0.134375 0.05416666666666667 0.03125
1 0.6041666666666666 0.11953125 0.008333333333333333 0.0046875
1 0.5947916666666667 0.1171875 0.00625 0.003125
1 0.5739583333333333 0.11484375 0.0020833333333333333 0.0015625
1 0.8645833333333334 0.11328125 0.008333333333333333 0.0046875
1 0.853125 0.11328125 0.0020833333333333333 0.0046875
1 0.846875 0.11015625 0.0020833333333333333 0.0015625
1 0.5822916666666667 0.11015625 0.0020833333333333333 0.0015625
1 0.8885416666666667 0.11015625 0.022916666666666665 0.0109375
1 0.5572916666666666 0.10546875 0.0020833333333333333 0.0015625
1 0.596875 0.1015625 0.0020833333333333333 0.003125
1 0.8197916666666667 0.1015625 0.00625 0.009375
1 0.546875 0.09765625 0.0020833333333333333 0.0015625
1 0.8135416666666667 0.09609375 0.0020833333333333333 0.0015625
1 0.98125 0.09609375 0.0125 0.0078125
1 0.7364583333333333 0.0765625 0.0020833333333333333 0.003125
1 0.565625 0.07578125 0.0020833333333333333 0.0015625
1 0.5541666666666667 0.0765625 0.004166666666666667 0.003125
1 0.95 0.0984375 0.1 0.053125
1 0.6104166666666667 0.071875 0.020833333333333332 0.00625
1 0.5822916666666667 0.06953125 0.0020833333333333333 0.0015625
1 0.578125 0.06796875 0.0020833333333333333 0.0015625
1 0.9364583333333333 0.0671875 0.00625 0.003125
1 0.565625 0.06875 0.010416666666666666 0.00625
1 0.59375 0.0640625 0.020833333333333332 0.009375
1 0.609375 0.05234375 0.0020833333333333333 0.0015625
1 0.5697916666666667 0.05234375 0.0020833333333333333 0.0015625
1 0.4875 0.05078125 0.004166666666666667 0.0015625
1 0.6083333333333333 0.0484375 0.008333333333333333 0.009375
1 0.5 0.0453125 0.0125 0.009375
1 0.6125 0.040625 0.004166666666666667 0.003125
1 0.6135416666666667 0.03359375 0.0020833333333333333 0.0015625
1 0.5541666666666667 0.03671875 0.0125 0.0078125
1 0.6510416666666666 0.0515625 0.052083333333333336 0.046875
1 0.5572916666666666 0.028125 0.010416666666666666 0.00625
1 0.5333333333333333 0.0421875 0.041666666666666664 0.034375
1 0.6552083333333333 0.0265625 0.00625 0.00625
1 0.6645833333333333 0.0234375 0.004166666666666667 0.003125
1 0.5708333333333333 0.0234375 0.004166666666666667 0.003125
1 0.6989583333333333 0.01796875 0.0020833333333333333 0.0015625
1 0.6645833333333333 0.015625 0.0125 0.0125
1 0.5927083333333333 0.0171875 0.03125 0.01875
1 0.3072916666666667 0.00234375 0.0020833333333333333 0.0015625
1 0.9458333333333333 0.03359375 0.10833333333333334 0.0671875
1 0.8635416666666667 0.00078125 0.0020833333333333333 0.0015625
1 0.834375 0.1375 0.33125 0.275
1 0.6052083333333333 0.0046875 0.010416666666666666 0.009375
1 0.303125 0.0015625 0.0020833333333333333 0.003125
