0 0.4739583333333333 0.78984375 0.0020833333333333333 0.0015625
0 0.4635416666666667 0.78515625 0.0020833333333333333 0.0015625
0 0.47708333333333336 0.784375 0.004166666666666667 0.003125
0 0.78125 0.74765625 0.008333333333333333 0.0046875
0 0.5083333333333333 0.73984375 0.008333333333333333 0.0046875
0 0.47708333333333336 0.73984375 0.029166666666666667 0.0234375
0 0.30833333333333335 0.64296875 0.0125 0.0109375
0 0.46145833333333336 0.6296875 0.027083333333333334 0.01875
0 0.3770833333333333 0.5921875 0.12083333333333333 0.04375
0 0.30625 0.55 0.008333333333333333 0.00625
0 0.7052083333333333 0.5265625 0.00625 0.003125
0 0.325 0.53046875 0.029166666666666667 0.0296875
0 0.33229166666666665 0.50546875 0.0020833333333333333 0.0015625
0 0.34479166666666666 0.50390625 0.0020833333333333333 0.0015625
0 0.30104166666666665 0.50625 0.06458333333333334 0.025
0 0.3625 0.49140625 0.008333333333333333 0.0046875
0 0.6052083333333333 0.4921875 0.022916666666666665 0.0125
0 0.35520833333333335 0.48359375 0.0020833333333333333 0.0015625
0 0.33645833333333336 0.48359375 0.0020833333333333333 0.0015625
0 0.9822916666666667 0.46875 0.01875 0.00625
0 0.9739583333333334 0.46328125 0.0020833333333333333 0.0015625
0 0.9770833333333333 0.459375 0.004166666666666667 0.003125
0 0.53125 0.45625 0.004166666666666667 0.003125
0 0.9927083333333333 0.45703125 0.014583333333333334 0.0140625
0 0.3145833333333333 0.44609375 0.004166666666666667 0.0046875
0 0.9822916666666667 0.44296875 0.0020833333333333333 0.0015625
0 0.008333333333333333 0.44453125 0.008333333333333333 0.0078125
0 0.73125 0.4375 0.004166666666666667 0.003125
0 0.403125 0.43359375 0.0020833333333333333 0.0015625
0 0.3958333333333333 0.43203125 0.008333333333333333 0.0046875
0 0.31979166666666664 0.43046875 0.0020833333333333333 0.0015625
0 0.9635416666666666 0.43046875 0.010416666666666666 0.0046875
0 0.7125 0.43125 0.0125 0.00625
0 0.6958333333333333 0.4296875 0.004166666666666667 0.003125
0 0.9552083333333333 0.42734375 0.0020833333333333333 0.0015625
0 0.409375 0.42265625 0.0020833333333333333 0.0015625
0 0.45416666666666666 0.41484375 0.008333333333333333 0.0078125
0 0.68125 0.409375 0.0125 0.009375
0 0.29791666666666666 0.415625 0.0125 0.028125
0 0.6 0.4015625 0.004166666666666667 0.003125
0 0.421875 0.40234375 0.0020833333333333333 0.0046875
0 0.6302083333333334 0.39921875 0.0020833333333333333 0.0015625
0 0.865625 0.39765625 0.0020833333333333333 0.0015625
0 0.678125 0.39921875 0.010416666666666666 0.0046875
0 0.6197916666666666 0.4 0.010416666666666666 0.00625
0 0.25625 0.39921875 0.004166666666666667 0.0046875
0 0.6270833333333333 0.41328125 0.08333333333333333 0.0359375
0 0.6270833333333333 0.3953125 0.008333333333333333 0.003125
0 0.6197916666666666 0.39296875 0.0020833333333333333 0.0015625
0 0.940625 0.39140625 0.0020833333333333333 0.0015625
0 0.9770833333333333 0.40703125 0.04583333333333333 0.0390625
0 0.5854166666666667 0.38359375 0.004166666666666667 0.0046875
0 0.9177083333333333 0.38046875 0.0020833333333333333 0.0015625
0 0.8645833333333334 0.38125 0.004166666666666667 0.003125
0 0.4166666666666667 0.37734375 0.008333333333333333 0.0046875
0 0.030208333333333334 0.37265625 0.0020833333333333333 0.0015625
0 0.428125 0.36953125 0.0020833333333333333 0.0015625
0 0.06458333333333334 0.3765625 0.016666666666666666 0.015625
0 0.7489583333333333 0.378125 0.027083333333333334 0.021875
0 0.7302083333333333 0.36640625 0.0020833333333333333 0.0015625
0 0.05416666666666667 0.36640625 0.004166666666666667 0.0015625
0 0.4197916666666667 0.3671875 0.014583333333333334 0.009375
0 0.040625 0.365625 0.014583333333333334 0.00625
0 0.30625 0.3625 0.004166666666666667 0.003125
0 0.0020833333333333333 0.3625 0.004166666666666667 0.00625
0 0.43125 0.359375 0.008333333333333333 0.003125
0 0.4270833333333333 0.35625 0.004166666666666667 0.003125
0 0.9052083333333333 0.35390625 0.0020833333333333333 0.0015625
0 0.33229166666666665 0.4171875 0.15625 0.134375
0 0.578125 0.34765625 0.0020833333333333333 0.0015625
0 0.9010416666666666 0.34609375 0.0020833333333333333 0.0015625
0 0.7020833333333333 0.35234375 0.016666666666666666 0.0140625
0 0.446875 0.346875 0.00625 0.00625
0 0.32916666666666666 0.34453125 0.004166666666666667 0.0015625
0 0.33645833333333336 0.34140625 0.0020833333333333333 0.0015625
0 0.33125 0.3390625 0.004166666666666667 0.003125
0 0.26875 0.36171875 0.05416666666666667 0.0484375
0 0.784375 0.33515625 0.0020833333333333333 0.0015625
0 0.44895833333333335 0.33828125 0.010416666666666666 0.0078125
0 0.10104166666666667 0.34453125 0.04375 0.0203125
0 0.553125 0.33359375 0.0020833333333333333 0.0015625
0 0.5354166666666667 0.3390625 0.0125 0.0125
0 0.084375 0.33359375 0.0020833333333333333 0.0015625
0 0.9947916666666666 0.3359375 0.010416666666666666 0.009375
0 0.33645833333333336 0.33046875 0.0020833333333333333 0.0015625
0 0.2875 0.33046875 0.004166666666666667 0.0015625
0 0.084375 0.33046875 0.0020833333333333333 0.0015625
0 0.06354166666666666 0.33046875 0.0020833333333333333 0.0015625
0 0.553125 0.32890625 0.0020833333333333333 0.0015625
0 0.5645833333333333 0.328125 0.004166666666666667 0.003125
0 0.4947916666666667 0.32734375 0.0020833333333333333 0.0015625
0 0.08541666666666667 0.32734375 0.004166666666666667 0.0015625
0 0.5572916666666666 0.3265625 0.0020833333333333333 0.003125
0 0.465625 0.33125 0.00625 0.0125
0 0.14895833333333333 0.32578125 0.0020833333333333333 0.0015625
0 0.08645833333333333 0.32421875 0.0020833333333333333 0.0015625
0 0.7416666666666667 0.32421875 0.008333333333333333 0.0046875
0 0.45208333333333334 0.32265625 0.004166666666666667 0.0015625
0 0.7302083333333333 0.32109375 0.0020833333333333333 0.0015625
0 0.134375 0.3265625 0.01875 0.0125
0 0.5635416666666667 0.3203125 0.00625 0.00625
0 0.759375 0.31640625 0.0020833333333333333 0.0015625
0 0.7947916666666667 0.3203125 0.010416666666666666 0.0125
0 0.9979166666666667 0.31484375 0.004166666666666667 0.0046875
0 0.046875 0.31484375 0.010416666666666666 0.0046875
0 0.7739583333333333 0.325 0.03125 0.0375
0 0.5177083333333333 0.3171875 0.06875 0.021875
0 0.45416666666666666 0.30859375 0.0125 0.0046875
0 0.10208333333333333 0.3140625 0.0125 0.015625
0 0.06979166666666667 0.3140625 0.022916666666666665 0.028125
0 0.04375 0.30234375 0.0125 0.0046875
0 0.17395833333333333 0.29921875 0.0020833333333333333 0.0015625
0 0.0020833333333333333 0.30390625 0.004166666666666667 0.0109375
0 0.29583333333333334 0.29609375 0.004166666666666667 0.0015625
0 0.16354166666666667 0.3 0.014583333333333334 0.009375
0 0.6 0.31875 0.03333333333333333 0.05
0 0.2989583333333333 0.29296875 0.0020833333333333333 0.0015625
0 0.2916666666666667 0.29375 0.004166666666666667 0.003125
0 0.07604166666666666 0.29296875 0.0020833333333333333 0.0015625
0 0.253125 0.29140625 0.0020833333333333333 0.0015625
0 0.209375 0.29140625 0.00625 0.0015625
0 0.203125 0.29140625 0.0020833333333333333 0.0015625
0 0.7677083333333333 0.28984375 0.0020833333333333333 0.0015625
0 0.22083333333333333 0.28984375 0.004166666666666667 0.0015625
0 0.75 0.2890625 0.008333333333333333 0.003125
0 0.4354166666666667 0.290625 0.008333333333333333 0.00625
0 0.30520833333333336 0.2890625 0.00625 0.003125
0 0.284375 0.28984375 0.010416666666666666 0.0046875
0 0.19479166666666667 0.28828125 0.0020833333333333333 0.0015625
0 0.030208333333333334 0.290625 0.00625 0.00625
0 0.23645833333333333 0.28671875 0.0020833333333333333 0.0015625
0 0.190625 0.2875 0.0020833333333333333 0.003125
0 0.8125 0.2859375 0.016666666666666666 0.00625
0 0.7989583333333333 0.28203125 0.00625 0.0015625
0 0.7645833333333333 0.28046875 0.008333333333333333 0.0015625
0 0.7739583333333333 0.2796875 0.00625 0.003125
0 0.36875 0.28125 0.004166666666666667 0.00625
0 0.22395833333333334 0.27890625 0.0020833333333333333 0.0015625
0 0.56875 0.2796875 0.016666666666666666 0.009375
0 0.7833333333333333 0.27265625 0.008333333333333333 0.0109375
0 0.7677083333333333 0.2703125 0.01875 0.00625
0 0.340625 0.28359375 0.035416666666666666 0.0328125
0 0.7729166666666667 0.2671875 0.004166666666666667 0.003125
0 0.6135416666666667 0.2765625 0.04375 0.021875
0 0.778125 0.26484375 0.0020833333333333333 0.0015625
0 0.7697916666666667 0.26171875 0.0020833333333333333 0.0015625
0 0.5364583333333334 0.26171875 0.00625 0.0046875
0 0.46458333333333335 0.26640625 0.008333333333333333 0.0140625
0 0.4270833333333333 0.271875 0.029166666666666667 0.025
0 0.8072916666666666 0.26015625 0.010416666666666666 0.0046875
0 0.578125 0.2671875 0.022916666666666665 0.01875
0 0.6385416666666667 0.25703125 0.0020833333333333333 0.0015625
0 0.99375 0.25703125 0.0125 0.0046875
0 0.8239583333333333 0.25703125 0.00625 0.0046875
0 0.815625 0.25625 0.0020833333333333333 0.003125
0 0.7916666666666666 0.2609375 0.008333333333333333 0.0125
0 0.42604166666666665 0.25546875 0.0020833333333333333 0.0015625
0 0.834375 0.25390625 0.0020833333333333333 0.0015625
0 0.6322916666666667 0.25625 0.00625 0.00625
0 0.46145833333333336 0.25390625 0.0020833333333333333 0.0015625
0 0.6427083333333333 0.25234375 0.0020833333333333333 0.0015625
0 0.33645833333333336 0.25390625 0.00625 0.0046875
0 0.29791666666666666 0.253125 0.004166666666666667 0.003125
0 0.28958333333333336 0.25859375 0.025 0.0140625
0 0.7760416666666666 0.25078125 0.0020833333333333333 0.0015625
0 0.7708333333333334 0.25078125 0.004166666666666667 0.0015625
0 0.15520833333333334 0.25078125 0.00625 0.0015625
0 0.6375 0.2515625 0.004166666666666667 0.00625
0 0.13020833333333334 0.25 0.00625 0.00625
0 0.7989583333333333 0.24609375 0.0020833333333333333 0.0015625
0 0.6385416666666667 0.24609375 0.0020833333333333333 0.0015625
0 0.2989583333333333 0.24765625 0.010416666666666666 0.0046875
0 0.8072916666666666 0.24453125 0.0020833333333333333 0.0015625
0 0.6489583333333333 0.24296875 0.0020833333333333333 0.0015625
0 0.16145833333333334 0.24375 0.00625 0.003125
0 0.09895833333333333 0.24296875 0.0020833333333333333 0.0015625
0 0.7947916666666667 0.24140625 0.0020833333333333333 0.0015625
0 0.7989583333333333 0.23984375 0.0020833333333333333 0.0015625
0 0.43854166666666666 0.23984375 0.0020833333333333333 0.0015625
0 0.7770833333333333 0.23828125 0.004166666666666667 0.0015625
0 0.46770833333333334 0.2453125 0.010416666666666666 0.015625
0 0.43020833333333336 0.24140625 0.010416666666666666 0.0078125
0 0.109375 0.24375 0.010416666666666666 0.0125
0 0.2708333333333333 0.2375 0.004166666666666667 0.003125
0 0.815625 0.23515625 0.0020833333333333333 0.0015625
0 0.278125 0.23515625 0.0020833333333333333 0.0015625
0 0.434375 0.24921875 0.04791666666666667 0.0328125
0 0.8114583333333333 0.23203125 0.0020833333333333333 0.0015625
0 0.6958333333333333 0.23515625 0.008333333333333333 0.0078125
0 0.6458333333333334 0.23515625 0.008333333333333333 0.0109375
0 0.29791666666666666 0.23515625 0.0125 0.0109375
0 0.9885416666666667 0.2296875 0.022916666666666665 0.00625
0 0.696875 0.22734375 0.0020833333333333333 0.0015625
0 0.325 0.23828125 0.0125 0.0234375
0 0.703125 0.225 0.0020833333333333333 0.003125
0 0.3302083333333333 0.22421875 0.0020833333333333333 0.0015625
0 0.45416666666666666 0.2203125 0.004166666666666667 0.003125
0 0.2625 0.21953125 0.004166666666666667 0.0015625
0 0.28229166666666666 0.21328125 0.0020833333333333333 0.0015625
0 0.005208333333333333 0.21328125 0.010416666666666666 0.0046875
0 0.14895833333333333 0.20859375 0.0020833333333333333 0.0015625
0 0.005208333333333333 0.20859375 0.0020833333333333333 0.0015625
0 0.2833333333333333 0.2078125 0.004166666666666667 0.003125
0 0.06145833333333333 0.2078125 0.0020833333333333333 0.003125
0 0.778125 0.20390625 0.010416666666666666 0.0015625
0 0.128125 0.2015625 0.00625 0.003125
0 0.38333333333333336 0.221875 0.04583333333333333 0.046875
0 0.7895833333333333 0.1984375 0.008333333333333333 0.003125
0 0.0625 0.1984375 0.004166666666666667 0.003125
0 0.5739583333333333 0.19296875 0.0020833333333333333 0.0015625
0 0.4427083333333333 0.190625 0.0020833333333333333 0.003125
0 0.5677083333333334 0.18828125 0.0020833333333333333 0.0015625
0 0.990625 0.1875 0.0020833333333333333 0.003125
0 0.5854166666666667 0.19453125 0.041666666666666664 0.0203125
0 0.7229166666666667 0.18203125 0.004166666666666667 0.0015625
0 0.446875 0.18046875 0.0020833333333333333 0.0015625
0 0.3697916666666667 0.18203125 0.00625 0.0046875
0 0.803125 0.17734375 0.0020833333333333333 0.0015625
0 0.784375 0.17734375 0.0020833333333333333 0.0015625
0 0.8114583333333333 0.17578125 0.0020833333333333333 0.0015625
0 0.18645833333333334 0.18125 0.01875 0.0125
0 0.4395833333333333 0.184375 0.03333333333333333 0.025
0 0.7208333333333333 0.1734375 0.03333333333333333 0.009375
0 0.03229166666666667 0.16953125 0.0020833333333333333 0.0015625
0 0.965625 0.16796875 0.0020833333333333333 0.0015625
0 0.23854166666666668 0.1671875 0.014583333333333334 0.003125
0 0.03229166666666667 0.16640625 0.0020833333333333333 0.0015625
0 0.809375 0.16328125 0.0020833333333333333 0.0015625
0 0.6572916666666667 0.16171875 0.0020833333333333333 0.0015625
0 0.17916666666666667 0.1625 0.008333333333333333 0.003125
0 0.734375 0.16015625 0.0020833333333333333 0.0015625
0 0.7645833333333333 0.15703125 0.004166666666666667 0.0015625
0 0.7458333333333333 0.15859375 0.008333333333333333 0.0046875
0 0.00625 0.1609375 0.0125 0.009375
0 0.036458333333333336 0.16171875 0.00625 0.0140625
0 0.7760416666666666 0.15390625 0.0020833333333333333 0.0015625
0 0.6260416666666667 0.15390625 0.0020833333333333333 0.0015625
0 0.8427083333333333 0.15234375 0.0020833333333333333 0.0015625
0 0.6322916666666667 0.15234375 0.0020833333333333333 0.0015625
0 0.8885416666666667 0.15234375 0.0020833333333333333 0.0046875
0 0.6729166666666667 0.1578125 0.029166666666666667 0.015625
0 0.6260416666666667 0.15078125 0.0020833333333333333 0.0015625
0 0.465625 0.15234375 0.00625 0.0046875
0 0.14375 0.15078125 0.008333333333333333 0.0015625
0 0.89375 0.14921875 0.004166666666666667 0.0015625
0 0.7885416666666667 0.15234375 0.010416666666666666 0.0078125
0 0.18333333333333332 0.14921875 0.0125 0.0015625
0 0.034375 0.1484375 0.00625 0.003125
0 0.953125 0.14609375 0.0020833333333333333 0.0015625
0 0.8322916666666667 0.15 0.014583333333333334 0.009375
0 0.4114583333333333 0.14609375 0.0020833333333333333 0.0015625
0 0.396875 0.1546875 0.035416666666666666 0.01875
0 0.815625 0.1453125 0.0020833333333333333 0.003125
0 0.18645833333333334 0.14453125 0.010416666666666666 0.0046875
0 0.8302083333333333 0.14140625 0.0020833333333333333 0.0015625
0 0.0010416666666666667 0.14140625 0.0020833333333333333 0.0015625
0 0.9614583333333333 0.13984375 0.0020833333333333333 0.0015625
0 0.95625 0.140625 0.004166666666666667 0.003125
0 0.8875 0.26640625 0.225 0.2546875
0 0.365625 0.14921875 0.010416666666666666 0.0203125
0 0.8197916666666667 0.14453125 0.010416666666666666 0.0140625
0 0.8604166666666667 0.1375 0.004166666666666667 0.003125
0 0.9364583333333333 0.13671875 0.00625 0.0078125
0 0.7114583333333333 0.13359375 0.00625 0.0015625
0 0.3489583333333333 0.13359375 0.0020833333333333333 0.0015625
0 0.63125 0.134375 0.004166666666666667 0.00625
0 0.44895833333333335 0.13203125 0.0020833333333333333 0.0015625
0 0.17916666666666667 0.13671875 0.025 0.0109375
0 0.8072916666666666 0.13046875 0.0020833333333333333 0.0015625
0 0.6614583333333334 0.134375 0.01875 0.009375
0 0.6489583333333333 0.13046875 0.0020833333333333333 0.0015625
0 0.625 0.13125 0.004166666666666667 0.003125
0 0.9520833333333333 0.1296875 0.004166666666666667 0.003125
0 0.709375 0.12890625 0.0020833333333333333 0.0015625
0 0.7385416666666667 0.12734375 0.0020833333333333333 0.0015625
0 0.9822916666666667 0.13125 0.01875 0.0125
0 0.8114583333333333 0.12890625 0.010416666666666666 0.0078125
0 0.734375 0.12578125 0.0020833333333333333 0.0015625
0 0.65625 0.12734375 0.008333333333333333 0.0046875
0 0.5020833333333333 0.1265625 0.004166666666666667 0.003125
0 0.18020833333333333 0.21484375 0.23541666666666666 0.1796875
0 0.014583333333333334 0.12734375 0.0125 0.0046875
0 0.7583333333333333 0.1390625 0.10833333333333334 0.03125
0 0.5083333333333333 0.12421875 0.004166666666666667 0.0015625
0 0.9239583333333333 0.12265625 0.0020833333333333333 0.0015625
0 0.8958333333333334 0.1234375 0.008333333333333333 0.003125
0 0.4552083333333333 0.1234375 0.0020833333333333333 0.003125
0 0.9458333333333333 0.12109375 0.004166666666666667 0.0015625
0 0.9020833333333333 0.1234375 0.004166666666666667 0.00625
0 0.796875 0.125 0.01875 0.0125
0 0.4552083333333333 0.11953125 0.0020833333333333333 0.0015625
0 0.3927083333333333 0.11953125 0.0020833333333333333 0.0015625
0 0.29583333333333334 0.1296875 0.029166666666666667 0.021875
0 0.9489583333333333 0.11796875 0.0020833333333333333 0.0015625
0 0.8739583333333333 0.13046875 0.052083333333333336 0.0265625
0 0.6604166666666667 0.12109375 0.0125 0.0078125
0 0.56875 0.11875 0.004166666666666667 0.003125
0 0.8947916666666667 0.11640625 0.0020833333333333333 0.0015625
0 0.8552083333333333 0.11640625 0.0020833333333333333 0.0015625
0 0.5739583333333333 0.11640625 0.00625 0.0015625
0 0.4625 0.12109375 0.008333333333333333 0.0109375
0 0.4552083333333333 0.11640625 0.0020833333333333333 0.0015625
0 0.396875 0.11640625 0.0020833333333333333 0.0015625
0 0.88125 0.11484375 0.004166666666666667 0.0015625
0 0.73125 0.11640625 0.004166666666666667 0.0046875
0 0.34375 0.1375 0.03333333333333333 0.046875
0 0.9510416666666667 0.115625 0.00625 0.00625
0 0.5322916666666667 0.11640625 0.01875 0.0078125
0 0.215625 0.115625 0.010416666666666666 0.00625
0 0.9447916666666667 0.11171875 0.0020833333333333333 0.0015625
0 0.9177083333333333 0.1140625 0.00625 0.00625
0 0.396875 0.11171875 0.0020833333333333333 0.0015625
0 0.20625 0.11328125 0.004166666666666667 0.0046875
0 0.04479166666666667 0.11875 0.03958333333333333 0.015625
0 0.859375 0.11015625 0.0020833333333333333 0.0015625
0 0.4354166666666667 0.115625 0.020833333333333332 0.0125
0 0.996875 0.10859375 0.0020833333333333333 0.0015625
0 0.7416666666666667 0.115625 0.0125 0.015625
0 0.4635416666666667 0.10859375 0.0020833333333333333 0.0015625
0 0.17604166666666668 0.11484375 0.022916666666666665 0.0140625
0 0.13020833333333334 0.10859375 0.0020833333333333333 0.0015625
0 0.016666666666666666 0.11171875 0.0125 0.0078125
0 0.9135416666666667 0.10703125 0.0020833333333333333 0.0015625
0 0.365625 0.10703125 0.0020833333333333333 0.0015625
0 0.359375 0.1109375 0.010416666666666666 0.009375
0 0.8635416666666667 0.10546875 0.0020833333333333333 0.0015625
0 0.15520833333333334 0.11328125 0.01875 0.0171875
0 0.35833333333333334 0.10390625 0.004166666666666667 0.0015625
0 0.353125 0.1046875 0.0020833333333333333 0.003125
0 0.7677083333333333 0.11484375 0.03125 0.0265625
0 0.36354166666666665 0.10234375 0.0020833333333333333 0.0015625
0 0.10104166666666667 0.103125 0.00625 0.003125
0 0.2760416666666667 0.103125 0.010416666666666666 0.00625
0 0.37604166666666666 0.09921875 0.0020833333333333333 0.0015625
0 0.7927083333333333 0.09765625 0.0020833333333333333 0.0015625
0 0.371875 0.09765625 0.0020833333333333333 0.0015625
0 0.859375 0.09609375 0.00625 0.0015625
0 0.1125 0.1015625 0.025 0.0125
0 0.9052083333333333 0.09453125 0.0020833333333333333 0.0015625
0 0.8625 0.09296875 0.004166666666666667 0.0015625
0 0.7635416666666667 0.1015625 0.027083333333333334 0.01875
0 0.13645833333333332 0.10078125 0.01875 0.0171875
0 0.8833333333333333 0.09296875 0.0125 0.0046875
0 0.8729166666666667 0.09140625 0.004166666666666667 0.0015625
0 0.8510416666666667 0.10078125 0.014583333333333334 0.0203125
0 0.4739583333333333 0.09296875 0.00625 0.0046875
0 0.365625 0.0921875 0.00625 0.003125
0 0.865625 0.08984375 0.0020833333333333333 0.0015625
0 0.8583333333333333 0.090625 0.008333333333333333 0.003125
0 0.825 0.10625 0.05416666666666667 0.034375
0 0.6427083333333333 0.0921875 0.01875 0.00625
0 0.4270833333333333 0.090625 0.004166666666666667 0.003125
0 0.003125 0.08984375 0.0020833333333333333 0.0015625
0 0.846875 0.08671875 0.0020833333333333333 0.0015625
0 0.4895833333333333 0.08828125 0.004166666666666667 0.0046875
0 0.19583333333333333 0.0875 0.004166666666666667 0.003125
0 0.7947916666666667 0.0859375 0.00625 0.003125
0 0.7614583333333333 0.08203125 0.0020833333333333333 0.0015625
0 0.721875 0.08203125 0.0020833333333333333 0.0015625
0 0.5427083333333333 0.08203125 0.0020833333333333333 0.0015625
0 0.20833333333333334 0.0875 0.0125 0.0125
0 0.7989583333333333 0.08046875 0.0020833333333333333 0.0015625
0 0.746875 0.08046875 0.0020833333333333333 0.0015625
0 0.78125 0.08515625 0.016666666666666666 0.0140625
0 0.7177083333333333 0.09453125 0.06041666666666667 0.0328125
0 0.49270833333333336 0.07890625 0.0020833333333333333 0.0015625
0 0.43333333333333335 0.07890625 0.004166666666666667 0.0015625
0 0.23958333333333334 0.08359375 0.020833333333333332 0.0109375
0 0.15104166666666666 0.0828125 0.010416666666666666 0.009375
0 0.7635416666666667 0.078125 0.0020833333333333333 0.003125
0 0.7489583333333333 0.07734375 0.0020833333333333333 0.0015625
0 0.5364583333333334 0.0828125 0.00625 0.0125
0 0.484375 0.08984375 0.014583333333333334 0.0265625
0 0.8697916666666666 0.078125 0.00625 0.00625
0 0.603125 0.07578125 0.00625 0.0015625
0 0.5854166666666667 0.096875 0.07916666666666666 0.04375
0 0.5458333333333333 0.07734375 0.004166666666666667 0.0046875
0 0.5177083333333333 0.0890625 0.022916666666666665 0.028125
0 0.503125 0.07578125 0.0020833333333333333 0.0015625
0 0.365625 0.07578125 0.0020833333333333333 0.0015625
0 0.3614583333333333 0.07578125 0.0020833333333333333 0.0015625
0 0.7927083333333333 0.07578125 0.00625 0.0046875
0 0.78125 0.075 0.004166666666666667 0.003125
0 0.5364583333333334 0.075 0.00625 0.003125
0 0.23229166666666667 0.07421875 0.0020833333333333333 0.0015625
0 0.7010416666666667 0.07265625 0.0020833333333333333 0.0015625
0 0.5270833333333333 0.0734375 0.004166666666666667 0.003125
0 0.13229166666666667 0.0734375 0.0020833333333333333 0.003125
0 0.8614583333333333 0.07109375 0.0020833333333333333 0.0015625
0 0.7697916666666667 0.071875 0.0020833333333333333 0.003125
0 0.21666666666666667 0.071875 0.008333333333333333 0.003125
0 0.19375 0.07421875 0.016666666666666666 0.0078125
0 0.4635416666666667 0.08984375 0.04375 0.0421875
0 0.26145833333333335 0.0734375 0.027083333333333334 0.009375
0 0.9197916666666667 0.0796875 0.027083333333333334 0.025
0 0.534375 0.06796875 0.0020833333333333333 0.0015625
0 0.3697916666666667 0.0703125 0.010416666666666666 0.00625
0 0.07291666666666667 0.08359375 0.0375 0.0328125
0 0.8708333333333333 0.06953125 0.008333333333333333 0.0078125
0 0.5875 0.06640625 0.004166666666666667 0.0015625
0 0.58125 0.06640625 0.004166666666666667 0.0015625
0 0.37916666666666665 0.078125 0.04583333333333333 0.025
0 0.13229166666666667 0.06796875 0.0020833333333333333 0.0046875
0 0.6927083333333334 0.06484375 0.0020833333333333333 0.0015625
0 0.684375 0.06484375 0.0020833333333333333 0.0015625
0 0.5958333333333333 0.0703125 0.008333333333333333 0.0125
0 0.30104166666666665 0.06484375 0.0020833333333333333 0.0015625
0 0.25729166666666664 0.065625 0.010416666666666666 0.00625
0 0.30520833333333336 0.06015625 0.0020833333333333333 0.0015625
0 0.29375 0.065625 0.016666666666666666 0.0125
0 0.5291666666666667 0.0640625 0.008333333333333333 0.0125
0 0.32395833333333335 0.05859375 0.00625 0.0046875
0 0.2677083333333333 0.05703125 0.0020833333333333333 0.0015625
0 0.30520833333333336 0.05546875 0.0020833333333333333 0.0015625
0 0.13854166666666667 0.05546875 0.0020833333333333333 0.0015625
0 0.019791666666666666 0.05703125 0.0020833333333333333 0.0046875
0 0.265625 0.05390625 0.0020833333333333333 0.0015625
0 0.25729166666666664 0.05625 0.010416666666666666 0.00625
0 0.18125 0.05859375 0.0125 0.0109375
0 0.29583333333333334 0.05546875 0.008333333333333333 0.0078125
0 0.14895833333333333 0.05625 0.014583333333333334 0.009375
0 0.7895833333333333 0.0640625 0.03333333333333333 0.028125
0 0.340625 0.05078125 0.0020833333333333333 0.0015625
0 0.004166666666666667 0.05390625 0.008333333333333333 0.0078125
0 0.9875 0.0578125 0.025 0.01875
0 0.6125 0.05703125 0.025 0.0171875
0 0.18854166666666666 0.04921875 0.0020833333333333333 0.0015625
0 0.5864583333333333 0.05546875 0.022916666666666665 0.0171875
0 0.9208333333333333 0.04609375 0.004166666666666667 0.0015625
0 0.20625 0.046875 0.004166666666666667 0.003125
0 0.8364583333333333 0.04921875 0.00625 0.0171875
0 0.71875 0.04375 0.008333333333333333 0.00625
0 0.42604166666666665 0.0421875 0.00625 0.003125
0 0.26979166666666665 0.04140625 0.0020833333333333333 0.0015625
0 0.23333333333333334 0.04140625 0.004166666666666667 0.0015625
0 0.2760416666666667 0.0515625 0.022916666666666665 0.025
0 0.6791666666666667 0.03671875 0.004166666666666667 0.0015625
0 0.7125 0.0546875 0.1 0.040625
0 0.6739583333333333 0.03515625 0.0020833333333333333 0.0015625
0 0.7114583333333333 0.03515625 0.00625 0.0046875
0 0.42291666666666666 0.03359375 0.004166666666666667 0.0046875
0 0.004166666666666667 0.03515625 0.008333333333333333 0.0078125
0 0.7302083333333333 0.0328125 0.014583333333333334 0.00625
0 0.025 0.03125 0.004166666666666667 0.003125
0 0.5395833333333333 0.0359375 0.008333333333333333 0.015625
0 0.6135416666666667 0.028125 0.00625 0.003125
0 0.035416666666666666 0.0296875 0.008333333333333333 0.00625
0 0.9302083333333333 0.02578125 0.0020833333333333333 0.0015625
0 0.9239583333333333 0.02578125 0.0020833333333333333 0.0015625
0 0.8010416666666667 0.02578125 0.0020833333333333333 0.0015625
0 0.2947916666666667 0.02578125 0.0020833333333333333 0.0015625
0 0.203125 0.02421875 0.0020833333333333333 0.0015625
0 0.3614583333333333 0.02265625 0.00625 0.0015625
0 0.603125 0.02265625 0.00625 0.0046875
0 0.5916666666666667 0.02265625 0.004166666666666667 0.0046875
0 0.5447916666666667 0.02109375 0.0020833333333333333 0.0015625
0 0.540625 0.02109375 0.0020833333333333333 0.0015625
0 0.4354166666666667 0.02265625 0.004166666666666667 0.0046875
0 0.928125 0.01953125 0.0020833333333333333 0.0015625
0 0.9145833333333333 0.0203125 0.008333333333333333 0.003125
0 0.2 0.021875 0.004166666666666667 0.00625
0 0.9229166666666667 0.01875 0.004166666666666667 0.003125
0 0.965625 0.01640625 0.0020833333333333333 0.0015625
0 0.9177083333333333 0.01640625 0.0020833333333333333 0.0015625
0 0.603125 0.0171875 0.0020833333333333333 0.003125
0 0.203125 0.01640625 0.0020833333333333333 0.0015625
0 0.953125 0.015625 0.0020833333333333333 0.003125
0 0.9364583333333333 0.01640625 0.00625 0.0078125
0 0.7239583333333334 0.0140625 0.00625 0.003125
0 0.5375 0.01484375 0.0125 0.0046875
0 0.009375 0.0140625 0.0020833333333333333 0.003125
0 0.65 0.0265625 0.04583333333333333 0.03125
0 0.365625 0.0125 0.0020833333333333333 0.003125
0 0.3614583333333333 0.01171875 0.0020833333333333333 0.0015625
0 0.20625 0.0125 0.004166666666666667 0.003125
0 0.65625 0.01015625 0.004166666666666667 0.0015625
0 0.9552083333333333 0.0125 0.01875 0.009375
0 0.8041666666666667 0.01953125 0.03333333333333333 0.0265625
0 0.26666666666666666 0.009375 0.0125 0.009375
0 0.7072916666666667 0.003125 0.0020833333333333333 0.003125
0 0.7572916666666667 0.02578125 0.08958333333333333 0.0515625
0 0.6989583333333333 0.015625 0.04791666666666667 0.03125
0 0.6635416666666667 0.00234375 0.00625 0.0046875
0 0.6072916666666667 0.00390625 0.014583333333333334 0.0078125
0 0.5833333333333334 0.01171875 0.020833333333333332 0.0234375
0 0.4625 0.0015625 0.004166666666666667 0.003125
0 0.45729166666666665 0.00078125 0.0020833333333333333 0.0015625
0 0.3927083333333333 0.00859375 0.014583333333333334 0.0171875
0 0.3458333333333333 0.009375 0.0125 0.01875
0 0.128125 0.0015625 0.010416666666666666 0.003125
1 0.040625 0.99921875 0.0020833333333333333 0.0015625
1 0.6989583333333333 0.99609375 0.027083333333333334 0.0078125
1 0.057291666666666664 0.98828125 0.0020833333333333333 0.0015625
1 0.04375 0.98515625 0.020833333333333332 0.0078125
1 0.10416666666666667 0.98046875 0.008333333333333333 0.0078125
1 0.6802083333333333 0.971875 0.010416666666666666 0.00625
1 0.06354166666666666 0.9765625 0.027083333333333334 0.015625
1 0.11875 0.96484375 0.029166666666666667 0.0203125
1 0.07083333333333333 0.925 0.0125 0.01875
1 0.5635416666666667 0.90078125 0.0020833333333333333 0.0015625
1 0.55625 0.88125 0.04583333333333333 0.034375
1 0.5583333333333333 0.82421875 0.004166666666666667 0.0015625
1 0.9322916666666666 0.82265625 0.0020833333333333333 0.0015625
1 0.946875 0.81953125 0.0020833333333333333 0.0015625
1 0.5802083333333333 0.81953125 0.0020833333333333333 0.0015625
1 0.95 0.81328125 0.004166666666666667 0.0046875
1 0.4552083333333333 0.8125 0.0020833333333333333 0.003125
1 0.9270833333333334 0.8125 0.0125 0.0125
1 0.4239583333333333 0.80078125 0.0020833333333333333 0.0015625
1 0.45729166666666665 0.8 0.0020833333333333333 0.003125
1 0.5239583333333333 0.79921875 0.00625 0.0046875
1 0.45 0.803125 0.008333333333333333 0.0125
1 0.528125 0.7921875 0.0020833333333333333 0.003125
1 0.5114583333333333 0.8015625 0.010416666666666666 0.021875
1 0.5197916666666667 0.790625 0.0020833333333333333 0.003125
1 0.6010416666666667 0.78203125 0.0020833333333333333 0.0015625
1 0.784375 0.77734375 0.0020833333333333333 0.0015625
1 0.7895833333333333 0.77578125 0.004166666666666667 0.0015625
1 0.6208333333333333 0.7765625 0.004166666666666667 0.003125
1 0.5239583333333333 0.78046875 0.00625 0.0109375
1 0.484375 0.76953125 0.0020833333333333333 0.0015625
1 0.7739583333333333 0.7625 0.0020833333333333333 0.003125
1 0.7645833333333333 0.7609375 0.004166666666666667 0.003125
1 0.7427083333333333 0.75859375 0.0020833333333333333 0.0015625
1 0.7927083333333333 0.75390625 0.0020833333333333333 0.0015625
1 0.753125 0.74921875 0.0020833333333333333 0.0015625
1 0.496875 0.76171875 0.04791666666666667 0.0265625
1 0.503125 0.74765625 0.00625 0.0046875
1 0.4583333333333333 0.746875 0.004166666666666667 0.003125
1 0.7364583333333333 0.746875 0.00625 0.00625
1 0.44166666666666665 0.7453125 0.004166666666666667 0.003125
1 0.4270833333333333 0.7765625 0.05416666666666667 0.065625
1 0.740625 0.74296875 0.0020833333333333333 0.0015625
1 0.37083333333333335 0.74375 0.004166666666666667 0.003125
1 0.7822916666666667 0.74140625 0.0020833333333333333 0.0015625
1 0.378125 0.74140625 0.0020833333333333333 0.0015625
1 0.7322916666666667 0.73984375 0.0020833333333333333 0.0015625
1 0.4166666666666667 0.7390625 0.0125 0.003125
1 0.38333333333333336 0.7390625 0.004166666666666667 0.003125
1 0.7760416666666666 0.7375 0.0020833333333333333 0.003125
1 0.7572916666666667 0.73515625 0.00625 0.0015625
1 0.7135416666666666 0.73359375 0.0020833333333333333 0.0015625
1 0.45729166666666665 0.73828125 0.00625 0.0109375
1 0.3958333333333333 0.734375 0.004166666666666667 0.003125
1 0.7645833333333333 0.7296875 0.004166666666666667 0.003125
1 0.7541666666666667 0.7296875 0.004166666666666667 0.003125
1 0.7572916666666667 0.72734375 0.0020833333333333333 0.0015625
1 0.4666666666666667 0.7296875 0.0125 0.00625
1 0.459375 0.72734375 0.0020833333333333333 0.0015625
1 0.753125 0.74140625 0.04375 0.0328125
1 0.728125 0.72578125 0.0020833333333333333 0.0015625
1 0.5260416666666666 0.72734375 0.00625 0.0046875
1 0.759375 0.72421875 0.0020833333333333333 0.0015625
1 0.7052083333333333 0.72890625 0.014583333333333334 0.0109375
1 0.50625 0.7296875 0.029166666666666667 0.0125
1 0.48854166666666665 0.72421875 0.0020833333333333333 0.0015625
1 0.7635416666666667 0.72265625 0.0020833333333333333 0.0015625
1 0.725 0.7234375 0.004166666666666667 0.003125
1 0.7197916666666667 0.72265625 0.0020833333333333333 0.0015625
1 0.7614583333333333 0.71953125 0.0020833333333333333 0.0015625
1 0.5239583333333333 0.71953125 0.0020833333333333333 0.0015625
1 0.728125 0.71875 0.0020833333333333333 0.003125
1 0.7239583333333334 0.71796875 0.0020833333333333333 0.0015625
1 0.671875 0.71796875 0.0020833333333333333 0.0015625
1 0.51875 0.71796875 0.004166666666666667 0.0015625
1 0.7354166666666667 0.7171875 0.008333333333333333 0.003125
1 0.7395833333333334 0.7109375 0.004166666666666667 0.003125
1 0.7052083333333333 0.7109375 0.0020833333333333333 0.003125
1 0.6833333333333333 0.7125 0.004166666666666667 0.00625
1 0.69375 0.7140625 0.008333333333333333 0.0125
1 0.734375 0.70859375 0.00625 0.0046875
1 0.7260416666666667 0.70703125 0.0020833333333333333 0.0015625
1 0.6802083333333333 0.70703125 0.0020833333333333333 0.0015625
1 0.6739583333333333 0.70859375 0.00625 0.0046875
1 0.6989583333333333 0.70859375 0.00625 0.0078125
1 0.6166666666666667 0.72109375 0.03333333333333333 0.0328125
1 0.5645833333333333 0.7640625 0.09583333333333334 0.11875
1 0.5947916666666667 0.70625 0.010416666666666666 0.00625
1 0.5239583333333333 0.70390625 0.0020833333333333333 0.0015625
1 0.5197916666666667 0.70390625 0.0020833333333333333 0.0015625
1 0.7197916666666667 0.703125 0.00625 0.003125
1 0.6760416666666667 0.703125 0.00625 0.003125
1 0.7645833333333333 0.70078125 0.004166666666666667 0.0015625
1 0.7010416666666667 0.70078125 0.0020833333333333333 0.0015625
1 0.609375 0.70078125 0.0020833333333333333 0.0015625
1 0.5104166666666666 0.70234375 0.004166666666666667 0.0046875
1 0.7052083333333333 0.69921875 0.0020833333333333333 0.0015625
1 0.6666666666666666 0.7 0.004166666666666667 0.003125
1 0.6135416666666667 0.69921875 0.0020833333333333333 0.0015625
1 0.590625 0.69921875 0.0020833333333333333 0.0015625
1 0.5635416666666667 0.69765625 0.0020833333333333333 0.0015625
1 0.553125 0.69765625 0.0020833333333333333 0.0015625
1 0.4979166666666667 0.69765625 0.016666666666666666 0.0046875
1 0.44375 0.7140625 0.04583333333333333 0.0375
1 0.7489583333333333 0.69453125 0.0020833333333333333 0.0015625
1 0.5552083333333333 0.69453125 0.0020833333333333333 0.0015625
1 0.4864583333333333 0.69453125 0.0020833333333333333 0.0015625
1 0.44375 0.6953125 0.008333333333333333 0.003125
1 0.37916666666666665 0.69375 0.004166666666666667 0.003125
1 0.37395833333333334 0.69296875 0.0020833333333333333 0.0015625
1 0.6822916666666666 0.69140625 0.0020833333333333333 0.0015625
1 0.5447916666666667 0.690625 0.0020833333333333333 0.003125
1 0.7322916666666667 0.6890625 0.0020833333333333333 0.003125
1 0.7197916666666667 0.68359375 0.0020833333333333333 0.0015625
1 0.4510416666666667 0.68359375 0.0020833333333333333 0.0015625
1 0.7104166666666667 0.69609375 0.020833333333333332 0.0328125
1 0.7229166666666667 0.67890625 0.004166666666666667 0.0015625
1 0.7291666666666666 0.67734375 0.004166666666666667 0.0046875
1 0.73125 0.67265625 0.004166666666666667 0.0015625
1 0.7197916666666667 0.6734375 0.014583333333333334 0.00625
1 0.3177083333333333 0.66796875 0.0020833333333333333 0.0015625
1 0.840625 0.66484375 0.0020833333333333333 0.0015625
1 0.725 0.66484375 0.004166666666666667 0.0015625
1 0.71875 0.66171875 0.004166666666666667 0.0015625
1 0.7125 0.66171875 0.004166666666666667 0.0015625
1 0.8510416666666667 0.6828125 0.027083333333333334 0.046875
1 0.8447916666666667 0.66015625 0.0020833333333333333 0.0015625
1 0.7197916666666667 0.65859375 0.0020833333333333333 0.0015625
1 0.003125 0.64453125 0.0020833333333333333 0.0015625
1 0.7322916666666667 0.63984375 0.0020833333333333333 0.0015625
1 0.721875 0.63828125 0.0020833333333333333 0.0015625
1 0.721875 0.63359375 0.0020833333333333333 0.0015625
1 0.3145833333333333 0.6265625 0.004166666666666667 0.003125
1 0.31979166666666664 0.62421875 0.0020833333333333333 0.0015625
1 0.346875 0.615625 0.0020833333333333333 0.003125
1 0.7572916666666667 0.59921875 0.00625 0.0015625
1 0.45208333333333334 0.60546875 0.0125 0.0140625
1 0.675 0.5984375 0.008333333333333333 0.003125
1 0.7489583333333333 0.596875 0.00625 0.003125
1 0.3104166666666667 0.59609375 0.004166666666666667 0.0046875
1 0.31145833333333334 0.59140625 0.0020833333333333333 0.0015625
1 0.75 0.59140625 0.008333333333333333 0.0046875
1 0.609375 0.58984375 0.0020833333333333333 0.0015625
1 0.3072916666666667 0.590625 0.0020833333333333333 0.003125
1 0.6041666666666666 0.5890625 0.004166666666666667 0.003125
1 0.7645833333333333 0.5890625 0.008333333333333333 0.00625
1 0.7552083333333334 0.58671875 0.0020833333333333333 0.0015625
1 0.7479166666666667 0.58671875 0.004166666666666667 0.0015625
1 0.309375 0.58515625 0.0020833333333333333 0.0015625
1 0.753125 0.58359375 0.0020833333333333333 0.0015625
1 0.3697916666666667 0.58203125 0.0020833333333333333 0.0015625
1 0.6385416666666667 0.58046875 0.0020833333333333333 0.0015625
1 0.428125 0.58046875 0.00625 0.0015625
1 0.31145833333333334 0.58046875 0.0020833333333333333 0.0015625
1 0.759375 0.57578125 0.0020833333333333333 0.0015625
1 0.7197916666666667 0.57578125 0.0020833333333333333 0.0015625
1 0.31354166666666666 0.57578125 0.0020833333333333333 0.0015625
1 0.7135416666666666 0.57265625 0.0020833333333333333 0.0015625
1 0.39791666666666664 0.5828125 0.05 0.021875
1 0.7291666666666666 0.5703125 0.008333333333333333 0.003125
1 0.721875 0.56953125 0.0020833333333333333 0.0015625
1 0.33229166666666665 0.56796875 0.0020833333333333333 0.0015625
1 0.7510416666666667 0.571875 0.014583333333333334 0.015625
1 0.340625 0.56484375 0.0020833333333333333 0.0015625
1 0.7104166666666667 0.5625 0.004166666666666667 0.003125
1 0.765625 0.55703125 0.022916666666666665 0.0046875
1 0.7322916666666667 0.55546875 0.0020833333333333333 0.0015625
1 0.7291666666666666 0.55625 0.0125 0.00625
1 0.440625 0.55390625 0.0020833333333333333 0.0015625
1 0.8635416666666667 0.54921875 0.0020833333333333333 0.0015625
1 0.7489583333333333 0.54921875 0.0020833333333333333 0.0015625
1 0.7833333333333333 0.54765625 0.004166666666666667 0.0046875
1 0.7447916666666666 0.54609375 0.0020833333333333333 0.0015625
1 0.8197916666666667 0.54453125 0.014583333333333334 0.0078125
1 0.3020833333333333 0.54296875 0.004166666666666667 0.0046875
1 0.784375 0.5421875 0.00625 0.00625
1 0.7364583333333333 0.540625 0.00625 0.003125
1 0.8572916666666667 0.54296875 0.014583333333333334 0.0140625
1 0.7447916666666666 0.53515625 0.0020833333333333333 0.0015625
1 0.7302083333333333 0.53359375 0.00625 0.0046875
1 0.7958333333333333 0.53515625 0.008333333333333333 0.0109375
1 0.7802083333333333 0.52890625 0.0020833333333333333 0.0015625
1 0.515625 0.52890625 0.0020833333333333333 0.0015625
1 0.31354166666666666 0.52890625 0.0020833333333333333 0.0015625
1 0.5197916666666667 0.52734375 0.0020833333333333333 0.0015625
1 0.775 0.53046875 0.004166666666666667 0.0109375
1 0.31145833333333334 0.52578125 0.0020833333333333333 0.0015625
1 0.74375 0.5265625 0.0125 0.00625
1 0.7260416666666667 0.546875 0.06041666666666667 0.046875
1 0.690625 0.53125 0.00625 0.01875
1 0.53125 0.52109375 0.004166666666666667 0.0046875
1 0.9677083333333333 0.51640625 0.0020833333333333333 0.0015625
1 0.7625 0.5125 0.020833333333333332 0.01875
1 0.753125 0.50078125 0.00625 0.0015625
1 0.2760416666666667 0.50078125 0.0020833333333333333 0.0015625
1 0.7260416666666667 0.503125 0.04375 0.0125
1 0.011458333333333333 0.4984375 0.010416666666666666 0.003125
1 0.0020833333333333333 0.49765625 0.004166666666666667 0.0015625
1 0.9958333333333333 0.496875 0.008333333333333333 0.00625
1 0.290625 0.49296875 0.0020833333333333333 0.0015625
1 0.9989583333333333 0.48984375 0.0020833333333333333 0.0015625
1 0.30104166666666665 0.48828125 0.0020833333333333333 0.0015625
1 0.026041666666666668 0.4859375 0.014583333333333334 0.00625
1 0.6020833333333333 0.47734375 0.004166666666666667 0.0015625
1 0.0375 0.48046875 0.0375 0.0140625
1 0.99375 0.471875 0.004166666666666667 0.003125
1 0.06354166666666666 0.4703125 0.00625 0.003125
1 0.796875 0.46796875 0.0020833333333333333 0.0015625
1 0.2916666666666667 0.46875 0.004166666666666667 0.003125
1 0.05625 0.471875 0.008333333333333333 0.009375
1 0.021875 0.47109375 0.03958333333333333 0.0109375
1 0.8791666666666667 0.465625 0.004166666666666667 0.003125
1 0.5541666666666667 0.46875 0.020833333333333332 0.0125
1 0.44479166666666664 0.46328125 0.0020833333333333333 0.0015625
1 0.9270833333333334 0.46171875 0.004166666666666667 0.0015625
1 0.28854166666666664 0.475 0.022916666666666665 0.028125
1 0.875 0.4609375 0.004166666666666667 0.003125
1 0.5822916666666667 0.46953125 0.027083333333333334 0.0203125
1 0.009375 0.46015625 0.0020833333333333333 0.0015625
1 0.33229166666666665 0.459375 0.00625 0.003125
1 0.003125 0.46015625 0.00625 0.0046875
1 0.9479166666666666 0.45390625 0.004166666666666667 0.0015625
1 0.9583333333333334 0.45234375 0.004166666666666667 0.0015625
1 0.9635416666666666 0.45078125 0.0020833333333333333 0.0015625
1 0.29791666666666666 0.453125 0.020833333333333332 0.009375
1 0.3302083333333333 0.4515625 0.022916666666666665 0.0125
1 0.4166666666666667 0.44609375 0.004166666666666667 0.0078125
1 0.7864583333333334 0.44140625 0.0020833333333333333 0.0015625
1 0.9927083333333333 0.43984375 0.0020833333333333333 0.0015625
1 0.7885416666666667 0.43828125 0.0020833333333333333 0.0015625
1 0.05416666666666667 0.44296875 0.008333333333333333 0.0109375
1 0.565625 0.43515625 0.0020833333333333333 0.0015625
1 0.9760416666666667 0.434375 0.01875 0.009375
1 0.5708333333333333 0.4328125 0.004166666666666667 0.00625
1 0.99375 0.4296875 0.0125 0.003125
1 0.075 0.43203125 0.016666666666666666 0.0078125
1 0.753125 0.42734375 0.0020833333333333333 0.0015625
1 0.24375 0.428125 0.008333333333333333 0.003125
1 0.7875 0.42578125 0.004166666666666667 0.0015625
1 0.7302083333333333 0.42890625 0.01875 0.0078125
1 0.7572916666666667 0.42421875 0.0020833333333333333 0.0015625
1 0.684375 0.47734375 0.21458333333333332 0.1078125
1 0.7645833333333333 0.42265625 0.004166666666666667 0.0015625
1 0.5677083333333334 0.42265625 0.0020833333333333333 0.0015625
1 0.565625 0.41953125 0.0020833333333333333 0.0015625
1 0.23229166666666667 0.42109375 0.0020833333333333333 0.0046875
1 0.228125 0.41875 0.0020833333333333333 0.003125
1 0.16145833333333334 0.4140625 0.0020833333333333333 0.003125
1 0.8072916666666666 0.41171875 0.0020833333333333333 0.0015625
1 0.7989583333333333 0.41171875 0.0020833333333333333 0.0015625
1 0.04583333333333333 0.41171875 0.004166666666666667 0.0015625
1 0.004166666666666667 0.41484375 0.008333333333333333 0.0078125
1 0.040625 0.41015625 0.0020833333333333333 0.0015625
1 0.7989583333333333 0.40859375 0.0020833333333333333 0.0015625
1 0.007291666666666667 0.40859375 0.0020833333333333333 0.0015625
1 0.15833333333333333 0.40859375 0.004166666666666667 0.0046875
1 0.003125 0.40390625 0.0020833333333333333 0.0015625
1 0.24583333333333332 0.4125 0.0125 0.025
1 0.234375 0.4015625 0.0020833333333333333 0.003125
1 0.9072916666666667 0.39765625 0.0020833333333333333 0.0015625
1 0.8541666666666666 0.39921875 0.008333333333333333 0.0046875
1 0.903125 0.39609375 0.0020833333333333333 0.0015625
1 0.019791666666666666 0.3984375 0.010416666666666666 0.009375
1 0.03333333333333333 0.42734375 0.05 0.0703125
1 0.865625 0.39140625 0.0020833333333333333 0.0015625
1 0.23958333333333334 0.3921875 0.008333333333333333 0.00625
1 0.11145833333333334 0.37421875 0.0020833333333333333 0.0015625
1 0.146875 0.37890625 0.0020833333333333333 0.0140625
1 0.13645833333333332 0.3734375 0.0020833333333333333 0.003125
1 0.10520833333333333 0.37265625 0.0020833333333333333 0.0015625
1 0.12395833333333334 0.37265625 0.01875 0.0046875
1 0.8802083333333334 0.37109375 0.00625 0.0046875
1 0.004166666666666667 0.371875 0.008333333333333333 0.00625
1 0.45729166666666665 0.36796875 0.0020833333333333333 0.0015625
1 0.4708333333333333 0.3625 0.004166666666666667 0.003125
1 0.140625 0.36171875 0.0020833333333333333 0.0015625
1 0.14270833333333333 0.3640625 0.010416666666666666 0.009375
1 0.140625 0.35859375 0.0020833333333333333 0.0015625
1 0.5614583333333333 0.35703125 0.0020833333333333333 0.0015625
1 0.46770833333333334 0.35703125 0.0020833333333333333 0.0015625
1 0.22604166666666667 0.4078125 0.12708333333333333 0.103125
1 0.171875 0.35703125 0.0020833333333333333 0.0015625
1 0.14895833333333333 0.35703125 0.0020833333333333333 0.0015625
1 0.8458333333333333 0.35625 0.004166666666666667 0.003125
1 0.12916666666666668 0.35859375 0.016666666666666666 0.0078125
1 0.21770833333333334 0.375 0.035416666666666666 0.04375
1 0.8572916666666667 0.3546875 0.014583333333333334 0.00625
1 0.15104166666666666 0.35234375 0.0020833333333333333 0.0015625
1 0.5635416666666667 0.35078125 0.00625 0.0015625
1 0.196875 0.35078125 0.0020833333333333333 0.0046875
1 0.896875 0.34765625 0.0020833333333333333 0.0015625
1 0.3020833333333333 0.34765625 0.004166666666666667 0.0015625
1 0.128125 0.34765625 0.0020833333333333333 0.0015625
1 0.5645833333333333 0.34453125 0.004166666666666667 0.0046875
1 0.31979166666666664 0.34296875 0.0020833333333333333 0.0015625
1 0.12604166666666666 0.34296875 0.0020833333333333333 0.0015625
1 0.13645833333333332 0.34609375 0.014583333333333334 0.0109375
1 0.27708333333333335 0.34765625 0.008333333333333333 0.0203125
1 0.39479166666666665 0.33671875 0.0020833333333333333 0.0015625
1 0.315625 0.3375 0.00625 0.003125
1 0.051041666666666666 0.38046875 0.10208333333333333 0.0921875
1 0.4822916666666667 0.33359375 0.0020833333333333333 0.0015625
1 0.18020833333333333 0.33984375 0.022916666666666665 0.0140625
1 0.35520833333333335 0.33515625 0.01875 0.0109375
1 0.32395833333333335 0.33046875 0.0020833333333333333 0.0015625
1 0.18125 0.3296875 0.004166666666666667 0.003125
1 0.15416666666666667 0.33671875 0.025 0.0171875
1 0.18958333333333333 0.32734375 0.004166666666666667 0.0015625
1 0.16770833333333332 0.32734375 0.0020833333333333333 0.0015625
1 0.32916666666666666 0.3265625 0.008333333333333333 0.003125
1 0.17395833333333333 0.32578125 0.00625 0.0015625
1 0.196875 0.32421875 0.0020833333333333333 0.0015625
1 0.16770833333333332 0.32421875 0.0020833333333333333 0.0015625
1 0.5458333333333333 0.32265625 0.004166666666666667 0.0015625
1 0.4822916666666667 0.32265625 0.0020833333333333333 0.0015625
1 0.3625 0.32265625 0.004166666666666667 0.0015625
1 0.26666666666666666 0.3234375 0.004166666666666667 0.003125
1 0.8979166666666667 0.32265625 0.004166666666666667 0.0046875
1 0.23229166666666667 0.32109375 0.0020833333333333333 0.0015625
1 0.3302083333333333 0.31640625 0.0020833333333333333 0.0015625
1 0.23854166666666668 0.3171875 0.010416666666666666 0.003125
1 0.18645833333333334 0.31640625 0.0020833333333333333 0.0015625
1 0.16354166666666667 0.31953125 0.022916666666666665 0.0109375
1 0.9895833333333334 0.321875 0.020833333333333332 0.01875
1 0.12291666666666666 0.31328125 0.0125 0.0046875
1 0.35104166666666664 0.315625 0.014583333333333334 0.015625
1 0.9052083333333333 0.31015625 0.00625 0.0109375
1 0.81875 0.303125 0.004166666666666667 0.003125
1 0.478125 0.3046875 0.00625 0.00625
1 0.8239583333333333 0.30078125 0.0020833333333333333 0.0015625
1 0.903125 0.29921875 0.00625 0.0015625
1 0.41354166666666664 0.2984375 0.00625 0.003125
1 0.3885416666666667 0.29765625 0.0020833333333333333 0.0015625
1 0.25104166666666666 0.31640625 0.14375 0.0390625
1 0.7979166666666667 0.29609375 0.025 0.0046875
1 0.18541666666666667 0.29453125 0.016666666666666666 0.0015625
1 0.828125 0.29140625 0.0020833333333333333 0.0015625
1 0.16979166666666667 0.28984375 0.0020833333333333333 0.0015625
1 0.834375 0.290625 0.014583333333333334 0.009375
1 0.019791666666666666 0.3 0.03958333333333333 0.028125
1 0.209375 0.28671875 0.01875 0.0046875
1 0.5989583333333334 0.29296875 0.06458333333333334 0.0203125
1 0.030208333333333334 0.2828125 0.00625 0.003125
1 0.31666666666666665 0.28359375 0.008333333333333333 0.0078125
1 0.30625 0.28203125 0.004166666666666667 0.0046875
1 0.23645833333333333 0.28046875 0.0020833333333333333 0.0015625
1 0.79375 0.2796875 0.0125 0.003125
1 0.5 0.27890625 0.025 0.0078125
1 0.13854166666666667 0.27265625 0.00625 0.0015625
1 0.39895833333333336 0.2875 0.08125 0.05
1 0.13333333333333333 0.259375 0.029166666666666667 0.00625
1 0.4822916666666667 0.25546875 0.0020833333333333333 0.0015625
1 0.3875 0.253125 0.004166666666666667 0.003125
1 0.3072916666666667 0.25078125 0.0020833333333333333 0.0015625
1 0.36875 0.25390625 0.029166666666666667 0.0171875
1 0.4875 0.24453125 0.0125 0.0109375
1 0.140625 0.234375 0.0020833333333333333 0.003125
1 0.12708333333333333 0.2359375 0.0125 0.00625
1 0.6697916666666667 0.23203125 0.0020833333333333333 0.0015625
1 0.9770833333333333 0.240625 0.04583333333333333 0.021875
1 0.27395833333333336 0.22265625 0.0020833333333333333 0.0015625
1 0.496875 0.221875 0.00625 0.00625
1 0.06770833333333333 0.24375 0.13541666666666666 0.0625
1 0.2989583333333333 0.2125 0.027083333333333334 0.028125
1 0.4791666666666667 0.21328125 0.041666666666666664 0.0390625
1 0.309375 0.19609375 0.0020833333333333333 0.0046875
1 0.026041666666666668 0.19140625 0.010416666666666666 0.0046875
1 0.35208333333333336 0.20234375 0.07916666666666666 0.0484375
1 0.3177083333333333 0.178125 0.0020833333333333333 0.003125
1 0.7708333333333334 0.178125 0.008333333333333333 0.00625
1 0.196875 0.17578125 0.0020833333333333333 0.0015625
1 0.08541666666666667 0.19375 0.0375 0.0375
1 0.010416666666666666 0.1859375 0.020833333333333332 0.025
1 0.18333333333333332 0.1703125 0.03333333333333333 0.00625
1 0.41875 0.19296875 0.058333333333333334 0.0609375
1 0.16979166666666667 0.17734375 0.04791666666666667 0.0453125
1 0.896875 0.15234375 0.0020833333333333333 0.0015625
1 0.29583333333333334 0.1546875 0.004166666666666667 0.009375
1 0.6541666666666667 0.15 0.008333333333333333 0.00625
1 0.45208333333333334 0.15 0.004166666666666667 0.009375
1 0.05520833333333333 0.15703125 0.022916666666666665 0.0234375
1 0.10625 0.14609375 0.0125 0.0078125
1 0.016666666666666666 0.14453125 0.0125 0.0109375
1 0.6447916666666667 0.140625 0.00625 0.00625
1 0.403125 0.13984375 0.00625 0.0046875
1 0.3958333333333333 0.13671875 0.004166666666666667 0.0015625
1 0.9416666666666667 0.1421875 0.016666666666666666 0.015625
1 0.440625 0.14453125 0.014583333333333334 0.0203125
1 0.04583333333333333 0.134375 0.025 0.01875
1 0.8333333333333334 0.1265625 0.0125 0.00625
1 0.6760416666666667 0.1328125 0.027083333333333334 0.01875
1 0.5260416666666666 0.12421875 0.010416666666666666 0.0015625
1 0.4791666666666667 0.15703125 0.041666666666666664 0.0671875
1 0.146875 0.13671875 0.04791666666666667 0.0265625
1 0.08229166666666667 0.12421875 0.0020833333333333333 0.0015625
1 0.08645833333333333 0.121875 0.0020833333333333333 0.003125
1 0.23541666666666666 0.1203125 0.0125 0.009375
1 0.8145833333333333 0.1140625 0.008333333333333333 0.003125
1 0.19895833333333332 0.1234375 0.052083333333333336 0.028125
1 0.5270833333333333 0.10859375 0.0125 0.0078125
1 0.8822916666666667 0.10234375 0.0020833333333333333 0.0015625
1 0.421875 0.1046875 0.010416666666666666 0.009375
1 0.06875 0.1078125 0.041666666666666664 0.015625
1 0.20520833333333333 0.10078125 0.022916666666666665 0.0109375
1 0.8052083333333333 0.09453125 0.0020833333333333333 0.0015625
1 0.7822916666666667 0.0953125 0.010416666666666666 0.003125
1 0.76875 0.09453125 0.004166666666666667 0.0015625
1 0.19166666666666668 0.0953125 0.004166666666666667 0.003125
1 0.9010416666666666 0.1078125 0.03125 0.03125
1 0.43645833333333334 0.09296875 0.0020833333333333333 0.0015625
1 0.7958333333333333 0.09609375 0.0125 0.0109375
1 0.121875 0.08984375 0.035416666666666666 0.0109375
1 0.8291666666666667 0.09296875 0.020833333333333332 0.0203125
1 0.234375 0.0921875 0.035416666666666666 0.01875
1 0.013541666666666667 0.09296875 0.027083333333333334 0.0203125
1 0.196875 0.08203125 0.0020833333333333333 0.0015625
1 0.026041666666666668 0.08203125 0.00625 0.0046875
1 0.80625 0.0828125 0.0125 0.009375
1 0.7708333333333334 0.08359375 0.016666666666666666 0.0171875
1 0.023958333333333335 0.0765625 0.00625 0.003125
1 0.12083333333333333 0.0765625 0.008333333333333333 0.00625
1 0.030208333333333334 0.07265625 0.0020833333333333333 0.0015625
1 0.99375 0.0734375 0.0125 0.00625
1 0.8822916666666667 0.07421875 0.010416666666666666 0.0109375
1 0.453125 0.06484375 0.0020833333333333333 0.0015625
1 0.44895833333333335 0.06484375 0.0020833333333333333 0.0015625
1 0.9104166666666667 0.06796875 0.0125 0.0109375
1 0.30416666666666664 0.1015625 0.1 0.084375
1 0.60625 0.3875 0.5875 0.659375
1 0.6270833333333333 0.06015625 0.008333333333333333 0.0046875
1 0.24479166666666666 0.06015625 0.010416666666666666 0.0046875
1 0.16770833333333332 0.0796875 0.035416666666666666 0.046875
1 0.078125 0.05703125 0.0020833333333333333 0.0015625
1 0.21458333333333332 0.065625 0.03333333333333333 0.025
1 0.8770833333333333 0.05703125 0.020833333333333332 0.0140625
1 0.10729166666666666 0.0578125 0.014583333333333334 0.015625
1 0.44583333333333336 0.046875 0.004166666666666667 0.00625
1 0.43854166666666666 0.0453125 0.0020833333333333333 0.003125
1 0.17708333333333334 0.0453125 0.004166666666666667 0.00625
1 0.9104166666666667 0.05 0.020833333333333332 0.01875
1 0.33229166666666665 0.04453125 0.00625 0.0078125
1 0.29791666666666666 0.04140625 0.004166666666666667 0.0046875
1 0.315625 0.04375 0.014583333333333334 0.0125
1 0.14479166666666668 0.03671875 0.0020833333333333333 0.0015625
1 0.8166666666666667 0.046875 0.029166666666666667 0.025
1 0.03333333333333333 0.053125 0.06666666666666667 0.0375
1 0.2708333333333333 0.034375 0.004166666666666667 0.003125
1 0.6229166666666667 0.0359375 0.025 0.009375
1 0.48020833333333335 0.05234375 0.05625 0.0421875
1 0.7822916666666667 0.03125 0.01875 0.00625
1 0.8822916666666667 0.028125 0.0020833333333333333 0.003125
1 0.4875 0.02734375 0.008333333333333333 0.0015625
1 0.096875 0.03125 0.00625 0.009375
1 0.07708333333333334 0.034375 0.008333333333333333 0.015625
1 0.578125 0.0453125 0.06041666666666667 0.040625
1 0.40729166666666666 0.05703125 0.06458333333333334 0.0640625
1 0.303125 0.0265625 0.00625 0.003125
1 0.25729166666666664 0.03515625 0.01875 0.0234375
1 0.3697916666666667 0.0203125 0.0020833333333333333 0.003125
1 0.18958333333333333 0.02421875 0.0125 0.0109375
1 0.028125 0.021875 0.00625 0.00625
1 0.85625 0.0515625 0.04583333333333333 0.06875
1 0.23125 0.01875 0.004166666666666667 0.009375
1 0.11041666666666666 0.0203125 0.0125 0.0125
1 0.9729166666666667 0.06796875 0.05416666666666667 0.1109375
1 0.16666666666666666 0.01953125 0.016666666666666666 0.0140625
1 0.23020833333333332 0.01171875 0.0020833333333333333 0.0015625
1 0.13125 0.01015625 0.004166666666666667 0.0015625
1 0.525 0.00390625 0.004166666666666667 0.0046875
1 0.415625 0.01640625 0.03125 0.0296875
1 0.9770833333333333 0.003125 0.008333333333333333 0.00625
1 0.9625 0.00234375 0.008333333333333333 0.0046875
1 0.890625 0.00390625 0.00625 0.0078125
1 0.8708333333333333 0.00390625 0.004166666666666667 0.0078125
1 0.85625 0.00078125 0.004166666666666667 0.0015625
1 0.8291666666666667 0.00859375 0.025 0.0171875
1 0.7885416666666667 0.00625 0.03125 0.0125
1 0.5458333333333333 0.00625 0.029166666666666667 0.0125
1 0.5010416666666667 0.0265625 0.06041666666666667 0.053125
1 0.359375 0.00234375 0.010416666666666666 0.0046875
1 0.31875 0.0203125 0.1 0.040625
1 0.23645833333333333 0.003125 0.00625 0.00625
1 0.22291666666666668 0.003125 0.004166666666666667 0.00625
1 0.18854166666666666 0.0015625 0.0020833333333333333 0.003125
1 0.140625 0.00078125 0.0020833333333333333 0.0015625
