0 0.3177083333333333 0.53203125 0.0020833333333333333 0.0015625
0 0.41770833333333335 0.49921875 0.0020833333333333333 0.0015625
0 0.41354166666666664 0.49921875 0.0020833333333333333 0.0015625
0 0.4197916666666667 0.48203125 0.0020833333333333333 0.0015625
0 0.44375 0.47734375 0.008333333333333333 0.0046875
0 0.4041666666666667 0.47265625 0.004166666666666667 0.0015625
0 0.4375 0.46953125 0.0125 0.0109375
0 0.40625 0.43203125 0.0125 0.0140625
0 0.36666666666666664 0.396875 0.0125 0.00625
0 0.9604166666666667 0.378125 0.004166666666666667 0.003125
0 0.965625 0.37578125 0.0020833333333333333 0.0015625
0 0.18020833333333333 0.37421875 0.0020833333333333333 0.0015625
0 0.18541666666666667 0.3734375 0.008333333333333333 0.00625
0 0.965625 0.36796875 0.0020833333333333333 0.0015625
0 0.9697916666666667 0.36875 0.010416666666666666 0.009375
0 0.3927083333333333 0.3484375 0.00625 0.003125
0 0.94375 0.359375 0.0375 0.028125
0 0.43645833333333334 0.346875 0.0020833333333333333 0.003125
0 0.40208333333333335 0.3484375 0.008333333333333333 0.009375
0 0.3927083333333333 0.34296875 0.0020833333333333333 0.0015625
0 0.746875 0.33671875 0.0020833333333333333 0.0015625
0 0.49270833333333336 0.3390625 0.01875 0.00625
0 0.9635416666666666 0.32734375 0.0020833333333333333 0.0015625
0 0.953125 0.32734375 0.014583333333333334 0.0078125
0 0.9427083333333334 0.32265625 0.0020833333333333333 0.0015625
0 0.93125 0.31875 0.016666666666666666 0.00625
0 0.7270833333333333 0.3265625 0.041666666666666664 0.021875
0 0.5635416666666667 0.31640625 0.00625 0.0046875
0 0.43645833333333334 0.3125 0.0020833333333333333 0.003125
0 0.73125 0.303125 0.008333333333333333 0.003125
0 0.703125 0.29921875 0.0020833333333333333 0.0046875
0 0.5489583333333333 0.29453125 0.00625 0.0046875
0 0.5635416666666667 0.28671875 0.0020833333333333333 0.0015625
0 0.353125 0.28828125 0.0020833333333333333 0.0046875
0 0.634375 0.27734375 0.0020833333333333333 0.0015625
0 0.471875 0.26640625 0.0020833333333333333 0.0015625
0 0.628125 0.26640625 0.00625 0.0046875
0 0.47708333333333336 0.26328125 0.004166666666666667 0.0015625
0 0.9010416666666666 0.25234375 0.0020833333333333333 0.0015625
0 0.815625 0.22265625 0.00625 0.0046875
0 0.5854166666666667 0.221875 0.004166666666666667 0.003125
0 0.7302083333333333 0.20859375 0.0020833333333333333 0.0015625
0 0.7322916666666667 0.20234375 0.0020833333333333333 0.0015625
0 0.7135416666666666 0.19140625 0.0020833333333333333 0.0015625
0 0.709375 0.19140625 0.0020833333333333333 0.0046875
0 0.73125 0.1796875 0.0125 0.00625
0 0.7010416666666667 0.17421875 0.014583333333333334 0.0078125
0 0.8677083333333333 0.13828125 0.0020833333333333333 0.0015625
0 0.7552083333333334 0.13671875 0.0020833333333333333 0.0015625
0 0.7427083333333333 0.15546875 0.027083333333333334 0.0390625
0 0.746875 0.1328125 0.0020833333333333333 0.003125
0 0.6395833333333333 0.1328125 0.0125 0.00625
0 0.8510416666666667 0.1390625 0.014583333333333334 0.021875
0 0.6229166666666667 0.12734375 0.004166666666666667 0.0046875
0 0.6697916666666667 0.12734375 0.03125 0.0171875
0 0.765625 0.12265625 0.027083333333333334 0.0203125
0 0.8395833333333333 0.11328125 0.008333333333333333 0.0078125
0 0.6072916666666667 0.11015625 0.010416666666666666 0.0046875
0 0.9645833333333333 0.1078125 0.004166666666666667 0.003125
0 0.959375 0.10546875 0.0020833333333333333 0.0015625
0 0.9791666666666666 0.1078125 0.0125 0.009375
0 0.6020833333333333 0.10625 0.004166666666666667 0.00625
0 0.5979166666666667 0.10078125 0.008333333333333333 0.0015625
0 0.6395833333333333 0.10625 0.029166666666666667 0.01875
0 0.615625 0.09609375 0.0020833333333333333 0.0015625
0 0.6114583333333333 0.09609375 0.0020833333333333333 0.0015625
0 0.6885416666666667 0.09140625 0.0020833333333333333 0.0015625
0 0.603125 0.09453125 0.010416666666666666 0.0078125
0 0.6052083333333333 0.0890625 0.00625 0.003125
0 0.5302083333333333 0.08984375 0.00625 0.0046875
0 0.9604166666666667 0.08828125 0.0125 0.0078125
0 0.6333333333333333 0.08515625 0.004166666666666667 0.0015625
0 0.6083333333333333 0.0859375 0.004166666666666667 0.003125
0 0.596875 0.0859375 0.0020833333333333333 0.003125
0 0.6385416666666667 0.08359375 0.0020833333333333333 0.0015625
0 0.86875 0.08125 0.020833333333333332 0.0125
0 0.6572916666666667 0.07734375 0.010416666666666666 0.0046875
0 0.9 0.07734375 0.0125 0.0078125
0 0.6385416666666667 0.07421875 0.0020833333333333333 0.0015625
0 0.6354166666666666 0.07109375 0.004166666666666667 0.0015625
0 0.5645833333333333 0.0671875 0.004166666666666667 0.003125
0 0.559375 0.06015625 0.0020833333333333333 0.0015625
0 0.565625 0.05703125 0.0020833333333333333 0.0015625
0 0.9145833333333333 0.0625 0.020833333333333332 0.015625
0 0.8833333333333333 0.05703125 0.008333333333333333 0.0046875
0 0.7864583333333334 0.06015625 0.01875 0.0109375
0 0.9833333333333333 0.05234375 0.004166666666666667 0.0015625
0 0.484375 0.05234375 0.0020833333333333333 0.0015625
0 0.6364583333333333 0.05234375 0.014583333333333334 0.0046875
0 0.5177083333333333 0.04921875 0.0020833333333333333 0.0015625
0 0.996875 0.04765625 0.00625 0.0046875
0 0.88125 0.04765625 0.008333333333333333 0.0046875
0 0.5229166666666667 0.04765625 0.004166666666666667 0.0046875
0 0.5864583333333333 0.04296875 0.0020833333333333333 0.0015625
0 0.49583333333333335 0.03984375 0.004166666666666667 0.0046875
0 0.6270833333333333 0.03828125 0.004166666666666667 0.0078125
0 0.6322916666666667 0.034375 0.0020833333333333333 0.003125
0 0.6260416666666667 0.02890625 0.0020833333333333333 0.0015625
0 0.48854166666666665 0.02890625 0.0020833333333333333 0.0015625
0 0.834375 0.02734375 0.0020833333333333333 0.0015625
0 0.471875 0.02734375 0.0020833333333333333 0.0015625
0 0.721875 0.03203125 0.010416666666666666 0.0140625
0 0.596875 0.02265625 0.0020833333333333333 0.0015625
0 0.5010416666666667 0.021875 0.0020833333333333333 0.003125
0 0.49375 0.02578125 0.008333333333333333 0.0109375
0 0.484375 0.0234375 0.00625 0.00625
0 0.5052083333333334 0.02109375 0.0020833333333333333 0.0046875
0 0.8239583333333333 0.02109375 0.014583333333333334 0.0078125
0 0.6072916666666667 0.0234375 0.014583333333333334 0.0125
0 0.99375 0.01640625 0.0125 0.0078125
0 0.6947916666666667 0.02421875 0.027083333333333334 0.0296875
0 0.8302083333333333 0.00859375 0.0020833333333333333 0.0015625
0 0.775 0.01484375 0.029166666666666667 0.0171875
0 0.9020833333333333 0.00859375 0.004166666666666667 0.0109375
0 0.8239583333333333 0.00390625 0.0020833333333333333 0.0015625
0 0.7083333333333334 0.009375 0.008333333333333333 0.0125
0 0.9010416666666666 0.00078125 0.0020833333333333333 0.0015625
0 0.8239583333333333 0.00078125 0.0020833333333333333 0.0015625
0 0.7020833333333333 0.0015625 0.004166666666666667 0.003125
0 0.5083333333333333 0.00625 0.016666666666666666 0.0125
0 0.4 0.00078125 0.004166666666666667 0.0015625
1 0.8645833333333334 0.99765625 0.008333333333333333 0.0046875
1 0.7947916666666667 0.9859375 0.010416666666666666 0.009375
1 0.6822916666666666 0.97578125 0.014583333333333334 0.0203125
1 0.6989583333333333 0.95234375 0.01875 0.0171875
1 0.6614583333333334 0.9453125 0.035416666666666666 0.028125
1 0.734375 0.92265625 0.0020833333333333333 0.0015625
1 0.821875 0.91640625 0.0020833333333333333 0.0015625
1 0.7427083333333333 0.91796875 0.00625 0.0046875
1 0.7010416666666667 0.91640625 0.0020833333333333333 0.0015625
1 0.9708333333333333 0.91328125 0.004166666666666667 0.0046875
1 0.8322916666666667 0.9125 0.0020833333333333333 0.003125
1 0.978125 0.91015625 0.0020833333333333333 0.0015625
1 0.9197916666666667 0.89921875 0.0020833333333333333 0.0015625
1 0.8260416666666667 0.89921875 0.0020833333333333333 0.0015625
1 0.690625 0.89921875 0.0020833333333333333 0.0015625
1 0.9552083333333333 0.89765625 0.0020833333333333333 0.0015625
1 0.9427083333333334 0.89609375 0.01875 0.0078125
1 0.8677083333333333 0.89296875 0.0020833333333333333 0.0015625
1 0.94375 0.8890625 0.004166666666666667 0.003125
1 0.8729166666666667 0.8890625 0.004166666666666667 0.003125
1 0.8302083333333333 0.89140625 0.00625 0.0109375
1 0.9479166666666666 0.8859375 0.004166666666666667 0.003125
1 0.9364583333333333 0.88203125 0.0020833333333333333 0.0015625
1 0.8229166666666666 0.8796875 0.008333333333333333 0.00625
1 0.8125 0.878125 0.004166666666666667 0.003125
1 0.8614583333333333 0.8765625 0.0020833333333333333 0.003125
1 0.7333333333333333 0.8765625 0.004166666666666667 0.003125
1 0.8677083333333333 0.87734375 0.00625 0.0078125
1 0.965625 0.86484375 0.0020833333333333333 0.0015625
1 0.8520833333333333 0.86796875 0.004166666666666667 0.0078125
1 0.8135416666666667 0.8671875 0.00625 0.00625
1 0.7625 0.86640625 0.004166666666666667 0.0046875
1 0.8447916666666667 0.86328125 0.0020833333333333333 0.0015625
1 0.8427083333333333 0.93046875 0.3145833333333333 0.1390625
1 0.7072916666666667 0.86015625 0.0020833333333333333 0.0015625
1 0.865625 0.85859375 0.0020833333333333333 0.0015625
1 0.946875 0.8578125 0.0020833333333333333 0.003125
1 0.7947916666666667 0.85703125 0.0020833333333333333 0.0015625
1 0.7177083333333333 0.85703125 0.0020833333333333333 0.0015625
1 0.8708333333333333 0.85234375 0.004166666666666667 0.0015625
1 0.88125 0.8515625 0.004166666666666667 0.003125
1 0.8760416666666667 0.85078125 0.0020833333333333333 0.0015625
1 0.8479166666666667 0.85390625 0.008333333333333333 0.0109375
1 0.8645833333333334 0.84921875 0.004166666666666667 0.0046875
1 0.9260416666666667 0.85078125 0.01875 0.0140625
1 0.9697916666666667 0.87265625 0.06041666666666667 0.0609375
1 0.9197916666666667 0.84296875 0.0020833333333333333 0.0015625
1 0.8864583333333333 0.84296875 0.0020833333333333333 0.0015625
1 0.8822916666666667 0.84296875 0.0020833333333333333 0.0015625
1 0.9083333333333333 0.846875 0.016666666666666666 0.0125
1 0.85625 0.84296875 0.004166666666666667 0.0046875
1 0.9979166666666667 0.83984375 0.004166666666666667 0.0046875
1 0.875 0.8421875 0.004166666666666667 0.009375
1 0.765625 0.83828125 0.0020833333333333333 0.0015625
1 0.9510416666666667 0.83671875 0.0020833333333333333 0.0015625
1 0.884375 0.8375 0.0020833333333333333 0.003125
1 0.7697916666666667 0.8546875 0.03958333333333333 0.0375
1 0.925 0.8390625 0.008333333333333333 0.009375
1 0.8697916666666666 0.83359375 0.0020833333333333333 0.0015625
1 0.9416666666666667 0.82109375 0.020833333333333332 0.0359375
1 0.42291666666666666 0.65234375 0.004166666666666667 0.0046875
1 0.40520833333333334 0.62890625 0.0020833333333333333 0.0046875
1 0.39479166666666665 0.62578125 0.0020833333333333333 0.0015625
1 0.446875 0.61171875 0.0020833333333333333 0.0015625
1 0.4552083333333333 0.61796875 0.05625 0.0515625
1 0.3625 0.63046875 0.09166666666666666 0.0765625
1 0.5291666666666667 0.5921875 0.008333333333333333 0.003125
1 0.5177083333333333 0.5921875 0.010416666666666666 0.003125
1 0.5072916666666667 0.58984375 0.0020833333333333333 0.0015625
1 0.30625 0.5859375 0.016666666666666666 0.009375
1 0.2947916666666667 0.578125 0.01875 0.00625
1 0.278125 0.57265625 0.0020833333333333333 0.0015625
1 0.18333333333333332 0.56328125 0.008333333333333333 0.0046875
1 0.21875 0.55390625 0.004166666666666667 0.0046875
1 0.19375 0.5546875 0.008333333333333333 0.009375
1 0.21145833333333333 0.55078125 0.00625 0.0046875
1 0.234375 0.54765625 0.0020833333333333333 0.0015625
1 0.21770833333333334 0.54296875 0.0020833333333333333 0.0015625
1 0.203125 0.54296875 0.00625 0.0046875
1 0.18020833333333333 0.53828125 0.0020833333333333333 0.0015625
1 0.21979166666666666 0.5390625 0.00625 0.00625
1 0.32916666666666666 0.53515625 0.004166666666666667 0.0046875
1 0.21979166666666666 0.53359375 0.0020833333333333333 0.0015625
1 0.30104166666666665 0.53203125 0.0020833333333333333 0.0015625
1 0.215625 0.53203125 0.0020833333333333333 0.0015625
1 0.30520833333333336 0.52890625 0.0020833333333333333 0.0015625
1 0.159375 0.52890625 0.0020833333333333333 0.0015625
1 0.296875 0.52421875 0.0020833333333333333 0.0015625
1 0.321875 0.52265625 0.0020833333333333333 0.0015625
1 0.175 0.53046875 0.025 0.0171875
1 0.30520833333333336 0.52109375 0.0020833333333333333 0.0015625
1 0.353125 0.528125 0.05625 0.01875
1 0.3 0.51796875 0.004166666666666667 0.0015625
1 0.4197916666666667 0.5125 0.03125 0.0125
1 0.17395833333333333 0.503125 0.00625 0.003125
1 0.13020833333333334 0.50234375 0.0020833333333333333 0.0015625
1 0.29791666666666666 0.5015625 0.004166666666666667 0.003125
1 0.125 0.5015625 0.004166666666666667 0.003125
1 0.15520833333333334 0.49921875 0.0020833333333333333 0.0015625
1 0.38125 0.4984375 0.004166666666666667 0.003125
1 0.11979166666666667 0.49765625 0.00625 0.0015625
1 0.3854166666666667 0.503125 0.0375 0.01875
1 0.23020833333333332 0.48828125 0.0020833333333333333 0.0015625
1 0.14895833333333333 0.496875 0.022916666666666665 0.01875
1 0.259375 0.48125 0.00625 0.00625
1 0.17395833333333333 0.47734375 0.0020833333333333333 0.0015625
1 0.16875 0.47890625 0.004166666666666667 0.0046875
1 0.1375 0.471875 0.004166666666666667 0.003125
1 0.20416666666666666 0.4203125 0.004166666666666667 0.003125
1 0.15520833333333334 0.43046875 0.04375 0.0234375
1 0.8125 0.403125 0.004166666666666667 0.00625
1 0.21458333333333332 0.40234375 0.008333333333333333 0.0046875
1 0.95625 0.40703125 0.0375 0.0234375
1 0.9125 0.40546875 0.04583333333333333 0.0234375
1 0.9760416666666667 0.39296875 0.00625 0.0015625
1 0.96875 0.39140625 0.004166666666666667 0.0015625
1 0.98125 0.37890625 0.004166666666666667 0.0046875
1 0.17916666666666667 0.390625 0.0375 0.0375
1 0.21666666666666667 0.3625 0.008333333333333333 0.00625
1 0.7302083333333333 0.3421875 0.0020833333333333333 0.003125
1 0.9052083333333333 0.33984375 0.014583333333333334 0.0109375
1 0.23125 0.3328125 0.004166666666666667 0.003125
1 0.8520833333333333 0.3265625 0.004166666666666667 0.003125
1 0.13020833333333334 0.32421875 0.0020833333333333333 0.0015625
1 0.11875 0.3203125 0.004166666666666667 0.003125
1 0.24166666666666667 0.31875 0.008333333333333333 0.00625
1 0.109375 0.34453125 0.07291666666666667 0.0609375
1 0.23645833333333333 0.31328125 0.0020833333333333333 0.0015625
1 0.10729166666666666 0.31328125 0.0020833333333333333 0.0015625
1 0.940625 0.31171875 0.0020833333333333333 0.0015625
1 0.221875 0.32421875 0.04375 0.0265625
1 0.9979166666666667 0.303125 0.004166666666666667 0.003125
1 0.5541666666666667 0.28671875 0.008333333333333333 0.0046875
1 0.5572916666666666 0.28046875 0.0020833333333333333 0.0015625
1 0.33125 0.28828125 0.029166666666666667 0.0171875
1 0.48020833333333335 0.27734375 0.0020833333333333333 0.0015625
1 0.33229166666666665 0.27421875 0.0020833333333333333 0.0015625
1 0.5927083333333333 0.2734375 0.014583333333333334 0.009375
1 0.584375 0.26328125 0.0020833333333333333 0.0015625
1 0.39375 0.2640625 0.004166666666666667 0.003125
1 0.8020833333333334 0.253125 0.0125 0.00625
1 0.5604166666666667 0.259375 0.008333333333333333 0.01875
1 0.8354166666666667 0.2421875 0.0375 0.015625
1 0.99375 0.18671875 0.004166666666666667 0.0015625
1 0.5989583333333334 0.18046875 0.0020833333333333333 0.0015625
1 0.5052083333333334 0.17421875 0.0020833333333333333 0.0015625
1 0.5239583333333333 0.17109375 0.0020833333333333333 0.0015625
1 0.515625 0.16484375 0.0020833333333333333 0.0015625
1 0.6177083333333333 0.15546875 0.0020833333333333333 0.0015625
1 0.6239583333333333 0.15390625 0.0020833333333333333 0.0015625
1 0.565625 0.15625 0.022916666666666665 0.0125
1 0.5635416666666667 0.13984375 0.0020833333333333333 0.0015625
1 0.6010416666666667 0.1375 0.0020833333333333333 0.003125
1 0.571875 0.13515625 0.00625 0.0046875
1 0.5552083333333333 0.13359375 0.0020833333333333333 0.0015625
1 0.58125 0.13125 0.004166666666666667 0.003125
1 0.8302083333333333 0.12734375 0.0020833333333333333 0.0015625
1 0.63125 0.12734375 0.004166666666666667 0.0046875
1 0.5791666666666667 0.1265625 0.004166666666666667 0.003125
1 0.5614583333333333 0.11953125 0.0020833333333333333 0.0015625
1 0.5572916666666666 0.11640625 0.0020833333333333333 0.0015625
1 0.553125 0.11640625 0.0020833333333333333 0.0015625
1 0.5427083333333333 0.11328125 0.0020833333333333333 0.0015625
1 0.5322916666666667 0.11328125 0.0020833333333333333 0.0015625
1 0.5677083333333334 0.11171875 0.0020833333333333333 0.0015625
1 0.58125 0.1140625 0.020833333333333332 0.0125
1 0.51875 0.11015625 0.004166666666666667 0.0046875
1 0.921875 0.10078125 0.0020833333333333333 0.0015625
1 0.5822916666666667 0.103125 0.010416666666666666 0.00625
1 0.8645833333333334 0.11640625 0.03333333333333333 0.0390625
1 0.5239583333333333 0.09609375 0.0020833333333333333 0.0015625
1 0.565625 0.09375 0.0020833333333333333 0.003125
1 0.5489583333333333 0.10390625 0.052083333333333336 0.0265625
1 0.5552083333333333 0.09140625 0.0020833333333333333 0.0015625
1 0.5677083333333334 0.08828125 0.0020833333333333333 0.0015625
1 0.4239583333333333 0.08828125 0.0020833333333333333 0.0015625
1 0.5770833333333333 0.09375 0.0125 0.015625
1 0.571875 0.08671875 0.0020833333333333333 0.0015625
1 0.43125 0.08671875 0.004166666666666667 0.0015625
1 0.47291666666666665 0.08359375 0.004166666666666667 0.0015625
1 0.4635416666666667 0.084375 0.0020833333333333333 0.003125
1 0.4322916666666667 0.08125 0.00625 0.003125
1 0.4510416666666667 0.07734375 0.0020833333333333333 0.0015625
1 0.55625 0.078125 0.008333333333333333 0.00625
1 0.42604166666666665 0.078125 0.0020833333333333333 0.00625
1 0.834375 0.075 0.00625 0.003125
1 0.81875 0.07265625 0.004166666666666667 0.0015625
1 0.3885416666666667 0.07109375 0.0020833333333333333 0.0015625
1 0.8604166666666667 0.06796875 0.004166666666666667 0.0015625
1 0.440625 0.06953125 0.00625 0.0046875
1 0.8989583333333333 0.06328125 0.0020833333333333333 0.0015625
1 0.4083333333333333 0.06328125 0.004166666666666667 0.0046875
1 0.9947916666666666 0.07109375 0.010416666666666666 0.0234375
1 0.4635416666666667 0.05703125 0.0020833333333333333 0.0015625
1 0.459375 0.05703125 0.0020833333333333333 0.0015625
1 0.4041666666666667 0.05546875 0.004166666666666667 0.0015625
1 0.340625 0.05390625 0.0020833333333333333 0.0015625
1 0.8625 0.06171875 0.075 0.0234375
1 0.5885416666666666 0.053125 0.01875 0.00625
1 0.34270833333333334 0.05078125 0.010416666666666666 0.0015625
1 0.7989583333333333 0.05078125 0.014583333333333334 0.0109375
1 0.4375 0.04453125 0.004166666666666667 0.0015625
1 0.3885416666666667 0.04453125 0.0020833333333333333 0.0015625
1 0.3572916666666667 0.0453125 0.0020833333333333333 0.003125
1 0.7125 0.046875 0.016666666666666666 0.009375
1 0.3729166666666667 0.04609375 0.0125 0.0078125
1 0.4552083333333333 0.0671875 0.15625 0.053125
1 0.38645833333333335 0.03984375 0.010416666666666666 0.0046875
1 0.39479166666666665 0.0375 0.00625 0.003125
1 0.3697916666666667 0.03671875 0.0020833333333333333 0.0015625
1 0.359375 0.0359375 0.00625 0.003125
1 0.390625 0.03203125 0.0020833333333333333 0.0015625
1 0.378125 0.03359375 0.00625 0.0046875
1 0.371875 0.0328125 0.0020833333333333333 0.003125
1 0.36770833333333336 0.03203125 0.0020833333333333333 0.0015625
1 0.3802083333333333 0.02890625 0.0020833333333333333 0.0015625
1 0.7677083333333333 0.02734375 0.00625 0.0015625
1 0.446875 0.028125 0.00625 0.003125
1 0.384375 0.02890625 0.00625 0.0078125
1 0.7489583333333333 0.0296875 0.014583333333333334 0.0125
1 0.7916666666666666 0.0265625 0.0125 0.009375
1 0.365625 0.02109375 0.0020833333333333333 0.0015625
1 0.29791666666666666 0.02265625 0.008333333333333333 0.0078125
1 0.2625 0.01484375 0.004166666666666667 0.0015625
1 0.246875 0.01484375 0.0020833333333333333 0.0015625
1 0.396875 0.015625 0.0020833333333333333 0.00625
1 0.4010416666666667 0.01171875 0.0020833333333333333 0.0015625
1 0.2635416666666667 0.01171875 0.0020833333333333333 0.0015625
1 0.25729166666666664 0.01015625 0.0020833333333333333 0.0015625
1 0.28020833333333334 0.00859375 0.0020833333333333333 0.0015625
1 0.39479166666666665 0.00703125 0.0020833333333333333 0.0015625
1 0.359375 0.0078125 0.0020833333333333333 0.003125
1 0.27395833333333336 0.01171875 0.00625 0.0109375
1 0.24583333333333332 0.009375 0.004166666666666667 0.00625
1 0.34270833333333334 0.00546875 0.0020833333333333333 0.0015625
1 0.3260416666666667 0.00546875 0.0020833333333333333 0.0015625
1 0.2552083333333333 0.00546875 0.0020833333333333333 0.0015625
1 0.3645833333333333 0.00390625 0.004166666666666667 0.0015625
1 0.24895833333333334 0.0046875 0.0020833333333333333 0.003125
1 0.48125 0.00546875 0.008333333333333333 0.0078125
1 0.9291666666666667 0.046875 0.125 0.09375
1 0.7541666666666667 0.0015625 0.008333333333333333 0.003125
1 0.584375 0.278125 0.83125 0.55625
1 0.6041666666666666 0.00390625 0.008333333333333333 0.0078125
1 0.5822916666666667 0.00859375 0.022916666666666665 0.0171875
1 0.528125 0.025 0.04375 0.05
1 0.48541666666666666 0.00234375 0.004166666666666667 0.0046875
1 0.4270833333333333 0.003125 0.008333333333333333 0.00625
1 0.40625 0.015625 0.07083333333333333 0.03125
1 0.3645833333333333 0.00078125 0.004166666666666667 0.0015625
1 0.3572916666666667 0.00078125 0.0020833333333333333 0.0015625
1 0.33645833333333336 0.00234375 0.010416666666666666 0.0046875
1 0.321875 0.0015625 0.00625 0.003125
1 0.3145833333333333 0.00234375 0.004166666666666667 0.0046875
1 0.28020833333333334 0.00390625 0.01875 0.0078125
1 0.24895833333333334 0.00078125 0.0020833333333333333 0.0015625
2 0.9302083333333333 0.99765625 0.0020833333333333333 0.0015625
2 0.90625 0.984375 0.0125 0.009375
2 0.896875 0.97734375 0.00625 0.0078125
2 0.846875 0.9765625 0.01875 0.00625
2 0.8979166666666667 0.965625 0.004166666666666667 0.003125
2 0.8885416666666667 0.96171875 0.0020833333333333333 0.0015625
2 0.8822916666666667 0.9578125 0.0020833333333333333 0.003125
2 0.7447916666666666 0.95078125 0.027083333333333334 0.0171875
2 0.8614583333333333 0.93828125 0.0020833333333333333 0.0015625
2 0.821875 0.91640625 0.0020833333333333333 0.0015625
2 0.7427083333333333 0.9171875 0.00625 0.003125
2 0.9708333333333333 0.91328125 0.004166666666666667 0.0046875
2 0.978125 0.91015625 0.0020833333333333333 0.0015625
2 0.984375 0.90390625 0.0020833333333333333 0.0015625
2 0.9177083333333333 0.90390625 0.00625 0.0015625
2 0.7572916666666667 0.9046875 0.0020833333333333333 0.00625
2 0.9208333333333333 0.9 0.004166666666666667 0.003125
2 0.7270833333333333 0.9078125 0.05416666666666667 0.01875
2 0.9552083333333333 0.89765625 0.0020833333333333333 0.0015625
2 0.9427083333333334 0.89609375 0.01875 0.0078125
2 0.9958333333333333 0.89296875 0.008333333333333333 0.0046875
2 0.94375 0.8890625 0.004166666666666667 0.003125
2 0.8708333333333333 0.94375 0.25833333333333336 0.1125
2 0.83125 0.89140625 0.004166666666666667 0.0078125
2 0.803125 0.88828125 0.027083333333333334 0.0109375
2 0.9510416666666667 0.88203125 0.0020833333333333333 0.0015625
2 0.9479166666666666 0.884375 0.004166666666666667 0.00625
2 0.9364583333333333 0.88203125 0.0020833333333333333 0.0015625
2 0.7583333333333333 0.88359375 0.0125 0.0046875
2 0.7291666666666666 0.88671875 0.058333333333333334 0.0140625
2 0.8125 0.878125 0.004166666666666667 0.003125
2 0.8614583333333333 0.8765625 0.0020833333333333333 0.003125
2 0.7322916666666667 0.87578125 0.0020833333333333333 0.0015625
2 0.8677083333333333 0.87734375 0.00625 0.0078125
2 0.9541666666666667 0.87109375 0.004166666666666667 0.0015625
2 0.965625 0.86484375 0.0020833333333333333 0.0015625
2 0.9489583333333333 0.86171875 0.0020833333333333333 0.0015625
2 0.7333333333333333 0.86953125 0.029166666666666667 0.0171875
2 0.865625 0.85859375 0.0020833333333333333 0.0015625
2 0.8708333333333333 0.85234375 0.004166666666666667 0.0015625
2 0.88125 0.8515625 0.004166666666666667 0.003125
2 0.8760416666666667 0.85078125 0.0020833333333333333 0.0015625
2 0.8645833333333334 0.84921875 0.004166666666666667 0.0046875
2 0.96875 0.8734375 0.0625 0.059375
2 0.9260416666666667 0.85234375 0.01875 0.0171875
2 0.7697916666666667 0.846875 0.010416666666666666 0.00625
2 0.9197916666666667 0.84296875 0.0020833333333333333 0.0015625
2 0.8864583333333333 0.84296875 0.0020833333333333333 0.0015625
2 0.8822916666666667 0.84296875 0.0020833333333333333 0.0015625
2 0.9260416666666667 0.8421875 0.00625 0.003125
2 0.9083333333333333 0.846875 0.016666666666666666 0.0125
2 0.7697916666666667 0.84140625 0.0020833333333333333 0.0015625
2 0.875 0.84296875 0.004166666666666667 0.0078125
2 0.9979166666666667 0.83984375 0.004166666666666667 0.0046875
2 0.94375 0.8171875 0.004166666666666667 0.00625
2 0.375 0.63203125 0.008333333333333333 0.0109375
2 0.3625 0.62265625 0.008333333333333333 0.0046875
2 0.45416666666666666 0.6109375 0.008333333333333333 0.009375
2 0.46979166666666666 0.6015625 0.01875 0.009375
2 0.5072916666666667 0.58984375 0.0020833333333333333 0.0015625
2 0.31979166666666664 0.596875 0.07708333333333334 0.04375
2 0.27291666666666664 0.5734375 0.0125 0.003125
2 0.19375 0.5578125 0.008333333333333333 0.003125
2 0.21875 0.553125 0.004166666666666667 0.003125
2 0.234375 0.54765625 0.0020833333333333333 0.0015625
2 0.23229166666666667 0.54453125 0.0020833333333333333 0.0015625
2 0.21770833333333334 0.54296875 0.0020833333333333333 0.0015625
2 0.23125 0.540625 0.004166666666666667 0.003125
2 0.20520833333333333 0.54140625 0.0020833333333333333 0.0046875
2 0.209375 0.53828125 0.0020833333333333333 0.0015625
2 0.18020833333333333 0.53828125 0.0020833333333333333 0.0015625
2 0.20520833333333333 0.53671875 0.0020833333333333333 0.0015625
2 0.18541666666666667 0.53671875 0.004166666666666667 0.0015625
2 0.21770833333333334 0.5375 0.00625 0.00625
2 0.24479166666666666 0.54453125 0.022916666666666665 0.0234375
2 0.3177083333333333 0.53203125 0.0020833333333333333 0.0015625
2 0.215625 0.53203125 0.0020833333333333333 0.0015625
2 0.19895833333333332 0.53203125 0.0020833333333333333 0.0015625
2 0.32395833333333335 0.5296875 0.00625 0.00625
2 0.3697916666666667 0.5265625 0.00625 0.00625
2 0.296875 0.52421875 0.0020833333333333333 0.0015625
2 0.321875 0.52265625 0.0020833333333333333 0.0015625
2 0.17291666666666666 0.53046875 0.029166666666666667 0.0171875
2 0.3072916666666667 0.521875 0.00625 0.00625
2 0.30520833333333336 0.51640625 0.0020833333333333333 0.0015625
2 0.5302083333333333 0.5078125 0.0020833333333333333 0.003125
2 0.171875 0.503125 0.0020833333333333333 0.003125
2 0.13854166666666667 0.4953125 0.0020833333333333333 0.003125
2 0.13229166666666667 0.49453125 0.0020833333333333333 0.0015625
2 0.12395833333333334 0.49296875 0.00625 0.0015625
2 0.1375 0.50078125 0.041666666666666664 0.0234375
2 0.4739583333333333 0.4859375 0.014583333333333334 0.009375
2 0.1375 0.471875 0.004166666666666667 0.003125
2 0.6895833333333333 0.4640625 0.016666666666666666 0.009375
2 0.12916666666666668 0.46171875 0.004166666666666667 0.0046875
2 0.2760416666666667 0.46015625 0.03125 0.0296875
2 0.6916666666666667 0.44296875 0.025 0.0109375
2 0.7197916666666667 0.43671875 0.010416666666666666 0.0109375
2 0.7645833333333333 0.428125 0.008333333333333333 0.00625
2 0.16979166666666667 0.4265625 0.00625 0.003125
2 0.21666666666666667 0.46171875 0.0875 0.0765625
2 0.6947916666666667 0.42265625 0.0020833333333333333 0.0015625
2 0.14479166666666668 0.425 0.022916666666666665 0.0125
2 0.9625 0.41015625 0.016666666666666666 0.0078125
2 0.9197916666666667 0.403125 0.027083333333333334 0.0125
2 0.790625 0.39296875 0.0020833333333333333 0.0015625
2 0.9802083333333333 0.378125 0.0020833333333333333 0.003125
2 0.840625 0.37734375 0.0020833333333333333 0.0015625
2 0.965625 0.37578125 0.0020833333333333333 0.0015625
2 0.23854166666666668 0.38515625 0.027083333333333334 0.0203125
2 0.13229166666666667 0.37421875 0.0020833333333333333 0.0015625
2 0.128125 0.37421875 0.0020833333333333333 0.0015625
2 0.13020833333333334 0.3703125 0.0020833333333333333 0.003125
2 0.965625 0.36796875 0.0020833333333333333 0.0015625
2 0.17708333333333334 0.37578125 0.03333333333333333 0.0265625
2 0.16979166666666667 0.36328125 0.0020833333333333333 0.0015625
2 0.14166666666666666 0.36015625 0.008333333333333333 0.0109375
2 0.11458333333333333 0.35625 0.004166666666666667 0.00625
2 0.11979166666666667 0.34296875 0.0020833333333333333 0.0046875
2 0.12916666666666668 0.35 0.016666666666666666 0.025
2 0.13229166666666667 0.33671875 0.0020833333333333333 0.0015625
2 0.115625 0.33515625 0.0020833333333333333 0.0015625
2 0.12395833333333334 0.33203125 0.0020833333333333333 0.0015625
2 0.12708333333333333 0.3296875 0.004166666666666667 0.003125
2 0.115625 0.32578125 0.0020833333333333333 0.0015625
2 0.103125 0.3421875 0.01875 0.034375
2 0.08020833333333334 0.33203125 0.010416666666666666 0.0140625
2 0.22708333333333333 0.32265625 0.008333333333333333 0.0015625
2 0.23958333333333334 0.31875 0.008333333333333333 0.00625
2 0.10729166666666666 0.31875 0.010416666666666666 0.009375
2 0.23645833333333333 0.31328125 0.0020833333333333333 0.0015625
2 0.21041666666666667 0.3140625 0.008333333333333333 0.003125
2 0.10729166666666666 0.31328125 0.0020833333333333333 0.0015625
2 0.534375 0.27265625 0.00625 0.0046875
2 0.471875 0.26640625 0.0020833333333333333 0.0015625
2 0.47708333333333336 0.26328125 0.004166666666666667 0.0015625
2 0.9979166666666667 0.225 0.004166666666666667 0.003125
2 0.5145833333333333 0.23359375 0.020833333333333332 0.0328125
2 0.49270833333333336 0.22421875 0.022916666666666665 0.0296875
2 0.5770833333333333 0.21328125 0.008333333333333333 0.0140625
2 0.571875 0.20703125 0.0020833333333333333 0.0015625
2 0.9989583333333333 0.13828125 0.0020833333333333333 0.0015625
2 0.996875 0.1328125 0.00625 0.003125
2 0.58125 0.13125 0.004166666666666667 0.003125
2 0.9947916666666666 0.12734375 0.010416666666666666 0.0046875
2 0.565625 0.12265625 0.0020833333333333333 0.0015625
2 0.5322916666666667 0.11328125 0.0020833333333333333 0.0015625
2 0.51875 0.11015625 0.004166666666666667 0.0046875
2 0.5947916666666667 0.10078125 0.0020833333333333333 0.0015625
2 0.5854166666666667 0.1015625 0.016666666666666666 0.009375
2 0.615625 0.09609375 0.0020833333333333333 0.0015625
2 0.5239583333333333 0.09609375 0.0020833333333333333 0.0015625
2 0.5958333333333333 0.09453125 0.004166666666666667 0.0015625
2 0.565625 0.09375 0.0020833333333333333 0.003125
2 0.6385416666666667 0.0921875 0.00625 0.003125
2 0.6229166666666667 0.09140625 0.004166666666666667 0.0015625
2 0.5989583333333334 0.09140625 0.0020833333333333333 0.0015625
2 0.5489583333333333 0.10390625 0.052083333333333336 0.0265625
2 0.5552083333333333 0.09140625 0.0020833333333333333 0.0015625
2 0.996875 0.08984375 0.0020833333333333333 0.0015625
2 0.55 0.090625 0.004166666666666667 0.003125
2 0.48125 0.0921875 0.008333333333333333 0.00625
2 0.5677083333333334 0.08828125 0.0020833333333333333 0.0015625
2 0.4864583333333333 0.08828125 0.0020833333333333333 0.0015625
2 0.6333333333333333 0.08515625 0.004166666666666667 0.0015625
2 0.6072916666666667 0.08515625 0.0020833333333333333 0.0015625
2 0.6572916666666667 0.08359375 0.0020833333333333333 0.0015625
2 0.6385416666666667 0.08359375 0.0020833333333333333 0.0015625
2 0.503125 0.08359375 0.0020833333333333333 0.0015625
2 0.47291666666666665 0.08359375 0.004166666666666667 0.0015625
2 0.4625 0.084375 0.004166666666666667 0.003125
2 0.46041666666666664 0.0796875 0.016666666666666666 0.009375
2 0.6385416666666667 0.07421875 0.0020833333333333333 0.0015625
2 0.43020833333333336 0.07265625 0.00625 0.0046875
2 0.43854166666666666 0.06953125 0.0020833333333333333 0.0046875
2 0.45729166666666665 0.0625 0.0020833333333333333 0.003125
2 0.4083333333333333 0.06328125 0.004166666666666667 0.0046875
2 0.3875 0.0625 0.004166666666666667 0.003125
2 0.4114583333333333 0.05859375 0.0020833333333333333 0.0015625
2 0.459375 0.05703125 0.0020833333333333333 0.0015625
2 0.38645833333333335 0.05703125 0.0020833333333333333 0.0015625
2 0.4041666666666667 0.05546875 0.004166666666666667 0.0015625
2 0.45416666666666666 0.05390625 0.004166666666666667 0.0015625
2 0.43854166666666666 0.05390625 0.0020833333333333333 0.0015625
2 0.4666666666666667 0.05390625 0.008333333333333333 0.0078125
2 0.3854166666666667 0.05078125 0.004166666666666667 0.0015625
2 0.5177083333333333 0.04921875 0.0020833333333333333 0.0015625
2 0.5135416666666667 0.05 0.0020833333333333333 0.003125
2 0.44375 0.05546875 0.016666666666666666 0.0140625
2 0.521875 0.04609375 0.0020833333333333333 0.0015625
2 0.3885416666666667 0.04453125 0.0020833333333333333 0.0015625
2 0.46770833333333334 0.04296875 0.0020833333333333333 0.0015625
2 0.3729166666666667 0.04609375 0.0125 0.0078125
2 0.4375 0.04296875 0.004166666666666667 0.0046875
2 0.4822916666666667 0.03828125 0.0020833333333333333 0.0015625
2 0.38645833333333335 0.03984375 0.010416666666666666 0.0046875
2 0.39479166666666665 0.0375 0.00625 0.003125
2 0.3697916666666667 0.03671875 0.0020833333333333333 0.0015625
2 0.440625 0.034375 0.00625 0.003125
2 0.465625 0.02734375 0.0020833333333333333 0.0015625
2 0.39895833333333336 0.02890625 0.0020833333333333333 0.0046875
2 0.5010416666666667 0.021875 0.0020833333333333333 0.003125
2 0.49375 0.02578125 0.008333333333333333 0.0109375
2 0.4666666666666667 0.03203125 0.04583333333333333 0.0234375
2 0.3875 0.021875 0.004166666666666667 0.00625
2 0.765625 0.01640625 0.0020833333333333333 0.0015625
2 0.3854166666666667 0.015625 0.004166666666666667 0.003125
2 0.2625 0.01484375 0.004166666666666667 0.0015625
2 0.4791666666666667 0.01328125 0.004166666666666667 0.0015625
2 0.27395833333333336 0.01171875 0.0020833333333333333 0.0015625
2 0.415625 0.03359375 0.052083333333333336 0.0515625
2 0.28020833333333334 0.00859375 0.0020833333333333333 0.0015625
2 0.49166666666666664 0.0078125 0.004166666666666667 0.003125
2 0.359375 0.0078125 0.0020833333333333333 0.003125
2 0.34270833333333334 0.00546875 0.0020833333333333333 0.0015625
2 0.3645833333333333 0.00390625 0.004166666666666667 0.0015625
2 0.48333333333333334 0.01015625 0.020833333333333332 0.0171875
2 0.46458333333333335 0.00234375 0.004166666666666667 0.0015625
2 0.9739583333333334 0.00078125 0.0020833333333333333 0.0015625
2 0.6052083333333333 0.27109375 0.7895833333333333 0.5421875
2 0.48541666666666666 0.00234375 0.004166666666666667 0.0046875
2 0.4552083333333333 0.00078125 0.0020833333333333333 0.0015625
2 0.43645833333333334 0.003125 0.00625 0.00625
2 0.42916666666666664 0.003125 0.004166666666666667 0.00625
2 0.4114583333333333 0.00078125 0.0020833333333333333 0.0015625
2 0.3854166666666667 0.00859375 0.03333333333333333 0.0171875
2 0.3645833333333333 0.00078125 0.004166666666666667 0.0015625
2 0.3572916666666667 0.00078125 0.0020833333333333333 0.0015625
2 0.33645833333333336 0.00234375 0.010416666666666666 0.0046875
