0 0.5885416666666666 0.60390625 0.00625 0.0046875
0 0.5822916666666667 0.603125 0.0020833333333333333 0.00625
0 0.6114583333333333 0.59765625 0.03958333333333333 0.0265625
0 0.140625 0.55703125 0.010416666666666666 0.0046875
0 0.540625 0.53515625 0.0020833333333333333 0.0015625
0 0.5177083333333333 0.53359375 0.0020833333333333333 0.0015625
0 0.5125 0.525 0.0125 0.0125
0 0.21666666666666667 0.5546875 0.05416666666666667 0.084375
0 0.4979166666666667 0.509375 0.004166666666666667 0.003125
0 0.515625 0.5109375 0.01875 0.0125
0 0.6375 0.5015625 0.016666666666666666 0.003125
0 0.11770833333333333 0.478125 0.010416666666666666 0.00625
0 0.096875 0.47734375 0.00625 0.0046875
0 0.5885416666666666 0.4875 0.06458333333333334 0.028125
0 0.2677083333333333 0.46171875 0.0020833333333333333 0.0015625
0 0.140625 0.47109375 0.014583333333333334 0.0203125
0 0.09166666666666666 0.46640625 0.008333333333333333 0.0140625
0 0.1125 0.46015625 0.025 0.0046875
0 0.6520833333333333 0.45390625 0.004166666666666667 0.0046875
0 0.66875 0.453125 0.008333333333333333 0.00625
0 0.6291666666666667 0.4484375 0.008333333333333333 0.00625
0 0.29375 0.475 0.07916666666666666 0.065625
0 0.5197916666666667 0.43984375 0.00625 0.0046875
0 0.4322916666666667 0.4359375 0.0020833333333333333 0.003125
0 0.215625 0.43828125 0.03125 0.0078125
0 0.4583333333333333 0.4453125 0.1 0.0375
0 0.4395833333333333 0.4234375 0.0125 0.003125
0 0.6322916666666667 0.42890625 0.03125 0.0171875
0 0.128125 0.39296875 0.0020833333333333333 0.0015625
0 0.13229166666666667 0.38984375 0.0020833333333333333 0.0015625
0 0.634375 0.3859375 0.0020833333333333333 0.009375
0 0.615625 0.384375 0.00625 0.00625
0 0.634375 0.37265625 0.0020833333333333333 0.0015625
0 0.7072916666666667 0.3671875 0.014583333333333334 0.003125
0 0.325 0.36640625 0.004166666666666667 0.0015625
0 0.4791666666666667 0.365625 0.008333333333333333 0.00625
0 0.803125 0.35859375 0.0020833333333333333 0.0015625
0 0.6666666666666666 0.37890625 0.0375 0.0421875
0 0.8635416666666667 0.35234375 0.0020833333333333333 0.0015625
0 0.596875 0.35078125 0.0020833333333333333 0.0015625
0 0.425 0.3671875 0.09166666666666666 0.046875
0 0.6072916666666667 0.34296875 0.0020833333333333333 0.0015625
0 0.878125 0.3421875 0.00625 0.003125
0 0.5864583333333333 0.34140625 0.0020833333333333333 0.0015625
0 0.22395833333333334 0.3296875 0.00625 0.003125
0 0.46979166666666666 0.32890625 0.027083333333333334 0.0078125
0 0.86875 0.32421875 0.004166666666666667 0.0015625
0 0.5447916666666667 0.32421875 0.0020833333333333333 0.0015625
0 0.540625 0.32265625 0.0020833333333333333 0.0015625
0 0.509375 0.31640625 0.0020833333333333333 0.0015625
0 0.4875 0.31875 0.0375 0.015625
0 0.8864583333333333 0.30390625 0.0020833333333333333 0.0015625
0 0.509375 0.30234375 0.0020833333333333333 0.0015625
0 0.8697916666666666 0.3015625 0.0020833333333333333 0.003125
0 0.8729166666666667 0.31015625 0.05416666666666667 0.0203125
0 0.9114583333333334 0.30390625 0.027083333333333334 0.0109375
0 0.9364583333333333 0.29921875 0.00625 0.0046875
0 0.909375 0.29765625 0.0020833333333333333 0.0015625
0 0.3489583333333333 0.29765625 0.0020833333333333333 0.0015625
0 0.8520833333333333 0.296875 0.004166666666666667 0.003125
0 0.921875 0.2921875 0.00625 0.00625
0 0.9114583333333334 0.2921875 0.010416666666666666 0.00625
0 0.5614583333333333 0.3015625 0.027083333333333334 0.025
0 0.915625 0.28828125 0.0020833333333333333 0.0015625
0 0.8458333333333333 0.2921875 0.004166666666666667 0.009375
0 0.9072916666666667 0.28671875 0.0020833333333333333 0.0015625
0 0.8739583333333333 0.2921875 0.035416666666666666 0.0125
0 0.3416666666666667 0.28671875 0.004166666666666667 0.0015625
0 0.8885416666666667 0.28515625 0.0020833333333333333 0.0015625
0 0.33645833333333336 0.28515625 0.0020833333333333333 0.0015625
0 0.8979166666666667 0.2890625 0.0125 0.0125
0 0.8802083333333334 0.284375 0.00625 0.003125
0 0.865625 0.28359375 0.0020833333333333333 0.0015625
0 0.8541666666666666 0.2875 0.004166666666666667 0.009375
0 0.8625 0.28359375 0.004166666666666667 0.0078125
0 0.8197916666666667 0.28046875 0.0020833333333333333 0.0015625
0 0.8760416666666667 0.2796875 0.0020833333333333333 0.003125
0 0.8541666666666666 0.2796875 0.004166666666666667 0.003125
0 0.8697916666666666 0.2796875 0.0020833333333333333 0.00625
0 0.79375 0.278125 0.004166666666666667 0.003125
0 0.8760416666666667 0.27578125 0.0020833333333333333 0.0015625
0 0.8479166666666667 0.278125 0.004166666666666667 0.00625
0 0.34479166666666666 0.28203125 0.010416666666666666 0.0140625
0 0.36666666666666664 0.2796875 0.008333333333333333 0.0125
0 0.853125 0.27109375 0.0020833333333333333 0.0015625
0 0.8385416666666666 0.27265625 0.0020833333333333333 0.0046875
0 0.8083333333333333 0.271875 0.008333333333333333 0.003125
0 0.5145833333333333 0.2703125 0.004166666666666667 0.003125
0 0.8395833333333333 0.26796875 0.004166666666666667 0.0015625
0 0.8114583333333333 0.26796875 0.0020833333333333333 0.0015625
0 0.203125 0.26796875 0.0020833333333333333 0.0015625
0 0.821875 0.27421875 0.010416666666666666 0.0171875
0 0.8427083333333333 0.26328125 0.0020833333333333333 0.0015625
0 0.671875 0.26328125 0.0020833333333333333 0.0015625
0 0.20625 0.2640625 0.004166666666666667 0.003125
0 0.8291666666666667 0.2625 0.004166666666666667 0.003125
0 0.215625 0.26171875 0.0020833333333333333 0.0015625
0 0.20104166666666667 0.26171875 0.0020833333333333333 0.0015625
0 0.8177083333333334 0.259375 0.0020833333333333333 0.003125
0 0.79375 0.26171875 0.008333333333333333 0.0078125
0 0.8375 0.25859375 0.008333333333333333 0.0046875
0 0.27291666666666664 0.33984375 0.16666666666666666 0.1671875
0 0.19583333333333333 0.259375 0.008333333333333333 0.00625
0 0.8177083333333334 0.25546875 0.0020833333333333333 0.0015625
0 0.7697916666666667 0.25625 0.00625 0.003125
0 0.8260416666666667 0.25390625 0.0020833333333333333 0.0015625
0 0.7677083333333333 0.2515625 0.00625 0.003125
0 0.8291666666666667 0.25 0.004166666666666667 0.003125
0 0.8010416666666667 0.25078125 0.010416666666666666 0.0046875
0 0.784375 0.24921875 0.0020833333333333333 0.0015625
0 0.8072916666666666 0.259375 0.014583333333333334 0.025
0 0.271875 0.2515625 0.014583333333333334 0.009375
0 0.24895833333333334 0.24765625 0.0020833333333333333 0.0015625
0 0.7822916666666667 0.2453125 0.00625 0.003125
0 0.79375 0.24609375 0.0125 0.0078125
0 0.4947916666666667 0.2546875 0.05625 0.025
0 0.24166666666666667 0.24375 0.004166666666666667 0.003125
0 0.8 0.23984375 0.004166666666666667 0.0015625
0 0.7947916666666667 0.23984375 0.0020833333333333333 0.0015625
0 0.5822916666666667 0.23984375 0.0020833333333333333 0.0015625
0 0.809375 0.23828125 0.0020833333333333333 0.0015625
0 0.7541666666666667 0.246875 0.020833333333333332 0.021875
0 0.5864583333333333 0.23671875 0.00625 0.0046875
0 0.7510416666666667 0.234375 0.0020833333333333333 0.003125
0 0.734375 0.23359375 0.0020833333333333333 0.0015625
0 0.24270833333333333 0.23515625 0.010416666666666666 0.0046875
0 0.7447916666666666 0.23359375 0.00625 0.0046875
0 0.7604166666666666 0.23203125 0.004166666666666667 0.0046875
0 0.734375 0.23046875 0.0020833333333333333 0.0015625
0 0.22708333333333333 0.24453125 0.041666666666666664 0.0296875
0 0.7479166666666667 0.2296875 0.004166666666666667 0.003125
0 0.23229166666666667 0.22890625 0.0020833333333333333 0.0015625
0 0.71875 0.22734375 0.004166666666666667 0.0046875
0 0.75 0.225 0.004166666666666667 0.003125
0 0.7447916666666666 0.221875 0.0020833333333333333 0.003125
0 0.7385416666666667 0.23984375 0.014583333333333334 0.0390625
0 0.7739583333333333 0.21953125 0.0020833333333333333 0.0015625
0 0.5177083333333333 0.21953125 0.0020833333333333333 0.0015625
0 0.7427083333333333 0.21796875 0.0020833333333333333 0.0015625
0 0.721875 0.21640625 0.0020833333333333333 0.0015625
0 0.7520833333333333 0.21796875 0.008333333333333333 0.0078125
0 0.7708333333333334 0.21484375 0.004166666666666667 0.0046875
0 0.765625 0.21328125 0.0020833333333333333 0.0046875
0 0.759375 0.2140625 0.00625 0.00625
0 0.5197916666666667 0.21484375 0.010416666666666666 0.0078125
0 0.8125 0.28515625 0.12083333333333333 0.1515625
0 0.24583333333333332 0.21953125 0.05416666666666667 0.0296875
0 0.7322916666666667 0.20390625 0.0020833333333333333 0.0015625
0 0.446875 0.209375 0.014583333333333334 0.0125
0 0.63125 0.203125 0.004166666666666667 0.00625
0 0.603125 0.19765625 0.0020833333333333333 0.0015625
0 0.18541666666666667 0.19765625 0.004166666666666667 0.0015625
0 0.725 0.1984375 0.020833333333333332 0.00625
0 0.7114583333333333 0.196875 0.0020833333333333333 0.00625
0 0.6895833333333333 0.190625 0.004166666666666667 0.003125
0 0.7072916666666667 0.18828125 0.00625 0.0015625
0 0.6885416666666667 0.18671875 0.0020833333333333333 0.0015625
0 0.7010416666666667 0.18515625 0.0020833333333333333 0.0015625
0 0.6927083333333334 0.18359375 0.0020833333333333333 0.0015625
0 0.696875 0.18046875 0.0020833333333333333 0.0015625
0 0.496875 0.17890625 0.0020833333333333333 0.0015625
0 0.6885416666666667 0.17578125 0.0020833333333333333 0.0015625
0 0.675 0.2171875 0.10833333333333334 0.09375
0 0.5010416666666667 0.17109375 0.0020833333333333333 0.0015625
0 0.509375 0.16640625 0.0020833333333333333 0.0015625
0 0.5072916666666667 0.16328125 0.0020833333333333333 0.0015625
0 0.5177083333333333 0.15859375 0.0020833333333333333 0.0015625
0 0.5072916666666667 0.15859375 0.0020833333333333333 0.0015625
0 0.21979166666666666 0.15078125 0.0020833333333333333 0.0015625
0 0.21979166666666666 0.14609375 0.0020833333333333333 0.0015625
0 0.5072916666666667 0.14453125 0.0020833333333333333 0.0015625
0 0.5114583333333333 0.14375 0.00625 0.00625
0 0.5697916666666667 0.14375 0.00625 0.0125
0 0.5145833333333333 0.13828125 0.004166666666666667 0.0015625
0 0.509375 0.13828125 0.0020833333333333333 0.0015625
0 0.17916666666666667 0.1359375 0.004166666666666667 0.003125
0 0.5145833333333333 0.13125 0.004166666666666667 0.003125
0 0.5854166666666667 0.1375 0.0125 0.01875
0 0.5145833333333333 0.12734375 0.004166666666666667 0.0015625
0 0.49166666666666664 0.128125 0.004166666666666667 0.003125
0 0.23020833333333332 0.14765625 0.08125 0.0421875
0 0.171875 0.12734375 0.0020833333333333333 0.0015625
0 0.153125 0.12578125 0.0020833333333333333 0.0015625
0 0.17395833333333333 0.12421875 0.0020833333333333333 0.0015625
0 0.16875 0.1234375 0.004166666666666667 0.003125
0 0.5208333333333334 0.12265625 0.004166666666666667 0.0046875
0 0.515625 0.12109375 0.0020833333333333333 0.0015625
0 0.5135416666666667 0.11796875 0.0020833333333333333 0.0015625
0 0.4 0.1265625 0.025 0.028125
0 0.5322916666666667 0.16015625 0.03958333333333333 0.0984375
0 0.521875 0.11015625 0.0020833333333333333 0.0015625
0 0.40520833333333334 0.08984375 0.0020833333333333333 0.0015625
0 0.4166666666666667 0.0953125 0.041666666666666664 0.01875
0 0.403125 0.08515625 0.0020833333333333333 0.0015625
0 0.421875 0.08359375 0.0020833333333333333 0.0015625
0 0.41770833333333335 0.08203125 0.0020833333333333333 0.0015625
0 0.4010416666666667 0.08125 0.0020833333333333333 0.003125
0 0.390625 0.08125 0.0020833333333333333 0.003125
0 0.40520833333333334 0.07421875 0.0020833333333333333 0.0015625
0 0.415625 0.07578125 0.014583333333333334 0.0078125
0 0.39791666666666664 0.07890625 0.0125 0.0171875
0 0.409375 0.06953125 0.0020833333333333333 0.0015625
0 0.396875 0.06953125 0.0020833333333333333 0.0015625
0 0.4166666666666667 0.0671875 0.004166666666666667 0.003125
0 0.409375 0.06640625 0.0020833333333333333 0.0015625
0 0.39895833333333336 0.0671875 0.00625 0.003125
0 0.5197916666666667 0.06328125 0.0020833333333333333 0.0015625
0 0.39895833333333336 0.06171875 0.0020833333333333333 0.0015625
0 0.521875 0.06015625 0.0020833333333333333 0.0015625
0 0.26145833333333335 0.05859375 0.0020833333333333333 0.0015625
0 0.5125 0.0578125 0.004166666666666667 0.00625
0 0.346875 0.05546875 0.0020833333333333333 0.0015625
0 0.32083333333333336 0.05625 0.004166666666666667 0.003125
0 0.5447916666666667 0.05234375 0.0020833333333333333 0.0015625
0 0.353125 0.04921875 0.0020833333333333333 0.0015625
0 0.346875 0.04921875 0.0020833333333333333 0.0015625
0 0.553125 0.04765625 0.0020833333333333333 0.0015625
0 0.30833333333333335 0.05 0.016666666666666666 0.009375
0 0.5583333333333333 0.04453125 0.004166666666666667 0.0046875
0 0.5489583333333333 0.0453125 0.00625 0.00625
0 0.5364583333333334 0.04296875 0.0020833333333333333 0.0015625
0 0.553125 0.03984375 0.0020833333333333333 0.0015625
0 0.5302083333333333 0.03984375 0.0020833333333333333 0.0015625
0 0.5427083333333333 0.03828125 0.0020833333333333333 0.0015625
0 0.5197916666666667 0.03828125 0.0020833333333333333 0.0015625
0 0.384375 0.03828125 0.0020833333333333333 0.0015625
0 0.5385416666666667 0.03515625 0.0020833333333333333 0.0015625
0 0.303125 0.0359375 0.0020833333333333333 0.003125
0 0.4510416666666667 0.03203125 0.0020833333333333333 0.0015625
0 0.390625 0.03203125 0.0020833333333333333 0.0015625
0 0.3489583333333333 0.03046875 0.0020833333333333333 0.0015625
0 0.5697916666666667 0.03671875 0.06041666666666667 0.0234375
0 0.346875 0.0265625 0.00625 0.003125
0 0.38125 0.0265625 0.004166666666666667 0.00625
0 0.390625 0.02578125 0.010416666666666666 0.0078125
0 0.15833333333333333 0.0375 0.058333333333333334 0.03125
0 0.38645833333333335 0.02109375 0.0020833333333333333 0.0015625
0 0.409375 0.03984375 0.035416666666666666 0.0421875
0 0.37604166666666666 0.0203125 0.0020833333333333333 0.003125
0 0.45625 0.0265625 0.020833333333333332 0.01875
0 0.3260416666666667 0.01796875 0.0020833333333333333 0.0015625
0 0.396875 0.01640625 0.0020833333333333333 0.0015625
0 0.33645833333333336 0.01484375 0.0020833333333333333 0.0015625
0 0.446875 0.01171875 0.0020833333333333333 0.0015625
0 0.33229166666666665 0.01640625 0.014583333333333334 0.0140625
0 0.32395833333333335 0.01015625 0.0020833333333333333 0.0015625
0 0.453125 0.009375 0.00625 0.00625
0 0.31875 0.01171875 0.008333333333333333 0.0109375
0 0.4239583333333333 0.00234375 0.0020833333333333333 0.0015625
0 0.4197916666666667 0.00078125 0.0020833333333333333 0.0015625
0 0.275 0.0296875 0.07916666666666666 0.059375
0 0.23541666666666666 0.01796875 0.016666666666666666 0.0359375
1 0.46145833333333336 0.66796875 0.0020833333333333333 0.0015625
1 0.44375 0.65546875 0.004166666666666667 0.0015625
1 0.2989583333333333 0.64921875 0.0020833333333333333 0.0015625
1 0.30833333333333335 0.6375 0.004166666666666667 0.00625
1 0.30104166666666665 0.63515625 0.0020833333333333333 0.0015625
1 0.3697916666666667 0.63046875 0.0020833333333333333 0.0015625
1 0.30833333333333335 0.62578125 0.004166666666666667 0.0015625
1 0.309375 0.59765625 0.0020833333333333333 0.0015625
1 0.3177083333333333 0.59140625 0.010416666666666666 0.0046875
1 0.190625 0.57109375 0.0020833333333333333 0.0015625
1 0.315625 0.56796875 0.0020833333333333333 0.0015625
1 0.109375 0.56796875 0.0020833333333333333 0.0015625
1 0.08333333333333333 0.5671875 0.016666666666666666 0.00625
1 0.315625 0.56328125 0.0020833333333333333 0.0015625
1 0.15729166666666666 0.56328125 0.0020833333333333333 0.0015625
1 0.18125 0.56015625 0.004166666666666667 0.0046875
1 0.16770833333333332 0.55859375 0.0020833333333333333 0.0015625
1 0.24895833333333334 0.55703125 0.0020833333333333333 0.0015625
1 0.17395833333333333 0.55859375 0.00625 0.0046875
1 0.31875 0.5546875 0.0125 0.015625
1 0.05625 0.5390625 0.004166666666666667 0.00625
1 0.24166666666666667 0.51953125 0.016666666666666666 0.0140625
1 0.39895833333333336 0.51171875 0.0020833333333333333 0.0015625
1 0.2791666666666667 0.515625 0.041666666666666664 0.0125
1 0.34375 0.5125 0.0125 0.0125
1 0.8697916666666666 0.50234375 0.0020833333333333333 0.0015625
1 0.371875 0.50234375 0.0020833333333333333 0.0015625
1 0.88125 0.50078125 0.004166666666666667 0.0015625
1 0.25625 0.50234375 0.008333333333333333 0.0046875
1 0.9072916666666667 0.49921875 0.0020833333333333333 0.0015625
1 0.30625 0.49765625 0.004166666666666667 0.0015625
1 0.11354166666666667 0.496875 0.00625 0.003125
1 0.10729166666666666 0.496875 0.0020833333333333333 0.003125
1 0.10104166666666667 0.49609375 0.0020833333333333333 0.0015625
1 0.30833333333333335 0.49453125 0.004166666666666667 0.0015625
1 0.09583333333333334 0.48671875 0.008333333333333333 0.0078125
1 0.5260416666666666 0.48203125 0.00625 0.0046875
1 0.13125 0.521875 0.17083333333333334 0.084375
1 0.24583333333333332 0.4828125 0.004166666666666667 0.009375
1 0.16041666666666668 0.47734375 0.004166666666666667 0.0015625
1 0.8572916666666667 0.4765625 0.00625 0.003125
1 0.5635416666666667 0.478125 0.00625 0.00625
1 0.24375 0.47421875 0.004166666666666667 0.0015625
1 0.5270833333333333 0.475 0.008333333333333333 0.00625
1 0.08229166666666667 0.46875 0.0020833333333333333 0.003125
1 0.246875 0.46640625 0.00625 0.0078125
1 0.084375 0.4578125 0.0020833333333333333 0.003125
1 0.815625 0.45546875 0.0020833333333333333 0.0015625
1 0.809375 0.45546875 0.00625 0.0046875
1 0.12291666666666666 0.45390625 0.004166666666666667 0.0015625
1 0.10833333333333334 0.45390625 0.004166666666666667 0.0015625
1 0.103125 0.45390625 0.0020833333333333333 0.0015625
1 0.09791666666666667 0.45390625 0.004166666666666667 0.0015625
1 0.5583333333333333 0.46796875 0.03333333333333333 0.0328125
1 0.06979166666666667 0.453125 0.0020833333333333333 0.003125
1 0.25729166666666664 0.45546875 0.014583333333333334 0.0109375
1 0.10833333333333334 0.45078125 0.004166666666666667 0.0015625
1 0.8 0.45234375 0.008333333333333333 0.0078125
1 0.2677083333333333 0.44921875 0.0020833333333333333 0.0015625
1 0.16041666666666668 0.44921875 0.004166666666666667 0.0015625
1 0.19166666666666668 0.4484375 0.016666666666666666 0.003125
1 0.134375 0.44765625 0.0020833333333333333 0.0015625
1 0.12708333333333333 0.4484375 0.008333333333333333 0.003125
1 0.7979166666666667 0.44609375 0.004166666666666667 0.0015625
1 0.55625 0.4484375 0.008333333333333333 0.00625
1 0.23125 0.44609375 0.004166666666666667 0.0015625
1 0.22291666666666668 0.44609375 0.004166666666666667 0.0015625
1 0.609375 0.4453125 0.00625 0.00625
1 0.24270833333333333 0.44140625 0.0020833333333333333 0.0015625
1 0.3645833333333333 0.4453125 0.07083333333333333 0.0125
1 0.11041666666666666 0.43984375 0.004166666666666667 0.0015625
1 0.378125 0.43828125 0.0020833333333333333 0.0015625
1 0.3729166666666667 0.43515625 0.004166666666666667 0.0015625
1 0.271875 0.440625 0.05625 0.015625
1 0.09583333333333334 0.43125 0.0125 0.009375
1 0.7427083333333333 0.42578125 0.0020833333333333333 0.0015625
1 0.509375 0.428125 0.014583333333333334 0.00625
1 0.39166666666666666 0.4328125 0.058333333333333334 0.021875
1 0.08229166666666667 0.42109375 0.00625 0.0046875
1 0.09791666666666667 0.41484375 0.004166666666666667 0.0015625
1 0.06979166666666667 0.41484375 0.0020833333333333333 0.0015625
1 0.3375 0.41328125 0.004166666666666667 0.0046875
1 0.7041666666666667 0.4140625 0.016666666666666666 0.009375
1 0.690625 0.4125 0.00625 0.00625
1 0.09791666666666667 0.4109375 0.004166666666666667 0.003125
1 0.4197916666666667 0.4125 0.014583333333333334 0.009375
1 0.7708333333333334 0.403125 0.008333333333333333 0.00625
1 0.6322916666666667 0.403125 0.010416666666666666 0.009375
1 0.659375 0.396875 0.00625 0.00625
1 0.2875 0.3953125 0.004166666666666667 0.003125
1 0.278125 0.39453125 0.0020833333333333333 0.0015625
1 0.290625 0.38828125 0.0020833333333333333 0.0015625
1 0.103125 0.3890625 0.00625 0.003125
1 0.296875 0.38671875 0.0020833333333333333 0.0015625
1 0.6427083333333333 0.39453125 0.01875 0.0421875
1 0.796875 0.37265625 0.0020833333333333333 0.0015625
1 0.6552083333333333 0.37265625 0.00625 0.0046875
1 0.6458333333333334 0.3671875 0.0125 0.009375
1 0.21354166666666666 0.36171875 0.0020833333333333333 0.0015625
1 0.20208333333333334 0.3625 0.004166666666666667 0.003125
1 0.21354166666666666 0.35859375 0.0020833333333333333 0.0015625
1 0.128125 0.35390625 0.0020833333333333333 0.0015625
1 0.10104166666666667 0.32890625 0.0020833333333333333 0.0046875
1 0.103125 0.31875 0.0020833333333333333 0.003125
1 0.5427083333333333 0.29609375 0.0020833333333333333 0.0015625
1 0.17708333333333334 0.34296875 0.15833333333333333 0.0953125
1 0.18020833333333333 0.29609375 0.0020833333333333333 0.0015625
1 0.32083333333333336 0.3 0.041666666666666664 0.028125
1 0.17395833333333333 0.25390625 0.0020833333333333333 0.0015625
1 0.25729166666666664 0.25078125 0.0020833333333333333 0.0015625
1 0.8197916666666667 0.23984375 0.0020833333333333333 0.0015625
1 0.18645833333333334 0.23515625 0.0020833333333333333 0.0015625
1 0.190625 0.23359375 0.0020833333333333333 0.0015625
1 0.20104166666666667 0.2328125 0.0020833333333333333 0.003125
1 0.38229166666666664 0.23046875 0.0020833333333333333 0.0015625
1 0.20625 0.2296875 0.004166666666666667 0.009375
1 0.3802083333333333 0.22421875 0.00625 0.0046875
1 0.446875 0.21953125 0.00625 0.0015625
1 0.20729166666666668 0.22109375 0.010416666666666666 0.0046875
1 0.384375 0.21875 0.00625 0.00625
1 0.3927083333333333 0.215625 0.00625 0.003125
1 0.17395833333333333 0.21953125 0.014583333333333334 0.0109375
1 0.3770833333333333 0.2140625 0.004166666666666667 0.003125
1 0.38645833333333335 0.2109375 0.0020833333333333333 0.003125
1 0.19791666666666666 0.2125 0.020833333333333332 0.009375
1 0.16145833333333334 0.20546875 0.0020833333333333333 0.0015625
1 0.53125 0.20859375 0.004166666666666667 0.0109375
1 0.153125 0.2046875 0.010416666666666666 0.003125
1 0.28541666666666665 0.1765625 0.004166666666666667 0.003125
1 0.16145833333333334 0.17578125 0.0020833333333333333 0.0015625
1 0.5875 0.4328125 0.5583333333333333 0.525
1 0.290625 0.16875 0.0020833333333333333 0.003125
1 0.13645833333333332 0.16953125 0.010416666666666666 0.0046875
1 0.11979166666666667 0.16328125 0.0020833333333333333 0.0015625
1 0.12604166666666666 0.1640625 0.0020833333333333333 0.00625
1 0.6104166666666667 0.165625 0.05 0.01875
1 0.584375 0.15546875 0.0020833333333333333 0.0015625
1 0.16145833333333334 0.18046875 0.06875 0.0515625
1 0.5895833333333333 0.15390625 0.004166666666666667 0.0015625
1 0.140625 0.15234375 0.0020833333333333333 0.0015625
1 0.42083333333333334 0.15078125 0.020833333333333332 0.0109375
1 0.43645833333333334 0.14609375 0.0020833333333333333 0.0046875
1 0.240625 0.13359375 0.0020833333333333333 0.0046875
1 0.5770833333333333 0.12734375 0.004166666666666667 0.0046875
1 0.55625 0.12734375 0.0125 0.0046875
1 0.365625 0.12265625 0.0020833333333333333 0.0015625
1 0.246875 0.12265625 0.00625 0.0046875
1 0.959375 0.12109375 0.014583333333333334 0.0078125
1 0.996875 0.11875 0.00625 0.00625
1 0.503125 0.10234375 0.00625 0.0046875
1 0.396875 0.10234375 0.010416666666666666 0.0046875
1 0.375 0.10859375 0.025 0.0328125
1 0.39479166666666665 0.25703125 0.24375 0.3296875
1 0.9989583333333333 0.08359375 0.0020833333333333333 0.0015625
1 0.38229166666666664 0.07890625 0.0020833333333333333 0.0015625
1 0.9729166666666667 0.09921875 0.05416666666666667 0.0515625
1 0.35625 0.07890625 0.04583333333333333 0.0234375
1 0.36770833333333336 0.06171875 0.0020833333333333333 0.0015625
1 0.22604166666666667 0.053125 0.0020833333333333333 0.003125
1 0.03125 0.04765625 0.004166666666666667 0.0046875
1 0.23645833333333333 0.04296875 0.00625 0.0109375
1 0.21458333333333332 0.0265625 0.004166666666666667 0.003125
1 0.03125 0.02734375 0.004166666666666667 0.0046875
1 0.041666666666666664 0.02421875 0.004166666666666667 0.0015625
1 0.041666666666666664 0.02109375 0.004166666666666667 0.0015625
1 0.31666666666666665 0.03203125 0.0625 0.0265625
1 0.04375 0.01640625 0.004166666666666667 0.0015625
1 0.4375 0.015625 0.004166666666666667 0.003125
1 0.425 0.02265625 0.03333333333333333 0.0234375
1 0.06041666666666667 0.0140625 0.016666666666666666 0.009375
1 0.03958333333333333 0.0109375 0.004166666666666667 0.003125
1 0.9770833333333333 0.0328125 0.04583333333333333 0.05625
1 0.9708333333333333 0.0015625 0.004166666666666667 0.003125
1 0.521875 0.09140625 0.21875 0.1828125
1 0.359375 0.00703125 0.00625 0.0140625
1 0.35104166666666664 0.0046875 0.010416666666666666 0.009375
1 0.203125 0.003125 0.00625 0.00625
1 0.2125 0.0625 0.20833333333333334 0.125
1 0.011458333333333333 0.0234375 0.022916666666666665 0.046875
