0 0.8833333333333333 0.565625 0.004166666666666667 0.003125
0 0.925 0.5734375 0.041666666666666664 0.025
0 0.5541666666666667 0.5515625 0.025 0.009375
0 0.48854166666666665 0.54765625 0.0020833333333333333 0.0015625
0 0.253125 0.54609375 0.00625 0.0046875
0 0.58125 0.5453125 0.025 0.00625
0 0.6354166666666666 0.53984375 0.004166666666666667 0.0015625
0 0.8635416666666667 0.5375 0.00625 0.003125
0 0.4739583333333333 0.53671875 0.014583333333333334 0.0109375
0 0.8114583333333333 0.53203125 0.010416666666666666 0.0046875
0 0.7822916666666667 0.53046875 0.0020833333333333333 0.0015625
0 0.775 0.52890625 0.004166666666666667 0.0015625
0 0.2833333333333333 0.52421875 0.04583333333333333 0.0296875
0 0.390625 0.51640625 0.13541666666666666 0.0265625
0 0.33645833333333336 0.50390625 0.0020833333333333333 0.0015625
0 0.6989583333333333 0.515625 0.3145833333333333 0.040625
0 0.5083333333333333 0.48359375 0.004166666666666667 0.0015625
0 0.5 0.4875 0.008333333333333333 0.0125
0 0.5104166666666666 0.48046875 0.004166666666666667 0.0015625
0 0.5104166666666666 0.47734375 0.004166666666666667 0.0015625
0 0.5083333333333333 0.46953125 0.008333333333333333 0.0046875
0 0.68125 0.4625 0.016666666666666666 0.00625
0 0.4583333333333333 0.45859375 0.020833333333333332 0.0140625
0 0.4510416666666667 0.44765625 0.0020833333333333333 0.0015625
0 0.446875 0.44609375 0.0020833333333333333 0.0015625
0 0.6135416666666667 0.4453125 0.11875 0.03125
0 0.41041666666666665 0.41796875 0.008333333333333333 0.0078125
0 0.09583333333333334 0.415625 0.004166666666666667 0.003125
0 0.10625 0.4109375 0.004166666666666667 0.003125
0 0.11458333333333333 0.40703125 0.004166666666666667 0.0015625
0 0.11979166666666667 0.40390625 0.0020833333333333333 0.0015625
0 0.12395833333333334 0.40234375 0.0020833333333333333 0.0015625
0 0.3260416666666667 0.37578125 0.0020833333333333333 0.0015625
0 0.30520833333333336 0.3765625 0.010416666666666666 0.003125
0 0.15729166666666666 0.38671875 0.06041666666666667 0.0328125
1 0.4947916666666667 0.984375 0.0020833333333333333 0.00625
1 0.5010416666666667 0.98671875 0.00625 0.0265625
1 0.24895833333333334 0.60546875 0.0020833333333333333 0.0015625
1 0.20729166666666668 0.6140625 0.014583333333333334 0.01875
1 0.20729166666666668 0.60234375 0.0020833333333333333 0.0015625
1 0.21145833333333333 0.60078125 0.0020833333333333333 0.0015625
1 0.953125 0.60703125 0.027083333333333334 0.0203125
1 0.965625 0.59140625 0.0020833333333333333 0.0015625
1 0.9291666666666667 0.59375 0.016666666666666666 0.00625
1 0.259375 0.58984375 0.0020833333333333333 0.0015625
1 0.9177083333333333 0.58828125 0.0020833333333333333 0.0015625
1 0.2520833333333333 0.59609375 0.0125 0.0171875
1 0.23854166666666668 0.58828125 0.010416666666666666 0.0109375
1 0.953125 0.57890625 0.0020833333333333333 0.0015625
1 0.8760416666666667 0.57265625 0.0020833333333333333 0.0015625
1 0.43020833333333336 0.57265625 0.0020833333333333333 0.0015625
1 0.8697916666666666 0.57109375 0.0020833333333333333 0.0015625
1 0.4375 0.57265625 0.008333333333333333 0.0046875
1 0.9458333333333333 0.5703125 0.004166666666666667 0.003125
1 0.453125 0.56796875 0.0020833333333333333 0.0015625
1 0.4479166666666667 0.56796875 0.004166666666666667 0.0015625
1 0.8625 0.56796875 0.008333333333333333 0.0046875
1 0.853125 0.56640625 0.0020833333333333333 0.0015625
1 0.225 0.58203125 0.025 0.0328125
1 0.940625 0.565625 0.0020833333333333333 0.003125
1 0.8489583333333334 0.56171875 0.0020833333333333333 0.0015625
1 0.8354166666666667 0.5578125 0.004166666666666667 0.003125
1 0.5479166666666667 0.56015625 0.025 0.0078125
1 0.24479166666666666 0.56171875 0.014583333333333334 0.0140625
1 0.240625 0.55234375 0.0020833333333333333 0.0015625
1 0.6697916666666667 0.55078125 0.0020833333333333333 0.0015625
1 0.815625 0.54921875 0.0020833333333333333 0.0015625
1 0.6645833333333333 0.54921875 0.004166666666666667 0.0015625
1 0.6 0.54921875 0.004166666666666667 0.0015625
1 0.6489583333333333 0.54765625 0.00625 0.0015625
1 0.6114583333333333 0.54765625 0.0020833333333333333 0.0015625
1 0.5385416666666667 0.5484375 0.0020833333333333333 0.003125
1 0.5447916666666667 0.54609375 0.00625 0.0015625
1 0.4822916666666667 0.54609375 0.0020833333333333333 0.0015625
1 0.5510416666666667 0.54453125 0.0020833333333333333 0.0015625
1 0.246875 0.54609375 0.00625 0.0046875
1 0.8989583333333333 0.54296875 0.0020833333333333333 0.0015625
1 0.8052083333333333 0.54296875 0.0020833333333333333 0.0015625
1 0.5635416666666667 0.54296875 0.0020833333333333333 0.0015625
1 0.8010416666666667 0.54140625 0.0020833333333333333 0.0015625
1 0.56875 0.5390625 0.008333333333333333 0.003125
1 0.253125 0.53828125 0.0020833333333333333 0.0015625
1 0.79375 0.5375 0.004166666666666667 0.003125
1 0.665625 0.5375 0.00625 0.003125
1 0.584375 0.53671875 0.0020833333333333333 0.0015625
1 0.88125 0.53671875 0.008333333333333333 0.0046875
1 0.596875 0.53515625 0.0020833333333333333 0.0015625
1 0.5927083333333333 0.53515625 0.0020833333333333333 0.0015625
1 0.47708333333333336 0.534375 0.004166666666666667 0.003125
1 0.453125 0.53359375 0.00625 0.0015625
1 0.2552083333333333 0.53359375 0.0020833333333333333 0.0015625
1 0.7833333333333333 0.53359375 0.0125 0.0046875
1 0.540625 0.53046875 0.0020833333333333333 0.0015625
1 0.440625 0.53125 0.00625 0.003125
1 0.865625 0.52890625 0.0020833333333333333 0.0015625
1 0.76875 0.5296875 0.0125 0.00625
1 0.5302083333333333 0.53203125 0.014583333333333334 0.0109375
1 0.425 0.528125 0.004166666666666667 0.003125
1 0.8572916666666667 0.5265625 0.00625 0.003125
1 0.7385416666666667 0.52578125 0.0020833333333333333 0.0015625
1 0.70625 0.52578125 0.004166666666666667 0.0015625
1 0.559375 0.5265625 0.00625 0.003125
1 0.4197916666666667 0.52578125 0.0020833333333333333 0.0015625
1 0.6802083333333333 0.52421875 0.0020833333333333333 0.0015625
1 0.671875 0.52421875 0.0020833333333333333 0.0015625
1 0.6645833333333333 0.5234375 0.004166666666666667 0.003125
1 0.6572916666666667 0.52265625 0.0020833333333333333 0.0015625
1 0.453125 0.52265625 0.0020833333333333333 0.0015625
1 0.284375 0.52265625 0.0020833333333333333 0.0015625
1 0.40520833333333334 0.52109375 0.0020833333333333333 0.0015625
1 0.265625 0.52109375 0.0020833333333333333 0.0015625
1 0.6322916666666667 0.51953125 0.0020833333333333333 0.0015625
1 0.28854166666666664 0.51953125 0.0020833333333333333 0.0015625
1 0.8458333333333333 0.52109375 0.0125 0.0078125
1 0.4375 0.51796875 0.004166666666666667 0.0015625
1 0.39479166666666665 0.51640625 0.0020833333333333333 0.0015625
1 0.33229166666666665 0.51640625 0.0020833333333333333 0.0015625
1 0.8302083333333333 0.5171875 0.014583333333333334 0.00625
1 0.3885416666666667 0.51484375 0.0020833333333333333 0.0015625
1 0.378125 0.51484375 0.0020833333333333333 0.0015625
1 0.8177083333333334 0.51171875 0.00625 0.0046875
1 0.8010416666666667 0.50859375 0.0020833333333333333 0.0015625
1 0.4083333333333333 0.50546875 0.004166666666666667 0.0015625
1 0.5822916666666667 0.50234375 0.0020833333333333333 0.0015625
1 0.5052083333333334 0.50078125 0.0020833333333333333 0.0015625
1 0.384375 0.50078125 0.0020833333333333333 0.0015625
1 0.371875 0.50078125 0.0020833333333333333 0.0015625
1 0.359375 0.50078125 0.00625 0.0015625
1 0.35104166666666664 0.50078125 0.0020833333333333333 0.0015625
1 0.34479166666666666 0.50078125 0.0020833333333333333 0.0015625
1 0.7802083333333333 0.49921875 0.0020833333333333333 0.0015625
1 0.6114583333333333 0.49765625 0.0020833333333333333 0.0015625
1 0.7760416666666666 0.49609375 0.0020833333333333333 0.0015625
1 0.6270833333333333 0.49609375 0.004166666666666667 0.0015625
1 0.6177083333333333 0.49609375 0.0020833333333333333 0.0015625
1 0.6947916666666667 0.49453125 0.00625 0.0015625
1 0.684375 0.49453125 0.0020833333333333333 0.0015625
1 0.7010416666666667 0.49296875 0.0020833333333333333 0.0015625
1 0.6739583333333333 0.48671875 0.0020833333333333333 0.0015625
1 0.5135416666666667 0.4875 0.0020833333333333333 0.003125
1 0.7302083333333333 0.48515625 0.014583333333333334 0.0078125
1 0.4895833333333333 0.4828125 0.004166666666666667 0.003125
1 0.7104166666666667 0.4796875 0.004166666666666667 0.003125
1 0.7291666666666666 0.4765625 0.008333333333333333 0.00625
1 0.434375 0.471875 0.0020833333333333333 0.003125
1 0.6864583333333333 0.46953125 0.0020833333333333333 0.0015625
1 0.7135416666666666 0.46875 0.00625 0.00625
1 0.696875 0.4640625 0.00625 0.003125
1 0.6635416666666667 0.46328125 0.0020833333333333333 0.0015625
1 0.615625 0.46484375 0.010416666666666666 0.0046875
1 0.49375 0.52578125 0.09583333333333334 0.1296875
1 0.47291666666666665 0.45859375 0.008333333333333333 0.0078125
1 0.68125 0.45625 0.0125 0.00625
1 0.5052083333333334 0.46484375 0.027083333333333334 0.0296875
1 0.45416666666666666 0.446875 0.008333333333333333 0.00625
1 0.65 0.446875 0.03333333333333333 0.0125
1 0.6291666666666667 0.44140625 0.004166666666666667 0.0015625
1 0.6010416666666667 0.43125 0.00625 0.00625
1 0.5395833333333333 0.4421875 0.0375 0.028125
1 0.5895833333333333 0.428125 0.0125 0.003125
1 0.4197916666666667 0.41171875 0.0020833333333333333 0.0015625
1 0.40208333333333335 0.41171875 0.004166666666666667 0.0015625
1 0.14270833333333333 0.40859375 0.0020833333333333333 0.0015625
1 0.209375 0.38046875 0.0020833333333333333 0.0015625
1 0.384375 0.41875 0.12291666666666666 0.08125
1 0.284375 0.36796875 0.0020833333333333333 0.0015625
1 0.0125 0.10703125 0.025 0.0171875
1 0.14791666666666667 0.0546875 0.004166666666666667 0.003125
1 0.13645833333333332 0.0546875 0.00625 0.003125
1 0.140625 0.05 0.0020833333333333333 0.003125
1 0.153125 0.05 0.01875 0.0125
1 0.011458333333333333 0.053125 0.022916666666666665 0.03125
1 0.12291666666666666 0.028125 0.016666666666666666 0.00625
1 0.18854166666666666 0.02265625 0.0020833333333333333 0.0015625
1 0.16875 0.0046875 0.004166666666666667 0.003125
1 0.078125 0.0203125 0.15625 0.040625
2 0.5010416666666667 0.99453125 0.00625 0.0109375
2 0.9552083333333333 0.60390625 0.00625 0.0015625
2 0.965625 0.60234375 0.0020833333333333333 0.0015625
2 0.946875 0.59921875 0.0020833333333333333 0.0015625
2 0.9333333333333333 0.59375 0.004166666666666667 0.003125
2 0.25104166666666666 0.59296875 0.0020833333333333333 0.0015625
2 0.9260416666666667 0.59140625 0.0020833333333333333 0.0015625
2 0.9177083333333333 0.58828125 0.0020833333333333333 0.0015625
2 0.23645833333333333 0.58984375 0.0020833333333333333 0.0046875
2 0.8760416666666667 0.57265625 0.0020833333333333333 0.0015625
2 0.4354166666666667 0.57265625 0.004166666666666667 0.0015625
2 0.48333333333333334 0.57265625 0.008333333333333333 0.0046875
2 0.9447916666666667 0.5703125 0.0020833333333333333 0.003125
2 0.940625 0.56640625 0.0020833333333333333 0.0015625
2 0.8614583333333333 0.5671875 0.00625 0.003125
2 0.46145833333333336 0.565625 0.00625 0.003125
2 0.928125 0.57421875 0.035416666666666666 0.0234375
2 0.9072916666666667 0.56484375 0.00625 0.0078125
2 0.8489583333333334 0.56171875 0.0020833333333333333 0.0015625
2 0.8354166666666667 0.55703125 0.004166666666666667 0.0015625
2 0.5635416666666667 0.55546875 0.0020833333333333333 0.0015625
2 0.6697916666666667 0.54921875 0.0020833333333333333 0.0015625
2 0.665625 0.54921875 0.0020833333333333333 0.0015625
2 0.5989583333333334 0.54921875 0.0020833333333333333 0.0015625
2 0.5479166666666667 0.546875 0.004166666666666667 0.003125
2 0.8052083333333333 0.54140625 0.0020833333333333333 0.0015625
2 0.8010416666666667 0.540625 0.0020833333333333333 0.003125
2 0.5697916666666667 0.53984375 0.00625 0.0015625
2 0.6645833333333333 0.53828125 0.004166666666666667 0.0015625
2 0.6447916666666667 0.540625 0.022916666666666665 0.00625
2 0.8635416666666667 0.5375 0.00625 0.003125
2 0.88125 0.53671875 0.008333333333333333 0.0046875
2 0.4552083333333333 0.53359375 0.0020833333333333333 0.0015625
2 0.8114583333333333 0.53203125 0.010416666666666666 0.0046875
2 0.8020833333333334 0.53046875 0.004166666666666667 0.0015625
2 0.7791666666666667 0.53203125 0.03333333333333333 0.0109375
2 0.8552083333333333 0.52578125 0.0020833333333333333 0.0015625
2 0.8510416666666667 0.52421875 0.0020833333333333333 0.0015625
2 0.7177083333333333 0.52421875 0.0020833333333333333 0.0015625
2 0.7114583333333333 0.52421875 0.0020833333333333333 0.0015625
2 0.6802083333333333 0.52421875 0.0020833333333333333 0.0015625
2 0.425 0.525 0.004166666666666667 0.003125
2 0.69375 0.52265625 0.0125 0.0015625
2 0.8458333333333333 0.521875 0.004166666666666667 0.003125
2 0.6760416666666667 0.52109375 0.010416666666666666 0.0015625
2 0.665625 0.521875 0.00625 0.003125
2 0.6552083333333333 0.52109375 0.0020833333333333333 0.0015625
2 0.6510416666666666 0.52109375 0.0020833333333333333 0.0015625
2 0.6322916666666667 0.51953125 0.0020833333333333333 0.0015625
2 0.28854166666666664 0.51953125 0.0020833333333333333 0.0015625
2 0.8354166666666667 0.51953125 0.0125 0.0078125
2 0.40729166666666666 0.51640625 0.0020833333333333333 0.0015625
2 0.39479166666666665 0.51640625 0.0020833333333333333 0.0015625
2 0.825 0.51484375 0.004166666666666667 0.0015625
2 0.809375 0.51484375 0.0020833333333333333 0.0015625
2 0.596875 0.51484375 0.0020833333333333333 0.0015625
2 0.253125 0.54921875 0.05625 0.0703125
2 0.8197916666666667 0.51328125 0.0020833333333333333 0.0015625
2 0.609375 0.51328125 0.00625 0.0015625
2 0.38333333333333336 0.5140625 0.016666666666666666 0.003125
2 0.34375 0.51328125 0.008333333333333333 0.0015625
2 0.815625 0.51171875 0.0020833333333333333 0.0015625
2 0.8239583333333333 0.5234375 0.06458333333333334 0.025
2 0.778125 0.50703125 0.0020833333333333333 0.0015625
2 0.628125 0.50625 0.0020833333333333333 0.003125
2 0.6229166666666667 0.50546875 0.004166666666666667 0.0015625
2 0.6135416666666667 0.50546875 0.0020833333333333333 0.0015625
2 0.771875 0.50390625 0.0020833333333333333 0.0015625
2 0.765625 0.50234375 0.010416666666666666 0.0046875
2 0.7520833333333333 0.50078125 0.004166666666666667 0.0015625
2 0.3802083333333333 0.50390625 0.035416666666666666 0.0078125
2 0.359375 0.50078125 0.00625 0.0015625
2 0.509375 0.5421875 0.21875 0.090625
2 0.7 0.4953125 0.016666666666666666 0.003125
2 0.684375 0.49453125 0.0020833333333333333 0.0015625
2 0.5135416666666667 0.48671875 0.0020833333333333333 0.0015625
2 0.5083333333333333 0.48359375 0.004166666666666667 0.0015625
2 0.490625 0.48359375 0.0020833333333333333 0.0015625
2 0.728125 0.48359375 0.010416666666666666 0.0046875
2 0.5104166666666666 0.48046875 0.004166666666666667 0.0015625
2 0.5104166666666666 0.47734375 0.004166666666666667 0.0015625
2 0.7291666666666666 0.47734375 0.008333333333333333 0.0046875
2 0.7041666666666667 0.47265625 0.008333333333333333 0.0046875
2 0.7135416666666666 0.4703125 0.00625 0.003125
2 0.6177083333333333 0.465625 0.00625 0.003125
2 0.6364583333333333 0.45234375 0.0020833333333333333 0.0015625
2 0.6583333333333333 0.45390625 0.08333333333333333 0.0296875
2 0.6135416666666667 0.43828125 0.0020833333333333333 0.0015625
2 0.6052083333333333 0.43515625 0.010416666666666666 0.0046875
2 0.5989583333333334 0.43203125 0.0020833333333333333 0.0015625
2 0.496875 0.47421875 0.12708333333333333 0.0890625
2 0.590625 0.42890625 0.0020833333333333333 0.0015625
2 0.40625 0.41953125 0.05416666666666667 0.0421875
2 0.36875 0.396875 0.004166666666666667 0.003125
2 0.3458333333333333 0.38359375 0.04583333333333333 0.0140625
2 0.3260416666666667 0.375 0.00625 0.003125
