0 0.359375 0.59296875 0.0020833333333333333 0.0015625
0 0.35208333333333336 0.59375 0.008333333333333333 0.003125
0 0.43645833333333334 0.59296875 0.00625 0.0046875
0 0.36041666666666666 0.57578125 0.05 0.0203125
0 0.46875 0.559375 0.004166666666666667 0.003125
0 0.26979166666666665 0.5046875 0.00625 0.0125
0 0.5208333333333334 0.48984375 0.025 0.0046875
0 0.5 0.490625 0.0125 0.00625
0 0.2708333333333333 0.490625 0.004166666666666667 0.0125
0 0.5052083333333334 0.4484375 0.014583333333333334 0.015625
0 0.39375 0.446875 0.09166666666666666 0.021875
0 0.5177083333333333 0.43828125 0.014583333333333334 0.0109375
0 0.53125 0.43359375 0.004166666666666667 0.0046875
0 0.359375 0.43046875 0.010416666666666666 0.0046875
0 0.35833333333333334 0.42421875 0.0125 0.0046875
0 0.5614583333333333 0.403125 0.06041666666666667 0.04375
0 0.2864583333333333 0.33828125 0.0020833333333333333 0.0015625
0 0.28854166666666664 0.41796875 0.035416666666666666 0.1921875
1 0.8302083333333333 0.72109375 0.00625 0.0046875
1 0.13645833333333332 0.7 0.0020833333333333333 0.003125
1 0.159375 0.6984375 0.010416666666666666 0.003125
1 0.14895833333333333 0.69921875 0.010416666666666666 0.0078125
1 0.13645833333333332 0.69453125 0.0020833333333333333 0.0015625
1 0.43333333333333335 0.64921875 0.0375 0.0359375
1 0.8979166666666667 0.628125 0.004166666666666667 0.00625
1 0.38333333333333336 0.628125 0.0125 0.00625
1 0.5020833333333333 0.6234375 0.008333333333333333 0.003125
1 0.47708333333333336 0.62109375 0.004166666666666667 0.0015625
1 0.471875 0.62109375 0.0020833333333333333 0.0015625
1 0.46041666666666664 0.6171875 0.004166666666666667 0.003125
1 0.37604166666666666 0.61484375 0.00625 0.0015625
1 0.46145833333333336 0.61328125 0.0020833333333333333 0.0015625
1 0.3572916666666667 0.61171875 0.0020833333333333333 0.0015625
1 0.390625 0.609375 0.00625 0.00625
1 0.4979166666666667 0.60625 0.008333333333333333 0.003125
1 0.49166666666666664 0.60234375 0.004166666666666667 0.0015625
1 0.34270833333333334 0.6 0.0020833333333333333 0.003125
1 0.4822916666666667 0.596875 0.00625 0.00625
1 0.346875 0.58828125 0.0020833333333333333 0.0015625
1 0.421875 0.5984375 0.08125 0.025
1 0.35208333333333336 0.5828125 0.004166666666666667 0.003125
1 0.35833333333333334 0.58359375 0.0125 0.0078125
1 0.34270833333333334 0.57578125 0.0020833333333333333 0.0015625
1 0.33645833333333336 0.57421875 0.0020833333333333333 0.0015625
1 0.38645833333333335 0.56953125 0.0020833333333333333 0.0015625
1 0.32916666666666666 0.56796875 0.008333333333333333 0.0015625
1 0.3927083333333333 0.5671875 0.0020833333333333333 0.003125
1 0.37604166666666666 0.5671875 0.00625 0.003125
1 0.33958333333333335 0.56484375 0.004166666666666667 0.0015625
1 0.315625 0.5703125 0.014583333333333334 0.0125
1 0.46979166666666666 0.5703125 0.014583333333333334 0.015625
1 0.4708333333333333 0.55078125 0.004166666666666667 0.0015625
1 0.4635416666666667 0.55 0.00625 0.003125
1 0.3958333333333333 0.54921875 0.004166666666666667 0.0015625
1 0.4552083333333333 0.54609375 0.0020833333333333333 0.0015625
1 0.43645833333333334 0.56875 0.08541666666666667 0.053125
1 0.4322916666666667 0.54140625 0.0020833333333333333 0.0015625
1 0.26979166666666665 0.52578125 0.0020833333333333333 0.0015625
1 0.2677083333333333 0.521875 0.0020833333333333333 0.003125
1 0.48333333333333334 0.521875 0.016666666666666666 0.00625
1 0.4979166666666667 0.51875 0.008333333333333333 0.003125
1 0.5114583333333333 0.51640625 0.0020833333333333333 0.0015625
1 0.5458333333333333 0.51484375 0.008333333333333333 0.0015625
1 0.4979166666666667 0.5140625 0.004166666666666667 0.003125
1 0.2635416666666667 0.515625 0.00625 0.00625
1 0.45729166666666665 0.52578125 0.06875 0.0328125
1 0.26145833333333335 0.51015625 0.0020833333333333333 0.0015625
1 0.5166666666666667 0.509375 0.004166666666666667 0.003125
1 0.5114583333333333 0.50859375 0.0020833333333333333 0.0015625
1 0.5020833333333333 0.509375 0.0125 0.003125
1 0.5364583333333334 0.50703125 0.010416666666666666 0.0015625
1 0.25833333333333336 0.50390625 0.004166666666666667 0.0015625
1 0.48020833333333335 0.49609375 0.0020833333333333333 0.0015625
1 0.2760416666666667 0.49453125 0.0020833333333333333 0.0015625
1 0.2604166666666667 0.49375 0.008333333333333333 0.00625
1 0.2760416666666667 0.490625 0.0020833333333333333 0.003125
1 0.6395833333333333 0.48828125 0.004166666666666667 0.0015625
1 0.6302083333333334 0.48671875 0.0020833333333333333 0.0015625
1 0.6197916666666666 0.48671875 0.00625 0.0015625
1 0.5791666666666667 0.490625 0.06666666666666667 0.009375
1 0.509375 0.48515625 0.0020833333333333333 0.0015625
1 0.6604166666666667 0.48359375 0.008333333333333333 0.0015625
1 0.54375 0.484375 0.008333333333333333 0.00625
1 0.5260416666666666 0.48359375 0.01875 0.0046875
1 0.3145833333333333 0.553125 0.09166666666666666 0.14375
1 0.559375 0.48125 0.0020833333333333333 0.003125
1 0.5552083333333333 0.48046875 0.0020833333333333333 0.0015625
1 0.5802083333333333 0.48046875 0.035416666666666666 0.0046875
1 0.28020833333333334 0.4796875 0.0020833333333333333 0.003125
1 0.278125 0.47578125 0.0020833333333333333 0.0015625
1 0.29583333333333334 0.4765625 0.004166666666666667 0.00625
1 0.50625 0.46328125 0.008333333333333333 0.0046875
1 0.271875 0.46171875 0.0020833333333333333 0.0015625
1 0.29270833333333335 0.46640625 0.00625 0.0140625
1 0.365625 0.46015625 0.022916666666666665 0.0046875
1 0.33541666666666664 0.459375 0.004166666666666667 0.00625
1 0.5125 0.45625 0.008333333333333333 0.00625
1 0.46770833333333334 0.4875 0.06041666666666667 0.06875
1 0.38229166666666664 0.45234375 0.0020833333333333333 0.0015625
1 0.34479166666666666 0.45859375 0.010416666666666666 0.0140625
1 0.3927083333333333 0.44921875 0.0020833333333333333 0.0015625
1 0.26979166666666665 0.44609375 0.0020833333333333333 0.0015625
1 0.340625 0.4453125 0.0020833333333333333 0.003125
1 0.48854166666666665 0.44609375 0.022916666666666665 0.0078125
1 0.3572916666666667 0.44296875 0.0020833333333333333 0.0015625
1 0.33645833333333336 0.44296875 0.0020833333333333333 0.0015625
1 0.49895833333333334 0.43984375 0.0020833333333333333 0.0015625
1 0.334375 0.43984375 0.0020833333333333333 0.0015625
1 0.3416666666666667 0.43984375 0.008333333333333333 0.0046875
1 0.5072916666666667 0.43515625 0.0020833333333333333 0.0015625
1 0.375 0.434375 0.004166666666666667 0.003125
1 0.3489583333333333 0.43359375 0.0020833333333333333 0.0015625
1 0.5083333333333333 0.43046875 0.004166666666666667 0.0015625
1 0.375 0.42890625 0.004166666666666667 0.0046875
1 0.3458333333333333 0.428125 0.004166666666666667 0.003125
1 0.5166666666666667 0.4265625 0.004166666666666667 0.003125
1 0.34375 0.4234375 0.004166666666666667 0.003125
1 0.3697916666666667 0.41953125 0.0020833333333333333 0.0015625
1 0.5239583333333333 0.41796875 0.0020833333333333333 0.0015625
1 0.365625 0.41796875 0.0020833333333333333 0.0015625
1 0.3614583333333333 0.41640625 0.0020833333333333333 0.0015625
1 0.3541666666666667 0.41640625 0.004166666666666667 0.0015625
1 0.290625 0.4359375 0.014583333333333334 0.040625
1 0.5322916666666667 0.41328125 0.010416666666666666 0.0078125
1 0.9760416666666667 0.41796875 0.04791666666666667 0.0296875
1 0.29270833333333335 0.40703125 0.0020833333333333333 0.0109375
1 0.578125 0.40234375 0.00625 0.0046875
1 0.5822916666666667 0.39765625 0.0020833333333333333 0.0015625
1 0.221875 0.3921875 0.0020833333333333333 0.003125
1 0.22916666666666666 0.3890625 0.008333333333333333 0.003125
1 0.271875 0.38671875 0.0020833333333333333 0.0015625
1 0.228125 0.38671875 0.0020833333333333333 0.0015625
1 0.215625 0.38515625 0.0020833333333333333 0.0015625
1 0.371875 0.3765625 0.0020833333333333333 0.003125
1 0.271875 0.37578125 0.0020833333333333333 0.0015625
1 0.615625 0.36953125 0.0020833333333333333 0.0015625
1 0.596875 0.36953125 0.0020833333333333333 0.0015625
1 0.278125 0.35390625 0.0020833333333333333 0.0015625
1 0.2677083333333333 0.35234375 0.0020833333333333333 0.0015625
1 0.28125 0.34765625 0.004166666666666667 0.0078125
1 0.825 0.3375 0.05 0.040625
1 0.3697916666666667 0.29140625 0.0020833333333333333 0.0015625
1 0.21041666666666667 0.28203125 0.004166666666666667 0.0046875
1 0.378125 0.28359375 0.01875 0.0109375
1 0.37395833333333334 0.27578125 0.0020833333333333333 0.0015625
1 0.2989583333333333 0.2890625 0.18125 0.1375
1 0.9864583333333333 0.134375 0.0020833333333333333 0.003125
1 0.9927083333333333 0.11328125 0.0020833333333333333 0.0015625
1 0.99375 0.103125 0.0125 0.01875
1 0.24270833333333333 0.07578125 0.01875 0.0171875
1 0.21666666666666667 0.0734375 0.016666666666666666 0.015625
1 0.85625 0.06484375 0.004166666666666667 0.0015625
1 0.19895833333333332 0.05546875 0.0020833333333333333 0.0015625
1 0.19583333333333333 0.0515625 0.008333333333333333 0.003125
1 0.23645833333333333 0.04765625 0.00625 0.0046875
1 0.253125 0.04453125 0.0020833333333333333 0.0015625
1 0.24895833333333334 0.04453125 0.0020833333333333333 0.0015625
1 0.18541666666666667 0.046875 0.008333333333333333 0.00625
1 0.7895833333333333 0.03984375 0.004166666666666667 0.0015625
1 0.24791666666666667 0.0390625 0.004166666666666667 0.00625
1 0.7958333333333333 0.034375 0.004166666666666667 0.003125
1 0.234375 0.03828125 0.00625 0.0109375
1 0.790625 0.0328125 0.0020833333333333333 0.003125
1 0.86875 0.03515625 0.025 0.0203125
1 0.18854166666666666 0.0265625 0.0020833333333333333 0.003125
1 0.18020833333333333 0.028125 0.010416666666666666 0.00625
1 0.19270833333333334 0.02265625 0.0020833333333333333 0.0015625
1 0.18854166666666666 0.02109375 0.0020833333333333333 0.0015625
1 0.18333333333333332 0.02109375 0.004166666666666667 0.0015625
1 0.8135416666666667 0.025 0.01875 0.01875
1 0.8208333333333333 0.0140625 0.004166666666666667 0.003125
1 0.7489583333333333 0.01328125 0.0020833333333333333 0.0015625
1 0.22083333333333333 0.01484375 0.0125 0.0078125
1 0.16770833333333332 0.0109375 0.010416666666666666 0.009375
1 0.8177083333333334 0.0046875 0.0020833333333333333 0.003125
1 0.7833333333333333 0.01796875 0.05 0.0359375
1 0.24791666666666667 0.0078125 0.029166666666666667 0.015625
2 0.43854166666666666 0.65234375 0.0020833333333333333 0.0015625
2 0.434375 0.64140625 0.022916666666666665 0.0140625
2 0.378125 0.61484375 0.0020833333333333333 0.0015625
2 0.346875 0.61796875 0.014583333333333334 0.0078125
2 0.31875 0.60859375 0.03333333333333333 0.0109375
2 0.34270833333333334 0.60078125 0.0020833333333333333 0.0015625
2 0.46979166666666666 0.59609375 0.0020833333333333333 0.0015625
2 0.39895833333333336 0.57890625 0.17291666666666666 0.0734375
2 0.5489583333333333 0.51484375 0.0020833333333333333 0.0015625
2 0.5239583333333333 0.51171875 0.00625 0.0015625
2 0.475 0.52265625 0.0875 0.0265625
2 0.2625 0.49375 0.004166666666666667 0.00625
2 0.6302083333333334 0.48671875 0.0020833333333333333 0.0015625
2 0.6260416666666667 0.48359375 0.0020833333333333333 0.0015625
2 0.5520833333333334 0.48671875 0.14166666666666666 0.0140625
2 0.3645833333333333 0.45859375 0.016666666666666666 0.0046875
2 0.34270833333333334 0.44140625 0.0020833333333333333 0.0015625
2 0.38958333333333334 0.44765625 0.1 0.0296875
2 0.4875 0.47265625 0.09166666666666666 0.0859375
2 0.5177083333333333 0.42734375 0.0020833333333333333 0.0015625
2 0.3625 0.4265625 0.025 0.0125
2 0.96875 0.41328125 0.004166666666666667 0.0046875
2 0.534375 0.4125 0.0020833333333333333 0.003125
2 0.5760416666666667 0.40390625 0.0020833333333333333 0.0015625
2 0.5822916666666667 0.39765625 0.0020833333333333333 0.0015625
2 0.5614583333333333 0.4046875 0.06041666666666667 0.046875
2 0.8197916666666667 0.32734375 0.0020833333333333333 0.0015625
2 0.815625 0.32734375 0.0020833333333333333 0.0015625
2 0.33958333333333335 0.325 0.004166666666666667 0.003125
2 0.30520833333333336 0.32421875 0.0020833333333333333 0.0015625
2 0.33125 0.32578125 0.0125 0.0109375
2 0.2875 0.328125 0.03333333333333333 0.021875
2 0.2520833333333333 0.31796875 0.004166666666666667 0.0015625
2 0.3458333333333333 0.3046875 0.004166666666666667 0.003125
2 0.27395833333333336 0.29140625 0.0020833333333333333 0.0015625
2 0.23020833333333332 0.28828125 0.0020833333333333333 0.0015625
2 0.23541666666666666 0.2796875 0.041666666666666664 0.015625
2 0.378125 0.271875 0.00625 0.003125
2 0.27395833333333336 0.415625 0.11875 0.36875
2 0.24895833333333334 0.04453125 0.0020833333333333333 0.0015625
2 0.246875 0.04140625 0.0020833333333333333 0.0015625
2 0.8739583333333333 0.03671875 0.014583333333333334 0.0109375
2 0.790625 0.0328125 0.0020833333333333333 0.003125
2 0.796875 0.028125 0.00625 0.00625
2 0.7854166666666667 0.028125 0.008333333333333333 0.009375
2 0.18854166666666666 0.02265625 0.0020833333333333333 0.0015625
2 0.7802083333333333 0.02109375 0.0020833333333333333 0.0015625
2 0.8125 0.01953125 0.016666666666666666 0.0078125
2 0.8052083333333333 0.00859375 0.0020833333333333333 0.0015625
2 0.815625 0.00703125 0.0020833333333333333 0.0046875
2 0.7979166666666667 0.00625 0.03333333333333333 0.0125
2 0.7645833333333333 0.0046875 0.0125 0.009375
