0 0.033854166666666664 0.9505208333333334 0.06770833333333333 0.09635416666666667
1 0.5104166666666666 0.5651041666666666 0.018229166666666668 0.028645833333333332
1 0.5852864583333334 0.576171875 0.014322916666666666 0.02734375
2 0.54296875 0.541015625 0.15104166666666666 0.14713541666666666
2 0.5625 0.4733072916666667 0.005208333333333333 0.009114583333333334
2 0.580078125 0.470703125 0.014322916666666666 0.014322916666666666
4 0.818359375 0.8971354166666666 0.02734375 0.036458333333333336
4 0.8776041666666666 0.947265625 0.026041666666666668 0.061197916666666664
4 0.9544270833333334 0.9889322916666666 0.026041666666666668 0.01953125
4 0.9817708333333334 0.8522135416666666 0.0078125 0.01171875
4 0.9967447916666666 0.841796875 0.00390625 0.014322916666666666
6 0.12434895833333333 0.4993489583333333 0.24869791666666666 0.9986979166666666
6 0.059244791666666664 0.3287760416666667 0.02734375 0.032552083333333336
6 0.103515625 0.4225260416666667 0.01171875 0.009114583333333334
6 0.14713541666666666 0.6139322916666666 0.018229166666666668 0.016927083333333332
6 0.16796875 0.9817708333333334 0.005208333333333333 0.005208333333333333
6 0.17447916666666666 0.6875 0.010416666666666666 0.013020833333333334
6 0.6653645833333334 0.51171875 0.125 0.11197916666666667
