3 0.5729166666666666 0.5885416666666666 0.14322916666666666 0.15364583333333334
4 0.7734375 0.724609375 0.010416666666666666 0.01171875
4 0.8040364583333334 0.9166666666666666 0.014322916666666666 0.015625
4 0.90625 0.875 0.18489583333333334 0.24739583333333334
4 0.97265625 0.6888020833333334 0.0078125 0.0078125
4 0.9973958333333334 0.7760416666666666 0.0026041666666666665 0.005208333333333333
5 0.640625 0.6315104166666666 0.010416666666666666 0.0078125
6 0.015625 0.055338541666666664 0.03125 0.05859375
6 0.004557291666666667 0.15364583333333334 0.009114583333333334 0.015625
6 0.005208333333333333 0.212890625 0.010416666666666666 0.009114583333333334
6 0.013020833333333334 0.271484375 0.026041666666666668 0.09244791666666667
6 0.011067708333333334 0.3430989583333333 0.022135416666666668 0.01953125
6 0.010416666666666666 0.4270833333333333 0.020833333333333332 0.1171875
6 0.006510416666666667 0.546875 0.013020833333333334 0.010416666666666666
6 0.011067708333333334 0.5748697916666666 0.022135416666666668 0.016927083333333332
6 0.11588541666666667 0.7955729166666666 0.23177083333333334 0.40625
6 0.014973958333333334 0.17708333333333334 0.01171875 0.0234375
6 0.018229166666666668 0.50390625 0.018229166666666668 0.03125
6 0.016927083333333332 0.4798177083333333 0.005208333333333333 0.006510416666666667
6 0.045572916666666664 0.4876302083333333 0.010416666666666666 0.01953125
6 0.06705729166666667 0.5774739583333334 0.006510416666666667 0.006510416666666667
6 0.07682291666666667 0.5983072916666666 0.0078125 0.009114583333333334
6 0.087890625 0.9401041666666666 0.009114583333333334 0.0078125
6 0.08919270833333333 0.9557291666666666 0.006510416666666667 0.005208333333333333
6 0.11002604166666667 0.7174479166666666 0.01171875 0.013020833333333334
6 0.6569010416666666 0.5657552083333334 0.07942708333333333 0.10026041666666667
