0 0.0013020833333333333 0.9544270833333334 0.0026041666666666665 0.005208333333333333
0 0.009765625 0.9837239583333334 0.01953125 0.029947916666666668
1 0.5110677083333334 0.4140625 0.05078125 0.13541666666666666
4 0.5201822916666666 0.3567708333333333 0.040364583333333336 0.033854166666666664
4 0.517578125 0.4680989583333333 0.029947916666666668 0.022135416666666668
6 0.001953125 0.16145833333333334 0.00390625 0.005208333333333333
6 0.13671875 0.603515625 0.2734375 0.7903645833333334
6 0.051432291666666664 0.038411458333333336 0.01953125 0.014322916666666666
6 0.068359375 0.3854166666666667 0.009114583333333334 0.010416666666666666
6 0.07421875 0.9407552083333334 0.005208333333333333 0.006510416666666667
6 0.09765625 0.48046875 0.0078125 0.0078125
6 0.19791666666666666 0.87109375 0.0078125 0.015625
6 0.3046875 0.9967447916666666 0.005208333333333333 0.00390625
6 0.6321614583333334 0.4095052083333333 0.055989583333333336 0.12109375
