0 0.3072916666666667 0.466796875 0.07552083333333333 0.037760416666666664
0 0.3541666666666667 0.552734375 0.033854166666666664 0.032552083333333336
0 0.3502604166666667 0.5247395833333334 0.005208333333333333 0.005208333333333333
4 0.2858072916666667 0.5338541666666666 0.05078125 0.07552083333333333
4 0.3125 0.5846354166666666 0.013020833333333334 0.010416666666666666
6 0.001953125 0.3958333333333333 0.00390625 0.013020833333333334
6 0.08333333333333333 0.4661458333333333 0.16666666666666666 0.11979166666666667
6 0.020182291666666668 0.5768229166666666 0.040364583333333336 0.12239583333333333
6 0.015625 0.310546875 0.020833333333333332 0.022135416666666668
6 0.02734375 0.9674479166666666 0.0078125 0.0078125
6 0.043619791666666664 0.9518229166666666 0.016927083333333332 0.026041666666666668
6 0.06575520833333333 0.9453125 0.029947916666666668 0.0390625
6 0.064453125 0.3307291666666667 0.006510416666666667 0.0078125
6 0.103515625 0.896484375 0.048177083333333336 0.024739583333333332
6 0.115234375 0.8697916666666666 0.016927083333333332 0.010416666666666666
6 0.14388020833333334 0.3860677083333333 0.01171875 0.01953125
