1 0.435546875 0.4915364583333333 0.09505208333333333 0.13151041666666666
1 0.4654947916666667 0.5546875 0.006510416666666667 0.0078125
2 0.458984375 0.5091145833333334 0.024739583333333332 0.020833333333333332
2 0.4759114583333333 0.4908854166666667 0.01953125 0.026041666666666668
3 0.46484375 0.4954427083333333 0.1875 0.17838541666666666
4 0.4264322916666667 0.4915364583333333 0.07682291666666667 0.13151041666666666
4 0.4654947916666667 0.498046875 0.024739583333333332 0.024739583333333332
4 0.4654947916666667 0.5540364583333334 0.006510416666666667 0.006510416666666667
4 0.5651041666666666 0.9915364583333334 0.005208333333333333 0.006510416666666667
4 0.9420572916666666 0.40625 0.009114583333333334 0.010416666666666666
