0 0.447265625 0.5026041666666666 0.04296875 0.049479166666666664
0 0.4290364583333333 0.5475260416666666 0.009114583333333334 0.009114583333333334
0 0.5169270833333334 0.544921875 0.11197916666666667 0.08203125
4 0.4596354166666667 0.5364583333333334 0.044270833333333336 0.0703125
4 0.7506510416666666 0.5455729166666666 0.006510416666666667 0.0078125
4 0.9166666666666666 0.9095052083333334 0.1640625 0.13151041666666666
6 0.005859375 0.646484375 0.01171875 0.032552083333333336
6 0.07096354166666667 0.861328125 0.14192708333333334 0.2747395833333333
6 0.12825520833333334 0.9524739583333334 0.006510416666666667 0.009114583333333334
6 0.5520833333333334 0.4850260416666667 0.0859375 0.07942708333333333
