1 0.196875 0.871875 0.3375 0.2520833333333333
0 0.005859375 0.4908854166666667 0 0.5247395833333334 0.0205078125 0.546875 0.0634765625 0.5598958333333334 0.08203125 0.5377604166666666 0.08203125 0.50390625 0.0654296875 0.484375
0 0.400390625 0.3111979166666667 0.4052734375 0.3567708333333333 0.4228515625 0.3619791666666667 0.443359375 0.34765625 0.4453125 0.3190104166666667 0.4345703125 0.3020833333333333 0.4111328125 0.2994791666666667
0 0.63671875 0.29296875 0.6328125 0.31640625 0.6474609375 0.3385416666666667 0.6708984375 0.34375 0.681640625 0.33203125 0.68359375 0.30859375 0.6689453125 0.2864583333333333 0.6474609375 0.2838541666666667
0 0.4296875 0.14453125 0.431640625 0.17578125 0.4482421875 0.19270833333333334 0.4638671875 0.19270833333333334 0.478515625 0.17317708333333334 0.478515625 0.14973958333333334 0.4619140625 0.12760416666666666 0.4423828125 0.12760416666666666
0 0.564453125 0.06901041666666667 0.5625 0.10807291666666667 0.5751953125 0.11979166666666667 0.5947265625 0.1171875 0.6015625 0.10546875 0.595703125 0.07161458333333333 0.5830078125 0.059895833333333336 0.5693359375 0.059895833333333336
0 0.619140625 0.07942708333333333 0.619140625 0.11328125 0.6337890625 0.13020833333333334 0.6474609375 0.1328125 0.662109375 0.11588541666666667 0.6640625 0.09505208333333333 0.6513671875 0.07291666666666667 0.6337890625 0.06770833333333333
0 0.583984375 0.16276041666666666 0.5859375 0.18880208333333334 0.6005859375 0.203125 0.6181640625 0.203125 0.630859375 0.18619791666666666 0.6123046875 0.15364583333333334 0.5908203125 0.15364583333333334
0 0.701171875 0.12109375 0.69921875 0.13932291666666666 0.7080078125 0.15885416666666666 0.7236328125 0.16927083333333334 0.7421875 0.16015625 0.7421875 0.13151041666666666 0.7294921875 0.11458333333333333 0.7099609375 0.11197916666666667
0 0.33203125 0.09244791666666667 0.330078125 0.10807291666666667 0.3427734375 0.13020833333333334 0.3662109375 0.1328125 0.376953125 0.11588541666666667 0.376953125 0.09505208333333333 0.3623046875 0.07552083333333333 0.3466796875 0.07552083333333333
0 0.4013671875 0 0.392578125 0.01171875 0.392578125 0.040364583333333336 0.4189453125 0.059895833333333336 0.43359375 0.016927083333333332 0.4208984375 0
0 0.423828125 0.05859375 0.421875 0.08203125 0.4326171875 0.1015625 0.4521484375 0.10416666666666667 0.4609375 0.09505208333333333 0.462890625 0.05859375 0.4560546875 0.049479166666666664 0.4384765625 0.044270833333333336
0 0.796875 0.06380208333333333 0.794921875 0.08203125 0.8115234375 0.10677083333333333 0.8291015625 0.109375 0.83984375 0.09765625 0.84375 0.06901041666666667 0.8291015625 0.049479166666666664 0.8115234375 0.046875
0 0.904296875 0.3033854166666667 0.904296875 0.3216145833333333 0.9189453125 0.3359375 0.935546875 0.3138020833333333 0.9287109375 0.296875
0 0.9306640625 0.22916666666666666 0.921875 0.24088541666666666 0.9296875 0.2747395833333333 0.9404296875 0.2864583333333333 0.9580078125 0.2864583333333333 0.96484375 0.27734375 0.962890625 0.24609375 0.9521484375 0.23177083333333334
0 0.857421875 0.26953125 0.859375 0.2981770833333333 0.8681640625 0.3020833333333333 0.8828125 0.26953125 0.8740234375 0.2604166666666667
0 0.75390625 0.7122395833333334 0.75 0.7330729166666666 0.7607421875 0.7526041666666666 0.7744140625 0.7526041666666666 0.79296875 0.7330729166666666 0.79296875 0.70703125 0.7744140625 0.6822916666666666 0.763671875 0.6861979166666666
0 0.337890625 0.80859375 0.3359375 0.8372395833333334 0.3505859375 0.8619791666666666 0.3701171875 0.8645833333333334 0.388671875 0.8528645833333334 0.390625 0.8216145833333334 0.3798828125 0.796875 0.3525390625 0.7916666666666666
0 0.365234375 0.76953125 0.365234375 0.7877604166666666 0.3935546875 0.8203125 0.412109375 0.8033854166666666 0.4140625 0.7825520833333334 0.4033203125 0.7630208333333334 0.3818359375 0.7552083333333334
0 0.283203125 0.80078125 0.28125 0.8190104166666666 0.2978515625 0.8411458333333334 0.3232421875 0.8463541666666666 0.3359375 0.8268229166666666 0.33203125 0.7955729166666666 0.3173828125 0.78125 0.2978515625 0.78125
0 0.408203125 0.73828125 0.408203125 0.7669270833333334 0.4248046875 0.7916666666666666 0.4404296875 0.7942708333333334 0.4609375 0.7721354166666666 0.4609375 0.7408854166666666 0.4462890625 0.71875 0.4208984375 0.71875
0 0.46875 0.91015625 0.4716796875 0.9557291666666666 0.4853515625 0.9635416666666666 0.505859375 0.94921875 0.4970703125 0.8984375
0 0.3505859375 0.2786458333333333 0.34375 0.2877604166666667 0.3505859375 0.3229166666666667 0.3779296875 0.3307291666666667 0.39453125 0.31640625 0.396484375 0.2903645833333333 0.3837890625 0.265625
0 0.5712890625 0 0.5703125 0.009114583333333334 0.5888671875 0.026041666666666668 0.6044921875 0.0234375 0.61328125 0.006510416666666667 0.6123046875 0