0 0.443359375 0.5325520833333334 0.455078125 0.5169270833333334 0.45703125 0.5013020833333334 0.4462890625 0.4817708333333333 0.4287109375 0.4765625 0.412109375 0.4934895833333333 0.41015625 0.5143229166666666 0.4228515625 0.5338541666666666
0 0.474609375 0.48046875 0.48828125 0.4674479166666667 0.48828125 0.4466145833333333 0.4716796875 0.4296875 0.4521484375 0.4348958333333333 0.447265625 0.4440104166666667 0.44921875 0.4700520833333333 0.4599609375 0.4817708333333333
0 0.513671875 0.45703125 0.529296875 0.44140625 0.529296875 0.41796875 0.5185546875 0.4036458333333333 0.4990234375 0.4036458333333333 0.48828125 0.4153645833333333 0.48828125 0.4361979166666667 0.4990234375 0.453125
0 0.537109375 0.58984375 0.548828125 0.57421875 0.548828125 0.5533854166666666 0.5302734375 0.5338541666666666 0.5126953125 0.5364583333333334 0.50390625 0.5533854166666666 0.5078125 0.58203125 0.5185546875 0.5911458333333334
0 0.546875 0.5247395833333334 0.55859375 0.51171875 0.560546875 0.4934895833333333 0.5458984375 0.4739583333333333 0.5302734375 0.4739583333333333 0.51953125 0.4856770833333333 0.517578125 0.5065104166666666 0.5322265625 0.5260416666666666
0 0.544921875 0.6731770833333334 0.556640625 0.6627604166666666 0.560546875 0.63671875 0.5439453125 0.6171875 0.5283203125 0.6171875 0.515625 0.6315104166666666 0.515625 0.6549479166666666 0.5263671875 0.671875
0 0.498046875 0.6861979166666666 0.51171875 0.6705729166666666 0.51171875 0.6497395833333334 0.5009765625 0.6328125 0.4833984375 0.6302083333333334 0.46875 0.64453125 0.466796875 0.66796875 0.4814453125 0.6875
0 0.42578125 0.6653645833333334 0.44140625 0.65234375 0.443359375 0.6315104166666666 0.4365234375 0.6171875 0.4169921875 0.609375 0.3984375 0.6263020833333334 0.396484375 0.64453125 0.4072265625 0.6614583333333334
0 0.36328125 0.69921875 0.376953125 0.6783854166666666 0.373046875 0.6549479166666666 0.3603515625 0.6432291666666666 0.3369140625 0.6484375 0.330078125 0.66015625 0.333984375 0.6861979166666666 0.3466796875 0.7005208333333334
0 0.330078125 0.7955729166666666 0.33984375 0.7877604166666666 0.34375 0.76171875 0.3369140625 0.7473958333333334 0.3115234375 0.7395833333333334 0.296875 0.7591145833333334 0.298828125 0.7799479166666666 0.3115234375 0.796875
0 0.296875 0.7278645833333334 0.310546875 0.71484375 0.3125 0.6940104166666666 0.3037109375 0.6770833333333334 0.2861328125 0.671875 0.26953125 0.69140625 0.267578125 0.7096354166666666 0.2783203125 0.7265625
0 0.142578125 0.8502604166666666 0.1611328125 0.84375 0.16796875 0.81640625 0.1533203125 0.7864583333333334 0.1337890625 0.7838541666666666 0.1171875 0.80078125 0.115234375 0.8268229166666666 0.1259765625 0.8489583333333334
0 0.130859375 0.6419270833333334 0.15234375 0.62109375 0.150390625 0.5950520833333334 0.1357421875 0.578125 0.1142578125 0.5859375 0.10546875 0.60546875 0.107421875 0.6263020833333334 0.1201171875 0.640625
0 0.205078125 0.5325520833333334 0.220703125 0.5169270833333334 0.22265625 0.4934895833333333 0.2099609375 0.4739583333333333 0.1923828125 0.4713541666666667 0.1796875 0.4856770833333333 0.17578125 0.50390625 0.1865234375 0.5260416666666666
0 0.255859375 0.5325520833333334 0.267578125 0.51953125 0.26953125 0.4908854166666667 0.2626953125 0.4765625 0.2451171875 0.4713541666666667 0.23046875 0.4856770833333333 0.2265625 0.5143229166666666 0.2373046875 0.53125
0 0.3125 0.41015625 0.326171875 0.40234375 0.33203125 0.37890625 0.3212890625 0.3619791666666667 0.3056640625 0.3567708333333333 0.2890625 0.37109375 0.287109375 0.3919270833333333 0.2958984375 0.40625
0 0.26171875 0.3919270833333333 0.275390625 0.3841145833333333 0.28125 0.35546875 0.2705078125 0.3411458333333333 0.2548828125 0.3385416666666667 0.23828125 0.35546875 0.23828125 0.3736979166666667 0.2470703125 0.3880208333333333
0 0.064453125 0.3580729166666667 0.078125 0.34765625 0.080078125 0.3216145833333333 0.0712890625 0.3072916666666667 0.0498046875 0.3046875 0.037109375 0.3190104166666667 0.03515625 0.33984375 0.0478515625 0.3567708333333333
0 0.13671875 0.21744791666666666 0.15234375 0.20703125 0.15625 0.18619791666666666 0.1435546875 0.1640625 0.1279296875 0.16145833333333334 0.111328125 0.17578125 0.109375 0.19661458333333334 0.1162109375 0.21354166666666666
0 0.130859375 0.2903645833333333 0.14453125 0.2799479166666667 0.14453125 0.2591145833333333 0.1376953125 0.2421875 0.1240234375 0.23697916666666666 0.109375 0.24609375 0.103515625 0.2721354166666667 0.1123046875 0.2890625
0 0.208984375 0.17317708333333334 0.22265625 0.16276041666666666 0.2265625 0.13932291666666666 0.2158203125 0.11979166666666667 0.2001953125 0.1171875 0.185546875 0.13151041666666666 0.18359375 0.15755208333333334 0.1943359375 0.171875
0 0.25 0.08203125 0.263671875 0.06380208333333333 0.26171875 0.040364583333333336 0.2490234375 0.026041666666666668 0.2333984375 0.026041666666666668 0.21875 0.048177083333333336 0.21875 0.06640625 0.2275390625 0.08072916666666667
0 0.04296875 0.21744791666666666 0.052734375 0.20703125 0.056640625 0.18359375 0.0439453125 0.15885416666666666 0.0283203125 0.15885416666666666 0.013671875 0.17317708333333334 0.01171875 0.19921875 0.0244140625 0.21614583333333334
0 0.404296875 0.09505208333333333 0.41796875 0.07942708333333333 0.4140625 0.05859375 0.4052734375 0.049479166666666664 0.3837890625 0.052083333333333336 0.375 0.06901041666666667 0.376953125 0.08203125 0.3896484375 0.09635416666666667
0 0.38671875 0.20182291666666666 0.3984375 0.17838541666666666 0.3837890625 0.15885416666666666 0.3662109375 0.16145833333333334 0.357421875 0.17317708333333334 0.361328125 0.19661458333333334
0 0.4765625 0.11848958333333333 0.486328125 0.10026041666666667 0.4765625 0.07682291666666667 0.4697265625 0.0703125 0.4501953125 0.07552083333333333 0.443359375 0.08984375 0.44921875 0.11328125
0 0.57421875 0.15234375 0.587890625 0.13932291666666666 0.58984375 0.12630208333333334 0.5791015625 0.10677083333333333 0.5634765625 0.10416666666666667 0.548828125 0.11588541666666667 0.546875 0.13151041666666666 0.5537109375 0.1484375
0 0.744140625 0.21223958333333334 0.755859375 0.19661458333333334 0.751953125 0.17578125 0.7333984375 0.15885416666666666 0.7197265625 0.1640625 0.712890625 0.17838541666666666 0.716796875 0.20442708333333334 0.7294921875 0.21354166666666666
0 0.66796875 0.55078125 0.681640625 0.5377604166666666 0.68359375 0.51953125 0.6708984375 0.5 0.6513671875 0.5 0.640625 0.5169270833333334 0.640625 0.5299479166666666 0.6474609375 0.5442708333333334
0 0.6953125 0.6080729166666666 0.705078125 0.59765625 0.708984375 0.5768229166666666 0.7021484375 0.5625 0.6845703125 0.5520833333333334 0.669921875 0.5638020833333334 0.666015625 0.5846354166666666 0.6787109375 0.6067708333333334
0 0.69921875 0.68359375 0.712890625 0.6705729166666666 0.71484375 0.6497395833333334 0.7060546875 0.6328125 0.6923828125 0.625 0.67578125 0.63671875 0.671875 0.66015625 0.6845703125 0.6822916666666666
0 0.638671875 0.6627604166666666 0.66015625 0.64453125 0.66015625 0.62890625 0.6513671875 0.6145833333333334 0.6279296875 0.6145833333333334 0.615234375 0.6315104166666666 0.615234375 0.64453125
0 0.591796875 0.69140625 0.607421875 0.67578125 0.607421875 0.65234375 0.5966796875 0.6354166666666666 0.5732421875 0.6354166666666666 0.564453125 0.6497395833333334 0.564453125 0.6731770833333334 0.5751953125 0.6901041666666666
0 0.74609375 0.6341145833333334 0.759765625 0.62109375 0.76171875 0.6028645833333334 0.7509765625 0.5833333333333334 0.7314453125 0.578125 0.71875 0.5924479166666666 0.716796875 0.6106770833333334 0.7294921875 0.6328125
0 0.79296875 0.6497395833333334 0.806640625 0.6393229166666666 0.80859375 0.61328125 0.7958984375 0.5963541666666666 0.7763671875 0.5963541666666666 0.765625 0.61328125 0.767578125 0.6341145833333334 0.7802734375 0.6484375
0 0.77734375 0.5794270833333334 0.791015625 0.5611979166666666 0.7890625 0.54296875 0.7763671875 0.53125 0.7529296875 0.5338541666666666 0.748046875 0.55859375 0.75390625 0.5716145833333334 0.7646484375 0.5807291666666666
0 0.8671875 0.62109375 0.876953125 0.6002604166666666 0.8681640625 0.5755208333333334 0.8505859375 0.5677083333333334 0.833984375 0.58203125 0.83203125 0.5950520833333334 0.8427734375 0.6171875
0 0.88671875 0.6809895833333334 0.896484375 0.66796875 0.892578125 0.6393229166666666 0.8798828125 0.6276041666666666 0.8583984375 0.6354166666666666 0.85546875 0.6705729166666666 0.8642578125 0.6822916666666666
0 0.818359375 0.7721354166666666 0.830078125 0.7565104166666666 0.830078125 0.7330729166666666 0.8173828125 0.7161458333333334 0.8017578125 0.7161458333333334 0.7890625 0.7330729166666666 0.7890625 0.7513020833333334 0.8017578125 0.7708333333333334
0 0.763671875 0.77734375 0.779296875 0.7643229166666666 0.78125 0.7408854166666666 0.7666015625 0.7213541666666666 0.7451171875 0.7239583333333334 0.73828125 0.7591145833333334 0.7490234375 0.7734375
0 0.865234375 0.7591145833333334 0.873046875 0.75390625 0.880859375 0.7278645833333334 0.8720703125 0.7109375 0.8505859375 0.7057291666666666 0.83984375 0.7174479166666666 0.837890625 0.73828125 0.8486328125 0.7578125
0 0.908203125 0.8138020833333334 0.921875 0.7981770833333334 0.923828125 0.7747395833333334 0.9111328125 0.7552083333333334 0.8955078125 0.75 0.87890625 0.7643229166666666 0.876953125 0.79296875 0.8876953125 0.8098958333333334
0 0.794921875 0.94921875 0.8125 0.93359375 0.810546875 0.91015625 0.7919921875 0.8880208333333334 0.7841796875 0.8880208333333334 0.767578125 0.90234375 0.765625 0.92578125 0.7783203125 0.9479166666666666
0 0.646484375 0.9986979166666666 0.6484375 0.9778645833333334 0.6435546875 0.96875 0.6220703125 0.9557291666666666 0.6015625 0.96484375 0.6025390625 0.9973958333333334
0 0.8125 0.9986979166666666 0.814453125 0.98046875 0.7978515625 0.9635416666666666 0.7802734375 0.9661458333333334 0.767578125 0.98828125 0.7705078125 1
0 0.595703125 0.85546875 0.60546875 0.84765625 0.609375 0.8190104166666666 0.5927734375 0.7994791666666666 0.5771484375 0.7994791666666666 0.564453125 0.8138020833333334 0.5625 0.8372395833333334 0.5791015625 0.8567708333333334
0 0.46875 0.8190104166666666 0.48046875 0.80859375 0.482421875 0.7825520833333334 0.4755859375 0.7682291666666666 0.4521484375 0.7604166666666666 0.439453125 0.7721354166666666 0.435546875 0.7981770833333334 0.4521484375 0.8203125
0 0.515625 0.7877604166666666 0.52734375 0.7721354166666666 0.525390625 0.7486979166666666 0.5126953125 0.734375 0.4912109375 0.7395833333333334 0.482421875 0.7591145833333334 0.486328125 0.7799479166666666 0.4951171875 0.7890625
0 0.279296875 0.61328125 0.29296875 0.59765625 0.291015625 0.5690104166666666 0.2783203125 0.5572916666666666 0.2587890625 0.5598958333333334 0.24609375 0.5794270833333334 0.248046875 0.59765625 0.2626953125 0.6145833333333334
0 0.337890625 0.5169270833333334 0.349609375 0.5091145833333334 0.35546875 0.48046875 0.3447265625 0.4635416666666667 0.3271484375 0.4609375 0.310546875 0.48046875 0.310546875 0.49609375 0.3212890625 0.5130208333333334
0 0.458984375 0.3997395833333333 0.4716796875 0.3984375 0.482421875 0.38671875 0.482421875 0.37109375 0.4697265625 0.3515625 0.4541015625 0.3515625 0.439453125 0.37109375 0.443359375 0.3893229166666667
0 0.51171875 0.3658854166666667 0.521484375 0.3450520833333333 0.517578125 0.3268229166666667 0.5087890625 0.3177083333333333 0.4853515625 0.3255208333333333 0.48046875 0.3346354166666667 0.482421875 0.35546875 0.4931640625 0.3671875
0 0.46875 0.33203125 0.482421875 0.3190104166666667 0.482421875 0.2955729166666667 0.4677734375 0.28125 0.4521484375 0.2838541666666667 0.44140625 0.3033854166666667 0.44140625 0.31640625 0.4560546875 0.3333333333333333
0 0.44921875 0.2799479166666667 0.462890625 0.2669270833333333 0.462890625 0.24609375 0.4521484375 0.234375 0.4365234375 0.234375 0.42578125 0.24609375 0.423828125 0.26171875 0.4345703125 0.2786458333333333
0 0.822265625 0.22526041666666666 0.833984375 0.21484375 0.833984375 0.19401041666666666 0.8193359375 0.17708333333333334 0.7998046875 0.17708333333333334 0.791015625 0.19140625 0.79296875 0.20963541666666666 0.8076171875 0.2265625
0 0.900390625 0.5247395833333334 0.91015625 0.5091145833333334 0.908203125 0.4908854166666667 0.8955078125 0.4739583333333333 0.8759765625 0.4765625 0.8671875 0.4908854166666667 0.869140625 0.51171875 0.8798828125 0.5234375
0 0.9609375 0.55078125 0.970703125 0.5325520833333334 0.966796875 0.51171875 0.9521484375 0.4973958333333333 0.9345703125 0.5 0.927734375 0.5091145833333334 0.9296875 0.5377604166666666 0.9423828125 0.5520833333333334
0 0.642578125 0.4986979166666667 0.65625 0.4856770833333333 0.65625 0.4674479166666667 0.6435546875 0.4505208333333333 0.6279296875 0.4505208333333333 0.619140625 0.4622395833333333 0.6171875 0.4830729166666667 0.6279296875 0.4973958333333333
0 0.5625 0.32421875 0.572265625 0.3111979166666667 0.5634765625 0.28125 0.5517578125 0.2786458333333333 0.533203125 0.2903645833333333 0.53125 0.30859375 0.5380859375 0.3203125
0 0.060546875 0.65234375 0.076171875 0.6393229166666666 0.076171875 0.6158854166666666 0.0615234375 0.5963541666666666 0.0458984375 0.5963541666666666 0.033203125 0.6080729166666666 0.029296875 0.62890625 0.0380859375 0.6484375
0 0.61328125 0.5716145833333334 0.623046875 0.55859375 0.623046875 0.5377604166666666 0.6123046875 0.5234375 0.5927734375 0.5234375 0.58203125 0.5377604166666666 0.583984375 0.55859375 0.5966796875 0.5729166666666666
0 0.57421875 0.4388020833333333 0.587890625 0.4283854166666667 0.5859375 0.40234375 0.5537109375 0.3932291666666667 0.544921875 0.4075520833333333 0.544921875 0.4231770833333333 0.5556640625 0.4375
0 0.619140625 0.4361979166666667 0.630859375 0.42578125 0.62890625 0.4049479166666667 0.6083984375 0.3828125 0.5927734375 0.3854166666666667 0.587890625 0.39453125 0.591796875 0.42578125 0.6044921875 0.4375
0 0.4296875 0.22005208333333334 0.44140625 0.21223958333333334 0.443359375 0.18880208333333334 0.4248046875 0.17447916666666666 0.4091796875 0.1796875 0.40234375 0.18880208333333334 0.40234375 0.20703125 0.4111328125 0.21875
0 0.83203125 0.3684895833333333 0.845703125 0.35546875 0.84765625 0.3294270833333333 0.8369140625 0.3151041666666667 0.8134765625 0.3151041666666667 0.8046875 0.3294270833333333 0.8046875 0.3450520833333333 0.8154296875 0.3645833333333333
0 0.7578125 0.3606770833333333 0.767578125 0.3424479166666667 0.765625 0.3268229166666667 0.7568359375 0.3151041666666667 0.7353515625 0.3151041666666667 0.7265625 0.3294270833333333 0.732421875 0.3528645833333333 0.7431640625 0.3619791666666667
0 0.669921875 0.3684895833333333 0.677734375 0.3528645833333333 0.6728515625 0.3333333333333333 0.6494140625 0.328125 0.640625 0.3372395833333333 0.638671875 0.3528645833333333 0.6474609375 0.3671875
0 0.70703125 0.3268229166666667 0.716796875 0.3138020833333333 0.71484375 0.29296875 0.6982421875 0.2838541666666667 0.6806640625 0.2890625 0.677734375 0.31640625 0.6904296875 0.328125
0 0.607421875 0.3294270833333333 0.619140625 0.3138020833333333 0.6171875 0.29296875 0.6064453125 0.28125 0.5869140625 0.2838541666666667 0.580078125 0.2955729166666667 0.580078125 0.31640625 0.5966796875 0.3307291666666667