2 0.95078125 0.546875 0.0953125 0.3229166666666667
0 0.82421875 0.4309895833333333 0.837890625 0.4127604166666667 0.83984375 0.3841145833333333 0.8232421875 0.359375 0.8056640625 0.3567708333333333 0.787109375 0.3815104166666667 0.787109375 0.41015625 0.8017578125 0.4296875
0 0.767578125 0.4674479166666667 0.775390625 0.4544270833333333 0.771484375 0.41796875 0.7607421875 0.40625 0.7412109375 0.4088541666666667 0.744140625 0.4596354166666667
0 0.65234375 0.4466145833333333 0.6650390625 0.4427083333333333 0.677734375 0.4153645833333333 0.67578125 0.3893229166666667 0.6630859375 0.375 0.642578125 0.37890625 0.64453125 0.4440104166666667
0 0.853515625 0.35546875 0.875 0.33203125 0.89453125 0.28515625 0.892578125 0.2591145833333333 0.8701171875 0.23958333333333334 0.8505859375 0.24479166666666666 0.83984375 0.2565104166666667 0.83984375 0.3033854166666667 0.826171875 0.3294270833333333 0.8349609375 0.3489583333333333
0 0.390625 0.08463541666666667 0.40625 0.07421875 0.408203125 0.045572916666666664 0.3955078125 0.026041666666666668 0.3759765625 0.026041666666666668 0.361328125 0.040364583333333336 0.361328125 0.07161458333333333 0.3701171875 0.08333333333333333
0 0.208984375 0.10026041666666667 0.224609375 0.08984375 0.232421875 0.06380208333333333 0.2216796875 0.041666666666666664 0.2041015625 0.036458333333333336 0.1875 0.053385416666666664 0.181640625 0.07942708333333333 0.1923828125 0.09895833333333333
0 0.166015625 0.08203125 0.18359375 0.06380208333333333 0.1875 0.048177083333333336 0.1787109375 0.0234375 0.1689453125 0.0234375 0.1591796875 0.041666666666666664 0.138671875 0.05078125 0.1533203125 0.08333333333333333
0 0.048828125 0.6315104166666666 0.064453125 0.6080729166666666 0.064453125 0.58203125 0.0556640625 0.5677083333333334 0.0361328125 0.5625 0.017578125 0.58203125 0.015625 0.6106770833333334 0.0263671875 0.6302083333333334
0 0.138671875 0.4622395833333333 0.154296875 0.4466145833333333 0.15625 0.42578125 0.1455078125 0.4010416666666667 0.1259765625 0.3984375 0.11328125 0.4153645833333333 0.111328125 0.4388020833333333 0.1201171875 0.4583333333333333
0 0.23046875 0.3997395833333333 0.248046875 0.3658854166666667 0.248046875 0.3502604166666667 0.2373046875 0.3307291666666667 0.2158203125 0.3255208333333333 0.19921875 0.3450520833333333 0.1953125 0.37109375 0.2099609375 0.3984375
0 0.291015625 0.8997395833333334 0.3046875 0.87109375 0.30078125 0.84765625 0.2841796875 0.828125 0.2685546875 0.8307291666666666 0.259765625 0.8450520833333334 0.26953125 0.89453125
0 0.1171875 0.9388020833333334 0.12890625 0.91015625 0.126953125 0.8841145833333334 0.1142578125 0.859375 0.1025390625 0.8567708333333334 0.083984375 0.8736979166666666 0.080078125 0.91015625 0.0966796875 0.9401041666666666
0 0.3125 0.59765625 0.3271484375 0.59375 0.337890625 0.5794270833333334 0.3359375 0.5559895833333334 0.3193359375 0.5416666666666666 0.3017578125 0.5442708333333334 0.2890625 0.5611979166666666 0.291015625 0.5872395833333334
0 0.51171875 0.95703125 0.509765625 0.9127604166666666 0.5029296875 0.9010416666666666 0.4892578125 0.8958333333333334 0.46875 0.9075520833333334 0.5029296875 0.9583333333333334