1 0.93515625 0.9458333333333333 0.1265625 0.10416666666666667
2 0.74375 0.7322916666666667 0.21875 0.23958333333333334
0 0.119140625 0.7643229166666666 0.134765625 0.7513020833333334 0.138671875 0.71484375 0.1279296875 0.6927083333333334 0.1123046875 0.6848958333333334 0.0986328125 0.7213541666666666 0.0966796875 0.7083333333333334 0.087890625 0.71484375 0.087890625 0.7408854166666666 0.1005859375 0.7630208333333334
0 0.083984375 0.8502604166666666 0.103515625 0.8372395833333334 0.111328125 0.8111979166666666 0.111328125 0.79296875 0.0966796875 0.7708333333333334 0.0732421875 0.7734375 0.05859375 0.80078125 0.064453125 0.8372395833333334
0 0.03125 0.8893229166666666 0.05078125 0.86328125 0.05078125 0.8346354166666666 0.0341796875 0.8177083333333334 0.0244140625 0.8177083333333334 0.009765625 0.83203125 0.00390625 0.86328125 0.0126953125 0.8854166666666666
0 0.142578125 0.19921875 0.158203125 0.18619791666666666 0.162109375 0.15755208333333334 0.1494140625 0.13802083333333334 0.1337890625 0.13541666666666666 0.115234375 0.15494791666666666 0.11328125 0.18359375 0.1259765625 0.20052083333333334
0 0.89453125 0.6106770833333334 0.90625 0.6002604166666666 0.91015625 0.5690104166666666 0.8916015625 0.5416666666666666 0.8701171875 0.5442708333333334 0.857421875 0.5638020833333334 0.857421875 0.5846354166666666 0.8720703125 0.6119791666666666
0 0.97265625 0.6966145833333334 0.9921875 0.67578125 0.994140625 0.65234375 0.9775390625 0.6223958333333334 0.9580078125 0.6145833333333334 0.939453125 0.64453125 0.94140625 0.6731770833333334 0.9619140625 0.6979166666666666
0 0.94140625 0.6705729166666666 0.94140625 0.6419270833333334 0.951171875 0.62109375 0.9345703125 0.6041666666666666 0.9228515625 0.6041666666666666 0.91015625 0.6315104166666666 0.9287109375 0.6692708333333334
0 0.88671875 0.4049479166666667 0.900390625 0.3893229166666667 0.90234375 0.37109375 0.8974609375 0.3645833333333333 0.8564453125 0.3645833333333333 0.8515625 0.37109375 0.8642578125 0.4010416666666667
0 0.859375 0.5325520833333334 0.87890625 0.51171875 0.8740234375 0.484375 0.8408203125 0.4921875 0.83203125 0.5091145833333334 0.8447265625 0.53125
0 0.65625 0.8658854166666666 0.671875 0.84765625 0.67578125 0.8138020833333334 0.6357421875 0.7916666666666666 0.62109375 0.81640625 0.619140625 0.8424479166666666 0.6318359375 0.8645833333333334