0 0.2921875 0.31979166666666664 0.0875 0.12291666666666666
0 0.3994140625 0.5729166666666666 0.39453125 0.58203125 0.40234375 0.6497395833333334 0.4248046875 0.6692708333333334 0.4482421875 0.671875 0.462890625 0.6471354166666666 0.458984375 0.5950520833333334 0.4365234375 0.5677083333333334
0 0.486328125 0.5950520833333334 0.48046875 0.61328125 0.4921875 0.6705729166666666 0.5185546875 0.6927083333333334 0.5419921875 0.6770833333333334 0.55078125 0.66015625 0.544921875 0.6080729166666666 0.5126953125 0.5807291666666666 0.4990234375 0.5807291666666666
0 0.333984375 0.6393229166666666 0.322265625 0.66796875 0.326171875 0.7174479166666666 0.3408203125 0.7395833333333334 0.3798828125 0.7369791666666666 0.396484375 0.7018229166666666 0.388671875 0.6575520833333334 0.3642578125 0.6328125
0 0.412109375 0.7669270833333334 0.412109375 0.8111979166666666 0.4345703125 0.8463541666666666 0.4677734375 0.84375 0.486328125 0.8268229166666666 0.490234375 0.7903645833333334 0.4638671875 0.7473958333333334 0.4345703125 0.7421875
0 0.615234375 0.28515625 0.619140625 0.3294270833333333 0.6396484375 0.3489583333333333 0.6689453125 0.3567708333333333 0.689453125 0.3294270833333333 0.689453125 0.2955729166666667 0.6591796875 0.2604166666666667 0.6337890625 0.2604166666666667
0 0.765625 0.5533854166666666 0.763671875 0.6002604166666666 0.7841796875 0.640625 0.7978515625 0.6432291666666666 0.82421875 0.5638020833333334 0.7978515625 0.546875
0 0.6796875 0.5299479166666666 0.6796875 0.5690104166666666 0.6943359375 0.59375 0.7177734375 0.6067708333333334 0.7421875 0.5950520833333334 0.748046875 0.55078125 0.7275390625 0.515625 0.6923828125 0.5130208333333334
0 0.8515625 0.5611979166666666 0.849609375 0.6002604166666666 0.8623046875 0.6276041666666666 0.8994140625 0.6432291666666666 0.923828125 0.6236979166666666 0.923828125 0.5846354166666666 0.9013671875 0.5494791666666666 0.8681640625 0.5416666666666666
0 0.6640625 0.8424479166666666 0.6640625 0.8815104166666666 0.6767578125 0.9036458333333334 0.7119140625 0.9192708333333334 0.728515625 0.91015625 0.73828125 0.8736979166666666 0.7197265625 0.8333333333333334 0.6806640625 0.8229166666666666
0 0.033203125 0.7643229166666666 0.033203125 0.7981770833333334 0.0615234375 0.84375 0.0888671875 0.84375 0.115234375 0.8111979166666666 0.1171875 0.7643229166666666 0.0888671875 0.7239583333333334 0.0537109375 0.7291666666666666
0 0.109375 0.6861979166666666 0.10546875 0.7252604166666666 0.1259765625 0.7682291666666666 0.1552734375 0.78125 0.18359375 0.7591145833333334 0.19140625 0.70703125 0.1669921875 0.6614583333333334 0.1357421875 0.6536458333333334
0 0.19140625 0.5221354166666666 0.189453125 0.5403645833333334 0.220703125 0.6028645833333334 0.2392578125 0.6067708333333334 0.25390625 0.5846354166666666 0.259765625 0.5247395833333334 0.2333984375 0.5
0 0.0009765625 0.0234375 0 0.12890625 0.0361328125 0.13802083333333334 0.056640625 0.11328125 0.056640625 0.05859375 0.0341796875 0.0234375
0 0.40234375 0.32421875 0.40234375 0.36328125 0.4228515625 0.4010416666666667 0.4560546875 0.40625 0.46875 0.3919270833333333 0.4765625 0.3606770833333333 0.4599609375 0.3151041666666667 0.4248046875 0.3020833333333333
0 0.556640625 0.33984375 0.55859375 0.3893229166666667 0.5908203125 0.4192708333333333 0.6083984375 0.4166666666666667 0.6328125 0.3841145833333333 0.626953125 0.3502604166666667 0.5986328125 0.3177083333333333 0.5732421875 0.3177083333333333
0 0.58203125 0.45703125 0.583984375 0.4986979166666667 0.6044921875 0.5286458333333334 0.6396484375 0.5338541666666666 0.654296875 0.5143229166666666 0.65625 0.4700520833333333 0.6337890625 0.4348958333333333 0.6083984375 0.4270833333333333
0 0.8134765625 0.8151041666666666 0.80859375 0.8294270833333334 0.833984375 0.8971354166666666 0.8427734375 0.9088541666666666 0.8740234375 0.9010416666666666 0.8828125 0.86328125 0.876953125 0.8346354166666666 0.8486328125 0.8072916666666666
0 0.95703125 0.13671875 0.955078125 0.16015625 0.96484375 0.18359375 0.9990234375 0.2109375 1 0.11588541666666667 0.9775390625 0.109375