1 0.93515625 0.5989583333333334 0.1265625 0.24375
2 0.74375 0.8375 0.165625 0.30416666666666664
0 0.29296875 0.2877604166666667 0.302734375 0.2747395833333333 0.302734375 0.24869791666666666 0.2880859375 0.234375 0.2666015625 0.23958333333333334 0.259765625 0.24869791666666666 0.26171875 0.27734375 0.2783203125 0.2890625
0 0.3203125 0.23307291666666666 0.3369140625 0.22395833333333334 0.34375 0.20703125 0.341796875 0.18619791666666666 0.3291015625 0.171875 0.3095703125 0.17447916666666666 0.298828125 0.19140625 0.30078125 0.22005208333333334 0.3115234375 0.234375
0 0.359375 0.17838541666666666 0.380859375 0.15755208333333334 0.37890625 0.13671875 0.3642578125 0.12239583333333333 0.3486328125 0.125 0.333984375 0.14192708333333334 0.337890625 0.16796875 0.3447265625 0.17708333333333334
0 0.267578125 0.17838541666666666 0.283203125 0.16015625 0.283203125 0.14453125 0.2705078125 0.12760416666666666 0.2529296875 0.12760416666666666 0.2421875 0.13671875 0.23828125 0.16536458333333334 0.2490234375 0.1796875
0 0.18359375 0.14192708333333334 0.1953125 0.12369791666666667 0.197265625 0.10546875 0.1923828125 0.09375 0.1748046875 0.08854166666666667 0.154296875 0.10807291666666667 0.154296875 0.12630208333333334 0.1630859375 0.14322916666666666
0 0.2265625 0.14973958333333334 0.240234375 0.13671875 0.2421875 0.11067708333333333 0.2294921875 0.09635416666666667 0.2138671875 0.09635416666666667 0.19921875 0.11328125 0.19921875 0.13671875 0.2060546875 0.1484375
0 0.125 0.2565104166666667 0.1396484375 0.25 0.146484375 0.23567708333333334 0.14453125 0.21484375 0.1279296875 0.20052083333333334 0.1142578125 0.20572916666666666 0.099609375 0.23046875 0.1083984375 0.2552083333333333
0 0.216796875 0.07682291666666667 0.23828125 0.055989583333333336 0.23828125 0.045572916666666664 0.2236328125 0.0234375 0.2119140625 0.020833333333333332 0.201171875 0.02734375 0.193359375 0.055989583333333336 0.1982421875 0.0703125
0 0.671875 0.17317708333333334 0.68359375 0.14192708333333334 0.6728515625 0.12239583333333333 0.6591796875 0.1171875 0.640625 0.13411458333333334 0.638671875 0.15755208333333334 0.6494140625 0.17447916666666666
0 0.705078125 0.14192708333333334 0.71875 0.11588541666666667 0.71875 0.10026041666666667 0.7041015625 0.08072916666666667 0.6884765625 0.08072916666666667 0.67578125 0.09505208333333333 0.673828125 0.11848958333333333 0.6865234375 0.13802083333333334
0 0.517578125 0.11848958333333333 0.533203125 0.10286458333333333 0.53515625 0.08203125 0.5244140625 0.06510416666666667 0.5087890625 0.0625 0.494140625 0.07421875 0.490234375 0.10026041666666667 0.5009765625 0.11979166666666667
0 0.47265625 0.6731770833333334 0.48828125 0.6575520833333334 0.494140625 0.6393229166666666 0.490234375 0.62109375 0.4794921875 0.609375 0.4609375 0.6158854166666666 0.455078125 0.6653645833333334
0 0.6171875 0.7018229166666666 0.638671875 0.68359375 0.642578125 0.6627604166666666 0.6298828125 0.6354166666666666 0.6083984375 0.6328125 0.591796875 0.6549479166666666 0.591796875 0.6783854166666666 0.6025390625 0.6979166666666666
0 0.568359375 0.72265625 0.578125 0.69140625 0.576171875 0.6783854166666666 0.5673828125 0.6640625 0.5498046875 0.6614583333333334 0.544921875 0.66796875 0.546875 0.7096354166666666 0.5576171875 0.7239583333333334
0 0.6640625 0.6419270833333334 0.7109375 0.5846354166666666 0.70703125 0.5611979166666666 0.6923828125 0.5442708333333334 0.6669921875 0.546875 0.65625 0.56640625 0.658203125 0.5924479166666666 0.638671875 0.6106770833333334 0.6494140625 0.6354166666666666
0 1 0.3919270833333333 1 0.3294270833333333 0.9794921875 0.328125 0.962890625 0.3502604166666667 0.96484375 0.3736979166666667 0.9873046875 0.3932291666666667
0 0.962890625 0.3450520833333333 0.9736328125 0.3307291666666667 0.994140625 0.32421875 0.9921875 0.3059895833333333 0.9833984375 0.2942708333333333 0.9677734375 0.2916666666666667 0.953125 0.3059895833333333 0.951171875 0.3372395833333333
0 0.98046875 0.2903645833333333 0.9921875 0.2721354166666667 0.9921875 0.24869791666666666 0.9775390625 0.22916666666666666 0.9599609375 0.22916666666666666 0.947265625 0.24609375 0.94921875 0.27734375 0.9599609375 0.2916666666666667
0 0.07421875 0.9752604166666666 0.087890625 0.95703125 0.08984375 0.93359375 0.0791015625 0.9114583333333334 0.0615234375 0.9088541666666666 0.0546875 0.9153645833333334 0.0546875 0.96484375
0 0.1484375 0.7174479166666666 0.162109375 0.69921875 0.162109375 0.68359375 0.1533203125 0.671875 0.1279296875 0.6744791666666666 0.119140625 0.6966145833333334 0.1259765625 0.7083333333333334
0 0.095703125 0.5247395833333334 0.115234375 0.5013020833333334 0.1171875 0.4778645833333333 0.1103515625 0.4635416666666667 0.0869140625 0.4557291666666667 0.07421875 0.4674479166666667 0.068359375 0.49609375 0.0751953125 0.515625
0 0.08984375 0.23046875 0.109375 0.20963541666666666 0.111328125 0.19140625 0.1044921875 0.1796875 0.06640625 0.19401041666666666 0.068359375 0.22005208333333334 0.0751953125 0.22916666666666666
0 0.12890625 0.09505208333333333 0.150390625 0.07682291666666667 0.150390625 0.053385416666666664 0.1376953125 0.036458333333333336 0.1162109375 0.041666666666666664 0.107421875 0.061197916666666664 0.109375 0.08203125 0.1181640625 0.09375