0 0.70078125 0.6979166666666666 0.1046875 0.125
0 0.40234375 0.3997395833333333 0.4228515625 0.3645833333333333 0.4375 0.3580729166666667 0.431640625 0.3216145833333333 0.4169921875 0.2994791666666667 0.3994140625 0.2890625 0.3779296875 0.2890625 0.3583984375 0.2994791666666667 0.349609375 0.3190104166666667 0.349609375 0.3424479166666667 0.36328125 0.3763020833333333 0.3818359375 0.3932291666666667
0 0.505859375 0.3971354166666667 0.541015625 0.3736979166666667 0.54296875 0.33203125 0.5205078125 0.296875 0.4892578125 0.2890625 0.458984375 0.3138020833333333 0.451171875 0.34765625 0.4794921875 0.390625
0 0.37109375 0.27734375 0.396484375 0.2643229166666667 0.404296875 0.24348958333333334 0.404296875 0.21223958333333334 0.3837890625 0.17708333333333334 0.3544921875 0.17447916666666666 0.3203125 0.20442708333333334 0.314453125 0.24348958333333334 0.3291015625 0.2682291666666667 0.3525390625 0.2786458333333333
0 0.52734375 0.11588541666666667 0.5546875 0.08203125 0.548828125 0.040364583333333336 0.5224609375 0.015625 0.4853515625 0.0234375 0.466796875 0.055989583333333336 0.47265625 0.08984375 0.4892578125 0.11197916666666667
0 0.42578125 0.10807291666666667 0.455078125 0.07942708333333333 0.455078125 0.037760416666666664 0.4384765625 0.015625 0.3935546875 0.015625 0.373046875 0.040364583333333336 0.375 0.08984375 0.3916015625 0.10416666666666667
0 0.140625 0.16015625 0.166015625 0.14192708333333334 0.166015625 0.09765625 0.1513671875 0.078125 0.1259765625 0.06510416666666667 0.0908203125 0.07291666666666667 0.078125 0.09505208333333333 0.083984375 0.13151041666666666 0.1142578125 0.15885416666666666
0 0.0859375 0.31640625 0.123046875 0.2903645833333333 0.123046875 0.2565104166666667 0.1083984375 0.23697916666666666 0.0869140625 0.2265625 0.0537109375 0.2265625 0.0419921875 0.234375 0.029296875 0.2565104166666667 0.037109375 0.29296875 0.0537109375 0.3125
0 0.06640625 0.8658854166666666 0.1015625 0.83984375 0.111328125 0.80078125 0.103515625 0.76171875 0.0771484375 0.7369791666666666 0.0341796875 0.7473958333333334 0.01171875 0.7825520833333334 0.01171875 0.81640625 0.03125 0.8528645833333334 0.0478515625 0.8671875
0 0.931640625 0.9908854166666666 0.9462890625 0.9869791666666666 0.962890625 0.9596354166666666 0.96484375 0.9361979166666666 0.958984375 0.9153645833333334 0.9345703125 0.8854166666666666 0.8916015625 0.8854166666666666 0.873046875 0.91015625 0.873046875 0.9466145833333334 0.9013671875 0.984375
0 0.8359375 0.9986979166666666 0.86328125 0.9518229166666666 0.861328125 0.9361979166666666 0.8291015625 0.9088541666666666 0.7880859375 0.9140625 0.7734375 0.9361979166666666 0.7734375 0.9596354166666666 0.78125 0.9752604166666666 0.7998046875 0.9973958333333334
0 0.84765625 0.8268229166666666 0.875 0.8059895833333334 0.876953125 0.76171875 0.8486328125 0.7265625 0.8173828125 0.7213541666666666 0.8037109375 0.7291666666666666 0.787109375 0.75390625 0.78515625 0.7747395833333334 0.791015625 0.79296875 0.8271484375 0.828125
0 0.826171875 0.4856770833333333 0.8408203125 0.4817708333333333 0.849609375 0.4700520833333333 0.84765625 0.43359375 0.82421875 0.41796875 0.8212890625 0.3880208333333333 0.7998046875 0.3802083333333333 0.7822265625 0.3880208333333333 0.767578125 0.4075520833333333 0.771484375 0.4466145833333333 0.7919921875 0.4765625
0 0.84765625 0.20703125 0.8681640625 0.20572916666666666 0.888671875 0.18359375 0.892578125 0.14192708333333334 0.8759765625 0.11458333333333333 0.8603515625 0.11197916666666667 0.8330078125 0.1328125 0.8134765625 0.1328125 0.8046875 0.14713541666666666 0.80859375 0.18619791666666666 0.8232421875 0.203125
0 0.6796875 0.12109375 0.6923828125 0.1171875 0.705078125 0.10026041666666667 0.712890625 0.06640625 0.7001953125 0.0390625 0.6787109375 0.046875 0.6728515625 0.0234375 0.6474609375 0.0234375 0.62890625 0.05078125 0.630859375 0.08463541666666667 0.6474609375 0.11458333333333333 0.6591796875 0.12239583333333333
0 0.47265625 0.49609375 0.4873046875 0.4869791666666667 0.501953125 0.45703125 0.501953125 0.4388020833333333 0.490234375 0.4075520833333333 0.4677734375 0.3880208333333333 0.4501953125 0.3880208333333333 0.4150390625 0.4140625 0.41015625 0.4283854166666667 0.4140625 0.4518229166666667 0.4482421875 0.4895833333333333
0 0.435546875 0.6158854166666666 0.447265625 0.6080729166666666 0.458984375 0.57421875 0.453125 0.5325520833333334 0.4228515625 0.5026041666666666 0.3876953125 0.5078125 0.369140625 0.5377604166666666 0.3671875 0.5638020833333334 0.373046875 0.5846354166666666 0.3935546875 0.6119791666666666
0 1 0.39453125 1 0.30859375 0.9794921875 0.3098958333333333 0.966796875 0.3268229166666667 0.966796875 0.34765625 0.974609375 0.3684895833333333