0 0.640625 0.57578125 0.0020833333333333333 0.0015625
0 0.6364583333333333 0.57578125 0.0020833333333333333 0.0015625
0 0.5708333333333333 0.565625 0.008333333333333333 0.00625
0 0.7708333333333334 0.553125 0.004166666666666667 0.003125
0 0.765625 0.55234375 0.0020833333333333333 0.0015625
0 0.7604166666666666 0.5515625 0.004166666666666667 0.003125
0 0.740625 0.54921875 0.0020833333333333333 0.0015625
0 0.7364583333333333 0.53671875 0.00625 0.0046875
0 0.24270833333333333 0.53671875 0.014583333333333334 0.0078125
0 0.26458333333333334 0.5328125 0.004166666666666667 0.003125
0 0.5354166666666667 0.52265625 0.004166666666666667 0.0015625
0 0.2989583333333333 0.51953125 0.00625 0.0046875
0 0.7520833333333333 0.5203125 0.029166666666666667 0.009375
0 0.47604166666666664 0.5296875 0.05625 0.028125
0 0.6083333333333333 0.50703125 0.03333333333333333 0.0078125
0 0.29791666666666666 0.50546875 0.004166666666666667 0.0046875
0 0.3614583333333333 0.50234375 0.10625 0.0296875
0 0.5302083333333333 0.44765625 0.0020833333333333333 0.0046875
0 0.515625 0.41875 0.0020833333333333333 0.009375
0 0.23541666666666666 0.4125 0.0375 0.01875
0 0.534375 0.4046875 0.0020833333333333333 0.009375
0 0.31666666666666665 0.39765625 0.03333333333333333 0.0171875
0 0.215625 0.38046875 0.03125 0.0171875
0 0.6645833333333333 0.375 0.008333333333333333 0.009375
0 0.6958333333333333 0.375 0.016666666666666666 0.025
0 0.8635416666666667 0.35859375 0.00625 0.0046875
0 0.55625 0.39375 0.05 0.078125
0 0.8489583333333334 0.35390625 0.0020833333333333333 0.0015625
0 0.6083333333333333 0.36328125 0.016666666666666666 0.0203125
0 0.384375 0.35390625 0.0020833333333333333 0.0015625
0 0.678125 0.3484375 0.00625 0.003125
0 0.8802083333333334 0.34296875 0.0020833333333333333 0.0015625
0 0.721875 0.346875 0.010416666666666666 0.009375
0 0.396875 0.340625 0.00625 0.00625
0 0.321875 0.33828125 0.00625 0.0046875
0 0.8739583333333333 0.33671875 0.00625 0.0046875
0 0.65625 0.3359375 0.008333333333333333 0.00625
0 0.3 0.35625 0.06666666666666667 0.05
0 0.8739583333333333 0.33046875 0.0020833333333333333 0.0015625
0 0.6739583333333333 0.3328125 0.014583333333333334 0.009375
0 0.8739583333333333 0.32734375 0.0020833333333333333 0.0015625
0 0.83125 0.32890625 0.016666666666666666 0.0140625
0 0.71875 0.3296875 0.025 0.015625
0 0.9302083333333333 0.32265625 0.00625 0.0046875
0 0.2625 0.32265625 0.004166666666666667 0.0046875
0 0.8364583333333333 0.31640625 0.0020833333333333333 0.0015625
0 0.8333333333333334 0.31328125 0.004166666666666667 0.0015625
0 0.821875 0.31640625 0.00625 0.0109375
0 0.815625 0.3125 0.00625 0.003125
0 0.5197916666666667 0.3125 0.010416666666666666 0.003125
0 0.36666666666666664 0.32890625 0.05 0.0359375
0 0.41875 0.3125 0.0125 0.00625
0 0.865625 0.30859375 0.0020833333333333333 0.0015625
0 0.2833333333333333 0.3140625 0.016666666666666666 0.0125
0 0.5135416666666667 0.3078125 0.0020833333333333333 0.003125
0 0.5333333333333333 0.30625 0.008333333333333333 0.003125
0 0.3333333333333333 0.3125 0.008333333333333333 0.015625
0 0.36666666666666664 0.30703125 0.004166666666666667 0.0078125
0 0.3302083333333333 0.30390625 0.0020833333333333333 0.0015625
0 0.5979166666666667 0.3078125 0.004166666666666667 0.0125
0 0.8635416666666667 0.30234375 0.010416666666666666 0.0046875
0 0.6145833333333334 0.30234375 0.008333333333333333 0.0046875
0 0.3302083333333333 0.29765625 0.0020833333333333333 0.0015625
0 0.8552083333333333 0.29453125 0.0020833333333333333 0.0015625
0 0.19583333333333333 0.30078125 0.029166666666666667 0.0171875
0 0.9364583333333333 0.29140625 0.0020833333333333333 0.0015625
0 0.9322916666666666 0.29140625 0.0020833333333333333 0.0015625
0 0.8114583333333333 0.2953125 0.01875 0.009375
0 0.521875 0.290625 0.010416666666666666 0.003125
0 0.28958333333333336 0.2921875 0.0125 0.009375
0 0.9979166666666667 0.2875 0.004166666666666667 0.00625
0 0.6989583333333333 0.29765625 0.014583333333333334 0.0265625
0 0.609375 0.2921875 0.01875 0.015625
0 0.30833333333333335 0.28984375 0.020833333333333332 0.0109375
0 0.8177083333333334 0.28515625 0.00625 0.0046875
0 0.09583333333333334 0.2875 0.008333333333333333 0.009375
0 0.18333333333333332 0.28359375 0.03333333333333333 0.0109375
0 0.8822916666666667 0.27734375 0.0020833333333333333 0.0015625
0 0.8166666666666667 0.27890625 0.004166666666666667 0.0046875
0 0.7854166666666667 0.2828125 0.020833333333333332 0.015625
0 0.5302083333333333 0.27578125 0.0020833333333333333 0.0015625
0 0.34479166666666666 0.27578125 0.0020833333333333333 0.0015625
0 0.10416666666666667 0.27578125 0.004166666666666667 0.0015625
0 0.228125 0.2734375 0.014583333333333334 0.00625
0 0.14479166666666668 0.275 0.010416666666666666 0.009375
0 0.35833333333333334 0.271875 0.020833333333333332 0.009375
0 0.7979166666666667 0.26640625 0.004166666666666667 0.0046875
0 0.4114583333333333 0.28984375 0.06875 0.0546875
0 0.990625 0.2640625 0.01875 0.00625
0 0.815625 0.2609375 0.0020833333333333333 0.003125
0 0.2520833333333333 0.278125 0.0375 0.0375
0 0.15416666666666667 0.26171875 0.008333333333333333 0.0078125
0 0.8114583333333333 0.2578125 0.0020833333333333333 0.003125
0 0.24479166666666666 0.25703125 0.0020833333333333333 0.0015625
0 0.33645833333333336 0.25625 0.00625 0.00625
0 0.5802083333333333 0.25234375 0.0020833333333333333 0.0015625
0 0.9197916666666667 0.2515625 0.0020833333333333333 0.003125
0 0.5989583333333334 0.2625 0.03125 0.025
0 0.759375 0.25703125 0.03125 0.0171875
0 0.6541666666666667 0.24921875 0.004166666666666667 0.0015625
0 0.5229166666666667 0.253125 0.016666666666666666 0.0125
0 0.4947916666666667 0.2640625 0.03125 0.040625
0 0.9739583333333334 0.24375 0.0020833333333333333 0.003125
0 0.8989583333333333 0.24296875 0.0020833333333333333 0.0015625
0 0.20729166666666668 0.24765625 0.014583333333333334 0.0109375
0 0.984375 0.24765625 0.03125 0.0140625
0 0.7010416666666667 0.24609375 0.022916666666666665 0.0140625
0 0.6052083333333333 0.24296875 0.010416666666666666 0.0078125
0 0.375 0.25 0.041666666666666664 0.021875
0 0.18020833333333333 0.23984375 0.0020833333333333333 0.0015625
0 0.6645833333333333 0.2390625 0.008333333333333333 0.003125
0 0.23541666666666666 0.2390625 0.008333333333333333 0.00625
0 0.290625 0.26484375 0.09375 0.0609375
0 0.18229166666666666 0.2359375 0.0020833333333333333 0.003125
0 0.859375 0.2375 0.014583333333333334 0.009375
0 0.7197916666666667 0.22734375 0.0020833333333333333 0.0015625
0 0.8208333333333333 0.228125 0.020833333333333332 0.009375
0 0.8927083333333333 0.22265625 0.0020833333333333333 0.0015625
0 0.88125 0.2234375 0.004166666666666667 0.003125
0 0.8229166666666666 0.21796875 0.004166666666666667 0.0015625
0 0.6270833333333333 0.2234375 0.020833333333333332 0.0125
0 0.14479166666666668 0.21796875 0.0020833333333333333 0.0015625
0 0.8885416666666667 0.21796875 0.00625 0.0078125
0 0.8572916666666667 0.21484375 0.0020833333333333333 0.0015625
0 0.809375 0.2140625 0.0020833333333333333 0.003125
0 0.8572916666666667 0.21171875 0.0020833333333333333 0.0015625
0 0.796875 0.21171875 0.0020833333333333333 0.0015625
0 0.8947916666666667 0.21015625 0.0020833333333333333 0.0015625
0 0.8697916666666666 0.2109375 0.0020833333333333333 0.003125
0 0.8052083333333333 0.21015625 0.0020833333333333333 0.0015625
0 0.9260416666666667 0.20859375 0.0020833333333333333 0.0015625
0 0.22604166666666667 0.20859375 0.0020833333333333333 0.0015625
0 0.865625 0.20546875 0.0020833333333333333 0.0015625
0 0.815625 0.21015625 0.014583333333333334 0.0109375
0 0.771875 0.20546875 0.0020833333333333333 0.0015625
0 0.18645833333333334 0.20859375 0.010416666666666666 0.0078125
0 0.8614583333333333 0.20546875 0.0020833333333333333 0.0046875
0 0.86875 0.20234375 0.004166666666666667 0.0015625
0 0.8114583333333333 0.20078125 0.0020833333333333333 0.0015625
0 0.803125 0.203125 0.00625 0.00625
0 0.6666666666666666 0.21171875 0.016666666666666666 0.0234375
0 0.6447916666666667 0.2015625 0.022916666666666665 0.009375
0 0.8135416666666667 0.196875 0.0020833333333333333 0.003125
0 0.9260416666666667 0.19453125 0.0020833333333333333 0.0015625
0 0.859375 0.19453125 0.0020833333333333333 0.0015625
0 0.8072916666666666 0.19296875 0.0020833333333333333 0.0015625
0 0.3302083333333333 0.19296875 0.0020833333333333333 0.0015625
0 0.23020833333333332 0.20390625 0.022916666666666665 0.0234375
0 0.8572916666666667 0.19140625 0.0020833333333333333 0.0015625
0 0.29791666666666666 0.21171875 0.03333333333333333 0.0421875
0 0.9697916666666667 0.190625 0.0020833333333333333 0.003125
0 0.8208333333333333 0.1984375 0.0125 0.01875
0 0.6739583333333333 0.1921875 0.010416666666666666 0.009375
0 0.8697916666666666 0.18671875 0.0020833333333333333 0.0015625
0 0.8635416666666667 0.18671875 0.0020833333333333333 0.0015625
0 0.8145833333333333 0.18828125 0.008333333333333333 0.0046875
0 0.7729166666666667 0.18671875 0.004166666666666667 0.0015625
0 0.4479166666666667 0.30390625 0.15833333333333333 0.2359375
0 0.34375 0.21796875 0.029166666666666667 0.0640625
0 0.9739583333333334 0.18515625 0.0020833333333333333 0.0015625
0 0.503125 0.209375 0.10208333333333333 0.05625
0 0.8041666666666667 0.18203125 0.008333333333333333 0.0109375
0 0.7979166666666667 0.1734375 0.004166666666666667 0.003125
0 0.7739583333333333 0.171875 0.0020833333333333333 0.003125
0 0.7697916666666667 0.17734375 0.00625 0.0140625
0 0.7854166666666667 0.17890625 0.0125 0.0203125
0 0.5114583333333333 0.16953125 0.0020833333333333333 0.0015625
0 0.503125 0.16796875 0.0020833333333333333 0.0015625
0 0.5125 0.16640625 0.004166666666666667 0.0015625
0 0.8760416666666667 0.16484375 0.0020833333333333333 0.0015625
0 0.54375 0.1734375 0.016666666666666666 0.01875
0 0.84375 0.1609375 0.004166666666666667 0.003125
0 0.16875 0.16171875 0.004166666666666667 0.0046875
0 0.8489583333333334 0.15859375 0.0020833333333333333 0.0015625
0 0.26458333333333334 0.1765625 0.029166666666666667 0.0375
0 0.8760416666666667 0.1578125 0.0020833333333333333 0.003125
0 0.8114583333333333 0.1703125 0.022916666666666665 0.028125
0 0.3 0.16015625 0.004166666666666667 0.0078125
0 0.10208333333333333 0.15859375 0.004166666666666667 0.0046875
0 0.49166666666666664 0.15625 0.008333333333333333 0.00625
0 0.853125 0.19296875 0.03958333333333333 0.0828125
0 0.2833333333333333 0.15234375 0.004166666666666667 0.0015625
0 0.234375 0.15234375 0.0020833333333333333 0.0015625
0 0.8760416666666667 0.15234375 0.010416666666666666 0.0046875
0 0.7958333333333333 0.1515625 0.008333333333333333 0.003125
0 0.5458333333333333 0.1515625 0.004166666666666667 0.003125
0 0.540625 0.15078125 0.0020833333333333333 0.0015625
0 0.8333333333333334 0.16875 0.020833333333333332 0.040625
0 0.58125 0.14921875 0.004166666666666667 0.0015625
0 0.35833333333333334 0.15078125 0.0125 0.0046875
0 0.5947916666666667 0.14765625 0.0020833333333333333 0.0015625
0 0.296875 0.14765625 0.0020833333333333333 0.0015625
0 0.19375 0.146875 0.004166666666666667 0.003125
0 0.14895833333333333 0.14609375 0.0020833333333333333 0.0015625
0 0.65 0.1453125 0.004166666666666667 0.003125
0 0.384375 0.1484375 0.010416666666666666 0.009375
0 0.140625 0.1515625 0.014583333333333334 0.015625
0 0.85 0.146875 0.0125 0.009375
0 0.41041666666666665 0.1453125 0.008333333333333333 0.00625
0 0.19270833333333334 0.1421875 0.0020833333333333333 0.003125
0 0.17395833333333333 0.14140625 0.0020833333333333333 0.0015625
0 0.6604166666666667 0.13984375 0.004166666666666667 0.0015625
0 0.8447916666666667 0.13828125 0.0020833333333333333 0.0015625
0 0.6614583333333334 0.13671875 0.0020833333333333333 0.0015625
0 0.446875 0.13671875 0.0020833333333333333 0.0015625
0 0.43854166666666666 0.13671875 0.0020833333333333333 0.0015625
0 0.24479166666666666 0.14140625 0.010416666666666666 0.0140625
0 0.11979166666666667 0.1375 0.00625 0.00625
0 0.528125 0.13359375 0.0020833333333333333 0.0015625
0 0.48020833333333335 0.13203125 0.0020833333333333333 0.0015625
0 0.440625 0.1328125 0.0020833333333333333 0.003125
0 0.6041666666666666 0.13125 0.004166666666666667 0.003125
0 0.5239583333333333 0.128125 0.0020833333333333333 0.003125
0 0.43333333333333335 0.13203125 0.0125 0.0140625
0 0.2864583333333333 0.128125 0.010416666666666666 0.00625
0 0.28020833333333334 0.1265625 0.00625 0.003125
0 0.16145833333333334 0.1265625 0.00625 0.003125
0 0.08645833333333333 0.1265625 0.00625 0.003125
0 0.6010416666666667 0.12421875 0.0020833333333333333 0.0015625
0 0.303125 0.12890625 0.00625 0.0109375
0 0.18020833333333333 0.1265625 0.010416666666666666 0.00625
0 0.6635416666666667 0.12265625 0.0020833333333333333 0.0015625
0 0.5947916666666667 0.12421875 0.00625 0.0046875
0 0.3802083333333333 0.12265625 0.0020833333333333333 0.0015625
0 0.06875 0.1265625 0.020833333333333332 0.009375
0 0.76875 0.12265625 0.004166666666666667 0.0046875
0 0.5875 0.121875 0.004166666666666667 0.003125
0 0.46979166666666666 0.12109375 0.0020833333333333333 0.0015625
0 0.446875 0.12578125 0.01875 0.0109375
0 0.32916666666666666 0.14609375 0.041666666666666664 0.0515625
0 0.55625 0.12109375 0.004166666666666667 0.0046875
0 0.9552083333333333 0.11796875 0.0020833333333333333 0.0015625
0 0.9427083333333334 0.11796875 0.0020833333333333333 0.0015625
0 0.5552083333333333 0.11640625 0.0020833333333333333 0.0015625
0 0.384375 0.1171875 0.0020833333333333333 0.003125
0 0.11979166666666667 0.11875 0.00625 0.00625
0 0.8052083333333333 0.11484375 0.0020833333333333333 0.0015625
0 0.7989583333333333 0.115625 0.0020833333333333333 0.003125
0 0.32916666666666666 0.1140625 0.008333333333333333 0.003125
0 0.25729166666666664 0.115625 0.00625 0.00625
0 0.653125 0.11328125 0.00625 0.0046875
0 0.48854166666666665 0.11015625 0.0020833333333333333 0.0015625
0 0.05625 0.11328125 0.016666666666666666 0.0078125
0 0.5625 0.10859375 0.004166666666666667 0.0015625
0 0.40625 0.11015625 0.004166666666666667 0.0046875
0 0.16145833333333334 0.1125 0.022916666666666665 0.009375
0 0.13333333333333333 0.11328125 0.020833333333333332 0.0140625
0 0.934375 0.10546875 0.0020833333333333333 0.0015625
0 0.25625 0.10546875 0.004166666666666667 0.0015625
0 0.6635416666666667 0.10390625 0.0020833333333333333 0.0015625
0 0.5302083333333333 0.1046875 0.00625 0.003125
0 0.4427083333333333 0.10390625 0.0020833333333333333 0.0015625
0 0.4166666666666667 0.11328125 0.0125 0.0203125
0 0.40208333333333335 0.1046875 0.004166666666666667 0.003125
0 0.27708333333333335 0.109375 0.020833333333333332 0.0125
0 0.909375 0.10234375 0.0020833333333333333 0.0015625
0 0.5145833333333333 0.1328125 0.07916666666666666 0.0625
0 0.49895833333333334 0.10234375 0.0020833333333333333 0.0015625
0 0.43645833333333334 0.103125 0.0020833333333333333 0.003125
0 0.5385416666666667 0.10078125 0.0020833333333333333 0.0015625
0 0.459375 0.10078125 0.0020833333333333333 0.0015625
0 0.290625 0.10390625 0.010416666666666666 0.0078125
0 0.5229166666666667 0.1 0.004166666666666667 0.003125
0 0.3489583333333333 0.103125 0.010416666666666666 0.009375
0 0.296875 0.09921875 0.00625 0.0015625
0 0.28020833333333334 0.09921875 0.0020833333333333333 0.0015625
0 0.25833333333333336 0.10078125 0.0125 0.0046875
0 0.665625 0.09765625 0.0020833333333333333 0.0015625
0 0.5125 0.0984375 0.008333333333333333 0.00625
0 0.5020833333333333 0.096875 0.004166666666666667 0.003125
0 0.509375 0.0953125 0.00625 0.003125
0 0.31354166666666666 0.1015625 0.010416666666666666 0.021875
0 0.9697916666666667 0.08984375 0.0020833333333333333 0.0015625
0 0.5385416666666667 0.090625 0.0020833333333333333 0.003125
0 0.17395833333333333 0.09140625 0.014583333333333334 0.0046875
0 0.35208333333333336 0.09140625 0.016666666666666666 0.0109375
0 0.26458333333333334 0.08828125 0.016666666666666666 0.0046875
0 0.9697916666666667 0.08515625 0.0020833333333333333 0.0015625
0 0.309375 0.0890625 0.010416666666666666 0.009375
0 0.978125 0.08359375 0.0020833333333333333 0.0015625
0 0.128125 0.08984375 0.010416666666666666 0.0140625
0 0.09270833333333334 0.08359375 0.0020833333333333333 0.0015625
0 0.23645833333333333 0.08203125 0.00625 0.0046875
0 0.084375 0.07890625 0.010416666666666666 0.0078125
0 0.425 0.0875 0.06666666666666667 0.028125
0 0.40729166666666666 0.075 0.010416666666666666 0.003125
0 0.6052083333333333 0.16015625 0.12291666666666666 0.1765625
0 0.22604166666666667 0.075 0.010416666666666666 0.00625
0 0.3385416666666667 0.07578125 0.010416666666666666 0.0109375
0 0.10104166666666667 0.07265625 0.00625 0.0046875
0 0.13020833333333334 0.07578125 0.027083333333333334 0.0140625
0 0.08645833333333333 0.0703125 0.00625 0.003125
0 0.07395833333333333 0.06953125 0.0020833333333333333 0.0015625
0 0.08541666666666667 0.06484375 0.004166666666666667 0.0015625
0 0.2625 0.06640625 0.008333333333333333 0.0078125
0 0.09270833333333334 0.06328125 0.0020833333333333333 0.0015625
0 0.36041666666666666 0.0640625 0.0125 0.009375
0 0.309375 0.05859375 0.00625 0.0015625
0 0.31666666666666665 0.05703125 0.004166666666666667 0.0015625
0 0.19270833333333334 0.0578125 0.0020833333333333333 0.003125
0 0.22395833333333334 0.05703125 0.010416666666666666 0.0078125
0 0.28541666666666665 0.05234375 0.004166666666666667 0.0015625
0 0.165625 0.059375 0.035416666666666666 0.015625
0 0.10416666666666667 0.05234375 0.008333333333333333 0.0046875
0 0.3020833333333333 0.04921875 0.004166666666666667 0.0015625
0 0.4895833333333333 0.07421875 0.04583333333333333 0.0546875
0 0.34791666666666665 0.04765625 0.004166666666666667 0.0015625
0 0.178125 0.04765625 0.0020833333333333333 0.0015625
0 0.296875 0.04609375 0.0020833333333333333 0.0015625
0 0.19791666666666666 0.04765625 0.004166666666666667 0.0046875
0 0.3020833333333333 0.0453125 0.004166666666666667 0.003125
0 0.28020833333333334 0.04765625 0.0020833333333333333 0.0078125
0 0.33645833333333336 0.04296875 0.0020833333333333333 0.0015625
0 0.17291666666666666 0.04453125 0.004166666666666667 0.0046875
0 0.23541666666666666 0.04453125 0.020833333333333332 0.0140625
0 0.06979166666666667 0.03828125 0.0020833333333333333 0.0015625
0 0.5166666666666667 0.03671875 0.008333333333333333 0.0046875
0 0.209375 0.046875 0.027083333333333334 0.03125
0 0.4552083333333333 0.03046875 0.0020833333333333333 0.0015625
0 0.128125 0.03046875 0.00625 0.0046875
0 0.17291666666666666 0.0265625 0.004166666666666667 0.003125
0 0.12604166666666666 0.02578125 0.00625 0.0015625
0 0.5197916666666667 0.02265625 0.0020833333333333333 0.0015625
0 0.057291666666666664 0.01953125 0.0020833333333333333 0.0015625
0 0.19479166666666667 0.01796875 0.0020833333333333333 0.0015625
0 0.15208333333333332 0.02578125 0.03333333333333333 0.0171875
0 0.446875 0.01640625 0.0020833333333333333 0.0015625
0 0.19895833333333332 0.0171875 0.0020833333333333333 0.003125
0 0.5395833333333333 0.015625 0.004166666666666667 0.003125
0 0.10520833333333333 0.01484375 0.0020833333333333333 0.0015625
0 0.503125 0.02265625 0.027083333333333334 0.0203125
0 0.4583333333333333 0.02421875 0.0375 0.0234375
0 0.40729166666666666 0.0140625 0.0020833333333333333 0.003125
0 0.12604166666666666 0.01328125 0.0020833333333333333 0.0015625
0 0.3885416666666667 0.04453125 0.11875 0.0671875
0 0.06145833333333333 0.01171875 0.0020833333333333333 0.0015625
0 0.23020833333333332 0.01328125 0.01875 0.0078125
0 0.14166666666666666 0.01171875 0.008333333333333333 0.0046875
0 0.13229166666666667 0.0109375 0.0020833333333333333 0.003125
0 0.4552083333333333 0.00859375 0.0020833333333333333 0.0015625
0 0.11979166666666667 0.00859375 0.0020833333333333333 0.0015625
0 0.06145833333333333 0.00703125 0.0020833333333333333 0.0015625
0 0.634375 0.00546875 0.0020833333333333333 0.0015625
0 0.12708333333333333 0.00703125 0.004166666666666667 0.0046875
0 0.6552083333333333 0.00390625 0.0020833333333333333 0.0015625
0 0.640625 0.00390625 0.0020833333333333333 0.0015625
0 0.6270833333333333 0.00390625 0.004166666666666667 0.0015625
0 0.5885416666666666 0.00390625 0.0020833333333333333 0.0015625
0 0.36770833333333336 0.0046875 0.0020833333333333333 0.003125
0 0.5385416666666667 0.00703125 0.022916666666666665 0.0109375
0 0.43645833333333334 0.00234375 0.0020833333333333333 0.0015625
0 0.621875 0.00078125 0.0020833333333333333 0.0015625
0 0.38645833333333335 0.003125 0.022916666666666665 0.00625
0 0.3572916666666667 0.0015625 0.0020833333333333333 0.003125
0 0.18854166666666666 0.0109375 0.04791666666666667 0.021875
0 0.103125 0.0046875 0.027083333333333334 0.009375
0 0.065625 0.00078125 0.0020833333333333333 0.0015625
0 0.06145833333333333 0.00234375 0.00625 0.0046875
0 0.034375 0.0015625 0.00625 0.003125
0 0.01875 0.00703125 0.020833333333333332 0.0140625
1 0.9125 0.77421875 0.0125 0.0484375
1 0.6760416666666667 0.59296875 0.0020833333333333333 0.0015625
1 0.6572916666666667 0.58671875 0.0020833333333333333 0.0015625
1 0.65 0.584375 0.008333333333333333 0.003125
1 0.6208333333333333 0.57734375 0.004166666666666667 0.0015625
1 0.5677083333333334 0.5734375 0.00625 0.003125
1 0.7885416666666667 0.5703125 0.00625 0.003125
1 0.534375 0.56640625 0.0020833333333333333 0.0015625
1 0.6552083333333333 0.56484375 0.0020833333333333333 0.0015625
1 0.603125 0.56484375 0.0020833333333333333 0.0015625
1 0.6395833333333333 0.56171875 0.004166666666666667 0.0015625
1 0.5947916666666667 0.56171875 0.0020833333333333333 0.0015625
1 0.85625 0.559375 0.004166666666666667 0.003125
1 0.5260416666666666 0.55859375 0.0020833333333333333 0.0015625
1 0.5010416666666667 0.55859375 0.0020833333333333333 0.0015625
1 0.5770833333333333 0.56015625 0.016666666666666666 0.0078125
1 0.509375 0.55703125 0.0020833333333333333 0.0015625
1 0.5135416666666667 0.55546875 0.0020833333333333333 0.0015625
1 0.7416666666666667 0.55234375 0.008333333333333333 0.0015625
1 0.5145833333333333 0.55234375 0.004166666666666667 0.0015625
1 0.734375 0.54921875 0.0020833333333333333 0.0015625
1 0.478125 0.54296875 0.0020833333333333333 0.0015625
1 0.45625 0.54296875 0.004166666666666667 0.0015625
1 0.5072916666666667 0.56640625 0.08541666666666667 0.0515625
1 0.2552083333333333 0.53828125 0.00625 0.0015625
1 0.27395833333333336 0.53515625 0.0020833333333333333 0.0015625
1 0.703125 0.53203125 0.0020833333333333333 0.0015625
1 0.28020833333333334 0.53203125 0.0020833333333333333 0.0015625
1 0.46145833333333336 0.53359375 0.010416666666666666 0.0109375
1 0.28854166666666664 0.52890625 0.0020833333333333333 0.0015625
1 0.453125 0.52578125 0.0020833333333333333 0.0015625
1 0.3072916666666667 0.52265625 0.0020833333333333333 0.0015625
1 0.56875 0.50859375 0.016666666666666666 0.0078125
1 0.275 0.51484375 0.058333333333333334 0.0265625
1 0.31354166666666666 0.49921875 0.0020833333333333333 0.0015625
1 0.5197916666666667 0.46953125 0.00625 0.0109375
1 0.528125 0.4921875 0.022916666666666665 0.065625
1 0.5083333333333333 0.45859375 0.008333333333333333 0.0140625
1 0.5197916666666667 0.4390625 0.014583333333333334 0.021875
1 0.5510416666666667 0.41953125 0.0020833333333333333 0.0015625
1 0.9364583333333333 0.40078125 0.0020833333333333333 0.0015625
1 0.565625 0.3984375 0.0020833333333333333 0.003125
1 0.875 0.3921875 0.004166666666666667 0.003125
1 0.23229166666666667 0.39375 0.022916666666666665 0.0125
1 0.209375 0.390625 0.00625 0.00625
1 0.709375 0.38671875 0.0020833333333333333 0.0015625
1 0.8635416666666667 0.38828125 0.014583333333333334 0.0109375
1 0.6885416666666667 0.384375 0.00625 0.003125
1 0.6739583333333333 0.38125 0.0020833333333333333 0.003125
1 0.615625 0.38046875 0.0020833333333333333 0.0015625
1 0.60625 0.38203125 0.004166666666666667 0.0046875
1 0.5927083333333333 0.38125 0.0020833333333333333 0.003125
1 0.98125 0.3796875 0.004166666666666667 0.003125
1 0.8572916666666667 0.38046875 0.00625 0.0078125
1 0.5822916666666667 0.3796875 0.010416666666666666 0.00625
1 0.7083333333333334 0.37734375 0.004166666666666667 0.0046875
1 0.5927083333333333 0.3765625 0.0020833333333333333 0.003125
1 0.9802083333333333 0.37421875 0.0020833333333333333 0.0015625
1 0.9395833333333333 0.3765625 0.004166666666666667 0.00625
1 0.5854166666666667 0.37421875 0.004166666666666667 0.0015625
1 0.6395833333333333 0.3734375 0.008333333333333333 0.003125
1 0.2125 0.37265625 0.004166666666666667 0.0015625
1 0.9489583333333333 0.36953125 0.0020833333333333333 0.0015625
1 0.6541666666666667 0.36875 0.004166666666666667 0.003125
1 0.659375 0.36484375 0.0020833333333333333 0.0015625
1 0.9364583333333333 0.36171875 0.0020833333333333333 0.0015625
1 0.8520833333333333 0.36171875 0.004166666666666667 0.0015625
1 0.46770833333333334 0.37109375 0.010416666666666666 0.0234375
1 0.678125 0.36171875 0.010416666666666666 0.0078125
1 0.65 0.3609375 0.008333333333333333 0.00625
1 0.6364583333333333 0.3578125 0.0020833333333333333 0.003125
1 0.93125 0.35546875 0.004166666666666667 0.0015625
1 0.22395833333333334 0.35546875 0.0020833333333333333 0.0015625
1 0.6447916666666667 0.35390625 0.0020833333333333333 0.0015625
1 0.4625 0.3546875 0.004166666666666667 0.003125
1 0.17708333333333334 0.37421875 0.058333333333333334 0.0421875
1 0.9635416666666666 0.35234375 0.0020833333333333333 0.0015625
1 0.7145833333333333 0.353125 0.004166666666666667 0.003125
1 0.525 0.3625 0.004166666666666667 0.021875
1 0.61875 0.346875 0.004166666666666667 0.003125
1 0.44375 0.346875 0.004166666666666667 0.003125
1 0.6822916666666666 0.3453125 0.00625 0.003125
1 0.7291666666666666 0.34921875 0.008333333333333333 0.0140625
1 0.703125 0.34296875 0.0020833333333333333 0.0015625
1 0.7260416666666667 0.34140625 0.0020833333333333333 0.0015625
1 0.6458333333333334 0.34140625 0.004166666666666667 0.0015625
1 0.7239583333333334 0.33828125 0.0020833333333333333 0.0015625
1 0.73125 0.3359375 0.004166666666666667 0.003125
1 0.6114583333333333 0.33359375 0.0020833333333333333 0.0015625
1 0.21145833333333333 0.34609375 0.01875 0.0265625
1 0.6458333333333334 0.3328125 0.004166666666666667 0.003125
1 0.6052083333333333 0.33125 0.010416666666666666 0.003125
1 0.5291666666666667 0.33046875 0.004166666666666667 0.0046875
1 0.6604166666666667 0.32734375 0.004166666666666667 0.0015625
1 0.6479166666666667 0.32734375 0.004166666666666667 0.0015625
1 0.5354166666666667 0.3296875 0.004166666666666667 0.00625
1 0.4354166666666667 0.328125 0.004166666666666667 0.003125
1 0.6708333333333333 0.32890625 0.016666666666666666 0.0078125
1 0.5697916666666667 0.32578125 0.0020833333333333333 0.0015625
1 0.5260416666666666 0.32578125 0.0020833333333333333 0.0015625
1 0.425 0.32421875 0.004166666666666667 0.0015625
1 0.640625 0.3234375 0.0020833333333333333 0.003125
1 0.41458333333333336 0.3234375 0.008333333333333333 0.003125
1 0.32708333333333334 0.3234375 0.004166666666666667 0.003125
1 0.996875 0.32109375 0.0020833333333333333 0.0015625
1 0.6364583333333333 0.32109375 0.0020833333333333333 0.0015625
1 0.9666666666666667 0.321875 0.008333333333333333 0.009375
1 0.6135416666666667 0.31796875 0.0020833333333333333 0.0015625
1 0.540625 0.3515625 0.027083333333333334 0.06875
1 0.946875 0.31953125 0.010416666666666666 0.0078125
1 0.7802083333333333 0.31640625 0.0020833333333333333 0.0015625
1 0.7197916666666667 0.31796875 0.010416666666666666 0.0046875
1 0.6020833333333333 0.31796875 0.004166666666666667 0.0046875
1 0.5875 0.34296875 0.020833333333333332 0.0546875
1 0.9947916666666666 0.315625 0.00625 0.003125
1 0.98125 0.31484375 0.004166666666666667 0.0015625
1 0.6958333333333333 0.3296875 0.03333333333333333 0.034375
1 0.9885416666666667 0.31171875 0.0020833333333333333 0.0015625
1 0.39895833333333336 0.3171875 0.01875 0.0125
1 0.778125 0.309375 0.0020833333333333333 0.003125
1 0.6458333333333334 0.315625 0.016666666666666666 0.015625
1 0.6197916666666666 0.3125 0.027083333333333334 0.009375
1 0.6302083333333334 0.30703125 0.0020833333333333333 0.0015625
1 0.5697916666666667 0.309375 0.00625 0.00625
1 0.7083333333333334 0.3125 0.008333333333333333 0.015625
1 0.5427083333333333 0.30625 0.00625 0.003125
1 0.775 0.30390625 0.004166666666666667 0.0046875
1 0.6510416666666666 0.30078125 0.0020833333333333333 0.0015625
1 0.3260416666666667 0.30078125 0.0020833333333333333 0.0015625
1 0.5114583333333333 0.29921875 0.0020833333333333333 0.0015625
1 0.534375 0.29765625 0.0020833333333333333 0.0015625
1 0.5302083333333333 0.29765625 0.0020833333333333333 0.0015625
1 0.4375 0.32109375 0.04583333333333333 0.0484375
1 0.6614583333333334 0.29921875 0.014583333333333334 0.0078125
1 0.5114583333333333 0.29609375 0.0020833333333333333 0.0015625
1 0.3177083333333333 0.29609375 0.0020833333333333333 0.0015625
1 0.628125 0.29453125 0.0020833333333333333 0.0015625
1 0.5322916666666667 0.29453125 0.0020833333333333333 0.0015625
1 0.3229166666666667 0.29609375 0.004166666666666667 0.0046875
1 0.284375 0.296875 0.010416666666666666 0.00625
1 0.5364583333333334 0.29296875 0.0020833333333333333 0.0015625
1 0.7239583333333334 0.29765625 0.010416666666666666 0.0140625
1 0.675 0.29609375 0.029166666666666667 0.0140625
1 0.7385416666666667 0.28828125 0.0020833333333333333 0.0015625
1 0.7052083333333333 0.29140625 0.00625 0.0078125
1 0.7802083333333333 0.29375 0.01875 0.015625
1 0.6020833333333333 0.2875 0.004166666666666667 0.003125
1 0.5177083333333333 0.28515625 0.0020833333333333333 0.0015625
1 0.403125 0.28359375 0.0020833333333333333 0.0015625
1 0.29270833333333335 0.28359375 0.0020833333333333333 0.0015625
1 0.61875 0.284375 0.0125 0.00625
1 0.39895833333333336 0.28515625 0.00625 0.0078125
1 0.11770833333333333 0.284375 0.03125 0.00625
1 0.534375 0.284375 0.014583333333333334 0.009375
1 0.5104166666666666 0.284375 0.0125 0.009375
1 0.28854166666666664 0.28046875 0.0020833333333333333 0.0015625
1 0.6135416666666667 0.27890625 0.0020833333333333333 0.0015625
1 0.5833333333333334 0.2921875 0.025 0.03125
1 0.3020833333333333 0.27890625 0.004166666666666667 0.0046875
1 0.121875 0.27734375 0.0020833333333333333 0.0015625
1 0.6614583333333334 0.27578125 0.0020833333333333333 0.0015625
1 0.09895833333333333 0.27578125 0.0020833333333333333 0.0015625
1 0.6552083333333333 0.27421875 0.0020833333333333333 0.0015625
1 0.5583333333333333 0.2921875 0.025 0.0375
1 0.509375 0.27421875 0.0020833333333333333 0.0015625
1 0.153125 0.27421875 0.0020833333333333333 0.0015625
1 0.4239583333333333 0.27578125 0.010416666666666666 0.0078125
1 0.39375 0.2734375 0.008333333333333333 0.003125
1 0.215625 0.2734375 0.0020833333333333333 0.003125
1 0.15520833333333334 0.27109375 0.0020833333333333333 0.0015625
1 0.6697916666666667 0.271875 0.0020833333333333333 0.00625
1 0.6041666666666666 0.27421875 0.008333333333333333 0.0140625
1 0.7864583333333334 0.26484375 0.0020833333333333333 0.0015625
1 0.2916666666666667 0.27109375 0.016666666666666666 0.0140625
1 0.571875 0.26875 0.00625 0.0125
1 0.14479166666666668 0.26484375 0.00625 0.0078125
1 0.396875 0.259375 0.00625 0.003125
1 0.259375 0.25703125 0.0020833333333333333 0.0015625
1 0.3572916666666667 0.2890625 0.06458333333333334 0.06875
1 0.7166666666666667 0.2546875 0.004166666666666667 0.003125
1 0.65625 0.259375 0.020833333333333332 0.0125
1 0.978125 0.259375 0.027083333333333334 0.015625
1 0.6864583333333333 0.25234375 0.0020833333333333333 0.0015625
1 0.796875 0.25078125 0.0020833333333333333 0.0015625
1 0.6 0.2515625 0.008333333333333333 0.003125
1 0.38125 0.253125 0.004166666666666667 0.00625
1 0.37083333333333335 0.2515625 0.004166666666666667 0.003125
1 0.190625 0.253125 0.014583333333333334 0.00625
1 0.6947916666666667 0.26484375 0.052083333333333336 0.0359375
1 0.21979166666666666 0.24609375 0.0020833333333333333 0.0015625
1 0.5791666666666667 0.2453125 0.004166666666666667 0.009375
1 0.19270833333333334 0.24140625 0.0020833333333333333 0.0015625
1 0.7729166666666667 0.2421875 0.0125 0.00625
1 0.5697916666666667 0.23984375 0.0020833333333333333 0.0046875
1 0.41770833333333335 0.25390625 0.03958333333333333 0.0328125
1 0.765625 0.23671875 0.0020833333333333333 0.0015625
1 0.7239583333333334 0.23984375 0.010416666666666666 0.0078125
1 0.5427083333333333 0.23671875 0.0020833333333333333 0.0015625
1 0.37395833333333334 0.23671875 0.0020833333333333333 0.0015625
1 0.31875 0.23671875 0.004166666666666667 0.0015625
1 0.25 0.23671875 0.008333333333333333 0.0046875
1 0.15208333333333332 0.2359375 0.004166666666666667 0.003125
1 0.6947916666666667 0.23359375 0.0020833333333333333 0.0015625
1 0.5989583333333334 0.234375 0.0020833333333333333 0.003125
1 0.30104166666666665 0.23828125 0.01875 0.0109375
1 0.7708333333333334 0.234375 0.008333333333333333 0.00625
1 0.6229166666666667 0.25703125 0.0375 0.0546875
1 0.6239583333333333 0.22734375 0.0020833333333333333 0.0015625
1 0.534375 0.2265625 0.0020833333333333333 0.003125
1 0.36666666666666664 0.2375 0.041666666666666664 0.025
1 0.23958333333333334 0.22890625 0.0125 0.0078125
1 0.6052083333333333 0.22578125 0.010416666666666666 0.0078125
1 0.5260416666666666 0.2515625 0.08541666666666667 0.059375
1 0.23020833333333332 0.22265625 0.0020833333333333333 0.0015625
1 0.013541666666666667 0.22265625 0.0020833333333333333 0.0015625
1 0.5510416666666667 0.221875 0.00625 0.003125
1 0.14895833333333333 0.221875 0.00625 0.003125
1 0.059375 0.22109375 0.0020833333333333333 0.0015625
1 0.6385416666666667 0.2203125 0.0020833333333333333 0.003125
1 0.609375 0.2203125 0.0020833333333333333 0.003125
1 0.4947916666666667 0.21953125 0.0020833333333333333 0.0015625
1 0.5364583333333334 0.21953125 0.010416666666666666 0.0046875
1 0.036458333333333336 0.23125 0.04791666666666667 0.034375
1 0.6354166666666666 0.21328125 0.004166666666666667 0.0015625
1 0.5802083333333333 0.22578125 0.00625 0.0265625
1 0.6270833333333333 0.21171875 0.004166666666666667 0.0015625
1 0.83125 0.2140625 0.004166666666666667 0.009375
1 0.7479166666666667 0.2546875 0.07083333333333333 0.090625
1 0.7072916666666667 0.21015625 0.00625 0.0078125
1 0.36354166666666665 0.20703125 0.0020833333333333333 0.0015625
1 0.3177083333333333 0.215625 0.014583333333333334 0.01875
1 0.984375 0.2109375 0.014583333333333334 0.0125
1 0.246875 0.20859375 0.022916666666666665 0.0078125
1 0.603125 0.2046875 0.0020833333333333333 0.003125
1 0.6666666666666666 0.2265625 0.05 0.05
1 0.5677083333333334 0.20234375 0.0020833333333333333 0.0015625
1 0.275 0.21328125 0.016666666666666666 0.0234375
1 0.9958333333333333 0.2 0.008333333333333333 0.003125
1 0.565625 0.209375 0.027083333333333334 0.021875
1 0.5625 0.19921875 0.004166666666666667 0.0015625
1 0.6260416666666667 0.19765625 0.0020833333333333333 0.0015625
1 0.5239583333333333 0.1984375 0.010416666666666666 0.003125
1 0.559375 0.19609375 0.0020833333333333333 0.0015625
1 0.9989583333333333 0.1953125 0.0020833333333333333 0.003125
1 0.5739583333333333 0.1953125 0.0020833333333333333 0.003125
1 0.6114583333333333 0.19296875 0.0020833333333333333 0.0015625
1 0.615625 0.20390625 0.022916666666666665 0.0265625
1 0.55625 0.19140625 0.004166666666666667 0.0046875
1 0.6635416666666667 0.1875 0.00625 0.003125
1 0.6572916666666667 0.1859375 0.0020833333333333333 0.003125
1 0.165625 0.18515625 0.0020833333333333333 0.0015625
1 0.171875 0.1828125 0.00625 0.00625
1 0.9833333333333333 0.175 0.016666666666666666 0.01875
1 0.24270833333333333 0.1671875 0.0020833333333333333 0.003125
1 0.16666666666666666 0.1671875 0.008333333333333333 0.003125
1 0.14791666666666667 0.18984375 0.05416666666666667 0.0515625
1 0.4010416666666667 0.1796875 0.06875 0.040625
1 0.5145833333333333 0.153125 0.004166666666666667 0.003125
1 0.2916666666666667 0.16796875 0.041666666666666664 0.0328125
1 0.5572916666666666 0.1671875 0.06875 0.034375
1 0.41458333333333336 0.153125 0.008333333333333333 0.00625
1 0.265625 0.15078125 0.0020833333333333333 0.0015625
1 0.3697916666666667 0.15 0.00625 0.009375
1 0.23125 0.14609375 0.004166666666666667 0.0046875
1 0.3458333333333333 0.14296875 0.004166666666666667 0.0015625
1 0.2677083333333333 0.14375 0.027083333333333334 0.021875
1 0.051041666666666666 0.134375 0.010416666666666666 0.003125
1 0.7083333333333334 0.13359375 0.004166666666666667 0.0046875
1 0.16145833333333334 0.134375 0.027083333333333334 0.0125
1 0.1 0.1484375 0.0625 0.040625
1 0.88125 0.1328125 0.016666666666666666 0.0125
1 0.15833333333333333 0.12265625 0.008333333333333333 0.0015625
1 0.09270833333333334 0.12265625 0.0020833333333333333 0.0015625
1 0.7135416666666666 0.1234375 0.010416666666666666 0.009375
1 0.3229166666666667 0.125 0.020833333333333332 0.0125
1 0.20104166666666667 0.16875 0.09791666666666667 0.1
1 0.18645833333333334 0.11640625 0.00625 0.0015625
1 0.18020833333333333 0.11640625 0.0020833333333333333 0.0015625
1 0.846875 0.1140625 0.014583333333333334 0.00625
1 0.9739583333333334 0.12421875 0.052083333333333336 0.0296875
1 0.75 0.12734375 0.03333333333333333 0.0390625
1 0.43854166666666666 0.1125 0.010416666666666666 0.009375
1 0.2625 0.1078125 0.004166666666666667 0.00625
1 0.035416666666666666 0.10625 0.004166666666666667 0.003125
1 0.81875 0.10703125 0.020833333333333332 0.0078125
1 0.746875 0.10390625 0.0020833333333333333 0.0046875
1 0.334375 0.10234375 0.00625 0.0078125
1 0.36770833333333336 0.11875 0.04375 0.04375
1 0.340625 0.09765625 0.0020833333333333333 0.0046875
1 0.26979166666666665 0.09609375 0.0020833333333333333 0.0015625
1 0.984375 0.10078125 0.01875 0.0140625
1 0.042708333333333334 0.0921875 0.022916666666666665 0.009375
1 0.096875 0.10546875 0.05625 0.0390625
1 0.036458333333333336 0.08515625 0.0020833333333333333 0.0015625
1 0.027083333333333334 0.0921875 0.0125 0.015625
1 0.678125 0.08359375 0.0020833333333333333 0.0015625
1 0.7177083333333333 0.0796875 0.0020833333333333333 0.003125
1 0.6625 0.084375 0.008333333333333333 0.0125
1 0.51875 0.08359375 0.008333333333333333 0.0109375
1 0.0020833333333333333 0.0765625 0.004166666666666667 0.003125
1 0.5427083333333333 0.07421875 0.0020833333333333333 0.0015625
1 0.7052083333333333 0.07265625 0.0020833333333333333 0.0015625
1 0.5291666666666667 0.07421875 0.004166666666666667 0.0046875
1 0.5447916666666667 0.0703125 0.0020833333333333333 0.003125
1 0.584375 0.06953125 0.00625 0.0046875
1 0.453125 0.06796875 0.0020833333333333333 0.0015625
1 0.571875 0.06953125 0.014583333333333334 0.0078125
1 0.11145833333333334 0.075 0.010416666666666666 0.021875
1 0.6197916666666666 0.07109375 0.022916666666666665 0.0171875
1 0.44895833333333335 0.07421875 0.03125 0.0234375
1 0.6958333333333333 0.09296875 0.058333333333333334 0.0671875
1 0.640625 0.06328125 0.01875 0.0078125
1 0.378125 0.0640625 0.022916666666666665 0.025
1 0.5208333333333334 0.06171875 0.025 0.0296875
1 0.2635416666666667 0.0484375 0.0020833333333333333 0.003125
1 0.24270833333333333 0.0765625 0.17708333333333334 0.06875
1 0.834375 0.046875 0.014583333333333334 0.015625
1 0.159375 0.040625 0.0020833333333333333 0.003125
1 0.07708333333333334 0.03828125 0.004166666666666667 0.0046875
1 0.496875 0.03984375 0.022916666666666665 0.0109375
1 0.46145833333333336 0.046875 0.03125 0.025
1 0.28958333333333336 0.0359375 0.0125 0.0125
1 0.309375 0.03046875 0.0020833333333333333 0.0046875
1 0.09583333333333334 0.03671875 0.029166666666666667 0.0203125
1 0.10104166666666667 0.02734375 0.0020833333333333333 0.0015625
1 0.896875 0.028125 0.00625 0.00625
1 0.5427083333333333 0.02734375 0.0020833333333333333 0.0046875
1 0.09375 0.02734375 0.004166666666666667 0.0046875
1 0.08854166666666667 0.02578125 0.0020833333333333333 0.0015625
1 0.246875 0.02421875 0.0020833333333333333 0.0015625
1 0.9072916666666667 0.01875 0.00625 0.003125
1 0.9979166666666667 0.015625 0.004166666666666667 0.00625
1 0.20520833333333333 0.0265625 0.07708333333333334 0.03125
1 0.41354166666666664 0.01015625 0.0020833333333333333 0.0015625
1 0.334375 0.009375 0.01875 0.0125
1 0.040625 0.04375 0.08125 0.08125
1 0.22083333333333333 0.003125 0.004166666666666667 0.003125
1 0.959375 0.0109375 0.01875 0.021875
1 0.925 0.01015625 0.029166666666666667 0.0203125
1 0.5072916666666667 0.0453125 0.08958333333333333 0.090625
1 0.43645833333333334 0.015625 0.04375 0.03125
1 0.2875 0.0171875 0.07083333333333333 0.034375
1 0.23020833333333332 0.00078125 0.00625 0.0015625
1 0.04791666666666667 0.0015625 0.004166666666666667 0.003125
