0 0.08645833333333333 0.87421875 0.0020833333333333333 0.0015625
0 0.08645833333333333 0.87109375 0.0020833333333333333 0.0015625
0 0.8354166666666667 0.7421875 0.016666666666666666 0.00625
0 0.8833333333333333 0.7234375 0.008333333333333333 0.00625
0 0.7645833333333333 0.721875 0.004166666666666667 0.00625
0 0.7427083333333333 0.71328125 0.0020833333333333333 0.0015625
0 0.775 0.69921875 0.016666666666666666 0.0109375
0 0.12395833333333334 0.62265625 0.0020833333333333333 0.0015625
0 0.9625 0.5765625 0.008333333333333333 0.003125
0 0.13645833333333332 0.57421875 0.00625 0.0046875
0 0.2552083333333333 0.54609375 0.0020833333333333333 0.0046875
0 0.503125 0.51796875 0.00625 0.0046875
0 0.5645833333333333 0.50703125 0.004166666666666667 0.0015625
0 0.0020833333333333333 0.50546875 0.004166666666666667 0.0078125
0 0.578125 0.5015625 0.00625 0.003125
0 0.7635416666666667 0.5 0.0020833333333333333 0.003125
0 0.5989583333333334 0.49921875 0.014583333333333334 0.0046875
0 0.21041666666666667 0.49609375 0.004166666666666667 0.0015625
0 0.19375 0.490625 0.016666666666666666 0.00625
0 0.7572916666666667 0.48046875 0.0020833333333333333 0.0015625
0 0.7010416666666667 0.47421875 0.0020833333333333333 0.0015625
0 0.16041666666666668 0.4734375 0.004166666666666667 0.003125
0 0.12916666666666668 0.4734375 0.004166666666666667 0.003125
0 0.8072916666666666 0.46953125 0.0020833333333333333 0.0015625
0 0.6739583333333333 0.46953125 0.0020833333333333333 0.0015625
0 0.6552083333333333 0.46484375 0.0020833333333333333 0.0015625
0 0.14479166666666668 0.46328125 0.0020833333333333333 0.0015625
0 0.7979166666666667 0.4609375 0.004166666666666667 0.003125
0 0.6145833333333334 0.4625 0.0125 0.009375
0 0.21770833333333334 0.47578125 0.01875 0.0359375
0 0.7989583333333333 0.45703125 0.0020833333333333333 0.0015625
0 0.1625 0.46328125 0.03333333333333333 0.0140625
0 0.5791666666666667 0.45546875 0.004166666666666667 0.0046875
0 0.5645833333333333 0.45 0.004166666666666667 0.003125
0 0.6145833333333334 0.43828125 0.0125 0.0078125
0 0.746875 0.42890625 0.0020833333333333333 0.0015625
0 0.753125 0.42734375 0.0020833333333333333 0.0015625
0 0.7666666666666667 0.42421875 0.004166666666666667 0.0015625
0 0.5510416666666667 0.43515625 0.01875 0.0265625
0 0.7302083333333333 0.41953125 0.00625 0.0015625
0 0.08541666666666667 0.4171875 0.004166666666666667 0.003125
0 0.7052083333333333 0.41484375 0.010416666666666666 0.0046875
0 0.6614583333333334 0.41328125 0.0020833333333333333 0.0015625
0 0.753125 0.40859375 0.0020833333333333333 0.0015625
0 0.7364583333333333 0.40859375 0.0020833333333333333 0.0015625
0 0.5916666666666667 0.40859375 0.0125 0.0046875
0 0.18229166666666666 0.4015625 0.00625 0.003125
0 0.48125 0.39921875 0.004166666666666667 0.0046875
0 0.63125 0.39609375 0.004166666666666667 0.0015625
0 0.703125 0.39296875 0.0020833333333333333 0.0015625
0 0.8364583333333333 0.38984375 0.00625 0.0046875
0 0.421875 0.3890625 0.00625 0.003125
0 0.9291666666666667 0.3875 0.03333333333333333 0.015625
0 0.7052083333333333 0.38046875 0.0020833333333333333 0.0015625
0 0.6927083333333334 0.38359375 0.01875 0.0078125
0 0.8229166666666666 0.3875 0.020833333333333332 0.025
0 0.7229166666666667 0.37734375 0.0125 0.0046875
0 0.4864583333333333 0.3765625 0.0020833333333333333 0.003125
0 0.696875 0.375 0.03125 0.009375
0 0.026041666666666668 0.371875 0.010416666666666666 0.00625
0 0.746875 0.36328125 0.00625 0.0015625
0 0.7510416666666667 0.36015625 0.0020833333333333333 0.0015625
0 0.9791666666666666 0.3484375 0.008333333333333333 0.00625
0 0.9885416666666667 0.34609375 0.0020833333333333333 0.0046875
0 0.8489583333333334 0.35 0.04375 0.015625
0 0.9239583333333333 0.3375 0.014583333333333334 0.009375
0 0.06458333333333334 0.32890625 0.004166666666666667 0.0015625
0 0.0625 0.32421875 0.008333333333333333 0.0015625
0 0.9135416666666667 0.32265625 0.0020833333333333333 0.0015625
0 0.6927083333333334 0.32109375 0.0020833333333333333 0.0015625
0 0.590625 0.32265625 0.00625 0.0046875
0 0.6302083333333334 0.3203125 0.027083333333333334 0.015625
0 0.030208333333333334 0.31171875 0.0020833333333333333 0.0015625
0 0.7979166666666667 0.3109375 0.004166666666666667 0.003125
0 0.653125 0.3140625 0.014583333333333334 0.009375
0 0.6229166666666667 0.31171875 0.0125 0.0046875
0 0.6145833333333334 0.309375 0.004166666666666667 0.003125
0 0.09166666666666666 0.309375 0.0125 0.00625
0 0.06354166666666666 0.3 0.0020833333333333333 0.003125
0 0.5822916666666667 0.29296875 0.0020833333333333333 0.0015625
0 0.19375 0.29375 0.008333333333333333 0.003125
0 0.3614583333333333 0.2921875 0.010416666666666666 0.003125
0 0.353125 0.29140625 0.0020833333333333333 0.0015625
0 0.5822916666666667 0.2875 0.0020833333333333333 0.003125
0 0.31145833333333334 0.28671875 0.0020833333333333333 0.0015625
0 0.303125 0.28671875 0.0020833333333333333 0.0015625
0 0.32708333333333334 0.28515625 0.008333333333333333 0.0046875
0 0.5552083333333333 0.28046875 0.0020833333333333333 0.0015625
0 0.296875 0.27890625 0.0020833333333333333 0.0015625
0 0.8010416666666667 0.27265625 0.0020833333333333333 0.0015625
0 0.5541666666666667 0.27265625 0.008333333333333333 0.0109375
0 0.2864583333333333 0.265625 0.00625 0.00625
0 0.23020833333333332 0.26171875 0.0020833333333333333 0.0015625
0 0.259375 0.25859375 0.0020833333333333333 0.0015625
0 0.9520833333333333 0.265625 0.0375 0.021875
0 0.7791666666666667 0.25703125 0.008333333333333333 0.0046875
0 0.23229166666666667 0.25546875 0.0020833333333333333 0.0015625
0 0.26145833333333335 0.25390625 0.0020833333333333333 0.0015625
0 0.23958333333333334 0.2515625 0.004166666666666667 0.003125
0 0.19791666666666666 0.25234375 0.004166666666666667 0.0046875
0 0.25729166666666664 0.24921875 0.0020833333333333333 0.0015625
0 0.9479166666666666 0.2515625 0.020833333333333332 0.009375
0 0.9166666666666666 0.27265625 0.041666666666666664 0.0546875
0 0.253125 0.24609375 0.0020833333333333333 0.0015625
0 0.23229166666666667 0.24609375 0.0020833333333333333 0.0015625
0 0.565625 0.24453125 0.0020833333333333333 0.0015625
0 0.5614583333333333 0.24453125 0.0020833333333333333 0.0015625
0 0.23854166666666668 0.24453125 0.0020833333333333333 0.0015625
0 0.9416666666666667 0.24296875 0.020833333333333332 0.0046875
0 0.9197916666666667 0.2421875 0.0020833333333333333 0.003125
0 0.5197916666666667 0.24140625 0.0020833333333333333 0.0015625
0 0.9260416666666667 0.24140625 0.0020833333333333333 0.0046875
0 0.23645833333333333 0.23984375 0.0020833333333333333 0.0015625
0 0.7208333333333333 0.29609375 0.225 0.1171875
0 0.24791666666666667 0.23984375 0.008333333333333333 0.0046875
0 0.240625 0.23671875 0.0020833333333333333 0.0015625
0 0.23645833333333333 0.23671875 0.0020833333333333333 0.0015625
0 0.9822916666666667 0.23515625 0.0020833333333333333 0.0015625
0 0.98125 0.24296875 0.0125 0.0171875
0 0.9197916666666667 0.23515625 0.0020833333333333333 0.0015625
0 0.8416666666666667 0.25 0.10416666666666667 0.03125
0 0.30833333333333335 0.2421875 0.029166666666666667 0.015625
0 0.284375 0.23984375 0.014583333333333334 0.0109375
0 0.9385416666666667 0.23359375 0.0020833333333333333 0.0015625
0 0.9322916666666666 0.23359375 0.0020833333333333333 0.0015625
0 0.9270833333333334 0.23515625 0.004166666666666667 0.0046875
0 0.21979166666666666 0.24453125 0.03125 0.0296875
0 0.9364583333333333 0.2296875 0.0020833333333333333 0.003125
0 0.25416666666666665 0.2375 0.0375 0.021875
0 0.9239583333333333 0.22734375 0.014583333333333334 0.0046875
0 0.6083333333333333 0.24375 0.025 0.040625
0 0.459375 0.23203125 0.0020833333333333333 0.0171875
0 0.9614583333333333 0.23125 0.022916666666666665 0.01875
0 0.24166666666666667 0.225 0.008333333333333333 0.00625
0 0.4427083333333333 0.22109375 0.0020833333333333333 0.0015625
0 0.9104166666666667 0.21953125 0.004166666666666667 0.0015625
0 0.8020833333333334 0.225 0.025 0.0125
0 0.4875 0.21875 0.004166666666666667 0.003125
0 0.303125 0.22421875 0.04375 0.0140625
0 0.909375 0.21640625 0.0020833333333333333 0.0015625
0 0.48020833333333335 0.21640625 0.0020833333333333333 0.0015625
0 0.30104166666666665 0.21640625 0.0020833333333333333 0.0015625
0 0.8395833333333333 0.221875 0.0125 0.015625
0 0.671875 0.234375 0.06041666666666667 0.04375
0 0.47604166666666664 0.21171875 0.0020833333333333333 0.0015625
0 0.30520833333333336 0.2125 0.00625 0.00625
0 0.33958333333333335 0.21015625 0.0125 0.0046875
0 0.825 0.2140625 0.016666666666666666 0.015625
0 0.9020833333333333 0.20703125 0.004166666666666667 0.0046875
0 0.49375 0.20546875 0.004166666666666667 0.0015625
0 0.46041666666666664 0.21328125 0.004166666666666667 0.0171875
0 0.9447916666666667 0.20390625 0.0020833333333333333 0.0015625
0 0.621875 0.2125 0.014583333333333334 0.01875
0 0.03333333333333333 0.2046875 0.004166666666666667 0.003125
0 0.46875 0.203125 0.004166666666666667 0.003125
0 0.065625 0.20390625 0.010416666666666666 0.0078125
0 0.05625 0.2015625 0.004166666666666667 0.003125
0 0.4427083333333333 0.19921875 0.0020833333333333333 0.0015625
0 0.035416666666666666 0.2 0.004166666666666667 0.003125
0 0.978125 0.19765625 0.0020833333333333333 0.0015625
0 0.46875 0.19765625 0.004166666666666667 0.0015625
0 0.059375 0.19765625 0.0020833333333333333 0.0015625
0 0.8947916666666667 0.19609375 0.0020833333333333333 0.0015625
0 0.315625 0.19609375 0.0020833333333333333 0.0015625
0 0.29270833333333335 0.1984375 0.014583333333333334 0.00625
0 0.06354166666666666 0.196875 0.0020833333333333333 0.003125
0 0.9979166666666667 0.196875 0.004166666666666667 0.00625
0 0.9239583333333333 0.21015625 0.04791666666666667 0.0328125
0 0.4635416666666667 0.1953125 0.0020833333333333333 0.003125
0 0.33229166666666665 0.1953125 0.00625 0.003125
0 0.9572916666666667 0.19296875 0.0020833333333333333 0.0015625
0 0.8989583333333333 0.19296875 0.0020833333333333333 0.0015625
0 0.19583333333333333 0.19609375 0.008333333333333333 0.0078125
0 0.19479166666666667 0.19296875 0.0020833333333333333 0.0015625
0 0.35208333333333336 0.19140625 0.004166666666666667 0.0015625
0 0.20625 0.1921875 0.004166666666666667 0.003125
0 0.565625 0.18984375 0.0020833333333333333 0.0015625
0 0.075 0.19140625 0.004166666666666667 0.0046875
0 0.06875 0.19296875 0.008333333333333333 0.0078125
0 0.19895833333333332 0.1890625 0.00625 0.003125
0 0.2916666666666667 0.1859375 0.008333333333333333 0.003125
0 0.051041666666666666 0.19921875 0.022916666666666665 0.0296875
0 0.23645833333333333 0.19296875 0.022916666666666665 0.0203125
0 0.8416666666666667 0.1890625 0.016666666666666666 0.021875
0 0.903125 0.17578125 0.0020833333333333333 0.0015625
0 0.371875 0.17578125 0.0020833333333333333 0.0015625
0 0.9854166666666667 0.17265625 0.004166666666666667 0.0015625
0 0.1625 0.16953125 0.004166666666666667 0.0015625
0 0.31145833333333334 0.16796875 0.0020833333333333333 0.0015625
0 0.30520833333333336 0.16796875 0.0020833333333333333 0.0015625
0 0.2552083333333333 0.16796875 0.0020833333333333333 0.0015625
0 0.23854166666666668 0.16796875 0.0020833333333333333 0.0015625
0 0.9270833333333334 0.175 0.04583333333333333 0.021875
0 0.871875 0.1640625 0.0020833333333333333 0.003125
0 0.509375 0.16328125 0.0020833333333333333 0.0015625
0 0.44895833333333335 0.16640625 0.0020833333333333333 0.0078125
0 0.959375 0.16484375 0.010416666666666666 0.0078125
0 0.515625 0.15703125 0.0020833333333333333 0.0015625
0 0.46979166666666666 0.15859375 0.010416666666666666 0.0078125
0 0.4510416666666667 0.15703125 0.0020833333333333333 0.0046875
0 0.3645833333333333 0.15625 0.004166666666666667 0.003125
0 0.9114583333333334 0.15390625 0.0020833333333333333 0.0015625
0 0.7645833333333333 0.1546875 0.004166666666666667 0.003125
0 0.7354166666666667 0.15390625 0.004166666666666667 0.0015625
0 0.6447916666666667 0.15234375 0.0020833333333333333 0.0015625
0 0.5697916666666667 0.16015625 0.010416666666666666 0.0171875
0 0.4510416666666667 0.15234375 0.0020833333333333333 0.0015625
0 0.8708333333333333 0.15625 0.008333333333333333 0.0125
0 0.796875 0.1515625 0.010416666666666666 0.003125
0 0.78125 0.15625 0.016666666666666666 0.0125
0 0.8572916666666667 0.14921875 0.0020833333333333333 0.0015625
0 0.771875 0.14921875 0.0020833333333333333 0.0015625
0 0.7510416666666667 0.14921875 0.0020833333333333333 0.0015625
0 0.3645833333333333 0.15078125 0.004166666666666667 0.0046875
0 0.11354166666666667 0.14765625 0.0020833333333333333 0.0015625
0 0.9635416666666666 0.14609375 0.0020833333333333333 0.0015625
0 0.7697916666666667 0.14609375 0.0020833333333333333 0.0015625
0 0.28020833333333334 0.159375 0.06458333333333334 0.028125
0 0.95625 0.14453125 0.004166666666666667 0.0015625
0 0.4395833333333333 0.1484375 0.008333333333333333 0.009375
0 0.928125 0.14296875 0.0020833333333333333 0.0015625
0 0.8364583333333333 0.14296875 0.0020833333333333333 0.0015625
0 0.7989583333333333 0.14375 0.0020833333333333333 0.003125
0 0.7802083333333333 0.14296875 0.0020833333333333333 0.0015625
0 0.965625 0.14140625 0.0020833333333333333 0.0015625
0 0.7677083333333333 0.1421875 0.0020833333333333333 0.003125
0 0.7302083333333333 0.1984375 0.14375 0.115625
0 0.6364583333333333 0.17265625 0.035416666666666666 0.0640625
0 0.1125 0.14296875 0.004166666666666667 0.0046875
0 0.86875 0.140625 0.004166666666666667 0.003125
0 0.8322916666666667 0.13984375 0.0020833333333333333 0.0015625
0 0.778125 0.13984375 0.0020833333333333333 0.0015625
0 0.7489583333333333 0.13984375 0.0020833333333333333 0.0015625
0 0.9697916666666667 0.13828125 0.0020833333333333333 0.0015625
0 0.9447916666666667 0.13828125 0.0020833333333333333 0.0015625
0 0.940625 0.13828125 0.0020833333333333333 0.0015625
0 0.9364583333333333 0.13828125 0.0020833333333333333 0.0015625
0 0.109375 0.13828125 0.0020833333333333333 0.0015625
0 0.234375 0.13671875 0.0020833333333333333 0.0015625
0 0.32708333333333334 0.14296875 0.04583333333333333 0.0171875
0 0.834375 0.13359375 0.0020833333333333333 0.0015625
0 0.7583333333333333 0.13828125 0.0125 0.0109375
0 0.4822916666666667 0.134375 0.0020833333333333333 0.003125
0 0.94375 0.1328125 0.004166666666666667 0.003125
0 0.9239583333333333 0.13046875 0.0020833333333333333 0.0015625
0 0.84375 0.146875 0.04583333333333333 0.034375
0 0.3854166666666667 0.13046875 0.004166666666666667 0.0015625
0 0.25729166666666664 0.13046875 0.0020833333333333333 0.0015625
0 0.23229166666666667 0.13046875 0.0020833333333333333 0.0015625
0 0.9125 0.13671875 0.029166666666666667 0.0203125
0 0.5697916666666667 0.12734375 0.0020833333333333333 0.0015625
0 0.2625 0.1296875 0.008333333333333333 0.00625
0 0.12083333333333333 0.13359375 0.025 0.0140625
0 0.8229166666666666 0.13046875 0.016666666666666666 0.0109375
0 0.8041666666666667 0.12890625 0.016666666666666666 0.0078125
0 0.7635416666666667 0.12890625 0.00625 0.0078125
0 0.28020833333333334 0.12578125 0.0020833333333333333 0.0015625
0 0.24895833333333334 0.12578125 0.0020833333333333333 0.0015625
0 0.15833333333333333 0.1296875 0.03333333333333333 0.009375
0 0.13645833333333332 0.12578125 0.0020833333333333333 0.0015625
0 0.09479166666666666 0.128125 0.010416666666666666 0.00625
0 0.784375 0.125 0.00625 0.003125
0 0.38645833333333335 0.12421875 0.0020833333333333333 0.0015625
0 0.2947916666666667 0.12421875 0.0020833333333333333 0.0015625
0 0.2677083333333333 0.12578125 0.00625 0.0046875
0 0.16979166666666667 0.12421875 0.0020833333333333333 0.0015625
0 0.965625 0.12265625 0.0020833333333333333 0.0015625
0 0.7052083333333333 0.12265625 0.0020833333333333333 0.0015625
0 0.084375 0.12265625 0.0020833333333333333 0.0015625
0 0.7416666666666667 0.1296875 0.016666666666666666 0.01875
0 0.6458333333333334 0.12890625 0.016666666666666666 0.0171875
0 0.2677083333333333 0.12109375 0.0020833333333333333 0.0015625
0 0.46458333333333335 0.1234375 0.004166666666666667 0.009375
0 0.228125 0.1234375 0.014583333333333334 0.009375
0 0.17395833333333333 0.11953125 0.0020833333333333333 0.0015625
0 0.9979166666666667 0.11796875 0.004166666666666667 0.0015625
0 0.9885416666666667 0.11796875 0.00625 0.0015625
0 0.42291666666666666 0.12109375 0.041666666666666664 0.0078125
0 0.2520833333333333 0.11953125 0.008333333333333333 0.0046875
0 0.24270833333333333 0.1203125 0.010416666666666666 0.00625
0 0.18020833333333333 0.11796875 0.0020833333333333333 0.0015625
0 0.95 0.12421875 0.0375 0.0171875
0 0.446875 0.13125 0.01875 0.03125
0 0.440625 0.11640625 0.0020833333333333333 0.0015625
0 0.30520833333333336 0.1203125 0.027083333333333334 0.009375
0 0.284375 0.1171875 0.0020833333333333333 0.003125
0 0.24479166666666666 0.11640625 0.0020833333333333333 0.0015625
0 0.6489583333333333 0.11484375 0.0020833333333333333 0.0015625
0 0.5833333333333334 0.12421875 0.025 0.0203125
0 0.565625 0.11484375 0.0020833333333333333 0.0015625
0 0.446875 0.115625 0.0020833333333333333 0.003125
0 0.196875 0.11640625 0.00625 0.0046875
0 0.18854166666666666 0.11640625 0.00625 0.0046875
0 0.6604166666666667 0.115625 0.004166666666666667 0.00625
0 0.5697916666666667 0.11328125 0.0020833333333333333 0.0015625
0 0.4552083333333333 0.11328125 0.0020833333333333333 0.0015625
0 0.35520833333333335 0.11328125 0.0020833333333333333 0.0015625
0 0.15104166666666666 0.11875 0.035416666666666666 0.0125
0 0.9791666666666666 0.11484375 0.016666666666666666 0.0078125
0 0.665625 0.1125 0.00625 0.003125
0 0.71875 0.115625 0.0125 0.0125
0 0.7739583333333333 0.10859375 0.0020833333333333333 0.0015625
0 0.7072916666666667 0.109375 0.0020833333333333333 0.003125
0 0.15520833333333334 0.11015625 0.010416666666666666 0.0046875
0 0.9947916666666666 0.109375 0.010416666666666666 0.00625
0 0.9072916666666667 0.10703125 0.0020833333333333333 0.0015625
0 0.9010416666666666 0.1078125 0.00625 0.003125
0 0.6677083333333333 0.10703125 0.0020833333333333333 0.0015625
0 0.446875 0.1078125 0.0020833333333333333 0.003125
0 0.5989583333333334 0.10546875 0.0020833333333333333 0.0015625
0 0.20104166666666667 0.10703125 0.014583333333333334 0.0046875
0 0.16979166666666667 0.109375 0.022916666666666665 0.009375
0 0.7104166666666667 0.1046875 0.004166666666666667 0.003125
0 0.45625 0.10625 0.004166666666666667 0.00625
0 0.21354166666666666 0.10546875 0.00625 0.0046875
0 0.175 0.10390625 0.0125 0.0046875
0 0.928125 0.1015625 0.010416666666666666 0.003125
0 0.7604166666666666 0.11015625 0.016666666666666666 0.0203125
0 0.153125 0.10234375 0.00625 0.0046875
0 0.7489583333333333 0.09921875 0.0020833333333333333 0.0015625
0 0.21354166666666666 0.09921875 0.0020833333333333333 0.0015625
0 0.721875 0.09609375 0.0020833333333333333 0.0015625
0 0.478125 0.10078125 0.03125 0.0109375
0 0.16770833333333332 0.0984375 0.010416666666666666 0.00625
0 0.7447916666666666 0.09453125 0.0020833333333333333 0.0015625
0 0.740625 0.09453125 0.0020833333333333333 0.0015625
0 0.734375 0.096875 0.00625 0.00625
0 0.553125 0.09453125 0.0020833333333333333 0.0015625
0 0.45729166666666665 0.0953125 0.0020833333333333333 0.003125
0 0.559375 0.0953125 0.00625 0.00625
0 0.48854166666666665 0.09296875 0.0020833333333333333 0.0015625
0 0.41458333333333336 0.10078125 0.058333333333333334 0.0171875
0 0.765625 0.09140625 0.0020833333333333333 0.0015625
0 0.721875 0.09140625 0.0020833333333333333 0.0015625
0 0.665625 0.0921875 0.0020833333333333333 0.003125
0 0.5489583333333333 0.09140625 0.0020833333333333333 0.0015625
0 0.459375 0.09140625 0.0020833333333333333 0.0015625
0 0.128125 0.09609375 0.014583333333333334 0.0109375
0 0.7708333333333334 0.08984375 0.004166666666666667 0.0015625
0 0.75 0.090625 0.004166666666666667 0.003125
0 0.665625 0.12890625 0.04375 0.0796875
0 0.4010416666666667 0.08984375 0.0020833333333333333 0.0015625
0 0.3927083333333333 0.090625 0.00625 0.00625
0 0.6989583333333333 0.09296875 0.010416666666666666 0.0140625
0 0.6697916666666667 0.08671875 0.0020833333333333333 0.0015625
0 0.365625 0.08671875 0.0020833333333333333 0.0015625
0 0.31354166666666666 0.10546875 0.12291666666666666 0.0390625
0 0.15 0.096875 0.03333333333333333 0.021875
0 0.9864583333333333 0.096875 0.027083333333333334 0.025
0 0.6697916666666667 0.08359375 0.0020833333333333333 0.0015625
0 0.665625 0.08359375 0.0020833333333333333 0.0015625
0 0.057291666666666664 0.0828125 0.0020833333333333333 0.003125
0 0.7802083333333333 0.1015625 0.03958333333333333 0.04375
0 0.665625 0.08046875 0.0020833333333333333 0.0015625
0 0.5989583333333334 0.08046875 0.0020833333333333333 0.0015625
0 0.4 0.08203125 0.0125 0.0046875
0 0.9979166666666667 0.08046875 0.004166666666666667 0.0046875
0 0.878125 0.07890625 0.0020833333333333333 0.0015625
0 0.6375 0.0796875 0.004166666666666667 0.00625
0 0.796875 0.07734375 0.00625 0.0046875
0 0.40625 0.07734375 0.008333333333333333 0.0046875
0 0.08645833333333333 0.07578125 0.0020833333333333333 0.0015625
0 0.5677083333333334 0.08046875 0.014583333333333334 0.0140625
0 0.35625 0.0796875 0.025 0.0125
0 0.026041666666666668 0.07421875 0.0020833333333333333 0.0015625
0 0.021875 0.07421875 0.0020833333333333333 0.0015625
0 0.015625 0.07421875 0.0020833333333333333 0.0015625
0 0.26666666666666666 0.078125 0.008333333333333333 0.0125
0 0.140625 0.07265625 0.0020833333333333333 0.0015625
0 0.646875 0.07109375 0.0020833333333333333 0.0015625
0 0.030208333333333334 0.071875 0.0020833333333333333 0.003125
0 0.603125 0.06953125 0.0020833333333333333 0.0015625
0 0.5239583333333333 0.07265625 0.00625 0.0078125
0 0.140625 0.06953125 0.0020833333333333333 0.0015625
0 0.7989583333333333 0.06875 0.0020833333333333333 0.003125
0 0.3020833333333333 0.06875 0.004166666666666667 0.003125
0 0.890625 0.065625 0.0020833333333333333 0.003125
0 0.740625 0.065625 0.0020833333333333333 0.003125
0 0.6885416666666667 0.06640625 0.0020833333333333333 0.0046875
0 0.6072916666666667 0.0703125 0.010416666666666666 0.0125
0 0.47291666666666665 0.06953125 0.0125 0.0109375
0 0.28020833333333334 0.06328125 0.0020833333333333333 0.0015625
0 0.728125 0.06484375 0.00625 0.0078125
0 0.3072916666666667 0.06171875 0.0020833333333333333 0.0015625
0 0.28541666666666665 0.065625 0.016666666666666666 0.009375
0 0.43645833333333334 0.07578125 0.04791666666666667 0.0328125
0 0.24375 0.0609375 0.004166666666666667 0.003125
0 0.20520833333333333 0.06015625 0.00625 0.0015625
0 0.6625 0.0796875 0.029166666666666667 0.04375
0 0.309375 0.05859375 0.0020833333333333333 0.0015625
0 0.30520833333333336 0.05859375 0.0020833333333333333 0.0015625
0 0.5947916666666667 0.05703125 0.0020833333333333333 0.0015625
0 0.26979166666666665 0.05703125 0.0020833333333333333 0.0015625
0 0.53125 0.0609375 0.008333333333333333 0.0125
0 0.590625 0.05390625 0.0020833333333333333 0.0015625
0 0.33125 0.053125 0.008333333333333333 0.003125
0 0.28541666666666665 0.05234375 0.004166666666666667 0.0015625
0 0.85625 0.07265625 0.0625 0.0453125
0 0.771875 0.0515625 0.00625 0.003125
0 0.5385416666666667 0.05078125 0.0020833333333333333 0.0015625
0 0.7947916666666667 0.04921875 0.0020833333333333333 0.0015625
0 0.7177083333333333 0.05078125 0.00625 0.0046875
0 0.309375 0.04921875 0.00625 0.0015625
0 0.784375 0.04765625 0.00625 0.0015625
0 0.5854166666666667 0.04765625 0.004166666666666667 0.0015625
0 0.346875 0.04765625 0.0020833333333333333 0.0015625
0 0.915625 0.046875 0.00625 0.003125
0 0.7197916666666667 0.04609375 0.0020833333333333333 0.0015625
0 0.7114583333333333 0.0578125 0.022916666666666665 0.025
0 0.68125 0.0515625 0.020833333333333332 0.0125
0 0.509375 0.046875 0.0020833333333333333 0.003125
0 0.20729166666666668 0.04765625 0.010416666666666666 0.0046875
0 0.7197916666666667 0.04296875 0.0020833333333333333 0.0015625
0 0.703125 0.04296875 0.0020833333333333333 0.0015625
0 0.7854166666666667 0.04296875 0.004166666666666667 0.0046875
0 0.6114583333333333 0.0453125 0.010416666666666666 0.009375
0 0.5791666666666667 0.04296875 0.004166666666666667 0.0046875
0 0.3541666666666667 0.0453125 0.008333333333333333 0.009375
0 0.5322916666666667 0.15078125 0.13958333333333334 0.2234375
0 0.921875 0.040625 0.00625 0.00625
0 0.34791666666666665 0.0390625 0.004166666666666667 0.003125
0 0.334375 0.03828125 0.00625 0.0015625
0 0.71875 0.0359375 0.004166666666666667 0.003125
0 0.66875 0.03359375 0.004166666666666667 0.0015625
0 0.321875 0.03359375 0.0020833333333333333 0.0015625
0 0.23125 0.0359375 0.0125 0.00625
0 0.6104166666666667 0.03671875 0.008333333333333333 0.0109375
0 0.5052083333333334 0.03203125 0.0020833333333333333 0.0015625
0 0.4739583333333333 0.0375 0.00625 0.0125
0 0.3177083333333333 0.03203125 0.0020833333333333333 0.0015625
0 0.671875 0.03046875 0.0020833333333333333 0.0015625
0 0.33229166666666665 0.03203125 0.010416666666666666 0.0046875
0 0.28020833333333334 0.03359375 0.010416666666666666 0.0078125
0 0.596875 0.03203125 0.00625 0.0078125
0 0.4895833333333333 0.03046875 0.004166666666666667 0.0046875
0 0.115625 0.02890625 0.0020833333333333333 0.0015625
0 0.9166666666666666 0.03203125 0.016666666666666666 0.0109375
0 0.7895833333333333 0.028125 0.004166666666666667 0.003125
0 0.6822916666666666 0.03046875 0.010416666666666666 0.0078125
0 0.5614583333333333 0.02734375 0.0020833333333333333 0.0015625
0 0.5114583333333333 0.02734375 0.0020833333333333333 0.0015625
0 0.35625 0.028125 0.004166666666666667 0.003125
0 0.29791666666666666 0.03125 0.0125 0.009375
0 0.23854166666666668 0.028125 0.00625 0.003125
0 0.7822916666666667 0.03203125 0.00625 0.0140625
0 0.5114583333333333 0.02421875 0.0020833333333333333 0.0015625
0 0.8114583333333333 0.02265625 0.0020833333333333333 0.0015625
0 0.6072916666666667 0.02265625 0.0020833333333333333 0.0015625
0 0.13541666666666666 0.0359375 0.058333333333333334 0.028125
0 0.678125 0.02109375 0.0020833333333333333 0.0015625
0 0.3458333333333333 0.021875 0.0125 0.00625
0 0.13958333333333334 0.02109375 0.004166666666666667 0.0046875
0 0.7947916666666667 0.01796875 0.0020833333333333333 0.0015625
0 0.7239583333333334 0.01796875 0.0020833333333333333 0.0015625
0 0.5791666666666667 0.01875 0.004166666666666667 0.003125
0 0.5052083333333334 0.01796875 0.0020833333333333333 0.0015625
0 0.115625 0.01796875 0.0020833333333333333 0.0015625
0 0.678125 0.01640625 0.0020833333333333333 0.0015625
0 0.14583333333333334 0.02109375 0.008333333333333333 0.0109375
0 0.121875 0.01484375 0.0020833333333333333 0.0015625
0 0.5822916666666667 0.01171875 0.0020833333333333333 0.0015625
0 0.834375 0.01796875 0.03958333333333333 0.0171875
0 0.615625 0.0125 0.00625 0.00625
0 0.13645833333333332 0.01171875 0.00625 0.0046875
0 0.23645833333333333 0.009375 0.010416666666666666 0.009375
0 0.9177083333333333 0.00390625 0.0020833333333333333 0.0015625
0 0.7052083333333333 0.0140625 0.014583333333333334 0.021875
0 0.9625 0.003125 0.008333333333333333 0.00625
0 0.921875 0.0109375 0.01875 0.021875
0 0.9072916666666667 0.01640625 0.014583333333333334 0.0328125
0 0.8822916666666667 0.0140625 0.014583333333333334 0.028125
0 0.7979166666666667 0.00859375 0.020833333333333332 0.0171875
0 0.7145833333333333 0.00234375 0.004166666666666667 0.0046875
0 0.7010416666666667 0.00078125 0.0020833333333333333 0.0015625
0 0.5864583333333333 0.0046875 0.00625 0.009375
0 0.5510416666666667 0.04609375 0.10625 0.0921875
0 0.50625 0.0078125 0.016666666666666666 0.015625
1 0.06770833333333333 0.94765625 0.0020833333333333333 0.0015625
1 0.019791666666666666 0.94453125 0.0020833333333333333 0.0015625
1 0.04479166666666667 0.93984375 0.010416666666666666 0.0046875
1 0.028125 0.9375 0.0020833333333333333 0.003125
1 0.13229166666666667 0.9421875 0.04375 0.015625
1 0.06354166666666666 0.93828125 0.014583333333333334 0.0140625
1 0.07604166666666666 0.90078125 0.0020833333333333333 0.0015625
1 0.07708333333333334 0.89453125 0.004166666666666667 0.0046875
1 0.046875 0.86953125 0.0020833333333333333 0.0015625
1 0.052083333333333336 0.86796875 0.004166666666666667 0.0015625
1 0.11145833333333334 0.86171875 0.0020833333333333333 0.0015625
1 0.04583333333333333 0.8640625 0.0125 0.009375
1 0.096875 0.85859375 0.0020833333333333333 0.0015625
1 0.10104166666666667 0.85234375 0.0020833333333333333 0.0015625
1 0.06041666666666667 0.85703125 0.0125 0.0109375
1 0.08958333333333333 0.84921875 0.004166666666666667 0.0015625
1 0.1 0.8484375 0.004166666666666667 0.003125
1 0.8854166666666666 0.846875 0.008333333333333333 0.00625
1 0.9427083333333334 0.8421875 0.00625 0.00625
1 0.08229166666666667 0.85390625 0.014583333333333334 0.0296875
1 0.896875 0.83828125 0.014583333333333334 0.0015625
1 0.090625 0.83515625 0.0020833333333333333 0.0015625
1 0.965625 0.83203125 0.0020833333333333333 0.0015625
1 0.95625 0.83203125 0.004166666666666667 0.0015625
1 0.9447916666666667 0.8328125 0.00625 0.003125
1 0.03333333333333333 0.8328125 0.008333333333333333 0.01875
1 0.0010416666666666667 0.82109375 0.0020833333333333333 0.0015625
1 0.03125 0.81640625 0.008333333333333333 0.0078125
1 0.6260416666666667 0.81015625 0.0020833333333333333 0.0015625
1 0.6572916666666667 0.80546875 0.0020833333333333333 0.0015625
1 0.25104166666666666 0.80625 0.0020833333333333333 0.003125
1 0.6010416666666667 0.80390625 0.0020833333333333333 0.0015625
1 0.004166666666666667 0.8046875 0.008333333333333333 0.00625
1 0.6666666666666666 0.8 0.004166666666666667 0.003125
1 0.9822916666666667 0.79765625 0.0020833333333333333 0.0015625
1 0.6135416666666667 0.8078125 0.027083333333333334 0.025
1 0.9885416666666667 0.8046875 0.010416666666666666 0.021875
1 0.9822916666666667 0.79453125 0.0020833333333333333 0.0015625
1 0.7927083333333333 0.79140625 0.0020833333333333333 0.0015625
1 0.22604166666666667 0.790625 0.0020833333333333333 0.003125
1 0.228125 0.78359375 0.0020833333333333333 0.0078125
1 0.06354166666666666 0.78203125 0.014583333333333334 0.0078125
1 0.23020833333333332 0.77734375 0.0020833333333333333 0.0015625
1 0.07916666666666666 0.77734375 0.004166666666666667 0.0015625
1 0.9322916666666666 0.77421875 0.0020833333333333333 0.0015625
1 0.915625 0.77421875 0.0020833333333333333 0.0015625
1 0.9114583333333334 0.77421875 0.0020833333333333333 0.0015625
1 0.7395833333333334 0.775 0.0125 0.003125
1 0.728125 0.77421875 0.0020833333333333333 0.0015625
1 0.47604166666666664 0.77421875 0.0020833333333333333 0.0015625
1 0.9072916666666667 0.7734375 0.0020833333333333333 0.003125
1 0.903125 0.77265625 0.0020833333333333333 0.0015625
1 0.465625 0.7734375 0.014583333333333334 0.00625
1 0.23958333333333334 0.8109375 0.03333333333333333 0.08125
1 0.05520833333333333 0.76953125 0.0020833333333333333 0.0015625
1 0.721875 0.76796875 0.0020833333333333333 0.0015625
1 0.25729166666666664 0.76796875 0.0020833333333333333 0.0015625
1 0.7260416666666667 0.76484375 0.0020833333333333333 0.0015625
1 0.6010416666666667 0.76484375 0.0020833333333333333 0.0015625
1 0.25729166666666664 0.76328125 0.0020833333333333333 0.0015625
1 0.603125 0.76171875 0.0020833333333333333 0.0015625
1 0.265625 0.76171875 0.0020833333333333333 0.0015625
1 0.234375 0.76328125 0.00625 0.0078125
1 0.128125 0.76015625 0.0020833333333333333 0.0015625
1 0.8583333333333333 0.76171875 0.016666666666666666 0.0078125
1 0.5989583333333334 0.75859375 0.0020833333333333333 0.0015625
1 0.9739583333333334 0.7734375 0.052083333333333336 0.034375
1 0.859375 0.75703125 0.0020833333333333333 0.0015625
1 0.6760416666666667 0.76015625 0.010416666666666666 0.0078125
1 0.5927083333333333 0.7578125 0.00625 0.00625
1 0.5822916666666667 0.75703125 0.00625 0.0046875
1 0.6729166666666667 0.753125 0.004166666666666667 0.003125
1 0.25729166666666664 0.75625 0.00625 0.009375
1 0.1125 0.75234375 0.004166666666666667 0.0015625
1 0.8145833333333333 0.75078125 0.004166666666666667 0.0015625
1 0.09166666666666666 0.76484375 0.06666666666666667 0.0296875
1 0.803125 0.7484375 0.010416666666666666 0.003125
1 0.725 0.7484375 0.008333333333333333 0.00625
1 0.26145833333333335 0.74609375 0.0020833333333333333 0.0015625
1 0.6447916666666667 0.74296875 0.0020833333333333333 0.0015625
1 0.6489583333333333 0.74140625 0.0020833333333333333 0.0015625
1 0.096875 0.74140625 0.0020833333333333333 0.0015625
1 0.8489583333333334 0.746875 0.022916666666666665 0.015625
1 0.24479166666666666 0.73984375 0.0020833333333333333 0.0015625
1 0.7802083333333333 0.74140625 0.014583333333333334 0.0078125
1 0.8479166666666667 0.7375 0.004166666666666667 0.003125
1 0.246875 0.73671875 0.0020833333333333333 0.0015625
1 0.253125 0.74140625 0.010416666666666666 0.0140625
1 0.24895833333333334 0.73359375 0.0020833333333333333 0.0015625
1 0.8239583333333333 0.73203125 0.0020833333333333333 0.0015625
1 0.8114583333333333 0.73125 0.00625 0.003125
1 0.8010416666666667 0.73125 0.00625 0.003125
1 0.28229166666666666 0.73125 0.0020833333333333333 0.003125
1 0.2604166666666667 0.73359375 0.008333333333333333 0.0078125
1 0.25104166666666666 0.7265625 0.00625 0.003125
1 0.9010416666666666 0.74921875 0.05625 0.0515625
1 0.29270833333333335 0.72421875 0.0020833333333333333 0.0015625
1 0.871875 0.7265625 0.00625 0.009375
1 0.08541666666666667 0.72265625 0.016666666666666666 0.0046875
1 0.8947916666666667 0.71953125 0.0020833333333333333 0.0015625
1 0.890625 0.71953125 0.0020833333333333333 0.0015625
1 0.7802083333333333 0.71953125 0.0020833333333333333 0.0015625
1 0.7229166666666667 0.721875 0.008333333333333333 0.00625
1 0.2989583333333333 0.71796875 0.0020833333333333333 0.0015625
1 0.8885416666666667 0.71640625 0.0020833333333333333 0.0015625
1 0.8052083333333333 0.71640625 0.0020833333333333333 0.0015625
1 0.36770833333333336 0.72109375 0.014583333333333334 0.0109375
1 0.809375 0.71484375 0.0020833333333333333 0.0015625
1 0.8010416666666667 0.71484375 0.0020833333333333333 0.0015625
1 0.88125 0.71328125 0.008333333333333333 0.0046875
1 0.07708333333333334 0.71484375 0.008333333333333333 0.0078125
1 0.08854166666666667 0.71015625 0.010416666666666666 0.0015625
1 0.7385416666666667 0.70859375 0.0020833333333333333 0.0015625
1 0.8072916666666666 0.70703125 0.0020833333333333333 0.0015625
1 0.27395833333333336 0.72421875 0.022916666666666665 0.0390625
1 0.8010416666666667 0.70390625 0.0020833333333333333 0.0015625
1 0.36041666666666666 0.70390625 0.004166666666666667 0.0046875
1 0.26875 0.70234375 0.004166666666666667 0.0015625
1 0.7989583333333333 0.70078125 0.0020833333333333333 0.0015625
1 0.290625 0.6984375 0.0020833333333333333 0.003125
1 0.35833333333333334 0.696875 0.004166666666666667 0.003125
1 0.7677083333333333 0.68984375 0.0020833333333333333 0.0015625
1 0.7875 0.69375 0.016666666666666666 0.0125
1 0.7739583333333333 0.6890625 0.00625 0.003125
1 0.35 0.69296875 0.004166666666666667 0.0109375
1 0.2947916666666667 0.68671875 0.0020833333333333333 0.0015625
1 0.19270833333333334 0.6875 0.00625 0.003125
1 0.9895833333333334 0.6859375 0.0125 0.003125
1 0.103125 0.68515625 0.0020833333333333333 0.0015625
1 0.3614583333333333 0.6875 0.010416666666666666 0.009375
1 0.9947916666666666 0.68203125 0.0020833333333333333 0.0015625
1 0.9791666666666666 0.68203125 0.004166666666666667 0.0015625
1 0.16979166666666667 0.68828125 0.03958333333333333 0.0140625
1 0.7166666666666667 0.68046875 0.004166666666666667 0.0015625
1 0.18229166666666666 0.68046875 0.0020833333333333333 0.0015625
1 0.16875 0.68515625 0.020833333333333332 0.0109375
1 0.11979166666666667 0.68125 0.0020833333333333333 0.003125
1 0.022916666666666665 0.68203125 0.008333333333333333 0.0046875
1 0.09270833333333334 0.67890625 0.0020833333333333333 0.0015625
1 0.70625 0.67734375 0.004166666666666667 0.0015625
1 0.159375 0.67734375 0.0020833333333333333 0.0015625
1 0.6979166666666666 0.68203125 0.016666666666666666 0.0140625
1 0.18020833333333333 0.67578125 0.0020833333333333333 0.0015625
1 0.16354166666666667 0.67578125 0.0020833333333333333 0.0015625
1 0.7572916666666667 0.67421875 0.0020833333333333333 0.0015625
1 0.17083333333333334 0.67734375 0.008333333333333333 0.0078125
1 0.11875 0.67421875 0.004166666666666667 0.0015625
1 0.7635416666666667 0.6734375 0.0020833333333333333 0.003125
1 0.109375 0.67109375 0.0020833333333333333 0.0015625
1 0.030208333333333334 0.67578125 0.01875 0.0109375
1 0.940625 0.66953125 0.0020833333333333333 0.0015625
1 0.18645833333333334 0.67265625 0.00625 0.0078125
1 0.10416666666666667 0.66953125 0.004166666666666667 0.0015625
1 0.4197916666666667 0.67109375 0.00625 0.0078125
1 0.17916666666666667 0.66875 0.004166666666666667 0.003125
1 0.965625 0.671875 0.04375 0.015625
1 0.95 0.66328125 0.004166666666666667 0.0015625
1 0.65 0.671875 0.03333333333333333 0.01875
1 0.6239583333333333 0.66328125 0.0020833333333333333 0.0015625
1 0.928125 0.66171875 0.0020833333333333333 0.0015625
1 0.5229166666666667 0.66484375 0.008333333333333333 0.0078125
1 0.011458333333333333 0.6625 0.0020833333333333333 0.003125
1 0.8739583333333333 0.66015625 0.0020833333333333333 0.0015625
1 0.88125 0.66015625 0.004166666666666667 0.0046875
1 0.734375 0.65546875 0.0020833333333333333 0.0015625
1 0.5125 0.65546875 0.008333333333333333 0.0078125
1 0.8635416666666667 0.65234375 0.00625 0.0046875
1 0.603125 0.65234375 0.010416666666666666 0.0078125
1 0.17291666666666666 0.64765625 0.004166666666666667 0.0046875
1 0.715625 0.6453125 0.0020833333333333333 0.003125
1 0.06770833333333333 0.64453125 0.0020833333333333333 0.0015625
1 0.07604166666666666 0.64375 0.00625 0.003125
1 0.7010416666666667 0.6453125 0.010416666666666666 0.009375
1 0.7052083333333333 0.63828125 0.0020833333333333333 0.0015625
1 0.08125 0.6375 0.008333333333333333 0.003125
1 0.071875 0.63671875 0.0020833333333333333 0.0015625
1 0.06354166666666666 0.6359375 0.00625 0.003125
1 0.7947916666666667 0.640625 0.04791666666666667 0.01875
1 0.496875 0.640625 0.027083333333333334 0.01875
1 0.7958333333333333 0.63046875 0.004166666666666667 0.0015625
1 0.9760416666666667 0.62890625 0.0020833333333333333 0.0015625
1 0.9697916666666667 0.62890625 0.00625 0.0015625
1 0.95625 0.64140625 0.0875 0.0265625
1 0.9135416666666667 0.62734375 0.00625 0.0015625
1 0.034375 0.62734375 0.0020833333333333333 0.0015625
1 0.015625 0.62734375 0.014583333333333334 0.0046875
1 0.11875 0.6421875 0.025 0.0375
1 0.5145833333333333 0.62109375 0.004166666666666667 0.0015625
1 0.5885416666666666 0.71328125 0.19375 0.1859375
1 0.703125 0.61796875 0.0020833333333333333 0.0015625
1 0.5052083333333334 0.61796875 0.0020833333333333333 0.0015625
1 0.6989583333333333 0.61640625 0.0020833333333333333 0.0015625
1 0.053125 0.61640625 0.0020833333333333333 0.0015625
1 0.046875 0.62109375 0.010416666666666666 0.0171875
1 0.036458333333333336 0.61484375 0.00625 0.0046875
1 0.7083333333333334 0.6125 0.004166666666666667 0.003125
1 0.703125 0.61171875 0.0020833333333333333 0.0046875
1 0.11458333333333333 0.615625 0.008333333333333333 0.0125
1 0.6458333333333334 0.609375 0.016666666666666666 0.00625
1 0.8 0.6046875 0.0125 0.009375
1 0.978125 0.60625 0.04375 0.025
1 0.23229166666666667 0.59453125 0.0020833333333333333 0.0015625
1 0.95625 0.59453125 0.004166666666666667 0.0046875
1 0.5364583333333334 0.59296875 0.010416666666666666 0.0015625
1 0.634375 0.59140625 0.0020833333333333333 0.0015625
1 0.965625 0.58828125 0.0020833333333333333 0.0015625
1 0.95625 0.5890625 0.004166666666666667 0.003125
1 0.665625 0.58828125 0.0020833333333333333 0.0015625
1 0.940625 0.58671875 0.0020833333333333333 0.0015625
1 0.65 0.59453125 0.025 0.0171875
1 0.559375 0.5875 0.014583333333333334 0.003125
1 0.5458333333333333 0.58671875 0.004166666666666667 0.0015625
1 0.9614583333333333 0.58515625 0.0020833333333333333 0.0015625
1 0.9354166666666667 0.5859375 0.004166666666666667 0.003125
1 0.58125 0.58671875 0.008333333333333333 0.0046875
1 0.21979166666666666 0.58515625 0.0020833333333333333 0.0015625
1 0.9989583333333333 0.58359375 0.0020833333333333333 0.0015625
1 0.559375 0.58359375 0.0020833333333333333 0.0015625
1 0.5479166666666667 0.58359375 0.004166666666666667 0.0015625
1 0.421875 0.58203125 0.0020833333333333333 0.0015625
1 0.953125 0.57890625 0.0020833333333333333 0.0015625
1 0.9489583333333333 0.57890625 0.0020833333333333333 0.0015625
1 0.94375 0.58046875 0.004166666666666667 0.0046875
1 0.9989583333333333 0.57734375 0.0020833333333333333 0.0015625
1 0.5135416666666667 0.5796875 0.01875 0.00625
1 0.5125 0.60078125 0.06666666666666667 0.0484375
1 0.3802083333333333 0.578125 0.00625 0.003125
1 0.004166666666666667 0.5796875 0.008333333333333333 0.00625
1 0.7864583333333334 0.57578125 0.00625 0.0015625
1 0.4270833333333333 0.5765625 0.004166666666666667 0.003125
1 0.975 0.578125 0.041666666666666664 0.009375
1 0.509375 0.57421875 0.0020833333333333333 0.0015625
1 0.996875 0.57265625 0.0020833333333333333 0.0015625
1 0.011458333333333333 0.57421875 0.010416666666666666 0.0046875
1 0.0010416666666666667 0.57265625 0.0020833333333333333 0.0015625
1 0.984375 0.57109375 0.0020833333333333333 0.0015625
1 0.23229166666666667 0.58359375 0.035416666666666666 0.0265625
1 0.9552083333333333 0.5734375 0.04791666666666667 0.009375
1 0.5614583333333333 0.57578125 0.027083333333333334 0.0140625
1 0.496875 0.5703125 0.00625 0.003125
1 0.7875 0.5734375 0.03333333333333333 0.0125
1 0.016666666666666666 0.56796875 0.008333333333333333 0.0046875
1 0.5927083333333333 0.56953125 0.022916666666666665 0.0109375
1 0.08020833333333334 0.56171875 0.0020833333333333333 0.0015625
1 0.946875 0.56015625 0.0020833333333333333 0.0015625
1 0.8833333333333333 0.60078125 0.1 0.0890625
1 0.003125 0.55703125 0.0020833333333333333 0.0015625
1 0.7947916666666667 0.55546875 0.0020833333333333333 0.0015625
1 0.5895833333333333 0.5515625 0.008333333333333333 0.003125
1 0.5979166666666667 0.5515625 0.004166666666666667 0.00625
1 0.058333333333333334 0.54765625 0.004166666666666667 0.0046875
1 0.017708333333333333 0.54453125 0.0020833333333333333 0.0015625
1 0.8833333333333333 0.5453125 0.008333333333333333 0.00625
1 0.8802083333333334 0.54296875 0.0020833333333333333 0.0015625
1 0.871875 0.54453125 0.00625 0.0046875
1 0.18645833333333334 0.54296875 0.00625 0.0078125
1 0.00625 0.54375 0.0125 0.0125
1 0.575 0.5375 0.020833333333333332 0.00625
1 0.9458333333333333 0.54140625 0.025 0.0171875
1 0.5427083333333333 0.53359375 0.0020833333333333333 0.0015625
1 0.075 0.534375 0.004166666666666667 0.003125
1 0.5489583333333333 0.53046875 0.0020833333333333333 0.0015625
1 0.5427083333333333 0.53046875 0.0020833333333333333 0.0015625
1 0.5489583333333333 0.52734375 0.0020833333333333333 0.0015625
1 0.0020833333333333333 0.528125 0.004166666666666667 0.003125
1 0.7052083333333333 0.5296875 0.027083333333333334 0.03125
1 0.010416666666666666 0.51796875 0.0125 0.0140625
1 0.029166666666666667 0.51171875 0.008333333333333333 0.0078125
1 0.925 0.50703125 0.0125 0.0046875
1 0.934375 0.50234375 0.0020833333333333333 0.0015625
1 0.203125 0.503125 0.00625 0.003125
1 0.9447916666666667 0.50234375 0.00625 0.0046875
1 0.9385416666666667 0.50078125 0.0020833333333333333 0.0015625
1 0.328125 0.50234375 0.0020833333333333333 0.0046875
1 0.934375 0.49921875 0.0020833333333333333 0.0015625
1 0.896875 0.496875 0.0020833333333333333 0.003125
1 0.9833333333333333 0.50390625 0.03333333333333333 0.0203125
1 0.22291666666666668 0.49765625 0.0125 0.0078125
1 0.33229166666666665 0.4953125 0.0020833333333333333 0.00625
1 0.22604166666666667 0.49140625 0.00625 0.0046875
1 0.28854166666666664 0.48828125 0.0020833333333333333 0.0015625
1 0.058333333333333334 0.4875 0.008333333333333333 0.00625
1 0.17604166666666668 0.48359375 0.0020833333333333333 0.0015625
1 0.171875 0.48359375 0.0020833333333333333 0.0015625
1 0.13645833333333332 0.48359375 0.0020833333333333333 0.0015625
1 0.23854166666666668 0.4578125 0.00625 0.003125
1 0.24270833333333333 0.45625 0.00625 0.003125
1 0.15729166666666666 0.45546875 0.0020833333333333333 0.0015625
1 0.14583333333333334 0.45546875 0.004166666666666667 0.0015625
1 0.11145833333333334 0.45234375 0.00625 0.0046875
1 0.10625 0.45 0.004166666666666667 0.003125
1 0.00625 0.44921875 0.0125 0.0046875
1 0.5729166666666666 0.44140625 0.008333333333333333 0.0046875
1 0.22083333333333333 0.44453125 0.0125 0.0109375
1 0.121875 0.4390625 0.0020833333333333333 0.003125
1 0.6510416666666666 0.43515625 0.0020833333333333333 0.0015625
1 0.17916666666666667 0.43515625 0.008333333333333333 0.0078125
1 0.20833333333333334 0.43359375 0.008333333333333333 0.0078125
1 0.6291666666666667 0.42734375 0.004166666666666667 0.0015625
1 0.9947916666666666 0.42109375 0.0020833333333333333 0.0015625
1 0.9354166666666667 0.4203125 0.004166666666666667 0.003125
1 0.5041666666666667 0.4140625 0.004166666666666667 0.0125
1 0.22291666666666668 0.40859375 0.004166666666666667 0.0015625
1 0.2 0.41796875 0.020833333333333332 0.0203125
1 0.18958333333333333 0.41015625 0.004166666666666667 0.0046875
1 0.10416666666666667 0.51015625 0.20833333333333334 0.2078125
1 0.042708333333333334 0.40390625 0.0020833333333333333 0.0015625
1 0.196875 0.40234375 0.0020833333333333333 0.0015625
1 0.19375 0.40390625 0.008333333333333333 0.0046875
1 0.16875 0.40234375 0.004166666666666667 0.0046875
1 0.18645833333333334 0.39921875 0.0020833333333333333 0.0015625
1 0.5135416666666667 0.39765625 0.0020833333333333333 0.0046875
1 0.23020833333333332 0.38828125 0.00625 0.0046875
1 0.4197916666666667 0.38359375 0.0020833333333333333 0.0015625
1 0.41458333333333336 0.38828125 0.004166666666666667 0.0109375
1 0.8510416666666667 0.38046875 0.0020833333333333333 0.0015625
1 0.7114583333333333 0.3859375 0.010416666666666666 0.0125
1 0.528125 0.37421875 0.0020833333333333333 0.0015625
1 0.43020833333333336 0.37734375 0.010416666666666666 0.0140625
1 0.7572916666666667 0.38984375 0.11875 0.0421875
1 0.8645833333333334 0.38359375 0.029166666666666667 0.0328125
1 0.49895833333333334 0.36640625 0.0020833333333333333 0.0078125
1 0.7833333333333333 0.35859375 0.029166666666666667 0.0078125
1 0.81875 0.35703125 0.029166666666666667 0.0109375
1 0.4083333333333333 0.3546875 0.016666666666666666 0.009375
1 0.3302083333333333 0.34140625 0.00625 0.0046875
1 0.465625 0.3390625 0.0020833333333333333 0.01875
1 0.4947916666666667 0.3328125 0.00625 0.009375
1 0.5916666666666667 0.3296875 0.008333333333333333 0.009375
1 0.4895833333333333 0.3265625 0.004166666666666667 0.003125
1 0.79375 0.334375 0.029166666666666667 0.03125
1 0.39375 0.35 0.03333333333333333 0.0625
1 0.6041666666666666 0.32421875 0.016666666666666666 0.0140625
1 0.465625 0.3171875 0.0020833333333333333 0.00625
1 0.60625 0.315625 0.0125 0.009375
1 0.7854166666666667 0.309375 0.0125 0.00625
1 0.465625 0.3046875 0.0020833333333333333 0.003125
1 0.5427083333333333 0.30078125 0.0020833333333333333 0.0015625
1 0.7614583333333333 0.3 0.022916666666666665 0.009375
1 0.628125 0.303125 0.05625 0.01875
1 0.5010416666666667 0.29453125 0.0020833333333333333 0.0015625
1 0.5052083333333334 0.29375 0.0020833333333333333 0.003125
1 0.33125 0.27890625 0.004166666666666667 0.0015625
1 0.5395833333333333 0.2796875 0.004166666666666667 0.009375
1 0.32083333333333336 0.2734375 0.008333333333333333 0.003125
1 0.296875 0.27109375 0.0020833333333333333 0.0015625
1 0.7875 0.2703125 0.004166666666666667 0.00625
1 0.571875 0.26796875 0.0020833333333333333 0.0015625
1 0.696875 0.2734375 0.04791666666666667 0.034375
1 0.5697916666666667 0.259375 0.0020833333333333333 0.00625
1 0.903125 0.32578125 0.19375 0.1484375
1 0.571875 0.25234375 0.0020833333333333333 0.0015625
1 0.5677083333333334 0.2515625 0.0020833333333333333 0.003125
1 0.7822916666666667 0.24375 0.010416666666666666 0.00625
1 0.7145833333333333 0.25 0.016666666666666666 0.01875
1 0.75625 0.2515625 0.029166666666666667 0.025
1 0.7729166666666667 0.2390625 0.004166666666666667 0.003125
1 0.659375 0.24296875 0.027083333333333334 0.0171875
1 0.8229166666666666 0.234375 0.008333333333333333 0.00625
1 0.32916666666666666 0.25 0.075 0.0375
1 0.896875 0.23984375 0.014583333333333334 0.0203125
1 0.30104166666666665 0.234375 0.01875 0.009375
1 0.8927083333333333 0.22734375 0.0020833333333333333 0.0015625
1 0.22291666666666668 0.22265625 0.004166666666666667 0.0015625
1 0.058333333333333334 0.21484375 0.004166666666666667 0.0015625
1 0.8635416666666667 0.221875 0.04375 0.034375
1 0.246875 0.21796875 0.06041666666666667 0.0296875
1 0.68125 0.21328125 0.041666666666666664 0.0265625
1 0.2677083333333333 0.19453125 0.0020833333333333333 0.0015625
1 0.834375 0.2 0.01875 0.021875
1 0.9979166666666667 0.1890625 0.004166666666666667 0.003125
1 0.37604166666666666 0.17421875 0.0020833333333333333 0.0015625
1 0.16354166666666667 0.17421875 0.0020833333333333333 0.0015625
1 0.15 0.18046875 0.020833333333333332 0.0140625
1 0.178125 0.175 0.00625 0.00625
1 0.014583333333333334 0.17265625 0.004166666666666667 0.0015625
1 0.9739583333333334 0.16640625 0.0020833333333333333 0.0015625
1 0.9833333333333333 0.1734375 0.03333333333333333 0.034375
1 0.7927083333333333 0.18125 0.11875 0.05
1 0.30520833333333336 0.159375 0.010416666666666666 0.00625
1 0.8635416666666667 0.15234375 0.0020833333333333333 0.0015625
1 0.005208333333333333 0.15859375 0.010416666666666666 0.0140625
1 0.934375 0.15703125 0.04375 0.0140625
1 0.01875 0.14765625 0.004166666666666667 0.0015625
1 0.815625 0.14765625 0.010416666666666666 0.0046875
1 0.9895833333333334 0.1421875 0.020833333333333332 0.0125
1 0.24375 0.16015625 0.25833333333333336 0.0671875
1 0.7135416666666666 0.12734375 0.03958333333333333 0.0234375
1 0.6375 0.11953125 0.004166666666666667 0.0078125
1 0.7302083333333333 0.10703125 0.0020833333333333333 0.0015625
1 0.49583333333333335 0.4390625 0.9916666666666667 0.665625
1 0.8260416666666667 0.1015625 0.010416666666666666 0.003125
1 0.7385416666666667 0.1015625 0.00625 0.003125
1 0.7125 0.09609375 0.008333333333333333 0.0109375
1 0.8625 0.1390625 0.09166666666666666 0.1
1 0.3572916666666667 0.09140625 0.01875 0.0078125
1 0.69375 0.09921875 0.025 0.0296875
1 0.1375 0.07734375 0.004166666666666667 0.0015625
1 0.38958333333333334 0.07578125 0.016666666666666666 0.0046875
1 0.30416666666666664 0.08125 0.0375 0.015625
1 0.20729166666666668 0.075 0.027083333333333334 0.009375
1 0.09895833333333333 0.071875 0.00625 0.003125
1 0.4270833333333333 0.065625 0.008333333333333333 0.00625
1 0.35104166666666664 0.06875 0.04791666666666667 0.015625
1 0.40729166666666666 0.06015625 0.0020833333333333333 0.0015625
1 0.2552083333333333 0.07265625 0.022916666666666665 0.0265625
1 0.703125 0.05859375 0.00625 0.0046875
1 0.09791666666666667 0.0609375 0.008333333333333333 0.009375
1 0.7729166666666667 0.065625 0.05 0.03125
1 0.3 0.05234375 0.0125 0.0046875
1 0.16979166666666667 0.053125 0.010416666666666666 0.00625
1 0.459375 0.05234375 0.01875 0.0109375
1 0.946875 0.0703125 0.10625 0.059375
1 0.6947916666666667 0.0375 0.00625 0.00625
1 0.20416666666666666 0.0359375 0.004166666666666667 0.003125
1 0.07604166666666666 0.040625 0.014583333333333334 0.01875
1 0.8864583333333333 0.0453125 0.052083333333333336 0.03125
1 0.09895833333333333 0.03828125 0.010416666666666666 0.0234375
1 0.26875 0.0265625 0.004166666666666667 0.003125
1 0.9322916666666666 0.0203125 0.01875 0.009375
1 0.7489583333333333 0.028125 0.04375 0.05625
1 0.7239583333333334 0.003125 0.00625 0.00625
1 0.09791666666666667 0.0015625 0.004166666666666667 0.003125
1 0.051041666666666666 0.0578125 0.10208333333333333 0.115625
