0 0.834375 0.775 0.00625 0.00625
0 0.8479166666666667 0.7640625 0.0125 0.009375
0 0.8583333333333333 0.759375 0.004166666666666667 0.003125
0 0.8114583333333333 0.73984375 0.0020833333333333333 0.0015625
0 0.896875 0.73671875 0.0020833333333333333 0.0046875
0 0.85 0.7375 0.008333333333333333 0.00625
0 0.4822916666666667 0.728125 0.010416666666666666 0.009375
0 0.9364583333333333 0.69765625 0.0020833333333333333 0.0015625
0 0.9479166666666666 0.67734375 0.004166666666666667 0.0015625
0 0.051041666666666666 0.65078125 0.0020833333333333333 0.0015625
0 0.06354166666666666 0.6375 0.00625 0.00625
0 0.8947916666666667 0.63203125 0.0020833333333333333 0.0015625
0 0.9177083333333333 0.62734375 0.0020833333333333333 0.0015625
0 0.9739583333333334 0.62421875 0.0020833333333333333 0.0015625
0 0.9614583333333333 0.62421875 0.0020833333333333333 0.0015625
0 0.925 0.62578125 0.008333333333333333 0.0046875
0 0.9895833333333334 0.6359375 0.020833333333333332 0.040625
0 0.9364583333333333 0.63359375 0.04375 0.0390625
0 0.9916666666666667 0.61328125 0.004166666666666667 0.0015625
0 0.9989583333333333 0.61171875 0.0020833333333333333 0.0015625
0 0.015625 0.60234375 0.0020833333333333333 0.0015625
0 0.9322916666666666 0.590625 0.014583333333333334 0.00625
0 0.9322916666666666 0.52265625 0.0020833333333333333 0.0015625
0 0.5677083333333334 0.50546875 0.0020833333333333333 0.0015625
0 0.546875 0.50390625 0.0020833333333333333 0.0015625
0 0.99375 0.47421875 0.0125 0.0078125
0 0.98125 0.459375 0.0125 0.00625
0 0.36354166666666665 0.45546875 0.014583333333333334 0.0078125
0 0.996875 0.41796875 0.00625 0.0046875
0 0.9708333333333333 0.39140625 0.004166666666666667 0.0015625
0 0.9875 0.390625 0.025 0.003125
0 0.9708333333333333 0.38828125 0.004166666666666667 0.0015625
0 0.48333333333333334 0.3546875 0.008333333333333333 0.00625
0 0.4083333333333333 0.35234375 0.004166666666666667 0.0015625
0 0.3375 0.38125 0.05416666666666667 0.0875
0 0.5822916666666667 0.29921875 0.010416666666666666 0.0046875
0 0.53125 0.284375 0.004166666666666667 0.003125
0 0.4739583333333333 0.27578125 0.010416666666666666 0.0046875
0 0.9479166666666666 0.26328125 0.004166666666666667 0.0046875
0 0.9635416666666666 0.25859375 0.0020833333333333333 0.0078125
0 0.134375 0.24765625 0.0020833333333333333 0.0015625
0 0.9614583333333333 0.246875 0.00625 0.00625
0 0.15729166666666666 0.22265625 0.0020833333333333333 0.0015625
0 0.484375 0.23515625 0.03958333333333333 0.0296875
0 0.353125 0.21015625 0.0020833333333333333 0.0046875
0 0.5427083333333333 0.20546875 0.0020833333333333333 0.0015625
0 0.54375 0.20234375 0.004166666666666667 0.0015625
0 0.5541666666666667 0.2046875 0.016666666666666666 0.0125
0 0.32916666666666666 0.2 0.004166666666666667 0.003125
0 0.63125 0.1953125 0.008333333333333333 0.00625
0 0.88125 0.19453125 0.008333333333333333 0.0078125
0 0.8916666666666667 0.190625 0.008333333333333333 0.003125
0 0.9677083333333333 0.1765625 0.00625 0.003125
0 0.7447916666666666 0.16796875 0.0020833333333333333 0.0015625
0 0.73125 0.16953125 0.004166666666666667 0.0046875
0 0.7510416666666667 0.16640625 0.0020833333333333333 0.0015625
0 0.4635416666666667 0.16796875 0.00625 0.0046875
0 0.740625 0.16484375 0.00625 0.0015625
0 0.734375 0.16484375 0.0020833333333333333 0.0015625
0 0.4635416666666667 0.16328125 0.0020833333333333333 0.0015625
0 0.7302083333333333 0.1625 0.0020833333333333333 0.003125
0 0.734375 0.1609375 0.0020833333333333333 0.003125
0 0.74375 0.159375 0.0125 0.00625
0 0.2375 0.15859375 0.008333333333333333 0.0046875
0 0.30833333333333335 0.153125 0.0125 0.00625
0 0.16458333333333333 0.14296875 0.004166666666666667 0.0015625
0 0.7291666666666666 0.1453125 0.008333333333333333 0.009375
0 0.06979166666666667 0.13984375 0.0020833333333333333 0.0015625
0 0.746875 0.1375 0.00625 0.0125
0 0.7364583333333333 0.12890625 0.0020833333333333333 0.0015625
0 0.740625 0.12265625 0.0020833333333333333 0.0015625
0 0.4552083333333333 0.1234375 0.00625 0.003125
0 0.7541666666666667 0.12109375 0.020833333333333332 0.0171875
0 0.42916666666666664 0.11171875 0.004166666666666667 0.0046875
0 0.6645833333333333 0.10546875 0.004166666666666667 0.0046875
0 0.809375 0.1015625 0.0020833333333333333 0.003125
0 0.95625 0.0953125 0.004166666666666667 0.003125
0 0.6520833333333333 0.07578125 0.004166666666666667 0.0046875
0 0.6677083333333333 0.07109375 0.00625 0.0046875
0 0.25 0.0515625 0.004166666666666667 0.003125
0 0.7427083333333333 0.04296875 0.0020833333333333333 0.0015625
0 0.73125 0.0421875 0.004166666666666667 0.003125
0 0.6208333333333333 0.0296875 0.004166666666666667 0.003125
0 0.703125 0.0265625 0.0020833333333333333 0.003125
0 0.5979166666666667 0.025 0.0125 0.009375
0 0.6322916666666667 0.0015625 0.0020833333333333333 0.003125
1 0.7864583333333334 0.97421875 0.0020833333333333333 0.0015625
1 0.7822916666666667 0.97421875 0.0020833333333333333 0.0015625
1 0.78125 0.9703125 0.004166666666666667 0.003125
1 0.76875 0.9625 0.008333333333333333 0.00625
1 0.759375 0.95703125 0.00625 0.0046875
1 0.7739583333333333 0.93671875 0.0020833333333333333 0.0015625
1 0.18020833333333333 0.91171875 0.027083333333333334 0.0234375
1 0.17291666666666666 0.8984375 0.004166666666666667 0.003125
1 0.165625 0.896875 0.0020833333333333333 0.003125
1 0.15729166666666666 0.8953125 0.0020833333333333333 0.003125
1 0.0020833333333333333 0.89921875 0.004166666666666667 0.0109375
1 0.19479166666666667 0.89140625 0.0020833333333333333 0.0015625
1 0.16979166666666667 0.89140625 0.0020833333333333333 0.0015625
1 0.1 0.89921875 0.008333333333333333 0.0203125
1 0.8114583333333333 0.88515625 0.0020833333333333333 0.0015625
1 0.190625 0.88671875 0.00625 0.0046875
1 0.18645833333333334 0.88515625 0.0020833333333333333 0.0015625
1 0.14479166666666668 0.90703125 0.05625 0.0453125
1 0.15520833333333334 0.88359375 0.0020833333333333333 0.0015625
1 0.15104166666666666 0.88359375 0.0020833333333333333 0.0015625
1 0.7947916666666667 0.88203125 0.0020833333333333333 0.0015625
1 0.790625 0.88046875 0.0020833333333333333 0.0015625
1 0.18645833333333334 0.8796875 0.0020833333333333333 0.003125
1 0.18125 0.87890625 0.004166666666666667 0.0046875
1 0.17291666666666666 0.878125 0.004166666666666667 0.003125
1 0.7822916666666667 0.87421875 0.0020833333333333333 0.0015625
1 0.178125 0.871875 0.0020833333333333333 0.003125
1 0.45729166666666665 0.85390625 0.0020833333333333333 0.0015625
1 0.47604166666666664 0.853125 0.04791666666666667 0.0125
1 0.9916666666666667 0.859375 0.016666666666666666 0.034375
1 0.14479166666666668 0.85859375 0.06041666666666667 0.0484375
1 0.15729166666666666 0.83046875 0.0020833333333333333 0.0015625
1 0.18333333333333332 0.82734375 0.004166666666666667 0.0046875
1 0.19479166666666667 0.82578125 0.010416666666666666 0.0046875
1 0.234375 0.82109375 0.0020833333333333333 0.0015625
1 0.19895833333333332 0.82109375 0.0020833333333333333 0.0015625
1 0.17604166666666668 0.82109375 0.00625 0.0078125
1 0.16354166666666667 0.81640625 0.0020833333333333333 0.0015625
1 0.15833333333333333 0.81484375 0.004166666666666667 0.0078125
1 0.17083333333333334 0.8125 0.004166666666666667 0.00625
1 0.16458333333333333 0.80625 0.004166666666666667 0.003125
1 0.246875 0.80234375 0.0020833333333333333 0.0015625
1 0.2375 0.803125 0.0125 0.00625
1 0.16979166666666667 0.80078125 0.0020833333333333333 0.0015625
1 0.15520833333333334 0.80078125 0.0020833333333333333 0.0015625
1 0.23229166666666667 0.7984375 0.0020833333333333333 0.003125
1 0.159375 0.7984375 0.0020833333333333333 0.003125
1 0.16770833333333332 0.79375 0.00625 0.003125
1 0.24270833333333333 0.78828125 0.0020833333333333333 0.0015625
1 0.24895833333333334 0.78515625 0.00625 0.0046875
1 0.240625 0.78359375 0.0020833333333333333 0.0015625
1 0.234375 0.78515625 0.00625 0.0109375
1 0.9020833333333333 0.7796875 0.004166666666666667 0.003125
1 0.6520833333333333 0.79140625 0.0375 0.0296875
1 0.25 0.7765625 0.004166666666666667 0.003125
1 0.23020833333333332 0.7734375 0.010416666666666666 0.003125
1 0.2520833333333333 0.77265625 0.004166666666666667 0.0046875
1 0.23645833333333333 0.7703125 0.0020833333333333333 0.003125
1 0.23229166666666667 0.76953125 0.0020833333333333333 0.0015625
1 0.21458333333333332 0.7734375 0.0125 0.009375
1 0.253125 0.76796875 0.0020833333333333333 0.0015625
1 0.22604166666666667 0.7671875 0.00625 0.003125
1 0.209375 0.76640625 0.0020833333333333333 0.0015625
1 0.2375 0.7640625 0.004166666666666667 0.003125
1 0.24479166666666666 0.76171875 0.0020833333333333333 0.0015625
1 0.7041666666666667 0.7625 0.008333333333333333 0.00625
1 0.55 0.775 0.03333333333333333 0.03125
1 0.51875 0.7640625 0.0125 0.009375
1 0.234375 0.75859375 0.0020833333333333333 0.0015625
1 0.5322916666666667 0.75703125 0.0020833333333333333 0.0015625
1 0.5270833333333333 0.75546875 0.004166666666666667 0.0015625
1 0.4510416666666667 0.78046875 0.03125 0.0546875
1 0.24166666666666667 0.75390625 0.004166666666666667 0.0046875
1 0.23854166666666668 0.74921875 0.0020833333333333333 0.0015625
1 0.24479166666666666 0.74765625 0.0020833333333333333 0.0015625
1 0.23333333333333334 0.7484375 0.004166666666666667 0.003125
1 0.8666666666666667 0.75859375 0.04583333333333333 0.0265625
1 0.5229166666666667 0.74609375 0.004166666666666667 0.0015625
1 0.5052083333333334 0.75078125 0.014583333333333334 0.0140625
1 0.48854166666666665 0.7421875 0.010416666666666666 0.00625
1 0.23125 0.74140625 0.008333333333333333 0.0078125
1 0.22291666666666668 0.73828125 0.004166666666666667 0.0015625
1 0.20625 0.74140625 0.0125 0.0078125
1 0.8364583333333333 0.73984375 0.00625 0.0109375
1 0.21875 0.73359375 0.004166666666666667 0.0046875
1 0.690625 0.73203125 0.0020833333333333333 0.0046875
1 0.209375 0.73125 0.00625 0.003125
1 0.46875 0.72890625 0.004166666666666667 0.0046875
1 0.915625 0.73125 0.014583333333333334 0.0125
1 0.50625 0.734375 0.029166666666666667 0.021875
1 0.4864583333333333 0.72109375 0.0020833333333333333 0.0015625
1 0.459375 0.72109375 0.0020833333333333333 0.0015625
1 0.37395833333333334 0.73515625 0.022916666666666665 0.0390625
1 0.384375 0.71171875 0.00625 0.0046875
1 0.39895833333333336 0.70390625 0.010416666666666666 0.0046875
1 0.265625 0.70234375 0.0020833333333333333 0.0015625
1 0.17708333333333334 0.68671875 0.004166666666666667 0.0015625
1 0.934375 0.68203125 0.0020833333333333333 0.0015625
1 0.08020833333333334 0.67734375 0.0020833333333333333 0.0015625
1 0.18854166666666666 0.67265625 0.0020833333333333333 0.0015625
1 0.9989583333333333 0.66953125 0.0020833333333333333 0.0015625
1 0.9947916666666666 0.66953125 0.0020833333333333333 0.0015625
1 0.896875 0.66796875 0.0020833333333333333 0.0015625
1 0.09270833333333334 0.66796875 0.0020833333333333333 0.0015625
1 0.9979166666666667 0.66171875 0.004166666666666667 0.0015625
1 0.8864583333333333 0.66328125 0.00625 0.0046875
1 0.203125 0.66171875 0.0020833333333333333 0.0015625
1 0.934375 0.66328125 0.04375 0.0171875
1 0.13020833333333334 0.65390625 0.0020833333333333333 0.0015625
1 0.12291666666666666 0.65390625 0.004166666666666667 0.0015625
1 0.9020833333333333 0.65078125 0.008333333333333333 0.0046875
1 0.2875 0.68671875 0.1625 0.0796875
1 0.011458333333333333 0.64609375 0.00625 0.0046875
1 0.036458333333333336 0.6421875 0.0020833333333333333 0.003125
1 0.11979166666666667 0.76171875 0.23958333333333334 0.2453125
1 0.003125 0.63671875 0.0020833333333333333 0.0015625
1 0.5833333333333334 0.63828125 0.016666666666666666 0.0140625
1 0.16979166666666667 0.62890625 0.0020833333333333333 0.0015625
1 0.2552083333333333 0.628125 0.0020833333333333333 0.003125
1 0.04895833333333333 0.62734375 0.0020833333333333333 0.0015625
1 0.6479166666666667 0.6234375 0.004166666666666667 0.003125
1 0.6427083333333333 0.62109375 0.0020833333333333333 0.0015625
1 0.022916666666666665 0.621875 0.004166666666666667 0.00625
1 0.6291666666666667 0.61875 0.020833333333333332 0.003125
1 0.096875 0.61328125 0.0020833333333333333 0.0015625
1 0.6572916666666667 0.6171875 0.022916666666666665 0.0125
1 0.31145833333333334 0.609375 0.0020833333333333333 0.003125
1 0.023958333333333335 0.60859375 0.0020833333333333333 0.0015625
1 0.61875 0.60703125 0.004166666666666667 0.0015625
1 0.6083333333333333 0.60546875 0.0125 0.0015625
1 0.9145833333333333 0.60390625 0.0125 0.0140625
1 0.13125 0.609375 0.075 0.0375
1 0.284375 0.58359375 0.0020833333333333333 0.0015625
1 0.259375 0.6015625 0.06875 0.046875
1 0.26875 0.57890625 0.008333333333333333 0.0109375
1 0.234375 0.57421875 0.0020833333333333333 0.0015625
1 0.23125 0.5703125 0.004166666666666667 0.003125
1 0.178125 0.56484375 0.0020833333333333333 0.0015625
1 0.26875 0.56328125 0.004166666666666667 0.0046875
1 0.16979166666666667 0.5609375 0.010416666666666666 0.00625
1 0.17083333333333334 0.5546875 0.004166666666666667 0.003125
1 0.815625 0.553125 0.00625 0.00625
1 0.7614583333333333 0.55625 0.035416666666666666 0.01875
1 0.8114583333333333 0.5453125 0.0020833333333333333 0.003125
1 0.184375 0.53828125 0.0020833333333333333 0.0015625
1 0.17916666666666667 0.5375 0.004166666666666667 0.003125
1 0.809375 0.5375 0.0020833333333333333 0.00625
1 0.7541666666666667 0.5328125 0.016666666666666666 0.015625
1 0.23645833333333333 0.52265625 0.0020833333333333333 0.0015625
1 0.971875 0.50703125 0.0020833333333333333 0.0015625
1 0.9364583333333333 0.50234375 0.0020833333333333333 0.0015625
1 0.9697916666666667 0.5015625 0.00625 0.003125
1 0.030208333333333334 0.49921875 0.0020833333333333333 0.0015625
1 0.030208333333333334 0.49609375 0.0020833333333333333 0.0015625
1 0.7677083333333333 0.746875 0.46458333333333335 0.50625
1 0.9875 0.496875 0.025 0.0125
1 0.07916666666666666 0.4875 0.0125 0.003125
1 0.053125 0.49609375 0.035416666666666666 0.0234375
1 0.052083333333333336 0.484375 0.008333333333333333 0.00625
1 0.015625 0.490625 0.03125 0.01875
1 0.9885416666666667 0.48046875 0.014583333333333334 0.0078125
1 0.059375 0.47734375 0.0020833333333333333 0.0015625
1 0.05 0.47578125 0.004166666666666667 0.0015625
1 0.9802083333333333 0.47421875 0.0020833333333333333 0.0015625
1 0.042708333333333334 0.47421875 0.0020833333333333333 0.0015625
1 0.08020833333333334 0.478125 0.014583333333333334 0.0125
1 0.14895833333333333 0.46484375 0.0020833333333333333 0.0015625
1 0.10625 0.4640625 0.029166666666666667 0.0125
1 0.17083333333333334 0.47734375 0.03333333333333333 0.0421875
1 0.9260416666666667 0.44765625 0.0020833333333333333 0.0015625
1 0.9177083333333333 0.44453125 0.010416666666666666 0.0109375
1 0.036458333333333336 0.43671875 0.0020833333333333333 0.0015625
1 0.004166666666666667 0.4359375 0.008333333333333333 0.003125
1 0.04375 0.434375 0.008333333333333333 0.009375
1 0.9885416666666667 0.43984375 0.022916666666666665 0.0234375
1 0.9895833333333334 0.42578125 0.004166666666666667 0.0015625
1 0.996875 0.425 0.00625 0.003125
1 0.9822916666666667 0.42265625 0.0020833333333333333 0.0015625
1 0.69375 0.42421875 0.008333333333333333 0.0109375
1 0.8947916666666667 0.4265625 0.03958333333333333 0.028125
1 0.978125 0.4140625 0.010416666666666666 0.00625
1 0.9989583333333333 0.40859375 0.0020833333333333333 0.0015625
1 0.9885416666666667 0.41015625 0.00625 0.0046875
1 0.9989583333333333 0.40390625 0.0020833333333333333 0.0015625
1 0.8104166666666667 0.41015625 0.016666666666666666 0.0171875
1 0.9875 0.40234375 0.016666666666666666 0.0046875
1 0.9729166666666667 0.396875 0.020833333333333332 0.009375
1 0.83125 0.3890625 0.004166666666666667 0.00625
1 0.9802083333333333 0.378125 0.027083333333333334 0.0125
1 0.9729166666666667 0.3671875 0.004166666666666667 0.003125
1 0.9645833333333333 0.34296875 0.004166666666666667 0.0015625
1 0.9635416666666666 0.33828125 0.0020833333333333333 0.0015625
1 0.9635416666666666 0.3328125 0.0020833333333333333 0.003125
1 0.984375 0.34765625 0.03125 0.0390625
1 0.9635416666666666 0.32734375 0.0020833333333333333 0.0015625
1 0.9947916666666666 0.3125 0.010416666666666666 0.025
1 0.9802083333333333 0.29921875 0.0020833333333333333 0.0015625
1 0.9947916666666666 0.29453125 0.0020833333333333333 0.0015625
1 0.9989583333333333 0.29296875 0.0020833333333333333 0.0015625
1 0.9927083333333333 0.2859375 0.010416666666666666 0.00625
1 0.005208333333333333 0.2546875 0.0020833333333333333 0.003125
1 0.9697916666666667 0.23828125 0.0020833333333333333 0.0015625
1 0.026041666666666668 0.16875 0.0020833333333333333 0.003125
1 0.2520833333333333 0.12265625 0.004166666666666667 0.0015625
1 0.984375 0.10390625 0.0020833333333333333 0.0015625
1 0.965625 0.10234375 0.0020833333333333333 0.0015625
1 0.978125 0.10078125 0.0020833333333333333 0.0015625
1 0.9739583333333334 0.10078125 0.0020833333333333333 0.0015625
1 0.9802083333333333 0.08984375 0.0020833333333333333 0.0015625
1 0.9666666666666667 0.07734375 0.004166666666666667 0.0015625
1 0.8145833333333333 0.0296875 0.004166666666666667 0.003125
1 0.396875 0.02578125 0.0020833333333333333 0.0015625
1 0.109375 0.01953125 0.0020833333333333333 0.0015625
1 0.859375 0.00859375 0.0020833333333333333 0.0015625
1 0.8635416666666667 0.00703125 0.0020833333333333333 0.0015625
1 0.9010416666666666 0.00078125 0.0020833333333333333 0.0015625
1 0.8291666666666667 0.01015625 0.058333333333333334 0.0203125
1 0.7052083333333333 0.00078125 0.0020833333333333333 0.0015625
1 0.7010416666666667 0.00078125 0.0020833333333333333 0.0015625
1 0.5927083333333333 0.003125 0.010416666666666666 0.00625
1 0.3625 0.01640625 0.1125 0.0328125
1 0.28958333333333336 0.00703125 0.020833333333333332 0.0140625
1 0.1125 0.00078125 0.004166666666666667 0.0015625
1 0.5 0.36953125 1.0 0.7390625
