0 0.303125 0.6430555555555556 0.0020833333333333333 0.002777777777777778
0 0.7041666666666667 0.6388888888888888 0.008333333333333333 0.011111111111111112
0 0.6875 0.6208333333333333 0.020833333333333332 0.019444444444444445
0 0.63125 0.5597222222222222 0.008333333333333333 0.008333333333333333
0 0.61875 0.5527777777777778 0.004166666666666667 0.005555555555555556
0 0.3333333333333333 0.5444444444444444 0.008333333333333333 0.005555555555555556
0 0.3302083333333333 0.5375 0.0020833333333333333 0.002777777777777778
0 0.6020833333333333 0.5361111111111111 0.008333333333333333 0.005555555555555556
0 0.5822916666666667 0.5319444444444444 0.0020833333333333333 0.002777777777777778
0 0.5729166666666666 0.5291666666666667 0.0125 0.002777777777777778
0 0.33125 0.5305555555555556 0.004166666666666667 0.005555555555555556
0 0.3697916666666667 0.5263888888888889 0.0020833333333333333 0.002777777777777778
0 0.3697916666666667 0.5208333333333334 0.0020833333333333333 0.002777777777777778
0 0.3697916666666667 0.5152777777777777 0.0020833333333333333 0.002777777777777778
0 0.5197916666666667 0.5027777777777778 0.0020833333333333333 0.005555555555555556
0 0.40208333333333335 0.49166666666666664 0.004166666666666667 0.005555555555555556
0 0.41458333333333336 0.47638888888888886 0.025 0.025
0 0.525 0.4597222222222222 0.008333333333333333 0.013888888888888888
0 0.353125 0.4236111111111111 0.0020833333333333333 0.002777777777777778
0 0.515625 0.4444444444444444 0.10208333333333333 0.05
0 0.31979166666666664 0.4236111111111111 0.00625 0.008333333333333333
0 0.5833333333333334 0.40555555555555556 0.004166666666666667 0.005555555555555556
0 0.2708333333333333 0.3958333333333333 0.004166666666666667 0.002777777777777778
0 0.5260416666666666 0.39444444444444443 0.010416666666666666 0.005555555555555556
0 0.48854166666666665 0.39444444444444443 0.0020833333333333333 0.005555555555555556
0 0.6541666666666667 0.3958333333333333 0.0125 0.019444444444444445
0 0.565625 0.39444444444444443 0.022916666666666665 0.027777777777777776
0 0.46875 0.38333333333333336 0.0375 0.05
0 0.4395833333333333 0.36666666666666664 0.008333333333333333 0.016666666666666666
0 0.5239583333333333 0.35138888888888886 0.0020833333333333333 0.002777777777777778
0 0.35520833333333335 0.3861111111111111 0.03125 0.07222222222222222
0 0.36770833333333336 0.35138888888888886 0.0020833333333333333 0.008333333333333333
0 0.42291666666666666 0.3527777777777778 0.025 0.016666666666666666
0 0.60625 0.3416666666666667 0.008333333333333333 0.005555555555555556
0 0.5302083333333333 0.3388888888888889 0.0020833333333333333 0.005555555555555556
0 0.43020833333333336 0.32916666666666666 0.0020833333333333333 0.002777777777777778
0 0.79375 0.325 0.0125 0.016666666666666666
0 0.31979166666666664 0.32222222222222224 0.027083333333333334 0.03333333333333333
0 0.65 0.30416666666666664 0.004166666666666667 0.002777777777777778
0 0.65625 0.30416666666666664 0.004166666666666667 0.008333333333333333
0 0.515625 0.30972222222222223 0.01875 0.019444444444444445
0 0.4427083333333333 0.30833333333333335 0.01875 0.022222222222222223
0 0.65 0.29583333333333334 0.004166666666666667 0.002777777777777778
0 0.6552083333333333 0.29305555555555557 0.0020833333333333333 0.002777777777777778
0 0.29583333333333334 0.30277777777777776 0.020833333333333332 0.022222222222222223
0 0.6697916666666667 0.27361111111111114 0.0020833333333333333 0.002777777777777778
0 0.6375 0.27361111111111114 0.008333333333333333 0.008333333333333333
0 0.6604166666666667 0.2625 0.004166666666666667 0.002777777777777778
0 0.640625 0.2638888888888889 0.0020833333333333333 0.005555555555555556
0 0.921875 0.25277777777777777 0.010416666666666666 0.005555555555555556
0 0.46979166666666666 0.25555555555555554 0.00625 0.016666666666666666
0 0.5041666666666667 0.24444444444444444 0.004166666666666667 0.005555555555555556
0 0.4895833333333333 0.24166666666666667 0.004166666666666667 0.011111111111111112
0 0.6760416666666667 0.25 0.022916666666666665 0.05555555555555555
0 0.38229166666666664 0.22361111111111112 0.0020833333333333333 0.002777777777777778
0 0.3802083333333333 0.21805555555555556 0.0020833333333333333 0.002777777777777778
0 0.609375 0.18194444444444444 0.0020833333333333333 0.002777777777777778
0 0.6052083333333333 0.18194444444444444 0.0020833333333333333 0.002777777777777778
0 0.60625 0.1763888888888889 0.004166666666666667 0.002777777777777778
0 0.6177083333333333 0.13194444444444445 0.0020833333333333333 0.002777777777777778
0 0.5552083333333333 0.029166666666666667 0.0020833333333333333 0.002777777777777778
0 0.253125 0.004166666666666667 0.01875 0.008333333333333333
1 0.9760416666666667 0.9583333333333334 0.04791666666666667 0.08333333333333333
1 0.56875 0.6611111111111111 0.004166666666666667 0.005555555555555556
1 0.7114583333333333 0.6541666666666667 0.0020833333333333333 0.002777777777777778
1 0.29270833333333335 0.6527777777777778 0.0020833333333333333 0.005555555555555556
1 0.7072916666666667 0.6486111111111111 0.0020833333333333333 0.002777777777777778
1 0.725 0.6541666666666667 0.0125 0.019444444444444445
1 0.7145833333333333 0.6430555555555556 0.004166666666666667 0.002777777777777778
1 0.6947916666666667 0.6375 0.0020833333333333333 0.002777777777777778
1 0.30833333333333335 0.6347222222222222 0.004166666666666667 0.008333333333333333
1 0.296875 0.6361111111111111 0.00625 0.011111111111111112
1 0.396875 0.6291666666666667 0.00625 0.008333333333333333
1 0.390625 0.6236111111111111 0.0020833333333333333 0.002777777777777778
1 0.2989583333333333 0.6180555555555556 0.0020833333333333333 0.002777777777777778
1 0.290625 0.6180555555555556 0.00625 0.008333333333333333
1 0.39895833333333336 0.6097222222222223 0.0020833333333333333 0.002777777777777778
1 0.6010416666666667 0.6263888888888889 0.035416666666666666 0.08055555555555556
1 0.578125 0.5888888888888889 0.0020833333333333333 0.005555555555555556
1 0.659375 0.6013888888888889 0.035416666666666666 0.041666666666666664
1 0.6072916666666667 0.5875 0.010416666666666666 0.013888888888888888
1 0.56875 0.575 0.004166666666666667 0.005555555555555556
1 0.64375 0.5708333333333333 0.004166666666666667 0.002777777777777778
1 0.528125 0.5708333333333333 0.0020833333333333333 0.002777777777777778
1 0.35208333333333336 0.5680555555555555 0.004166666666666667 0.002777777777777778
1 0.5541666666666667 0.5680555555555555 0.0125 0.008333333333333333
1 0.4864583333333333 0.5666666666666667 0.010416666666666666 0.005555555555555556
1 0.45208333333333334 0.5680555555555555 0.004166666666666667 0.008333333333333333
1 0.3458333333333333 0.5625 0.004166666666666667 0.002777777777777778
1 0.4395833333333333 0.5625 0.004166666666666667 0.008333333333333333
1 0.5302083333333333 0.5625 0.014583333333333334 0.013888888888888888
1 0.490625 0.5583333333333333 0.0020833333333333333 0.005555555555555556
1 0.5635416666666667 0.5569444444444445 0.0020833333333333333 0.008333333333333333
1 0.5177083333333333 0.5541666666666667 0.0020833333333333333 0.002777777777777778
1 0.44479166666666664 0.5541666666666667 0.0020833333333333333 0.002777777777777778
1 0.440625 0.5875 0.06041666666666667 0.06944444444444445
1 0.5552083333333333 0.5555555555555556 0.010416666666666666 0.011111111111111112
1 0.496875 0.5569444444444445 0.00625 0.013888888888888888
1 0.4822916666666667 0.5486111111111112 0.0020833333333333333 0.002777777777777778
1 0.465625 0.5486111111111112 0.0020833333333333333 0.002777777777777778
1 0.3614583333333333 0.5486111111111112 0.0020833333333333333 0.002777777777777778
1 0.4875 0.5458333333333333 0.004166666666666667 0.002777777777777778
1 0.41458333333333336 0.5472222222222223 0.004166666666666667 0.005555555555555556
1 0.5 0.5430555555555555 0.008333333333333333 0.008333333333333333
1 0.490625 0.5402777777777777 0.0020833333333333333 0.002777777777777778
1 0.48020833333333335 0.5402777777777777 0.0020833333333333333 0.002777777777777778
1 0.553125 0.5347222222222222 0.0020833333333333333 0.002777777777777778
1 0.5489583333333333 0.5319444444444444 0.0020833333333333333 0.002777777777777778
1 0.5197916666666667 0.5319444444444444 0.0020833333333333333 0.002777777777777778
1 0.5135416666666667 0.5319444444444444 0.0020833333333333333 0.002777777777777778
1 0.47604166666666664 0.5333333333333333 0.00625 0.005555555555555556
1 0.4583333333333333 0.5388888888888889 0.020833333333333332 0.022222222222222223
1 0.5375 0.5347222222222222 0.029166666666666667 0.019444444444444445
1 0.4739583333333333 0.5263888888888889 0.0020833333333333333 0.002777777777777778
1 0.5041666666666667 0.5263888888888889 0.008333333333333333 0.013888888888888888
1 0.5114583333333333 0.5194444444444445 0.0020833333333333333 0.005555555555555556
1 0.49583333333333335 0.5194444444444445 0.008333333333333333 0.011111111111111112
1 0.35833333333333334 0.5152777777777777 0.008333333333333333 0.008333333333333333
1 0.5572916666666666 0.5152777777777777 0.00625 0.013888888888888888
1 0.515625 0.5097222222222222 0.0020833333333333333 0.002777777777777778
1 0.565625 0.5097222222222222 0.00625 0.013888888888888888
1 0.41041666666666665 0.5125 0.016666666666666666 0.019444444444444445
1 0.36875 0.5041666666666667 0.004166666666666667 0.002777777777777778
1 0.5489583333333333 0.49583333333333335 0.0020833333333333333 0.002777777777777778
1 0.5197916666666667 0.49583333333333335 0.0020833333333333333 0.002777777777777778
1 0.50625 0.5055555555555555 0.0125 0.022222222222222223
1 0.5020833333333333 0.49583333333333335 0.004166666666666667 0.008333333333333333
1 0.6635416666666667 0.4875 0.0020833333333333333 0.002777777777777778
1 0.659375 0.4875 0.0020833333333333333 0.002777777777777778
1 0.45208333333333334 0.4875 0.004166666666666667 0.002777777777777778
1 0.5552083333333333 0.4847222222222222 0.0020833333333333333 0.002777777777777778
1 0.5239583333333333 0.4861111111111111 0.0020833333333333333 0.005555555555555556
1 0.4864583333333333 0.48194444444444445 0.0020833333333333333 0.002777777777777778
1 0.3177083333333333 0.4875 0.014583333333333334 0.013888888888888888
1 0.5166666666666667 0.4847222222222222 0.008333333333333333 0.013888888888888888
1 0.6822916666666666 0.4986111111111111 0.03125 0.04722222222222222
1 0.5572916666666666 0.47638888888888886 0.0020833333333333333 0.002777777777777778
1 0.4322916666666667 0.4861111111111111 0.014583333333333334 0.022222222222222223
1 0.309375 0.47638888888888886 0.0020833333333333333 0.002777777777777778
1 0.5010416666666667 0.48055555555555557 0.027083333333333334 0.016666666666666666
1 0.5270833333333333 0.475 0.008333333333333333 0.011111111111111112
1 0.4708333333333333 0.4861111111111111 0.025 0.03333333333333333
1 0.4510416666666667 0.475 0.00625 0.011111111111111112
1 0.3260416666666667 0.4722222222222222 0.0020833333333333333 0.005555555555555556
1 0.50625 0.46944444444444444 0.004166666666666667 0.005555555555555556
1 0.390625 0.4666666666666667 0.014583333333333334 0.011111111111111112
1 0.53125 0.46111111111111114 0.004166666666666667 0.005555555555555556
1 0.403125 0.4597222222222222 0.0020833333333333333 0.008333333333333333
1 0.340625 0.4583333333333333 0.0020833333333333333 0.005555555555555556
1 0.6927083333333334 0.46111111111111114 0.027083333333333334 0.022222222222222223
1 0.4166666666666667 0.45416666666666666 0.008333333333333333 0.008333333333333333
1 0.6802083333333333 0.4527777777777778 0.00625 0.011111111111111112
1 0.3302083333333333 0.4486111111111111 0.0020833333333333333 0.002777777777777778
1 0.75 0.4486111111111111 0.008333333333333333 0.008333333333333333
1 0.7427083333333333 0.44583333333333336 0.0020833333333333333 0.002777777777777778
1 0.66875 0.44722222222222224 0.004166666666666667 0.005555555555555556
1 0.3927083333333333 0.44305555555555554 0.0020833333333333333 0.002777777777777778
1 0.38229166666666664 0.44722222222222224 0.014583333333333334 0.011111111111111112
1 0.3489583333333333 0.46111111111111114 0.03958333333333333 0.03888888888888889
1 0.3927083333333333 0.4375 0.0020833333333333333 0.002777777777777778
1 0.7572916666666667 0.43472222222222223 0.0020833333333333333 0.002777777777777778
1 0.559375 0.43472222222222223 0.00625 0.002777777777777778
1 0.6510416666666666 0.43194444444444446 0.0020833333333333333 0.002777777777777778
1 0.39791666666666664 0.43194444444444446 0.004166666666666667 0.002777777777777778
1 0.7635416666666667 0.43472222222222223 0.00625 0.013888888888888888
1 0.3729166666666667 0.4305555555555556 0.004166666666666667 0.005555555555555556
1 0.6666666666666666 0.43472222222222223 0.025 0.019444444444444445
1 0.76875 0.425 0.004166666666666667 0.005555555555555556
1 0.4083333333333333 0.425 0.004166666666666667 0.005555555555555556
1 0.7635416666666667 0.42083333333333334 0.0020833333333333333 0.002777777777777778
1 0.6770833333333334 0.41944444444444445 0.004166666666666667 0.005555555555555556
1 0.7833333333333333 0.41944444444444445 0.0125 0.011111111111111112
1 0.653125 0.42083333333333334 0.0020833333333333333 0.013888888888888888
1 0.5770833333333333 0.41805555555555557 0.008333333333333333 0.008333333333333333
1 0.8864583333333333 0.40694444444444444 0.0020833333333333333 0.002777777777777778
1 0.871875 0.40694444444444444 0.0020833333333333333 0.002777777777777778
1 0.8822916666666667 0.4013888888888889 0.0020833333333333333 0.002777777777777778
1 0.5458333333333333 0.4083333333333333 0.008333333333333333 0.016666666666666666
1 0.896875 0.39861111111111114 0.0020833333333333333 0.002777777777777778
1 0.603125 0.39861111111111114 0.0020833333333333333 0.002777777777777778
1 0.8927083333333333 0.3958333333333333 0.0020833333333333333 0.002777777777777778
1 0.8875 0.3972222222222222 0.004166666666666667 0.005555555555555556
1 0.5822916666666667 0.39305555555555555 0.0020833333333333333 0.002777777777777778
1 0.753125 0.3972222222222222 0.022916666666666665 0.022222222222222223
1 0.584375 0.3875 0.0020833333333333333 0.002777777777777778
1 0.6354166666666666 0.3875 0.008333333333333333 0.019444444444444445
1 0.6197916666666666 0.37916666666666665 0.00625 0.008333333333333333
1 0.6541666666666667 0.37083333333333335 0.004166666666666667 0.002777777777777778
1 0.628125 0.37222222222222223 0.00625 0.005555555555555556
1 0.534375 0.37083333333333335 0.0020833333333333333 0.002777777777777778
1 0.5041666666666667 0.37222222222222223 0.008333333333333333 0.011111111111111112
1 0.6322916666666667 0.36527777777777776 0.0020833333333333333 0.002777777777777778
1 0.24479166666666666 0.3625 0.0020833333333333333 0.002777777777777778
1 0.74375 0.35833333333333334 0.004166666666666667 0.005555555555555556
1 0.7302083333333333 0.3541666666666667 0.0020833333333333333 0.002777777777777778
1 0.5375 0.35833333333333334 0.0125 0.011111111111111112
1 0.5020833333333333 0.35833333333333334 0.008333333333333333 0.011111111111111112
1 0.24791666666666667 0.3527777777777778 0.004166666666666667 0.005555555555555556
1 0.609375 0.35555555555555557 0.014583333333333334 0.016666666666666666
1 0.46875 0.3486111111111111 0.004166666666666667 0.008333333333333333
1 0.24895833333333334 0.3458333333333333 0.0020833333333333333 0.002777777777777778
1 0.98125 0.3375 0.004166666666666667 0.002777777777777778
1 0.5010416666666667 0.3388888888888889 0.0020833333333333333 0.005555555555555556
1 0.503125 0.33194444444444443 0.0020833333333333333 0.002777777777777778
1 0.2947916666666667 0.3597222222222222 0.06875 0.06388888888888888
1 0.70625 0.3861111111111111 0.05 0.12222222222222222
1 0.5447916666666667 0.3263888888888889 0.0020833333333333333 0.002777777777777778
1 0.4510416666666667 0.3486111111111111 0.03125 0.04722222222222222
1 0.2864583333333333 0.31805555555555554 0.0020833333333333333 0.002777777777777778
1 0.6802083333333333 0.3194444444444444 0.010416666666666666 0.016666666666666666
1 0.48333333333333334 0.31666666666666665 0.004166666666666667 0.011111111111111112
1 0.26979166666666665 0.3194444444444444 0.03125 0.016666666666666666
1 0.65 0.34305555555555556 0.058333333333333334 0.06944444444444445
1 0.7197916666666667 0.30694444444444446 0.0020833333333333333 0.002777777777777778
1 0.4354166666666667 0.30694444444444446 0.004166666666666667 0.002777777777777778
1 0.6947916666666667 0.3111111111111111 0.014583333333333334 0.016666666666666666
1 0.7645833333333333 0.3277777777777778 0.03333333333333333 0.05555555555555555
1 0.9989583333333333 0.2986111111111111 0.0020833333333333333 0.002777777777777778
1 0.6302083333333334 0.3013888888888889 0.00625 0.008333333333333333
1 0.9697916666666667 0.2986111111111111 0.00625 0.008333333333333333
1 0.5302083333333333 0.29583333333333334 0.0020833333333333333 0.002777777777777778
1 0.45416666666666666 0.2972222222222222 0.0125 0.022222222222222223
1 0.9625 0.2861111111111111 0.004166666666666667 0.005555555555555556
1 0.28958333333333336 0.2861111111111111 0.008333333333333333 0.005555555555555556
1 0.45729166666666665 0.28194444444444444 0.0020833333333333333 0.002777777777777778
1 0.46770833333333334 0.2791666666666667 0.0020833333333333333 0.002777777777777778
1 0.9739583333333334 0.27361111111111114 0.0020833333333333333 0.002777777777777778
1 0.45729166666666665 0.27361111111111114 0.0020833333333333333 0.002777777777777778
1 0.6239583333333333 0.26805555555555555 0.0020833333333333333 0.002777777777777778
1 0.39791666666666664 0.3611111111111111 0.18333333333333332 0.18888888888888888
1 0.746875 0.25416666666666665 0.0020833333333333333 0.002777777777777778
1 0.696875 0.25416666666666665 0.0020833333333333333 0.002777777777777778
1 0.3958333333333333 0.25277777777777777 0.008333333333333333 0.005555555555555556
1 0.9197916666666667 0.24027777777777778 0.0020833333333333333 0.002777777777777778
1 0.7229166666666667 0.25 0.04583333333333333 0.022222222222222223
1 0.7145833333333333 0.23472222222222222 0.004166666666666667 0.002777777777777778
1 0.9229166666666667 0.23333333333333334 0.004166666666666667 0.005555555555555556
1 0.9302083333333333 0.22916666666666666 0.0020833333333333333 0.002777777777777778
1 0.7083333333333334 0.22916666666666666 0.008333333333333333 0.002777777777777778
1 0.42604166666666665 0.24444444444444444 0.035416666666666666 0.044444444444444446
1 0.615625 0.22361111111111112 0.00625 0.008333333333333333
1 0.7979166666666667 0.21944444444444444 0.004166666666666667 0.011111111111111112
1 0.6114583333333333 0.21388888888888888 0.0020833333333333333 0.005555555555555556
1 0.47291666666666665 0.21805555555555556 0.004166666666666667 0.013888888888888888
1 0.6072916666666667 0.20277777777777778 0.0020833333333333333 0.005555555555555556
1 0.42604166666666665 0.20555555555555555 0.035416666666666666 0.022222222222222223
1 0.4427083333333333 0.19305555555555556 0.0020833333333333333 0.002777777777777778
1 0.9447916666666667 0.18888888888888888 0.00625 0.016666666666666666
1 0.4 0.18055555555555555 0.004166666666666667 0.005555555555555556
1 0.8447916666666667 0.175 0.0020833333333333333 0.005555555555555556
1 0.6354166666666666 0.20416666666666666 0.0375 0.09166666666666666
1 0.75 0.15694444444444444 0.004166666666666667 0.002777777777777778
1 0.7520833333333333 0.15 0.008333333333333333 0.005555555555555556
1 0.6677083333333333 0.14444444444444443 0.0020833333333333333 0.005555555555555556
1 0.609375 0.14305555555555555 0.0020833333333333333 0.002777777777777778
1 0.834375 0.2763888888888889 0.33125 0.275
1 0.6572916666666667 0.12083333333333333 0.00625 0.008333333333333333
1 0.65 0.11388888888888889 0.004166666666666667 0.005555555555555556
1 0.8354166666666667 0.10555555555555556 0.008333333333333333 0.022222222222222223
1 0.678125 0.09305555555555556 0.0020833333333333333 0.002777777777777778
1 0.5427083333333333 0.09027777777777778 0.0020833333333333333 0.002777777777777778
1 0.5375 0.0875 0.004166666666666667 0.002777777777777778
1 0.5552083333333333 0.08472222222222223 0.0020833333333333333 0.002777777777777778
1 0.525 0.08611111111111111 0.004166666666666667 0.005555555555555556
1 0.6375 0.08472222222222223 0.004166666666666667 0.008333333333333333
1 0.5302083333333333 0.08055555555555556 0.0020833333333333333 0.005555555555555556
1 0.528125 0.07222222222222222 0.0020833333333333333 0.005555555555555556
1 0.696875 0.06388888888888888 0.00625 0.005555555555555556
1 0.5510416666666667 0.0625 0.0020833333333333333 0.002777777777777778
1 0.246875 0.06388888888888888 0.0020833333333333333 0.005555555555555556
1 0.8145833333333333 0.1 0.04583333333333333 0.08333333333333333
1 0.6677083333333333 0.06111111111111111 0.0020833333333333333 0.005555555555555556
1 0.5239583333333333 0.06527777777777778 0.00625 0.013888888888888888
1 0.25416666666666665 0.059722222222222225 0.004166666666666667 0.002777777777777778
1 0.690625 0.05694444444444444 0.0020833333333333333 0.002777777777777778
1 0.46145833333333336 0.058333333333333334 0.0020833333333333333 0.005555555555555556
1 0.41041666666666665 0.05138888888888889 0.004166666666666667 0.002777777777777778
1 0.28854166666666664 0.05138888888888889 0.0020833333333333333 0.002777777777777778
1 0.6375 0.058333333333333334 0.008333333333333333 0.022222222222222223
1 0.671875 0.04722222222222222 0.00625 0.005555555555555556
1 0.6583333333333333 0.05277777777777778 0.0125 0.022222222222222223
1 0.453125 0.05 0.010416666666666666 0.016666666666666666
1 0.28854166666666664 0.044444444444444446 0.00625 0.005555555555555556
1 0.6635416666666667 0.04027777777777778 0.0020833333333333333 0.002777777777777778
1 0.5083333333333333 0.041666666666666664 0.004166666666666667 0.005555555555555556
1 0.44479166666666664 0.04027777777777778 0.0020833333333333333 0.002777777777777778
1 0.403125 0.04027777777777778 0.0020833333333333333 0.002777777777777778
1 0.284375 0.04027777777777778 0.0020833333333333333 0.002777777777777778
1 0.6739583333333333 0.0375 0.0020833333333333333 0.002777777777777778
1 0.5385416666666667 0.05416666666666667 0.027083333333333334 0.041666666666666664
1 0.421875 0.03888888888888889 0.00625 0.011111111111111112
1 0.5447916666666667 0.034722222222222224 0.0020833333333333333 0.008333333333333333
1 0.3614583333333333 0.029166666666666667 0.0020833333333333333 0.002777777777777778
1 0.23541666666666666 0.04722222222222222 0.041666666666666664 0.03888888888888889
1 0.5322916666666667 0.02638888888888889 0.0020833333333333333 0.002777777777777778
1 0.390625 0.02638888888888889 0.0020833333333333333 0.002777777777777778
1 0.3541666666666667 0.02638888888888889 0.004166666666666667 0.002777777777777778
1 0.28958333333333336 0.03194444444444444 0.008333333333333333 0.013888888888888888
1 0.48541666666666666 0.03611111111111111 0.025 0.027777777777777776
1 0.4552083333333333 0.02361111111111111 0.0020833333333333333 0.002777777777777778
1 0.303125 0.027777777777777776 0.00625 0.011111111111111112
1 0.25625 0.02361111111111111 0.004166666666666667 0.002777777777777778
1 0.22708333333333333 0.025 0.004166666666666667 0.005555555555555556
1 0.16770833333333332 0.03888888888888889 0.027083333333333334 0.03333333333333333
1 0.3489583333333333 0.020833333333333332 0.0020833333333333333 0.002777777777777778
1 0.290625 0.020833333333333332 0.0020833333333333333 0.002777777777777778
1 0.5447916666666667 0.020833333333333332 0.0020833333333333333 0.008333333333333333
1 0.528125 0.018055555555555554 0.0020833333333333333 0.002777777777777778
1 0.4510416666666667 0.019444444444444445 0.0020833333333333333 0.005555555555555556
1 0.5322916666666667 0.015277777777777777 0.0020833333333333333 0.002777777777777778
1 0.490625 0.015277777777777777 0.0020833333333333333 0.002777777777777778
1 0.6510416666666666 0.0125 0.0020833333333333333 0.002777777777777778
1 0.3885416666666667 0.013888888888888888 0.00625 0.005555555555555556
1 0.5385416666666667 0.009722222222222222 0.0020833333333333333 0.002777777777777778
1 0.5052083333333334 0.011111111111111112 0.00625 0.005555555555555556
1 0.41458333333333336 0.02361111111111111 0.029166666666666667 0.030555555555555555
1 0.31145833333333334 0.009722222222222222 0.0020833333333333333 0.002777777777777778
1 0.51875 0.02361111111111111 0.020833333333333332 0.03611111111111111
1 0.4625 0.02361111111111111 0.0125 0.03611111111111111
1 0.20729166666666668 0.011111111111111112 0.010416666666666666 0.011111111111111112
1 0.20416666666666666 0.006944444444444444 0.004166666666666667 0.002777777777777778
1 0.6739583333333333 0.004166666666666667 0.0020833333333333333 0.002777777777777778
1 0.4010416666666667 0.004166666666666667 0.0020833333333333333 0.002777777777777778
1 0.378125 0.004166666666666667 0.0020833333333333333 0.002777777777777778
1 0.6625 0.009722222222222222 0.016666666666666666 0.019444444444444445
1 0.6385416666666667 0.002777777777777778 0.0020833333333333333 0.005555555555555556
1 0.628125 0.03611111111111111 0.06041666666666667 0.07222222222222222
1 0.5802083333333333 0.02361111111111111 0.052083333333333336 0.04722222222222222
1 0.571875 0.001388888888888889 0.00625 0.002777777777777778
1 0.55 0.008333333333333333 0.016666666666666666 0.016666666666666666
1 0.496875 0.005555555555555556 0.00625 0.011111111111111112
1 0.44895833333333335 0.006944444444444444 0.010416666666666666 0.013888888888888888
1 0.4239583333333333 0.018055555555555554 0.03958333333333333 0.03611111111111111
1 0.38645833333333335 0.001388888888888889 0.0020833333333333333 0.002777777777777778
1 0.3375 0.004166666666666667 0.008333333333333333 0.008333333333333333
1 0.32708333333333334 0.001388888888888889 0.004166666666666667 0.002777777777777778
1 0.309375 0.002777777777777778 0.00625 0.005555555555555556
1 0.29583333333333334 0.006944444444444444 0.004166666666666667 0.013888888888888888
