0 0.8541666666666666 0.8515625 0.058333333333333334 0.04375
0 0.76875 0.83046875 0.020833333333333332 0.0203125
0 0.74375 0.821875 0.004166666666666667 0.003125
0 0.7510416666666667 0.82109375 0.00625 0.0046875
0 0.8708333333333333 0.81796875 0.008333333333333333 0.0078125
0 0.665625 0.81328125 0.0020833333333333333 0.0015625
0 0.653125 0.81171875 0.0020833333333333333 0.0015625
0 0.7427083333333333 0.80859375 0.0020833333333333333 0.0015625
0 0.9979166666666667 0.79765625 0.004166666666666667 0.0015625
0 0.8520833333333333 0.79765625 0.008333333333333333 0.0046875
0 0.9822916666666667 0.78984375 0.035416666666666666 0.0203125
0 0.7635416666666667 0.77734375 0.0020833333333333333 0.0015625
0 0.6875 0.77734375 0.025 0.0171875
0 0.6645833333333333 0.771875 0.008333333333333333 0.00625
0 0.7875 0.78984375 0.058333333333333334 0.0484375
0 0.9729166666666667 0.7609375 0.008333333333333333 0.009375
0 0.996875 0.7515625 0.0020833333333333333 0.003125
0 0.9635416666666666 0.75546875 0.00625 0.0109375
0 0.9208333333333333 0.7609375 0.07916666666666666 0.040625
0 0.9927083333333333 0.7421875 0.00625 0.009375
0 0.6302083333333334 0.73203125 0.0020833333333333333 0.0015625
0 0.978125 0.72734375 0.0020833333333333333 0.0015625
0 0.6645833333333333 0.7453125 0.058333333333333334 0.040625
0 0.6041666666666666 0.72578125 0.008333333333333333 0.0015625
0 0.6302083333333334 0.72265625 0.0020833333333333333 0.0015625
0 0.871875 0.72109375 0.0020833333333333333 0.0015625
0 0.734375 0.7296875 0.03125 0.028125
0 0.896875 0.71484375 0.0020833333333333333 0.0015625
0 0.9989583333333333 0.70234375 0.0020833333333333333 0.0015625
0 0.9927083333333333 0.70234375 0.0020833333333333333 0.0015625
0 0.9864583333333333 0.70078125 0.0020833333333333333 0.0015625
0 0.9541666666666667 0.70390625 0.004166666666666667 0.0078125
0 0.9458333333333333 0.70234375 0.008333333333333333 0.0078125
0 0.9375 0.7 0.004166666666666667 0.003125
0 0.7885416666666667 0.69609375 0.0020833333333333333 0.0015625
0 0.6125 0.70859375 0.06666666666666667 0.0265625
0 0.690625 0.690625 0.0020833333333333333 0.003125
0 0.790625 0.68203125 0.0020833333333333333 0.0015625
0 0.6697916666666667 0.6953125 0.035416666666666666 0.028125
0 0.7885416666666667 0.67421875 0.00625 0.0046875
0 0.7958333333333333 0.671875 0.004166666666666667 0.003125
0 0.8020833333333334 0.665625 0.004166666666666667 0.00625
0 0.8052083333333333 0.65546875 0.0020833333333333333 0.0015625
0 0.7739583333333333 0.66015625 0.014583333333333334 0.0109375
0 0.803125 0.65234375 0.0020833333333333333 0.0015625
0 0.7791666666666667 0.6453125 0.025 0.009375
0 0.8114583333333333 0.62265625 0.0020833333333333333 0.0015625
0 0.840625 0.62109375 0.0020833333333333333 0.0015625
0 0.9364583333333333 0.6296875 0.022916666666666665 0.021875
0 0.8479166666666667 0.66484375 0.07083333333333333 0.1015625
0 0.8416666666666667 0.6125 0.016666666666666666 0.009375
0 0.8 0.6109375 0.03333333333333333 0.021875
0 0.7385416666666667 0.6515625 0.09375 0.10625
0 0.8927083333333333 0.60078125 0.01875 0.0078125
0 0.9072916666666667 0.59609375 0.0020833333333333333 0.0015625
0 0.965625 0.60234375 0.04375 0.0328125
0 0.7270833333333333 0.5796875 0.029166666666666667 0.0125
0 0.828125 0.56796875 0.0020833333333333333 0.0015625
0 0.825 0.56484375 0.004166666666666667 0.0046875
0 0.884375 0.5625 0.0020833333333333333 0.003125
0 0.9802083333333333 0.53046875 0.0020833333333333333 0.0015625
0 0.396875 0.53125 0.00625 0.00625
0 0.4010416666666667 0.5234375 0.0020833333333333333 0.003125
0 0.9583333333333334 0.5296875 0.029166666666666667 0.046875
0 0.9208333333333333 0.51015625 0.008333333333333333 0.0078125
0 0.9020833333333333 0.51171875 0.008333333333333333 0.0109375
0 0.9010416666666666 0.50390625 0.0020833333333333333 0.0015625
0 0.26979166666666665 0.5140625 0.052083333333333336 0.025
0 0.296875 0.49609375 0.014583333333333334 0.0078125
0 0.3927083333333333 0.48671875 0.0020833333333333333 0.0015625
0 0.28854166666666664 0.4875 0.0020833333333333333 0.003125
0 0.28125 0.48671875 0.004166666666666667 0.0046875
0 0.9958333333333333 0.484375 0.008333333333333333 0.00625
0 0.9989583333333333 0.47734375 0.0020833333333333333 0.0015625
0 0.28854166666666664 0.47265625 0.010416666666666666 0.0046875
0 0.4635416666666667 0.46953125 0.0020833333333333333 0.0015625
0 0.484375 0.47890625 0.052083333333333336 0.0265625
0 0.3697916666666667 0.478125 0.03958333333333333 0.025
0 0.9916666666666667 0.4671875 0.0125 0.00625
0 0.9697916666666667 0.47109375 0.01875 0.0140625
0 0.6270833333333333 0.4625 0.008333333333333333 0.003125
0 0.478125 0.46171875 0.014583333333333334 0.0046875
0 0.29583333333333334 0.46015625 0.008333333333333333 0.0078125
0 0.3645833333333333 0.4578125 0.004166666666666667 0.00625
0 0.2552083333333333 0.46328125 0.022916666666666665 0.0234375
0 0.353125 0.446875 0.0020833333333333333 0.003125
0 0.471875 0.44921875 0.04791666666666667 0.0171875
0 0.49270833333333336 0.43984375 0.0020833333333333333 0.0015625
0 0.4552083333333333 0.43984375 0.0020833333333333333 0.0015625
0 0.9822916666666667 0.4453125 0.03125 0.015625
0 0.3541666666666667 0.4390625 0.008333333333333333 0.003125
0 0.465625 0.4375 0.0020833333333333333 0.003125
0 0.946875 0.43984375 0.00625 0.0109375
0 0.46145833333333336 0.43515625 0.0020833333333333333 0.0015625
0 0.8447916666666667 0.51328125 0.20208333333333334 0.1671875
0 0.509375 0.43046875 0.0020833333333333333 0.0015625
0 0.43020833333333336 0.43984375 0.03125 0.0203125
0 0.503125 0.428125 0.0020833333333333333 0.003125
0 0.9197916666666667 0.42421875 0.0020833333333333333 0.0015625
0 0.38229166666666664 0.4328125 0.027083333333333334 0.021875
0 0.521875 0.42890625 0.01875 0.0171875
0 0.45729166666666665 0.43046875 0.022916666666666665 0.0203125
0 0.27708333333333335 0.4296875 0.0875 0.040625
0 0.5291666666666667 0.409375 0.008333333333333333 0.00625
0 0.08541666666666667 0.409375 0.008333333333333333 0.00625
0 0.4114583333333333 0.39921875 0.00625 0.0046875
0 0.425 0.39921875 0.016666666666666666 0.0109375
0 0.39375 0.3984375 0.020833333333333332 0.009375
0 0.36354166666666665 0.39609375 0.0020833333333333333 0.0046875
0 0.4739583333333333 0.38828125 0.010416666666666666 0.0109375
0 0.9375 0.38203125 0.008333333333333333 0.0078125
0 0.6635416666666667 0.37890625 0.0020833333333333333 0.0015625
0 0.6677083333333333 0.37734375 0.0020833333333333333 0.0015625
0 0.45416666666666666 0.384375 0.016666666666666666 0.015625
0 0.3541666666666667 0.38203125 0.016666666666666666 0.0140625
0 0.371875 0.384375 0.014583333333333334 0.021875
0 0.928125 0.371875 0.00625 0.00625
0 0.29791666666666666 0.3703125 0.004166666666666667 0.00625
0 0.934375 0.36328125 0.0020833333333333333 0.0015625
0 0.7489583333333333 0.36328125 0.0020833333333333333 0.0015625
0 0.7104166666666667 0.37265625 0.029166666666666667 0.0234375
0 0.28854166666666664 0.3609375 0.00625 0.003125
0 0.28229166666666666 0.36015625 0.0020833333333333333 0.0015625
0 0.3020833333333333 0.3828125 0.0375 0.05
0 0.9322916666666666 0.3578125 0.0020833333333333333 0.003125
0 0.05625 0.359375 0.004166666666666667 0.00625
0 0.93125 0.35390625 0.004166666666666667 0.0015625
0 0.9645833333333333 0.353125 0.004166666666666667 0.003125
0 0.059375 0.353125 0.0020833333333333333 0.003125
0 0.959375 0.39375 0.08125 0.0875
0 0.471875 0.36015625 0.022916666666666665 0.0203125
0 0.3416666666666667 0.36015625 0.025 0.0203125
0 0.203125 0.3515625 0.00625 0.003125
0 0.08333333333333333 0.36328125 0.05 0.0328125
0 0.7958333333333333 0.35390625 0.03333333333333333 0.0203125
0 0.6 0.34921875 0.008333333333333333 0.0109375
0 0.596875 0.34296875 0.0020833333333333333 0.0015625
0 0.5416666666666666 0.3546875 0.05 0.03125
0 0.4635416666666667 0.34140625 0.00625 0.0046875
0 0.42083333333333334 0.3609375 0.0375 0.04375
0 0.5114583333333333 0.33984375 0.010416666666666666 0.0046875
0 0.6895833333333333 0.346875 0.020833333333333332 0.025
0 0.021875 0.3421875 0.027083333333333334 0.015625
0 0.6958333333333333 0.33203125 0.004166666666666667 0.0015625
0 0.196875 0.33046875 0.0020833333333333333 0.0015625
0 0.790625 0.32890625 0.0020833333333333333 0.0015625
0 0.5270833333333333 0.3328125 0.0125 0.0125
0 0.5135416666666667 0.328125 0.00625 0.003125
0 0.5197916666666667 0.32578125 0.0020833333333333333 0.0015625
0 0.4947916666666667 0.33515625 0.014583333333333334 0.0234375
0 0.21875 0.33984375 0.05 0.0390625
0 0.6552083333333333 0.31953125 0.0020833333333333333 0.0015625
0 0.775 0.325 0.03333333333333333 0.015625
0 0.4479166666666667 0.3203125 0.0125 0.015625
0 0.41770833333333335 0.3140625 0.0020833333333333333 0.003125
0 0.16354166666666667 0.31328125 0.0020833333333333333 0.0046875
0 0.6416666666666667 0.31640625 0.020833333333333332 0.0140625
0 0.009375 0.30625 0.014583333333333334 0.00625
0 0.8364583333333333 0.29921875 0.010416666666666666 0.0046875
0 0.75625 0.29609375 0.004166666666666667 0.0015625
0 0.5041666666666667 0.3046875 0.041666666666666664 0.01875
0 0.3177083333333333 0.29921875 0.010416666666666666 0.0140625
0 0.9854166666666667 0.3015625 0.029166666666666667 0.025
0 0.20729166666666668 0.2875 0.014583333333333334 0.009375
0 0.815625 0.29140625 0.03125 0.0203125
0 0.7104166666666667 0.28125 0.004166666666666667 0.003125
0 0.8020833333333334 0.2796875 0.004166666666666667 0.003125
0 0.6572916666666667 0.27734375 0.0020833333333333333 0.0015625
0 0.653125 0.2765625 0.0020833333333333333 0.003125
0 0.7510416666666667 0.27421875 0.0020833333333333333 0.0015625
0 0.7510416666666667 0.27109375 0.0020833333333333333 0.0015625
0 0.5041666666666667 0.275 0.008333333333333333 0.0125
0 0.10416666666666667 0.278125 0.041666666666666664 0.025
0 0.684375 0.27265625 0.04791666666666667 0.0234375
0 0.275 0.2640625 0.008333333333333333 0.00625
0 0.040625 0.296875 0.08125 0.071875
0 0.7604166666666666 0.2609375 0.004166666666666667 0.003125
0 0.328125 0.2609375 0.00625 0.003125
0 0.22291666666666668 0.2625 0.016666666666666666 0.009375
0 0.16354166666666667 0.26328125 0.010416666666666666 0.0140625
0 0.8 0.25546875 0.004166666666666667 0.0015625
0 0.2989583333333333 0.2578125 0.014583333333333334 0.00625
0 0.31145833333333334 0.2546875 0.00625 0.003125
0 0.76875 0.25234375 0.004166666666666667 0.0015625
0 0.278125 0.25234375 0.0020833333333333333 0.0015625
0 0.2635416666666667 0.25078125 0.0020833333333333333 0.0015625
0 0.24270833333333333 0.25234375 0.010416666666666666 0.0046875
0 0.26666666666666666 0.24765625 0.004166666666666667 0.0046875
0 0.10729166666666666 0.24609375 0.0020833333333333333 0.0015625
0 0.684375 0.24609375 0.00625 0.0046875
0 0.034375 0.24453125 0.0020833333333333333 0.0015625
0 0.853125 0.24453125 0.010416666666666666 0.0046875
0 0.6947916666666667 0.24375 0.0020833333333333333 0.003125
0 0.10729166666666666 0.24296875 0.0020833333333333333 0.0015625
0 0.83125 0.24296875 0.004166666666666667 0.0046875
0 0.6697916666666667 0.25 0.01875 0.01875
0 0.115625 0.23984375 0.0020833333333333333 0.0015625
0 0.8572916666666667 0.23828125 0.0020833333333333333 0.0015625
0 0.020833333333333332 0.2375 0.008333333333333333 0.003125
0 0.8635416666666667 0.2359375 0.00625 0.009375
0 0.8604166666666667 0.23359375 0.004166666666666667 0.0046875
0 0.8552083333333333 0.2328125 0.0020833333333333333 0.003125
0 0.8416666666666667 0.23515625 0.0125 0.0109375
0 0.115625 0.234375 0.01875 0.0125
0 0.023958333333333335 0.22890625 0.0020833333333333333 0.0015625
0 0.096875 0.22734375 0.0020833333333333333 0.0015625
0 0.0875 0.228125 0.0125 0.003125
0 0.578125 0.26640625 0.09375 0.0828125
0 0.052083333333333336 0.2390625 0.041666666666666664 0.028125
0 0.10416666666666667 0.225 0.008333333333333333 0.003125
0 0.11979166666666667 0.22421875 0.010416666666666666 0.0046875
0 0.915625 0.2234375 0.00625 0.009375
0 0.815625 0.21953125 0.0020833333333333333 0.0015625
0 0.8177083333333334 0.21640625 0.0020833333333333333 0.0015625
0 0.8083333333333333 0.23046875 0.04583333333333333 0.0296875
0 0.6333333333333333 0.22578125 0.029166666666666667 0.0203125
0 0.8114583333333333 0.21328125 0.0020833333333333333 0.0015625
0 0.2791666666666667 0.2140625 0.004166666666666667 0.003125
0 0.809375 0.20703125 0.0020833333333333333 0.0015625
0 0.721875 0.2140625 0.03958333333333333 0.015625
0 0.6635416666666667 0.21484375 0.0020833333333333333 0.0171875
0 0.15520833333333334 0.20546875 0.0020833333333333333 0.0015625
0 0.740625 0.25078125 0.08958333333333333 0.0953125
0 0.7354166666666667 0.2046875 0.004166666666666667 0.003125
0 0.13020833333333334 0.20859375 0.027083333333333334 0.0109375
0 0.8260416666666667 0.20234375 0.0020833333333333333 0.0015625
0 0.6541666666666667 0.21171875 0.0125 0.0234375
0 0.15625 0.20078125 0.004166666666666667 0.0015625
0 0.665625 0.2015625 0.0020833333333333333 0.00625
0 0.9364583333333333 0.19765625 0.0020833333333333333 0.0015625
0 0.83125 0.19921875 0.004166666666666667 0.0046875
0 0.4322916666666667 0.19765625 0.0020833333333333333 0.0015625
0 0.8052083333333333 0.19921875 0.00625 0.0078125
0 0.646875 0.19609375 0.0020833333333333333 0.0015625
0 0.6208333333333333 0.20390625 0.020833333333333332 0.0171875
0 0.7760416666666666 0.19453125 0.0020833333333333333 0.0015625
0 0.4375 0.19609375 0.004166666666666667 0.0078125
0 0.6697916666666667 0.209375 0.027083333333333334 0.0375
0 0.64375 0.1921875 0.004166666666666667 0.003125
0 0.084375 0.19140625 0.0020833333333333333 0.0015625
0 0.6854166666666667 0.1921875 0.004166666666666667 0.00625
0 0.8197916666666667 0.1890625 0.014583333333333334 0.00625
0 0.6822916666666666 0.18671875 0.010416666666666666 0.0046875
0 0.446875 0.19140625 0.010416666666666666 0.0140625
0 0.8489583333333334 0.18203125 0.0020833333333333333 0.0015625
0 0.11041666666666666 0.1875 0.04583333333333333 0.01875
0 0.109375 0.17890625 0.00625 0.0046875
0 0.828125 0.1796875 0.014583333333333334 0.0125
0 0.721875 0.17421875 0.0020833333333333333 0.0015625
0 0.40520833333333334 0.16953125 0.0020833333333333333 0.0015625
0 0.4510416666666667 0.16796875 0.0020833333333333333 0.0015625
0 0.4822916666666667 0.17578125 0.014583333333333334 0.0203125
0 0.4552083333333333 0.16640625 0.0020833333333333333 0.0015625
0 0.43020833333333336 0.1671875 0.0020833333333333333 0.003125
0 0.4 0.16484375 0.004166666666666667 0.0046875
0 0.7208333333333333 0.15703125 0.004166666666666667 0.0015625
0 0.8197916666666667 0.15625 0.00625 0.003125
0 0.6989583333333333 0.159375 0.01875 0.009375
0 0.703125 0.15390625 0.0020833333333333333 0.0015625
0 0.803125 0.15078125 0.0020833333333333333 0.0015625
0 0.8364583333333333 0.14921875 0.0020833333333333333 0.0015625
0 0.428125 0.14921875 0.0020833333333333333 0.0015625
0 0.8322916666666667 0.14765625 0.0020833333333333333 0.0015625
0 0.740625 0.14765625 0.0020833333333333333 0.0015625
0 0.453125 0.15546875 0.035416666666666666 0.0171875
0 0.8604166666666667 0.146875 0.041666666666666664 0.0125
0 0.440625 0.14296875 0.010416666666666666 0.0046875
0 0.946875 0.13984375 0.0020833333333333333 0.0015625
0 0.39895833333333336 0.1484375 0.01875 0.01875
0 0.953125 0.13671875 0.0020833333333333333 0.0015625
0 0.8770833333333333 0.13828125 0.004166666666666667 0.0046875
0 0.9354166666666667 0.1390625 0.0125 0.009375
0 0.815625 0.13515625 0.0020833333333333333 0.0015625
0 0.80625 0.13984375 0.0125 0.0109375
0 0.9458333333333333 0.13359375 0.004166666666666667 0.0015625
0 0.9364583333333333 0.13359375 0.0020833333333333333 0.0015625
0 0.5145833333333333 0.13671875 0.004166666666666667 0.0078125
0 0.42291666666666666 0.13671875 0.020833333333333332 0.0109375
0 0.771875 0.12890625 0.00625 0.0046875
0 0.759375 0.1578125 0.06875 0.0625
0 0.8322916666666667 0.12890625 0.022916666666666665 0.0140625
0 0.5114583333333333 0.12265625 0.0020833333333333333 0.0015625
0 0.471875 0.1234375 0.010416666666666666 0.00625
0 0.8260416666666667 0.11953125 0.0020833333333333333 0.0015625
0 0.7552083333333334 0.12421875 0.014583333333333334 0.0109375
0 0.8552083333333333 0.11796875 0.0020833333333333333 0.0015625
0 0.06354166666666666 0.11328125 0.0020833333333333333 0.0015625
0 0.5 0.11171875 0.004166666666666667 0.0046875
0 0.45416666666666666 0.115625 0.020833333333333332 0.01875
0 0.878125 0.09921875 0.0020833333333333333 0.0015625
0 0.86875 0.09921875 0.004166666666666667 0.0046875
0 0.8822916666666667 0.09609375 0.0020833333333333333 0.0015625
0 0.8885416666666667 0.0921875 0.0020833333333333333 0.003125
0 0.9552083333333333 0.0859375 0.010416666666666666 0.003125
0 0.022916666666666665 0.08984375 0.020833333333333332 0.0140625
0 0.9072916666666667 0.07890625 0.0020833333333333333 0.0015625
0 0.896875 0.06953125 0.0020833333333333333 0.0015625
0 0.16770833333333332 0.06796875 0.0020833333333333333 0.0015625
0 0.8927083333333333 0.06953125 0.014583333333333334 0.0140625
0 0.7322916666666667 0.06171875 0.0020833333333333333 0.0015625
0 0.7229166666666667 0.06171875 0.004166666666666667 0.0015625
0 0.740625 0.0609375 0.00625 0.003125
0 0.903125 0.0640625 0.022916666666666665 0.0125
0 0.771875 0.05234375 0.0020833333333333333 0.0015625
0 0.740625 0.0546875 0.00625 0.00625
0 0.2625 0.0515625 0.004166666666666667 0.003125
0 0.16875 0.05234375 0.008333333333333333 0.0046875
0 0.725 0.053125 0.020833333333333332 0.0125
0 0.7020833333333333 0.0484375 0.004166666666666667 0.003125
0 0.9739583333333334 0.04609375 0.00625 0.0046875
0 0.796875 0.0421875 0.00625 0.00625
0 0.74375 0.03984375 0.004166666666666667 0.0015625
0 0.7302083333333333 0.0421875 0.00625 0.00625
0 0.7520833333333333 0.0390625 0.004166666666666667 0.003125
0 0.7385416666666667 0.03828125 0.0020833333333333333 0.0015625
0 0.9375 0.046875 0.041666666666666664 0.028125
0 0.20416666666666666 0.03828125 0.008333333333333333 0.0109375
0 0.778125 0.040625 0.010416666666666666 0.01875
0 0.17395833333333333 0.03359375 0.00625 0.0046875
0 0.05416666666666667 0.03203125 0.008333333333333333 0.0046875
0 0.034375 0.03125 0.010416666666666666 0.00625
0 0.8697916666666666 0.02734375 0.0020833333333333333 0.0015625
0 0.24583333333333332 0.0265625 0.004166666666666667 0.003125
0 0.228125 0.02890625 0.010416666666666666 0.0078125
0 0.15729166666666666 0.03671875 0.022916666666666665 0.0234375
0 0.022916666666666665 0.02734375 0.0125 0.0046875
0 0.915625 0.0234375 0.0020833333333333333 0.003125
0 0.7916666666666666 0.02421875 0.016666666666666666 0.0078125
0 0.8302083333333333 0.01796875 0.0020833333333333333 0.0015625
0 0.821875 0.01796875 0.0020833333333333333 0.0015625
0 0.8229166666666666 0.0140625 0.004166666666666667 0.003125
0 0.846875 0.009375 0.0020833333333333333 0.003125
0 0.7447916666666666 0.00859375 0.0020833333333333333 0.0015625
0 0.3 0.009375 0.0125 0.00625
0 0.9239583333333333 0.00234375 0.0020833333333333333 0.0015625
0 0.096875 0.00234375 0.0020833333333333333 0.0015625
0 0.9885416666666667 0.00390625 0.022916666666666665 0.0078125
0 0.8708333333333333 0.00625 0.0125 0.0125
0 0.81875 0.00703125 0.016666666666666666 0.0140625
0 0.7385416666666667 0.01875 0.07708333333333334 0.0375
0 0.5520833333333334 0.00234375 0.004166666666666667 0.0046875
0 0.2677083333333333 0.0046875 0.010416666666666666 0.009375
0 0.20208333333333334 0.009375 0.0375 0.01875
0 0.1375 0.003125 0.016666666666666666 0.00625
0 0.11458333333333333 0.0125 0.016666666666666666 0.025
0 0.030208333333333334 0.003125 0.0020833333333333333 0.00625
1 0.8541666666666666 0.91796875 0.004166666666666667 0.0046875
1 0.846875 0.9109375 0.00625 0.00625
1 0.8385416666666666 0.89921875 0.0020833333333333333 0.0015625
1 0.840625 0.89453125 0.0020833333333333333 0.0015625
1 0.7302083333333333 0.8953125 0.0020833333333333333 0.003125
1 0.7354166666666667 0.89375 0.004166666666666667 0.003125
1 0.790625 0.88984375 0.0020833333333333333 0.0015625
1 0.7427083333333333 0.8890625 0.0020833333333333333 0.003125
1 0.8385416666666666 0.88828125 0.0020833333333333333 0.0046875
1 0.796875 0.8875 0.00625 0.003125
1 0.7208333333333333 0.8875 0.004166666666666667 0.00625
1 0.746875 0.88359375 0.0020833333333333333 0.0015625
1 0.7697916666666667 0.8828125 0.0020833333333333333 0.003125
1 0.78125 0.88359375 0.016666666666666666 0.0078125
1 0.7645833333333333 0.88046875 0.004166666666666667 0.0015625
1 0.7541666666666667 0.88125 0.004166666666666667 0.003125
1 0.803125 0.87578125 0.0020833333333333333 0.0015625
1 0.715625 0.87578125 0.0020833333333333333 0.0015625
1 0.8885416666666667 0.86796875 0.0020833333333333333 0.0015625
1 0.8166666666666667 0.86796875 0.004166666666666667 0.0046875
1 0.8916666666666667 0.86328125 0.004166666666666667 0.0046875
1 0.8375 0.89296875 0.08333333333333333 0.0640625
1 0.8947916666666667 0.8578125 0.0020833333333333333 0.003125
1 0.778125 0.86484375 0.014583333333333334 0.0203125
1 0.7635416666666667 0.85234375 0.0020833333333333333 0.0015625
1 0.8947916666666667 0.8515625 0.00625 0.00625
1 0.8885416666666667 0.84921875 0.0020833333333333333 0.0015625
1 0.8197916666666667 0.8546875 0.014583333333333334 0.0125
1 0.7770833333333333 0.85078125 0.0125 0.0046875
1 0.7208333333333333 0.86640625 0.020833333333333332 0.0359375
1 0.6895833333333333 0.84140625 0.004166666666666667 0.0015625
1 0.7072916666666667 0.83984375 0.0020833333333333333 0.0015625
1 0.6989583333333333 0.83984375 0.010416666666666666 0.0046875
1 0.9427083333333334 0.83671875 0.0020833333333333333 0.0015625
1 0.815625 0.84140625 0.0020833333333333333 0.0109375
1 0.7020833333333333 0.83671875 0.008333333333333333 0.0015625
1 0.9635416666666666 0.83515625 0.0020833333333333333 0.0015625
1 0.7114583333333333 0.83515625 0.0020833333333333333 0.0015625
1 0.7989583333333333 0.83359375 0.0020833333333333333 0.0015625
1 0.9260416666666667 0.83125 0.010416666666666666 0.00625
1 0.703125 0.84296875 0.06041666666666667 0.0328125
1 0.9739583333333334 0.82734375 0.0020833333333333333 0.0046875
1 0.8802083333333334 0.8328125 0.010416666666666666 0.021875
1 0.6947916666666667 0.82265625 0.0020833333333333333 0.0015625
1 0.7135416666666666 0.82265625 0.010416666666666666 0.0046875
1 0.6427083333333333 0.81640625 0.0020833333333333333 0.0015625
1 0.9947916666666666 0.8140625 0.0020833333333333333 0.003125
1 0.9822916666666667 0.8109375 0.022916666666666665 0.00625
1 0.7614583333333333 0.80625 0.010416666666666666 0.0125
1 0.6979166666666666 0.81171875 0.020833333333333332 0.0265625
1 0.7072916666666667 0.79609375 0.0020833333333333333 0.0015625
1 0.7041666666666667 0.79140625 0.008333333333333333 0.0046875
1 0.696875 0.78984375 0.0020833333333333333 0.0015625
1 0.9552083333333333 0.8125 0.04375 0.05
1 0.6885416666666667 0.7890625 0.00625 0.003125
1 0.8979166666666667 0.778125 0.004166666666666667 0.003125
1 0.7458333333333333 0.78203125 0.020833333333333332 0.0109375
1 0.9770833333333333 0.771875 0.008333333333333333 0.00625
1 0.634375 0.79140625 0.08958333333333333 0.0453125
1 0.6375 0.76875 0.008333333333333333 0.009375
1 0.7625 0.76875 0.0125 0.0125
1 0.6364583333333333 0.76171875 0.0020833333333333333 0.0015625
1 0.9822916666666667 0.759375 0.0020833333333333333 0.003125
1 0.7520833333333333 0.75390625 0.004166666666666667 0.0046875
1 0.615625 0.73203125 0.0020833333333333333 0.0015625
1 0.5989583333333334 0.73203125 0.0020833333333333333 0.0015625
1 0.9927083333333333 0.73046875 0.0020833333333333333 0.0015625
1 0.934375 0.740625 0.03958333333333333 0.028125
1 0.86875 0.728125 0.004166666666666667 0.00625
1 0.99375 0.7234375 0.008333333333333333 0.003125
1 0.9864583333333333 0.72265625 0.0020833333333333333 0.0015625
1 0.584375 0.72109375 0.0020833333333333333 0.0015625
1 0.728125 0.71171875 0.0020833333333333333 0.0015625
1 0.7104166666666667 0.74296875 0.03333333333333333 0.0640625
1 0.9927083333333333 0.71015625 0.0020833333333333333 0.0015625
1 0.971875 0.7328125 0.035416666666666666 0.046875
1 0.7333333333333333 0.71171875 0.004166666666666667 0.0046875
1 0.9979166666666667 0.7078125 0.004166666666666667 0.003125
1 0.8760416666666667 0.70390625 0.0020833333333333333 0.0015625
1 0.8958333333333334 0.70390625 0.008333333333333333 0.0078125
1 0.609375 0.68828125 0.0020833333333333333 0.0015625
1 0.9541666666666667 0.690625 0.025 0.009375
1 0.959375 0.6859375 0.00625 0.003125
1 0.6854166666666667 0.68515625 0.004166666666666667 0.0015625
1 0.7760416666666666 0.6859375 0.010416666666666666 0.0125
1 0.625 0.6828125 0.020833333333333332 0.00625
1 0.690625 0.68046875 0.0020833333333333333 0.0046875
1 0.64375 0.68046875 0.0125 0.0046875
1 0.621875 0.67734375 0.0020833333333333333 0.0015625
1 0.6125 0.68125 0.008333333333333333 0.009375
1 0.9625 0.67734375 0.004166666666666667 0.0046875
1 0.8395833333333333 0.7609375 0.17916666666666667 0.178125
1 0.75 0.6703125 0.004166666666666667 0.003125
1 0.7604166666666666 0.6578125 0.0125 0.015625
1 0.821875 0.65 0.04375 0.0375
1 0.7822916666666667 0.6328125 0.0020833333333333333 0.003125
1 0.7625 0.63984375 0.03333333333333333 0.0171875
1 0.6833333333333333 0.64140625 0.020833333333333332 0.0203125
1 0.7052083333333333 0.6234375 0.0020833333333333333 0.003125
1 0.9322916666666666 0.67421875 0.13541666666666666 0.1359375
1 0.775 0.60859375 0.016666666666666666 0.0078125
1 0.7802083333333333 0.596875 0.00625 0.003125
1 0.7708333333333334 0.59765625 0.008333333333333333 0.0046875
1 0.434375 0.59296875 0.0020833333333333333 0.0015625
1 0.396875 0.58515625 0.0020833333333333333 0.0015625
1 0.40520833333333334 0.584375 0.00625 0.003125
1 0.9364583333333333 0.5859375 0.00625 0.009375
1 0.3302083333333333 0.58046875 0.0020833333333333333 0.0015625
1 0.8083333333333333 0.590625 0.041666666666666664 0.03125
1 0.3385416666666667 0.57421875 0.0020833333333333333 0.0015625
1 0.328125 0.56015625 0.0020833333333333333 0.0015625
1 0.7375 0.56015625 0.004166666666666667 0.0046875
1 0.703125 0.56171875 0.00625 0.0109375
1 0.7302083333333333 0.55625 0.00625 0.003125
1 0.98125 0.5625 0.0375 0.025
1 0.7177083333333333 0.55234375 0.010416666666666666 0.0046875
1 0.740625 0.54609375 0.0020833333333333333 0.0015625
1 0.253125 0.5421875 0.0020833333333333333 0.003125
1 0.7927083333333333 0.52265625 0.0020833333333333333 0.0015625
1 0.996875 0.52109375 0.00625 0.0078125
1 0.790625 0.51328125 0.0020833333333333333 0.0015625
1 0.796875 0.51328125 0.0020833333333333333 0.0046875
1 0.896875 0.50546875 0.0020833333333333333 0.0015625
1 0.8989583333333333 0.50234375 0.0020833333333333333 0.0015625
1 0.896875 0.49609375 0.0020833333333333333 0.0015625
1 0.9875 0.50546875 0.025 0.0265625
1 0.8958333333333334 0.4921875 0.004166666666666667 0.003125
1 0.43020833333333336 0.4953125 0.010416666666666666 0.009375
1 0.4552083333333333 0.49140625 0.0020833333333333333 0.0046875
1 0.303125 0.48671875 0.010416666666666666 0.0046875
1 0.8291666666666667 0.484375 0.004166666666666667 0.003125
1 0.33958333333333335 0.50703125 0.09583333333333334 0.0515625
1 0.928125 0.53046875 0.06458333333333334 0.1015625
1 0.8197916666666667 0.4828125 0.00625 0.00625
1 0.309375 0.4765625 0.01875 0.003125
1 0.809375 0.47421875 0.00625 0.0046875
1 0.4375 0.4734375 0.004166666666666667 0.003125
1 0.8020833333333334 0.47109375 0.004166666666666667 0.0015625
1 0.7989583333333333 0.46796875 0.0020833333333333333 0.0015625
1 0.815625 0.46015625 0.00625 0.0015625
1 0.8083333333333333 0.46015625 0.004166666666666667 0.0015625
1 0.8020833333333334 0.46015625 0.004166666666666667 0.0015625
1 0.23333333333333334 0.4578125 0.008333333333333333 0.003125
1 0.21770833333333334 0.45703125 0.0020833333333333333 0.0015625
1 0.278125 0.4609375 0.014583333333333334 0.015625
1 0.840625 0.4515625 0.0020833333333333333 0.003125
1 0.33958333333333335 0.465625 0.029166666666666667 0.03125
1 0.3302083333333333 0.44765625 0.0020833333333333333 0.0015625
1 0.23958333333333334 0.45078125 0.0125 0.0109375
1 0.390625 0.45234375 0.022916666666666665 0.0203125
1 0.9739583333333334 0.4234375 0.00625 0.003125
1 0.9291666666666667 0.43515625 0.016666666666666666 0.0265625
1 0.08020833333333334 0.41484375 0.0020833333333333333 0.0015625
1 0.28854166666666664 0.41015625 0.00625 0.0046875
1 0.13125 0.41015625 0.008333333333333333 0.0046875
1 0.7177083333333333 0.4078125 0.00625 0.003125
1 0.3385416666666667 0.40703125 0.0020833333333333333 0.0015625
1 0.10833333333333334 0.4078125 0.004166666666666667 0.003125
1 0.103125 0.40703125 0.0020833333333333333 0.0015625
1 0.34791666666666665 0.40546875 0.004166666666666667 0.0046875
1 0.11770833333333333 0.4078125 0.014583333333333334 0.0125
1 0.5291666666666667 0.4015625 0.004166666666666667 0.003125
1 0.375 0.4109375 0.04583333333333333 0.021875
1 0.7291666666666666 0.4 0.004166666666666667 0.00625
1 0.70625 0.40234375 0.0125 0.0109375
1 0.2947916666666667 0.39765625 0.00625 0.0046875
1 0.15625 0.3953125 0.004166666666666667 0.003125
1 0.10416666666666667 0.39453125 0.004166666666666667 0.0015625
1 0.07083333333333333 0.403125 0.03333333333333333 0.021875
1 0.20729166666666668 0.39140625 0.0020833333333333333 0.0015625
1 0.19895833333333332 0.39140625 0.0020833333333333333 0.0015625
1 0.2125 0.390625 0.004166666666666667 0.003125
1 0.39791666666666664 0.3890625 0.004166666666666667 0.003125
1 0.9072916666666667 0.41015625 0.03125 0.0484375
1 0.08229166666666667 0.38671875 0.0020833333333333333 0.0015625
1 0.4427083333333333 0.39296875 0.01875 0.0171875
1 0.12604166666666666 0.39453125 0.08125 0.0234375
1 0.49375 0.40703125 0.05 0.0515625
1 0.63125 0.390625 0.020833333333333332 0.021875
1 0.215625 0.38125 0.0020833333333333333 0.003125
1 0.2760416666666667 0.3796875 0.0020833333333333333 0.003125
1 0.9302083333333333 0.378125 0.0020833333333333333 0.003125
1 0.7260416666666667 0.38671875 0.00625 0.0203125
1 0.46458333333333335 0.48359375 0.42083333333333334 0.2140625
1 0.9135416666666667 0.3796875 0.0020833333333333333 0.009375
1 0.27395833333333336 0.37578125 0.0020833333333333333 0.0015625
1 0.75625 0.37421875 0.008333333333333333 0.0015625
1 0.6291666666666667 0.3734375 0.008333333333333333 0.003125
1 0.23229166666666667 0.37265625 0.0020833333333333333 0.0015625
1 0.19270833333333334 0.38125 0.04375 0.01875
1 0.05625 0.38125 0.016666666666666666 0.01875
1 0.365625 0.37109375 0.0020833333333333333 0.0015625
1 0.21458333333333332 0.37421875 0.004166666666666667 0.0078125
1 0.20208333333333334 0.3734375 0.008333333333333333 0.00625
1 0.809375 0.36953125 0.0020833333333333333 0.0015625
1 0.815625 0.36796875 0.00625 0.0015625
1 0.803125 0.3671875 0.00625 0.003125
1 0.33541666666666664 0.38828125 0.020833333333333332 0.0453125
1 0.18020833333333333 0.36875 0.014583333333333334 0.00625
1 0.7666666666666667 0.36796875 0.008333333333333333 0.0078125
1 0.6854166666666667 0.37890625 0.029166666666666667 0.0296875
1 0.6552083333333333 0.36484375 0.0020833333333333333 0.0015625
1 0.496875 0.36484375 0.0020833333333333333 0.0046875
1 0.2520833333333333 0.3640625 0.004166666666666667 0.003125
1 0.24375 0.3625 0.008333333333333333 0.003125
1 0.013541666666666667 0.36171875 0.0020833333333333333 0.0015625
1 0.55625 0.3703125 0.025 0.021875
1 0.8177083333333334 0.35859375 0.0020833333333333333 0.0015625
1 0.38645833333333335 0.3734375 0.014583333333333334 0.034375
1 0.26979166666666665 0.36015625 0.0020833333333333333 0.0078125
1 0.005208333333333333 0.36015625 0.010416666666666666 0.0078125
1 0.31979166666666664 0.35546875 0.0020833333333333333 0.0015625
1 0.21666666666666667 0.3609375 0.029166666666666667 0.0125
1 0.0010416666666666667 0.35390625 0.0020833333333333333 0.0015625
1 0.39166666666666666 0.35234375 0.004166666666666667 0.0015625
1 0.27395833333333336 0.35234375 0.0020833333333333333 0.0015625
1 0.9854166666666667 0.35078125 0.004166666666666667 0.0015625
1 0.29270833333333335 0.35078125 0.0020833333333333333 0.0015625
1 0.578125 0.35625 0.01875 0.015625
1 0.5041666666666667 0.35390625 0.0125 0.0109375
1 0.45208333333333334 0.35546875 0.0125 0.0140625
1 0.7635416666666667 0.36015625 0.06875 0.0296875
1 0.203125 0.34609375 0.0020833333333333333 0.0015625
1 0.8052083333333333 0.3453125 0.0020833333333333333 0.003125
1 0.04583333333333333 0.346875 0.0125 0.009375
1 0.25 0.3421875 0.004166666666666667 0.003125
1 0.20208333333333334 0.3421875 0.004166666666666667 0.003125
1 0.15416666666666667 0.35390625 0.041666666666666664 0.0265625
1 0.790625 0.33828125 0.0020833333333333333 0.0015625
1 0.240625 0.340625 0.010416666666666666 0.00625
1 0.296875 0.33515625 0.0020833333333333333 0.0015625
1 0.27395833333333336 0.3484375 0.04791666666666667 0.028125
1 0.115625 0.34765625 0.027083333333333334 0.0265625
1 0.9802083333333333 0.33359375 0.0020833333333333333 0.0015625
1 0.9729166666666667 0.33359375 0.004166666666666667 0.0015625
1 0.24270833333333333 0.33203125 0.0020833333333333333 0.0015625
1 0.7927083333333333 0.33046875 0.0020833333333333333 0.0015625
1 0.4322916666666667 0.33203125 0.010416666666666666 0.0046875
1 0.2989583333333333 0.33046875 0.0020833333333333333 0.0015625
1 0.28958333333333336 0.33203125 0.004166666666666667 0.0046875
1 0.7510416666666667 0.334375 0.010416666666666666 0.0125
1 0.084375 0.334375 0.03125 0.0125
1 0.3177083333333333 0.328125 0.0020833333333333333 0.003125
1 0.30833333333333335 0.328125 0.004166666666666667 0.003125
1 0.31354166666666666 0.32578125 0.0020833333333333333 0.0015625
1 0.996875 0.32421875 0.0020833333333333333 0.0015625
1 0.428125 0.32421875 0.0020833333333333333 0.0015625
1 0.309375 0.32421875 0.0020833333333333333 0.0015625
1 0.815625 0.3234375 0.00625 0.003125
1 0.33125 0.3234375 0.008333333333333333 0.003125
1 0.7958333333333333 0.32421875 0.004166666666666667 0.0078125
1 0.40520833333333334 0.33046875 0.014583333333333334 0.0234375
1 0.403125 0.31953125 0.0020833333333333333 0.0015625
1 0.3958333333333333 0.321875 0.004166666666666667 0.00625
1 0.13229166666666667 0.3234375 0.022916666666666665 0.009375
1 0.09270833333333334 0.321875 0.014583333333333334 0.00625
1 0.6364583333333333 0.3421875 0.06041666666666667 0.05
1 0.47604166666666664 0.31796875 0.0020833333333333333 0.0015625
1 0.8635416666666667 0.31640625 0.0020833333333333333 0.0015625
1 0.3927083333333333 0.31640625 0.0020833333333333333 0.0015625
1 0.47604166666666664 0.31328125 0.0020833333333333333 0.0015625
1 0.40520833333333334 0.3140625 0.0020833333333333333 0.003125
1 0.3541666666666667 0.31328125 0.004166666666666667 0.0015625
1 0.17916666666666667 0.32265625 0.025 0.0203125
1 0.5854166666666667 0.325 0.020833333333333332 0.028125
1 0.030208333333333334 0.32265625 0.022916666666666665 0.0234375
1 0.46875 0.3203125 0.016666666666666666 0.021875
1 0.45 0.31015625 0.004166666666666667 0.0015625
1 0.35104166666666664 0.31640625 0.027083333333333334 0.0171875
1 0.871875 0.30703125 0.0020833333333333333 0.0015625
1 0.3541666666666667 0.3078125 0.004166666666666667 0.003125
1 0.6802083333333333 0.30625 0.0020833333333333333 0.003125
1 0.675 0.30703125 0.004166666666666667 0.0046875
1 0.5479166666666667 0.31484375 0.03333333333333333 0.0203125
1 0.3614583333333333 0.30546875 0.0020833333333333333 0.0015625
1 0.3572916666666667 0.30390625 0.0020833333333333333 0.0015625
1 0.8677083333333333 0.30234375 0.0020833333333333333 0.0015625
1 0.3333333333333333 0.3015625 0.004166666666666667 0.003125
1 0.3145833333333333 0.3125 0.041666666666666664 0.025
1 0.3927083333333333 0.29921875 0.0020833333333333333 0.0046875
1 0.2947916666666667 0.29765625 0.00625 0.0015625
1 0.853125 0.29609375 0.0020833333333333333 0.0015625
1 0.5145833333333333 0.296875 0.004166666666666667 0.003125
1 0.84375 0.29296875 0.004166666666666667 0.0015625
1 0.784375 0.32109375 0.15625 0.0578125
1 0.47708333333333336 0.29296875 0.004166666666666667 0.0046875
1 0.30104166666666665 0.29296875 0.010416666666666666 0.0046875
1 0.3614583333333333 0.28984375 0.0020833333333333333 0.0015625
1 0.35208333333333336 0.29609375 0.020833333333333332 0.0140625
1 0.08229166666666667 0.2984375 0.035416666666666666 0.01875
1 0.40520833333333334 0.29296875 0.010416666666666666 0.0109375
1 0.31145833333333334 0.28828125 0.00625 0.0046875
1 0.3697916666666667 0.28515625 0.0020833333333333333 0.0015625
1 0.253125 0.30703125 0.06458333333333334 0.0484375
1 0.675 0.29609375 0.0875 0.0296875
1 0.190625 0.29453125 0.06875 0.0328125
1 0.14270833333333333 0.2859375 0.022916666666666665 0.015625
1 0.51875 0.275 0.008333333333333333 0.009375
1 0.33229166666666665 0.27109375 0.0020833333333333333 0.0015625
1 0.065625 0.27578125 0.01875 0.0109375
1 0.2635416666666667 0.26953125 0.0020833333333333333 0.0015625
1 0.6010416666666667 0.26796875 0.0020833333333333333 0.0015625
1 0.18541666666666667 0.2703125 0.0125 0.009375
1 0.8572916666666667 0.26484375 0.0020833333333333333 0.0015625
1 0.853125 0.26484375 0.0020833333333333333 0.0015625
1 0.2989583333333333 0.27265625 0.06458333333333334 0.0171875
1 0.8635416666666667 0.2640625 0.00625 0.003125
1 0.8510416666666667 0.26171875 0.0020833333333333333 0.0015625
1 0.8354166666666667 0.271875 0.029166666666666667 0.021875
1 0.234375 0.27734375 0.06458333333333334 0.0328125
1 0.8614583333333333 0.26015625 0.0020833333333333333 0.0015625
1 0.8572916666666667 0.26015625 0.0020833333333333333 0.0015625
1 0.709375 0.2640625 0.01875 0.009375
1 0.2635416666666667 0.26328125 0.00625 0.0078125
1 0.005208333333333333 0.2625 0.010416666666666666 0.00625
1 0.690625 0.25859375 0.014583333333333334 0.0078125
1 0.4895833333333333 0.26484375 0.016666666666666666 0.0203125
1 0.46875 0.25625 0.004166666666666667 0.00625
1 0.041666666666666664 0.2609375 0.0375 0.015625
1 0.8739583333333333 0.253125 0.00625 0.003125
1 0.49270833333333336 0.25234375 0.0020833333333333333 0.0015625
1 0.5427083333333333 0.25234375 0.00625 0.0046875
1 0.5604166666666667 0.25 0.004166666666666667 0.003125
1 0.540625 0.24765625 0.0020833333333333333 0.0015625
1 0.4322916666666667 0.24609375 0.0020833333333333333 0.0015625
1 0.005208333333333333 0.25078125 0.010416666666666666 0.0140625
1 0.46041666666666664 0.24609375 0.008333333333333333 0.0078125
1 0.203125 0.24140625 0.0020833333333333333 0.0015625
1 0.49166666666666664 0.23984375 0.004166666666666667 0.0015625
1 0.48541666666666666 0.23984375 0.004166666666666667 0.0015625
1 0.5197916666666667 0.23828125 0.0020833333333333333 0.0015625
1 0.628125 0.253125 0.052083333333333336 0.034375
1 0.9322916666666666 0.23515625 0.0020833333333333333 0.0015625
1 0.9260416666666667 0.2375 0.010416666666666666 0.00625
1 0.521875 0.23515625 0.0020833333333333333 0.0015625
1 0.11875 0.2484375 0.0875 0.028125
1 0.7895833333333333 0.24765625 0.05416666666666667 0.0296875
1 0.48854166666666665 0.2296875 0.00625 0.003125
1 0.440625 0.22890625 0.0020833333333333333 0.0015625
1 0.5802083333333333 0.22734375 0.0020833333333333333 0.0015625
1 0.9260416666666667 0.228125 0.00625 0.00625
1 0.013541666666666667 0.22578125 0.0020833333333333333 0.0015625
1 0.484375 0.225 0.00625 0.003125
1 0.39791666666666664 0.22265625 0.004166666666666667 0.0015625
1 0.296875 0.234375 0.03958333333333333 0.028125
1 0.196875 0.221875 0.0020833333333333333 0.003125
1 0.13958333333333334 0.22265625 0.0125 0.0046875
1 0.28854166666666664 0.2203125 0.0020833333333333333 0.003125
1 0.15104166666666666 0.21953125 0.0020833333333333333 0.0015625
1 0.109375 0.21796875 0.0020833333333333333 0.0015625
1 0.00625 0.228125 0.0125 0.021875
1 0.29270833333333335 0.21640625 0.0020833333333333333 0.0015625
1 0.178125 0.23671875 0.04375 0.0453125
1 0.13854166666666667 0.21328125 0.00625 0.0015625
1 0.43645833333333334 0.2265625 0.08125 0.03125
1 0.10520833333333333 0.2140625 0.014583333333333334 0.00625
1 0.003125 0.21015625 0.0020833333333333333 0.0015625
1 0.9239583333333333 0.2125 0.010416666666666666 0.009375
1 0.43020833333333336 0.20859375 0.0020833333333333333 0.0015625
1 0.290625 0.20859375 0.0020833333333333333 0.0015625
1 0.9489583333333333 0.20703125 0.0020833333333333333 0.0015625
1 0.9364583333333333 0.20703125 0.0020833333333333333 0.0015625
1 0.009375 0.20625 0.0020833333333333333 0.003125
1 0.928125 0.2046875 0.00625 0.003125
1 0.016666666666666666 0.2078125 0.016666666666666666 0.009375
1 0.49895833333333334 0.20234375 0.0020833333333333333 0.0015625
1 0.39895833333333336 0.20234375 0.0020833333333333333 0.0015625
1 0.9364583333333333 0.2015625 0.00625 0.003125
1 0.7510416666666667 0.20234375 0.010416666666666666 0.0046875
1 0.3697916666666667 0.19921875 0.0020833333333333333 0.0015625
1 0.2989583333333333 0.19921875 0.0020833333333333333 0.0015625
1 0.24270833333333333 0.19921875 0.0020833333333333333 0.0015625
1 0.23333333333333334 0.20234375 0.008333333333333333 0.0078125
1 0.696875 0.203125 0.010416666666666666 0.0125
1 0.496875 0.19609375 0.0020833333333333333 0.0015625
1 0.284375 0.19609375 0.0020833333333333333 0.0015625
1 0.28020833333333334 0.19609375 0.0020833333333333333 0.0015625
1 0.2760416666666667 0.19609375 0.0020833333333333333 0.0015625
1 0.7375 0.19609375 0.008333333333333333 0.0046875
1 0.6989583333333333 0.19453125 0.0020833333333333333 0.0015625
1 0.6333333333333333 0.20234375 0.0125 0.0171875
1 0.23645833333333333 0.225 0.06875 0.0625
1 0.484375 0.19296875 0.0020833333333333333 0.0015625
1 0.4739583333333333 0.2078125 0.03125 0.03125
1 0.2677083333333333 0.20078125 0.03958333333333333 0.0171875
1 0.490625 0.19140625 0.0020833333333333333 0.0015625
1 0.4239583333333333 0.19140625 0.0020833333333333333 0.0015625
1 0.4166666666666667 0.19140625 0.004166666666666667 0.0015625
1 0.4114583333333333 0.19140625 0.0020833333333333333 0.0015625
1 0.346875 0.18828125 0.0020833333333333333 0.0015625
1 0.221875 0.18828125 0.0020833333333333333 0.0015625
1 0.6333333333333333 0.1890625 0.008333333333333333 0.00625
1 0.36354166666666665 0.18671875 0.0020833333333333333 0.0015625
1 0.690625 0.18203125 0.0020833333333333333 0.0015625
1 0.46875 0.18046875 0.004166666666666667 0.0015625
1 0.9697916666666667 0.17890625 0.0020833333333333333 0.0015625
1 0.7791666666666667 0.17890625 0.004166666666666667 0.0046875
1 0.6947916666666667 0.17578125 0.0020833333333333333 0.0015625
1 0.5072916666666667 0.17578125 0.0020833333333333333 0.0015625
1 0.5010416666666667 0.17578125 0.0020833333333333333 0.0015625
1 0.4979166666666667 0.1828125 0.008333333333333333 0.015625
1 0.41458333333333336 0.1796875 0.025 0.009375
1 0.43645833333333334 0.17265625 0.0020833333333333333 0.0015625
1 0.7104166666666667 0.17265625 0.004166666666666667 0.0046875
1 0.471875 0.17265625 0.0020833333333333333 0.0046875
1 0.4625 0.17265625 0.004166666666666667 0.0046875
1 0.11979166666666667 0.171875 0.00625 0.003125
1 0.06354166666666666 0.1765625 0.04375 0.015625
1 0.5197916666666667 0.171875 0.022916666666666665 0.009375
1 0.12708333333333333 0.1671875 0.004166666666666667 0.003125
1 0.11354166666666667 0.16171875 0.0020833333333333333 0.0015625
1 0.5447916666666667 0.16015625 0.0020833333333333333 0.0015625
1 0.478125 0.16015625 0.0020833333333333333 0.0015625
1 0.8010416666666667 0.17890625 0.035416666666666666 0.0421875
1 0.5541666666666667 0.15859375 0.004166666666666667 0.0015625
1 0.48333333333333334 0.159375 0.004166666666666667 0.003125
1 0.41875 0.159375 0.004166666666666667 0.003125
1 0.40520833333333334 0.15859375 0.0020833333333333333 0.0015625
1 0.07395833333333333 0.15703125 0.0020833333333333333 0.0015625
1 0.5864583333333333 0.15078125 0.0020833333333333333 0.0015625
1 0.5697916666666667 0.16015625 0.01875 0.0234375
1 0.5864583333333333 0.14609375 0.0020833333333333333 0.0015625
1 0.5760416666666667 0.14296875 0.0020833333333333333 0.0015625
1 0.37395833333333334 0.14296875 0.0020833333333333333 0.0015625
1 0.37604166666666666 0.1515625 0.022916666666666665 0.021875
1 0.3697916666666667 0.13828125 0.0020833333333333333 0.0015625
1 0.5395833333333333 0.13671875 0.004166666666666667 0.0015625
1 0.24270833333333333 0.1375 0.0020833333333333333 0.003125
1 0.7625 0.1359375 0.008333333333333333 0.003125
1 0.5635416666666667 0.14140625 0.022916666666666665 0.0140625
1 0.546875 0.1359375 0.00625 0.003125
1 0.6010416666666667 0.1359375 0.010416666666666666 0.00625
1 0.5270833333333333 0.13671875 0.0125 0.0078125
1 0.43645833333333334 0.1328125 0.0020833333333333333 0.003125
1 0.359375 0.13203125 0.0020833333333333333 0.0015625
1 0.2552083333333333 0.1359375 0.01875 0.009375
1 0.9135416666666667 0.190625 0.17291666666666666 0.121875
1 0.521875 0.1296875 0.0020833333333333333 0.003125
1 0.5229166666666667 0.12578125 0.004166666666666667 0.0015625
1 0.5166666666666667 0.1265625 0.004166666666666667 0.003125
1 0.41354166666666664 0.12734375 0.0020833333333333333 0.0046875
1 0.3802083333333333 0.1328125 0.01875 0.015625
1 0.5854166666666667 0.125 0.0125 0.003125
1 0.36770833333333336 0.12421875 0.0020833333333333333 0.0015625
1 0.059375 0.12421875 0.0020833333333333333 0.0015625
1 0.559375 0.1234375 0.00625 0.003125
1 0.36770833333333336 0.12109375 0.0020833333333333333 0.0015625
1 0.6072916666666667 0.11953125 0.0020833333333333333 0.0015625
1 0.5708333333333333 0.12421875 0.008333333333333333 0.0109375
1 0.6010416666666667 0.11796875 0.0020833333333333333 0.0015625
1 0.359375 0.11796875 0.0020833333333333333 0.0015625
1 0.3177083333333333 0.11796875 0.00625 0.0046875
1 0.715625 0.1265625 0.027083333333333334 0.028125
1 0.46770833333333334 0.11328125 0.0020833333333333333 0.0046875
1 0.4395833333333333 0.1109375 0.008333333333333333 0.0125
1 0.884375 0.10390625 0.0020833333333333333 0.0015625
1 0.18333333333333332 0.10234375 0.016666666666666666 0.0078125
1 0.440625 0.0984375 0.014583333333333334 0.009375
1 0.4427083333333333 0.09140625 0.0020833333333333333 0.0015625
1 0.43645833333333334 0.08671875 0.0020833333333333333 0.0015625
1 0.796875 0.11171875 0.052083333333333336 0.0546875
1 0.3802083333333333 0.08359375 0.0020833333333333333 0.0015625
1 0.9010416666666666 0.0859375 0.010416666666666666 0.009375
1 0.828125 0.08203125 0.0020833333333333333 0.0015625
1 0.7739583333333333 0.07890625 0.010416666666666666 0.0046875
1 0.8291666666666667 0.07734375 0.008333333333333333 0.0046875
1 0.7677083333333333 0.0765625 0.00625 0.003125
1 0.5927083333333333 0.0796875 0.00625 0.009375
1 0.48541666666666666 0.1125 0.06666666666666667 0.075
1 0.08854166666666667 0.08046875 0.027083333333333334 0.0140625
1 0.7760416666666666 0.0734375 0.0020833333333333333 0.003125
1 0.7270833333333333 0.0734375 0.004166666666666667 0.003125
1 0.5645833333333333 0.09609375 0.09166666666666666 0.0515625
1 0.7416666666666667 0.0703125 0.004166666666666667 0.003125
1 0.7239583333333334 0.06796875 0.0020833333333333333 0.0015625
1 0.008333333333333333 0.075 0.016666666666666666 0.015625
1 0.37604166666666666 0.06640625 0.0020833333333333333 0.0015625
1 0.809375 0.06640625 0.00625 0.0046875
1 0.709375 0.06484375 0.0020833333333333333 0.0015625
1 0.703125 0.06484375 0.0020833333333333333 0.0015625
1 0.9291666666666667 0.0734375 0.025 0.021875
1 0.7822916666666667 0.06328125 0.0020833333333333333 0.0015625
1 0.3729166666666667 0.06171875 0.004166666666666667 0.0015625
1 0.465625 0.06015625 0.0020833333333333333 0.0015625
1 0.8020833333333334 0.0609375 0.0125 0.00625
1 0.7520833333333333 0.059375 0.004166666666666667 0.003125
1 0.459375 0.05859375 0.0020833333333333333 0.0015625
1 0.8333333333333334 0.05703125 0.004166666666666667 0.0015625
1 0.9 0.05625 0.008333333333333333 0.003125
1 0.7489583333333333 0.05546875 0.0020833333333333333 0.0015625
1 0.45729166666666665 0.05546875 0.0020833333333333333 0.0015625
1 0.796875 0.0546875 0.0020833333333333333 0.003125
1 0.9552083333333333 0.05234375 0.00625 0.0015625
1 0.834375 0.05078125 0.0020833333333333333 0.0015625
1 0.7572916666666667 0.06328125 0.01875 0.0265625
1 0.821875 0.04921875 0.0020833333333333333 0.0015625
1 0.7989583333333333 0.04921875 0.0020833333333333333 0.0015625
1 0.3302083333333333 0.05234375 0.00625 0.0078125
1 0.7885416666666667 0.053125 0.014583333333333334 0.0125
1 0.5052083333333334 0.04765625 0.0020833333333333333 0.0015625
1 0.7625 0.04765625 0.004166666666666667 0.0046875
1 0.75 0.0484375 0.016666666666666666 0.00625
1 0.0010416666666666667 0.04765625 0.0020833333333333333 0.0046875
1 0.3125 0.05703125 0.04583333333333333 0.0265625
1 0.09895833333333333 0.046875 0.014583333333333334 0.00625
1 0.4947916666666667 0.04296875 0.0020833333333333333 0.0015625
1 0.4875 0.04609375 0.016666666666666666 0.0078125
1 0.8427083333333333 0.0421875 0.00625 0.003125
1 0.840625 0.03828125 0.0020833333333333333 0.0015625
1 0.41041666666666665 0.0390625 0.004166666666666667 0.003125
1 0.859375 0.03671875 0.0020833333333333333 0.0015625
1 0.396875 0.03671875 0.0020833333333333333 0.0015625
1 0.05625 0.0671875 0.0625 0.0625
1 0.034375 0.03671875 0.0020833333333333333 0.0015625
1 0.017708333333333333 0.0390625 0.010416666666666666 0.00625
1 0.828125 0.03515625 0.0020833333333333333 0.0046875
1 0.6989583333333333 0.03359375 0.0020833333333333333 0.0015625
1 0.8885416666666667 0.03046875 0.0020833333333333333 0.0015625
1 0.5135416666666667 0.03046875 0.0020833333333333333 0.0015625
1 0.5489583333333333 0.02890625 0.0020833333333333333 0.0015625
1 0.9010416666666666 0.02734375 0.0020833333333333333 0.0015625
1 0.15104166666666666 0.125 0.3020833333333333 0.196875
1 0.9322916666666666 0.02578125 0.0020833333333333333 0.0015625
1 0.46979166666666666 0.02421875 0.0020833333333333333 0.0015625
1 0.196875 0.02421875 0.0020833333333333333 0.0015625
1 0.8197916666666667 0.034375 0.06875 0.025
1 0.6927083333333334 0.02109375 0.0020833333333333333 0.0015625
1 0.7635416666666667 0.0265625 0.01875 0.015625
1 0.034375 0.02109375 0.00625 0.0046875
1 0.8854166666666666 0.0234375 0.020833333333333332 0.0125
1 0.56875 0.0171875 0.008333333333333333 0.00625
1 0.9635416666666666 0.01171875 0.0020833333333333333 0.0015625
1 0.915625 0.01171875 0.0020833333333333333 0.0015625
1 0.784375 0.01171875 0.00625 0.0046875
1 0.7541666666666667 0.0109375 0.004166666666666667 0.003125
1 0.8885416666666667 0.009375 0.0020833333333333333 0.003125
1 0.5864583333333333 0.0125 0.014583333333333334 0.009375
1 0.91875 0.071875 0.1625 0.13125
1 0.8916666666666667 0.00625 0.004166666666666667 0.003125
1 0.078125 0.01875 0.04375 0.028125
1 0.9708333333333333 0.003125 0.004166666666666667 0.003125
1 0.903125 0.0046875 0.014583333333333334 0.009375
1 0.890625 0.00078125 0.0020833333333333333 0.0015625
1 0.884375 0.0046875 0.00625 0.009375
1 0.6291666666666667 0.0015625 0.008333333333333333 0.003125
1 0.60625 0.003125 0.025 0.00625
1 0.590625 0.00078125 0.0020833333333333333 0.0015625
1 0.5375 0.00390625 0.008333333333333333 0.0078125
1 0.3697916666666667 0.0609375 0.38958333333333334 0.121875
1 0.16458333333333333 0.00625 0.025 0.0125
