0 0.9552083333333333 0.66640625 0.01875 0.0078125
0 0.9958333333333333 0.6609375 0.008333333333333333 0.009375
0 0.9979166666666667 0.625 0.004166666666666667 0.003125
0 0.9364583333333333 0.61171875 0.0020833333333333333 0.0046875
0 0.9364583333333333 0.6015625 0.00625 0.003125
0 0.96875 0.59609375 0.004166666666666667 0.0078125
0 0.9916666666666667 0.59765625 0.016666666666666666 0.0203125
0 0.46145833333333336 0.59609375 0.022916666666666665 0.0296875
0 0.484375 0.56484375 0.022916666666666665 0.0296875
0 0.9927083333333333 0.54921875 0.010416666666666666 0.0046875
0 0.984375 0.54765625 0.0020833333333333333 0.0015625
0 0.96875 0.54296875 0.004166666666666667 0.0015625
0 0.9760416666666667 0.53984375 0.0020833333333333333 0.0015625
0 0.9802083333333333 0.53671875 0.0020833333333333333 0.0015625
0 0.6354166666666666 0.53203125 0.0125 0.0046875
0 0.65 0.52890625 0.0125 0.0046875
0 0.696875 0.52421875 0.0020833333333333333 0.0015625
0 0.7239583333333334 0.521875 0.01875 0.003125
0 0.896875 0.51171875 0.0020833333333333333 0.0015625
0 0.8833333333333333 0.5015625 0.004166666666666667 0.003125
0 0.8833333333333333 0.49609375 0.008333333333333333 0.0046875
0 0.878125 0.49140625 0.0020833333333333333 0.0015625
0 0.603125 0.4921875 0.0020833333333333333 0.003125
0 0.8770833333333333 0.48671875 0.004166666666666667 0.0015625
0 0.8697916666666666 0.48671875 0.0020833333333333333 0.0015625
0 0.6208333333333333 0.48125 0.004166666666666667 0.003125
0 0.9395833333333333 0.53359375 0.12083333333333333 0.1140625
0 0.6333333333333333 0.475 0.008333333333333333 0.00625
0 0.65 0.465625 0.0125 0.00625
0 0.6666666666666666 0.45703125 0.008333333333333333 0.0046875
0 0.6833333333333333 0.4515625 0.008333333333333333 0.003125
0 0.6958333333333333 0.446875 0.004166666666666667 0.003125
0 0.703125 0.44375 0.00625 0.003125
0 0.49895833333333334 0.4359375 0.0020833333333333333 0.003125
0 0.2125 0.4328125 0.020833333333333332 0.009375
0 0.490625 0.42265625 0.00625 0.0046875
0 0.21041666666666667 0.42265625 0.008333333333333333 0.0078125
0 0.48333333333333334 0.41328125 0.008333333333333333 0.0078125
0 0.18229166666666666 0.41171875 0.04375 0.0328125
0 0.190625 0.38046875 0.0020833333333333333 0.0015625
0 0.21145833333333333 0.38828125 0.035416666666666666 0.0203125
0 0.18645833333333334 0.38046875 0.010416666666666666 0.0109375
0 0.19166666666666668 0.36875 0.016666666666666666 0.015625
0 0.15104166666666666 0.38046875 0.06041666666666667 0.0671875
0 0.13645833333333332 0.34375 0.014583333333333334 0.009375
0 0.5114583333333333 0.33515625 0.0020833333333333333 0.0015625
0 0.48854166666666665 0.32734375 0.010416666666666666 0.0046875
0 0.22916666666666666 0.365625 0.10416666666666667 0.090625
0 0.521875 0.321875 0.00625 0.009375
0 0.5177083333333333 0.31328125 0.0020833333333333333 0.0015625
0 0.18125 0.30390625 0.004166666666666667 0.0015625
0 0.271875 0.309375 0.035416666666666666 0.015625
0 0.19270833333333334 0.29765625 0.010416666666666666 0.0046875
0 0.28854166666666664 0.28515625 0.0020833333333333333 0.0015625
0 0.2635416666666667 0.29375 0.03958333333333333 0.01875
0 0.31145833333333334 0.296875 0.03958333333333333 0.028125
0 0.284375 0.28359375 0.0020833333333333333 0.0015625
0 0.9364583333333333 0.28203125 0.0020833333333333333 0.0015625
0 0.8833333333333333 0.296875 0.07083333333333333 0.0375
0 0.9979166666666667 0.2859375 0.004166666666666667 0.01875
0 0.9447916666666667 0.27734375 0.0020833333333333333 0.0015625
0 0.946875 0.27421875 0.0020833333333333333 0.0015625
0 0.9260416666666667 0.26953125 0.0020833333333333333 0.0015625
0 0.9614583333333333 0.26796875 0.0020833333333333333 0.0015625
0 0.9447916666666667 0.2703125 0.010416666666666666 0.009375
0 0.06354166666666666 0.26875 0.0020833333333333333 0.00625
0 0.9239583333333333 0.26484375 0.0020833333333333333 0.0015625
0 0.8645833333333334 0.26015625 0.004166666666666667 0.0046875
0 0.8364583333333333 0.259375 0.0020833333333333333 0.00625
0 0.034375 0.26953125 0.022916666666666665 0.0359375
0 0.0625 0.25625 0.008333333333333333 0.015625
0 0.08958333333333333 0.2484375 0.004166666666666667 0.003125
0 0.025 0.24453125 0.008333333333333333 0.0015625
0 0.035416666666666666 0.2421875 0.004166666666666667 0.003125
0 0.53125 0.28203125 0.075 0.0921875
0 0.18333333333333332 0.26171875 0.1 0.0546875
0 0.396875 0.23359375 0.0020833333333333333 0.0015625
0 0.31145833333333334 0.2328125 0.0020833333333333333 0.003125
0 0.85625 0.22578125 0.004166666666666667 0.0015625
0 0.265625 0.23203125 0.010416666666666666 0.0140625
0 0.33958333333333335 0.24140625 0.1375 0.0515625
0 0.9364583333333333 0.26796875 0.12708333333333333 0.1109375
0 0.88125 0.21953125 0.05416666666666667 0.0421875
0 0.9364583333333333 0.19765625 0.0020833333333333333 0.0015625
0 0.7197916666666667 0.19765625 0.0020833333333333333 0.0015625
0 0.6041666666666666 0.16796875 0.004166666666666667 0.0015625
0 0.5614583333333333 0.16640625 0.0020833333333333333 0.0015625
0 0.6489583333333333 0.1484375 0.00625 0.003125
0 0.2864583333333333 0.1515625 0.04791666666666667 0.009375
0 0.5677083333333334 0.134375 0.0020833333333333333 0.003125
0 0.296875 0.134375 0.0020833333333333333 0.003125
0 0.571875 0.13046875 0.0020833333333333333 0.0015625
0 0.28854166666666664 0.13125 0.00625 0.003125
0 0.278125 0.12734375 0.0020833333333333333 0.0015625
0 0.15 0.1328125 0.008333333333333333 0.0125
0 0.271875 0.12578125 0.00625 0.0046875
0 0.15208333333333332 0.11640625 0.004166666666666667 0.0046875
0 0.13645833333333332 0.11484375 0.00625 0.0046875
0 0.3104166666666667 0.1125 0.004166666666666667 0.00625
0 0.303125 0.11171875 0.00625 0.0046875
0 0.26145833333333335 0.1109375 0.00625 0.003125
0 0.128125 0.10390625 0.0020833333333333333 0.0015625
0 0.12291666666666666 0.103125 0.004166666666666667 0.003125
0 0.0020833333333333333 0.10390625 0.004166666666666667 0.0078125
0 0.22604166666666667 0.0984375 0.0020833333333333333 0.003125
0 0.9052083333333333 0.09765625 0.010416666666666666 0.0046875
0 0.2635416666666667 0.08671875 0.0020833333333333333 0.0015625
0 0.23229166666666667 0.08671875 0.0020833333333333333 0.0015625
0 0.26979166666666665 0.08515625 0.0020833333333333333 0.0015625
0 0.275 0.08046875 0.016666666666666666 0.0046875
0 0.9427083333333334 0.07734375 0.0020833333333333333 0.0015625
0 0.978125 0.07578125 0.0020833333333333333 0.0015625
0 0.9375 0.07734375 0.004166666666666667 0.0046875
0 0.29270833333333335 0.078125 0.014583333333333334 0.00625
0 0.040625 0.07578125 0.0020833333333333333 0.0015625
0 0.33125 0.08984375 0.07083333333333333 0.0328125
0 0.3072916666666667 0.07421875 0.0020833333333333333 0.0015625
0 0.11354166666666667 0.06953125 0.0020833333333333333 0.0015625
0 0.259375 0.06796875 0.0020833333333333333 0.0015625
0 0.03229166666666667 0.06484375 0.0020833333333333333 0.0015625
0 0.265625 0.06328125 0.0020833333333333333 0.0015625
0 0.28020833333333334 0.06171875 0.0020833333333333333 0.0015625
0 0.271875 0.06171875 0.0020833333333333333 0.0015625
0 0.12604166666666666 0.0640625 0.010416666666666666 0.00625
0 0.3020833333333333 0.06171875 0.004166666666666667 0.0046875
0 0.296875 0.06015625 0.0020833333333333333 0.0015625
0 0.2833333333333333 0.059375 0.004166666666666667 0.003125
0 0.27291666666666664 0.05859375 0.004166666666666667 0.0015625
0 0.25729166666666664 0.05703125 0.0020833333333333333 0.0015625
0 0.14479166666666668 0.05546875 0.0020833333333333333 0.0015625
0 0.12395833333333334 0.05546875 0.0020833333333333333 0.0015625
0 0.3177083333333333 0.05703125 0.027083333333333334 0.0078125
0 0.13229166666666667 0.0546875 0.00625 0.003125
0 0.25625 0.053125 0.004166666666666667 0.003125
0 0.12604166666666666 0.05234375 0.0020833333333333333 0.0015625
0 0.121875 0.05234375 0.0020833333333333333 0.0015625
0 0.11770833333333333 0.05078125 0.0020833333333333333 0.0015625
0 0.2635416666666667 0.0546875 0.010416666666666666 0.0125
0 0.190625 0.04921875 0.0020833333333333333 0.0015625
0 0.09895833333333333 0.04921875 0.0020833333333333333 0.0015625
0 0.015625 0.0625 0.03125 0.028125
0 0.290625 0.053125 0.03958333333333333 0.0125
0 0.28020833333333334 0.04609375 0.0020833333333333333 0.0015625
0 0.196875 0.04609375 0.0020833333333333333 0.0015625
0 0.159375 0.046875 0.0020833333333333333 0.003125
0 0.12083333333333333 0.0453125 0.004166666666666667 0.003125
0 0.00625 0.0453125 0.004166666666666667 0.003125
0 0.671875 0.040625 0.010416666666666666 0.00625
0 0.665625 0.03203125 0.0020833333333333333 0.0015625
0 0.6604166666666667 0.03359375 0.004166666666666667 0.0046875
0 0.6125 0.03359375 0.004166666666666667 0.0046875
0 0.15625 0.040625 0.0625 0.021875
0 0.15520833333333334 0.028125 0.010416666666666666 0.003125
0 0.090625 0.02734375 0.0020833333333333333 0.0015625
0 0.6697916666666667 0.02734375 0.00625 0.0046875
0 0.359375 0.02265625 0.0020833333333333333 0.0015625
0 0.70625 0.01796875 0.008333333333333333 0.0046875
0 0.315625 0.0171875 0.014583333333333334 0.00625
0 0.33541666666666664 0.0140625 0.004166666666666667 0.003125
0 0.203125 0.021875 0.027083333333333334 0.01875
0 0.996875 0.00859375 0.0020833333333333333 0.0015625
0 0.28854166666666664 0.0328125 0.13541666666666666 0.05
0 0.24270833333333333 0.00703125 0.0020833333333333333 0.0015625
0 0.29270833333333335 0.00703125 0.01875 0.0046875
0 0.20520833333333333 0.00390625 0.0020833333333333333 0.0015625
0 0.996875 0.003125 0.00625 0.00625
0 0.7833333333333333 0.16171875 0.43333333333333335 0.3234375
0 0.35625 0.009375 0.07916666666666666 0.01875
0 0.271875 0.00546875 0.05625 0.0109375
0 0.19375 0.003125 0.016666666666666666 0.00625
1 0.8791666666666667 0.9140625 0.025 0.021875
1 0.0125 0.865625 0.025 0.015625
1 0.221875 0.72890625 0.0020833333333333333 0.0078125
1 0.99375 0.7234375 0.004166666666666667 0.003125
1 0.990625 0.71953125 0.0020833333333333333 0.0015625
1 0.0010416666666666667 0.71640625 0.0020833333333333333 0.0015625
1 0.9875 0.715625 0.004166666666666667 0.003125
1 0.9833333333333333 0.71015625 0.004166666666666667 0.0015625
1 0.98125 0.70546875 0.004166666666666667 0.0046875
1 0.9760416666666667 0.69921875 0.00625 0.0046875
1 0.98125 0.69765625 0.004166666666666667 0.0046875
1 0.971875 0.69453125 0.0020833333333333333 0.0015625
1 0.9697916666666667 0.69140625 0.0020833333333333333 0.0015625
1 0.003125 0.68671875 0.00625 0.0046875
1 0.009375 0.68359375 0.0020833333333333333 0.0015625
1 0.24270833333333333 0.68203125 0.0020833333333333333 0.0015625
1 0.015625 0.68203125 0.0020833333333333333 0.0015625
1 0.959375 0.6796875 0.00625 0.003125
1 0.296875 0.67890625 0.0020833333333333333 0.0015625
1 0.96875 0.6796875 0.008333333333333333 0.009375
1 0.234375 0.7046875 0.01875 0.059375
1 0.9416666666666667 0.67421875 0.004166666666666667 0.0015625
1 0.9364583333333333 0.67265625 0.0020833333333333333 0.0015625
1 0.246875 0.6734375 0.0020833333333333333 0.003125
1 0.30520833333333336 0.67109375 0.0020833333333333333 0.0015625
1 0.28854166666666664 0.690625 0.027083333333333334 0.04375
1 0.2916666666666667 0.6671875 0.004166666666666667 0.003125
1 0.9197916666666667 0.66640625 0.00625 0.0046875
1 0.178125 0.66484375 0.0020833333333333333 0.0015625
1 0.25416666666666665 0.6609375 0.004166666666666667 0.003125
1 0.171875 0.66171875 0.010416666666666666 0.0046875
1 0.25729166666666664 0.65703125 0.0020833333333333333 0.0015625
1 0.8947916666666667 0.65546875 0.0020833333333333333 0.0015625
1 0.25729166666666664 0.65390625 0.0020833333333333333 0.0015625
1 0.33229166666666665 0.6484375 0.00625 0.003125
1 0.8760416666666667 0.64140625 0.0020833333333333333 0.0015625
1 0.2625 0.64609375 0.008333333333333333 0.0109375
1 0.5260416666666666 0.64140625 0.0020833333333333333 0.0046875
1 0.5395833333333333 0.6703125 0.025 0.071875
1 0.9395833333333333 0.6328125 0.004166666666666667 0.003125
1 0.9291666666666667 0.6296875 0.020833333333333332 0.015625
1 0.019791666666666666 0.62109375 0.0020833333333333333 0.0015625
1 0.33125 0.64375 0.07083333333333333 0.05
1 0.2760416666666667 0.61953125 0.010416666666666666 0.0078125
1 0.24375 0.6140625 0.004166666666666667 0.003125
1 0.9885416666666667 0.62265625 0.022916666666666665 0.0265625
1 0.278125 0.61015625 0.0020833333333333333 0.0015625
1 0.20104166666666667 0.61015625 0.0020833333333333333 0.0015625
1 0.5322916666666667 0.615625 0.014583333333333334 0.01875
1 0.240625 0.60703125 0.0020833333333333333 0.0015625
1 0.128125 0.65390625 0.23125 0.0953125
1 0.328125 0.60546875 0.0020833333333333333 0.0015625
1 0.2989583333333333 0.60546875 0.0020833333333333333 0.0015625
1 0.246875 0.60625 0.00625 0.003125
1 0.5364583333333334 0.60390625 0.0020833333333333333 0.0015625
1 0.971875 0.6125 0.022916666666666665 0.021875
1 0.425 0.61953125 0.058333333333333334 0.0359375
1 0.22604166666666667 0.603125 0.00625 0.003125
1 0.45729166666666665 0.61875 0.035416666666666666 0.0375
1 0.3302083333333333 0.60078125 0.0020833333333333333 0.0015625
1 0.23958333333333334 0.6015625 0.0125 0.003125
1 0.31979166666666664 0.59921875 0.0020833333333333333 0.0015625
1 0.11979166666666667 0.59921875 0.00625 0.0015625
1 0.915625 0.59765625 0.0020833333333333333 0.0015625
1 0.33541666666666664 0.59296875 0.004166666666666667 0.0015625
1 0.328125 0.59375 0.0020833333333333333 0.003125
1 0.41875 0.5921875 0.008333333333333333 0.00625
1 0.35 0.58984375 0.004166666666666667 0.0015625
1 0.5291666666666667 0.59296875 0.008333333333333333 0.0109375
1 0.013541666666666667 0.58828125 0.0020833333333333333 0.0015625
1 0.41770833333333335 0.58515625 0.0020833333333333333 0.0015625
1 0.06041666666666667 0.61875 0.12083333333333333 0.06875
1 0.11145833333333334 0.58515625 0.0020833333333333333 0.0015625
1 0.011458333333333333 0.58515625 0.0020833333333333333 0.0015625
1 0.003125 0.590625 0.00625 0.0125
1 0.14583333333333334 0.59140625 0.05 0.0203125
1 0.13645833333333332 0.5828125 0.00625 0.003125
1 0.4947916666666667 0.590625 0.035416666666666666 0.021875
1 0.46041666666666664 0.58984375 0.0125 0.0203125
1 0.17395833333333333 0.58046875 0.0020833333333333333 0.0015625
1 0.00625 0.58125 0.004166666666666667 0.003125
1 0.5166666666666667 0.57890625 0.004166666666666667 0.0015625
1 0.13854166666666667 0.57890625 0.0020833333333333333 0.0015625
1 0.9510416666666667 0.57734375 0.0020833333333333333 0.0015625
1 0.19583333333333333 0.57734375 0.004166666666666667 0.0015625
1 0.5020833333333333 0.5765625 0.004166666666666667 0.003125
1 0.20208333333333334 0.57578125 0.004166666666666667 0.0015625
1 0.8552083333333333 0.57421875 0.0020833333333333333 0.0015625
1 0.13125 0.578125 0.029166666666666667 0.009375
1 0.46979166666666666 0.57265625 0.0020833333333333333 0.0015625
1 0.359375 0.57421875 0.00625 0.0046875
1 0.31145833333333334 0.57265625 0.0020833333333333333 0.0015625
1 0.3416666666666667 0.57578125 0.025 0.0109375
1 0.8614583333333333 0.5703125 0.00625 0.003125
1 0.44895833333333335 0.56640625 0.0020833333333333333 0.0015625
1 0.86875 0.565625 0.004166666666666667 0.003125
1 0.49270833333333336 0.56484375 0.0020833333333333333 0.0015625
1 0.8770833333333333 0.56015625 0.004166666666666667 0.0015625
1 0.15833333333333333 0.565625 0.020833333333333332 0.0125
1 0.171875 0.55859375 0.0020833333333333333 0.0015625
1 0.471875 0.55703125 0.0020833333333333333 0.0015625
1 0.47604166666666664 0.5578125 0.0020833333333333333 0.00625
1 0.875 0.5546875 0.004166666666666667 0.003125
1 0.5010416666666667 0.55390625 0.0020833333333333333 0.0015625
1 0.603125 0.553125 0.00625 0.00625
1 0.8416666666666667 0.54765625 0.004166666666666667 0.0015625
1 0.2760416666666667 0.54453125 0.0020833333333333333 0.0015625
1 0.8260416666666667 0.54296875 0.0020833333333333333 0.0015625
1 0.8197916666666667 0.53984375 0.0020833333333333333 0.0015625
1 0.815625 0.53828125 0.0020833333333333333 0.0015625
1 0.628125 0.53671875 0.0020833333333333333 0.0015625
1 0.603125 0.5375 0.00625 0.003125
1 0.80625 0.5359375 0.008333333333333333 0.003125
1 0.6385416666666667 0.5359375 0.00625 0.003125
1 0.06770833333333333 0.53515625 0.0020833333333333333 0.0015625
1 0.828125 0.534375 0.010416666666666666 0.00625
1 0.7833333333333333 0.53203125 0.004166666666666667 0.0015625
1 0.07291666666666667 0.5328125 0.004166666666666667 0.003125
1 0.6927083333333334 0.53046875 0.0020833333333333333 0.0015625
1 0.615625 0.53203125 0.014583333333333334 0.0046875
1 0.014583333333333334 0.53046875 0.004166666666666667 0.0015625
1 0.815625 0.53046875 0.010416666666666666 0.0046875
1 0.6270833333333333 0.52890625 0.004166666666666667 0.0015625
1 0.007291666666666667 0.53125 0.00625 0.00625
1 0.8072916666666666 0.52734375 0.0020833333333333333 0.0015625
1 0.753125 0.52734375 0.00625 0.0015625
1 0.7458333333333333 0.52734375 0.004166666666666667 0.0015625
1 0.7385416666666667 0.52734375 0.0020833333333333333 0.0015625
1 0.7322916666666667 0.52734375 0.0020833333333333333 0.0015625
1 0.728125 0.52734375 0.0020833333333333333 0.0015625
1 0.7208333333333333 0.52734375 0.004166666666666667 0.0015625
1 0.859375 0.52578125 0.0020833333333333333 0.0015625
1 0.8010416666666667 0.52578125 0.0020833333333333333 0.0015625
1 0.07604166666666666 0.52734375 0.0020833333333333333 0.0046875
1 0.640625 0.52578125 0.014583333333333334 0.0046875
1 0.6677083333333333 0.52109375 0.010416666666666666 0.0015625
1 0.7385416666666667 0.51953125 0.00625 0.0015625
1 0.6916666666666667 0.5203125 0.004166666666666667 0.003125
1 0.078125 0.51953125 0.0020833333333333333 0.0015625
1 0.7625 0.51875 0.016666666666666666 0.003125
1 0.7083333333333334 0.51796875 0.0125 0.0015625
1 0.7270833333333333 0.5171875 0.0125 0.003125
1 0.6239583333333333 0.5203125 0.01875 0.009375
1 0.5989583333333334 0.51796875 0.00625 0.0046875
1 0.6125 0.51484375 0.004166666666666667 0.0015625
1 0.13958333333333334 0.515625 0.016666666666666666 0.003125
1 0.12395833333333334 0.51484375 0.0020833333333333333 0.0015625
1 0.6510416666666666 0.51171875 0.0020833333333333333 0.0015625
1 0.615625 0.51171875 0.0020833333333333333 0.0015625
1 0.6614583333333334 0.51015625 0.00625 0.0015625
1 0.6552083333333333 0.51015625 0.0020833333333333333 0.0015625
1 0.6239583333333333 0.5109375 0.00625 0.003125
1 0.634375 0.50703125 0.0020833333333333333 0.0015625
1 0.153125 0.50703125 0.0020833333333333333 0.0015625
1 0.051041666666666666 0.51953125 0.022916666666666665 0.0265625
1 0.6385416666666667 0.50546875 0.0020833333333333333 0.0015625
1 0.0375 0.50390625 0.004166666666666667 0.0015625
1 0.015625 0.50078125 0.0020833333333333333 0.0015625
1 0.9822916666666667 0.49765625 0.0020833333333333333 0.0015625
1 0.022916666666666665 0.5171875 0.04583333333333333 0.040625
1 0.035416666666666666 0.4984375 0.008333333333333333 0.00625
1 0.9802083333333333 0.49296875 0.0020833333333333333 0.0015625
1 0.859375 0.49453125 0.0020833333333333333 0.0046875
1 0.12916666666666668 0.5015625 0.04583333333333333 0.01875
1 0.009375 0.49296875 0.0020833333333333333 0.0015625
1 0.9760416666666667 0.48984375 0.0020833333333333333 0.0015625
1 0.8635416666666667 0.48671875 0.0020833333333333333 0.0015625
1 0.621875 0.48671875 0.0020833333333333333 0.0015625
1 0.6177083333333333 0.48671875 0.0020833333333333333 0.0015625
1 0.609375 0.484375 0.010416666666666666 0.00625
1 0.6322916666666667 0.48046875 0.0020833333333333333 0.0015625
1 0.8666666666666667 0.48046875 0.004166666666666667 0.0046875
1 0.9239583333333333 0.47578125 0.0020833333333333333 0.0015625
1 0.9177083333333333 0.47578125 0.0020833333333333333 0.0015625
1 0.9135416666666667 0.47578125 0.0020833333333333333 0.0015625
1 0.621875 0.47578125 0.0020833333333333333 0.0015625
1 0.5177083333333333 0.47578125 0.0020833333333333333 0.0015625
1 0.628125 0.47265625 0.0020833333333333333 0.0015625
1 0.5302083333333333 0.4765625 0.00625 0.009375
1 0.515625 0.47265625 0.0020833333333333333 0.0015625
1 0.5135416666666667 0.46953125 0.0020833333333333333 0.0015625
1 0.6177083333333333 0.46640625 0.0020833333333333333 0.0015625
1 0.5260416666666666 0.46796875 0.0020833333333333333 0.0046875
1 0.6604166666666667 0.465625 0.004166666666666667 0.003125
1 0.5114583333333333 0.46484375 0.0020833333333333333 0.0015625
1 0.17083333333333334 0.4671875 0.004166666666666667 0.00625
1 0.665625 0.46328125 0.0020833333333333333 0.0015625
1 0.6229166666666667 0.4625 0.004166666666666667 0.003125
1 0.6729166666666667 0.46015625 0.004166666666666667 0.0015625
1 0.6552083333333333 0.4578125 0.00625 0.003125
1 0.5135416666666667 0.45234375 0.0020833333333333333 0.0015625
1 0.5072916666666667 0.45703125 0.00625 0.0109375
1 0.634375 0.44921875 0.0020833333333333333 0.0015625
1 0.503125 0.4484375 0.0020833333333333333 0.003125
1 0.7135416666666666 0.44609375 0.0020833333333333333 0.0015625
1 0.515625 0.44765625 0.00625 0.0078125
1 0.5 0.44453125 0.004166666666666667 0.0015625
1 0.728125 0.44140625 0.0020833333333333333 0.0015625
1 0.803125 0.43984375 0.0020833333333333333 0.0015625
1 0.24375 0.44296875 0.004166666666666667 0.0078125
1 0.13854166666666667 0.43828125 0.0020833333333333333 0.0015625
1 0.128125 0.43828125 0.0020833333333333333 0.0015625
1 0.80625 0.43671875 0.004166666666666667 0.0015625
1 0.7489583333333333 0.43828125 0.035416666666666666 0.0046875
1 0.7802083333333333 0.43671875 0.01875 0.0046875
1 0.7239583333333334 0.43359375 0.010416666666666666 0.0015625
1 0.240625 0.434375 0.0020833333333333333 0.003125
1 0.7322916666666667 0.43203125 0.0020833333333333333 0.0015625
1 0.178125 0.43203125 0.0020833333333333333 0.0015625
1 0.79375 0.4328125 0.016666666666666666 0.00625
1 0.50625 0.434375 0.008333333333333333 0.009375
1 0.75625 0.42890625 0.008333333333333333 0.0015625
1 0.746875 0.42890625 0.0020833333333333333 0.0015625
1 0.740625 0.4296875 0.00625 0.003125
1 0.49166666666666664 0.43359375 0.008333333333333333 0.0109375
1 0.7791666666666667 0.428125 0.008333333333333333 0.003125
1 0.76875 0.42734375 0.004166666666666667 0.0015625
1 0.5885416666666666 0.4265625 0.0020833333333333333 0.003125
1 0.5 0.42578125 0.004166666666666667 0.0046875
1 0.484375 0.425 0.0020833333333333333 0.003125
1 0.478125 0.4171875 0.0020833333333333333 0.003125
1 0.278125 0.41640625 0.0020833333333333333 0.0015625
1 0.2677083333333333 0.415625 0.014583333333333334 0.003125
1 0.28541666666666665 0.409375 0.004166666666666667 0.003125
1 0.24270833333333333 0.41015625 0.03125 0.0078125
1 0.2864583333333333 0.40546875 0.0020833333333333333 0.0015625
1 0.2864583333333333 0.40234375 0.0020833333333333333 0.0015625
1 0.465625 0.4015625 0.00625 0.00625
1 0.353125 0.40234375 0.00625 0.0140625
1 0.146875 0.39765625 0.00625 0.0046875
1 0.08020833333333334 0.396875 0.010416666666666666 0.003125
1 0.21666666666666667 0.4125 0.0375 0.0375
1 0.2833333333333333 0.39609375 0.004166666666666667 0.0078125
1 0.19583333333333333 0.39296875 0.004166666666666667 0.0015625
1 0.190625 0.39296875 0.0020833333333333333 0.0015625
1 0.421875 0.3921875 0.010416666666666666 0.00625
1 0.11145833333333334 0.39140625 0.010416666666666666 0.0046875
1 0.41875 0.38828125 0.004166666666666667 0.0015625
1 0.278125 0.3890625 0.0020833333333333333 0.003125
1 0.42916666666666664 0.38671875 0.004166666666666667 0.0015625
1 0.06875 0.38984375 0.004166666666666667 0.0078125
1 0.47291666666666665 0.38671875 0.004166666666666667 0.0046875
1 0.271875 0.38515625 0.00625 0.0015625
1 0.675 0.3875 0.016666666666666666 0.0125
1 0.17291666666666666 0.3859375 0.029166666666666667 0.015625
1 0.28541666666666665 0.37734375 0.004166666666666667 0.0015625
1 0.265625 0.3765625 0.0020833333333333333 0.003125
1 0.11041666666666666 0.378125 0.020833333333333332 0.009375
1 0.2625 0.3734375 0.004166666666666667 0.003125
1 0.259375 0.37109375 0.0020833333333333333 0.0015625
1 0.11875 0.3703125 0.004166666666666667 0.003125
1 0.6635416666666667 0.35078125 0.0020833333333333333 0.0015625
1 0.7364583333333333 0.34921875 0.0020833333333333333 0.0015625
1 0.671875 0.3484375 0.00625 0.003125
1 0.25 0.35546875 0.016666666666666666 0.0203125
1 0.12083333333333333 0.35625 0.008333333333333333 0.021875
1 0.828125 0.34453125 0.00625 0.0046875
1 0.746875 0.34140625 0.0020833333333333333 0.0015625
1 0.24479166666666666 0.33984375 0.0020833333333333333 0.0015625
1 0.6760416666666667 0.33828125 0.0020833333333333333 0.0015625
1 0.46979166666666666 0.34140625 0.00625 0.0078125
1 0.8322916666666667 0.33828125 0.0020833333333333333 0.0046875
1 0.80625 0.33515625 0.004166666666666667 0.0015625
1 0.828125 0.33359375 0.0020833333333333333 0.0015625
1 0.8229166666666666 0.334375 0.008333333333333333 0.00625
1 0.7989583333333333 0.33203125 0.0020833333333333333 0.0015625
1 0.5010416666666667 0.36640625 0.052083333333333336 0.0703125
1 0.784375 0.33046875 0.0020833333333333333 0.0015625
1 0.4739583333333333 0.33203125 0.00625 0.0046875
1 0.921875 0.32890625 0.0020833333333333333 0.0015625
1 0.7489583333333333 0.32890625 0.0020833333333333333 0.0015625
1 0.5260416666666666 0.32890625 0.0020833333333333333 0.0015625
1 0.24375 0.3328125 0.004166666666666667 0.009375
1 0.828125 0.32734375 0.0020833333333333333 0.0015625
1 0.815625 0.32890625 0.014583333333333334 0.0046875
1 0.7989583333333333 0.32734375 0.0020833333333333333 0.0015625
1 0.7635416666666667 0.32578125 0.0020833333333333333 0.0015625
1 0.478125 0.3265625 0.0020833333333333333 0.003125
1 0.9572916666666667 0.325 0.00625 0.003125
1 0.9270833333333334 0.325 0.004166666666666667 0.003125
1 0.7916666666666666 0.32421875 0.004166666666666667 0.0015625
1 0.9802083333333333 0.32265625 0.0020833333333333333 0.0015625
1 0.9447916666666667 0.321875 0.00625 0.003125
1 0.9364583333333333 0.32109375 0.0020833333333333333 0.0015625
1 0.8010416666666667 0.32109375 0.0020833333333333333 0.0015625
1 0.740625 0.32109375 0.0020833333333333333 0.0015625
1 0.9010416666666666 0.32109375 0.014583333333333334 0.0046875
1 0.853125 0.3203125 0.0020833333333333333 0.003125
1 0.7802083333333333 0.3203125 0.00625 0.003125
1 0.7447916666666666 0.31953125 0.0020833333333333333 0.0015625
1 0.9114583333333334 0.3203125 0.010416666666666666 0.009375
1 0.7729166666666667 0.3171875 0.004166666666666667 0.003125
1 0.2635416666666667 0.31796875 0.014583333333333334 0.0046875
1 0.2520833333333333 0.31640625 0.004166666666666667 0.0015625
1 0.8864583333333333 0.31640625 0.00625 0.0046875
1 0.840625 0.31328125 0.0020833333333333333 0.0015625
1 0.4864583333333333 0.315625 0.00625 0.00625
1 0.24166666666666667 0.31953125 0.008333333333333333 0.0140625
1 0.9239583333333333 0.31015625 0.0020833333333333333 0.0015625
1 0.9208333333333333 0.31640625 0.008333333333333333 0.0140625
1 0.8677083333333333 0.31328125 0.00625 0.0078125
1 0.7708333333333334 0.3109375 0.004166666666666667 0.00625
1 0.4895833333333333 0.309375 0.004166666666666667 0.003125
1 0.7552083333333334 0.30703125 0.0020833333333333333 0.0015625
1 0.740625 0.30703125 0.0020833333333333333 0.0015625
1 0.878125 0.309375 0.00625 0.009375
1 0.9989583333333333 0.30390625 0.0020833333333333333 0.0015625
1 0.9197916666666667 0.30546875 0.0020833333333333333 0.0046875
1 0.83125 0.3046875 0.008333333333333333 0.003125
1 0.9322916666666666 0.3046875 0.0020833333333333333 0.00625
1 0.925 0.303125 0.004166666666666667 0.003125
1 0.8208333333333333 0.30234375 0.008333333333333333 0.0046875
1 0.4947916666666667 0.30234375 0.00625 0.0046875
1 0.41875 0.46796875 0.4875 0.3359375
1 0.9385416666666667 0.29921875 0.0020833333333333333 0.0015625
1 0.23645833333333333 0.3015625 0.00625 0.00625
1 0.33229166666666665 0.29765625 0.0020833333333333333 0.0015625
1 0.9322916666666666 0.29609375 0.0020833333333333333 0.0015625
1 0.8197916666666667 0.29609375 0.0020833333333333333 0.0015625
1 0.5385416666666667 0.309375 0.022916666666666665 0.03125
1 0.9239583333333333 0.29375 0.0020833333333333333 0.003125
1 0.8552083333333333 0.30546875 0.03125 0.0265625
1 0.5 0.29375 0.004166666666666667 0.003125
1 0.28958333333333336 0.29375 0.008333333333333333 0.00625
1 0.9302083333333333 0.28984375 0.0020833333333333333 0.0015625
1 0.503125 0.28984375 0.0020833333333333333 0.0015625
1 0.8395833333333333 0.2890625 0.004166666666666667 0.003125
1 0.05 0.2890625 0.004166666666666667 0.003125
1 0.8302083333333333 0.29375 0.014583333333333334 0.015625
1 0.5052083333333334 0.28671875 0.0020833333333333333 0.0015625
1 0.9427083333333334 0.2890625 0.01875 0.009375
1 0.9302083333333333 0.28359375 0.0020833333333333333 0.0015625
1 0.8364583333333333 0.284375 0.00625 0.003125
1 0.5541666666666667 0.28515625 0.0125 0.0140625
1 0.8916666666666667 0.27890625 0.004166666666666667 0.0046875
1 0.065625 0.27734375 0.0020833333333333333 0.0015625
1 0.06145833333333333 0.27734375 0.0020833333333333333 0.0015625
1 0.9947916666666666 0.27421875 0.0020833333333333333 0.0015625
1 0.8541666666666666 0.27421875 0.004166666666666667 0.0015625
1 0.9125 0.28046875 0.029166666666666667 0.0171875
1 0.36770833333333336 0.26953125 0.0020833333333333333 0.0015625
1 0.36354166666666665 0.26953125 0.0020833333333333333 0.0015625
1 0.125 0.39140625 0.25 0.2515625
1 0.8135416666666667 0.275 0.027083333333333334 0.021875
1 0.5197916666666667 0.26484375 0.0020833333333333333 0.0015625
1 0.38958333333333334 0.265625 0.004166666666666667 0.003125
1 0.5010416666666667 0.26171875 0.0020833333333333333 0.0015625
1 0.565625 0.2640625 0.00625 0.009375
1 0.9958333333333333 0.2640625 0.008333333333333333 0.015625
1 0.5708333333333333 0.25703125 0.004166666666666667 0.0015625
1 0.5302083333333333 0.25390625 0.0020833333333333333 0.0015625
1 0.9989583333333333 0.25078125 0.0020833333333333333 0.0015625
1 0.5364583333333334 0.24921875 0.0020833333333333333 0.0015625
1 0.2677083333333333 0.26640625 0.09791666666666667 0.0359375
1 0.578125 0.24609375 0.0020833333333333333 0.0015625
1 0.25729166666666664 0.24609375 0.0020833333333333333 0.0015625
1 0.2375 0.24296875 0.004166666666666667 0.0046875
1 0.2552083333333333 0.23671875 0.0020833333333333333 0.0015625
1 0.9979166666666667 0.2390625 0.004166666666666667 0.009375
1 0.5447916666666667 0.23671875 0.00625 0.0046875
1 0.2552083333333333 0.23203125 0.0020833333333333333 0.0015625
1 0.22395833333333334 0.23359375 0.00625 0.0046875
1 0.9947916666666666 0.23125 0.0020833333333333333 0.003125
1 0.5510416666666667 0.23046875 0.0020833333333333333 0.0015625
1 0.39479166666666665 0.23046875 0.0020833333333333333 0.0015625
1 0.5875 0.2328125 0.008333333333333333 0.009375
1 0.25416666666666665 0.228125 0.004166666666666667 0.003125
1 0.778125 0.22578125 0.0020833333333333333 0.0015625
1 0.5510416666666667 0.22578125 0.0020833333333333333 0.0015625
1 0.596875 0.22265625 0.0020833333333333333 0.0015625
1 0.31145833333333334 0.22265625 0.0020833333333333333 0.0015625
1 0.7760416666666666 0.22109375 0.0020833333333333333 0.0015625
1 0.7197916666666667 0.22109375 0.0020833333333333333 0.0015625
1 0.9895833333333334 0.221875 0.020833333333333332 0.0125
1 0.6177083333333333 0.21015625 0.00625 0.0046875
1 0.6135416666666667 0.20703125 0.0020833333333333333 0.0015625
1 0.6239583333333333 0.20390625 0.0020833333333333333 0.0015625
1 0.25416666666666665 0.2046875 0.004166666666666667 0.003125
1 0.246875 0.2046875 0.0020833333333333333 0.003125
1 0.240625 0.2046875 0.00625 0.003125
1 0.22604166666666667 0.20390625 0.0020833333333333333 0.0015625
1 0.26145833333333335 0.203125 0.00625 0.003125
1 0.628125 0.20078125 0.0020833333333333333 0.0015625
1 0.253125 0.2 0.0020833333333333333 0.003125
1 0.23229166666666667 0.19921875 0.0020833333333333333 0.0015625
1 0.6572916666666667 0.19765625 0.0020833333333333333 0.0015625
1 0.6395833333333333 0.1984375 0.0125 0.003125
1 0.26145833333333335 0.19765625 0.0020833333333333333 0.0015625
1 0.65 0.19609375 0.004166666666666667 0.0015625
1 0.25104166666666666 0.19609375 0.0020833333333333333 0.0015625
1 0.6010416666666667 0.19453125 0.0020833333333333333 0.0015625
1 0.24375 0.19453125 0.004166666666666667 0.0015625
1 0.19791666666666666 0.1953125 0.004166666666666667 0.003125
1 0.6635416666666667 0.19375 0.014583333333333334 0.003125
1 0.5947916666666667 0.19296875 0.0020833333333333333 0.0015625
1 0.23229166666666667 0.19296875 0.0020833333333333333 0.0015625
1 0.9333333333333333 0.20859375 0.06666666666666667 0.0359375
1 0.903125 0.19140625 0.0020833333333333333 0.0015625
1 0.675 0.19140625 0.004166666666666667 0.0015625
1 0.6354166666666666 0.19140625 0.004166666666666667 0.0015625
1 0.6552083333333333 0.18828125 0.0020833333333333333 0.0015625
1 0.6666666666666666 0.18671875 0.008333333333333333 0.0046875
1 0.18958333333333333 0.18515625 0.004166666666666667 0.0015625
1 0.19791666666666666 0.17578125 0.004166666666666667 0.0015625
1 0.21666666666666667 0.1890625 0.04583333333333333 0.040625
1 0.2552083333333333 0.16796875 0.0020833333333333333 0.0015625
1 0.26145833333333335 0.16484375 0.00625 0.0046875
1 0.7604166666666666 0.146875 0.008333333333333333 0.00625
1 0.28854166666666664 0.14140625 0.010416666666666666 0.0078125
1 0.740625 0.1421875 0.027083333333333334 0.0125
1 0.30104166666666665 0.13203125 0.0020833333333333333 0.0015625
1 0.31875 0.12578125 0.004166666666666667 0.0015625
1 0.3302083333333333 0.12265625 0.0020833333333333333 0.0015625
1 0.30833333333333335 0.1265625 0.008333333333333333 0.009375
1 0.8989583333333333 0.11484375 0.0020833333333333333 0.0015625
1 0.8927083333333333 0.1109375 0.0020833333333333333 0.003125
1 0.321875 0.11015625 0.0020833333333333333 0.0015625
1 0.32395833333333335 0.10703125 0.0020833333333333333 0.0015625
1 0.9875 0.08515625 0.004166666666666667 0.0015625
1 0.8979166666666667 0.0890625 0.008333333333333333 0.0125
1 0.3416666666666667 0.078125 0.008333333333333333 0.00625
1 0.35520833333333335 0.05859375 0.0020833333333333333 0.0015625
1 0.3614583333333333 0.0515625 0.010416666666666666 0.003125
1 0.11770833333333333 0.03203125 0.0020833333333333333 0.0015625
1 0.134375 0.14453125 0.26875 0.2265625
1 0.36666666666666664 0.03046875 0.004166666666666667 0.0015625
1 0.32916666666666666 0.03046875 0.004166666666666667 0.0046875
1 0.11770833333333333 0.02890625 0.0020833333333333333 0.0015625
1 0.36875 0.02734375 0.008333333333333333 0.0015625
1 0.23020833333333332 0.02734375 0.0020833333333333333 0.0015625
1 0.3385416666666667 0.02578125 0.04791666666666667 0.0234375
1 0.3927083333333333 0.01328125 0.0020833333333333333 0.0015625
1 0.3802083333333333 0.0140625 0.00625 0.003125
1 0.29375 0.01796875 0.020833333333333332 0.0140625
1 0.178125 0.0078125 0.00625 0.003125
1 0.31354166666666666 0.00703125 0.014583333333333334 0.0140625
1 0.12708333333333333 0.0078125 0.058333333333333334 0.015625
1 0.078125 0.00546875 0.01875 0.0109375
1 0.014583333333333334 0.0140625 0.029166666666666667 0.028125
