0 0.6885416666666667 0.45625 0.022916666666666665 0.00625
0 0.5947916666666667 0.45 0.0020833333333333333 0.003125
0 0.590625 0.45 0.0020833333333333333 0.003125
0 0.690625 0.4484375 0.01875 0.003125
0 0.06770833333333333 0.44765625 0.0020833333333333333 0.0015625
0 0.017708333333333333 0.41015625 0.00625 0.0046875
0 0.31145833333333334 0.40234375 0.0020833333333333333 0.0015625
0 0.8854166666666666 0.3828125 0.004166666666666667 0.003125
0 0.6760416666666667 0.37890625 0.0020833333333333333 0.0015625
0 0.478125 0.3765625 0.0020833333333333333 0.003125
0 0.8635416666666667 0.3734375 0.0020833333333333333 0.003125
0 0.5875 0.37578125 0.008333333333333333 0.0078125
0 0.8739583333333333 0.3703125 0.00625 0.00625
0 0.609375 0.36328125 0.0020833333333333333 0.0015625
0 0.0010416666666666667 0.36171875 0.0020833333333333333 0.0015625
0 0.6260416666666667 0.3609375 0.0020833333333333333 0.003125
0 0.615625 0.35390625 0.0020833333333333333 0.0015625
0 0.490625 0.35390625 0.0020833333333333333 0.0015625
0 0.8645833333333334 0.353125 0.004166666666666667 0.003125
0 0.609375 0.35078125 0.0020833333333333333 0.0015625
0 0.5927083333333333 0.353125 0.00625 0.00625
0 0.58125 0.35234375 0.004166666666666667 0.0046875
0 0.5666666666666667 0.3484375 0.004166666666666667 0.003125
0 0.8791666666666667 0.353125 0.016666666666666666 0.01875
0 0.86875 0.346875 0.004166666666666667 0.009375
0 0.53125 0.33984375 0.004166666666666667 0.0046875
0 0.6135416666666667 0.33515625 0.0020833333333333333 0.0015625
0 0.59375 0.3359375 0.004166666666666667 0.00625
0 0.5864583333333333 0.33203125 0.0020833333333333333 0.0015625
0 0.5822916666666667 0.32734375 0.0020833333333333333 0.0015625
0 0.6125 0.32265625 0.004166666666666667 0.0015625
0 0.94375 0.3203125 0.004166666666666667 0.003125
0 0.9197916666666667 0.3140625 0.00625 0.003125
0 0.2635416666666667 0.30703125 0.0020833333333333333 0.0015625
0 0.25833333333333336 0.3046875 0.004166666666666667 0.003125
0 0.68125 0.30390625 0.0125 0.0046875
0 0.275 0.30078125 0.008333333333333333 0.0046875
0 0.5833333333333334 0.3015625 0.004166666666666667 0.009375
0 0.2677083333333333 0.29765625 0.0020833333333333333 0.0015625
0 0.596875 0.296875 0.0020833333333333333 0.003125
0 0.11770833333333333 0.32734375 0.09791666666666667 0.0640625
0 0.28229166666666666 0.29453125 0.0020833333333333333 0.0015625
0 0.734375 0.29296875 0.0020833333333333333 0.0015625
0 0.30104166666666665 0.29296875 0.0020833333333333333 0.0015625
0 0.2864583333333333 0.29375 0.0020833333333333333 0.003125
0 0.290625 0.2921875 0.0020833333333333333 0.003125
0 0.7802083333333333 0.28984375 0.0020833333333333333 0.0015625
0 0.771875 0.28984375 0.010416666666666666 0.0046875
0 0.3 0.2890625 0.004166666666666667 0.003125
0 0.2760416666666667 0.28984375 0.010416666666666666 0.0046875
0 0.78125 0.28671875 0.004166666666666667 0.0015625
0 0.7604166666666666 0.2890625 0.008333333333333333 0.00625
0 0.28541666666666665 0.28671875 0.008333333333333333 0.0046875
0 0.2552083333333333 0.290625 0.027083333333333334 0.01875
0 0.8739583333333333 0.28203125 0.00625 0.0078125
0 0.26875 0.2796875 0.004166666666666667 0.003125
0 0.035416666666666666 0.27734375 0.004166666666666667 0.0046875
0 0.8979166666666667 0.265625 0.004166666666666667 0.003125
0 0.690625 0.26484375 0.0020833333333333333 0.0015625
0 0.684375 0.28125 0.14375 0.0375
0 0.18333333333333332 0.25546875 0.004166666666666667 0.0046875
0 0.6802083333333333 0.25234375 0.0020833333333333333 0.0015625
0 0.8854166666666666 0.25078125 0.004166666666666667 0.0015625
0 0.7166666666666667 0.25078125 0.004166666666666667 0.0015625
0 0.9072916666666667 0.2546875 0.035416666666666666 0.0125
0 0.2 0.25 0.004166666666666667 0.003125
0 0.19479166666666667 0.24921875 0.0020833333333333333 0.0015625
0 0.9864583333333333 0.24609375 0.00625 0.0046875
0 0.18958333333333333 0.246875 0.004166666666666667 0.00625
0 0.9885416666666667 0.24140625 0.0020833333333333333 0.0015625
0 0.7666666666666667 0.24765625 0.0625 0.0171875
0 0.390625 0.23984375 0.04375 0.0078125
0 0.21041666666666667 0.24375 0.020833333333333332 0.01875
0 0.32916666666666666 0.23828125 0.016666666666666666 0.0109375
0 0.6322916666666667 0.23125 0.0020833333333333333 0.003125
0 0.6364583333333333 0.22734375 0.0020833333333333333 0.0015625
0 0.246875 0.2265625 0.0020833333333333333 0.003125
0 0.3302083333333333 0.22421875 0.0020833333333333333 0.0015625
0 0.7114583333333333 0.2296875 0.022916666666666665 0.015625
0 0.32395833333333335 0.22265625 0.0020833333333333333 0.0015625
0 0.2947916666666667 0.22265625 0.0020833333333333333 0.0015625
0 0.3177083333333333 0.22578125 0.035416666666666666 0.0109375
0 0.00625 0.2140625 0.0125 0.00625
0 0.9697916666666667 0.209375 0.014583333333333334 0.00625
0 0.05520833333333333 0.21328125 0.027083333333333334 0.0140625
0 0.8666666666666667 0.20703125 0.004166666666666667 0.0046875
0 0.234375 0.2 0.00625 0.00625
0 0.6697916666666667 0.19609375 0.0020833333333333333 0.0015625
0 0.7885416666666667 0.2 0.00625 0.01875
0 0.7302083333333333 0.1890625 0.00625 0.009375
0 0.6020833333333333 0.1921875 0.025 0.028125
0 0.6510416666666666 0.2125 0.07291666666666667 0.075
0 0.09479166666666666 0.171875 0.00625 0.003125
0 0.68125 0.17109375 0.004166666666666667 0.0046875
0 0.6395833333333333 0.16953125 0.008333333333333333 0.0109375
0 0.6708333333333333 0.16484375 0.004166666666666667 0.0046875
0 0.6770833333333334 0.16328125 0.004166666666666667 0.0046875
0 0.5895833333333333 0.16484375 0.008333333333333333 0.0078125
0 0.6489583333333333 0.1625 0.010416666666666666 0.00625
0 0.646875 0.14921875 0.0020833333333333333 0.0015625
0 0.3614583333333333 0.14765625 0.0020833333333333333 0.0015625
0 0.8614583333333333 0.14609375 0.00625 0.0078125
0 0.8697916666666666 0.13984375 0.0020833333333333333 0.0015625
0 0.09479166666666666 0.14140625 0.010416666666666666 0.0078125
0 0.3614583333333333 0.1375 0.0020833333333333333 0.003125
0 0.86875 0.1359375 0.004166666666666667 0.003125
0 0.8552083333333333 0.13828125 0.0020833333333333333 0.0078125
0 0.12291666666666666 0.14765625 0.016666666666666666 0.0265625
0 0.35208333333333336 0.13671875 0.008333333333333333 0.0078125
0 0.3927083333333333 0.13203125 0.0020833333333333333 0.0015625
0 0.3802083333333333 0.134375 0.014583333333333334 0.00625
0 0.8572916666666667 0.13046875 0.0020833333333333333 0.0015625
0 0.10104166666666667 0.1328125 0.00625 0.0125
0 0.10729166666666666 0.12578125 0.0020833333333333333 0.0015625
0 0.029166666666666667 0.1265625 0.008333333333333333 0.003125
0 0.796875 0.12265625 0.010416666666666666 0.0046875
0 0.603125 0.14609375 0.06041666666666667 0.0578125
0 0.11770833333333333 0.11484375 0.0020833333333333333 0.0015625
0 0.11979166666666667 0.11171875 0.0020833333333333333 0.0015625
0 0.7395833333333334 0.12109375 0.020833333333333332 0.0234375
0 0.11354166666666667 0.11171875 0.0020833333333333333 0.0046875
0 0.7364583333333333 0.10859375 0.0020833333333333333 0.0015625
0 0.11354166666666667 0.10703125 0.0020833333333333333 0.0015625
0 0.740625 0.10546875 0.0020833333333333333 0.0015625
0 0.746875 0.103125 0.00625 0.003125
0 0.58125 0.10390625 0.029166666666666667 0.0078125
0 0.10416666666666667 0.1015625 0.004166666666666667 0.003125
0 0.7385416666666667 0.09765625 0.0020833333333333333 0.0015625
0 0.41458333333333336 0.10078125 0.0125 0.0078125
0 0.815625 0.09609375 0.0020833333333333333 0.0015625
0 0.7333333333333333 0.09765625 0.004166666666666667 0.0046875
0 0.29583333333333334 0.09609375 0.004166666666666667 0.0015625
0 0.9177083333333333 0.09296875 0.0020833333333333333 0.0015625
0 0.7375 0.09375 0.004166666666666667 0.003125
0 0.5447916666666667 0.09296875 0.0020833333333333333 0.0015625
0 0.925 0.0921875 0.004166666666666667 0.003125
0 0.5541666666666667 0.0921875 0.008333333333333333 0.003125
0 0.8083333333333333 0.0921875 0.008333333333333333 0.00625
0 0.8114583333333333 0.08828125 0.0020833333333333333 0.0015625
0 0.16145833333333334 0.0875 0.00625 0.003125
0 0.934375 0.08828125 0.00625 0.0078125
0 0.25416666666666665 0.08671875 0.004166666666666667 0.0046875
0 0.9322916666666666 0.08203125 0.0020833333333333333 0.0015625
0 0.27708333333333335 0.09375 0.041666666666666664 0.028125
0 0.6291666666666667 0.0796875 0.004166666666666667 0.003125
0 0.25416666666666665 0.07890625 0.004166666666666667 0.0046875
0 0.42916666666666664 0.07265625 0.008333333333333333 0.0015625
0 0.275 0.0734375 0.008333333333333333 0.003125
0 0.07083333333333333 0.0765625 0.008333333333333333 0.009375
0 0.0010416666666666667 0.07265625 0.0020833333333333333 0.0015625
0 0.8520833333333333 0.071875 0.004166666666666667 0.003125
0 0.10208333333333333 0.084375 0.03333333333333333 0.0375
0 0.08854166666666667 0.06015625 0.00625 0.0046875
0 0.5072916666666667 0.05703125 0.0020833333333333333 0.0015625
0 0.9489583333333333 0.06328125 0.01875 0.0171875
0 0.3625 0.0546875 0.004166666666666667 0.003125
0 0.515625 0.05234375 0.0020833333333333333 0.0015625
0 0.004166666666666667 0.0625 0.008333333333333333 0.021875
0 0.046875 0.04765625 0.0020833333333333333 0.0015625
0 0.7479166666666667 0.04921875 0.016666666666666666 0.0078125
0 0.740625 0.0453125 0.0020833333333333333 0.003125
0 0.7302083333333333 0.0484375 0.00625 0.009375
0 0.7052083333333333 0.03984375 0.0020833333333333333 0.0015625
0 0.7354166666666667 0.03984375 0.004166666666666667 0.0046875
0 0.696875 0.03828125 0.0020833333333333333 0.0015625
0 0.065625 0.03828125 0.0020833333333333333 0.0015625
0 0.9958333333333333 0.0390625 0.008333333333333333 0.00625
0 0.07604166666666666 0.0375 0.010416666666666666 0.00625
0 0.515625 0.03359375 0.0020833333333333333 0.0015625
0 0.36354166666666665 0.034375 0.0020833333333333333 0.003125
0 0.06041666666666667 0.03515625 0.004166666666666667 0.0078125
0 0.046875 0.02890625 0.0020833333333333333 0.0015625
0 0.03229166666666667 0.0328125 0.014583333333333334 0.009375
0 0.0625 0.02421875 0.004166666666666667 0.0015625
0 0.021875 0.02421875 0.0020833333333333333 0.0015625
0 0.04895833333333333 0.02109375 0.0020833333333333333 0.0015625
0 0.38645833333333335 0.01796875 0.0020833333333333333 0.0015625
0 0.31875 0.0171875 0.004166666666666667 0.003125
0 0.9947916666666666 0.01484375 0.0020833333333333333 0.0015625
0 0.6770833333333334 0.0953125 0.1125 0.1625
0 0.39166666666666666 0.01484375 0.004166666666666667 0.0046875
0 0.9989583333333333 0.00859375 0.0020833333333333333 0.0015625
0 0.9947916666666666 0.00859375 0.0020833333333333333 0.0015625
0 0.46979166666666666 0.00859375 0.0020833333333333333 0.0015625
0 0.32395833333333335 0.00859375 0.0020833333333333333 0.0015625
0 0.3125 0.0125 0.016666666666666666 0.009375
0 0.6364583333333333 0.0078125 0.0020833333333333333 0.003125
0 0.48333333333333334 0.00703125 0.004166666666666667 0.0015625
0 0.16354166666666667 0.0078125 0.0020833333333333333 0.003125
0 0.959375 0.009375 0.027083333333333334 0.009375
0 0.378125 0.0125 0.01875 0.015625
0 0.31979166666666664 0.00546875 0.0020833333333333333 0.0015625
0 0.31145833333333334 0.00546875 0.0020833333333333333 0.0015625
0 0.22291666666666668 0.01171875 0.020833333333333332 0.0203125
0 0.9635416666666666 0.003125 0.01875 0.00625
0 0.9229166666666667 0.0015625 0.008333333333333333 0.003125
0 0.915625 0.00078125 0.0020833333333333333 0.0015625
0 0.6833333333333333 0.0015625 0.004166666666666667 0.003125
0 0.5552083333333333 0.0484375 0.15625 0.096875
0 0.49583333333333335 0.00078125 0.004166666666666667 0.0015625
0 0.3177083333333333 0.0015625 0.0020833333333333333 0.003125
0 0.31145833333333334 0.00078125 0.0020833333333333333 0.0015625
0 0.271875 0.0171875 0.052083333333333336 0.034375
0 0.030208333333333334 0.0140625 0.035416666666666666 0.028125
0 0.004166666666666667 0.003125 0.008333333333333333 0.00625
1 0.017708333333333333 0.9953125 0.00625 0.00625
1 0.016666666666666666 0.9890625 0.008333333333333333 0.003125
1 0.015625 0.984375 0.010416666666666666 0.003125
1 0.017708333333333333 0.97890625 0.014583333333333334 0.0046875
1 0.004166666666666667 0.978125 0.008333333333333333 0.009375
1 0.1375 0.96796875 0.004166666666666667 0.0015625
1 0.11354166666666667 0.96328125 0.0020833333333333333 0.0015625
1 0.03229166666666667 0.96875 0.014583333333333334 0.0125
1 0.15520833333333334 0.96171875 0.0020833333333333333 0.0015625
1 0.011458333333333333 0.95546875 0.0020833333333333333 0.0015625
1 0.020833333333333332 0.96171875 0.041666666666666664 0.0171875
1 0.14270833333333333 0.9421875 0.06041666666666667 0.0625
1 0.15520833333333334 0.85859375 0.0020833333333333333 0.0015625
1 0.96875 0.8390625 0.008333333333333333 0.00625
1 0.9770833333333333 0.8375 0.008333333333333333 0.009375
1 0.175 0.82734375 0.004166666666666667 0.0015625
1 0.13020833333333334 0.81328125 0.00625 0.0078125
1 0.971875 0.80234375 0.0020833333333333333 0.0015625
1 0.171875 0.828125 0.07291666666666667 0.05625
1 0.9645833333333333 0.815625 0.025 0.0375
1 0.14270833333333333 0.78515625 0.0020833333333333333 0.0015625
1 0.14479166666666668 0.78046875 0.0020833333333333333 0.0015625
1 0.9854166666666667 0.796875 0.029166666666666667 0.040625
1 0.17083333333333334 0.76796875 0.008333333333333333 0.0015625
1 0.8802083333333334 0.74765625 0.0020833333333333333 0.0015625
1 0.03854166666666667 0.74609375 0.0020833333333333333 0.0015625
1 0.878125 0.74453125 0.0020833333333333333 0.0015625
1 0.042708333333333334 0.7453125 0.0020833333333333333 0.003125
1 0.8822916666666667 0.74296875 0.0020833333333333333 0.0015625
1 0.040625 0.73828125 0.0020833333333333333 0.0015625
1 0.8802083333333334 0.73828125 0.0020833333333333333 0.0046875
1 0.878125 0.7328125 0.0020833333333333333 0.003125
1 0.04895833333333333 0.73203125 0.0020833333333333333 0.0015625
1 0.8760416666666667 0.72890625 0.0020833333333333333 0.0015625
1 0.04895833333333333 0.72890625 0.0020833333333333333 0.0015625
1 0.16354166666666667 0.72578125 0.00625 0.0015625
1 0.04375 0.72734375 0.004166666666666667 0.0046875
1 0.18229166666666666 0.72421875 0.0020833333333333333 0.0015625
1 0.178125 0.72109375 0.0020833333333333333 0.0015625
1 0.14375 0.7203125 0.008333333333333333 0.003125
1 0.04895833333333333 0.71953125 0.0020833333333333333 0.0015625
1 0.16875 0.7140625 0.004166666666666667 0.003125
1 0.17604166666666668 0.71015625 0.0020833333333333333 0.0015625
1 0.06354166666666666 0.709375 0.00625 0.0125
1 0.159375 0.70546875 0.00625 0.0078125
1 0.08229166666666667 0.69765625 0.0020833333333333333 0.0015625
1 0.153125 0.69453125 0.0020833333333333333 0.0015625
1 0.075 0.68671875 0.004166666666666667 0.0015625
1 0.3645833333333333 0.6734375 0.004166666666666667 0.003125
1 0.146875 0.67265625 0.0020833333333333333 0.0015625
1 0.07916666666666666 0.671875 0.008333333333333333 0.003125
1 0.325 0.67109375 0.016666666666666666 0.0078125
1 0.071875 0.65390625 0.0020833333333333333 0.0015625
1 0.16041666666666668 0.64609375 0.008333333333333333 0.0046875
1 0.16354166666666667 0.64296875 0.0020833333333333333 0.0015625
1 0.13645833333333332 0.64140625 0.0020833333333333333 0.0015625
1 0.6947916666666667 0.6296875 0.0020833333333333333 0.003125
1 0.33125 0.6421875 0.016666666666666666 0.028125
1 0.7052083333333333 0.62734375 0.0020833333333333333 0.0015625
1 0.7010416666666667 0.628125 0.0020833333333333333 0.003125
1 0.8083333333333333 0.63203125 0.016666666666666666 0.0140625
1 0.46979166666666666 0.62421875 0.0020833333333333333 0.0015625
1 0.2916666666666667 0.62421875 0.004166666666666667 0.0015625
1 0.46979166666666666 0.62109375 0.0020833333333333333 0.0015625
1 0.459375 0.6125 0.0020833333333333333 0.003125
1 0.721875 0.615625 0.014583333333333334 0.0125
1 0.9145833333333333 0.60859375 0.0125 0.0140625
1 0.7833333333333333 0.60234375 0.004166666666666667 0.0015625
1 0.8354166666666667 0.60234375 0.0125 0.0046875
1 0.703125 0.60078125 0.0020833333333333333 0.0015625
1 0.45729166666666665 0.60234375 0.0020833333333333333 0.0046875
1 0.721875 0.603125 0.022916666666666665 0.009375
1 0.46979166666666666 0.60078125 0.0020833333333333333 0.0078125
1 0.003125 0.5984375 0.00625 0.003125
1 0.49270833333333336 0.59609375 0.00625 0.0015625
1 0.6114583333333333 0.59140625 0.0020833333333333333 0.0015625
1 0.6197916666666666 0.590625 0.010416666666666666 0.003125
1 0.46770833333333334 0.6078125 0.014583333333333334 0.059375
1 0.3875 0.57890625 0.004166666666666667 0.0015625
1 0.896875 0.58046875 0.01875 0.0109375
1 0.7270833333333333 0.57734375 0.008333333333333333 0.0046875
1 0.5833333333333334 0.57734375 0.004166666666666667 0.0046875
1 0.38229166666666664 0.5765625 0.0020833333333333333 0.003125
1 0.4552083333333333 0.58515625 0.00625 0.0265625
1 0.46770833333333334 0.56640625 0.0020833333333333333 0.0015625
1 0.6145833333333334 0.57265625 0.016666666666666666 0.0171875
1 0.45729166666666665 0.56328125 0.0020833333333333333 0.0015625
1 0.4395833333333333 0.5671875 0.008333333333333333 0.0125
1 0.421875 0.55859375 0.0020833333333333333 0.0015625
1 0.4270833333333333 0.55625 0.004166666666666667 0.00625
1 0.6760416666666667 0.57265625 0.08958333333333333 0.0484375
1 0.9083333333333333 0.55546875 0.0125 0.0171875
1 0.45 0.54609375 0.004166666666666667 0.0078125
1 0.8875 0.5453125 0.020833333333333332 0.009375
1 0.46770833333333334 0.540625 0.0020833333333333333 0.00625
1 0.7770833333333333 0.54296875 0.008333333333333333 0.0140625
1 0.5625 0.540625 0.0125 0.015625
1 0.6395833333333333 0.53125 0.0125 0.0125
1 0.008333333333333333 0.5265625 0.004166666666666667 0.003125
1 0.6729166666666667 0.5234375 0.0125 0.00625
1 0.6604166666666667 0.52421875 0.016666666666666666 0.0109375
1 0.8364583333333333 0.51796875 0.0020833333333333333 0.0015625
1 0.6364583333333333 0.5171875 0.00625 0.00625
1 0.840625 0.51328125 0.0020833333333333333 0.0015625
1 0.7520833333333333 0.5140625 0.0125 0.00625
1 0.7447916666666666 0.51171875 0.0020833333333333333 0.0015625
1 0.9427083333333334 0.51015625 0.0020833333333333333 0.0015625
1 0.6645833333333333 0.50703125 0.004166666666666667 0.0015625
1 0.8333333333333334 0.509375 0.008333333333333333 0.0125
1 0.94375 0.50234375 0.004166666666666667 0.0046875
1 0.9979166666666667 0.49765625 0.004166666666666667 0.0046875
1 0.8364583333333333 0.49765625 0.00625 0.0046875
1 0.75625 0.503125 0.025 0.01875
1 0.6291666666666667 0.49453125 0.008333333333333333 0.0046875
1 0.6239583333333333 0.49140625 0.0020833333333333333 0.0015625
1 0.9770833333333333 0.49375 0.0125 0.0125
1 0.7895833333333333 0.50078125 0.0375 0.0296875
1 0.7760416666666666 0.48671875 0.0020833333333333333 0.0015625
1 0.5947916666666667 0.48984375 0.022916666666666665 0.0203125
1 0.7458333333333333 0.4828125 0.025 0.0125
1 0.5364583333333334 0.4765625 0.00625 0.003125
1 0.7614583333333333 0.46796875 0.0020833333333333333 0.0015625
1 0.9958333333333333 0.47734375 0.008333333333333333 0.0234375
1 0.721875 0.45234375 0.00625 0.0015625
1 0.6479166666666667 0.45234375 0.004166666666666667 0.0015625
1 0.6604166666666667 0.43671875 0.008333333333333333 0.0015625
1 0.33541666666666664 0.43203125 0.004166666666666667 0.0015625
1 0.7125 0.4296875 0.016666666666666666 0.009375
1 0.8947916666666667 0.421875 0.0020833333333333333 0.003125
1 0.8927083333333333 0.40078125 0.0020833333333333333 0.0015625
1 0.309375 0.39765625 0.0020833333333333333 0.0015625
1 0.875 0.39453125 0.0125 0.0078125
1 0.86875 0.38828125 0.004166666666666667 0.0015625
1 0.8645833333333334 0.384375 0.0125 0.003125
1 0.6104166666666667 0.378125 0.004166666666666667 0.003125
1 0.06875 0.37734375 0.004166666666666667 0.0046875
1 0.315625 0.37421875 0.0020833333333333333 0.0015625
1 0.0020833333333333333 0.37265625 0.004166666666666667 0.0046875
1 0.5927083333333333 0.3671875 0.0020833333333333333 0.003125
1 0.7072916666666667 0.36328125 0.0020833333333333333 0.0015625
1 0.5927083333333333 0.36328125 0.0020833333333333333 0.0015625
1 0.53125 0.35390625 0.004166666666666667 0.0015625
1 0.5052083333333334 0.35234375 0.01875 0.0078125
1 0.2791666666666667 0.3484375 0.004166666666666667 0.003125
1 0.525 0.35 0.016666666666666666 0.009375
1 0.49270833333333336 0.34296875 0.0020833333333333333 0.0015625
1 0.178125 0.33828125 0.0020833333333333333 0.0015625
1 0.0010416666666666667 0.33359375 0.0020833333333333333 0.0015625
1 0.6645833333333333 0.32734375 0.004166666666666667 0.0046875
1 0.5916666666666667 0.3265625 0.004166666666666667 0.003125
1 0.6510416666666666 0.33046875 0.01875 0.0203125
1 0.5854166666666667 0.321875 0.004166666666666667 0.003125
1 0.996875 0.315625 0.00625 0.00625
1 0.98125 0.31640625 0.020833333333333332 0.0078125
1 0.7614583333333333 0.315625 0.010416666666666666 0.009375
1 0.6364583333333333 0.309375 0.0020833333333333333 0.003125
1 0.346875 0.31640625 0.03125 0.0171875
1 0.6614583333333334 0.31015625 0.010416666666666666 0.0078125
1 0.984375 0.30546875 0.0020833333333333333 0.0015625
1 0.5916666666666667 0.30546875 0.004166666666666667 0.0078125
1 0.22395833333333334 0.30625 0.010416666666666666 0.009375
1 0.9760416666666667 0.3 0.00625 0.003125
1 0.21979166666666666 0.29921875 0.0020833333333333333 0.0015625
1 0.99375 0.30078125 0.0125 0.0078125
1 0.026041666666666668 0.29765625 0.0020833333333333333 0.0015625
1 0.021875 0.29765625 0.0020833333333333333 0.0015625
1 0.04583333333333333 0.29765625 0.0125 0.0046875
1 0.490625 0.29375 0.04791666666666667 0.01875
1 0.303125 0.28515625 0.0020833333333333333 0.0015625
1 0.06145833333333333 0.28203125 0.0020833333333333333 0.0015625
1 0.06458333333333334 0.29765625 0.041666666666666664 0.0390625
1 0.3541666666666667 0.2765625 0.004166666666666667 0.003125
1 0.6302083333333334 0.27421875 0.0020833333333333333 0.0015625
1 0.45416666666666666 0.28046875 0.041666666666666664 0.0171875
1 0.18333333333333332 0.2734375 0.004166666666666667 0.003125
1 0.025 0.2703125 0.0125 0.003125
1 0.23645833333333333 0.2640625 0.00625 0.003125
1 0.2125 0.2671875 0.03333333333333333 0.0125
1 0.5427083333333333 0.25234375 0.0020833333333333333 0.0015625
1 0.9739583333333334 0.24765625 0.0020833333333333333 0.0015625
1 0.996875 0.2515625 0.00625 0.015625
1 0.9572916666666667 0.23984375 0.0020833333333333333 0.0015625
1 0.4322916666666667 0.24921875 0.03958333333333333 0.0328125
1 0.690625 0.23515625 0.0020833333333333333 0.0078125
1 0.4041666666666667 0.23125 0.004166666666666667 0.003125
1 0.38645833333333335 0.23046875 0.00625 0.0015625
1 0.56875 0.23125 0.004166666666666667 0.00625
1 0.38125 0.228125 0.004166666666666667 0.003125
1 0.37604166666666666 0.22578125 0.0020833333333333333 0.0015625
1 0.696875 0.22265625 0.0020833333333333333 0.0046875
1 0.003125 0.2234375 0.00625 0.00625
1 0.575 0.21796875 0.004166666666666667 0.0015625
1 0.3802083333333333 0.2203125 0.010416666666666666 0.00625
1 0.365625 0.21484375 0.0020833333333333333 0.0015625
1 0.575 0.2140625 0.008333333333333333 0.003125
1 0.3614583333333333 0.21171875 0.00625 0.0046875
1 0.5760416666666667 0.20859375 0.0020833333333333333 0.0015625
1 0.3614583333333333 0.20703125 0.00625 0.0046875
1 0.5635416666666667 0.20390625 0.0020833333333333333 0.0015625
1 0.003125 0.2015625 0.00625 0.003125
1 0.5760416666666667 0.19921875 0.0020833333333333333 0.0015625
1 0.540625 0.19765625 0.0020833333333333333 0.0015625
1 0.5739583333333333 0.19453125 0.0020833333333333333 0.0015625
1 0.34375 0.19921875 0.025 0.0109375
1 0.584375 0.1953125 0.00625 0.009375
1 0.5802083333333333 0.1859375 0.0020833333333333333 0.003125
1 0.55625 0.18515625 0.004166666666666667 0.0015625
1 0.6572916666666667 0.18515625 0.00625 0.0046875
1 0.5864583333333333 0.18203125 0.0020833333333333333 0.0015625
1 0.5822916666666667 0.18046875 0.0020833333333333333 0.0015625
1 0.5927083333333333 0.17890625 0.0020833333333333333 0.0015625
1 0.5885416666666666 0.17890625 0.0020833333333333333 0.0015625
1 0.5760416666666667 0.1796875 0.00625 0.003125
1 0.3885416666666667 0.17890625 0.0020833333333333333 0.0015625
1 0.6802083333333333 0.1921875 0.027083333333333334 0.03125
1 0.6 0.1765625 0.004166666666666667 0.003125
1 0.56875 0.17734375 0.004166666666666667 0.0046875
1 0.546875 0.17421875 0.0020833333333333333 0.0015625
1 0.5927083333333333 0.17421875 0.00625 0.0046875
1 0.5864583333333333 0.17109375 0.0020833333333333333 0.0015625
1 0.5760416666666667 0.16953125 0.0020833333333333333 0.0015625
1 0.6302083333333334 0.16875 0.0020833333333333333 0.00625
1 0.5708333333333333 0.16328125 0.004166666666666667 0.0015625
1 0.40208333333333335 0.16171875 0.008333333333333333 0.0046875
1 0.409375 0.15703125 0.0020833333333333333 0.0015625
1 0.42916666666666664 0.1546875 0.004166666666666667 0.003125
1 0.6385416666666667 0.153125 0.00625 0.00625
1 0.7364583333333333 0.146875 0.00625 0.009375
1 0.565625 0.14140625 0.0020833333333333333 0.0015625
1 0.6895833333333333 0.140625 0.004166666666666667 0.003125
1 0.3802083333333333 0.14296875 0.022916666666666665 0.0078125
1 0.134375 0.13671875 0.0020833333333333333 0.0015625
1 0.64375 0.13515625 0.004166666666666667 0.0109375
1 0.5614583333333333 0.1296875 0.0020833333333333333 0.003125
1 0.6427083333333333 0.12734375 0.0020833333333333333 0.0015625
1 0.7145833333333333 0.13203125 0.0125 0.0140625
1 0.6885416666666667 0.12421875 0.0020833333333333333 0.0015625
1 0.4239583333333333 0.12265625 0.0020833333333333333 0.0015625
1 0.478125 0.11171875 0.0020833333333333333 0.0015625
1 0.30625 0.11171875 0.004166666666666667 0.0015625
1 0.7083333333333334 0.11875 0.03333333333333333 0.01875
1 0.5958333333333333 0.1140625 0.008333333333333333 0.009375
1 0.6072916666666667 0.10625 0.010416666666666666 0.009375
1 0.3125 0.09765625 0.008333333333333333 0.0046875
1 0.5989583333333334 0.09609375 0.014583333333333334 0.0078125
1 0.45729166666666665 0.08359375 0.0020833333333333333 0.0015625
1 0.465625 0.08046875 0.0020833333333333333 0.0015625
1 0.234375 0.078125 0.00625 0.003125
1 0.228125 0.07421875 0.0020833333333333333 0.0015625
1 0.7041666666666667 0.075 0.008333333333333333 0.0125
1 0.030208333333333334 0.06953125 0.00625 0.0046875
1 0.46458333333333335 0.0671875 0.004166666666666667 0.003125
1 0.290625 0.06640625 0.00625 0.0140625
1 0.6375 0.06953125 0.016666666666666666 0.0234375
1 0.36041666666666666 0.0875 0.10416666666666667 0.0625
1 0.30416666666666664 0.059375 0.0125 0.00625
1 0.725 0.06484375 0.020833333333333332 0.0203125
1 0.3927083333333333 0.05078125 0.0020833333333333333 0.0015625
1 0.09583333333333334 0.0515625 0.008333333333333333 0.003125
1 0.184375 0.04765625 0.0020833333333333333 0.0015625
1 0.040625 0.04453125 0.0020833333333333333 0.0015625
1 0.321875 0.04296875 0.0020833333333333333 0.0046875
1 0.18020833333333333 0.03984375 0.0020833333333333333 0.0015625
1 0.017708333333333333 0.05078125 0.035416666666666666 0.0296875
1 0.18020833333333333 0.03515625 0.0020833333333333333 0.0015625
1 0.18229166666666666 0.03203125 0.0020833333333333333 0.0015625
1 0.22083333333333333 0.0359375 0.029166666666666667 0.015625
1 0.18854166666666666 0.02890625 0.0020833333333333333 0.0015625
1 0.184375 0.02890625 0.0020833333333333333 0.0015625
1 0.6375 0.0296875 0.016666666666666666 0.009375
1 0.375 0.02421875 0.004166666666666667 0.0015625
1 0.9958333333333333 0.02265625 0.008333333333333333 0.0046875
1 0.2375 0.02265625 0.008333333333333333 0.0078125
1 0.004166666666666667 0.02109375 0.008333333333333333 0.0078125
1 0.3572916666666667 0.034375 0.06458333333333334 0.04375
1 0.996875 0.0015625 0.00625 0.003125
1 0.5 0.48046875 1.0 0.9609375
1 0.66875 0.00859375 0.020833333333333332 0.0171875
1 0.275 0.03359375 0.0875 0.0671875
1 0.12604166666666666 0.05078125 0.16458333333333333 0.1015625
