0 0.634375 0.67734375 0.00625 0.0046875
0 0.3697916666666667 0.61328125 0.0020833333333333333 0.0015625
0 0.353125 0.60859375 0.0020833333333333333 0.0015625
0 0.3489583333333333 0.60859375 0.0020833333333333333 0.0015625
0 0.3614583333333333 0.60859375 0.010416666666666666 0.0046875
0 0.38125 0.60859375 0.020833333333333332 0.0109375
0 0.47604166666666664 0.596875 0.00625 0.00625
0 0.46145833333333336 0.603125 0.010416666666666666 0.01875
0 0.5177083333333333 0.57890625 0.0020833333333333333 0.0015625
0 0.46875 0.5796875 0.008333333333333333 0.009375
0 0.4666666666666667 0.56875 0.004166666666666667 0.003125
0 0.4552083333333333 0.54609375 0.00625 0.0078125
0 0.5875 0.53515625 0.004166666666666667 0.0046875
0 0.4979166666666667 0.52734375 0.004166666666666667 0.0109375
0 0.43645833333333334 0.53671875 0.01875 0.0296875
0 0.40208333333333335 0.52265625 0.004166666666666667 0.0015625
0 0.578125 0.52265625 0.00625 0.0046875
0 0.41458333333333336 0.521875 0.004166666666666667 0.00625
0 0.48854166666666665 0.5140625 0.0020833333333333333 0.003125
0 0.40729166666666666 0.5109375 0.00625 0.009375
0 0.39895833333333336 0.50859375 0.00625 0.0140625
0 0.5208333333333334 0.5015625 0.008333333333333333 0.003125
0 0.521875 0.49296875 0.0020833333333333333 0.0015625
0 0.48020833333333335 0.49296875 0.0020833333333333333 0.0015625
0 0.440625 0.5140625 0.022916666666666665 0.04375
0 0.46041666666666664 0.4921875 0.0125 0.00625
0 0.41770833333333335 0.49140625 0.00625 0.0046875
0 0.36875 0.490625 0.004166666666666667 0.003125
0 0.9635416666666666 0.48671875 0.0020833333333333333 0.0015625
0 0.39375 0.49296875 0.016666666666666666 0.0140625
0 0.23229166666666667 0.48984375 0.00625 0.0078125
0 0.5 0.4875 0.020833333333333332 0.00625
0 0.446875 0.48671875 0.027083333333333334 0.0046875
0 0.7864583333333334 0.48359375 0.0020833333333333333 0.0015625
0 0.7885416666666667 0.4796875 0.00625 0.003125
0 0.8572916666666667 0.48046875 0.08541666666666667 0.0109375
0 0.225 0.47578125 0.008333333333333333 0.0046875
0 0.928125 0.47265625 0.010416666666666666 0.0015625
0 0.915625 0.47109375 0.0020833333333333333 0.0015625
0 0.8760416666666667 0.47109375 0.0020833333333333333 0.0015625
0 0.8697916666666666 0.47109375 0.0020833333333333333 0.0015625
0 0.8583333333333333 0.47109375 0.016666666666666666 0.0015625
0 0.8989583333333333 0.46953125 0.0020833333333333333 0.0015625
0 0.37916666666666665 0.47421875 0.008333333333333333 0.0109375
0 0.878125 0.46796875 0.0020833333333333333 0.0015625
0 0.409375 0.47421875 0.00625 0.0140625
0 0.7864583333333334 0.48046875 0.11458333333333333 0.0296875
0 0.425 0.47265625 0.008333333333333333 0.0140625
0 0.865625 0.4625 0.15625 0.015625
0 0.41770833333333335 0.4546875 0.0020833333333333333 0.00625
0 0.221875 0.44765625 0.0020833333333333333 0.0015625
0 0.40208333333333335 0.4359375 0.020833333333333332 0.046875
0 0.425 0.4140625 0.029166666666666667 0.009375
0 0.36666666666666664 0.4125 0.008333333333333333 0.009375
0 0.3958333333333333 0.4 0.0125 0.015625
0 0.14479166666666668 0.39453125 0.010416666666666666 0.0109375
0 0.43645833333333334 0.39609375 0.014583333333333334 0.0203125
0 0.7447916666666666 0.3828125 0.00625 0.003125
0 0.1 0.38515625 0.008333333333333333 0.0171875
0 0.7291666666666666 0.37578125 0.004166666666666667 0.0015625
0 0.6364583333333333 0.37265625 0.00625 0.0015625
0 0.7104166666666667 0.3640625 0.004166666666666667 0.00625
0 0.15104166666666666 0.3484375 0.0020833333333333333 0.003125
0 0.41041666666666665 0.36328125 0.029166666666666667 0.0359375
0 0.11979166666666667 0.33359375 0.0020833333333333333 0.0015625
0 0.13854166666666667 0.32734375 0.0020833333333333333 0.0015625
0 0.43125 0.3265625 0.004166666666666667 0.003125
0 0.14270833333333333 0.328125 0.00625 0.00625
0 0.13541666666666666 0.31328125 0.008333333333333333 0.0078125
0 0.140625 0.35703125 0.08125 0.1109375
0 0.7041666666666667 0.3015625 0.004166666666666667 0.003125
0 0.978125 0.28828125 0.0020833333333333333 0.0015625
0 0.9447916666666667 0.28671875 0.0020833333333333333 0.0015625
0 0.9760416666666667 0.28515625 0.0020833333333333333 0.0015625
0 0.9322916666666666 0.28203125 0.0020833333333333333 0.0015625
0 0.971875 0.28125 0.0020833333333333333 0.003125
0 0.9572916666666667 0.28046875 0.0020833333333333333 0.0015625
0 0.09895833333333333 0.28984375 0.01875 0.0203125
0 0.31145833333333334 0.27734375 0.0020833333333333333 0.0015625
0 0.3072916666666667 0.27734375 0.0020833333333333333 0.0015625
0 0.11770833333333333 0.28828125 0.010416666666666666 0.0234375
0 0.3697916666666667 0.27734375 0.00625 0.0046875
0 0.4270833333333333 0.27265625 0.004166666666666667 0.0015625
0 0.3541666666666667 0.27265625 0.020833333333333332 0.0046875
0 0.08333333333333333 0.275 0.0125 0.009375
0 0.3260416666666667 0.2734375 0.01875 0.009375
0 0.9489583333333333 0.27890625 0.04791666666666667 0.0234375
0 0.321875 0.26640625 0.010416666666666666 0.0046875
0 0.346875 0.26328125 0.0020833333333333333 0.0015625
0 0.34270833333333334 0.26328125 0.0020833333333333333 0.0015625
0 0.33645833333333336 0.26328125 0.0020833333333333333 0.0015625
0 0.41354166666666664 0.27265625 0.022916666666666665 0.0234375
0 0.4895833333333333 0.30390625 0.11666666666666667 0.0890625
0 0.09895833333333333 0.265625 0.00625 0.0125
0 0.8927083333333333 0.25234375 0.014583333333333334 0.0046875
0 0.9072916666666667 0.24765625 0.0020833333333333333 0.0015625
0 0.7145833333333333 0.2484375 0.004166666666666667 0.003125
0 0.903125 0.24609375 0.0020833333333333333 0.0015625
0 0.5177083333333333 0.253125 0.010416666666666666 0.015625
0 0.33229166666666665 0.24453125 0.0020833333333333333 0.0015625
0 0.365625 0.24296875 0.0020833333333333333 0.0015625
0 0.3 0.24296875 0.004166666666666667 0.0015625
0 0.32395833333333335 0.24140625 0.0020833333333333333 0.0015625
0 0.46770833333333334 0.23984375 0.0020833333333333333 0.0015625
0 0.2947916666666667 0.23984375 0.0020833333333333333 0.0015625
0 0.3260416666666667 0.23828125 0.0020833333333333333 0.0015625
0 0.4822916666666667 0.24453125 0.03125 0.0171875
0 0.39895833333333336 0.2359375 0.0020833333333333333 0.003125
0 0.2864583333333333 0.23515625 0.0020833333333333333 0.0015625
0 0.2708333333333333 0.23671875 0.008333333333333333 0.0046875
0 0.384375 0.23671875 0.022916666666666665 0.0078125
0 0.36770833333333336 0.23515625 0.00625 0.0046875
0 0.6958333333333333 0.23359375 0.008333333333333333 0.0046875
0 0.5 0.234375 0.008333333333333333 0.00625
0 0.27395833333333336 0.23203125 0.0020833333333333333 0.0015625
0 0.828125 0.22890625 0.0020833333333333333 0.0015625
0 0.8229166666666666 0.23125 0.004166666666666667 0.00625
0 0.365625 0.22890625 0.0020833333333333333 0.0015625
0 0.32083333333333336 0.22890625 0.004166666666666667 0.0015625
0 0.896875 0.22890625 0.014583333333333334 0.0046875
0 0.08645833333333333 0.22734375 0.0020833333333333333 0.0015625
0 0.9083333333333333 0.228125 0.008333333333333333 0.00625
0 0.8239583333333333 0.22578125 0.0020833333333333333 0.0015625
0 0.509375 0.22578125 0.00625 0.0015625
0 0.3302083333333333 0.22578125 0.0020833333333333333 0.0015625
0 0.9010416666666666 0.225 0.0020833333333333333 0.003125
0 0.721875 0.22265625 0.0020833333333333333 0.0015625
0 0.51875 0.22421875 0.008333333333333333 0.0046875
0 0.31354166666666666 0.24296875 0.07708333333333334 0.0453125
0 0.33125 0.22109375 0.004166666666666667 0.0046875
0 0.5385416666666667 0.2171875 0.0020833333333333333 0.003125
0 0.08645833333333333 0.21640625 0.0020833333333333333 0.0015625
0 0.5020833333333333 0.215625 0.008333333333333333 0.003125
0 0.5416666666666666 0.21328125 0.008333333333333333 0.0046875
0 0.7427083333333333 0.2296875 0.03125 0.040625
0 0.409375 0.20546875 0.0020833333333333333 0.0046875
0 0.15416666666666667 0.209375 0.008333333333333333 0.0125
0 0.07395833333333333 0.20078125 0.0020833333333333333 0.0015625
0 0.39791666666666664 0.19765625 0.004166666666666667 0.0015625
0 0.14479166666666668 0.203125 0.035416666666666666 0.015625
0 0.39479166666666665 0.19453125 0.0020833333333333333 0.0015625
0 0.12916666666666668 0.19140625 0.004166666666666667 0.0015625
0 0.7802083333333333 0.20234375 0.027083333333333334 0.0265625
0 0.6614583333333334 0.20859375 0.04791666666666667 0.0453125
0 0.8666666666666667 0.18515625 0.008333333333333333 0.0046875
0 0.853125 0.18671875 0.014583333333333334 0.0078125
0 0.5385416666666667 0.18203125 0.0020833333333333333 0.0015625
0 0.515625 0.20234375 0.06458333333333334 0.0453125
0 0.1625 0.18203125 0.004166666666666667 0.0046875
0 0.22916666666666666 0.17734375 0.008333333333333333 0.0046875
0 0.128125 0.17578125 0.0020833333333333333 0.0015625
0 0.534375 0.17421875 0.0020833333333333333 0.0015625
0 0.09270833333333334 0.17421875 0.014583333333333334 0.0046875
0 0.865625 0.17109375 0.0020833333333333333 0.0015625
0 0.5177083333333333 0.16953125 0.0020833333333333333 0.0015625
0 0.4166666666666667 0.19140625 0.06666666666666667 0.0453125
0 0.8614583333333333 0.16796875 0.0020833333333333333 0.0015625
0 0.3375 0.16796875 0.0125 0.0015625
0 0.30520833333333336 0.16640625 0.0020833333333333333 0.0015625
0 0.11145833333333334 0.1671875 0.0020833333333333333 0.003125
0 0.10416666666666667 0.1671875 0.004166666666666667 0.003125
0 0.8552083333333333 0.16328125 0.0020833333333333333 0.0015625
0 0.7635416666666667 0.16328125 0.0020833333333333333 0.0015625
0 0.8604166666666667 0.159375 0.004166666666666667 0.00625
0 0.8479166666666667 0.1578125 0.004166666666666667 0.003125
0 0.8708333333333333 0.15546875 0.004166666666666667 0.0015625
0 0.203125 0.159375 0.00625 0.009375
0 0.8791666666666667 0.15234375 0.004166666666666667 0.0015625
0 0.853125 0.15078125 0.0020833333333333333 0.0015625
0 0.334375 0.1578125 0.06041666666666667 0.01875
0 0.8614583333333333 0.14765625 0.0020833333333333333 0.0015625
0 0.853125 0.14453125 0.0020833333333333333 0.0015625
0 0.875 0.14609375 0.008333333333333333 0.0078125
0 0.859375 0.14296875 0.0020833333333333333 0.0015625
0 0.06979166666666667 0.14375 0.0020833333333333333 0.003125
0 0.8635416666666667 0.14140625 0.0020833333333333333 0.0015625
0 0.22395833333333334 0.1546875 0.01875 0.028125
0 0.8864583333333333 0.1421875 0.0020833333333333333 0.00625
0 0.4041666666666667 0.1484375 0.008333333333333333 0.01875
0 0.871875 0.13828125 0.0020833333333333333 0.0015625
0 0.8677083333333333 0.1390625 0.0020833333333333333 0.003125
0 0.790625 0.13671875 0.0020833333333333333 0.0015625
0 0.03229166666666667 0.1453125 0.022916666666666665 0.01875
0 0.178125 0.13671875 0.0020833333333333333 0.0046875
0 0.146875 0.1359375 0.00625 0.003125
0 0.859375 0.13359375 0.0020833333333333333 0.0015625
0 0.008333333333333333 0.1390625 0.016666666666666666 0.0125
0 0.878125 0.134375 0.00625 0.00625
0 0.8635416666666667 0.13203125 0.0020833333333333333 0.0015625
0 0.6145833333333334 0.13828125 0.008333333333333333 0.0140625
0 0.26979166666666665 0.1328125 0.0020833333333333333 0.003125
0 0.13958333333333334 0.140625 0.020833333333333332 0.01875
0 0.571875 0.15546875 0.04375 0.0515625
0 0.509375 0.12734375 0.0020833333333333333 0.0015625
0 0.784375 0.13203125 0.00625 0.0140625
0 0.50625 0.1515625 0.058333333333333334 0.053125
0 0.515625 0.125 0.00625 0.003125
0 0.396875 0.1265625 0.0020833333333333333 0.00625
0 0.340625 0.12421875 0.0020833333333333333 0.0015625
0 0.8739583333333333 0.12265625 0.0020833333333333333 0.0015625
0 0.5239583333333333 0.12265625 0.0020833333333333333 0.0015625
0 0.5114583333333333 0.12265625 0.0020833333333333333 0.0015625
0 0.2635416666666667 0.12265625 0.00625 0.0046875
0 0.5020833333333333 0.1234375 0.0125 0.009375
0 0.05416666666666667 0.12890625 0.020833333333333332 0.0203125
0 0.9041666666666667 0.11953125 0.008333333333333333 0.0078125
0 0.8489583333333334 0.11484375 0.0020833333333333333 0.0015625
0 0.6375 0.12109375 0.020833333333333332 0.0203125
0 0.14479166666666668 0.11640625 0.010416666666666666 0.0109375
0 0.7322916666666667 0.11015625 0.00625 0.0046875
0 0.90625 0.10703125 0.0125 0.0046875
0 0.2625 0.10234375 0.004166666666666667 0.0015625
0 0.21979166666666666 0.10234375 0.0020833333333333333 0.0015625
0 0.9072916666666667 0.10078125 0.0020833333333333333 0.0015625
0 0.7416666666666667 0.10390625 0.0125 0.0078125
0 0.2125 0.10234375 0.008333333333333333 0.0046875
0 0.03333333333333333 0.10078125 0.020833333333333332 0.0078125
0 0.903125 0.09609375 0.0020833333333333333 0.0015625
0 0.06354166666666666 0.10078125 0.035416666666666666 0.0109375
0 0.553125 0.09453125 0.0020833333333333333 0.0015625
0 0.896875 0.09609375 0.00625 0.0078125
0 0.3614583333333333 0.109375 0.09375 0.040625
0 0.8052083333333333 0.08515625 0.0020833333333333333 0.0015625
0 0.7989583333333333 0.084375 0.0020833333333333333 0.003125
0 0.7916666666666666 0.08359375 0.004166666666666667 0.0015625
0 0.734375 0.0828125 0.0020833333333333333 0.003125
0 0.2989583333333333 0.08203125 0.0020833333333333333 0.0015625
0 0.190625 0.08671875 0.01875 0.0109375
0 0.7916666666666666 0.08046875 0.004166666666666667 0.0015625
0 0.9072916666666667 0.07890625 0.0020833333333333333 0.0015625
0 0.73125 0.07890625 0.004166666666666667 0.0015625
0 0.5822916666666667 0.0890625 0.01875 0.03125
0 0.9052083333333333 0.07265625 0.0020833333333333333 0.0015625
0 0.30416666666666664 0.0734375 0.008333333333333333 0.003125
0 0.39479166666666665 0.0703125 0.0020833333333333333 0.003125
0 0.2125 0.0703125 0.004166666666666667 0.003125
0 0.19270833333333334 0.06875 0.010416666666666666 0.00625
0 0.8333333333333334 0.065625 0.0125 0.003125
0 0.05625 0.07109375 0.020833333333333332 0.0140625
0 0.7322916666666667 0.06328125 0.0020833333333333333 0.0015625
0 0.17604166666666668 0.065625 0.01875 0.00625
0 0.48541666666666666 0.0953125 0.08333333333333333 0.075
0 0.32708333333333334 0.06171875 0.016666666666666666 0.0078125
0 0.35104166666666664 0.05703125 0.0020833333333333333 0.0015625
0 0.346875 0.05703125 0.0020833333333333333 0.0015625
0 0.34270833333333334 0.05703125 0.0020833333333333333 0.0015625
0 0.31875 0.05703125 0.008333333333333333 0.0046875
0 0.75625 0.06640625 0.0625 0.0296875
0 0.26979166666666665 0.05234375 0.0020833333333333333 0.0015625
0 0.47291666666666665 0.0515625 0.004166666666666667 0.003125
0 0.32083333333333336 0.0515625 0.004166666666666667 0.003125
0 0.08333333333333333 0.0515625 0.004166666666666667 0.003125
0 0.6010416666666667 0.04609375 0.022916666666666665 0.0109375
0 0.321875 0.040625 0.0020833333333333333 0.003125
0 0.7479166666666667 0.04296875 0.0125 0.0140625
0 0.628125 0.0359375 0.00625 0.003125
0 0.19791666666666666 0.03671875 0.004166666666666667 0.0046875
0 0.6322916666666667 0.03203125 0.0020833333333333333 0.0015625
0 0.3104166666666667 0.03203125 0.004166666666666667 0.0015625
0 0.23541666666666666 0.03515625 0.004166666666666667 0.0078125
0 0.2125 0.03984375 0.020833333333333332 0.0296875
0 0.08333333333333333 0.03046875 0.0125 0.0109375
0 0.3697916666666667 0.02421875 0.0020833333333333333 0.0015625
0 0.38645833333333335 0.02265625 0.0020833333333333333 0.0015625
0 0.28854166666666664 0.0265625 0.010416666666666666 0.009375
0 0.17083333333333334 0.0234375 0.004166666666666667 0.003125
0 0.38958333333333334 0.05234375 0.15833333333333333 0.0703125
0 0.33541666666666664 0.02109375 0.0125 0.0109375
0 0.23020833333333332 0.01875 0.010416666666666666 0.009375
0 0.15520833333333334 0.01484375 0.0020833333333333333 0.0015625
0 0.2947916666666667 0.034375 0.035416666666666666 0.04375
0 0.1625 0.01328125 0.004166666666666667 0.0046875
0 0.15520833333333334 0.0109375 0.0020833333333333333 0.003125
0 0.14791666666666667 0.0109375 0.004166666666666667 0.003125
0 0.15104166666666666 0.00859375 0.0020833333333333333 0.0015625
0 0.6989583333333333 0.00703125 0.0020833333333333333 0.0015625
0 0.15520833333333334 0.00703125 0.0020833333333333333 0.0015625
0 0.665625 0.01796875 0.08541666666666667 0.0265625
0 0.30104166666666665 0.0078125 0.00625 0.009375
0 0.035416666666666666 0.00390625 0.004166666666666667 0.0015625
0 0.33541666666666664 0.0078125 0.0125 0.015625
0 0.30833333333333335 0.00078125 0.004166666666666667 0.0015625
0 0.30104166666666665 0.00078125 0.0020833333333333333 0.0015625
0 0.259375 0.00078125 0.0020833333333333333 0.0015625
0 0.20104166666666667 0.0015625 0.0020833333333333333 0.003125
0 0.18541666666666667 0.0125 0.020833333333333332 0.025
1 0.034375 0.98515625 0.0020833333333333333 0.0015625
1 0.014583333333333334 0.984375 0.029166666666666667 0.015625
1 0.06979166666666667 0.97421875 0.00625 0.0109375
1 0.25104166666666666 0.95703125 0.0020833333333333333 0.0015625
1 0.24270833333333333 0.9578125 0.00625 0.003125
1 0.19791666666666666 0.95625 0.004166666666666667 0.003125
1 0.221875 0.9578125 0.03125 0.009375
1 0.29270833333333335 0.94921875 0.00625 0.0015625
1 0.3 0.93359375 0.2 0.0296875
1 0.371875 0.91796875 0.0020833333333333333 0.0015625
1 0.53125 0.7953125 0.004166666666666667 0.009375
1 0.27395833333333336 0.76015625 0.0020833333333333333 0.0015625
1 0.278125 0.75859375 0.0020833333333333333 0.0015625
1 0.296875 0.75546875 0.0020833333333333333 0.0015625
1 0.28229166666666666 0.75546875 0.0020833333333333333 0.0015625
1 0.309375 0.7484375 0.00625 0.003125
1 0.5458333333333333 0.746875 0.008333333333333333 0.009375
1 0.2989583333333333 0.74765625 0.010416666666666666 0.0109375
1 0.30520833333333336 0.73828125 0.010416666666666666 0.0109375
1 0.2708333333333333 0.73515625 0.004166666666666667 0.0046875
1 0.0010416666666666667 0.73046875 0.0020833333333333333 0.0015625
1 0.04791666666666667 0.73125 0.004166666666666667 0.00625
1 0.26458333333333334 0.728125 0.004166666666666667 0.003125
1 0.04895833333333333 0.72578125 0.0020833333333333333 0.0015625
1 0.5416666666666666 0.72421875 0.0125 0.0109375
1 0.051041666666666666 0.71796875 0.0020833333333333333 0.0015625
1 0.284375 0.71953125 0.035416666666666666 0.0234375
1 0.00625 0.7171875 0.0125 0.021875
1 0.06145833333333333 0.70859375 0.010416666666666666 0.0171875
1 0.06979166666666667 0.6890625 0.0020833333333333333 0.00625
1 0.6447916666666667 0.68359375 0.0020833333333333333 0.0015625
1 0.6333333333333333 0.684375 0.016666666666666666 0.009375
1 0.084375 0.68203125 0.0020833333333333333 0.0046875
1 0.071875 0.68125 0.0020833333333333333 0.003125
1 0.24479166666666666 0.69140625 0.04375 0.0265625
1 0.646875 0.67578125 0.0020833333333333333 0.0015625
1 0.06875 0.6765625 0.004166666666666667 0.003125
1 0.005208333333333333 0.67890625 0.010416666666666666 0.0078125
1 0.084375 0.6734375 0.00625 0.009375
1 0.5041666666666667 0.72734375 0.05 0.1234375
1 0.646875 0.6640625 0.00625 0.00625
1 0.47604166666666664 0.6421875 0.0020833333333333333 0.003125
1 0.48020833333333335 0.63828125 0.0020833333333333333 0.0015625
1 0.203125 0.6390625 0.00625 0.00625
1 0.49375 0.646875 0.016666666666666666 0.025
1 0.453125 0.63359375 0.0020833333333333333 0.0015625
1 0.509375 0.6328125 0.0020833333333333333 0.003125
1 0.81875 0.628125 0.004166666666666667 0.00625
1 0.49270833333333336 0.62890625 0.00625 0.0078125
1 0.475 0.63203125 0.008333333333333333 0.0140625
1 0.09583333333333334 0.62578125 0.004166666666666667 0.0015625
1 0.5166666666666667 0.6375 0.025 0.028125
1 0.19583333333333333 0.62734375 0.008333333333333333 0.0078125
1 0.778125 0.62265625 0.0020833333333333333 0.0015625
1 0.6854166666666667 0.6484375 0.1625 0.053125
1 0.2520833333333333 0.6234375 0.004166666666666667 0.003125
1 0.24270833333333333 0.64453125 0.03125 0.0453125
1 0.16145833333333334 0.6234375 0.010416666666666666 0.003125
1 0.3958333333333333 0.62109375 0.004166666666666667 0.0015625
1 0.09479166666666666 0.62109375 0.0020833333333333333 0.0015625
1 0.7322916666666667 0.61953125 0.0020833333333333333 0.0015625
1 0.528125 0.62265625 0.010416666666666666 0.0078125
1 0.253125 0.61953125 0.0020833333333333333 0.0015625
1 0.24791666666666667 0.61953125 0.004166666666666667 0.0015625
1 0.24270833333333333 0.61953125 0.0020833333333333333 0.0015625
1 0.259375 0.61796875 0.0020833333333333333 0.0015625
1 0.4 0.61640625 0.004166666666666667 0.0015625
1 0.340625 0.64375 0.10625 0.05625
1 0.253125 0.61640625 0.0020833333333333333 0.0015625
1 0.246875 0.61640625 0.0020833333333333333 0.0015625
1 0.23854166666666668 0.61640625 0.0020833333333333333 0.0015625
1 0.19583333333333333 0.61796875 0.008333333333333333 0.0046875
1 0.7427083333333333 0.6171875 0.014583333333333334 0.00625
1 0.7635416666666667 0.6140625 0.0020833333333333333 0.003125
1 0.22291666666666668 0.61484375 0.025 0.0046875
1 0.21458333333333332 0.61015625 0.004166666666666667 0.0015625
1 0.534375 0.60859375 0.0020833333333333333 0.0015625
1 0.6177083333333333 0.6078125 0.010416666666666666 0.003125
1 0.64375 0.60546875 0.004166666666666667 0.0015625
1 0.20833333333333334 0.6078125 0.016666666666666666 0.00625
1 0.6489583333333333 0.60390625 0.0020833333333333333 0.0015625
1 0.221875 0.6046875 0.00625 0.003125
1 0.8041666666666667 0.603125 0.004166666666666667 0.003125
1 0.23958333333333334 0.603125 0.016666666666666666 0.00625
1 0.6541666666666667 0.6 0.004166666666666667 0.003125
1 0.6145833333333334 0.6015625 0.0125 0.00625
1 0.6239583333333333 0.59765625 0.0020833333333333333 0.0015625
1 0.35520833333333335 0.59765625 0.0020833333333333333 0.0015625
1 0.1375 0.59765625 0.004166666666666667 0.0015625
1 0.7989583333333333 0.59609375 0.0020833333333333333 0.0015625
1 0.7979166666666667 0.6171875 0.041666666666666664 0.04375
1 0.3927083333333333 0.59609375 0.0020833333333333333 0.0015625
1 0.21979166666666666 0.59609375 0.0020833333333333333 0.0015625
1 0.7739583333333333 0.59453125 0.0020833333333333333 0.0015625
1 0.6364583333333333 0.59453125 0.0020833333333333333 0.0015625
1 0.36354166666666665 0.59453125 0.0020833333333333333 0.0015625
1 0.796875 0.59296875 0.0020833333333333333 0.0015625
1 0.390625 0.59296875 0.0020833333333333333 0.0015625
1 0.36770833333333336 0.59609375 0.00625 0.0078125
1 0.7677083333333333 0.59140625 0.0020833333333333333 0.0015625
1 0.65625 0.59140625 0.016666666666666666 0.0046875
1 0.7697916666666667 0.58828125 0.0020833333333333333 0.0015625
1 0.7791666666666667 0.58359375 0.004166666666666667 0.0015625
1 0.7677083333333333 0.58046875 0.0020833333333333333 0.0015625
1 0.7635416666666667 0.57890625 0.0020833333333333333 0.0015625
1 0.75625 0.58359375 0.025 0.0140625
1 0.4739583333333333 0.57421875 0.0020833333333333333 0.0015625
1 0.3802083333333333 0.58671875 0.014583333333333334 0.0265625
1 0.44375 0.60625 0.05416666666666667 0.06875
1 0.7427083333333333 0.56953125 0.0020833333333333333 0.0015625
1 0.4239583333333333 0.56953125 0.0020833333333333333 0.0015625
1 0.3020833333333333 0.584375 0.04583333333333333 0.03125
1 0.578125 0.56796875 0.00625 0.0046875
1 0.4197916666666667 0.56328125 0.0020833333333333333 0.0015625
1 0.58125 0.5625 0.004166666666666667 0.003125
1 0.69375 0.56015625 0.004166666666666667 0.0015625
1 0.684375 0.56953125 0.11458333333333333 0.0203125
1 0.1875 0.55234375 0.004166666666666667 0.0015625
1 0.15625 0.55234375 0.004166666666666667 0.0015625
1 0.5677083333333334 0.55078125 0.0020833333333333333 0.0015625
1 0.240625 0.5515625 0.00625 0.003125
1 0.13229166666666667 0.55078125 0.0020833333333333333 0.0015625
1 0.4125 0.553125 0.008333333333333333 0.009375
1 0.153125 0.54921875 0.0020833333333333333 0.0015625
1 0.23854166666666668 0.546875 0.00625 0.00625
1 0.575 0.54453125 0.041666666666666664 0.0296875
1 0.509375 0.53125 0.00625 0.0125
1 0.20729166666666668 0.5296875 0.010416666666666666 0.009375
1 0.5885416666666666 0.52109375 0.0020833333333333333 0.0015625
1 0.5677083333333334 0.52109375 0.0020833333333333333 0.0015625
1 0.42083333333333334 0.52265625 0.004166666666666667 0.0046875
1 0.41770833333333335 0.51796875 0.0020833333333333333 0.0015625
1 0.5625 0.51640625 0.008333333333333333 0.0046875
1 0.4979166666666667 0.56953125 0.07083333333333333 0.1109375
1 0.17916666666666667 0.56953125 0.15833333333333333 0.1109375
1 0.22083333333333333 0.5109375 0.004166666666666667 0.00625
1 0.490625 0.50703125 0.0020833333333333333 0.0015625
1 0.48541666666666666 0.5078125 0.004166666666666667 0.003125
1 0.446875 0.5078125 0.0020833333333333333 0.003125
1 0.41354166666666664 0.5109375 0.00625 0.009375
1 0.5427083333333333 0.51796875 0.052083333333333336 0.0265625
1 0.48020833333333335 0.50546875 0.0020833333333333333 0.0015625
1 0.415625 0.50546875 0.0020833333333333333 0.0015625
1 0.44479166666666664 0.50078125 0.0020833333333333333 0.0015625
1 0.25625 0.503125 0.004166666666666667 0.00625
1 0.240625 0.50078125 0.0020833333333333333 0.0015625
1 0.40520833333333334 0.49921875 0.0020833333333333333 0.0015625
1 0.5072916666666667 0.49765625 0.0020833333333333333 0.0015625
1 0.490625 0.49765625 0.0020833333333333333 0.0015625
1 0.48125 0.49921875 0.0125 0.0046875
1 0.4947916666666667 0.49609375 0.0020833333333333333 0.0015625
1 0.45729166666666665 0.49765625 0.03125 0.0046875
1 0.9791666666666666 0.49453125 0.004166666666666667 0.0015625
1 0.9729166666666667 0.49453125 0.004166666666666667 0.0015625
1 0.5666666666666667 0.50078125 0.0125 0.0140625
1 0.4083333333333333 0.49453125 0.004166666666666667 0.0015625
1 0.37604166666666666 0.4953125 0.010416666666666666 0.003125
1 0.99375 0.49296875 0.008333333333333333 0.0015625
1 0.9239583333333333 0.48828125 0.0020833333333333333 0.0015625
1 0.19583333333333333 0.490625 0.0125 0.00625
1 0.35 0.49140625 0.0375 0.0109375
1 0.16875 0.48671875 0.004166666666666667 0.0015625
1 0.775 0.4921875 0.08333333333333333 0.015625
1 0.53125 0.48984375 0.016666666666666666 0.0109375
1 0.36770833333333336 0.4859375 0.00625 0.003125
1 0.47604166666666664 0.48359375 0.0020833333333333333 0.0015625
1 0.4864583333333333 0.48203125 0.0020833333333333333 0.0015625
1 0.4635416666666667 0.48203125 0.0020833333333333333 0.0015625
1 0.4552083333333333 0.48203125 0.010416666666666666 0.0015625
1 0.4010416666666667 0.48203125 0.0020833333333333333 0.0015625
1 0.5145833333333333 0.48203125 0.0125 0.0046875
1 0.4947916666666667 0.48046875 0.0020833333333333333 0.0015625
1 0.440625 0.48046875 0.00625 0.0015625
1 0.17083333333333334 0.48203125 0.0125 0.0046875
1 0.503125 0.47890625 0.00625 0.0015625
1 0.39166666666666666 0.4796875 0.004166666666666667 0.003125
1 0.434375 0.47578125 0.0020833333333333333 0.0015625
1 0.390625 0.47421875 0.0020833333333333333 0.0015625
1 0.978125 0.46796875 0.0020833333333333333 0.0015625
1 0.36770833333333336 0.47109375 0.00625 0.0078125
1 0.23645833333333333 0.46796875 0.0020833333333333333 0.0015625
1 0.9645833333333333 0.46328125 0.004166666666666667 0.0015625
1 0.39895833333333336 0.46875 0.00625 0.0125
1 0.36354166666666665 0.46328125 0.0020833333333333333 0.0015625
1 0.7364583333333333 0.46171875 0.0020833333333333333 0.0015625
1 0.43020833333333336 0.4671875 0.00625 0.0125
1 0.3770833333333333 0.46328125 0.0125 0.0109375
1 0.42604166666666665 0.45703125 0.0020833333333333333 0.0015625
1 0.9322916666666666 0.45625 0.010416666666666666 0.003125
1 0.915625 0.45546875 0.0020833333333333333 0.0015625
1 0.85 0.45390625 0.03333333333333333 0.0015625
1 0.7989583333333333 0.45390625 0.00625 0.0015625
1 0.8760416666666667 0.453125 0.014583333333333334 0.003125
1 0.21979166666666666 0.45390625 0.0020833333333333333 0.0046875
1 0.39375 0.45390625 0.004166666666666667 0.0109375
1 0.109375 0.4484375 0.0020833333333333333 0.003125
1 0.390625 0.44609375 0.0020833333333333333 0.0015625
1 0.11458333333333333 0.44453125 0.008333333333333333 0.0078125
1 0.23333333333333334 0.45 0.008333333333333333 0.021875
1 0.16770833333333332 0.43828125 0.0020833333333333333 0.0015625
1 0.3885416666666667 0.4390625 0.00625 0.009375
1 0.21458333333333332 0.43828125 0.004166666666666667 0.0078125
1 0.24166666666666667 0.4390625 0.008333333333333333 0.0125
1 0.10520833333333333 0.434375 0.0020833333333333333 0.003125
1 0.6052083333333333 0.43203125 0.0020833333333333333 0.0015625
1 0.20729166666666668 0.46875 0.052083333333333336 0.075
1 0.56875 0.42890625 0.004166666666666667 0.0015625
1 0.38645833333333335 0.43046875 0.0020833333333333333 0.0046875
1 0.22083333333333333 0.42890625 0.004166666666666667 0.0015625
1 0.571875 0.42578125 0.0020833333333333333 0.0015625
1 0.3572916666666667 0.44296875 0.027083333333333334 0.0359375
1 0.33958333333333335 0.42734375 0.008333333333333333 0.0078125
1 0.11041666666666666 0.43203125 0.0125 0.0171875
1 0.42916666666666664 0.42421875 0.008333333333333333 0.0046875
1 0.15729166666666666 0.425 0.00625 0.00625
1 0.41770833333333335 0.4375 0.014583333333333334 0.034375
1 0.3645833333333333 0.41953125 0.004166666666666667 0.0015625
1 0.3802083333333333 0.41953125 0.014583333333333334 0.0078125
1 0.34791666666666665 0.415625 0.004166666666666667 0.003125
1 0.18958333333333333 0.415625 0.004166666666666667 0.003125
1 0.209375 0.41328125 0.0020833333333333333 0.0015625
1 0.23229166666666667 0.42109375 0.022916666666666665 0.0203125
1 0.1875 0.41015625 0.004166666666666667 0.0046875
1 0.221875 0.40703125 0.0020833333333333333 0.0015625
1 0.196875 0.40703125 0.0020833333333333333 0.0015625
1 0.19479166666666667 0.40390625 0.0020833333333333333 0.0015625
1 0.41041666666666665 0.4046875 0.004166666666666667 0.009375
1 0.21354166666666666 0.40078125 0.0020833333333333333 0.0015625
1 0.09895833333333333 0.40234375 0.0020833333333333333 0.0046875
1 0.45 0.39609375 0.004166666666666667 0.0046875
1 0.18020833333333333 0.39453125 0.0020833333333333333 0.0015625
1 0.5072916666666667 0.3921875 0.0020833333333333333 0.003125
1 0.37083333333333335 0.39765625 0.025 0.0140625
1 0.425 0.3921875 0.004166666666666667 0.00625
1 0.41354166666666664 0.3921875 0.0020833333333333333 0.00625
1 0.4197916666666667 0.38828125 0.0020833333333333333 0.0015625
1 0.33229166666666665 0.40234375 0.022916666666666665 0.0296875
1 0.10729166666666666 0.390625 0.0020833333333333333 0.00625
1 0.415625 0.38671875 0.0020833333333333333 0.0015625
1 0.746875 0.38828125 0.01875 0.0109375
1 0.334375 0.38359375 0.0020833333333333333 0.0015625
1 0.7479166666666667 0.378125 0.008333333333333333 0.00625
1 0.3385416666666667 0.378125 0.010416666666666666 0.00625
1 0.003125 0.38046875 0.00625 0.0109375
1 0.37604166666666666 0.37421875 0.0020833333333333333 0.0015625
1 0.365625 0.37421875 0.0020833333333333333 0.0015625
1 0.321875 0.37421875 0.0020833333333333333 0.0015625
1 0.734375 0.371875 0.014583333333333334 0.00625
1 0.715625 0.375 0.03958333333333333 0.04375
1 0.3645833333333333 0.3546875 0.008333333333333333 0.003125
1 0.009375 0.35234375 0.0020833333333333333 0.0015625
1 0.3729166666666667 0.35625 0.016666666666666666 0.0125
1 0.3614583333333333 0.35078125 0.0020833333333333333 0.0015625
1 0.31666666666666665 0.3453125 0.05416666666666667 0.009375
1 0.284375 0.34140625 0.00625 0.0015625
1 0.28020833333333334 0.33828125 0.0020833333333333333 0.0015625
1 0.43020833333333336 0.3390625 0.00625 0.00625
1 0.016666666666666666 0.33828125 0.008333333333333333 0.0078125
1 0.778125 0.33046875 0.0020833333333333333 0.0015625
1 0.9447916666666667 0.32734375 0.0020833333333333333 0.0015625
1 0.7822916666666667 0.3265625 0.0020833333333333333 0.003125
1 0.7302083333333333 0.32734375 0.00625 0.0046875
1 0.16354166666666667 0.35 0.027083333333333334 0.05
1 0.06979166666666667 0.32734375 0.00625 0.0046875
1 0.421875 0.32265625 0.0020833333333333333 0.0046875
1 0.0625 0.321875 0.004166666666666667 0.003125
1 0.028125 0.32109375 0.0020833333333333333 0.0015625
1 0.740625 0.325 0.07708333333333334 0.0125
1 0.43020833333333336 0.31796875 0.00625 0.0015625
1 0.8989583333333333 0.3171875 0.0020833333333333333 0.003125
1 0.26145833333333335 0.31484375 0.0020833333333333333 0.0015625
1 0.06458333333333334 0.31328125 0.004166666666666667 0.0015625
1 0.04895833333333333 0.31328125 0.010416666666666666 0.0015625
1 0.034375 0.31328125 0.0020833333333333333 0.0015625
1 0.146875 0.315625 0.00625 0.009375
1 0.778125 0.31328125 0.00625 0.0078125
1 0.7479166666666667 0.30859375 0.004166666666666667 0.0015625
1 0.7572916666666667 0.30703125 0.0020833333333333333 0.0015625
1 0.921875 0.353125 0.05625 0.1
1 0.7677083333333333 0.30625 0.010416666666666666 0.00625
1 0.13645833333333332 0.30390625 0.0020833333333333333 0.0015625
1 0.053125 0.30390625 0.0020833333333333333 0.0015625
1 0.2708333333333333 0.30625 0.016666666666666666 0.0125
1 0.24583333333333332 0.3125 0.025 0.025
1 0.051041666666666666 0.30078125 0.0020833333333333333 0.0015625
1 0.28229166666666666 0.29921875 0.0020833333333333333 0.0015625
1 0.75625 0.29765625 0.004166666666666667 0.0015625
1 0.31354166666666666 0.29765625 0.0020833333333333333 0.0015625
1 0.2552083333333333 0.2984375 0.0020833333333333333 0.003125
1 0.13229166666666667 0.2984375 0.0020833333333333333 0.003125
1 0.04375 0.29609375 0.004166666666666667 0.0015625
1 0.25729166666666664 0.29453125 0.0020833333333333333 0.0015625
1 0.13020833333333334 0.29453125 0.0020833333333333333 0.0015625
1 0.296875 0.2953125 0.01875 0.00625
1 0.3572916666666667 0.31640625 0.16041666666666668 0.0546875
1 0.7947916666666667 0.2875 0.00625 0.00625
1 0.028125 0.28515625 0.0020833333333333333 0.0015625
1 0.2677083333333333 0.28359375 0.0020833333333333333 0.0015625
1 0.921875 0.27890625 0.0020833333333333333 0.0015625
1 0.07708333333333334 0.2796875 0.004166666666666667 0.003125
1 0.7552083333333334 0.27734375 0.0020833333333333333 0.0015625
1 0.278125 0.27890625 0.00625 0.0046875
1 0.284375 0.27578125 0.0020833333333333333 0.0015625
1 0.39479166666666665 0.27421875 0.0020833333333333333 0.0015625
1 0.12604166666666666 0.27265625 0.00625 0.0015625
1 0.13541666666666666 0.27109375 0.004166666666666667 0.0015625
1 0.0020833333333333333 0.271875 0.004166666666666667 0.003125
1 0.06770833333333333 0.26796875 0.0020833333333333333 0.0015625
1 0.3697916666666667 0.26796875 0.010416666666666666 0.0046875
1 0.928125 0.26484375 0.0020833333333333333 0.0015625
1 0.13645833333333332 0.26484375 0.0020833333333333333 0.0015625
1 0.9385416666666667 0.26328125 0.0020833333333333333 0.0015625
1 0.065625 0.26328125 0.0020833333333333333 0.0015625
1 0.11875 0.2640625 0.004166666666666667 0.00625
1 0.36666666666666664 0.26171875 0.004166666666666667 0.0046875
1 0.084375 0.26328125 0.010416666666666666 0.0078125
1 0.13645833333333332 0.26015625 0.0020833333333333333 0.0046875
1 0.11458333333333333 0.2578125 0.004166666666666667 0.003125
1 0.0875 0.25859375 0.004166666666666667 0.0046875
1 0.5333333333333333 0.253125 0.004166666666666667 0.003125
1 0.9302083333333333 0.25078125 0.0020833333333333333 0.0015625
1 0.11041666666666666 0.25234375 0.004166666666666667 0.0046875
1 0.071875 0.25234375 0.00625 0.0046875
1 0.75 0.25 0.004166666666666667 0.003125
1 0.3875 0.25234375 0.03333333333333333 0.0078125
1 0.8885416666666667 0.24609375 0.0020833333333333333 0.0015625
1 0.065625 0.2453125 0.0020833333333333333 0.003125
1 0.10520833333333333 0.24296875 0.0020833333333333333 0.0015625
1 0.065625 0.24140625 0.0020833333333333333 0.0015625
1 0.057291666666666664 0.24765625 0.014583333333333334 0.0140625
1 0.04895833333333333 0.23828125 0.0020833333333333333 0.0015625
1 0.4510416666666667 0.23671875 0.0020833333333333333 0.0015625
1 0.9572916666666667 0.23515625 0.0020833333333333333 0.0015625
1 0.7208333333333333 0.23828125 0.004166666666666667 0.0078125
1 0.06145833333333333 0.23515625 0.0020833333333333333 0.0015625
1 0.96875 0.234375 0.004166666666666667 0.003125
1 0.16875 0.23203125 0.004166666666666667 0.0046875
1 0.07708333333333334 0.2390625 0.016666666666666666 0.028125
1 0.09791666666666667 0.22890625 0.008333333333333333 0.0109375
1 0.865625 0.22265625 0.0020833333333333333 0.0015625
1 0.134375 0.22421875 0.00625 0.0046875
1 0.016666666666666666 0.2234375 0.004166666666666667 0.003125
1 0.13854166666666667 0.22109375 0.0020833333333333333 0.0015625
1 0.06770833333333333 0.22109375 0.0020833333333333333 0.0015625
1 0.20520833333333333 0.2171875 0.00625 0.003125
1 0.14791666666666667 0.2203125 0.0125 0.009375
1 0.05520833333333333 0.22265625 0.010416666666666666 0.0140625
1 0.13125 0.2171875 0.0125 0.00625
1 0.025 0.21875 0.008333333333333333 0.009375
1 0.6989583333333333 0.21875 0.014583333333333334 0.0125
1 0.04895833333333333 0.21328125 0.0020833333333333333 0.0015625
1 0.14270833333333333 0.21171875 0.0020833333333333333 0.0015625
1 0.030208333333333334 0.21171875 0.0020833333333333333 0.0015625
1 0.08854166666666667 0.21015625 0.0020833333333333333 0.0015625
1 0.0375 0.2171875 0.008333333333333333 0.015625
1 0.06354166666666666 0.2125 0.00625 0.009375
1 0.096875 0.2078125 0.00625 0.003125
1 0.057291666666666664 0.20625 0.0020833333333333333 0.003125
1 0.053125 0.20390625 0.0020833333333333333 0.0015625
1 0.1125 0.20703125 0.020833333333333332 0.0109375
1 0.17916666666666667 0.2140625 0.04583333333333333 0.028125
1 0.16354166666666667 0.20390625 0.00625 0.0078125
1 0.096875 0.20078125 0.0020833333333333333 0.0015625
1 0.04583333333333333 0.20078125 0.004166666666666667 0.0015625
1 0.9927083333333333 0.19765625 0.0020833333333333333 0.0015625
1 0.13020833333333334 0.19765625 0.0020833333333333333 0.0015625
1 0.11875 0.20078125 0.016666666666666666 0.0078125
1 0.07291666666666667 0.19765625 0.004166666666666667 0.0015625
1 0.9989583333333333 0.196875 0.0020833333333333333 0.003125
1 0.21041666666666667 0.196875 0.020833333333333332 0.00625
1 0.025 0.19765625 0.008333333333333333 0.0109375
1 0.39479166666666665 0.23125 0.16875 0.08125
1 0.16354166666666667 0.19140625 0.0020833333333333333 0.0015625
1 0.06979166666666667 0.19296875 0.00625 0.0046875
1 0.04583333333333333 0.1953125 0.016666666666666666 0.009375
1 0.04479166666666667 0.19140625 0.0020833333333333333 0.0015625
1 0.005208333333333333 0.19921875 0.010416666666666666 0.0171875
1 0.16770833333333332 0.18828125 0.0020833333333333333 0.0015625
1 0.146875 0.19140625 0.022916666666666665 0.0078125
1 0.28229166666666666 0.18671875 0.0020833333333333333 0.0015625
1 0.019791666666666666 0.18671875 0.0020833333333333333 0.0015625
1 0.171875 0.18515625 0.0020833333333333333 0.0015625
1 0.053125 0.18359375 0.0020833333333333333 0.0015625
1 0.1 0.190625 0.03333333333333333 0.01875
1 0.11145833333333334 0.1828125 0.00625 0.00625
1 0.06770833333333333 0.18046875 0.0020833333333333333 0.0015625
1 0.051041666666666666 0.18046875 0.0020833333333333333 0.0015625
1 0.034375 0.18046875 0.0020833333333333333 0.0015625
1 0.21354166666666666 0.1859375 0.022916666666666665 0.015625
1 0.10416666666666667 0.17890625 0.008333333333333333 0.0015625
1 0.058333333333333334 0.1796875 0.004166666666666667 0.003125
1 0.009375 0.1828125 0.01875 0.009375
1 0.9989583333333333 0.178125 0.0020833333333333333 0.003125
1 0.9708333333333333 0.18125 0.029166666666666667 0.015625
1 0.321875 0.17421875 0.0020833333333333333 0.0015625
1 0.215625 0.17421875 0.0020833333333333333 0.0015625
1 0.32916666666666666 0.17421875 0.008333333333333333 0.0046875
1 0.9989583333333333 0.17109375 0.0020833333333333333 0.0015625
1 0.7041666666666667 0.1703125 0.008333333333333333 0.00625
1 0.20625 0.171875 0.0125 0.009375
1 0.06770833333333333 0.1703125 0.010416666666666666 0.00625
1 0.990625 0.16640625 0.0020833333333333333 0.0015625
1 0.19895833333333332 0.16640625 0.0020833333333333333 0.0015625
1 0.078125 0.1703125 0.00625 0.009375
1 0.9979166666666667 0.165625 0.004166666666666667 0.00625
1 0.24270833333333333 0.16796875 0.022916666666666665 0.0109375
1 0.04479166666666667 0.16875 0.01875 0.0125
1 0.09166666666666666 0.16328125 0.016666666666666666 0.0109375
1 0.022916666666666665 0.16328125 0.008333333333333333 0.0109375
1 0.009375 0.165625 0.01875 0.01875
1 0.278125 0.15625 0.00625 0.003125
1 0.08958333333333333 0.15703125 0.004166666666666667 0.0046875
1 0.07083333333333333 0.15859375 0.020833333333333332 0.0078125
1 0.040625 0.1609375 0.01875 0.0125
1 0.29375 0.15546875 0.008333333333333333 0.0046875
1 0.26875 0.15390625 0.004166666666666667 0.0015625
1 0.24479166666666666 0.15390625 0.010416666666666666 0.0015625
1 0.8354166666666667 0.15390625 0.004166666666666667 0.0046875
1 0.25625 0.153125 0.004166666666666667 0.003125
1 0.4583333333333333 0.15234375 0.004166666666666667 0.0046875
1 0.07604166666666666 0.15078125 0.0020833333333333333 0.0015625
1 0.06979166666666667 0.15078125 0.0020833333333333333 0.0015625
1 0.05520833333333333 0.15078125 0.010416666666666666 0.0046875
1 0.3104166666666667 0.146875 0.008333333333333333 0.003125
1 0.017708333333333333 0.14765625 0.00625 0.0046875
1 0.33541666666666664 0.14609375 0.004166666666666667 0.0046875
1 0.06041666666666667 0.1453125 0.008333333333333333 0.003125
1 0.48333333333333334 0.15 0.016666666666666666 0.01875
1 0.709375 0.140625 0.0020833333333333333 0.003125
1 0.7052083333333333 0.140625 0.0020833333333333333 0.003125
1 0.32916666666666666 0.140625 0.004166666666666667 0.003125
1 0.25833333333333336 0.1421875 0.0125 0.00625
1 0.271875 0.13828125 0.0020833333333333333 0.0015625
1 0.265625 0.13828125 0.0020833333333333333 0.0015625
1 0.09166666666666666 0.13515625 0.008333333333333333 0.0015625
1 0.9854166666666667 0.134375 0.004166666666666667 0.003125
1 0.365625 0.1578125 0.06041666666666667 0.05
1 0.06979166666666667 0.13359375 0.0020833333333333333 0.0015625
1 0.035416666666666666 0.13359375 0.004166666666666667 0.0015625
1 0.10104166666666667 0.1328125 0.0020833333333333333 0.003125
1 0.31145833333333334 0.1328125 0.022916666666666665 0.00625
1 0.28229166666666666 0.13125 0.0020833333333333333 0.003125
1 0.9864583333333333 0.1296875 0.00625 0.003125
1 0.996875 0.1328125 0.00625 0.0125
1 0.18020833333333333 0.153125 0.06458333333333334 0.053125
1 0.08125 0.128125 0.004166666666666667 0.003125
1 0.075 0.13046875 0.004166666666666667 0.0078125
1 0.609375 0.12578125 0.0020833333333333333 0.0015625
1 0.0375 0.1265625 0.004166666666666667 0.003125
1 0.134375 0.12265625 0.0020833333333333333 0.0015625
1 0.8770833333333333 0.21328125 0.24583333333333332 0.1859375
1 0.29791666666666666 0.12109375 0.004166666666666667 0.0015625
1 0.28958333333333336 0.12265625 0.008333333333333333 0.0046875
1 0.096875 0.12109375 0.0020833333333333333 0.0015625
1 0.036458333333333336 0.1203125 0.0020833333333333333 0.003125
1 0.3 0.1171875 0.004166666666666667 0.003125
1 0.28229166666666666 0.121875 0.014583333333333334 0.0125
1 0.06145833333333333 0.11484375 0.0020833333333333333 0.0015625
1 0.0125 0.12265625 0.025 0.0171875
1 0.796875 0.11484375 0.0020833333333333333 0.0046875
1 0.234375 0.11015625 0.0020833333333333333 0.0015625
1 0.019791666666666666 0.11015625 0.0020833333333333333 0.0015625
1 0.035416666666666666 0.11015625 0.0125 0.0078125
1 0.026041666666666668 0.10703125 0.0020833333333333333 0.0015625
1 0.6052083333333333 0.10625 0.0020833333333333333 0.003125
1 0.29375 0.10234375 0.004166666666666667 0.0015625
1 0.3104166666666667 0.1125 0.041666666666666664 0.025
1 0.007291666666666667 0.09609375 0.0020833333333333333 0.0015625
1 0.009375 0.10234375 0.01875 0.0140625
1 0.296875 0.09140625 0.0020833333333333333 0.0015625
1 0.16979166666666667 0.08359375 0.0020833333333333333 0.0015625
1 0.434375 0.15703125 0.14791666666666667 0.1546875
1 0.9135416666666667 0.07109375 0.0020833333333333333 0.0015625
1 0.8010416666666667 0.06015625 0.0020833333333333333 0.0015625
1 0.2520833333333333 0.0875 0.1 0.059375
1 0.10833333333333334 0.10703125 0.21666666666666667 0.1109375
1 0.38125 0.040625 0.020833333333333332 0.01875
1 0.3572916666666667 0.03125 0.0020833333333333333 0.003125
1 0.353125 0.0296875 0.00625 0.00625
1 0.16145833333333334 0.02734375 0.010416666666666666 0.0046875
1 0.6052083333333333 0.02734375 0.010416666666666666 0.0078125
1 0.25833333333333336 0.03203125 0.029166666666666667 0.0171875
1 0.503125 0.01171875 0.0020833333333333333 0.0015625
1 0.10625 0.01015625 0.004166666666666667 0.0015625
1 0.5072916666666667 0.00625 0.0020833333333333333 0.003125
1 0.7520833333333333 0.0046875 0.008333333333333333 0.009375
1 0.7104166666666667 0.309375 0.5791666666666667 0.61875
1 0.503125 0.00078125 0.0020833333333333333 0.0015625
1 0.38333333333333336 0.0015625 0.0125 0.003125
1 0.36770833333333336 0.00390625 0.014583333333333334 0.0078125
1 0.3614583333333333 0.00078125 0.0020833333333333333 0.0015625
1 0.25625 0.00625 0.08333333333333333 0.0125
1 0.09479166666666666 0.021875 0.027083333333333334 0.04375
1 0.042708333333333334 0.0265625 0.08541666666666667 0.053125
