0 0.978125 0.84140625 0.022916666666666665 0.0109375
0 0.9072916666666667 0.79921875 0.0020833333333333333 0.0015625
0 0.8802083333333334 0.79296875 0.0020833333333333333 0.0015625
0 0.884375 0.75859375 0.0020833333333333333 0.0015625
0 0.83125 0.72265625 0.004166666666666667 0.0046875
0 0.8375 0.715625 0.004166666666666667 0.003125
0 0.8458333333333333 0.71328125 0.004166666666666667 0.0015625
0 0.8864583333333333 0.6875 0.0020833333333333333 0.003125
0 0.9104166666666667 0.67265625 0.029166666666666667 0.0359375
0 0.9739583333333334 0.60546875 0.00625 0.0046875
0 0.9708333333333333 0.6015625 0.004166666666666667 0.003125
0 0.9885416666666667 0.60703125 0.022916666666666665 0.0328125
0 0.9708333333333333 0.5921875 0.008333333333333333 0.009375
0 0.434375 0.56484375 0.0020833333333333333 0.0015625
0 0.43854166666666666 0.5640625 0.0020833333333333333 0.003125
0 0.4322916666666667 0.56171875 0.0020833333333333333 0.0015625
0 0.4041666666666667 0.56328125 0.008333333333333333 0.0109375
0 0.396875 0.54921875 0.00625 0.0046875
0 0.9864583333333333 0.54609375 0.00625 0.0078125
0 0.9916666666666667 0.5578125 0.016666666666666666 0.04375
0 0.6291666666666667 0.5265625 0.004166666666666667 0.003125
0 0.4635416666666667 0.50703125 0.0020833333333333333 0.0015625
0 0.4583333333333333 0.5046875 0.004166666666666667 0.003125
0 0.615625 0.50234375 0.0020833333333333333 0.0015625
0 0.35208333333333336 0.5109375 0.025 0.028125
0 0.6354166666666666 0.49609375 0.004166666666666667 0.0046875
0 0.434375 0.5 0.04375 0.021875
0 0.4635416666666667 0.475 0.00625 0.00625
0 0.596875 0.4765625 0.035416666666666666 0.015625
0 0.4864583333333333 0.46953125 0.0020833333333333333 0.0015625
0 0.4947916666666667 0.46796875 0.0020833333333333333 0.0015625
0 0.396875 0.47421875 0.00625 0.0140625
0 0.48020833333333335 0.46640625 0.00625 0.0046875
0 0.9979166666666667 0.446875 0.004166666666666667 0.003125
0 0.5802083333333333 0.44609375 0.0020833333333333333 0.0015625
0 0.5166666666666667 0.47578125 0.06666666666666667 0.0640625
0 0.5510416666666667 0.44375 0.0020833333333333333 0.00625
0 0.540625 0.43984375 0.0020833333333333333 0.0015625
0 0.575 0.44296875 0.004166666666666667 0.0109375
0 0.5604166666666667 0.44921875 0.020833333333333332 0.0234375
0 0.41041666666666665 0.44453125 0.0375 0.0171875
0 0.7697916666666667 0.43515625 0.0020833333333333333 0.0015625
0 0.9302083333333333 0.434375 0.014583333333333334 0.00625
0 0.671875 0.4328125 0.0020833333333333333 0.003125
0 0.5552083333333333 0.434375 0.010416666666666666 0.00625
0 0.3458333333333333 0.43359375 0.004166666666666667 0.0046875
0 0.3729166666666667 0.44140625 0.029166666666666667 0.0265625
0 0.76875 0.428125 0.004166666666666667 0.003125
0 0.6395833333333333 0.42890625 0.0125 0.0046875
0 0.621875 0.42578125 0.0020833333333333333 0.0015625
0 0.709375 0.42421875 0.0020833333333333333 0.0015625
0 0.7645833333333333 0.42265625 0.004166666666666667 0.0046875
0 0.684375 0.41796875 0.0020833333333333333 0.0015625
0 0.6083333333333333 0.42734375 0.016666666666666666 0.0234375
0 0.71875 0.4140625 0.008333333333333333 0.003125
0 0.7427083333333333 0.41484375 0.0020833333333333333 0.0078125
0 0.59375 0.4109375 0.004166666666666667 0.003125
0 0.6989583333333333 0.409375 0.00625 0.003125
0 0.7885416666666667 0.41796875 0.03125 0.0234375
0 0.7427083333333333 0.4078125 0.0020833333333333333 0.003125
0 0.5885416666666666 0.40703125 0.00625 0.0046875
0 0.5770833333333333 0.40546875 0.004166666666666667 0.0015625
0 0.5583333333333333 0.409375 0.016666666666666666 0.009375
0 0.5302083333333333 0.40546875 0.0020833333333333333 0.0015625
0 0.4666666666666667 0.41015625 0.016666666666666666 0.0171875
0 0.4114583333333333 0.40859375 0.01875 0.0140625
0 0.7645833333333333 0.40234375 0.004166666666666667 0.0046875
0 0.7302083333333333 0.40078125 0.0020833333333333333 0.0015625
0 0.571875 0.40078125 0.0020833333333333333 0.0015625
0 0.7697916666666667 0.39609375 0.0020833333333333333 0.0015625
0 0.7354166666666667 0.39765625 0.004166666666666667 0.0046875
0 0.596875 0.39453125 0.0020833333333333333 0.0015625
0 0.43645833333333334 0.396875 0.00625 0.00625
0 0.7552083333333334 0.39296875 0.010416666666666666 0.0046875
0 0.5802083333333333 0.39609375 0.00625 0.0109375
0 0.7052083333333333 0.38828125 0.0020833333333333333 0.0015625
0 0.6989583333333333 0.38671875 0.0020833333333333333 0.0015625
0 0.703125 0.39296875 0.035416666666666666 0.0140625
0 0.7041666666666667 0.384375 0.008333333333333333 0.003125
0 0.703125 0.38046875 0.0020833333333333333 0.0015625
0 0.6864583333333333 0.37890625 0.0020833333333333333 0.0015625
0 0.425 0.37890625 0.004166666666666667 0.0046875
0 0.42083333333333334 0.38515625 0.029166666666666667 0.0203125
0 0.7635416666666667 0.371875 0.010416666666666666 0.00625
0 0.6041666666666666 0.38828125 0.041666666666666664 0.0390625
0 0.8677083333333333 0.36953125 0.06458333333333334 0.0203125
0 0.8104166666666667 0.38203125 0.06666666666666667 0.0453125
0 0.46770833333333334 0.35859375 0.0020833333333333333 0.0015625
0 0.48020833333333335 0.36875 0.04375 0.025
0 0.20520833333333333 0.35234375 0.0020833333333333333 0.0015625
0 0.840625 0.35234375 0.014583333333333334 0.0046875
0 0.596875 0.35078125 0.0020833333333333333 0.0015625
0 0.540625 0.375 0.07291666666666667 0.05
0 0.034375 0.35078125 0.0020833333333333333 0.0015625
0 0.028125 0.35078125 0.0020833333333333333 0.0015625
0 0.6364583333333333 0.34765625 0.0020833333333333333 0.0015625
0 0.6010416666666667 0.34765625 0.0020833333333333333 0.0015625
0 0.8197916666666667 0.34296875 0.0020833333333333333 0.0015625
0 0.8145833333333333 0.34375 0.004166666666666667 0.003125
0 0.659375 0.34296875 0.0020833333333333333 0.0015625
0 0.6552083333333333 0.34296875 0.0020833333333333333 0.0015625
0 0.7239583333333334 0.34609375 0.01875 0.0109375
0 0.6239583333333333 0.34296875 0.010416666666666666 0.0046875
0 0.6822916666666666 0.33984375 0.0020833333333333333 0.0015625
0 0.6802083333333333 0.33671875 0.0020833333333333333 0.0015625
0 0.740625 0.34296875 0.014583333333333334 0.0203125
0 0.5114583333333333 0.33984375 0.03125 0.0203125
0 0.7052083333333333 0.3265625 0.014583333333333334 0.003125
0 0.034375 0.3390625 0.06875 0.03125
0 0.8635416666666667 0.325 0.014583333333333334 0.00625
0 0.509375 0.32265625 0.00625 0.0046875
0 0.859375 0.32109375 0.014583333333333334 0.0078125
0 0.8083333333333333 0.32109375 0.04583333333333333 0.0140625
0 0.828125 0.3125 0.0020833333333333333 0.003125
0 0.8572916666666667 0.31171875 0.027083333333333334 0.0078125
0 0.8614583333333333 0.30703125 0.00625 0.0015625
0 0.8510416666666667 0.30546875 0.0020833333333333333 0.0015625
0 0.71875 0.315625 0.07083333333333333 0.028125
0 0.58125 0.32421875 0.07083333333333333 0.0484375
0 0.3802083333333333 0.30078125 0.0020833333333333333 0.0015625
0 0.8979166666666667 0.29921875 0.004166666666666667 0.0015625
0 0.534375 0.29921875 0.0020833333333333333 0.0015625
0 0.46770833333333334 0.29921875 0.0020833333333333333 0.0015625
0 0.453125 0.303125 0.03958333333333333 0.01875
0 0.8739583333333333 0.29296875 0.0020833333333333333 0.0015625
0 0.7458333333333333 0.29921875 0.008333333333333333 0.0140625
0 0.771875 0.3 0.03958333333333333 0.021875
0 0.9364583333333333 0.28671875 0.0020833333333333333 0.0015625
0 0.36875 0.2875 0.004166666666666667 0.003125
0 0.721875 0.29140625 0.01875 0.0140625
0 0.6927083333333334 0.28984375 0.014583333333333334 0.0109375
0 0.8427083333333333 0.28203125 0.0020833333333333333 0.0015625
0 0.48020833333333335 0.28203125 0.0020833333333333333 0.0015625
0 0.39895833333333336 0.28671875 0.010416666666666666 0.0109375
0 0.371875 0.2828125 0.0020833333333333333 0.003125
0 0.6125 0.28203125 0.016666666666666666 0.0046875
0 0.8708333333333333 0.278125 0.008333333333333333 0.003125
0 0.815625 0.27734375 0.0020833333333333333 0.0015625
0 0.8114583333333333 0.27578125 0.0020833333333333333 0.0015625
0 0.7989583333333333 0.2796875 0.00625 0.009375
0 0.8802083333333334 0.290625 0.10625 0.034375
0 0.8739583333333333 0.27421875 0.0020833333333333333 0.0015625
0 0.821875 0.2765625 0.00625 0.009375
0 0.8135416666666667 0.271875 0.00625 0.003125
0 0.365625 0.27109375 0.0020833333333333333 0.0015625
0 0.88125 0.271875 0.008333333333333333 0.00625
0 0.43854166666666666 0.2765625 0.027083333333333334 0.01875
0 0.9135416666666667 0.26640625 0.0020833333333333333 0.0015625
0 0.7989583333333333 0.2671875 0.00625 0.003125
0 0.36666666666666664 0.26796875 0.008333333333333333 0.0046875
0 0.53125 0.27109375 0.016666666666666666 0.0140625
0 0.35833333333333334 0.2640625 0.004166666666666667 0.003125
0 0.846875 0.27109375 0.03125 0.0203125
0 0.784375 0.2640625 0.01875 0.009375
0 0.35520833333333335 0.25859375 0.0020833333333333333 0.0015625
0 0.821875 0.25703125 0.0020833333333333333 0.0046875
0 0.828125 0.25234375 0.0020833333333333333 0.0015625
0 0.571875 0.24765625 0.0020833333333333333 0.0015625
0 0.49270833333333336 0.2671875 0.04375 0.04375
0 0.38229166666666664 0.25078125 0.010416666666666666 0.0140625
0 0.503125 0.24296875 0.0020833333333333333 0.0015625
0 0.9572916666666667 0.23984375 0.0020833333333333333 0.0015625
0 0.609375 0.240625 0.0020833333333333333 0.003125
0 0.615625 0.2515625 0.01875 0.028125
0 0.6645833333333333 0.26171875 0.07916666666666666 0.0546875
0 0.7822916666666667 0.234375 0.00625 0.00625
0 0.76875 0.2328125 0.004166666666666667 0.003125
0 0.740625 0.23125 0.0020833333333333333 0.003125
0 0.721875 0.2578125 0.04375 0.05625
0 0.5697916666666667 0.228125 0.0020833333333333333 0.003125
0 0.565625 0.22734375 0.0020833333333333333 0.0015625
0 0.5385416666666667 0.22734375 0.0020833333333333333 0.0015625
0 0.571875 0.22265625 0.0020833333333333333 0.0015625
0 0.5802083333333333 0.21796875 0.0020833333333333333 0.0015625
0 0.59375 0.221875 0.008333333333333333 0.0125
0 0.9958333333333333 0.215625 0.008333333333333333 0.00625
0 0.5635416666666667 0.21640625 0.01875 0.0078125
0 0.4322916666666667 0.2140625 0.0020833333333333333 0.003125
0 0.253125 0.21328125 0.0020833333333333333 0.0015625
0 0.43020833333333336 0.21015625 0.0020833333333333333 0.0015625
0 0.4354166666666667 0.23125 0.04583333333333333 0.05
0 0.5166666666666667 0.21953125 0.05 0.0296875
0 0.603125 0.20234375 0.00625 0.0015625
0 0.303125 0.20234375 0.0020833333333333333 0.0015625
0 0.23958333333333334 0.1984375 0.004166666666666667 0.003125
0 0.8364583333333333 0.1984375 0.00625 0.00625
0 0.4010416666666667 0.196875 0.010416666666666666 0.0125
0 0.20520833333333333 0.18984375 0.0020833333333333333 0.0015625
0 0.209375 0.18828125 0.0020833333333333333 0.0015625
0 0.7979166666666667 0.20078125 0.029166666666666667 0.0296875
0 0.7739583333333333 0.18984375 0.010416666666666666 0.0078125
0 0.28020833333333334 0.18671875 0.0020833333333333333 0.0015625
0 0.5604166666666667 0.1859375 0.016666666666666666 0.003125
0 0.5760416666666667 0.1859375 0.010416666666666666 0.00625
0 0.29791666666666666 0.1890625 0.0125 0.0125
0 0.990625 0.1875 0.01875 0.0125
0 0.696875 0.18203125 0.0020833333333333333 0.0015625
0 0.6385416666666667 0.18671875 0.022916666666666665 0.0234375
0 0.3572916666666667 0.2046875 0.11875 0.0625
0 0.696875 0.17265625 0.0020833333333333333 0.0015625
0 0.19895833333333332 0.17265625 0.0020833333333333333 0.0015625
0 0.8802083333333334 0.17109375 0.0020833333333333333 0.0015625
0 0.296875 0.171875 0.00625 0.003125
0 0.99375 0.17265625 0.0125 0.0078125
0 0.6864583333333333 0.16875 0.010416666666666666 0.00625
0 0.5447916666666667 0.16640625 0.0020833333333333333 0.0015625
0 0.30104166666666665 0.16640625 0.0020833333333333333 0.0015625
0 0.296875 0.16484375 0.0020833333333333333 0.0015625
0 0.6802083333333333 0.16328125 0.0020833333333333333 0.0015625
0 0.6739583333333333 0.178125 0.052083333333333336 0.03125
0 0.5885416666666666 0.16171875 0.0020833333333333333 0.0015625
0 0.19375 0.16171875 0.004166666666666667 0.0015625
0 0.5697916666666667 0.16015625 0.0020833333333333333 0.0015625
0 0.565625 0.159375 0.0020833333333333333 0.003125
0 0.3104166666666667 0.16484375 0.0125 0.0140625
0 0.5895833333333333 0.1578125 0.004166666666666667 0.003125
0 0.4083333333333333 0.171875 0.0625 0.034375
0 0.45729166666666665 0.15390625 0.0020833333333333333 0.0015625
0 0.31145833333333334 0.15390625 0.0020833333333333333 0.0015625
0 0.421875 0.15234375 0.0020833333333333333 0.0015625
0 0.21979166666666666 0.153125 0.0020833333333333333 0.003125
0 0.5489583333333333 0.16015625 0.035416666666666666 0.0203125
0 0.7010416666666667 0.1515625 0.010416666666666666 0.00625
0 0.6302083333333334 0.14921875 0.0020833333333333333 0.0015625
0 0.615625 0.15 0.014583333333333334 0.00625
0 0.4239583333333333 0.14765625 0.0020833333333333333 0.0015625
0 0.30416666666666664 0.1484375 0.004166666666666667 0.003125
0 0.6177083333333333 0.14609375 0.0020833333333333333 0.0015625
0 0.29583333333333334 0.146875 0.004166666666666667 0.003125
0 0.19791666666666666 0.15234375 0.016666666666666666 0.0140625
0 0.7322916666666667 0.1453125 0.0020833333333333333 0.003125
0 0.43645833333333334 0.15546875 0.022916666666666665 0.0265625
0 0.7385416666666667 0.14140625 0.00625 0.0015625
0 0.3020833333333333 0.1421875 0.004166666666666667 0.003125
0 0.6947916666666667 0.140625 0.0020833333333333333 0.003125
0 0.6385416666666667 0.14375 0.014583333333333334 0.009375
0 0.6197916666666666 0.140625 0.0020833333333333333 0.003125
0 0.29583333333333334 0.14140625 0.004166666666666667 0.0046875
0 0.6052083333333333 0.14375 0.022916666666666665 0.0125
0 0.7625 0.13828125 0.004166666666666667 0.0046875
0 0.7052083333333333 0.1421875 0.01875 0.015625
0 0.971875 0.13203125 0.0020833333333333333 0.0015625
0 0.9677083333333333 0.13203125 0.0020833333333333333 0.0015625
0 0.7208333333333333 0.134375 0.008333333333333333 0.00625
0 0.6947916666666667 0.1328125 0.00625 0.003125
0 0.6614583333333334 0.13515625 0.010416666666666666 0.0078125
0 0.5635416666666667 0.13515625 0.00625 0.0078125
0 0.9239583333333333 0.13046875 0.0020833333333333333 0.0046875
0 0.703125 0.13046875 0.0020833333333333333 0.0046875
0 0.2864583333333333 0.12890625 0.0020833333333333333 0.0015625
0 0.6947916666666667 0.12734375 0.0020833333333333333 0.0015625
0 0.98125 0.13828125 0.016666666666666666 0.0265625
0 0.7635416666666667 0.12890625 0.010416666666666666 0.0078125
0 0.684375 0.13203125 0.03125 0.0171875
0 0.715625 0.125 0.03125 0.009375
0 0.5177083333333333 0.12109375 0.0020833333333333333 0.0015625
0 0.40729166666666666 0.13046875 0.04791666666666667 0.0234375
0 0.3145833333333333 0.13671875 0.058333333333333334 0.0359375
0 0.5364583333333334 0.11640625 0.0020833333333333333 0.0015625
0 0.5177083333333333 0.1171875 0.0020833333333333333 0.003125
0 0.22708333333333333 0.15859375 0.06666666666666667 0.0859375
0 0.6854166666666667 0.11796875 0.020833333333333332 0.0078125
0 0.54375 0.13203125 0.0375 0.0359375
0 0.540625 0.11484375 0.0020833333333333333 0.0015625
0 0.5020833333333333 0.11875 0.0125 0.0125
0 0.996875 0.1140625 0.00625 0.00625
0 0.7395833333333334 0.11171875 0.004166666666666667 0.0015625
0 0.5583333333333333 0.1125 0.004166666666666667 0.003125
0 0.553125 0.11171875 0.0020833333333333333 0.0015625
0 0.5447916666666667 0.1125 0.0020833333333333333 0.003125
0 0.7479166666666667 0.11171875 0.004166666666666667 0.0046875
0 0.403125 0.1109375 0.00625 0.003125
0 0.7895833333333333 0.11328125 0.020833333333333332 0.0109375
0 0.371875 0.10859375 0.0020833333333333333 0.0015625
0 0.765625 0.115625 0.022916666666666665 0.01875
0 0.7927083333333333 0.10546875 0.0020833333333333333 0.0015625
0 0.6510416666666666 0.10390625 0.00625 0.0046875
0 0.9458333333333333 0.1140625 0.041666666666666664 0.028125
0 0.684375 0.09921875 0.0020833333333333333 0.0015625
0 0.6427083333333333 0.10234375 0.00625 0.0078125
0 0.9979166666666667 0.0984375 0.004166666666666667 0.003125
0 0.959375 0.096875 0.0020833333333333333 0.003125
0 0.7385416666666667 0.10234375 0.027083333333333334 0.0140625
0 0.6635416666666667 0.096875 0.00625 0.003125
0 0.48541666666666666 0.09765625 0.008333333333333333 0.0046875
0 0.6947916666666667 0.09765625 0.014583333333333334 0.0078125
0 0.4427083333333333 0.09453125 0.0020833333333333333 0.0015625
0 0.946875 0.09296875 0.0020833333333333333 0.0015625
0 0.7979166666666667 0.0984375 0.0125 0.0125
0 0.9854166666666667 0.08984375 0.020833333333333332 0.0078125
0 0.46979166666666666 0.08671875 0.0020833333333333333 0.0015625
0 0.59375 0.08828125 0.0125 0.0078125
0 0.996875 0.084375 0.00625 0.003125
0 0.7635416666666667 0.084375 0.0020833333333333333 0.003125
0 0.58125 0.084375 0.004166666666666667 0.003125
0 0.7947916666666667 0.0859375 0.010416666666666666 0.009375
0 0.6635416666666667 0.07734375 0.0020833333333333333 0.0015625
0 0.659375 0.07734375 0.0020833333333333333 0.0015625
0 0.9802083333333333 0.07734375 0.00625 0.0046875
0 0.26979166666666665 0.07578125 0.010416666666666666 0.0078125
0 0.46875 0.13046875 0.09583333333333334 0.1203125
0 0.39479166666666665 0.078125 0.010416666666666666 0.015625
0 0.6385416666666667 0.06953125 0.0020833333333333333 0.0015625
0 0.634375 0.06953125 0.0020833333333333333 0.0015625
0 0.628125 0.06953125 0.0020833333333333333 0.0015625
0 0.38229166666666664 0.07265625 0.00625 0.0078125
0 0.5052083333333334 0.06953125 0.0020833333333333333 0.0046875
0 0.40729166666666666 0.07109375 0.010416666666666666 0.0078125
0 0.9010416666666666 0.17109375 0.18125 0.2109375
0 0.6895833333333333 0.0671875 0.004166666666666667 0.003125
0 0.678125 0.06640625 0.0020833333333333333 0.0015625
0 0.653125 0.075 0.022916666666666665 0.01875
0 0.503125 0.06484375 0.0020833333333333333 0.0015625
0 0.6802083333333333 0.06328125 0.0020833333333333333 0.0015625
0 0.3802083333333333 0.0640625 0.0020833333333333333 0.003125
0 0.53125 0.08203125 0.041666666666666664 0.0421875
0 0.9625 0.07265625 0.025 0.0265625
0 0.9572916666666667 0.06484375 0.010416666666666666 0.0109375
0 0.671875 0.0671875 0.014583333333333334 0.015625
0 0.7125 0.059375 0.004166666666666667 0.003125
0 0.7 0.06796875 0.029166666666666667 0.0203125
0 0.41458333333333336 0.0625 0.0125 0.009375
0 0.35833333333333334 0.0625 0.016666666666666666 0.009375
0 0.7729166666666667 0.065625 0.0375 0.021875
0 0.5197916666666667 0.0578125 0.00625 0.00625
0 0.9447916666666667 0.05234375 0.0020833333333333333 0.0015625
0 0.6114583333333333 0.0671875 0.04375 0.03125
0 0.3885416666666667 0.05625 0.022916666666666665 0.0125
0 0.9510416666666667 0.04921875 0.0020833333333333333 0.0015625
0 0.821875 0.04765625 0.0020833333333333333 0.0015625
0 0.31875 0.0484375 0.008333333333333333 0.003125
0 0.49583333333333335 0.046875 0.004166666666666667 0.003125
0 0.8104166666666667 0.04765625 0.016666666666666666 0.0109375
0 0.38958333333333334 0.04140625 0.008333333333333333 0.0046875
0 0.7395833333333334 0.0546875 0.020833333333333332 0.034375
0 0.48020833333333335 0.05625 0.03125 0.0375
0 0.85 0.04140625 0.03333333333333333 0.0140625
0 0.4375 0.034375 0.008333333333333333 0.00625
0 0.8052083333333333 0.03359375 0.01875 0.0109375
0 0.5145833333333333 0.03671875 0.025 0.0171875
0 0.37395833333333334 0.02890625 0.0020833333333333333 0.0015625
0 0.8145833333333333 0.028125 0.004166666666666667 0.003125
0 0.9770833333333333 0.0453125 0.04583333333333333 0.040625
0 0.365625 0.0296875 0.010416666666666666 0.009375
0 0.8541666666666666 0.0265625 0.041666666666666664 0.0125
0 0.796875 0.021875 0.0020833333333333333 0.003125
0 0.421875 0.02265625 0.010416666666666666 0.0046875
0 0.746875 0.021875 0.0020833333333333333 0.00625
0 0.80625 0.01875 0.004166666666666667 0.003125
0 0.16458333333333333 0.0203125 0.004166666666666667 0.00625
0 0.446875 0.015625 0.0020833333333333333 0.003125
0 0.8927083333333333 0.01328125 0.0020833333333333333 0.0015625
0 0.753125 0.0109375 0.0020833333333333333 0.003125
0 0.8041666666666667 0.01328125 0.0125 0.0109375
0 0.9927083333333333 0.01015625 0.014583333333333334 0.0078125
0 0.47708333333333336 0.01796875 0.03333333333333333 0.0234375
0 0.996875 0.00390625 0.00625 0.0046875
0 0.9364583333333333 0.00234375 0.00625 0.0046875
0 0.8729166666666667 0.003125 0.0125 0.00625
0 0.22916666666666666 0.01171875 0.0375 0.0234375
0 0.18333333333333332 0.0125 0.025 0.025
1 0.9572916666666667 0.88828125 0.0020833333333333333 0.0015625
1 0.9479166666666666 0.87890625 0.004166666666666667 0.0046875
1 0.8375 0.88046875 0.008333333333333333 0.0109375
1 0.9458333333333333 0.8734375 0.004166666666666667 0.003125
1 0.8520833333333333 0.87890625 0.020833333333333332 0.0171875
1 0.903125 0.86484375 0.0020833333333333333 0.0015625
1 0.8989583333333333 0.86328125 0.0020833333333333333 0.0015625
1 0.9322916666666666 0.86171875 0.0020833333333333333 0.0015625
1 0.903125 0.86171875 0.0020833333333333333 0.0015625
1 0.89375 0.8625 0.004166666666666667 0.003125
1 0.990625 0.859375 0.0020833333333333333 0.003125
1 0.8708333333333333 0.86484375 0.016666666666666666 0.0140625
1 0.9208333333333333 0.859375 0.029166666666666667 0.00625
1 0.8364583333333333 0.8625 0.00625 0.0125
1 0.9885416666666667 0.85546875 0.0020833333333333333 0.0015625
1 0.9395833333333333 0.85859375 0.008333333333333333 0.0109375
1 0.9770833333333333 0.85234375 0.004166666666666667 0.0015625
1 0.8875 0.853125 0.004166666666666667 0.003125
1 0.909375 0.8515625 0.03958333333333333 0.0125
1 0.8979166666666667 0.846875 0.004166666666666667 0.003125
1 0.89375 0.84765625 0.004166666666666667 0.0046875
1 0.9854166666666667 0.84765625 0.008333333333333333 0.0078125
1 0.996875 0.84375 0.00625 0.003125
1 0.928125 0.84296875 0.0020833333333333333 0.0015625
1 0.9010416666666666 0.84140625 0.0020833333333333333 0.0015625
1 0.8864583333333333 0.8421875 0.0020833333333333333 0.003125
1 0.9322916666666666 0.83984375 0.0020833333333333333 0.0015625
1 0.91875 0.83515625 0.016666666666666666 0.0078125
1 0.9697916666666667 0.83046875 0.0020833333333333333 0.0015625
1 0.915625 0.83046875 0.0020833333333333333 0.0015625
1 0.9114583333333334 0.83046875 0.0020833333333333333 0.0046875
1 0.9239583333333333 0.82734375 0.0020833333333333333 0.0015625
1 0.996875 0.821875 0.00625 0.00625
1 0.9052083333333333 0.81875 0.0020833333333333333 0.003125
1 0.8552083333333333 0.834375 0.08958333333333333 0.034375
1 0.9114583333333334 0.81640625 0.0020833333333333333 0.0015625
1 0.8479166666666667 0.74609375 0.004166666666666667 0.0015625
1 0.8510416666666667 0.74375 0.010416666666666666 0.003125
1 0.840625 0.74375 0.0020833333333333333 0.003125
1 0.834375 0.74296875 0.0020833333333333333 0.0015625
1 0.828125 0.73359375 0.0020833333333333333 0.0015625
1 0.2864583333333333 0.73203125 0.0020833333333333333 0.0015625
1 0.8260416666666667 0.721875 0.010416666666666666 0.01875
1 0.27395833333333336 0.71171875 0.0020833333333333333 0.0015625
1 0.8333333333333334 0.7078125 0.004166666666666667 0.003125
1 0.27395833333333336 0.70703125 0.0020833333333333333 0.0015625
1 0.325 0.70234375 0.004166666666666667 0.0015625
1 0.9677083333333333 0.69921875 0.0020833333333333333 0.0015625
1 0.9635416666666666 0.690625 0.010416666666666666 0.00625
1 0.9666666666666667 0.68515625 0.004166666666666667 0.0015625
1 0.9614583333333333 0.6828125 0.0020833333333333333 0.003125
1 0.95625 0.68203125 0.004166666666666667 0.0015625
1 0.85625 0.68359375 0.004166666666666667 0.0046875
1 0.946875 0.68046875 0.010416666666666666 0.0015625
1 0.9385416666666667 0.68046875 0.0020833333333333333 0.0015625
1 0.859375 0.68046875 0.0020833333333333333 0.0015625
1 0.259375 0.67734375 0.0020833333333333333 0.0015625
1 0.8572916666666667 0.67578125 0.0020833333333333333 0.0015625
1 0.9958333333333333 0.67421875 0.008333333333333333 0.0046875
1 0.978125 0.66171875 0.0020833333333333333 0.0015625
1 0.9302083333333333 0.6703125 0.010416666666666666 0.01875
1 0.9208333333333333 0.7796875 0.15833333333333333 0.240625
1 0.8739583333333333 0.6625 0.0020833333333333333 0.00625
1 0.9822916666666667 0.65859375 0.0020833333333333333 0.0015625
1 0.9302083333333333 0.65078125 0.0020833333333333333 0.0015625
1 0.9885416666666667 0.65703125 0.022916666666666665 0.0171875
1 0.871875 0.64921875 0.0020833333333333333 0.0078125
1 0.9875 0.64375 0.004166666666666667 0.00625
1 0.89375 0.64375 0.0125 0.00625
1 0.984375 0.63828125 0.0020833333333333333 0.0015625
1 0.884375 0.63828125 0.00625 0.0015625
1 0.32708333333333334 0.646875 0.020833333333333332 0.021875
1 0.2916666666666667 0.6796875 0.058333333333333334 0.103125
1 0.990625 0.63203125 0.00625 0.0140625
1 0.975 0.62265625 0.004166666666666667 0.0046875
1 0.96875 0.61640625 0.004166666666666667 0.0046875
1 0.4875 0.6078125 0.016666666666666666 0.009375
1 0.509375 0.60234375 0.0020833333333333333 0.0015625
1 0.49270833333333336 0.59921875 0.010416666666666666 0.0109375
1 0.459375 0.59453125 0.0020833333333333333 0.0015625
1 0.47708333333333336 0.596875 0.016666666666666666 0.0125
1 0.9802083333333333 0.58125 0.00625 0.003125
1 0.96875 0.58125 0.004166666666666667 0.003125
1 0.47708333333333336 0.57890625 0.004166666666666667 0.0015625
1 0.475 0.57578125 0.008333333333333333 0.0015625
1 0.478125 0.5828125 0.04375 0.021875
1 0.46145833333333336 0.57265625 0.0020833333333333333 0.0015625
1 0.465625 0.571875 0.0020833333333333333 0.003125
1 0.9677083333333333 0.57421875 0.014583333333333334 0.0109375
1 0.49895833333333334 0.56953125 0.0020833333333333333 0.0015625
1 0.965625 0.56796875 0.0020833333333333333 0.0015625
1 0.475 0.56953125 0.0125 0.0046875
1 0.49895833333333334 0.56640625 0.0020833333333333333 0.0015625
1 0.9572916666666667 0.565625 0.0020833333333333333 0.003125
1 0.31979166666666664 0.56484375 0.0020833333333333333 0.0015625
1 0.48020833333333335 0.56328125 0.0020833333333333333 0.0015625
1 0.5489583333333333 0.55234375 0.0020833333333333333 0.0015625
1 0.8416666666666667 0.54765625 0.004166666666666667 0.0015625
1 0.6302083333333334 0.5484375 0.0020833333333333333 0.003125
1 0.8364583333333333 0.54609375 0.00625 0.0078125
1 0.9729166666666667 0.5421875 0.004166666666666667 0.003125
1 0.965625 0.5421875 0.00625 0.003125
1 0.934375 0.53984375 0.0020833333333333333 0.0015625
1 0.8822916666666667 0.53984375 0.0020833333333333333 0.0015625
1 0.6135416666666667 0.53984375 0.0020833333333333333 0.0015625
1 0.9760416666666667 0.53828125 0.0020833333333333333 0.0015625
1 0.925 0.53828125 0.004166666666666667 0.0015625
1 0.43333333333333335 0.54375 0.0125 0.015625
1 0.9822916666666667 0.53359375 0.0020833333333333333 0.0015625
1 0.06770833333333333 0.53359375 0.0020833333333333333 0.0015625
1 0.06354166666666666 0.53359375 0.0020833333333333333 0.0015625
1 0.6 0.53203125 0.004166666666666667 0.0046875
1 0.5927083333333333 0.53046875 0.0020833333333333333 0.0015625
1 0.065625 0.53046875 0.0020833333333333333 0.0015625
1 0.9135416666666667 0.52890625 0.00625 0.0015625
1 0.7447916666666666 0.52734375 0.0020833333333333333 0.0015625
1 0.49895833333333334 0.52734375 0.0020833333333333333 0.0015625
1 0.43020833333333336 0.52734375 0.0020833333333333333 0.0015625
1 0.921875 0.5265625 0.0020833333333333333 0.003125
1 0.9177083333333333 0.52578125 0.0020833333333333333 0.0015625
1 0.023958333333333335 0.528125 0.010416666666666666 0.00625
1 0.9125 0.525 0.004166666666666667 0.003125
1 0.37604166666666666 0.571875 0.15208333333333332 0.096875
1 0.036458333333333336 0.5265625 0.0020833333333333333 0.00625
1 0.03229166666666667 0.52734375 0.0020833333333333333 0.0078125
1 0.017708333333333333 0.52265625 0.0020833333333333333 0.0015625
1 0.034375 0.5203125 0.0020833333333333333 0.003125
1 0.8885416666666667 0.51796875 0.0020833333333333333 0.0015625
1 0.903125 0.51484375 0.0020833333333333333 0.0015625
1 0.026041666666666668 0.51875 0.010416666666666666 0.009375
1 0.9864583333333333 0.5140625 0.0020833333333333333 0.003125
1 0.9760416666666667 0.51484375 0.010416666666666666 0.0046875
1 0.9083333333333333 0.5125 0.004166666666666667 0.003125
1 0.9802083333333333 0.51015625 0.0020833333333333333 0.0015625
1 0.5291666666666667 0.5125 0.004166666666666667 0.00625
1 0.9739583333333334 0.509375 0.00625 0.003125
1 0.90625 0.50703125 0.004166666666666667 0.0015625
1 0.5114583333333333 0.52109375 0.022916666666666665 0.0328125
1 0.6322916666666667 0.50234375 0.0020833333333333333 0.0015625
1 0.5270833333333333 0.53359375 0.1625 0.0671875
1 0.6354166666666666 0.5203125 0.0375 0.05
1 0.903125 0.49296875 0.0020833333333333333 0.0015625
1 0.375 0.49296875 0.004166666666666667 0.0015625
1 0.3625 0.49453125 0.0125 0.0078125
1 0.48020833333333335 0.49921875 0.03125 0.0203125
1 0.34270833333333334 0.48984375 0.0020833333333333333 0.0015625
1 0.9166666666666666 0.4859375 0.004166666666666667 0.003125
1 0.3125 0.48515625 0.004166666666666667 0.0015625
1 0.39479166666666665 0.51328125 0.06458333333333334 0.0609375
1 0.2875 0.484375 0.008333333333333333 0.003125
1 0.40208333333333335 0.48359375 0.004166666666666667 0.0046875
1 0.325 0.4859375 0.020833333333333332 0.009375
1 0.014583333333333334 0.4828125 0.004166666666666667 0.003125
1 0.8791666666666667 0.48203125 0.004166666666666667 0.0046875
1 0.003125 0.4828125 0.00625 0.00625
1 0.8729166666666667 0.48125 0.004166666666666667 0.00625
1 0.2677083333333333 0.47890625 0.0020833333333333333 0.0015625
1 0.5614583333333333 0.47734375 0.00625 0.0015625
1 0.259375 0.47578125 0.0020833333333333333 0.0015625
1 0.25104166666666666 0.47265625 0.00625 0.0046875
1 0.6677083333333333 0.46953125 0.0020833333333333333 0.0015625
1 0.29270833333333335 0.46953125 0.0020833333333333333 0.0015625
1 0.24479166666666666 0.46953125 0.0020833333333333333 0.0015625
1 0.7697916666666667 0.47109375 0.00625 0.0078125
1 0.23645833333333333 0.46640625 0.0020833333333333333 0.0015625
1 0.221875 0.46484375 0.0020833333333333333 0.0015625
1 0.24895833333333334 0.4640625 0.0020833333333333333 0.003125
1 0.009375 0.46953125 0.01875 0.0140625
1 0.24270833333333333 0.46171875 0.0020833333333333333 0.0015625
1 0.3885416666666667 0.4625 0.00625 0.00625
1 0.2625 0.46015625 0.004166666666666667 0.0015625
1 0.25104166666666666 0.46015625 0.0020833333333333333 0.0015625
1 0.415625 0.4734375 0.027083333333333334 0.03125
1 0.25729166666666664 0.45859375 0.0020833333333333333 0.0015625
1 0.25104166666666666 0.45703125 0.0020833333333333333 0.0015625
1 0.22916666666666666 0.459375 0.016666666666666666 0.00625
1 0.36770833333333336 0.471875 0.01875 0.0375
1 0.5989583333333334 0.45703125 0.014583333333333334 0.0140625
1 0.934375 0.44765625 0.0020833333333333333 0.0015625
1 0.35208333333333336 0.44765625 0.004166666666666667 0.0046875
1 0.346875 0.44375 0.00625 0.00625
1 0.4739583333333333 0.43984375 0.0020833333333333333 0.0015625
1 0.9395833333333333 0.43828125 0.004166666666666667 0.0015625
1 0.48125 0.44921875 0.029166666666666667 0.0234375
1 0.3614583333333333 0.44453125 0.014583333333333334 0.0140625
1 0.909375 0.4375 0.010416666666666666 0.003125
1 0.7635416666666667 0.4375 0.0020833333333333333 0.003125
1 0.946875 0.4359375 0.00625 0.003125
1 0.43020833333333336 0.43515625 0.0020833333333333333 0.0015625
1 0.7489583333333333 0.43359375 0.0020833333333333333 0.0015625
1 0.278125 0.43359375 0.0020833333333333333 0.0015625
1 0.27395833333333336 0.43359375 0.0020833333333333333 0.0015625
1 0.9739583333333334 0.43125 0.010416666666666666 0.003125
1 0.9572916666666667 0.43125 0.010416666666666666 0.003125
1 0.26875 0.43125 0.004166666666666667 0.003125
1 0.9854166666666667 0.4265625 0.008333333333333333 0.003125
1 0.978125 0.42578125 0.0020833333333333333 0.0015625
1 0.9375 0.42734375 0.016666666666666666 0.0046875
1 0.9614583333333333 0.425 0.010416666666666666 0.003125
1 0.9489583333333333 0.42421875 0.0020833333333333333 0.0015625
1 0.49895833333333334 0.428125 0.010416666666666666 0.0125
1 0.76875 0.48203125 0.31666666666666665 0.1265625
1 0.8135416666666667 0.4203125 0.0020833333333333333 0.003125
1 0.40625 0.4265625 0.0375 0.015625
1 0.34479166666666666 0.41953125 0.0020833333333333333 0.0015625
1 0.153125 0.41875 0.0020833333333333333 0.003125
1 0.6364583333333333 0.4171875 0.0020833333333333333 0.003125
1 0.56875 0.42265625 0.016666666666666666 0.0140625
1 0.39895833333333336 0.41640625 0.0020833333333333333 0.0015625
1 0.340625 0.4265625 0.03125 0.025
1 0.278125 0.42265625 0.022916666666666665 0.0171875
1 0.7572916666666667 0.41328125 0.00625 0.0046875
1 0.16354166666666667 0.4125 0.00625 0.003125
1 0.28854166666666664 0.41015625 0.0020833333333333333 0.0015625
1 0.7302083333333333 0.409375 0.0020833333333333333 0.003125
1 0.8447916666666667 0.40703125 0.0020833333333333333 0.0015625
1 0.4864583333333333 0.41015625 0.00625 0.0078125
1 0.8239583333333333 0.40703125 0.010416666666666666 0.0046875
1 0.16770833333333332 0.40234375 0.0020833333333333333 0.0015625
1 0.740625 0.43671875 0.14791666666666667 0.0734375
1 0.846875 0.39921875 0.0020833333333333333 0.0015625
1 0.5479166666666667 0.40234375 0.016666666666666666 0.0078125
1 0.6625 0.41171875 0.04583333333333333 0.0296875
1 0.6635416666666667 0.3984375 0.00625 0.003125
1 0.63125 0.3984375 0.004166666666666667 0.003125
1 0.4010416666666667 0.39765625 0.0020833333333333333 0.0015625
1 0.26145833333333335 0.39140625 0.0020833333333333333 0.0015625
1 0.39375 0.38828125 0.004166666666666667 0.0015625
1 0.8510416666666667 0.38359375 0.0020833333333333333 0.0015625
1 0.8697916666666666 0.38203125 0.0020833333333333333 0.0015625
1 0.26979166666666665 0.37890625 0.0020833333333333333 0.0015625
1 0.8510416666666667 0.37890625 0.00625 0.0046875
1 0.7677083333333333 0.38828125 0.03125 0.0234375
1 0.434375 0.37734375 0.0020833333333333333 0.0015625
1 0.07604166666666666 0.37734375 0.0020833333333333333 0.0015625
1 0.7395833333333334 0.3765625 0.0125 0.003125
1 0.43020833333333336 0.37578125 0.0020833333333333333 0.0015625
1 0.06979166666666667 0.37578125 0.0020833333333333333 0.0015625
1 0.07395833333333333 0.37421875 0.0020833333333333333 0.0015625
1 0.725 0.3765625 0.016666666666666666 0.009375
1 0.5635416666666667 0.37890625 0.03125 0.0140625
1 0.2760416666666667 0.37265625 0.0020833333333333333 0.0015625
1 0.8208333333333333 0.3765625 0.0125 0.015625
1 0.6520833333333333 0.36953125 0.004166666666666667 0.0015625
1 0.40625 0.3703125 0.004166666666666667 0.003125
1 0.4010416666666667 0.36953125 0.0020833333333333333 0.0015625
1 0.13333333333333333 0.37109375 0.004166666666666667 0.0046875
1 0.4666666666666667 0.39765625 0.04583333333333333 0.0609375
1 0.8177083333333334 0.36640625 0.0020833333333333333 0.0015625
1 0.63125 0.37734375 0.025 0.0234375
1 0.5958333333333333 0.36796875 0.008333333333333333 0.0046875
1 0.096875 0.36953125 0.0020833333333333333 0.0078125
1 0.8989583333333333 0.36484375 0.0020833333333333333 0.0015625
1 0.6552083333333333 0.36484375 0.0020833333333333333 0.0015625
1 0.6510416666666666 0.365625 0.0020833333333333333 0.003125
1 0.715625 0.365625 0.00625 0.00625
1 0.27395833333333336 0.365625 0.01875 0.0125
1 0.8739583333333333 0.35859375 0.0020833333333333333 0.0015625
1 0.44895833333333335 0.36015625 0.0020833333333333333 0.0046875
1 0.21145833333333333 0.35859375 0.0020833333333333333 0.0015625
1 0.5072916666666667 0.35703125 0.0020833333333333333 0.0015625
1 0.9927083333333333 0.35546875 0.0020833333333333333 0.0015625
1 0.5166666666666667 0.35859375 0.0125 0.0078125
1 0.48020833333333335 0.35546875 0.0020833333333333333 0.0015625
1 0.4708333333333333 0.35546875 0.004166666666666667 0.0015625
1 0.4583333333333333 0.35625 0.008333333333333333 0.003125
1 0.10416666666666667 0.35546875 0.008333333333333333 0.0015625
1 0.06979166666666667 0.3640625 0.01875 0.01875
1 0.04375 0.35546875 0.004166666666666667 0.0015625
1 0.521875 0.35234375 0.0020833333333333333 0.0015625
1 0.765625 0.359375 0.04375 0.01875
1 0.5770833333333333 0.35703125 0.029166666666666667 0.0140625
1 0.28854166666666664 0.35234375 0.010416666666666666 0.0078125
1 0.24479166666666666 0.34921875 0.0020833333333333333 0.0015625
1 0.85625 0.35 0.008333333333333333 0.00625
1 0.8125 0.3578125 0.0375 0.021875
1 0.6645833333333333 0.34765625 0.004166666666666667 0.0015625
1 0.521875 0.34765625 0.0020833333333333333 0.0015625
1 0.6197916666666666 0.35234375 0.03125 0.0140625
1 0.18020833333333333 0.34609375 0.0020833333333333333 0.0015625
1 0.10416666666666667 0.34921875 0.0125 0.0078125
1 0.8416666666666667 0.34453125 0.008333333333333333 0.0046875
1 0.49270833333333336 0.34296875 0.0020833333333333333 0.0015625
1 0.18229166666666666 0.34296875 0.0020833333333333333 0.0015625
1 0.428125 0.34140625 0.0020833333333333333 0.0015625
1 0.8614583333333333 0.33828125 0.0020833333333333333 0.0015625
1 0.2 0.3421875 0.008333333333333333 0.009375
1 0.8770833333333333 0.33828125 0.020833333333333332 0.0046875
1 0.165625 0.33828125 0.00625 0.0046875
1 0.6302083333333334 0.3359375 0.0020833333333333333 0.003125
1 0.5447916666666667 0.3421875 0.010416666666666666 0.015625
1 0.5010416666666667 0.33515625 0.0020833333333333333 0.0015625
1 0.203125 0.33515625 0.0020833333333333333 0.0015625
1 0.6958333333333333 0.3484375 0.029166666666666667 0.03125
1 0.17291666666666666 0.3375 0.0125 0.0125
1 0.490625 0.33515625 0.014583333333333334 0.0109375
1 0.5302083333333333 0.33203125 0.00625 0.0078125
1 0.17604166666666668 0.37109375 0.17708333333333334 0.0859375
1 0.50625 0.3296875 0.004166666666666667 0.00625
1 0.484375 0.32734375 0.0020833333333333333 0.0015625
1 0.234375 0.328125 0.0020833333333333333 0.003125
1 0.17604166666666668 0.32734375 0.0020833333333333333 0.0015625
1 0.6229166666666667 0.3265625 0.016666666666666666 0.00625
1 0.06458333333333334 0.3234375 0.004166666666666667 0.003125
1 0.10520833333333333 0.32109375 0.0020833333333333333 0.0015625
1 0.1 0.325 0.016666666666666666 0.009375
1 0.525 0.32109375 0.0125 0.0078125
1 0.14270833333333333 0.31796875 0.0020833333333333333 0.0015625
1 0.13333333333333333 0.325 0.025 0.01875
1 0.046875 0.31953125 0.00625 0.0078125
1 0.878125 0.31328125 0.0020833333333333333 0.0015625
1 0.11145833333333334 0.31328125 0.0020833333333333333 0.0015625
1 0.04895833333333333 0.31328125 0.0020833333333333333 0.0015625
1 0.8083333333333333 0.328125 0.1 0.034375
1 0.6177083333333333 0.31640625 0.010416666666666666 0.0109375
1 0.042708333333333334 0.31171875 0.0020833333333333333 0.0015625
1 0.571875 0.31015625 0.0020833333333333333 0.0015625
1 0.046875 0.31015625 0.0020833333333333333 0.0015625
1 0.5666666666666667 0.309375 0.004166666666666667 0.003125
1 0.5614583333333333 0.30859375 0.0020833333333333333 0.0015625
1 0.5572916666666666 0.30703125 0.0020833333333333333 0.0015625
1 0.08020833333333334 0.31484375 0.01875 0.0171875
1 0.06666666666666667 0.3125 0.008333333333333333 0.015625
1 0.05520833333333333 0.30625 0.00625 0.003125
1 0.07604166666666666 0.30390625 0.0020833333333333333 0.0015625
1 0.8791666666666667 0.303125 0.004166666666666667 0.003125
1 0.040625 0.30546875 0.014583333333333334 0.0078125
1 0.9302083333333333 0.30078125 0.0020833333333333333 0.0015625
1 0.5864583333333333 0.3078125 0.010416666666666666 0.015625
1 0.07395833333333333 0.30078125 0.0020833333333333333 0.0015625
1 0.603125 0.29921875 0.0020833333333333333 0.0015625
1 0.08645833333333333 0.3015625 0.00625 0.00625
1 0.88125 0.29765625 0.0125 0.0046875
1 0.5447916666666667 0.30078125 0.010416666666666666 0.0140625
1 0.08854166666666667 0.29453125 0.0020833333333333333 0.0015625
1 0.9427083333333334 0.29140625 0.0020833333333333333 0.0015625
1 0.609375 0.29375 0.00625 0.00625
1 0.540625 0.29140625 0.0020833333333333333 0.0015625
1 0.5364583333333334 0.29140625 0.0020833333333333333 0.0015625
1 0.4427083333333333 0.2921875 0.010416666666666666 0.00625
1 0.6239583333333333 0.2890625 0.01875 0.00625
1 0.4979166666666667 0.29296875 0.025 0.0140625
1 0.8114583333333333 0.29765625 0.03125 0.0328125
1 0.5375 0.28515625 0.008333333333333333 0.0078125
1 0.6 0.28046875 0.004166666666666667 0.0046875
1 0.7291666666666666 0.27734375 0.004166666666666667 0.0015625
1 0.45208333333333334 0.30390625 0.12916666666666668 0.0546875
1 0.5427083333333333 0.27578125 0.0020833333333333333 0.0015625
1 0.39895833333333336 0.27578125 0.0020833333333333333 0.0015625
1 0.775 0.27890625 0.025 0.0140625
1 0.5166666666666667 0.2734375 0.004166666666666667 0.003125
1 0.615625 0.27109375 0.0020833333333333333 0.0015625
1 0.390625 0.27578125 0.010416666666666666 0.0109375
1 0.6604166666666667 0.303125 0.04583333333333333 0.06875
1 0.41354166666666664 0.27109375 0.014583333333333334 0.0078125
1 0.9416666666666667 0.2703125 0.016666666666666666 0.0125
1 0.5989583333333334 0.26484375 0.0020833333333333333 0.0015625
1 0.5666666666666667 0.26640625 0.016666666666666666 0.0046875
1 0.6302083333333334 0.26171875 0.0020833333333333333 0.0015625
1 0.83125 0.2625 0.004166666666666667 0.00625
1 0.5979166666666667 0.2578125 0.004166666666666667 0.003125
1 0.9739583333333334 0.24921875 0.0020833333333333333 0.0015625
1 0.6583333333333333 0.24921875 0.004166666666666667 0.0015625
1 0.978125 0.24765625 0.0020833333333333333 0.0015625
1 0.6333333333333333 0.2515625 0.004166666666666667 0.009375
1 0.5854166666666667 0.25859375 0.020833333333333332 0.0234375
1 0.6489583333333333 0.24765625 0.010416666666666666 0.0046875
1 0.640625 0.24609375 0.0020833333333333333 0.0015625
1 0.6364583333333333 0.24609375 0.0020833333333333333 0.0015625
1 0.396875 0.24765625 0.00625 0.0046875
1 0.671875 0.2453125 0.00625 0.003125
1 0.9645833333333333 0.2453125 0.0125 0.00625
1 0.9510416666666667 0.2484375 0.01875 0.015625
1 0.6739583333333333 0.23984375 0.0020833333333333333 0.0015625
1 0.6197916666666666 0.23984375 0.0020833333333333333 0.0015625
1 0.471875 0.2390625 0.0020833333333333333 0.003125
1 0.9947916666666666 0.2375 0.0020833333333333333 0.003125
1 0.6760416666666667 0.23671875 0.0020833333333333333 0.0015625
1 0.6760416666666667 0.23359375 0.0020833333333333333 0.0015625
1 0.6354166666666666 0.23359375 0.004166666666666667 0.0015625
1 0.765625 0.2578125 0.05625 0.053125
1 0.7010416666666667 0.2328125 0.0020833333333333333 0.003125
1 0.6802083333333333 0.23203125 0.0020833333333333333 0.0015625
1 0.5895833333333333 0.2375 0.020833333333333332 0.0125
1 0.328125 0.2328125 0.00625 0.003125
1 0.996875 0.22890625 0.0020833333333333333 0.0015625
1 0.553125 0.23359375 0.022916666666666665 0.0109375
1 0.7770833333333333 0.2265625 0.008333333333333333 0.003125
1 0.7072916666666667 0.25 0.022916666666666665 0.05
1 0.51875 0.24296875 0.06666666666666667 0.0359375
1 0.7385416666666667 0.22421875 0.0020833333333333333 0.0015625
1 0.9895833333333334 0.22421875 0.020833333333333332 0.0078125
1 0.6489583333333333 0.22109375 0.0020833333333333333 0.0015625
1 0.7239583333333334 0.21953125 0.0020833333333333333 0.0015625
1 0.6270833333333333 0.2328125 0.0375 0.028125
1 0.315625 0.21953125 0.0020833333333333333 0.0015625
1 0.790625 0.22890625 0.022916666666666665 0.0234375
1 0.365625 0.22734375 0.04375 0.0234375
1 0.2947916666666667 0.21640625 0.00625 0.0046875
1 0.278125 0.215625 0.0020833333333333333 0.003125
1 0.271875 0.21328125 0.0020833333333333333 0.0015625
1 0.2989583333333333 0.21015625 0.0020833333333333333 0.0015625
1 0.3072916666666667 0.20703125 0.0020833333333333333 0.0015625
1 0.27395833333333336 0.20703125 0.0020833333333333333 0.0015625
1 0.2947916666666667 0.2046875 0.0020833333333333333 0.003125
1 0.26979166666666665 0.20390625 0.0020833333333333333 0.0015625
1 0.28958333333333336 0.203125 0.004166666666666667 0.003125
1 0.28125 0.20390625 0.008333333333333333 0.0046875
1 0.51875 0.2015625 0.008333333333333333 0.003125
1 0.4739583333333333 0.203125 0.010416666666666666 0.00625
1 0.3958333333333333 0.209375 0.025 0.01875
1 0.2947916666666667 0.20078125 0.0020833333333333333 0.0015625
1 0.5739583333333333 0.2015625 0.01875 0.00625
1 0.8197916666666667 0.1984375 0.010416666666666666 0.003125
1 0.265625 0.19765625 0.0020833333333333333 0.0015625
1 0.996875 0.19765625 0.00625 0.0046875
1 0.5697916666666667 0.19296875 0.0020833333333333333 0.0015625
1 0.6364583333333333 0.2046875 0.027083333333333334 0.028125
1 0.271875 0.19140625 0.0020833333333333333 0.0015625
1 0.25729166666666664 0.19609375 0.027083333333333334 0.0171875
1 0.9635416666666666 0.18671875 0.0020833333333333333 0.0015625
1 0.371875 0.19140625 0.022916666666666665 0.0109375
1 0.6666666666666666 0.19609375 0.03333333333333333 0.0234375
1 0.7010416666666667 0.18359375 0.0020833333333333333 0.0015625
1 0.8239583333333333 0.18203125 0.0020833333333333333 0.0015625
1 0.8197916666666667 0.18203125 0.0020833333333333333 0.0015625
1 0.8635416666666667 0.1765625 0.00625 0.00625
1 0.8322916666666667 0.17265625 0.0020833333333333333 0.0015625
1 0.5322916666666667 0.1828125 0.010416666666666666 0.021875
1 0.5802083333333333 0.1796875 0.06458333333333334 0.03125
1 0.46458333333333335 0.1828125 0.0375 0.0375
1 0.63125 0.1703125 0.020833333333333332 0.015625
1 0.6697916666666667 0.16015625 0.0020833333333333333 0.0015625
1 0.7427083333333333 0.159375 0.0020833333333333333 0.003125
1 0.9729166666666667 0.1640625 0.0125 0.015625
1 0.7239583333333334 0.15703125 0.0020833333333333333 0.0015625
1 0.734375 0.15703125 0.010416666666666666 0.0046875
1 0.7197916666666667 0.15546875 0.0020833333333333333 0.0015625
1 0.7489583333333333 0.14921875 0.0020833333333333333 0.0015625
1 0.740625 0.1484375 0.0020833333333333333 0.003125
1 0.7364583333333333 0.14765625 0.0020833333333333333 0.0015625
1 0.7708333333333334 0.14609375 0.004166666666666667 0.0015625
1 0.7583333333333333 0.1453125 0.0125 0.003125
1 0.5322916666666667 0.15 0.01875 0.0125
1 0.036458333333333336 0.14453125 0.0020833333333333333 0.0015625
1 0.578125 0.1484375 0.027083333333333334 0.0125
1 0.34375 0.16171875 0.041666666666666664 0.0390625
1 0.06145833333333333 0.14375 0.010416666666666666 0.003125
1 0.7760416666666666 0.14140625 0.0020833333333333333 0.0015625
1 0.6916666666666667 0.15546875 0.05 0.0296875
1 0.38333333333333336 0.1515625 0.016666666666666666 0.021875
1 0.7854166666666667 0.13984375 0.004166666666666667 0.0015625
1 0.23020833333333332 0.13828125 0.0020833333333333333 0.0015625
1 0.771875 0.13671875 0.0020833333333333333 0.0015625
1 0.035416666666666666 0.1390625 0.008333333333333333 0.00625
1 0.5135416666666667 0.13828125 0.014583333333333334 0.0109375
1 0.19895833333333332 0.13515625 0.010416666666666666 0.0046875
1 0.9375 0.134375 0.016666666666666666 0.00625
1 0.7729166666666667 0.13203125 0.004166666666666667 0.0015625
1 0.18958333333333333 0.13359375 0.004166666666666667 0.0046875
1 0.6385416666666667 0.13125 0.010416666666666666 0.003125
1 0.06770833333333333 0.12890625 0.0020833333333333333 0.0015625
1 0.7447916666666666 0.13203125 0.01875 0.0109375
1 0.07395833333333333 0.12578125 0.00625 0.0015625
1 0.9927083333333333 0.13984375 0.014583333333333334 0.0328125
1 0.9125 0.13984375 0.025 0.0328125
1 0.5302083333333333 0.125 0.0020833333333333333 0.003125
1 0.18645833333333334 0.12421875 0.0020833333333333333 0.0015625
1 0.784375 0.1234375 0.00625 0.003125
1 0.24479166666666666 0.128125 0.010416666666666666 0.0125
1 0.078125 0.11953125 0.0020833333333333333 0.0015625
1 0.6989583333333333 0.11640625 0.0020833333333333333 0.0015625
1 0.2375 0.11796875 0.008333333333333333 0.0046875
1 0.20104166666666667 0.1203125 0.010416666666666666 0.009375
1 0.921875 0.11796875 0.022916666666666665 0.0078125
1 0.8052083333333333 0.11328125 0.0020833333333333333 0.0015625
1 0.18854166666666666 0.1140625 0.010416666666666666 0.003125
1 0.10625 0.11328125 0.004166666666666667 0.0015625
1 0.009375 0.11328125 0.0020833333333333333 0.0015625
1 0.81875 0.1125 0.004166666666666667 0.003125
1 0.44895833333333335 0.1296875 0.052083333333333336 0.040625
1 0.15208333333333332 0.1125 0.008333333333333333 0.00625
1 0.715625 0.11328125 0.035416666666666666 0.0109375
1 0.490625 0.11328125 0.00625 0.0109375
1 0.5989583333333334 0.12109375 0.06041666666666667 0.0390625
1 0.5208333333333334 0.1046875 0.008333333333333333 0.00625
1 0.26145833333333335 0.09765625 0.0020833333333333333 0.0015625
1 0.25729166666666664 0.09765625 0.0020833333333333333 0.0015625
1 0.7802083333333333 0.1015625 0.014583333333333334 0.0125
1 0.3333333333333333 0.11640625 0.0375 0.0453125
1 0.9802083333333333 0.10390625 0.03125 0.0234375
1 0.22395833333333334 0.103125 0.01875 0.021875
1 0.146875 0.103125 0.052083333333333336 0.021875
1 0.2708333333333333 0.13359375 0.03333333333333333 0.0859375
1 0.8572916666666667 0.103125 0.01875 0.03125
1 0.228125 0.08828125 0.0020833333333333333 0.0015625
1 0.22395833333333334 0.0890625 0.0020833333333333333 0.003125
1 0.215625 0.08828125 0.0020833333333333333 0.0015625
1 0.9552083333333333 0.0875 0.00625 0.00625
1 0.31354166666666666 0.08515625 0.0020833333333333333 0.0015625
1 0.24583333333333332 0.08671875 0.025 0.0046875
1 0.928125 0.09453125 0.01875 0.0234375
1 0.5645833333333333 0.09375 0.029166666666666667 0.021875
1 0.21041666666666667 0.08515625 0.004166666666666667 0.0046875
1 0.09895833333333333 0.0859375 0.00625 0.00625
1 0.9822916666666667 0.0828125 0.010416666666666666 0.003125
1 0.8114583333333333 0.0875 0.010416666666666666 0.015625
1 0.6572916666666667 0.0890625 0.08541666666666667 0.021875
1 0.19270833333333334 0.0796875 0.0020833333333333333 0.003125
1 0.8302083333333333 0.07734375 0.0020833333333333333 0.0015625
1 0.8239583333333333 0.07734375 0.0020833333333333333 0.0015625
1 0.8041666666666667 0.07890625 0.004166666666666667 0.0046875
1 0.20104166666666667 0.0828125 0.010416666666666666 0.0125
1 0.09479166666666666 0.078125 0.010416666666666666 0.00625
1 0.5614583333333333 0.075 0.010416666666666666 0.003125
1 0.9958333333333333 0.07578125 0.008333333333333333 0.0078125
1 0.959375 0.07265625 0.0020833333333333333 0.0015625
1 0.8375 0.0734375 0.004166666666666667 0.003125
1 0.240625 0.07265625 0.0020833333333333333 0.0015625
1 0.8 0.0703125 0.004166666666666667 0.003125
1 0.48125 0.07890625 0.020833333333333332 0.0234375
1 0.71875 0.08125 0.029166666666666667 0.03125
1 0.234375 0.0671875 0.0020833333333333333 0.003125
1 0.38125 0.0859375 0.09166666666666666 0.046875
1 0.39895833333333336 0.0625 0.00625 0.003125
1 0.03958333333333333 0.10546875 0.07916666666666666 0.0890625
1 0.7510416666666667 0.059375 0.00625 0.00625
1 0.22395833333333334 0.0578125 0.00625 0.003125
1 0.8260416666666667 0.05546875 0.00625 0.0046875
1 0.8104166666666667 0.065625 0.0375 0.025
1 0.21145833333333333 0.05390625 0.0020833333333333333 0.0015625
1 0.8375 0.053125 0.004166666666666667 0.003125
1 0.8322916666666667 0.05234375 0.0020833333333333333 0.0015625
1 0.95625 0.0515625 0.004166666666666667 0.003125
1 0.853125 0.05078125 0.0020833333333333333 0.0015625
1 0.8489583333333334 0.05078125 0.0020833333333333333 0.0015625
1 0.3416666666666667 0.0515625 0.004166666666666667 0.003125
1 0.9458333333333333 0.059375 0.016666666666666666 0.021875
1 0.7614583333333333 0.0515625 0.022916666666666665 0.00625
1 0.37083333333333335 0.05234375 0.008333333333333333 0.0078125
1 0.265625 0.05 0.00625 0.003125
1 0.21979166666666666 0.04765625 0.0020833333333333333 0.0015625
1 0.41875 0.0484375 0.0125 0.009375
1 0.33541666666666664 0.04609375 0.004166666666666667 0.0078125
1 0.20208333333333334 0.04453125 0.004166666666666667 0.0046875
1 0.196875 0.04296875 0.0020833333333333333 0.0015625
1 0.7583333333333333 0.0421875 0.0125 0.009375
1 0.6114583333333333 0.0484375 0.022916666666666665 0.021875
1 0.44479166666666664 0.04140625 0.01875 0.0078125
1 0.203125 0.03828125 0.0020833333333333333 0.0015625
1 0.365625 0.03515625 0.0020833333333333333 0.0015625
1 0.28229166666666666 0.05859375 0.10208333333333333 0.0515625
1 0.484375 0.0375 0.01875 0.0125
1 0.43020833333333336 0.03203125 0.0020833333333333333 0.0015625
1 0.7208333333333333 0.04453125 0.020833333333333332 0.0296875
1 0.5416666666666666 0.04921875 0.041666666666666664 0.0421875
1 0.528125 0.028125 0.00625 0.003125
1 0.421875 0.02734375 0.0020833333333333333 0.0015625
1 0.2760416666666667 0.02734375 0.0020833333333333333 0.0015625
1 0.9020833333333333 0.0265625 0.004166666666666667 0.003125
1 0.884375 0.02578125 0.0020833333333333333 0.0015625
1 0.309375 0.02578125 0.0020833333333333333 0.0015625
1 0.28958333333333336 0.02734375 0.004166666666666667 0.0046875
1 0.28229166666666666 0.02578125 0.0020833333333333333 0.0015625
1 0.5291666666666667 0.02421875 0.004166666666666667 0.0015625
1 0.30520833333333336 0.02421875 0.0020833333333333333 0.0015625
1 0.803125 0.02265625 0.0020833333333333333 0.0015625
1 0.7333333333333333 0.02265625 0.004166666666666667 0.0015625
1 0.446875 0.025 0.014583333333333334 0.0125
1 0.9239583333333333 0.01796875 0.0020833333333333333 0.0015625
1 0.27395833333333336 0.02109375 0.00625 0.0078125
1 0.8458333333333333 0.0171875 0.004166666666666667 0.003125
1 0.840625 0.01328125 0.0020833333333333333 0.0015625
1 0.25 0.0125 0.004166666666666667 0.003125
1 0.703125 0.01484375 0.00625 0.0109375
1 0.5145833333333333 0.0109375 0.004166666666666667 0.003125
1 0.4010416666666667 0.021875 0.027083333333333334 0.025
1 0.26875 0.0109375 0.004166666666666667 0.003125
1 0.5302083333333333 0.01484375 0.00625 0.0140625
1 0.5010416666666667 0.0125 0.014583333333333334 0.009375
1 0.25 0.00859375 0.004166666666666667 0.0015625
1 0.23020833333333332 0.02890625 0.07708333333333334 0.0421875
1 0.8427083333333333 0.00703125 0.0020833333333333333 0.0015625
1 0.821875 0.025 0.01875 0.0375
1 0.784375 0.00546875 0.0020833333333333333 0.0015625
1 0.771875 0.02578125 0.04375 0.0421875
1 0.7052083333333333 0.00546875 0.0020833333333333333 0.0015625
1 0.3104166666666667 0.0078125 0.008333333333333333 0.00625
1 0.396875 0.00390625 0.0020833333333333333 0.0015625
1 0.296875 0.00390625 0.0020833333333333333 0.0015625
1 0.24270833333333333 0.00625 0.00625 0.00625
1 0.7739583333333333 0.00234375 0.0020833333333333333 0.0015625
1 0.45416666666666666 0.00546875 0.008333333333333333 0.0078125
1 0.334375 0.00234375 0.0020833333333333333 0.0015625
1 0.8927083333333333 0.00390625 0.014583333333333334 0.0078125
1 0.7822916666666667 0.00078125 0.0020833333333333333 0.0015625
1 0.4552083333333333 0.00078125 0.0020833333333333333 0.0015625
1 0.41770833333333335 0.0078125 0.00625 0.015625
1 0.40208333333333335 0.00234375 0.004166666666666667 0.0046875
1 0.3145833333333333 0.00234375 0.008333333333333333 0.0046875
1 0.29270833333333335 0.00078125 0.0020833333333333333 0.0015625
1 0.284375 0.0125 0.03958333333333333 0.025
1 0.24479166666666666 0.00078125 0.0020833333333333333 0.0015625
