0 0.9447916666666667 0.75078125 0.00625 0.0046875
0 0.9322916666666666 0.7359375 0.01875 0.021875
0 0.7927083333333333 0.72421875 0.0020833333333333333 0.0015625
0 0.7375 0.73203125 0.10416666666666667 0.0328125
0 0.5958333333333333 0.68359375 0.05416666666666667 0.0265625
0 0.5802083333333333 0.6953125 0.13541666666666666 0.071875
0 0.5104166666666666 0.65859375 0.004166666666666667 0.0015625
0 0.5645833333333333 0.65234375 0.004166666666666667 0.0015625
0 0.8729166666666667 0.6859375 0.10416666666666667 0.075
0 0.35 0.6484375 0.008333333333333333 0.003125
0 0.584375 0.646875 0.010416666666666666 0.009375
0 0.4510416666666667 0.6421875 0.010416666666666666 0.003125
0 0.4322916666666667 0.64140625 0.0020833333333333333 0.0015625
0 0.43645833333333334 0.6390625 0.0020833333333333333 0.003125
0 0.6385416666666667 0.63203125 0.00625 0.0046875
0 0.46770833333333334 0.63125 0.0020833333333333333 0.003125
0 0.43125 0.62890625 0.004166666666666667 0.0015625
0 0.471875 0.62734375 0.0020833333333333333 0.0015625
0 0.4114583333333333 0.62890625 0.03958333333333333 0.0140625
0 0.7677083333333333 0.62109375 0.0020833333333333333 0.0015625
0 0.434375 0.6234375 0.010416666666666666 0.00625
0 0.790625 0.6296875 0.06041666666666667 0.034375
0 0.7260416666666667 0.61171875 0.0020833333333333333 0.0015625
0 0.534375 0.61171875 0.010416666666666666 0.0078125
0 0.4010416666666667 0.61328125 0.04375 0.0140625
0 0.746875 0.6109375 0.03125 0.015625
0 0.5645833333333333 0.60234375 0.004166666666666667 0.0015625
0 0.5447916666666667 0.60234375 0.00625 0.0046875
0 0.365625 0.60078125 0.01875 0.0078125
0 0.46979166666666666 0.61796875 0.11875 0.0515625
0 0.334375 0.60078125 0.035416666666666666 0.0171875
0 0.5572916666666666 0.59140625 0.0020833333333333333 0.0015625
0 0.7208333333333333 0.5984375 0.020833333333333332 0.01875
0 0.6875 0.5890625 0.008333333333333333 0.003125
0 0.403125 0.5890625 0.00625 0.003125
0 0.38333333333333336 0.58203125 0.0125 0.0046875
0 0.5822916666666667 0.578125 0.00625 0.003125
0 0.5333333333333333 0.55234375 0.008333333333333333 0.0140625
0 0.36666666666666664 0.55703125 0.020833333333333332 0.0359375
0 0.521875 0.528125 0.0020833333333333333 0.003125
0 0.353125 0.53046875 0.00625 0.0109375
0 0.2635416666666667 0.5609375 0.17291666666666666 0.071875
0 0.16979166666666667 0.51796875 0.00625 0.0046875
0 0.44375 0.45234375 0.004166666666666667 0.0015625
0 0.42916666666666664 0.453125 0.008333333333333333 0.003125
0 0.6135416666666667 0.44609375 0.0020833333333333333 0.0015625
0 0.5114583333333333 0.40703125 0.0020833333333333333 0.0015625
0 0.575 0.41640625 0.075 0.0546875
0 0.5697916666666667 0.3828125 0.03125 0.021875
0 0.4375 0.35234375 0.004166666666666667 0.0046875
0 0.484375 0.33515625 0.010416666666666666 0.0296875
0 0.884375 0.278125 0.0020833333333333333 0.003125
0 0.9635416666666666 0.24140625 0.0020833333333333333 0.0015625
0 0.9989583333333333 0.16171875 0.0020833333333333333 0.0015625
1 0.7395833333333334 0.7546875 0.004166666666666667 0.003125
1 0.7354166666666667 0.75 0.004166666666666667 0.003125
1 0.753125 0.74453125 0.0020833333333333333 0.0015625
1 0.7229166666666667 0.74453125 0.004166666666666667 0.0015625
1 0.7010416666666667 0.73671875 0.0020833333333333333 0.0015625
1 0.6697916666666667 0.73046875 0.014583333333333334 0.0046875
1 0.653125 0.728125 0.014583333333333334 0.00625
1 0.609375 0.7203125 0.0020833333333333333 0.003125
1 0.6020833333333333 0.71953125 0.004166666666666667 0.0015625
1 0.7135416666666666 0.71328125 0.0020833333333333333 0.0015625
1 0.5697916666666667 0.71015625 0.0020833333333333333 0.0015625
1 0.6927083333333334 0.709375 0.00625 0.003125
1 0.6885416666666667 0.70703125 0.0020833333333333333 0.0015625
1 0.6760416666666667 0.70625 0.01875 0.00625
1 0.7322916666666667 0.70234375 0.0020833333333333333 0.0015625
1 0.5385416666666667 0.70234375 0.0020833333333333333 0.0015625
1 0.8739583333333333 0.70078125 0.0020833333333333333 0.0015625
1 0.6614583333333334 0.70078125 0.0020833333333333333 0.0015625
1 0.5364583333333334 0.69765625 0.0020833333333333333 0.0015625
1 0.6458333333333334 0.6953125 0.025 0.015625
1 0.6291666666666667 0.68828125 0.004166666666666667 0.0015625
1 0.6197916666666666 0.6875 0.00625 0.003125
1 0.5770833333333333 0.6890625 0.016666666666666666 0.00625
1 0.6385416666666667 0.68515625 0.0020833333333333333 0.0015625
1 0.5635416666666667 0.68359375 0.00625 0.0046875
1 0.8885416666666667 0.68125 0.0020833333333333333 0.003125
1 0.4 0.67578125 0.004166666666666667 0.0015625
1 0.4083333333333333 0.67421875 0.008333333333333333 0.0015625
1 0.13645833333333332 0.67265625 0.0020833333333333333 0.0015625
1 0.6166666666666667 0.67734375 0.0375 0.0140625
1 0.41354166666666664 0.66953125 0.0020833333333333333 0.0015625
1 0.396875 0.6703125 0.010416666666666666 0.003125
1 0.11666666666666667 0.67890625 0.03333333333333333 0.0203125
1 0.5875 0.6671875 0.008333333333333333 0.003125
1 0.15 0.66484375 0.004166666666666667 0.0015625
1 0.38333333333333336 0.66328125 0.004166666666666667 0.0015625
1 0.14479166666666668 0.66328125 0.0020833333333333333 0.0015625
1 0.5958333333333333 0.6625 0.004166666666666667 0.003125
1 0.15104166666666666 0.66015625 0.00625 0.0046875
1 0.403125 0.65703125 0.0020833333333333333 0.0015625
1 0.42604166666666665 0.65546875 0.00625 0.0015625
1 0.36875 0.65859375 0.016666666666666666 0.0078125
1 0.16875 0.65703125 0.004166666666666667 0.0046875
1 0.17395833333333333 0.65390625 0.0020833333333333333 0.0015625
1 0.5802083333333333 0.65625 0.01875 0.009375
1 0.5010416666666667 0.66171875 0.014583333333333334 0.0203125
1 0.4427083333333333 0.6609375 0.07708333333333334 0.01875
1 0.3927083333333333 0.6515625 0.00625 0.003125
1 0.18854166666666666 0.64921875 0.0020833333333333333 0.0015625
1 0.18125 0.65 0.004166666666666667 0.003125
1 0.41354166666666664 0.64765625 0.0020833333333333333 0.0015625
1 0.40520833333333334 0.6484375 0.00625 0.003125
1 0.43645833333333334 0.64453125 0.00625 0.0015625
1 0.784375 0.64296875 0.0020833333333333333 0.0015625
1 0.3416666666666667 0.646875 0.008333333333333333 0.009375
1 0.3770833333333333 0.64609375 0.04583333333333333 0.0109375
1 0.20833333333333334 0.6421875 0.004166666666666667 0.003125
1 0.6291666666666667 0.63984375 0.004166666666666667 0.0015625
1 0.54375 0.6546875 0.075 0.03125
1 0.3333333333333333 0.64140625 0.016666666666666666 0.0046875
1 0.625 0.64765625 0.06666666666666667 0.0203125
1 0.5791666666666667 0.6390625 0.004166666666666667 0.003125
1 0.41875 0.640625 0.016666666666666666 0.009375
1 0.3260416666666667 0.63671875 0.0020833333333333333 0.0015625
1 0.7510416666666667 0.6359375 0.00625 0.003125
1 0.6427083333333333 0.63515625 0.00625 0.0015625
1 0.7552083333333334 0.63359375 0.0020833333333333333 0.0015625
1 0.40208333333333335 0.63359375 0.004166666666666667 0.0015625
1 0.365625 0.63359375 0.0020833333333333333 0.0015625
1 0.653125 0.6328125 0.00625 0.003125
1 0.34479166666666666 0.6359375 0.010416666666666666 0.009375
1 0.3229166666666667 0.6328125 0.004166666666666667 0.003125
1 0.7510416666666667 0.63046875 0.0020833333333333333 0.0015625
1 0.353125 0.63046875 0.0020833333333333333 0.0015625
1 0.3927083333333333 0.6296875 0.00625 0.003125
1 0.5697916666666667 0.62578125 0.0020833333333333333 0.0015625
1 0.5052083333333334 0.62578125 0.0020833333333333333 0.0015625
1 0.45 0.6265625 0.0125 0.003125
1 0.38333333333333336 0.62734375 0.004166666666666667 0.0046875
1 0.3385416666666667 0.6296875 0.010416666666666666 0.009375
1 0.19479166666666667 0.63984375 0.08125 0.0328125
1 0.7385416666666667 0.628125 0.014583333333333334 0.0125
1 0.3729166666666667 0.6234375 0.0125 0.00625
1 0.23854166666666668 0.6234375 0.014583333333333334 0.00625
1 0.4864583333333333 0.61953125 0.0020833333333333333 0.0015625
1 0.5125 0.61875 0.004166666666666667 0.003125
1 0.446875 0.61796875 0.0020833333333333333 0.0015625
1 0.2552083333333333 0.61875 0.00625 0.003125
1 0.4322916666666667 0.6171875 0.00625 0.003125
1 0.26145833333333335 0.61640625 0.0020833333333333333 0.0015625
1 0.440625 0.6171875 0.00625 0.00625
1 0.4239583333333333 0.61328125 0.0020833333333333333 0.0015625
1 0.35208333333333336 0.62109375 0.020833333333333332 0.0171875
1 0.26979166666666665 0.61328125 0.0020833333333333333 0.0015625
1 0.25625 0.6140625 0.004166666666666667 0.003125
1 0.24895833333333334 0.61328125 0.0020833333333333333 0.0015625
1 0.7197916666666667 0.61640625 0.022916666666666665 0.0109375
1 0.4322916666666667 0.61171875 0.0020833333333333333 0.0015625
1 0.428125 0.6078125 0.0020833333333333333 0.003125
1 0.284375 0.60703125 0.0020833333333333333 0.0015625
1 0.6020833333333333 0.6234375 0.0625 0.0375
1 0.5552083333333333 0.609375 0.010416666666666666 0.009375
1 0.32916666666666666 0.6078125 0.016666666666666666 0.00625
1 0.28958333333333336 0.6046875 0.004166666666666667 0.003125
1 0.44583333333333336 0.6015625 0.004166666666666667 0.003125
1 0.31354166666666666 0.60078125 0.0020833333333333333 0.0015625
1 0.440625 0.59921875 0.0020833333333333333 0.0015625
1 0.3072916666666667 0.59921875 0.0020833333333333333 0.0015625
1 0.2677083333333333 0.59765625 0.0020833333333333333 0.0015625
1 0.6104166666666667 0.596875 0.004166666666666667 0.003125
1 0.4322916666666667 0.59609375 0.0020833333333333333 0.0015625
1 0.27395833333333336 0.59609375 0.0020833333333333333 0.0015625
1 0.5364583333333334 0.59921875 0.022916666666666665 0.0171875
1 0.4239583333333333 0.59296875 0.00625 0.0046875
1 0.4041666666666667 0.6015625 0.0375 0.021875
1 0.28958333333333336 0.5953125 0.025 0.009375
1 0.7260416666666667 0.58984375 0.0020833333333333333 0.0015625
1 0.2833333333333333 0.590625 0.008333333333333333 0.003125
1 0.5447916666666667 0.58828125 0.0020833333333333333 0.0015625
1 0.646875 0.6125 0.12708333333333333 0.053125
1 0.41041666666666665 0.58828125 0.004166666666666667 0.0046875
1 0.403125 0.58671875 0.0020833333333333333 0.0015625
1 0.36354166666666665 0.590625 0.027083333333333334 0.009375
1 0.28020833333333334 0.58671875 0.0020833333333333333 0.0015625
1 0.37395833333333334 0.58515625 0.0020833333333333333 0.0015625
1 0.26979166666666665 0.58359375 0.0020833333333333333 0.0015625
1 0.396875 0.5828125 0.00625 0.003125
1 0.625 0.58046875 0.004166666666666667 0.0015625
1 0.634375 0.57890625 0.0020833333333333333 0.0015625
1 0.390625 0.57890625 0.0020833333333333333 0.0015625
1 0.3729166666666667 0.58046875 0.004166666666666667 0.0046875
1 0.26145833333333335 0.57890625 0.00625 0.0046875
1 0.5520833333333334 0.57578125 0.004166666666666667 0.0015625
1 0.5645833333333333 0.57890625 0.025 0.0109375
1 0.590625 0.5734375 0.00625 0.003125
1 0.25416666666666665 0.57421875 0.004166666666666667 0.0046875
1 0.36354166666666665 0.57109375 0.0020833333333333333 0.0015625
1 0.325 0.57265625 0.0125 0.0046875
1 0.3125 0.57109375 0.008333333333333333 0.0046875
1 0.6166666666666667 0.56796875 0.004166666666666667 0.0015625
1 0.5802083333333333 0.5703125 0.010416666666666666 0.00625
1 0.634375 0.56640625 0.0020833333333333333 0.0015625
1 0.5864583333333333 0.56640625 0.0020833333333333333 0.0015625
1 0.3572916666666667 0.5671875 0.0020833333333333333 0.003125
1 0.3458333333333333 0.57421875 0.03333333333333333 0.0171875
1 0.29375 0.5671875 0.004166666666666667 0.003125
1 0.23333333333333334 0.56484375 0.004166666666666667 0.0015625
1 0.6145833333333334 0.5640625 0.004166666666666667 0.003125
1 0.6010416666666667 0.56328125 0.0020833333333333333 0.0015625
1 0.3333333333333333 0.5625 0.004166666666666667 0.003125
1 0.6791666666666667 0.575 0.0625 0.03125
1 0.5947916666666667 0.56171875 0.010416666666666666 0.0046875
1 0.3572916666666667 0.56015625 0.0020833333333333333 0.0015625
1 0.5458333333333333 0.56640625 0.008333333333333333 0.0171875
1 0.22395833333333334 0.56015625 0.00625 0.0046875
1 0.7114583333333333 0.55703125 0.0020833333333333333 0.0015625
1 0.5239583333333333 0.5578125 0.0020833333333333333 0.003125
1 0.21770833333333334 0.55703125 0.0020833333333333333 0.0015625
1 0.28020833333333334 0.55859375 0.010416666666666666 0.0078125
1 0.7114583333333333 0.55390625 0.0020833333333333333 0.0015625
1 0.5427083333333333 0.55390625 0.0020833333333333333 0.0015625
1 0.37604166666666666 0.565625 0.01875 0.025
1 0.35520833333333335 0.5546875 0.00625 0.003125
1 0.315625 0.55703125 0.014583333333333334 0.0078125
1 0.271875 0.55390625 0.0020833333333333333 0.0015625
1 0.3125 0.5515625 0.008333333333333333 0.003125
1 0.20416666666666666 0.55078125 0.004166666666666667 0.0015625
1 0.703125 0.5484375 0.010416666666666666 0.003125
1 0.69375 0.54765625 0.004166666666666667 0.0015625
1 0.5197916666666667 0.55 0.00625 0.00625
1 0.36666666666666664 0.5484375 0.004166666666666667 0.003125
1 0.2989583333333333 0.5484375 0.00625 0.003125
1 0.33541666666666664 0.546875 0.004166666666666667 0.003125
1 0.29270833333333335 0.54609375 0.0020833333333333333 0.0015625
1 0.3145833333333333 0.54375 0.004166666666666667 0.003125
1 0.24583333333333332 0.54140625 0.004166666666666667 0.0015625
1 0.35104166666666664 0.53984375 0.0020833333333333333 0.0015625
1 0.296875 0.540625 0.00625 0.003125
1 0.1875 0.53984375 0.004166666666666667 0.0046875
1 0.515625 0.540625 0.00625 0.009375
1 0.5135416666666667 0.53203125 0.0020833333333333333 0.0015625
1 0.4239583333333333 0.53203125 0.0020833333333333333 0.0015625
1 0.17395833333333333 0.53203125 0.0020833333333333333 0.0015625
1 0.43020833333333336 0.53125 0.00625 0.003125
1 0.534375 0.53828125 0.014583333333333334 0.0234375
1 0.5114583333333333 0.52734375 0.0020833333333333333 0.0015625
1 0.3572916666666667 0.52734375 0.0020833333333333333 0.0015625
1 0.2125 0.52734375 0.004166666666666667 0.0015625
1 0.16875 0.528125 0.004166666666666667 0.003125
1 0.509375 0.52421875 0.0020833333333333333 0.0015625
1 0.40208333333333335 0.5390625 0.0375 0.03125
1 0.5260416666666666 0.5234375 0.0020833333333333333 0.003125
1 0.4239583333333333 0.5234375 0.00625 0.003125
1 0.5083333333333333 0.5203125 0.004166666666666667 0.003125
1 0.34479166666666666 0.51796875 0.0020833333333333333 0.0015625
1 0.15729166666666666 0.5203125 0.010416666666666666 0.00625
1 0.14895833333333333 0.51796875 0.0020833333333333333 0.0015625
1 0.35208333333333336 0.5171875 0.004166666666666667 0.003125
1 0.18958333333333333 0.51875 0.008333333333333333 0.00625
1 0.671875 0.53828125 0.08541666666666667 0.0515625
1 0.5239583333333333 0.51640625 0.00625 0.0078125
1 0.17604166666666668 0.51171875 0.0020833333333333333 0.0015625
1 0.7177083333333333 0.51171875 0.00625 0.0046875
1 0.140625 0.50859375 0.0020833333333333333 0.0015625
1 0.16875 0.50859375 0.008333333333333333 0.0046875
1 0.13541666666666666 0.50703125 0.004166666666666667 0.0015625
1 0.16145833333333334 0.50546875 0.0020833333333333333 0.0015625
1 0.3416666666666667 0.50625 0.004166666666666667 0.00625
1 0.5177083333333333 0.50546875 0.010416666666666666 0.0109375
1 0.15729166666666666 0.5 0.010416666666666666 0.00625
1 0.128125 0.4984375 0.00625 0.00625
1 0.4635416666666667 0.49140625 0.0020833333333333333 0.0015625
1 0.3375 0.4921875 0.004166666666666667 0.003125
1 0.14479166666666668 0.49296875 0.00625 0.0046875
1 0.5364583333333334 0.48984375 0.0020833333333333333 0.0015625
1 0.5322916666666667 0.48984375 0.0020833333333333333 0.0015625
1 0.13854166666666667 0.48828125 0.0020833333333333333 0.0015625
1 0.12083333333333333 0.4890625 0.004166666666666667 0.003125
1 0.11979166666666667 0.48515625 0.0020833333333333333 0.0015625
1 0.5333333333333333 0.484375 0.008333333333333333 0.003125
1 0.44375 0.48046875 0.004166666666666667 0.0015625
1 0.39895833333333336 0.48046875 0.0020833333333333333 0.0015625
1 0.35520833333333335 0.48125 0.0020833333333333333 0.003125
1 0.13020833333333334 0.4828125 0.010416666666666666 0.00625
1 0.37604166666666666 0.4796875 0.00625 0.003125
1 0.26145833333333335 0.47890625 0.0020833333333333333 0.0015625
1 0.4083333333333333 0.478125 0.0125 0.003125
1 0.3885416666666667 0.47890625 0.010416666666666666 0.0046875
1 0.3572916666666667 0.47734375 0.0020833333333333333 0.0015625
1 0.3489583333333333 0.47734375 0.0020833333333333333 0.0015625
1 0.39791666666666664 0.4734375 0.0125 0.003125
1 0.27395833333333336 0.4734375 0.0020833333333333333 0.003125
1 0.26145833333333335 0.47265625 0.01875 0.0046875
1 0.3927083333333333 0.46328125 0.0020833333333333333 0.0015625
1 0.309375 0.46953125 0.08958333333333333 0.0140625
1 0.5322916666666667 0.46015625 0.0020833333333333333 0.0015625
1 0.5427083333333333 0.45703125 0.0020833333333333333 0.0015625
1 0.546875 0.45546875 0.0020833333333333333 0.0015625
1 0.40520833333333334 0.45546875 0.0020833333333333333 0.0015625
1 0.5020833333333333 0.44765625 0.016666666666666666 0.0078125
1 0.43645833333333334 0.4453125 0.00625 0.003125
1 0.5802083333333333 0.44296875 0.0020833333333333333 0.0015625
1 0.575 0.44140625 0.008333333333333333 0.0046875
1 0.6166666666666667 0.44375 0.0125 0.028125
1 0.571875 0.42421875 0.0020833333333333333 0.0015625
1 0.6072916666666667 0.42265625 0.0020833333333333333 0.0015625
1 0.6114583333333333 0.42109375 0.0020833333333333333 0.0015625
1 0.63125 0.4203125 0.004166666666666667 0.003125
1 0.5552083333333333 0.41796875 0.014583333333333334 0.0046875
1 0.5927083333333333 0.41484375 0.0020833333333333333 0.0015625
1 0.5177083333333333 0.39921875 0.00625 0.0046875
1 0.45729166666666665 0.39609375 0.0020833333333333333 0.0015625
1 0.5677083333333334 0.39140625 0.0020833333333333333 0.0015625
1 0.571875 0.38984375 0.0020833333333333333 0.0015625
1 0.5770833333333333 0.38671875 0.004166666666666667 0.0015625
1 0.44583333333333336 0.3875 0.004166666666666667 0.003125
1 0.553125 0.38203125 0.0020833333333333333 0.0015625
1 0.44479166666666664 0.38046875 0.0020833333333333333 0.0015625
1 0.559375 0.37890625 0.0020833333333333333 0.0015625
1 0.453125 0.38203125 0.014583333333333334 0.0140625
1 0.565625 0.37265625 0.0020833333333333333 0.0015625
1 0.45416666666666666 0.3734375 0.004166666666666667 0.003125
1 0.6083333333333333 0.36953125 0.008333333333333333 0.0046875
1 0.440625 0.36640625 0.014583333333333334 0.0109375
1 0.9895833333333334 0.3734375 0.020833333333333332 0.03125
1 0.603125 0.35859375 0.0020833333333333333 0.0015625
1 0.45416666666666666 0.359375 0.004166666666666667 0.003125
1 0.42916666666666664 0.35625 0.004166666666666667 0.003125
1 0.4239583333333333 0.353125 0.0020833333333333333 0.003125
1 0.44479166666666664 0.35078125 0.0020833333333333333 0.0015625
1 0.8052083333333333 0.34921875 0.0020833333333333333 0.0015625
1 0.48125 0.434375 0.14583333333333334 0.184375
1 0.41770833333333335 0.34375 0.0020833333333333333 0.003125
1 0.490625 0.33984375 0.0020833333333333333 0.0046875
1 0.475 0.3390625 0.004166666666666667 0.003125
1 0.47604166666666664 0.33515625 0.0020833333333333333 0.0015625
1 0.409375 0.33359375 0.0020833333333333333 0.0015625
1 0.40520833333333334 0.33046875 0.0020833333333333333 0.0015625
1 0.490625 0.32890625 0.0020833333333333333 0.0015625
1 0.478125 0.3265625 0.0020833333333333333 0.003125
1 0.840625 0.32421875 0.0020833333333333333 0.0015625
1 0.490625 0.31796875 0.0020833333333333333 0.0015625
1 0.5708333333333333 0.3203125 0.008333333333333333 0.009375
1 0.4822916666666667 0.3171875 0.0020833333333333333 0.00625
1 0.834375 0.31328125 0.0020833333333333333 0.0015625
1 0.496875 0.30703125 0.0020833333333333333 0.0015625
1 0.8552083333333333 0.30546875 0.0020833333333333333 0.0015625
1 0.8635416666666667 0.29765625 0.0020833333333333333 0.0015625
1 0.8947916666666667 0.29453125 0.0020833333333333333 0.0015625
1 0.8552083333333333 0.2921875 0.0020833333333333333 0.003125
1 0.490625 0.28984375 0.0020833333333333333 0.0015625
1 0.875 0.28984375 0.008333333333333333 0.0046875
1 0.434375 0.28828125 0.0020833333333333333 0.0015625
1 0.39895833333333336 0.2890625 0.0020833333333333333 0.003125
1 0.4395833333333333 0.28671875 0.004166666666666667 0.0015625
1 0.8833333333333333 0.28359375 0.004166666666666667 0.0015625
1 0.8583333333333333 0.2859375 0.004166666666666667 0.00625
1 0.8989583333333333 0.28203125 0.0020833333333333333 0.0046875
1 0.4041666666666667 0.2828125 0.008333333333333333 0.00625
1 0.5364583333333334 0.27734375 0.0020833333333333333 0.0015625
1 0.41354166666666664 0.28203125 0.010416666666666666 0.0109375
1 0.41458333333333336 0.27578125 0.004166666666666667 0.0015625
1 0.41354166666666664 0.27109375 0.0020833333333333333 0.0015625
1 0.596875 0.26796875 0.0020833333333333333 0.0015625
1 0.56875 0.26640625 0.004166666666666667 0.0015625
1 0.415625 0.26640625 0.0020833333333333333 0.0015625
1 0.3104166666666667 0.26328125 0.004166666666666667 0.0015625
1 0.9270833333333334 0.25859375 0.004166666666666667 0.0015625
1 0.5010416666666667 0.27578125 0.014583333333333334 0.0359375
1 0.465625 0.2859375 0.05625 0.05625
1 0.49895833333333334 0.2578125 0.0020833333333333333 0.003125
1 0.3072916666666667 0.25703125 0.0020833333333333333 0.0015625
1 0.29375 0.26171875 0.016666666666666666 0.0109375
1 0.9291666666666667 0.25546875 0.004166666666666667 0.0015625
1 0.946875 0.253125 0.010416666666666666 0.00625
1 0.9239583333333333 0.25390625 0.022916666666666665 0.0109375
1 0.48854166666666665 0.24921875 0.0020833333333333333 0.0015625
1 0.37916666666666665 0.2953125 0.1125 0.09375
1 0.19583333333333333 0.24921875 0.004166666666666667 0.0015625
1 0.9572916666666667 0.24765625 0.0020833333333333333 0.0015625
1 0.965625 0.24609375 0.0020833333333333333 0.0015625
1 0.38229166666666664 0.2484375 0.05625 0.0125
1 0.784375 0.22890625 0.00625 0.0046875
1 0.946875 0.22421875 0.0020833333333333333 0.0015625
1 0.37395833333333334 0.21953125 0.0020833333333333333 0.0015625
1 0.3229166666666667 0.2203125 0.004166666666666667 0.003125
1 0.825 0.2171875 0.004166666666666667 0.003125
1 0.7635416666666667 0.21640625 0.0020833333333333333 0.0015625
1 0.7822916666666667 0.21328125 0.0020833333333333333 0.0015625
1 0.76875 0.2125 0.004166666666666667 0.003125
1 0.371875 0.21171875 0.0020833333333333333 0.0015625
1 0.365625 0.21171875 0.0020833333333333333 0.0015625
1 0.32083333333333336 0.2109375 0.008333333333333333 0.003125
1 0.7770833333333333 0.20859375 0.004166666666666667 0.0015625
1 0.365625 0.20859375 0.0020833333333333333 0.0015625
1 0.9510416666666667 0.20546875 0.0020833333333333333 0.0015625
1 0.309375 0.20625 0.0020833333333333333 0.003125
1 0.33645833333333336 0.20390625 0.0020833333333333333 0.0015625
1 0.37395833333333334 0.20234375 0.0020833333333333333 0.0015625
1 0.39479166666666665 0.19921875 0.0020833333333333333 0.0015625
1 0.3572916666666667 0.19921875 0.0020833333333333333 0.0015625
1 0.209375 0.19921875 0.0020833333333333333 0.0015625
1 0.4166666666666667 0.1984375 0.008333333333333333 0.003125
1 0.3625 0.19765625 0.004166666666666667 0.0015625
1 0.26145833333333335 0.19765625 0.0020833333333333333 0.0015625
1 0.20520833333333333 0.19765625 0.0020833333333333333 0.0015625
1 0.36041666666666666 0.2015625 0.029166666666666667 0.0125
1 0.43020833333333336 0.1953125 0.00625 0.003125
1 0.421875 0.19453125 0.0020833333333333333 0.0015625
1 0.4010416666666667 0.196875 0.014583333333333334 0.00625
1 0.2947916666666667 0.196875 0.010416666666666666 0.00625
1 0.20104166666666667 0.19453125 0.0020833333333333333 0.0015625
1 0.190625 0.196875 0.010416666666666666 0.00625
1 0.17083333333333334 0.196875 0.008333333333333333 0.00625
1 0.22395833333333334 0.19296875 0.0020833333333333333 0.0015625
1 0.178125 0.19375 0.0020833333333333333 0.003125
1 0.203125 0.19140625 0.0020833333333333333 0.0015625
1 0.8489583333333334 0.18828125 0.0020833333333333333 0.0015625
1 0.190625 0.18984375 0.00625 0.0046875
1 0.4239583333333333 0.18671875 0.0020833333333333333 0.0015625
1 0.453125 0.18515625 0.0020833333333333333 0.0015625
1 0.44479166666666664 0.18515625 0.0020833333333333333 0.0015625
1 0.43854166666666666 0.1859375 0.00625 0.003125
1 0.4322916666666667 0.18515625 0.0020833333333333333 0.0015625
1 0.17395833333333333 0.18515625 0.0020833333333333333 0.0015625
1 0.8125 0.2 0.058333333333333334 0.0375
1 0.75625 0.1890625 0.0125 0.015625
1 0.3854166666666667 0.1859375 0.0125 0.009375
1 0.8322916666666667 0.18046875 0.0020833333333333333 0.0015625
1 0.153125 0.17578125 0.0020833333333333333 0.0015625
1 0.0010416666666666667 0.17578125 0.0020833333333333333 0.0015625
1 0.390625 0.17421875 0.0020833333333333333 0.0015625
1 0.9552083333333333 0.17265625 0.00625 0.0015625
1 0.7791666666666667 0.17109375 0.004166666666666667 0.0015625
1 0.7739583333333333 0.17109375 0.0020833333333333333 0.0015625
1 0.009375 0.17109375 0.0020833333333333333 0.0015625
1 0.0125 0.17890625 0.025 0.0171875
1 0.146875 0.1703125 0.0020833333333333333 0.003125
1 0.13125 0.16953125 0.004166666666666667 0.0015625
1 0.9572916666666667 0.16796875 0.0020833333333333333 0.0015625
1 0.9114583333333334 0.16640625 0.0020833333333333333 0.0015625
1 0.010416666666666666 0.1671875 0.004166666666666667 0.003125
1 0.921875 0.16328125 0.0020833333333333333 0.0015625
1 0.865625 0.1703125 0.04375 0.01875
1 0.8802083333333334 0.15859375 0.0020833333333333333 0.0015625
1 0.9270833333333334 0.21953125 0.14583333333333334 0.1265625
1 0.009375 0.15703125 0.0020833333333333333 0.0015625
1 0.96875 0.15859375 0.008333333333333333 0.0078125
1 0.9583333333333334 0.15703125 0.008333333333333333 0.0046875
1 0.7666666666666667 0.16171875 0.025 0.0171875
1 0.26979166666666665 0.15234375 0.0020833333333333333 0.0015625
1 0.765625 0.1515625 0.0020833333333333333 0.003125
1 0.7614583333333333 0.15078125 0.0020833333333333333 0.0015625
1 0.38229166666666664 0.15078125 0.0020833333333333333 0.0015625
1 0.13645833333333332 0.15078125 0.0020833333333333333 0.0015625
1 0.8166666666666667 0.15 0.004166666666666667 0.003125
1 0.7614583333333333 0.14765625 0.0020833333333333333 0.0015625
1 0.38645833333333335 0.1484375 0.0020833333333333333 0.003125
1 0.7479166666666667 0.146875 0.004166666666666667 0.003125
1 0.9239583333333333 0.14921875 0.04375 0.0171875
1 0.7895833333333333 0.171875 0.05 0.06875
1 0.8239583333333333 0.13671875 0.0020833333333333333 0.0015625
1 0.040625 0.13515625 0.0020833333333333333 0.0015625
1 0.7833333333333333 0.13671875 0.008333333333333333 0.0078125
1 0.7385416666666667 0.13515625 0.010416666666666666 0.0140625
1 0.3229166666666667 0.12734375 0.004166666666666667 0.0015625
1 0.2625 0.12734375 0.004166666666666667 0.0046875
1 0.359375 0.12578125 0.0020833333333333333 0.0046875
1 0.7302083333333333 0.12265625 0.0020833333333333333 0.0015625
1 0.39479166666666665 0.1234375 0.0020833333333333333 0.003125
1 0.3697916666666667 0.12265625 0.0020833333333333333 0.0015625
1 0.39895833333333336 0.12109375 0.0020833333333333333 0.0015625
1 0.36770833333333336 0.11875 0.00625 0.003125
1 0.115625 0.11796875 0.0020833333333333333 0.0015625
1 0.084375 0.11796875 0.0020833333333333333 0.0015625
1 0.35208333333333336 0.11796875 0.008333333333333333 0.0046875
1 0.359375 0.115625 0.0020833333333333333 0.003125
1 0.36770833333333336 0.1140625 0.00625 0.003125
1 0.3458333333333333 0.1140625 0.004166666666666667 0.003125
1 0.3302083333333333 0.11796875 0.010416666666666666 0.0109375
1 0.35104166666666664 0.1125 0.0020833333333333333 0.003125
1 0.3697916666666667 0.11015625 0.0020833333333333333 0.0015625
1 0.7927083333333333 0.1078125 0.0020833333333333333 0.003125
1 0.353125 0.10703125 0.0020833333333333333 0.0015625
1 0.084375 0.1140625 0.03125 0.015625
1 0.7770833333333333 0.10546875 0.004166666666666667 0.0046875
1 0.36354166666666665 0.10234375 0.0020833333333333333 0.0015625
1 0.7697916666666667 0.10078125 0.0020833333333333333 0.0015625
1 0.3697916666666667 0.1015625 0.0020833333333333333 0.003125
1 0.052083333333333336 0.0984375 0.004166666666666667 0.003125
1 0.005208333333333333 0.10234375 0.010416666666666666 0.0109375
1 0.008333333333333333 0.09296875 0.004166666666666667 0.0046875
1 0.7572916666666667 0.08828125 0.0020833333333333333 0.0015625
1 0.9947916666666666 0.08359375 0.010416666666666666 0.0046875
1 0.9864583333333333 0.08203125 0.0020833333333333333 0.0015625
1 0.9979166666666667 0.08046875 0.004166666666666667 0.0015625
1 0.7854166666666667 0.0921875 0.020833333333333332 0.025
1 0.9958333333333333 0.07734375 0.004166666666666667 0.0015625
1 0.753125 0.078125 0.0020833333333333333 0.003125
1 0.9854166666666667 0.07578125 0.004166666666666667 0.0015625
1 0.778125 0.0703125 0.0020833333333333333 0.003125
1 0.034375 0.06953125 0.0020833333333333333 0.0015625
1 0.028125 0.08046875 0.05625 0.0265625
1 0.11979166666666667 0.06640625 0.0020833333333333333 0.0015625
1 0.036458333333333336 0.06640625 0.0020833333333333333 0.0015625
1 0.003125 0.06328125 0.0020833333333333333 0.0015625
1 0.740625 0.06171875 0.0020833333333333333 0.0015625
1 0.096875 0.0625 0.00625 0.009375
1 0.7666666666666667 0.06640625 0.016666666666666666 0.0203125
1 0.715625 0.0578125 0.0020833333333333333 0.003125
1 0.7572916666666667 0.05390625 0.0020833333333333333 0.0015625
1 0.7229166666666667 0.0625 0.016666666666666666 0.025
1 0.0010416666666666667 0.0515625 0.0020833333333333333 0.003125
1 0.11145833333333334 0.05078125 0.00625 0.0046875
1 0.28958333333333336 0.04765625 0.008333333333333333 0.0015625
1 0.29791666666666666 0.05546875 0.016666666666666666 0.0234375
1 0.7479166666666667 0.04609375 0.0125 0.0078125
1 0.71875 0.0421875 0.004166666666666667 0.003125
1 0.740625 0.0375 0.00625 0.003125
1 0.10104166666666667 0.03671875 0.0020833333333333333 0.0015625
1 0.146875 0.03359375 0.0020833333333333333 0.0015625
1 0.2520833333333333 0.0296875 0.004166666666666667 0.003125
1 0.065625 0.02890625 0.0020833333333333333 0.0015625
1 0.715625 0.02734375 0.0020833333333333333 0.0015625
1 0.14270833333333333 0.02734375 0.0020833333333333333 0.0015625
1 0.253125 0.02578125 0.0020833333333333333 0.0015625
1 0.14270833333333333 0.02109375 0.0020833333333333333 0.0046875
1 0.1625 0.015625 0.004166666666666667 0.003125
1 0.14375 0.015625 0.004166666666666667 0.003125
1 0.053125 0.01484375 0.0020833333333333333 0.0015625
1 0.05520833333333333 0.00703125 0.0020833333333333333 0.0015625
1 0.2625 0.00859375 0.008333333333333333 0.0171875
1 0.140625 0.00078125 0.0020833333333333333 0.0015625
1 0.13854166666666667 0.00703125 0.00625 0.0140625
1 0.215625 0.10390625 0.35208333333333336 0.2078125
1 0.029166666666666667 0.02734375 0.058333333333333334 0.0546875
