0 0.3125 0.63984375 0.008333333333333333 0.0171875
0 0.4947916666666667 0.61484375 0.0020833333333333333 0.0015625
0 0.5052083333333334 0.61015625 0.00625 0.0046875
0 0.5145833333333333 0.60234375 0.0125 0.0046875
0 0.39166666666666666 0.6046875 0.075 0.0125
0 0.5302083333333333 0.59609375 0.0020833333333333333 0.0015625
0 0.4739583333333333 0.56875 0.0020833333333333333 0.003125
0 0.7885416666666667 0.55859375 0.03125 0.0140625
0 0.728125 0.55 0.00625 0.003125
0 0.7375 0.54375 0.004166666666666667 0.003125
0 0.49270833333333336 0.54140625 0.0020833333333333333 0.0015625
0 0.6177083333333333 0.55703125 0.23125 0.0546875
0 0.33541666666666664 0.57265625 0.029166666666666667 0.1015625
0 0.421875 0.52421875 0.010416666666666666 0.0078125
0 0.353125 0.51953125 0.0020833333333333333 0.0015625
0 0.5989583333333334 0.50859375 0.00625 0.0015625
0 0.5927083333333333 0.50859375 0.0020833333333333333 0.0015625
0 0.5864583333333333 0.50859375 0.0020833333333333333 0.0015625
0 0.578125 0.50859375 0.0020833333333333333 0.0015625
0 0.390625 0.50859375 0.0020833333333333333 0.0015625
0 0.5791666666666667 0.50859375 0.10833333333333334 0.0140625
1 0.6989583333333333 0.95703125 0.0020833333333333333 0.0015625
1 0.6822916666666666 0.92734375 0.03958333333333333 0.0546875
1 0.2875 0.7484375 0.004166666666666667 0.003125
1 0.28958333333333336 0.740625 0.004166666666666667 0.003125
1 0.284375 0.73359375 0.0020833333333333333 0.0015625
1 0.28854166666666664 0.7328125 0.00625 0.009375
1 0.25729166666666664 0.70546875 0.00625 0.0046875
1 0.26875 0.70703125 0.020833333333333332 0.0171875
1 0.9989583333333333 0.68671875 0.0020833333333333333 0.0015625
1 0.9989583333333333 0.68359375 0.0020833333333333333 0.0015625
1 0.2989583333333333 0.66640625 0.0020833333333333333 0.0015625
1 0.9802083333333333 0.678125 0.03958333333333333 0.04375
1 0.296875 0.68984375 0.03125 0.0671875
1 0.30416666666666664 0.64375 0.004166666666666667 0.003125
1 0.45729166666666665 0.64140625 0.0020833333333333333 0.0015625
1 0.32083333333333336 0.646875 0.008333333333333333 0.0125
1 0.4625 0.63515625 0.004166666666666667 0.0015625
1 0.45729166666666665 0.63359375 0.0020833333333333333 0.0015625
1 0.5135416666666667 0.62421875 0.0020833333333333333 0.0015625
1 0.32916666666666666 0.6265625 0.008333333333333333 0.00625
1 0.33645833333333336 0.62109375 0.0020833333333333333 0.0015625
1 0.34375 0.61953125 0.004166666666666667 0.0015625
1 0.465625 0.61640625 0.0020833333333333333 0.0015625
1 0.4583333333333333 0.6171875 0.004166666666666667 0.003125
1 0.434375 0.61015625 0.0020833333333333333 0.0015625
1 0.42604166666666665 0.60859375 0.0020833333333333333 0.0015625
1 0.3854166666666667 0.60703125 0.004166666666666667 0.0015625
1 0.3927083333333333 0.60546875 0.0020833333333333333 0.0015625
1 0.346875 0.60625 0.00625 0.003125
1 0.43645833333333334 0.60390625 0.00625 0.0015625
1 0.5010416666666667 0.603125 0.0020833333333333333 0.003125
1 0.45 0.603125 0.008333333333333333 0.003125
1 0.42604166666666665 0.60078125 0.0020833333333333333 0.0015625
1 0.33229166666666665 0.59921875 0.0020833333333333333 0.0015625
1 0.540625 0.59765625 0.0020833333333333333 0.0015625
1 0.37395833333333334 0.596875 0.00625 0.003125
1 0.4010416666666667 0.59453125 0.00625 0.0015625
1 0.4947916666666667 0.5953125 0.010416666666666666 0.009375
1 0.5572916666666666 0.58984375 0.0020833333333333333 0.0015625
1 0.5010416666666667 0.58828125 0.0020833333333333333 0.0015625
1 0.5739583333333333 0.58671875 0.0020833333333333333 0.0015625
1 0.8302083333333333 0.5890625 0.00625 0.009375
1 0.5885416666666666 0.58515625 0.0020833333333333333 0.0015625
1 0.8302083333333333 0.58203125 0.0020833333333333333 0.0015625
1 0.815625 0.5828125 0.00625 0.003125
1 0.5864583333333333 0.57890625 0.0020833333333333333 0.0015625
1 0.8083333333333333 0.578125 0.004166666666666667 0.003125
1 0.5697916666666667 0.57734375 0.00625 0.0015625
1 0.48125 0.57890625 0.004166666666666667 0.0046875
1 0.5072916666666667 0.57421875 0.0020833333333333333 0.0015625
1 0.4791666666666667 0.5734375 0.004166666666666667 0.003125
1 0.7875 0.56953125 0.004166666666666667 0.0015625
1 0.54375 0.56953125 0.004166666666666667 0.0015625
1 0.7802083333333333 0.56875 0.00625 0.003125
1 0.5489583333333333 0.56796875 0.0020833333333333333 0.0015625
1 0.7604166666666666 0.56328125 0.004166666666666667 0.0015625
1 0.7541666666666667 0.56328125 0.004166666666666667 0.0015625
1 0.5229166666666667 0.5625 0.004166666666666667 0.003125
1 0.7489583333333333 0.56015625 0.0020833333333333333 0.0015625
1 0.590625 0.55859375 0.0020833333333333333 0.0015625
1 0.7395833333333334 0.5578125 0.0125 0.003125
1 0.5333333333333333 0.5578125 0.004166666666666667 0.003125
1 0.309375 0.55703125 0.0020833333333333333 0.0015625
1 0.8052083333333333 0.55703125 0.010416666666666666 0.0078125
1 0.6302083333333334 0.55390625 0.0020833333333333333 0.0015625
1 0.71875 0.553125 0.008333333333333333 0.003125
1 0.3072916666666667 0.553125 0.0020833333333333333 0.003125
1 0.54375 0.55078125 0.004166666666666667 0.0015625
1 0.646875 0.55 0.00625 0.003125
1 0.48854166666666665 0.553125 0.00625 0.009375
1 0.709375 0.5484375 0.00625 0.003125
1 0.6552083333333333 0.54765625 0.0020833333333333333 0.0015625
1 0.5760416666666667 0.54296875 0.00625 0.0015625
1 0.7770833333333333 0.54140625 0.004166666666666667 0.0015625
1 0.5822916666666667 0.54140625 0.0020833333333333333 0.0015625
1 0.7583333333333333 0.53828125 0.004166666666666667 0.0015625
1 0.7520833333333333 0.53671875 0.004166666666666667 0.0015625
1 0.31979166666666664 0.53671875 0.0020833333333333333 0.0015625
1 0.740625 0.53359375 0.00625 0.0015625
1 0.6208333333333333 0.52890625 0.004166666666666667 0.0015625
1 0.696875 0.52734375 0.0020833333333333333 0.0015625
1 0.634375 0.52734375 0.00625 0.0015625
1 0.6739583333333333 0.52578125 0.0020833333333333333 0.0015625
1 0.6614583333333334 0.52578125 0.0020833333333333333 0.0015625
1 0.321875 0.52578125 0.0020833333333333333 0.0015625
1 0.6854166666666667 0.525 0.016666666666666666 0.003125
1 0.5260416666666666 0.51953125 0.0020833333333333333 0.0015625
1 0.5364583333333334 0.51484375 0.0020833333333333333 0.0015625
1 0.659375 0.51015625 0.0020833333333333333 0.0015625
1 0.65 0.51015625 0.0125 0.0015625
1 0.640625 0.51015625 0.0020833333333333333 0.0015625
1 0.6083333333333333 0.51015625 0.004166666666666667 0.0015625
1 0.5989583333333334 0.51015625 0.0020833333333333333 0.0015625
1 0.6614583333333334 0.50390625 0.0020833333333333333 0.0015625
1 0.39479166666666665 0.50390625 0.0020833333333333333 0.0015625
1 0.5364583333333334 0.50234375 0.0020833333333333333 0.0015625
1 0.4552083333333333 0.57578125 0.15208333333333332 0.1484375
1 0.6020833333333333 0.50078125 0.0125 0.0015625
1 0.6333333333333333 0.50078125 0.025 0.0046875
1 0.6145833333333334 0.5 0.008333333333333333 0.003125
1 0.5697916666666667 0.49921875 0.00625 0.0015625
1 0.821875 0.24296875 0.00625 0.0109375
1 0.8020833333333334 0.22890625 0.004166666666666667 0.0078125
1 0.8135416666666667 0.19453125 0.027083333333333334 0.0671875
1 0.013541666666666667 0.08828125 0.0020833333333333333 0.0015625
1 0.05625 0.07109375 0.004166666666666667 0.0046875
1 0.21770833333333334 0.06875 0.014583333333333334 0.0125
1 0.08958333333333333 0.05390625 0.004166666666666667 0.0078125
1 0.07083333333333333 0.03984375 0.004166666666666667 0.0015625
1 0.7854166666666667 0.03671875 0.004166666666666667 0.0046875
1 0.8239583333333333 0.02890625 0.010416666666666666 0.0046875
1 0.3697916666666667 0.02734375 0.00625 0.0046875
1 0.171875 0.02578125 0.0020833333333333333 0.0015625
1 0.19479166666666667 0.01796875 0.0020833333333333333 0.0015625
1 0.27708333333333335 0.0109375 0.008333333333333333 0.00625
1 0.96875 0.0046875 0.004166666666666667 0.003125
1 0.33541666666666664 0.003125 0.004166666666666667 0.003125
1 0.9666666666666667 0.00078125 0.004166666666666667 0.0015625
1 0.7864583333333334 0.0125 0.010416666666666666 0.025
1 0.27708333333333335 0.0015625 0.004166666666666667 0.003125
1 0.19270833333333334 0.0109375 0.03125 0.021875
1 0.06770833333333333 0.0453125 0.13541666666666666 0.090625
