0 0.9614583333333333 0.93203125 0.01875 0.0140625
0 0.9552083333333333 0.87578125 0.01875 0.0484375
0 0.051041666666666666 0.68671875 0.0020833333333333333 0.0015625
0 0.946875 0.59921875 0.0020833333333333333 0.0015625
0 0.9322916666666666 0.59140625 0.0020833333333333333 0.0046875
0 0.9135416666666667 0.58671875 0.00625 0.0078125
0 0.9260416666666667 0.57421875 0.010416666666666666 0.0140625
0 0.9135416666666667 0.56875 0.010416666666666666 0.015625
0 0.8854166666666666 0.54609375 0.004166666666666667 0.0046875
0 0.8958333333333334 0.5625 0.020833333333333332 0.04375
0 0.8291666666666667 0.5390625 0.0125 0.003125
0 0.81875 0.53828125 0.004166666666666667 0.0015625
0 0.7958333333333333 0.53203125 0.0125 0.0078125
0 0.7854166666666667 0.52734375 0.004166666666666667 0.0015625
0 0.865625 0.51484375 0.0020833333333333333 0.0015625
0 0.8625 0.51875 0.0125 0.0125
0 0.840625 0.503125 0.010416666666666666 0.00625
0 0.5072916666666667 0.5046875 0.010416666666666666 0.01875
0 0.8364583333333333 0.4890625 0.010416666666666666 0.009375
0 0.7864583333333334 0.4828125 0.00625 0.003125
0 0.5135416666666667 0.48359375 0.010416666666666666 0.0140625
0 0.8270833333333333 0.478125 0.004166666666666667 0.00625
0 0.8239583333333333 0.47265625 0.0020833333333333333 0.0015625
0 0.7989583333333333 0.4765625 0.010416666666666666 0.009375
0 0.8395833333333333 0.47265625 0.008333333333333333 0.0046875
0 0.8677083333333333 0.465625 0.027083333333333334 0.021875
0 0.8697916666666666 0.45234375 0.0020833333333333333 0.0015625
0 0.8604166666666667 0.45078125 0.004166666666666667 0.0046875
0 0.5239583333333333 0.44921875 0.0020833333333333333 0.0015625
0 0.8635416666666667 0.44609375 0.00625 0.0015625
0 0.8010416666666667 0.425 0.022916666666666665 0.0125
0 0.7916666666666666 0.4140625 0.008333333333333333 0.0125
0 0.8875 0.4984375 0.1875 0.2
0 0.65 0.36796875 0.008333333333333333 0.0046875
0 0.6635416666666667 0.36171875 0.0020833333333333333 0.0015625
0 0.071875 0.3484375 0.00625 0.003125
0 0.2791666666666667 0.3375 0.016666666666666666 0.009375
0 0.20104166666666667 0.34609375 0.03125 0.0265625
0 0.22916666666666666 0.321875 0.004166666666666667 0.00625
0 0.265625 0.32421875 0.03125 0.0140625
0 0.25416666666666665 0.31640625 0.008333333333333333 0.0046875
0 0.24479166666666666 0.31640625 0.0020833333333333333 0.0046875
0 0.240625 0.31640625 0.0020833333333333333 0.0046875
0 0.18020833333333333 0.31484375 0.014583333333333334 0.0171875
0 0.2520833333333333 0.3015625 0.008333333333333333 0.003125
0 0.28125 0.30078125 0.0125 0.0078125
0 0.25416666666666665 0.28828125 0.0375 0.0203125
0 0.25833333333333336 0.25234375 0.004166666666666667 0.0015625
0 0.04583333333333333 0.253125 0.004166666666666667 0.003125
0 0.09583333333333334 0.2515625 0.004166666666666667 0.003125
0 0.2833333333333333 0.24765625 0.0375 0.0140625
0 0.30104166666666665 0.23671875 0.022916666666666665 0.0109375
0 0.9197916666666667 0.22734375 0.014583333333333334 0.0046875
0 0.209375 0.2328125 0.052083333333333336 0.015625
0 0.51875 0.2421875 0.0375 0.046875
0 0.18645833333333334 0.20859375 0.0020833333333333333 0.0015625
0 0.940625 0.215625 0.022916666666666665 0.021875
0 0.9447916666666667 0.20078125 0.0020833333333333333 0.0015625
0 0.3072916666666667 0.20078125 0.0020833333333333333 0.0015625
0 0.303125 0.20078125 0.0020833333333333333 0.0015625
0 0.2125 0.2109375 0.05416666666666667 0.028125
0 0.821875 0.20078125 0.022916666666666665 0.0140625
0 0.7177083333333333 0.21171875 0.052083333333333336 0.0390625
0 0.878125 0.20859375 0.04375 0.0390625
0 0.28229166666666666 0.18984375 0.0020833333333333333 0.0015625
0 0.8364583333333333 0.1890625 0.00625 0.00625
0 0.9989583333333333 0.18515625 0.0020833333333333333 0.0015625
0 0.17708333333333334 0.1875 0.016666666666666666 0.00625
0 0.28125 0.184375 0.004166666666666667 0.00625
0 0.796875 0.178125 0.0020833333333333333 0.003125
0 0.003125 0.18046875 0.00625 0.0078125
0 0.878125 0.17421875 0.010416666666666666 0.0078125
0 0.9572916666666667 0.184375 0.07291666666666667 0.034375
0 0.7322916666666667 0.16328125 0.0020833333333333333 0.0015625
0 0.3302083333333333 0.17890625 0.09375 0.0421875
0 0.746875 0.159375 0.01875 0.0125
0 0.26979166666666665 0.165625 0.03125 0.03125
0 0.7875 0.14375 0.008333333333333333 0.003125
0 0.8697916666666666 0.13046875 0.00625 0.0015625
0 0.8510416666666667 0.15625 0.06458333333333334 0.059375
0 0.965625 0.12578125 0.00625 0.0234375
0 0.9760416666666667 0.1171875 0.010416666666666666 0.0125
0 0.9885416666666667 0.11171875 0.014583333333333334 0.0046875
0 0.965625 0.1109375 0.0020833333333333333 0.003125
0 0.9979166666666667 0.10546875 0.004166666666666667 0.0078125
0 0.0020833333333333333 0.09765625 0.004166666666666667 0.0046875
0 0.5395833333333333 0.09453125 0.004166666666666667 0.0015625
0 0.975 0.096875 0.016666666666666666 0.009375
0 0.528125 0.09296875 0.0020833333333333333 0.0015625
0 0.5208333333333334 0.09375 0.004166666666666667 0.003125
0 0.6822916666666666 0.08671875 0.0020833333333333333 0.0015625
0 0.6864583333333333 0.08359375 0.0020833333333333333 0.0015625
0 0.5229166666666667 0.08203125 0.004166666666666667 0.0015625
0 0.0020833333333333333 0.084375 0.004166666666666667 0.00625
0 0.690625 0.08046875 0.0020833333333333333 0.0015625
0 0.11875 0.07890625 0.008333333333333333 0.0046875
0 0.10104166666666667 0.07890625 0.0020833333333333333 0.0046875
0 0.671875 0.08671875 0.014583333333333334 0.0234375
0 0.6895833333333333 0.0734375 0.004166666666666667 0.003125
0 0.6802083333333333 0.07265625 0.0020833333333333333 0.0015625
0 0.6760416666666667 0.07265625 0.0020833333333333333 0.0015625
0 0.13125 0.040625 0.004166666666666667 0.003125
0 0.9322916666666666 0.0375 0.0020833333333333333 0.003125
0 0.8135416666666667 0.03671875 0.0020833333333333333 0.0015625
0 0.8375 0.0234375 0.004166666666666667 0.003125
0 0.196875 0.02265625 0.0020833333333333333 0.0015625
0 0.096875 0.0265625 0.01875 0.015625
0 0.08854166666666667 0.01484375 0.0020833333333333333 0.0015625
0 0.8520833333333333 0.0140625 0.004166666666666667 0.00625
0 0.09270833333333334 0.01328125 0.0020833333333333333 0.0078125
0 0.22604166666666667 0.00859375 0.0020833333333333333 0.0015625
0 0.23020833333333332 0.00703125 0.0020833333333333333 0.0015625
0 0.128125 0.00546875 0.0020833333333333333 0.0015625
0 0.24166666666666667 0.00625 0.016666666666666666 0.009375
0 0.971875 0.04765625 0.05625 0.0953125
0 0.665625 0.00234375 0.0020833333333333333 0.0046875
0 0.653125 0.003125 0.00625 0.00625
0 0.725 0.115625 0.4166666666666667 0.23125
0 0.296875 0.00078125 0.00625 0.0015625
0 0.13229166666666667 0.0015625 0.00625 0.003125
0 0.11041666666666666 0.00625 0.020833333333333332 0.0125
0 0.09479166666666666 0.003125 0.00625 0.00625
0 0.06458333333333334 0.0109375 0.016666666666666666 0.021875
1 0.915625 0.9953125 0.0020833333333333333 0.00625
1 0.9260416666666667 0.94296875 0.0020833333333333333 0.0015625
1 0.9427083333333334 0.96796875 0.03958333333333333 0.0640625
1 0.990625 0.96015625 0.01875 0.0796875
1 0.896875 0.91875 0.0020833333333333333 0.003125
1 0.034375 0.90234375 0.0020833333333333333 0.0015625
1 0.04895833333333333 0.903125 0.01875 0.00625
1 0.028125 0.9015625 0.00625 0.003125
1 0.06145833333333333 0.89921875 0.0020833333333333333 0.0015625
1 0.021875 0.89765625 0.0020833333333333333 0.0015625
1 0.022916666666666665 0.915625 0.04583333333333333 0.0375
1 0.019791666666666666 0.8921875 0.00625 0.003125
1 0.00625 0.8921875 0.0125 0.00625
1 0.015625 0.88515625 0.0020833333333333333 0.0015625
1 0.008333333333333333 0.88203125 0.016666666666666666 0.0140625
1 0.9114583333333334 0.86484375 0.0020833333333333333 0.0015625
1 0.9197916666666667 0.85234375 0.0020833333333333333 0.0015625
1 0.9927083333333333 0.84765625 0.0020833333333333333 0.0015625
1 0.9322916666666666 0.84609375 0.00625 0.0078125
1 0.04895833333333333 0.84140625 0.0020833333333333333 0.0015625
1 0.011458333333333333 0.83828125 0.0020833333333333333 0.0015625
1 0.07395833333333333 0.83359375 0.0020833333333333333 0.0015625
1 0.059375 0.8375 0.00625 0.009375
1 0.041666666666666664 0.83515625 0.008333333333333333 0.0046875
1 0.051041666666666666 0.83046875 0.0020833333333333333 0.0015625
1 0.004166666666666667 0.834375 0.008333333333333333 0.009375
1 0.06979166666666667 0.82734375 0.014583333333333334 0.0078125
1 0.10520833333333333 0.81484375 0.0020833333333333333 0.0015625
1 0.9239583333333333 0.79296875 0.0020833333333333333 0.0015625
1 0.05416666666666667 0.81015625 0.10833333333333334 0.0640625
1 0.95625 0.80859375 0.0625 0.0640625
1 0.9354166666666667 0.77421875 0.004166666666666667 0.0015625
1 0.9447916666666667 0.778125 0.010416666666666666 0.015625
1 0.959375 0.76875 0.00625 0.00625
1 0.953125 0.76640625 0.0020833333333333333 0.0015625
1 0.9489583333333333 0.76484375 0.0020833333333333333 0.0015625
1 0.009375 0.76328125 0.01875 0.0203125
1 0.009375 0.75 0.01875 0.009375
1 0.203125 0.73671875 0.0020833333333333333 0.0015625
1 0.0010416666666666667 0.73359375 0.0020833333333333333 0.0015625
1 0.19270833333333334 0.73203125 0.0020833333333333333 0.0015625
1 0.821875 0.70546875 0.0020833333333333333 0.0015625
1 0.20104166666666667 0.725 0.06458333333333334 0.040625
1 0.8135416666666667 0.703125 0.0020833333333333333 0.003125
1 0.14583333333333334 0.70390625 0.004166666666666667 0.0046875
1 0.1625 0.70234375 0.004166666666666667 0.0046875
1 0.15729166666666666 0.70078125 0.0020833333333333333 0.0015625
1 0.0375 0.728125 0.075 0.05625
1 0.06979166666666667 0.69140625 0.0020833333333333333 0.0015625
1 0.128125 0.68203125 0.0020833333333333333 0.0015625
1 0.06875 0.68125 0.004166666666666667 0.003125
1 0.015625 0.67578125 0.0020833333333333333 0.0015625
1 0.14583333333333334 0.67734375 0.0125 0.0078125
1 0.007291666666666667 0.675 0.010416666666666666 0.003125
1 0.146875 0.67109375 0.0020833333333333333 0.0015625
1 0.03229166666666667 0.67109375 0.022916666666666665 0.0078125
1 0.10729166666666666 0.6671875 0.0020833333333333333 0.003125
1 0.11354166666666667 0.709375 0.05625 0.090625
1 0.08958333333333333 0.66328125 0.004166666666666667 0.0046875
1 0.015625 0.66171875 0.0020833333333333333 0.0015625
1 0.08333333333333333 0.6578125 0.004166666666666667 0.003125
1 0.08645833333333333 0.65390625 0.0020833333333333333 0.0015625
1 0.12083333333333333 0.665625 0.04583333333333333 0.028125
1 0.146875 0.6515625 0.0020833333333333333 0.003125
1 0.11145833333333334 0.64453125 0.0020833333333333333 0.0015625
1 0.071875 0.64765625 0.010416666666666666 0.0078125
1 0.0875 0.646875 0.016666666666666666 0.015625
1 0.029166666666666667 0.640625 0.004166666666666667 0.003125
1 0.11979166666666667 0.62421875 0.0020833333333333333 0.0046875
1 0.023958333333333335 0.640625 0.04791666666666667 0.059375
1 0.9947916666666666 0.60859375 0.0020833333333333333 0.0015625
1 0.042708333333333334 0.60703125 0.0020833333333333333 0.0015625
1 0.9510416666666667 0.60546875 0.0020833333333333333 0.0015625
1 0.9385416666666667 0.60546875 0.0020833333333333333 0.0015625
1 0.9979166666666667 0.60546875 0.004166666666666667 0.0078125
1 0.9614583333333333 0.60078125 0.0020833333333333333 0.0015625
1 0.915625 0.59765625 0.01875 0.0078125
1 0.12083333333333333 0.60625 0.029166666666666667 0.028125
1 0.8947916666666667 0.590625 0.0020833333333333333 0.003125
1 0.890625 0.58984375 0.0020833333333333333 0.0015625
1 0.9833333333333333 0.58671875 0.004166666666666667 0.0046875
1 0.13645833333333332 0.5875 0.00625 0.009375
1 0.115625 0.58203125 0.0020833333333333333 0.0015625
1 0.8791666666666667 0.58046875 0.0125 0.0109375
1 0.3614583333333333 0.57265625 0.0020833333333333333 0.0015625
1 0.10104166666666667 0.57578125 0.00625 0.0078125
1 0.36354166666666665 0.56796875 0.0020833333333333333 0.0015625
1 0.026041666666666668 0.58515625 0.052083333333333336 0.0390625
1 0.34270833333333334 0.56171875 0.0020833333333333333 0.0015625
1 0.8614583333333333 0.56015625 0.00625 0.0046875
1 0.36770833333333336 0.55703125 0.0020833333333333333 0.0015625
1 0.10104166666666667 0.55390625 0.0020833333333333333 0.0015625
1 0.34479166666666666 0.55546875 0.0020833333333333333 0.0078125
1 0.08333333333333333 0.5578125 0.0125 0.0125
1 0.853125 0.55078125 0.0020833333333333333 0.0015625
1 0.8625 0.553125 0.008333333333333333 0.009375
1 0.8260416666666667 0.5484375 0.010416666666666666 0.003125
1 0.815625 0.54765625 0.0020833333333333333 0.0015625
1 0.13854166666666667 0.54609375 0.0020833333333333333 0.0015625
1 0.13645833333333332 0.54296875 0.0020833333333333333 0.0015625
1 0.3572916666666667 0.53359375 0.0020833333333333333 0.0015625
1 0.3416666666666667 0.5390625 0.0125 0.0125
1 0.10208333333333333 0.5328125 0.004166666666666667 0.003125
1 0.7802083333333333 0.53359375 0.022916666666666665 0.0109375
1 0.528125 0.52734375 0.0020833333333333333 0.0015625
1 0.75625 0.5234375 0.004166666666666667 0.003125
1 0.30625 0.54296875 0.07083333333333333 0.0453125
1 0.296875 0.52109375 0.0020833333333333333 0.0015625
1 0.7552083333333334 0.51953125 0.0020833333333333333 0.0015625
1 0.5041666666666667 0.52265625 0.008333333333333333 0.0078125
1 0.49583333333333335 0.52890625 0.008333333333333333 0.0203125
1 0.45416666666666666 0.5203125 0.008333333333333333 0.003125
1 0.753125 0.51640625 0.0020833333333333333 0.0015625
1 0.9875 0.55078125 0.025 0.0765625
1 0.46770833333333334 0.51328125 0.0020833333333333333 0.0015625
1 0.471875 0.51171875 0.0020833333333333333 0.0015625
1 0.49895833333333334 0.51171875 0.0020833333333333333 0.0046875
1 0.8375 0.51328125 0.0125 0.0109375
1 0.8635416666666667 0.50390625 0.0020833333333333333 0.0015625
1 0.3302083333333333 0.50234375 0.0020833333333333333 0.0015625
1 0.271875 0.50234375 0.0020833333333333333 0.0015625
1 0.8864583333333333 0.49921875 0.0020833333333333333 0.0015625
1 0.5020833333333333 0.503125 0.004166666666666667 0.009375
1 0.8822916666666667 0.49765625 0.0020833333333333333 0.0015625
1 0.871875 0.503125 0.022916666666666665 0.01875
1 0.7572916666666667 0.49296875 0.0020833333333333333 0.0015625
1 0.5395833333333333 0.53203125 0.029166666666666667 0.0859375
1 0.36354166666666665 0.490625 0.00625 0.003125
1 0.46979166666666666 0.48359375 0.0020833333333333333 0.0015625
1 0.47708333333333336 0.49921875 0.058333333333333334 0.0359375
1 0.5010416666666667 0.478125 0.00625 0.003125
1 0.7739583333333333 0.47578125 0.0020833333333333333 0.0015625
1 0.090625 0.48203125 0.014583333333333334 0.0140625
1 0.996875 0.471875 0.00625 0.00625
1 0.98125 0.46875 0.004166666666666667 0.003125
1 0.7947916666666667 0.46796875 0.0020833333333333333 0.0015625
1 0.5083333333333333 0.4703125 0.004166666666666667 0.00625
1 0.7979166666666667 0.4625 0.004166666666666667 0.003125
1 0.5114583333333333 0.46171875 0.0020833333333333333 0.0015625
1 0.9979166666666667 0.46328125 0.004166666666666667 0.0078125
1 0.5114583333333333 0.45703125 0.00625 0.0015625
1 0.7833333333333333 0.44921875 0.008333333333333333 0.0078125
1 0.515625 0.446875 0.0020833333333333333 0.00625
1 0.12604166666666666 0.4421875 0.00625 0.003125
1 0.7614583333333333 0.43984375 0.0020833333333333333 0.0015625
1 0.6114583333333333 0.43984375 0.0020833333333333333 0.0015625
1 0.165625 0.43984375 0.0020833333333333333 0.0015625
1 0.753125 0.43828125 0.0020833333333333333 0.0015625
1 0.6322916666666667 0.43671875 0.0020833333333333333 0.0015625
1 0.6208333333333333 0.4375 0.008333333333333333 0.003125
1 0.5989583333333334 0.43671875 0.0020833333333333333 0.0015625
1 0.74375 0.43515625 0.004166666666666667 0.0015625
1 0.653125 0.43515625 0.0020833333333333333 0.0015625
1 0.7635416666666667 0.43359375 0.0020833333333333333 0.0015625
1 0.7229166666666667 0.43359375 0.004166666666666667 0.0015625
1 0.022916666666666665 0.43515625 0.008333333333333333 0.0046875
1 0.5864583333333333 0.43203125 0.0020833333333333333 0.0015625
1 0.6135416666666667 0.4328125 0.027083333333333334 0.00625
1 0.5270833333333333 0.4296875 0.004166666666666667 0.003125
1 0.7416666666666667 0.42734375 0.004166666666666667 0.0015625
1 0.6375 0.428125 0.0125 0.003125
1 0.9760416666666667 0.43046875 0.014583333333333334 0.0109375
1 0.6625 0.42578125 0.004166666666666667 0.0015625
1 0.6520833333333333 0.42734375 0.0125 0.0046875
1 0.6885416666666667 0.42421875 0.0020833333333333333 0.0015625
1 0.6833333333333333 0.42421875 0.004166666666666667 0.0015625
1 0.9677083333333333 0.42265625 0.0020833333333333333 0.0015625
1 0.9572916666666667 0.46328125 0.08541666666666667 0.0890625
1 0.596875 0.4234375 0.014583333333333334 0.009375
1 0.06041666666666667 0.42109375 0.0125 0.0078125
1 0.6145833333333334 0.4140625 0.004166666666666667 0.003125
1 0.621875 0.41171875 0.0020833333333333333 0.0015625
1 0.6291666666666667 0.41015625 0.008333333333333333 0.0015625
1 0.19791666666666666 0.4109375 0.004166666666666667 0.003125
1 0.609375 0.40859375 0.0020833333333333333 0.0015625
1 0.6 0.4109375 0.0125 0.00625
1 0.6177083333333333 0.40703125 0.0020833333333333333 0.0015625
1 0.9395833333333333 0.40703125 0.008333333333333333 0.0046875
1 0.628125 0.40546875 0.0020833333333333333 0.0015625
1 0.621875 0.40546875 0.0020833333333333333 0.0015625
1 0.590625 0.403125 0.0020833333333333333 0.003125
1 0.9114583333333334 0.40078125 0.0020833333333333333 0.0015625
1 0.228125 0.403125 0.014583333333333334 0.00625
1 0.7947916666666667 0.39921875 0.0020833333333333333 0.0015625
1 0.23958333333333334 0.39921875 0.004166666666666667 0.0015625
1 0.15729166666666666 0.39921875 0.0020833333333333333 0.0015625
1 0.821875 0.39609375 0.0020833333333333333 0.0015625
1 0.8072916666666666 0.39453125 0.0020833333333333333 0.0015625
1 0.5177083333333333 0.39140625 0.0020833333333333333 0.0015625
1 0.978125 0.3890625 0.0020833333333333333 0.003125
1 0.9635416666666666 0.403125 0.010416666666666666 0.034375
1 0.615625 0.38828125 0.010416666666666666 0.0046875
1 0.515625 0.3875 0.0020833333333333333 0.003125
1 0.6114583333333333 0.38203125 0.0020833333333333333 0.0015625
1 0.5135416666666667 0.38203125 0.0020833333333333333 0.0015625
1 0.5114583333333333 0.37890625 0.0020833333333333333 0.0015625
1 0.503125 0.38515625 0.010416666666666666 0.0140625
1 0.953125 0.37421875 0.0020833333333333333 0.0015625
1 0.953125 0.37109375 0.0020833333333333333 0.0015625
1 0.653125 0.371875 0.00625 0.003125
1 0.6614583333333334 0.36796875 0.0020833333333333333 0.0015625
1 0.5072916666666667 0.371875 0.00625 0.009375
1 0.6697916666666667 0.36484375 0.0020833333333333333 0.0015625
1 0.3885416666666667 0.36484375 0.0020833333333333333 0.0015625
1 0.64375 0.3640625 0.004166666666666667 0.003125
1 0.2552083333333333 0.3765625 0.022916666666666665 0.028125
1 0.15625 0.36328125 0.004166666666666667 0.0015625
1 0.9510416666666667 0.36171875 0.0020833333333333333 0.0015625
1 0.684375 0.35859375 0.0020833333333333333 0.0015625
1 0.7010416666666667 0.35546875 0.0020833333333333333 0.0015625
1 0.696875 0.35546875 0.0020833333333333333 0.0015625
1 0.690625 0.35703125 0.00625 0.0046875
1 0.9833333333333333 0.40390625 0.03333333333333333 0.1015625
1 0.6760416666666667 0.35390625 0.0020833333333333333 0.0015625
1 0.7177083333333333 0.353125 0.022916666666666665 0.003125
1 0.684375 0.35078125 0.0020833333333333333 0.0015625
1 0.27291666666666664 0.34765625 0.004166666666666667 0.0015625
1 0.70625 0.34609375 0.004166666666666667 0.0015625
1 0.7010416666666667 0.34609375 0.0020833333333333333 0.0015625
1 0.290625 0.34140625 0.0020833333333333333 0.0015625
1 0.959375 0.34140625 0.014583333333333334 0.0171875
1 0.959375 0.33046875 0.0020833333333333333 0.0015625
1 0.43645833333333334 0.32890625 0.0020833333333333333 0.0015625
1 0.4270833333333333 0.32890625 0.004166666666666667 0.0015625
1 0.28958333333333336 0.33125 0.008333333333333333 0.0125
1 0.23541666666666666 0.34296875 0.058333333333333334 0.0359375
1 0.2760416666666667 0.32109375 0.0020833333333333333 0.0015625
1 0.9791666666666666 0.32265625 0.008333333333333333 0.0078125
1 0.2708333333333333 0.3171875 0.004166666666666667 0.003125
1 0.2833333333333333 0.3125 0.03333333333333333 0.00625
1 0.9802083333333333 0.30859375 0.00625 0.0046875
1 0.9708333333333333 0.31015625 0.004166666666666667 0.0078125
1 0.99375 0.30625 0.0125 0.003125
1 0.9979166666666667 0.3015625 0.004166666666666667 0.003125
1 0.9927083333333333 0.30078125 0.0020833333333333333 0.0015625
1 0.6260416666666667 0.2890625 0.014583333333333334 0.009375
1 0.3458333333333333 0.2921875 0.008333333333333333 0.015625
1 0.30625 0.453125 0.6125 0.34375
1 0.2833333333333333 0.2921875 0.025 0.025
1 0.2625 0.2796875 0.0125 0.00625
1 0.33958333333333335 0.27890625 0.004166666666666667 0.0078125
1 0.253125 0.27578125 0.0020833333333333333 0.0015625
1 0.5208333333333334 0.2796875 0.016666666666666666 0.025
1 0.48125 0.28203125 0.020833333333333332 0.0328125
1 0.27395833333333336 0.26015625 0.0020833333333333333 0.0015625
1 0.26875 0.26015625 0.004166666666666667 0.0015625
1 0.5322916666666667 0.26171875 0.00625 0.0078125
1 0.2864583333333333 0.25703125 0.0020833333333333333 0.0015625
1 0.49895833333333334 0.25390625 0.0020833333333333333 0.0015625
1 0.2989583333333333 0.2546875 0.00625 0.003125
1 0.2520833333333333 0.26328125 0.025 0.0234375
1 0.309375 0.25078125 0.0020833333333333333 0.0015625
1 0.10208333333333333 0.2515625 0.004166666666666667 0.003125
1 0.5010416666666667 0.24921875 0.0020833333333333333 0.0015625
1 0.95625 0.24765625 0.004166666666666667 0.0015625
1 0.9489583333333333 0.24765625 0.0020833333333333333 0.0015625
1 0.10520833333333333 0.24765625 0.0020833333333333333 0.0015625
1 0.5395833333333333 0.246875 0.004166666666666667 0.00625
1 0.5041666666666667 0.2453125 0.004166666666666667 0.003125
1 0.31666666666666665 0.24375 0.004166666666666667 0.003125
1 0.5072916666666667 0.24140625 0.0020833333333333333 0.0015625
1 0.925 0.23984375 0.008333333333333333 0.0015625
1 0.5427083333333333 0.23984375 0.0020833333333333333 0.0015625
1 0.32395833333333335 0.24140625 0.0020833333333333333 0.0046875
1 0.9375 0.23984375 0.008333333333333333 0.0046875
1 0.509375 0.23828125 0.0020833333333333333 0.0015625
1 0.9166666666666666 0.23671875 0.004166666666666667 0.0015625
1 0.7645833333333333 0.23828125 0.004166666666666667 0.0046875
1 0.5114583333333333 0.23515625 0.0020833333333333333 0.0015625
1 0.7614583333333333 0.23359375 0.0020833333333333333 0.0015625
1 0.953125 0.23671875 0.010416666666666666 0.0109375
1 0.8822916666666667 0.23046875 0.0020833333333333333 0.0015625
1 0.8708333333333333 0.23046875 0.008333333333333333 0.0015625
1 0.73125 0.2328125 0.016666666666666666 0.009375
1 0.546875 0.23203125 0.00625 0.0109375
1 0.11875 0.22890625 0.004166666666666667 0.0046875
1 0.7447916666666666 0.2265625 0.0020833333333333333 0.003125
1 0.5177083333333333 0.2265625 0.0020833333333333333 0.003125
1 0.8510416666666667 0.22734375 0.00625 0.0078125
1 0.5510416666666667 0.22421875 0.0020833333333333333 0.0015625
1 0.140625 0.22421875 0.0020833333333333333 0.0015625
1 0.846875 0.22265625 0.0020833333333333333 0.0015625
1 0.7083333333333334 0.228125 0.016666666666666666 0.0125
1 0.11979166666666667 0.2234375 0.0020833333333333333 0.003125
1 0.9614583333333333 0.22421875 0.00625 0.0078125
1 0.6854166666666667 0.2234375 0.008333333333333333 0.00625
1 0.521875 0.22109375 0.0020833333333333333 0.0015625
1 0.690625 0.21796875 0.0020833333333333333 0.0015625
1 0.95625 0.2171875 0.004166666666666667 0.003125
1 0.55625 0.2171875 0.004166666666666667 0.003125
1 0.9114583333333334 0.21328125 0.0020833333333333333 0.0015625
1 0.9625 0.21171875 0.004166666666666667 0.0015625
1 0.7479166666666667 0.21640625 0.004166666666666667 0.0109375
1 0.5604166666666667 0.2125 0.004166666666666667 0.003125
1 0.5270833333333333 0.21328125 0.004166666666666667 0.0046875
1 0.7645833333333333 0.20859375 0.004166666666666667 0.0015625
1 0.9083333333333333 0.2078125 0.004166666666666667 0.003125
1 0.85625 0.20703125 0.004166666666666667 0.0015625
1 0.8489583333333334 0.21328125 0.00625 0.0140625
1 0.95625 0.20859375 0.020833333333333332 0.0109375
1 0.7625 0.20546875 0.0125 0.0046875
1 0.6885416666666667 0.20390625 0.0020833333333333333 0.0015625
1 0.534375 0.20390625 0.0020833333333333333 0.0015625
1 0.69375 0.203125 0.004166666666666667 0.003125
1 0.8625 0.2015625 0.004166666666666667 0.003125
1 0.80625 0.2046875 0.004166666666666667 0.009375
1 0.8010416666666667 0.20078125 0.0020833333333333333 0.0015625
1 0.690625 0.20078125 0.0020833333333333333 0.0015625
1 0.9989583333333333 0.19921875 0.0020833333333333333 0.0015625
1 0.5385416666666667 0.19921875 0.0020833333333333333 0.0015625
1 0.16458333333333333 0.21171875 0.029166666666666667 0.0265625
1 0.8729166666666667 0.19765625 0.004166666666666667 0.0015625
1 0.7864583333333334 0.19921875 0.01875 0.0046875
1 0.9822916666666667 0.19609375 0.0020833333333333333 0.0015625
1 0.240625 0.19609375 0.0020833333333333333 0.0015625
1 0.21770833333333334 0.19609375 0.010416666666666666 0.0015625
1 0.9979166666666667 0.1953125 0.004166666666666667 0.003125
1 0.8708333333333333 0.19453125 0.004166666666666667 0.0015625
1 0.20625 0.19453125 0.004166666666666667 0.0015625
1 0.865625 0.19453125 0.0020833333333333333 0.0046875
1 0.834375 0.2046875 0.052083333333333336 0.025
1 0.621875 0.19140625 0.0020833333333333333 0.0015625
1 0.5770833333333333 0.18984375 0.004166666666666667 0.0046875
1 0.978125 0.19140625 0.014583333333333334 0.0140625
1 0.7833333333333333 0.1859375 0.004166666666666667 0.003125
1 0.7479166666666667 0.196875 0.008333333333333333 0.025
1 0.2791666666666667 0.21171875 0.0875 0.0546875
1 0.6625 0.184375 0.004166666666666667 0.003125
1 0.5854166666666667 0.184375 0.004166666666666667 0.00625
1 0.5541666666666667 0.1828125 0.004166666666666667 0.003125
1 0.7635416666666667 0.17890625 0.0020833333333333333 0.0015625
1 0.7572916666666667 0.1859375 0.010416666666666666 0.015625
1 0.209375 0.17578125 0.0020833333333333333 0.0015625
1 0.6052083333333333 0.17265625 0.0020833333333333333 0.0015625
1 0.6 0.1734375 0.004166666666666667 0.003125
1 0.24895833333333334 0.1734375 0.0020833333333333333 0.00625
1 0.74375 0.16953125 0.004166666666666667 0.0015625
1 0.5927083333333333 0.16796875 0.0020833333333333333 0.0015625
1 0.23229166666666667 0.16796875 0.0020833333333333333 0.0015625
1 0.7333333333333333 0.18125 0.03333333333333333 0.03125
1 0.37604166666666666 0.16484375 0.0020833333333333333 0.0015625
1 0.24895833333333334 0.16640625 0.0020833333333333333 0.0046875
1 0.6145833333333334 0.165625 0.008333333333333333 0.00625
1 0.621875 0.16171875 0.0020833333333333333 0.0015625
1 0.628125 0.15859375 0.0020833333333333333 0.0015625
1 0.6114583333333333 0.15859375 0.0020833333333333333 0.0015625
1 0.6166666666666667 0.15703125 0.004166666666666667 0.0015625
1 0.6333333333333333 0.15625 0.004166666666666667 0.003125
1 0.646875 0.15234375 0.0020833333333333333 0.0015625
1 0.6395833333333333 0.153125 0.004166666666666667 0.003125
1 0.6291666666666667 0.15234375 0.008333333333333333 0.0015625
1 0.290625 0.15078125 0.0020833333333333333 0.0015625
1 0.2552083333333333 0.14921875 0.0020833333333333333 0.0015625
1 0.6802083333333333 0.14765625 0.0020833333333333333 0.0015625
1 0.2635416666666667 0.14765625 0.0020833333333333333 0.0015625
1 0.28020833333333334 0.14609375 0.0020833333333333333 0.0015625
1 0.6458333333333334 0.14609375 0.004166666666666667 0.0046875
1 0.28541666666666665 0.14609375 0.004166666666666667 0.0046875
1 0.6947916666666667 0.14609375 0.0020833333333333333 0.0078125
1 0.684375 0.14140625 0.0020833333333333333 0.0015625
1 0.27395833333333336 0.1421875 0.014583333333333334 0.003125
1 0.184375 0.1421875 0.0020833333333333333 0.003125
1 0.6895833333333333 0.1390625 0.004166666666666667 0.003125
1 0.165625 0.13671875 0.0020833333333333333 0.0015625
1 0.6895833333333333 0.13515625 0.004166666666666667 0.0015625
1 0.22916666666666666 0.1359375 0.004166666666666667 0.003125
1 0.6572916666666667 0.13359375 0.0020833333333333333 0.0015625
1 0.20104166666666667 0.134375 0.00625 0.003125
1 0.24895833333333334 0.1328125 0.010416666666666666 0.003125
1 0.209375 0.13203125 0.00625 0.0015625
1 0.21770833333333334 0.13046875 0.00625 0.0015625
1 0.6677083333333333 0.128125 0.00625 0.003125
1 0.178125 0.12890625 0.014583333333333334 0.0078125
1 0.8239583333333333 0.13203125 0.04375 0.0359375
1 0.946875 0.146875 0.10625 0.09375
1 0.9385416666666667 0.1 0.0020833333333333333 0.003125
1 0.2635416666666667 0.0984375 0.0020833333333333333 0.003125
1 0.95 0.0953125 0.004166666666666667 0.003125
1 0.2677083333333333 0.09296875 0.0020833333333333333 0.0015625
1 0.9270833333333334 0.09453125 0.0125 0.0140625
1 0.27291666666666664 0.0890625 0.004166666666666667 0.003125
1 0.278125 0.08046875 0.0020833333333333333 0.0015625
1 0.6625 0.07421875 0.004166666666666667 0.0015625
1 0.6052083333333333 0.07421875 0.0020833333333333333 0.0015625
1 0.5989583333333334 0.07421875 0.0020833333333333333 0.0015625
1 0.9489583333333333 0.07265625 0.0020833333333333333 0.0015625
1 0.9395833333333333 0.071875 0.0125 0.00625
1 0.6635416666666667 0.0703125 0.0020833333333333333 0.003125
1 0.2833333333333333 0.0703125 0.004166666666666667 0.003125
1 0.007291666666666667 0.07421875 0.014583333333333334 0.0109375
1 0.28229166666666666 0.06640625 0.0020833333333333333 0.0015625
1 0.28229166666666666 0.06328125 0.0020833333333333333 0.0015625
1 0.6697916666666667 0.06015625 0.035416666666666666 0.0171875
1 0.2791666666666667 0.05078125 0.004166666666666667 0.0015625
1 0.028125 0.05234375 0.010416666666666666 0.0046875
1 0.26875 0.05078125 0.008333333333333333 0.0046875
1 0.671875 0.0484375 0.0020833333333333333 0.003125
1 0.23229166666666667 0.0484375 0.06875 0.01875
1 0.228125 0.03125 0.010416666666666666 0.009375
1 0.85 0.02265625 0.008333333333333333 0.0015625
1 0.8197916666666667 0.01953125 0.01875 0.0109375
1 0.8739583333333333 0.01328125 0.014583333333333334 0.0109375
1 0.8385416666666666 0.01328125 0.010416666666666666 0.0109375
1 0.2989583333333333 0.00546875 0.0020833333333333333 0.0015625
1 0.2864583333333333 0.00546875 0.0020833333333333333 0.0015625
1 0.2791666666666667 0.00546875 0.004166666666666667 0.0015625
1 0.2791666666666667 0.00234375 0.004166666666666667 0.0015625
1 0.90625 0.03046875 0.05416666666666667 0.0609375
1 0.8520833333333333 0.00234375 0.0125 0.0046875
1 0.8052083333333333 0.00234375 0.010416666666666666 0.0046875
1 0.26979166666666665 0.0015625 0.00625 0.003125
1 0.13020833333333334 0.21328125 0.2604166666666667 0.4265625
