0 0.915625 0.93984375 0.0020833333333333333 0.0015625
0 0.8479166666666667 0.92734375 0.008333333333333333 0.0046875
0 0.9083333333333333 0.92421875 0.0125 0.0109375
0 0.9354166666666667 0.8515625 0.004166666666666667 0.003125
0 0.840625 0.84921875 0.0020833333333333333 0.0015625
0 0.9354166666666667 0.84140625 0.004166666666666667 0.0078125
0 0.96875 0.83515625 0.004166666666666667 0.0015625
0 0.91875 0.825 0.0125 0.0125
0 0.696875 0.81796875 0.0020833333333333333 0.0015625
0 0.6895833333333333 0.815625 0.004166666666666667 0.003125
0 0.684375 0.81171875 0.0020833333333333333 0.0015625
0 0.6989583333333333 0.81171875 0.010416666666666666 0.0046875
0 0.7114583333333333 0.80859375 0.0020833333333333333 0.0015625
0 0.7072916666666667 0.80859375 0.0020833333333333333 0.0015625
0 0.696875 0.80859375 0.0020833333333333333 0.0015625
0 0.7010416666666667 0.80625 0.0020833333333333333 0.003125
0 0.6916666666666667 0.80859375 0.004166666666666667 0.0078125
0 0.8354166666666667 0.80546875 0.004166666666666667 0.0046875
0 0.66875 0.8046875 0.004166666666666667 0.003125
0 0.8541666666666666 0.8015625 0.008333333333333333 0.00625
0 0.8635416666666667 0.79765625 0.0020833333333333333 0.0015625
0 0.8572916666666667 0.7953125 0.0020833333333333333 0.003125
0 0.8635416666666667 0.7921875 0.0020833333333333333 0.003125
0 0.628125 0.78671875 0.00625 0.0015625
0 0.7635416666666667 0.78515625 0.00625 0.0109375
0 0.9572916666666667 0.77578125 0.0020833333333333333 0.0015625
0 0.95 0.7765625 0.008333333333333333 0.003125
0 0.9385416666666667 0.7765625 0.00625 0.003125
0 0.8322916666666667 0.77578125 0.0020833333333333333 0.0015625
0 0.7760416666666666 0.78046875 0.014583333333333334 0.0109375
0 0.8833333333333333 0.77421875 0.004166666666666667 0.0015625
0 0.8385416666666666 0.778125 0.010416666666666666 0.009375
0 0.9697916666666667 0.77109375 0.00625 0.0046875
0 0.615625 0.76640625 0.00625 0.0078125
0 0.6197916666666666 0.76328125 0.0020833333333333333 0.0046875
0 0.6875 0.7828125 0.07083333333333333 0.05
0 0.696875 0.7625 0.01875 0.0125
0 0.9583333333333334 0.76484375 0.029166666666666667 0.0265625
0 0.71875 0.75078125 0.004166666666666667 0.0015625
0 0.7104166666666667 0.74609375 0.0125 0.0046875
0 0.696875 0.73984375 0.00625 0.0078125
0 0.890625 0.73359375 0.0020833333333333333 0.0015625
0 0.8427083333333333 0.73203125 0.0020833333333333333 0.0015625
0 0.453125 0.7 0.01875 0.0125
0 0.953125 0.68828125 0.0020833333333333333 0.0015625
0 0.48541666666666666 0.68671875 0.041666666666666664 0.0265625
0 0.828125 0.67265625 0.00625 0.0015625
0 0.975 0.6796875 0.05 0.025
0 0.4635416666666667 0.6703125 0.00625 0.00625
0 0.6885416666666667 0.6703125 0.01875 0.009375
0 0.890625 0.66796875 0.00625 0.0109375
0 0.6395833333333333 0.64765625 0.004166666666666667 0.0015625
0 0.5229166666666667 0.6484375 0.016666666666666666 0.009375
0 0.8572916666666667 0.65546875 0.04791666666666667 0.0296875
0 0.9291666666666667 0.653125 0.03333333333333333 0.028125
0 0.6041666666666666 0.65 0.07083333333333333 0.0375
0 0.7614583333333333 0.6265625 0.010416666666666666 0.00625
0 0.80625 0.64140625 0.05416666666666667 0.0421875
0 0.834375 0.61953125 0.0020833333333333333 0.0015625
0 0.8604166666666667 0.61796875 0.0125 0.0109375
0 0.8354166666666667 0.6015625 0.004166666666666667 0.003125
0 0.7041666666666667 0.62421875 0.041666666666666664 0.0484375
0 0.8947916666666667 0.60625 0.027083333333333334 0.015625
0 0.8302083333333333 0.596875 0.0020833333333333333 0.003125
0 0.7854166666666667 0.59765625 0.0125 0.0046875
0 0.7010416666666667 0.59453125 0.0020833333333333333 0.0015625
0 0.9583333333333334 0.6109375 0.08333333333333333 0.06875
0 0.7302083333333333 0.57734375 0.0020833333333333333 0.0015625
0 0.9020833333333333 0.5734375 0.004166666666666667 0.003125
0 0.696875 0.52265625 0.0020833333333333333 0.0015625
0 0.871875 0.5546875 0.12291666666666666 0.0875
0 0.971875 0.41796875 0.0020833333333333333 0.0015625
0 0.9614583333333333 0.41484375 0.0020833333333333333 0.0015625
0 0.6302083333333334 0.4125 0.014583333333333334 0.009375
0 0.9697916666666667 0.38984375 0.0020833333333333333 0.0015625
0 0.984375 0.36484375 0.0020833333333333333 0.0015625
0 0.8489583333333334 0.36171875 0.0020833333333333333 0.0015625
0 0.8572916666666667 0.35859375 0.0020833333333333333 0.0015625
0 0.771875 0.35703125 0.0020833333333333333 0.0015625
0 0.8864583333333333 0.34921875 0.0020833333333333333 0.0015625
0 0.7822916666666667 0.34765625 0.0020833333333333333 0.0015625
0 0.7114583333333333 0.33828125 0.0020833333333333333 0.0015625
0 0.796875 0.33359375 0.0020833333333333333 0.0015625
0 0.9552083333333333 0.31953125 0.0020833333333333333 0.0015625
0 0.9541666666666667 0.31640625 0.004166666666666667 0.0015625
0 0.9552083333333333 0.31171875 0.0020833333333333333 0.0015625
0 0.8822916666666667 0.29140625 0.014583333333333334 0.0140625
0 0.7822916666666667 0.28203125 0.0020833333333333333 0.0015625
0 0.871875 0.278125 0.0020833333333333333 0.003125
0 0.5854166666666667 0.28359375 0.025 0.0140625
0 0.66875 0.27265625 0.004166666666666667 0.0015625
0 0.58125 0.2734375 0.004166666666666667 0.003125
0 0.6916666666666667 0.2734375 0.0125 0.0125
0 0.7364583333333333 0.26015625 0.0020833333333333333 0.0015625
0 0.5364583333333334 0.2625 0.00625 0.009375
0 0.8125 0.2578125 0.008333333333333333 0.00625
0 0.9458333333333333 0.2515625 0.025 0.015625
0 0.32916666666666666 0.2421875 0.004166666666666667 0.003125
0 0.7729166666666667 0.2578125 0.05 0.0375
0 0.678125 0.2453125 0.010416666666666666 0.0125
0 0.6239583333333333 0.25546875 0.06875 0.0390625
0 0.6864583333333333 0.2296875 0.0020833333333333333 0.00625
0 0.3385416666666667 0.22734375 0.0020833333333333333 0.0015625
0 0.8958333333333334 0.22734375 0.004166666666666667 0.0046875
0 0.8666666666666667 0.24140625 0.06666666666666667 0.0328125
0 0.54375 0.22890625 0.008333333333333333 0.0078125
0 0.365625 0.2328125 0.014583333333333334 0.015625
0 0.33125 0.2234375 0.008333333333333333 0.00625
0 0.28229166666666666 0.22265625 0.014583333333333334 0.0046875
0 0.8166666666666667 0.22421875 0.016666666666666666 0.0203125
0 0.33645833333333336 0.21640625 0.00625 0.0046875
0 0.8177083333333334 0.21015625 0.0020833333333333333 0.0015625
0 0.5385416666666667 0.21328125 0.01875 0.0109375
0 0.9020833333333333 0.21171875 0.020833333333333332 0.0140625
0 0.821875 0.20234375 0.0020833333333333333 0.0015625
0 0.9833333333333333 0.21796875 0.03333333333333333 0.0359375
0 0.8291666666666667 0.196875 0.008333333333333333 0.00625
0 0.740625 0.2 0.052083333333333336 0.028125
0 0.22395833333333334 0.16484375 0.0020833333333333333 0.0015625
0 0.196875 0.16015625 0.00625 0.0046875
0 0.7885416666666667 0.15703125 0.0020833333333333333 0.0015625
0 0.21666666666666667 0.15859375 0.0125 0.0078125
0 0.23645833333333333 0.15703125 0.010416666666666666 0.0171875
0 0.03125 0.14375 0.025 0.009375
0 0.8239583333333333 0.12890625 0.0020833333333333333 0.0015625
0 0.9041666666666667 0.0984375 0.004166666666666667 0.003125
0 0.5875 0.0765625 0.004166666666666667 0.003125
0 0.5802083333333333 0.07578125 0.0020833333333333333 0.0015625
0 0.921875 0.06484375 0.0020833333333333333 0.0046875
0 0.8135416666666667 0.05625 0.010416666666666666 0.003125
0 0.9208333333333333 0.05234375 0.004166666666666667 0.0015625
0 0.5760416666666667 0.0515625 0.010416666666666666 0.003125
0 0.8677083333333333 0.04609375 0.0020833333333333333 0.0015625
0 0.85 0.05 0.016666666666666666 0.0125
0 0.846875 0.04375 0.0020833333333333333 0.003125
0 0.578125 0.0421875 0.00625 0.003125
0 0.8770833333333333 0.03671875 0.004166666666666667 0.0015625
0 0.8791666666666667 0.03203125 0.008333333333333333 0.0046875
0 0.9770833333333333 0.03046875 0.0125 0.0109375
0 0.8822916666666667 0.021875 0.010416666666666666 0.003125
0 0.803125 0.01328125 0.00625 0.0078125
0 0.7625 0.0109375 0.004166666666666667 0.00625
0 0.9427083333333334 0.00703125 0.0020833333333333333 0.0015625
0 0.9510416666666667 0.00546875 0.010416666666666666 0.0046875
0 0.46041666666666664 0.00390625 0.004166666666666667 0.0046875
0 0.94375 0.00234375 0.008333333333333333 0.0046875
0 0.8354166666666667 0.00234375 0.008333333333333333 0.0046875
1 0.8291666666666667 0.996875 0.008333333333333333 0.00625
1 0.19375 0.99609375 0.016666666666666666 0.0078125
1 0.584375 0.9953125 0.010416666666666666 0.009375
1 0.12291666666666666 0.9796875 0.004166666666666667 0.003125
1 0.11354166666666667 0.97421875 0.0020833333333333333 0.0015625
1 0.6197916666666666 0.97265625 0.0020833333333333333 0.0015625
1 0.5979166666666667 0.971875 0.004166666666666667 0.003125
1 0.21979166666666666 0.96796875 0.0020833333333333333 0.0015625
1 0.5916666666666667 0.96796875 0.0125 0.0046875
1 0.15104166666666666 0.96484375 0.0020833333333333333 0.0015625
1 0.5947916666666667 0.96328125 0.00625 0.0015625
1 0.12604166666666666 0.9640625 0.0020833333333333333 0.003125
1 0.128125 0.96015625 0.0020833333333333333 0.0015625
1 0.13020833333333334 0.95703125 0.0020833333333333333 0.0015625
1 0.134375 0.95625 0.0020833333333333333 0.003125
1 0.06145833333333333 0.95390625 0.0020833333333333333 0.0015625
1 0.6229166666666667 0.95390625 0.016666666666666666 0.0046875
1 0.24270833333333333 0.95234375 0.0020833333333333333 0.0015625
1 0.796875 0.94609375 0.0020833333333333333 0.0015625
1 0.3614583333333333 0.94453125 0.0020833333333333333 0.0015625
1 0.17916666666666667 0.94609375 0.004166666666666667 0.0046875
1 0.9020833333333333 0.94609375 0.016666666666666666 0.0078125
1 0.7958333333333333 0.9421875 0.004166666666666667 0.003125
1 0.925 0.9390625 0.004166666666666667 0.009375
1 0.8614583333333333 0.93515625 0.0020833333333333333 0.0015625
1 0.8072916666666666 0.9375 0.010416666666666666 0.00625
1 0.78125 0.93984375 0.0125 0.0109375
1 0.9197916666666667 0.934375 0.0020833333333333333 0.003125
1 0.8125 0.93203125 0.004166666666666667 0.0015625
1 0.8041666666666667 0.934375 0.008333333333333333 0.00625
1 0.9239583333333333 0.93125 0.0020833333333333333 0.003125
1 0.88125 0.9375 0.020833333333333332 0.01875
1 0.896875 0.92734375 0.0020833333333333333 0.0015625
1 0.8291666666666667 0.93125 0.041666666666666664 0.01875
1 0.026041666666666668 0.96015625 0.052083333333333336 0.0796875
1 0.10833333333333334 0.940625 0.09583333333333334 0.046875
1 0.771875 0.91640625 0.0020833333333333333 0.0015625
1 0.715625 0.91015625 0.0020833333333333333 0.0015625
1 0.23854166666666668 0.91015625 0.0020833333333333333 0.0015625
1 0.7052083333333333 0.9109375 0.010416666666666666 0.009375
1 0.5291666666666667 0.9078125 0.004166666666666667 0.003125
1 0.23125 0.9109375 0.004166666666666667 0.009375
1 0.5552083333333333 0.90546875 0.0020833333333333333 0.0015625
1 0.9166666666666666 0.915625 0.016666666666666666 0.025
1 0.7677083333333333 0.90390625 0.0020833333333333333 0.0015625
1 0.7364583333333333 0.9125 0.010416666666666666 0.01875
1 0.7083333333333334 0.9046875 0.004166666666666667 0.003125
1 0.6989583333333333 0.90390625 0.0020833333333333333 0.0015625
1 0.23333333333333334 0.9265625 0.025 0.046875
1 0.5135416666666667 0.90390625 0.00625 0.0046875
1 0.703125 0.90078125 0.0020833333333333333 0.0015625
1 0.6947916666666667 0.89921875 0.0020833333333333333 0.0015625
1 0.765625 0.91484375 0.022916666666666665 0.0359375
1 0.9291666666666667 0.8984375 0.008333333333333333 0.00625
1 0.8666666666666667 0.9140625 0.016666666666666666 0.0375
1 0.690625 0.89453125 0.0020833333333333333 0.0015625
1 0.22395833333333334 0.896875 0.0020833333333333333 0.00625
1 0.9083333333333333 0.896875 0.008333333333333333 0.009375
1 0.5572916666666666 0.896875 0.010416666666666666 0.009375
1 0.5083333333333333 0.8953125 0.004166666666666667 0.009375
1 0.18020833333333333 0.89140625 0.0020833333333333333 0.0015625
1 0.5177083333333333 0.8921875 0.00625 0.015625
1 0.23958333333333334 0.8953125 0.004166666666666667 0.021875
1 0.5177083333333333 0.88125 0.0020833333333333333 0.003125
1 0.6510416666666666 0.87890625 0.0020833333333333333 0.0015625
1 0.9552083333333333 0.87265625 0.0020833333333333333 0.0015625
1 0.921875 0.8734375 0.0020833333333333333 0.003125
1 0.940625 0.85703125 0.0020833333333333333 0.0015625
1 0.18645833333333334 0.8984375 0.035416666666666666 0.0875
1 0.803125 0.853125 0.0020833333333333333 0.00625
1 0.7489583333333333 0.8484375 0.0020833333333333333 0.003125
1 0.9166666666666666 0.846875 0.008333333333333333 0.00625
1 0.934375 0.82265625 0.010416666666666666 0.0046875
1 0.815625 0.81796875 0.0020833333333333333 0.0015625
1 0.75 0.8234375 0.016666666666666666 0.0125
1 0.828125 0.81875 0.01875 0.0125
1 0.7354166666666667 0.81015625 0.004166666666666667 0.0046875
1 0.934375 0.79765625 0.00625 0.0015625
1 0.896875 0.7953125 0.027083333333333334 0.009375
1 0.884375 0.79140625 0.0020833333333333333 0.0015625
1 0.340625 0.79453125 0.00625 0.0109375
1 0.24270833333333333 0.78203125 0.0020833333333333333 0.0171875
1 0.8552083333333333 0.7671875 0.0020833333333333333 0.003125
1 0.21354166666666666 0.76171875 0.0020833333333333333 0.0015625
1 0.11979166666666667 0.76171875 0.0020833333333333333 0.0015625
1 0.121875 0.75859375 0.0020833333333333333 0.0015625
1 0.7354166666666667 0.7796875 0.041666666666666664 0.053125
1 0.2375 0.82578125 0.07916666666666666 0.1546875
1 0.234375 0.7484375 0.0020833333333333333 0.003125
1 0.0125 0.74765625 0.004166666666666667 0.0015625
1 0.8927083333333333 0.74609375 0.0020833333333333333 0.0015625
1 0.36354166666666665 0.74609375 0.0020833333333333333 0.0046875
1 0.9239583333333333 0.81875 0.15208333333333332 0.153125
1 0.834375 0.753125 0.05625 0.028125
1 0.8760416666666667 0.7453125 0.027083333333333334 0.015625
1 0.8697916666666666 0.73671875 0.0020833333333333333 0.0015625
1 0.19895833333333332 0.73671875 0.0020833333333333333 0.0015625
1 0.005208333333333333 0.73359375 0.0020833333333333333 0.0015625
1 0.23229166666666667 0.73828125 0.010416666666666666 0.0140625
1 0.35208333333333336 0.7359375 0.016666666666666666 0.0125
1 0.0010416666666666667 0.72890625 0.0020833333333333333 0.0015625
1 0.24270833333333333 0.728125 0.0020833333333333333 0.003125
1 0.33229166666666665 0.728125 0.01875 0.00625
1 0.19479166666666667 0.74765625 0.035416666666666666 0.0453125
1 0.065625 0.82265625 0.13125 0.1984375
1 0.008333333333333333 0.7265625 0.004166666666666667 0.009375
1 0.253125 0.72265625 0.0020833333333333333 0.0046875
1 0.0020833333333333333 0.7234375 0.004166666666666667 0.00625
1 0.834375 0.72421875 0.01875 0.0109375
1 0.253125 0.71640625 0.0020833333333333333 0.0015625
1 0.15729166666666666 0.71171875 0.0020833333333333333 0.0015625
1 0.16979166666666667 0.70859375 0.0020833333333333333 0.0015625
1 0.15729166666666666 0.70859375 0.0020833333333333333 0.0015625
1 0.70625 0.7078125 0.008333333333333333 0.003125
1 0.184375 0.7203125 0.022916666666666665 0.028125
1 0.15520833333333334 0.70546875 0.0020833333333333333 0.0015625
1 0.696875 0.70234375 0.0020833333333333333 0.0015625
1 0.3645833333333333 0.70234375 0.004166666666666667 0.0015625
1 0.15104166666666666 0.69921875 0.0020833333333333333 0.0015625
1 0.96875 0.69765625 0.004166666666666667 0.0015625
1 0.9145833333333333 0.73046875 0.09583333333333334 0.0765625
1 0.24479166666666666 0.6890625 0.0020833333333333333 0.003125
1 0.678125 0.69921875 0.03958333333333333 0.0296875
1 0.821875 0.6828125 0.022916666666666665 0.0125
1 0.9239583333333333 0.67734375 0.014583333333333334 0.0046875
1 0.15104166666666666 0.69296875 0.03125 0.0359375
1 0.6635416666666667 0.67265625 0.00625 0.0078125
1 0.875 0.68125 0.029166666666666667 0.028125
1 0.9145833333333333 0.66640625 0.004166666666666667 0.0015625
1 0.775 0.70703125 0.06666666666666667 0.0828125
1 0.6510416666666666 0.6625 0.010416666666666666 0.009375
1 0.9625 0.66015625 0.008333333333333333 0.0109375
1 0.9833333333333333 0.65234375 0.004166666666666667 0.0015625
1 0.6635416666666667 0.6515625 0.0020833333333333333 0.003125
1 0.3302083333333333 0.64765625 0.00625 0.0046875
1 0.6635416666666667 0.64453125 0.0020833333333333333 0.0015625
1 0.03333333333333333 0.6796875 0.06666666666666667 0.078125
1 0.190625 0.63046875 0.0020833333333333333 0.0015625
1 0.728125 0.64453125 0.052083333333333336 0.0359375
1 0.2760416666666667 0.62734375 0.0020833333333333333 0.0015625
1 0.8833333333333333 0.62421875 0.008333333333333333 0.0015625
1 0.8864583333333333 0.62109375 0.00625 0.0015625
1 0.36666666666666664 0.62265625 0.008333333333333333 0.0046875
1 0.33229166666666665 0.621875 0.010416666666666666 0.00625
1 0.9833333333333333 0.6234375 0.0125 0.015625
1 0.17708333333333334 0.61484375 0.004166666666666667 0.0015625
1 0.16875 0.61328125 0.008333333333333333 0.0015625
1 0.21458333333333332 0.61328125 0.016666666666666666 0.0046875
1 0.21979166666666666 0.6609375 0.13125 0.10625
1 0.846875 0.609375 0.010416666666666666 0.00625
1 0.8635416666666667 0.60703125 0.0020833333333333333 0.0046875
1 0.6802083333333333 0.6140625 0.022916666666666665 0.021875
1 0.28958333333333336 0.60703125 0.008333333333333333 0.0171875
1 0.8114583333333333 0.59296875 0.0020833333333333333 0.0015625
1 0.7625 0.5953125 0.008333333333333333 0.009375
1 0.88125 0.584375 0.029166666666666667 0.03125
1 0.21875 0.56953125 0.0375 0.0078125
1 0.23020833333333332 0.5640625 0.00625 0.003125
1 0.3927083333333333 0.5515625 0.0020833333333333333 0.003125
1 0.5697916666666667 0.546875 0.0020833333333333333 0.003125
1 0.39166666666666666 0.54453125 0.0125 0.0078125
1 0.25 0.54765625 0.029166666666666667 0.0171875
1 0.21770833333333334 0.5390625 0.00625 0.003125
1 0.39479166666666665 0.53125 0.010416666666666666 0.00625
1 0.21145833333333333 0.52734375 0.0020833333333333333 0.0015625
1 0.20104166666666667 0.53203125 0.01875 0.0109375
1 0.39479166666666665 0.52265625 0.0020833333333333333 0.0015625
1 0.5697916666666667 0.51875 0.0020833333333333333 0.003125
1 0.9333333333333333 0.5078125 0.004166666666666667 0.003125
1 0.946875 0.5453125 0.10625 0.1125
1 0.9020833333333333 0.50078125 0.05416666666666667 0.0234375
1 0.828125 0.51953125 0.08541666666666667 0.0609375
1 0.9697916666666667 0.48828125 0.00625 0.0046875
1 0.35104166666666664 0.49609375 0.08541666666666667 0.0203125
1 0.603125 0.48046875 0.0020833333333333333 0.0015625
1 0.07604166666666666 0.48046875 0.010416666666666666 0.0046875
1 0.61875 0.471875 0.004166666666666667 0.003125
1 0.14479166666666668 0.44921875 0.0020833333333333333 0.0015625
1 0.9208333333333333 0.42890625 0.025 0.0109375
1 0.9364583333333333 0.41328125 0.0020833333333333333 0.0046875
1 0.971875 0.4109375 0.00625 0.003125
1 0.16979166666666667 0.41015625 0.0020833333333333333 0.0015625
1 0.9895833333333334 0.3984375 0.020833333333333332 0.009375
1 0.9239583333333333 0.3984375 0.01875 0.015625
1 0.9864583333333333 0.378125 0.010416666666666666 0.00625
1 0.005208333333333333 0.3703125 0.010416666666666666 0.009375
1 0.9354166666666667 0.36484375 0.004166666666666667 0.0015625
1 0.934375 0.33984375 0.0020833333333333333 0.0015625
1 0.057291666666666664 0.353125 0.03125 0.028125
1 0.5697916666666667 0.33046875 0.0020833333333333333 0.0015625
1 0.8364583333333333 0.3234375 0.0020833333333333333 0.003125
1 0.7104166666666667 0.296875 0.004166666666666667 0.003125
1 0.903125 0.296875 0.00625 0.00625
1 0.7822916666666667 0.26953125 0.00625 0.0078125
1 0.8635416666666667 0.26484375 0.0020833333333333333 0.0015625
1 0.678125 0.26640625 0.01875 0.0171875
1 0.31979166666666664 0.2578125 0.01875 0.003125
1 0.615625 0.26328125 0.03125 0.0171875
1 0.903125 0.25703125 0.010416666666666666 0.0109375
1 0.5510416666666667 0.25078125 0.0020833333333333333 0.0015625
1 0.32083333333333336 0.2484375 0.008333333333333333 0.003125
1 0.6114583333333333 0.2453125 0.0020833333333333333 0.003125
1 0.6072916666666667 0.24140625 0.0020833333333333333 0.0015625
1 0.9458333333333333 0.2953125 0.10833333333333334 0.125
1 0.803125 0.2375 0.01875 0.015625
1 0.6760416666666667 0.23046875 0.0020833333333333333 0.0015625
1 0.31354166666666666 0.23359375 0.014583333333333334 0.0109375
1 0.5302083333333333 0.22734375 0.00625 0.0015625
1 0.5229166666666667 0.22734375 0.004166666666666667 0.0015625
1 0.3145833333333333 0.22578125 0.004166666666666667 0.0015625
1 0.31354166666666666 0.22265625 0.0020833333333333333 0.0015625
1 0.296875 0.22265625 0.0020833333333333333 0.0015625
1 0.396875 0.221875 0.00625 0.003125
1 0.3177083333333333 0.22109375 0.0020833333333333333 0.0015625
1 0.309375 0.22265625 0.0020833333333333333 0.0046875
1 0.378125 0.2171875 0.00625 0.003125
1 0.3885416666666667 0.21484375 0.0020833333333333333 0.0015625
1 0.309375 0.21484375 0.0020833333333333333 0.0015625
1 0.75625 0.2234375 0.025 0.021875
1 0.3489583333333333 0.21640625 0.00625 0.0078125
1 0.39375 0.2125 0.004166666666666667 0.003125
1 0.9333333333333333 0.22578125 0.06666666666666667 0.0359375
1 0.334375 0.20859375 0.0020833333333333333 0.0015625
1 0.278125 0.209375 0.0020833333333333333 0.003125
1 0.75625 0.21015625 0.008333333333333333 0.0078125
1 0.38958333333333334 0.2078125 0.004166666666666667 0.003125
1 0.834375 0.21328125 0.014583333333333334 0.0234375
1 0.453125 0.20234375 0.0020833333333333333 0.0015625
1 0.9979166666666667 0.203125 0.004166666666666667 0.009375
1 0.5583333333333333 0.20234375 0.004166666666666667 0.0078125
1 0.5510416666666667 0.203125 0.00625 0.009375
1 0.7041666666666667 0.19765625 0.008333333333333333 0.0046875
1 0.403125 0.19609375 0.0020833333333333333 0.0015625
1 0.7947916666666667 0.19609375 0.00625 0.0046875
1 0.553125 0.19453125 0.0020833333333333333 0.0046875
1 0.44895833333333335 0.19375 0.0020833333333333333 0.003125
1 0.4322916666666667 0.19296875 0.0020833333333333333 0.0015625
1 0.428125 0.19140625 0.0020833333333333333 0.0015625
1 0.40520833333333334 0.19140625 0.0020833333333333333 0.0015625
1 0.44583333333333336 0.18828125 0.004166666666666667 0.0046875
1 0.9635416666666666 0.18671875 0.0020833333333333333 0.0046875
1 0.428125 0.18515625 0.0020833333333333333 0.0015625
1 0.9385416666666667 0.1765625 0.010416666666666666 0.003125
1 0.8770833333333333 0.2046875 0.0875 0.059375
1 0.4197916666666667 0.17578125 0.00625 0.0046875
1 0.753125 0.1703125 0.00625 0.00625
1 0.4354166666666667 0.175 0.0125 0.015625
1 0.9 0.16796875 0.016666666666666666 0.0203125
1 0.278125 0.159375 0.0020833333333333333 0.003125
1 0.121875 0.15703125 0.00625 0.0015625
1 0.7947916666666667 0.1546875 0.00625 0.009375
1 0.3489583333333333 0.15234375 0.010416666666666666 0.0046875
1 0.27708333333333335 0.146875 0.004166666666666667 0.00625
1 0.9552083333333333 0.1578125 0.03125 0.03125
1 0.7322916666666667 0.1671875 0.06875 0.05
1 0.25833333333333336 0.1421875 0.004166666666666667 0.003125
1 0.4635416666666667 0.13515625 0.0020833333333333333 0.0015625
1 0.2708333333333333 0.13515625 0.004166666666666667 0.0015625
1 0.2635416666666667 0.13984375 0.00625 0.0109375
1 0.23020833333333332 0.134375 0.00625 0.00625
1 0.265625 0.13046875 0.0020833333333333333 0.0015625
1 0.8052083333333333 0.12265625 0.0020833333333333333 0.0015625
1 0.21770833333333334 0.12265625 0.0020833333333333333 0.0015625
1 0.21354166666666666 0.12109375 0.0020833333333333333 0.0015625
1 0.19583333333333333 0.121875 0.004166666666666667 0.003125
1 0.13645833333333332 0.121875 0.0020833333333333333 0.003125
1 0.25104166666666666 0.12421875 0.00625 0.0109375
1 0.778125 0.11015625 0.0020833333333333333 0.0015625
1 0.7739583333333333 0.11015625 0.0020833333333333333 0.0015625
1 0.265625 0.10546875 0.0020833333333333333 0.0015625
1 0.035416666666666666 0.1171875 0.07083333333333333 0.028125
1 0.359375 0.09765625 0.0020833333333333333 0.0015625
1 0.35625 0.0859375 0.004166666666666667 0.003125
1 0.3385416666666667 0.0859375 0.00625 0.00625
1 0.2635416666666667 0.08125 0.0020833333333333333 0.003125
1 0.35104166666666664 0.08046875 0.00625 0.0046875
1 0.234375 0.07734375 0.0020833333333333333 0.0015625
1 0.784375 0.07265625 0.0020833333333333333 0.0015625
1 0.7229166666666667 0.07265625 0.004166666666666667 0.0015625
1 0.5 0.53203125 1.0 0.9234375
1 0.20520833333333333 0.06796875 0.0020833333333333333 0.0015625
1 0.21145833333333333 0.06640625 0.0020833333333333333 0.0015625
1 0.18333333333333332 0.065625 0.004166666666666667 0.003125
1 0.85625 0.109375 0.13333333333333333 0.096875
1 0.22083333333333333 0.0734375 0.025 0.025
1 0.21666666666666667 0.0609375 0.004166666666666667 0.00625
1 0.7802083333333333 0.11875 0.12708333333333333 0.125
1 0.390625 0.05859375 0.0020833333333333333 0.0046875
1 0.21979166666666666 0.05546875 0.0020833333333333333 0.0015625
1 0.2552083333333333 0.04609375 0.0020833333333333333 0.0015625
1 0.011458333333333333 0.07265625 0.022916666666666665 0.0546875
1 0.209375 0.04375 0.0020833333333333333 0.003125
1 0.21354166666666666 0.04140625 0.0020833333333333333 0.0015625
1 0.178125 0.04296875 0.00625 0.0046875
1 0.2708333333333333 0.05390625 0.020833333333333332 0.0296875
1 0.3625 0.0390625 0.008333333333333333 0.00625
1 0.159375 0.03515625 0.0020833333333333333 0.0015625
1 0.2635416666666667 0.03359375 0.0020833333333333333 0.0015625
1 0.9833333333333333 0.05703125 0.03333333333333333 0.0515625
1 0.20104166666666667 0.03203125 0.0020833333333333333 0.0015625
1 0.190625 0.02890625 0.0020833333333333333 0.0015625
1 0.9520833333333333 0.02734375 0.004166666666666667 0.0015625
1 0.2635416666666667 0.02734375 0.0020833333333333333 0.0015625
1 0.25729166666666664 0.02734375 0.0020833333333333333 0.0015625
1 0.65 0.0265625 0.008333333333333333 0.003125
1 0.9385416666666667 0.0828125 0.12291666666666666 0.11875
1 0.14895833333333333 0.02421875 0.0020833333333333333 0.0015625
1 0.9885416666666667 0.02265625 0.0020833333333333333 0.0015625
1 0.20729166666666668 0.03203125 0.014583333333333334 0.0203125
1 0.196875 0.02265625 0.0020833333333333333 0.0015625
1 0.13333333333333333 0.0234375 0.004166666666666667 0.003125
1 0.140625 0.02109375 0.0020833333333333333 0.0015625
1 0.965625 0.02109375 0.00625 0.0046875
1 0.18854166666666666 0.0203125 0.0020833333333333333 0.003125
1 0.16770833333333332 0.0234375 0.00625 0.009375
1 0.030208333333333334 0.01640625 0.0020833333333333333 0.0015625
1 0.14166666666666666 0.01640625 0.008333333333333333 0.0046875
1 0.4354166666666667 0.01796875 0.004166666666666667 0.0109375
1 0.028125 0.01328125 0.0020833333333333333 0.0015625
1 0.15 0.01484375 0.008333333333333333 0.0078125
1 0.9010416666666666 0.0125 0.014583333333333334 0.0125
1 0.83125 0.015625 0.020833333333333332 0.01875
1 0.321875 0.04296875 0.06041666666666667 0.0734375
1 0.33645833333333336 0.00546875 0.0020833333333333333 0.0015625
1 0.15625 0.0109375 0.008333333333333333 0.0125
1 0.46979166666666666 0.00390625 0.0020833333333333333 0.0015625
1 0.9770833333333333 0.00859375 0.020833333333333332 0.0171875
1 0.8520833333333333 0.00234375 0.0125 0.0046875
1 0.546875 0.00234375 0.0020833333333333333 0.0046875
1 0.47604166666666664 0.00078125 0.0020833333333333333 0.0015625
1 0.5708333333333333 0.12109375 0.4708333333333333 0.2421875
1 0.18020833333333333 0.00859375 0.03958333333333333 0.0171875
