0 0.5989583333333334 0.9569444444444445 0.0020833333333333333 0.002777777777777778
0 0.5989583333333334 0.9513888888888888 0.0020833333333333333 0.002777777777777778
0 0.6239583333333333 0.9486111111111111 0.0020833333333333333 0.002777777777777778
0 0.996875 0.9041666666666667 0.0020833333333333333 0.002777777777777778
0 0.578125 0.8972222222222223 0.014583333333333334 0.022222222222222223
0 0.6552083333333333 0.8444444444444444 0.022916666666666665 0.016666666666666666
0 0.6135416666666667 0.7138888888888889 0.00625 0.005555555555555556
0 0.40729166666666666 0.7097222222222223 0.04791666666666667 0.025
0 0.46041666666666664 0.7180555555555556 0.04583333333333333 0.04722222222222222
0 0.6197916666666666 0.6902777777777778 0.00625 0.013888888888888888
0 0.484375 0.6805555555555556 0.014583333333333334 0.016666666666666666
0 0.5708333333333333 0.6819444444444445 0.0125 0.030555555555555555
0 0.4708333333333333 0.6638888888888889 0.004166666666666667 0.005555555555555556
0 0.5583333333333333 0.6527777777777778 0.008333333333333333 0.011111111111111112
0 0.6125 0.6458333333333334 0.004166666666666667 0.002777777777777778
0 0.6927083333333334 0.6361111111111111 0.010416666666666666 0.011111111111111112
0 0.48541666666666666 0.6333333333333333 0.008333333333333333 0.011111111111111112
0 0.703125 0.6208333333333333 0.0020833333333333333 0.002777777777777778
0 0.6697916666666667 0.6236111111111111 0.03125 0.019444444444444445
0 0.4270833333333333 0.6416666666666667 0.075 0.07777777777777778
0 0.6822916666666666 0.6069444444444444 0.027083333333333334 0.019444444444444445
0 0.421875 0.5958333333333333 0.0020833333333333333 0.002777777777777778
0 0.640625 0.6013888888888889 0.014583333333333334 0.041666666666666664
0 0.6135416666666667 0.5736111111111111 0.0020833333333333333 0.002777777777777778
0 0.6489583333333333 0.5722222222222222 0.010416666666666666 0.016666666666666666
0 0.43645833333333334 0.5680555555555555 0.00625 0.013888888888888888
0 0.528125 0.5486111111111112 0.0020833333333333333 0.002777777777777778
0 0.6947916666666667 0.5472222222222223 0.010416666666666666 0.011111111111111112
0 0.5114583333333333 0.6152777777777778 0.08958333333333333 0.14722222222222223
0 0.7052083333333333 0.5361111111111111 0.0020833333333333333 0.005555555555555556
0 0.5822916666666667 0.5569444444444445 0.01875 0.04722222222222222
0 0.45208333333333334 0.5361111111111111 0.0125 0.016666666666666666
0 0.5625 0.5305555555555556 0.008333333333333333 0.016666666666666666
0 0.4083333333333333 0.5638888888888889 0.058333333333333334 0.08888888888888889
0 0.6854166666666667 0.5138888888888888 0.004166666666666667 0.005555555555555556
0 0.6802083333333333 0.5125 0.0020833333333333333 0.002777777777777778
0 0.6697916666666667 0.5069444444444444 0.0020833333333333333 0.002777777777777778
0 0.6510416666666666 0.5069444444444444 0.0020833333333333333 0.002777777777777778
0 0.6958333333333333 0.5041666666666667 0.004166666666666667 0.002777777777777778
0 0.646875 0.4986111111111111 0.0020833333333333333 0.002777777777777778
0 0.6135416666666667 0.4986111111111111 0.0020833333333333333 0.002777777777777778
0 0.5739583333333333 0.5041666666666667 0.014583333333333334 0.013888888888888888
0 0.3958333333333333 0.5180555555555556 0.020833333333333332 0.041666666666666664
0 0.6489583333333333 0.475 0.00625 0.005555555555555556
0 0.6489583333333333 0.4652777777777778 0.0020833333333333333 0.002777777777777778
0 0.5489583333333333 0.4597222222222222 0.00625 0.002777777777777778
0 0.534375 0.48055555555555557 0.04375 0.044444444444444446
0 0.6260416666666667 0.45416666666666666 0.0020833333333333333 0.002777777777777778
0 0.6135416666666667 0.47638888888888886 0.022916666666666665 0.04722222222222222
0 0.6302083333333334 0.45694444444444443 0.00625 0.019444444444444445
0 0.64375 0.44027777777777777 0.004166666666666667 0.008333333333333333
0 0.421875 0.4027777777777778 0.00625 0.005555555555555556
0 0.4583333333333333 0.4513888888888889 0.05 0.11388888888888889
0 0.4739583333333333 0.3958333333333333 0.010416666666666666 0.008333333333333333
0 0.565625 0.3680555555555556 0.0020833333333333333 0.002777777777777778
0 0.5520833333333334 0.39166666666666666 0.05 0.06666666666666667
0 0.515625 0.36666666666666664 0.027083333333333334 0.016666666666666666
0 0.496875 0.35833333333333334 0.0020833333333333333 0.005555555555555556
0 0.5614583333333333 0.35694444444444445 0.010416666666666666 0.008333333333333333
0 0.5291666666666667 0.35138888888888886 0.008333333333333333 0.008333333333333333
0 0.5135416666666667 0.35 0.010416666666666666 0.011111111111111112
0 0.5135416666666667 0.31666666666666665 0.00625 0.011111111111111112
0 0.46458333333333335 0.31527777777777777 0.004166666666666667 0.008333333333333333
0 0.5510416666666667 0.3111111111111111 0.010416666666666666 0.011111111111111112
0 0.340625 0.32222222222222224 0.027083333333333334 0.044444444444444446
0 0.35520833333333335 0.3111111111111111 0.022916666666666665 0.03333333333333333
0 0.48854166666666665 0.31805555555555554 0.035416666666666666 0.05277777777777778
0 0.3572916666666667 0.2861111111111111 0.010416666666666666 0.005555555555555556
0 0.36354166666666665 0.28194444444444444 0.0020833333333333333 0.002777777777777778
0 0.32083333333333336 0.25833333333333336 0.058333333333333334 0.08333333333333333
0 0.17395833333333333 0.21805555555555556 0.0020833333333333333 0.002777777777777778
0 0.15208333333333332 0.24861111111111112 0.04583333333333333 0.06388888888888888
0 0.26875 0.19722222222222222 0.004166666666666667 0.011111111111111112
0 0.33645833333333336 0.18194444444444444 0.0020833333333333333 0.002777777777777778
0 0.2375 0.18888888888888888 0.008333333333333333 0.016666666666666666
0 0.3125 0.18888888888888888 0.0375 0.022222222222222223
0 0.515625 0.1736111111111111 0.0020833333333333333 0.002777777777777778
0 0.22395833333333334 0.17777777777777778 0.00625 0.011111111111111112
0 0.5020833333333333 0.15694444444444444 0.004166666666666667 0.008333333333333333
0 0.23020833333333332 0.14583333333333334 0.022916666666666665 0.025
0 0.5614583333333333 0.11666666666666667 0.0020833333333333333 0.005555555555555556
0 0.571875 0.11527777777777778 0.014583333333333334 0.008333333333333333
0 0.2916666666666667 0.12916666666666668 0.0375 0.03611111111111111
0 0.5677083333333334 0.10555555555555556 0.00625 0.005555555555555556
0 0.5947916666666667 0.09861111111111111 0.01875 0.013888888888888888
0 0.190625 0.09305555555555556 0.0020833333333333333 0.002777777777777778
0 0.45416666666666666 0.08611111111111111 0.004166666666666667 0.005555555555555556
0 0.596875 0.07361111111111111 0.0020833333333333333 0.002777777777777778
0 0.603125 0.07916666666666666 0.00625 0.019444444444444445
0 0.590625 0.07083333333333333 0.0020833333333333333 0.002777777777777778
0 0.584375 0.06805555555555555 0.00625 0.013888888888888888
0 0.246875 0.04583333333333333 0.0020833333333333333 0.002777777777777778
0 0.5791666666666667 0.058333333333333334 0.0875 0.06111111111111111
0 0.153125 0.004166666666666667 0.0020833333333333333 0.002777777777777778
0 0.4979166666666667 0.004166666666666667 0.004166666666666667 0.008333333333333333
0 0.15833333333333333 0.001388888888888889 0.004166666666666667 0.002777777777777778
0 0.19479166666666667 0.12222222222222222 0.36041666666666666 0.24444444444444444
1 0.621875 0.9902777777777778 0.0020833333333333333 0.002777777777777778
1 0.6197916666666666 0.9763888888888889 0.0020833333333333333 0.002777777777777778
1 0.615625 0.9708333333333333 0.0020833333333333333 0.002777777777777778
1 0.5197916666666667 0.9708333333333333 0.0020833333333333333 0.002777777777777778
1 0.621875 0.9680555555555556 0.00625 0.008333333333333333
1 0.615625 0.9569444444444445 0.0020833333333333333 0.002777777777777778
1 0.60625 0.9569444444444445 0.004166666666666667 0.002777777777777778
1 0.51875 0.9611111111111111 0.004166666666666667 0.011111111111111112
1 0.5697916666666667 0.9569444444444445 0.0020833333333333333 0.013888888888888888
1 0.615625 0.9486111111111111 0.0020833333333333333 0.002777777777777778
1 0.6010416666666667 0.9458333333333333 0.0020833333333333333 0.002777777777777778
1 0.6104166666666667 0.9430555555555555 0.004166666666666667 0.002777777777777778
1 0.5572916666666666 0.9291666666666667 0.0020833333333333333 0.008333333333333333
1 0.515625 0.9208333333333333 0.0020833333333333333 0.002777777777777778
1 0.5239583333333333 0.925 0.014583333333333334 0.016666666666666666
1 0.8572916666666667 0.9097222222222222 0.0020833333333333333 0.002777777777777778
1 0.8645833333333334 0.9069444444444444 0.004166666666666667 0.002777777777777778
1 0.565625 0.9041666666666667 0.0020833333333333333 0.002777777777777778
1 0.5177083333333333 0.9041666666666667 0.00625 0.008333333333333333
1 0.565625 0.8986111111111111 0.0020833333333333333 0.002777777777777778
1 0.8385416666666666 0.8930555555555556 0.0020833333333333333 0.002777777777777778
1 0.5197916666666667 0.8944444444444445 0.010416666666666666 0.005555555555555556
1 0.5104166666666666 0.8944444444444445 0.004166666666666667 0.005555555555555556
1 0.8072916666666666 0.8847222222222222 0.010416666666666666 0.002777777777777778
1 0.5666666666666667 0.8847222222222222 0.004166666666666667 0.008333333333333333
1 0.578125 0.8763888888888889 0.0020833333333333333 0.002777777777777778
1 0.8083333333333333 0.8486111111111111 0.008333333333333333 0.002777777777777778
1 0.7895833333333333 0.8527777777777777 0.025 0.016666666666666666
1 0.7614583333333333 0.8375 0.01875 0.008333333333333333
1 0.7197916666666667 0.7958333333333333 0.0020833333333333333 0.002777777777777778
1 0.721875 0.7597222222222222 0.010416666666666666 0.008333333333333333
1 0.446875 0.7722222222222223 0.01875 0.044444444444444446
1 0.690625 0.8708333333333333 0.2604166666666667 0.25833333333333336
1 0.425 0.7472222222222222 0.029166666666666667 0.05555555555555555
1 0.5947916666666667 0.7097222222222223 0.0020833333333333333 0.002777777777777778
1 0.478125 0.7041666666666667 0.0020833333333333333 0.002777777777777778
1 0.6666666666666666 0.6958333333333333 0.004166666666666667 0.002777777777777778
1 0.6739583333333333 0.6902777777777778 0.010416666666666666 0.002777777777777778
1 0.596875 0.6944444444444444 0.00625 0.011111111111111112
1 0.5260416666666666 0.6916666666666667 0.00625 0.005555555555555556
1 0.7239583333333334 0.6875 0.0020833333333333333 0.002777777777777778
1 0.6864583333333333 0.6888888888888889 0.010416666666666666 0.005555555555555556
1 0.6197916666666666 0.7111111111111111 0.01875 0.05
1 0.7302083333333333 0.6861111111111111 0.00625 0.005555555555555556
1 0.50625 0.6888888888888889 0.020833333333333332 0.011111111111111112
1 0.44166666666666665 0.6916666666666667 0.008333333333333333 0.016666666666666666
1 0.425 0.6930555555555555 0.020833333333333332 0.019444444444444445
1 0.6552083333333333 0.6875 0.022916666666666665 0.013888888888888888
1 0.5541666666666667 0.7013888888888888 0.04583333333333333 0.04722222222222222
1 0.5916666666666667 0.6805555555555556 0.004166666666666667 0.011111111111111112
1 0.6354166666666666 0.6777777777777778 0.0125 0.016666666666666666
1 0.5885416666666666 0.6680555555555555 0.0020833333333333333 0.008333333333333333
1 0.740625 0.6680555555555555 0.00625 0.013888888888888888
1 0.6104166666666667 0.6638888888888889 0.008333333333333333 0.005555555555555556
1 0.546875 0.6625 0.00625 0.008333333333333333
1 0.38645833333333335 0.6597222222222222 0.00625 0.013888888888888888
1 0.73125 0.6583333333333333 0.004166666666666667 0.016666666666666666
1 0.4635416666666667 0.675 0.022916666666666665 0.05
1 0.44895833333333335 0.6513888888888889 0.0020833333333333333 0.002777777777777778
1 0.7 0.6666666666666666 0.06666666666666667 0.03888888888888889
1 0.440625 0.6486111111111111 0.010416666666666666 0.008333333333333333
1 0.384375 0.6472222222222223 0.0020833333333333333 0.005555555555555556
1 0.725 0.6388888888888888 0.004166666666666667 0.005555555555555556
1 0.5447916666666667 0.6402777777777777 0.00625 0.008333333333333333
1 0.503125 0.6277777777777778 0.010416666666666666 0.011111111111111112
1 0.43020833333333336 0.6236111111111111 0.0020833333333333333 0.002777777777777778
1 0.396875 0.6236111111111111 0.0020833333333333333 0.002777777777777778
1 0.3927083333333333 0.6236111111111111 0.0020833333333333333 0.002777777777777778
1 0.7166666666666667 0.625 0.0125 0.016666666666666666
1 0.46770833333333334 0.6180555555555556 0.0020833333333333333 0.002777777777777778
1 0.40208333333333335 0.6180555555555556 0.004166666666666667 0.002777777777777778
1 0.7041666666666667 0.6111111111111112 0.008333333333333333 0.011111111111111112
1 0.37395833333333334 0.6041666666666666 0.0020833333333333333 0.002777777777777778
1 0.5729166666666666 0.6027777777777777 0.004166666666666667 0.005555555555555556
1 0.684375 0.5958333333333333 0.01875 0.013888888888888888
1 0.5010416666666667 0.5833333333333334 0.010416666666666666 0.005555555555555556
1 0.45208333333333334 0.5972222222222222 0.0375 0.03333333333333333
1 0.6916666666666667 0.5666666666666667 0.004166666666666667 0.005555555555555556
1 0.3614583333333333 0.5861111111111111 0.03958333333333333 0.044444444444444446
1 0.33125 0.5652777777777778 0.0125 0.008333333333333333
1 0.7322916666666667 0.5430555555555555 0.0020833333333333333 0.002777777777777778
1 0.728125 0.5430555555555555 0.0020833333333333333 0.002777777777777778
1 0.546875 0.5791666666666667 0.07708333333333334 0.075
1 0.3875 0.5513888888888889 0.020833333333333332 0.019444444444444445
1 0.3260416666666667 0.5444444444444444 0.0020833333333333333 0.005555555555555556
1 0.7395833333333334 0.5347222222222222 0.004166666666666667 0.002777777777777778
1 0.33229166666666665 0.5291666666666667 0.0020833333333333333 0.002777777777777778
1 0.7385416666666667 0.5236111111111111 0.0020833333333333333 0.002777777777777778
1 0.6604166666666667 0.5625 0.0375 0.08055555555555556
1 0.5229166666666667 0.5305555555555556 0.025 0.022222222222222223
1 0.3302083333333333 0.5222222222222223 0.0020833333333333333 0.005555555555555556
1 0.596875 0.5972222222222222 0.07291666666666667 0.16666666666666666
1 0.5989583333333334 0.5125 0.0020833333333333333 0.002777777777777778
1 0.440625 0.5152777777777777 0.014583333333333334 0.013888888888888888
1 0.41770833333333335 0.5041666666666667 0.01875 0.019444444444444445
1 0.4875 0.5055555555555555 0.04583333333333333 0.03888888888888889
1 0.4791666666666667 0.48194444444444445 0.004166666666666667 0.002777777777777778
1 0.5979166666666667 0.48055555555555557 0.004166666666666667 0.016666666666666666
1 0.39791666666666664 0.4666666666666667 0.004166666666666667 0.016666666666666666
1 0.5239583333333333 0.45694444444444443 0.010416666666666666 0.008333333333333333
1 0.58125 0.46111111111111114 0.029166666666666667 0.022222222222222223
1 0.3614583333333333 0.4930555555555556 0.05625 0.08611111111111111
1 0.403125 0.4486111111111111 0.0020833333333333333 0.002777777777777778
1 0.384375 0.44583333333333336 0.0020833333333333333 0.002777777777777778
1 0.390625 0.43194444444444446 0.0020833333333333333 0.002777777777777778
1 0.40520833333333334 0.4263888888888889 0.022916666666666665 0.019444444444444445
1 0.5104166666666666 0.44166666666666665 0.075 0.06111111111111111
1 0.465625 0.4041666666666667 0.0020833333333333333 0.002777777777777778
1 0.41041666666666665 0.40694444444444444 0.004166666666666667 0.013888888888888888
1 0.578125 0.4222222222222222 0.03958333333333333 0.05
1 0.434375 0.375 0.00625 0.011111111111111112
1 0.5104166666666666 0.3861111111111111 0.0625 0.03888888888888889
1 0.584375 0.37777777777777777 0.00625 0.027777777777777776
1 0.48020833333333335 0.3625 0.0020833333333333333 0.002777777777777778
1 0.390625 0.3625 0.0020833333333333333 0.002777777777777778
1 0.384375 0.3625 0.0020833333333333333 0.002777777777777778
1 0.228125 0.3611111111111111 0.01875 0.016666666666666666
1 0.2520833333333333 0.3611111111111111 0.029166666666666667 0.022222222222222223
1 0.35208333333333336 0.3458333333333333 0.004166666666666667 0.002777777777777778
1 0.34479166666666666 0.3472222222222222 0.00625 0.005555555555555556
1 0.3572916666666667 0.3416666666666667 0.0020833333333333333 0.005555555555555556
1 0.334375 0.3402777777777778 0.0020833333333333333 0.002777777777777778
1 0.23645833333333333 0.3416666666666667 0.0020833333333333333 0.005555555555555556
1 0.36041666666666666 0.3333333333333333 0.004166666666666667 0.005555555555555556
1 0.325 0.32916666666666666 0.004166666666666667 0.008333333333333333
1 0.378125 0.3236111111111111 0.0020833333333333333 0.008333333333333333
1 0.5333333333333333 0.3194444444444444 0.016666666666666666 0.027777777777777776
1 0.2989583333333333 0.30416666666666664 0.0020833333333333333 0.002777777777777778
1 0.5645833333333333 0.3013888888888889 0.004166666666666667 0.002777777777777778
1 0.5760416666666667 0.32083333333333336 0.04375 0.04722222222222222
1 0.315625 0.3055555555555556 0.01875 0.022222222222222223
1 0.2989583333333333 0.2972222222222222 0.0020833333333333333 0.005555555555555556
1 0.2989583333333333 0.2902777777777778 0.0020833333333333333 0.002777777777777778
1 0.4583333333333333 0.2847222222222222 0.004166666666666667 0.002777777777777778
1 0.25729166666666664 0.2861111111111111 0.010416666666666666 0.011111111111111112
1 0.2864583333333333 0.2791666666666667 0.0020833333333333333 0.002777777777777778
1 0.4739583333333333 0.2763888888888889 0.0020833333333333333 0.002777777777777778
1 0.5010416666666667 0.27361111111111114 0.0020833333333333333 0.002777777777777778
1 0.4875 0.2722222222222222 0.020833333333333332 0.005555555555555556
1 0.29583333333333334 0.2708333333333333 0.004166666666666667 0.002777777777777778
1 0.2875 0.2708333333333333 0.004166666666666667 0.002777777777777778
1 0.5229166666666667 0.2777777777777778 0.041666666666666664 0.022222222222222223
1 0.3697916666666667 0.26805555555555555 0.0020833333333333333 0.002777777777777778
1 0.24895833333333334 0.26944444444444443 0.0020833333333333333 0.005555555555555556
1 0.34479166666666666 0.2791666666666667 0.03958333333333333 0.030555555555555555
1 0.23541666666666666 0.25833333333333336 0.004166666666666667 0.005555555555555556
1 0.23645833333333333 0.2513888888888889 0.0020833333333333333 0.002777777777777778
1 0.28854166666666664 0.24861111111111112 0.0020833333333333333 0.002777777777777778
1 0.2864583333333333 0.24305555555555555 0.0020833333333333333 0.002777777777777778
1 0.5395833333333333 0.25 0.0125 0.027777777777777776
1 0.5541666666666667 0.26666666666666666 0.0125 0.06666666666666667
1 0.41875 0.3138888888888889 0.10833333333333334 0.16666666666666666
1 0.28229166666666666 0.23194444444444445 0.0020833333333333333 0.002777777777777778
1 0.434375 0.22361111111111112 0.0020833333333333333 0.002777777777777778
1 0.225 0.22361111111111112 0.004166666666666667 0.008333333333333333
1 0.21458333333333332 0.2111111111111111 0.004166666666666667 0.011111111111111112
1 0.23541666666666666 0.20833333333333334 0.008333333333333333 0.011111111111111112
1 0.22083333333333333 0.20694444444444443 0.004166666666666667 0.008333333333333333
1 0.22708333333333333 0.20416666666666666 0.004166666666666667 0.008333333333333333
1 0.26875 0.24444444444444444 0.04583333333333333 0.1111111111111111
1 0.471875 0.17083333333333334 0.0020833333333333333 0.002777777777777778
1 0.009375 0.175 0.00625 0.011111111111111112
1 0.484375 0.18194444444444444 0.09375 0.05277777777777778
1 0.30104166666666665 0.15694444444444444 0.0020833333333333333 0.002777777777777778
1 0.21041666666666667 0.16666666666666666 0.0125 0.022222222222222223
1 0.434375 0.15416666666666667 0.0020833333333333333 0.002777777777777778
1 0.43020833333333336 0.15555555555555556 0.0020833333333333333 0.005555555555555556
1 0.30416666666666664 0.15138888888888888 0.004166666666666667 0.002777777777777778
1 0.571875 0.14583333333333334 0.00625 0.002777777777777778
1 0.55625 0.14305555555555555 0.004166666666666667 0.002777777777777778
1 0.5875 0.14027777777777778 0.016666666666666666 0.008333333333333333
1 0.20208333333333334 0.1375 0.004166666666666667 0.002777777777777778
1 0.017708333333333333 0.1375 0.0020833333333333333 0.002777777777777778
1 0.421875 0.12916666666666668 0.0020833333333333333 0.002777777777777778
1 0.0020833333333333333 0.125 0.004166666666666667 0.005555555555555556
1 0.6104166666666667 0.11666666666666667 0.004166666666666667 0.005555555555555556
1 0.365625 0.1125 0.0020833333333333333 0.002777777777777778
1 0.011458333333333333 0.10555555555555556 0.00625 0.005555555555555556
1 0.01875 0.10138888888888889 0.004166666666666667 0.002777777777777778
1 0.5541666666666667 0.09444444444444444 0.0125 0.011111111111111112
1 0.051041666666666666 0.09027777777777778 0.0020833333333333333 0.002777777777777778
1 0.465625 0.0875 0.00625 0.002777777777777778
1 0.13020833333333334 0.08472222222222223 0.0020833333333333333 0.002777777777777778
1 0.00625 0.07361111111111111 0.0125 0.013888888888888888
1 0.5322916666666667 0.06527777777777778 0.0020833333333333333 0.002777777777777778
1 0.40208333333333335 0.06527777777777778 0.004166666666666667 0.008333333333333333
1 0.1875 0.075 0.020833333333333332 0.027777777777777776
1 0.534375 0.059722222222222225 0.0020833333333333333 0.002777777777777778
1 0.6239583333333333 0.06111111111111111 0.010416666666666666 0.011111111111111112
1 0.475 0.05416666666666667 0.004166666666666667 0.008333333333333333
1 0.2635416666666667 0.06111111111111111 0.01875 0.03333333333333333
1 0.13645833333333332 0.06111111111111111 0.03958333333333333 0.05
1 0.13958333333333334 0.03888888888888889 0.004166666666666667 0.011111111111111112
1 0.01875 0.03888888888888889 0.0125 0.011111111111111112
1 0.5083333333333333 0.03888888888888889 0.008333333333333333 0.016666666666666666
1 0.5510416666666667 0.030555555555555555 0.0020833333333333333 0.005555555555555556
1 0.5572916666666666 0.027777777777777776 0.00625 0.005555555555555556
1 0.5114583333333333 0.02638888888888889 0.0020833333333333333 0.002777777777777778
1 0.5739583333333333 0.02361111111111111 0.00625 0.002777777777777778
1 0.5645833333333333 0.02361111111111111 0.004166666666666667 0.002777777777777778
1 0.5166666666666667 0.019444444444444445 0.004166666666666667 0.005555555555555556
1 0.4708333333333333 0.013888888888888888 0.041666666666666664 0.027777777777777776
1 0.428125 0.12638888888888888 0.24791666666666667 0.25277777777777777
1 0.38229166666666664 0.011111111111111112 0.022916666666666665 0.022222222222222223
1 0.03958333333333333 0.005555555555555556 0.0125 0.011111111111111112
