0 0.4 0.7640625 0.0125 0.0125
0 0.41041666666666665 0.75234375 0.004166666666666667 0.0046875
0 0.41770833333333335 0.7390625 0.00625 0.00625
0 0.43020833333333336 0.728125 0.00625 0.00625
0 0.384375 0.7234375 0.00625 0.003125
0 0.4427083333333333 0.71796875 0.0020833333333333333 0.0015625
0 0.19375 0.7109375 0.0125 0.003125
0 0.4041666666666667 0.7078125 0.004166666666666667 0.003125
0 0.39895833333333336 0.70234375 0.0020833333333333333 0.0015625
0 0.4375 0.69296875 0.0125 0.0078125
0 0.45416666666666666 0.68359375 0.008333333333333333 0.0015625
0 0.27395833333333336 0.67578125 0.0020833333333333333 0.0015625
0 0.2833333333333333 0.67109375 0.004166666666666667 0.0015625
0 0.2760416666666667 0.671875 0.0020833333333333333 0.003125
0 0.271875 0.671875 0.0020833333333333333 0.003125
0 0.29375 0.66796875 0.0125 0.0046875
0 0.55 0.66015625 0.008333333333333333 0.0046875
0 0.35625 0.64921875 0.0125 0.0046875
0 0.3697916666666667 0.64140625 0.0020833333333333333 0.0015625
0 0.4375 0.63984375 0.008333333333333333 0.0046875
0 0.41041666666666665 0.6390625 0.008333333333333333 0.003125
0 0.396875 0.6359375 0.00625 0.003125
0 0.5708333333333333 0.62421875 0.008333333333333333 0.0078125
0 0.578125 0.60859375 0.014583333333333334 0.0078125
0 0.5697916666666667 0.60625 0.00625 0.003125
0 0.5947916666666667 0.60234375 0.0020833333333333333 0.0015625
0 0.40729166666666666 0.60078125 0.0020833333333333333 0.0015625
0 0.5895833333333333 0.5953125 0.029166666666666667 0.01875
0 0.5239583333333333 0.59375 0.027083333333333334 0.01875
0 0.35520833333333335 0.56484375 0.0020833333333333333 0.0015625
0 0.33541666666666664 0.559375 0.004166666666666667 0.003125
0 0.44895833333333335 0.41953125 0.0020833333333333333 0.0015625
0 0.46979166666666666 0.41953125 0.00625 0.0078125
0 0.5604166666666667 0.41484375 0.0125 0.0046875
0 0.48125 0.4171875 0.016666666666666666 0.015625
0 0.3697916666666667 0.40234375 0.0020833333333333333 0.0015625
0 0.39166666666666666 0.403125 0.0125 0.00625
0 0.43645833333333334 0.39921875 0.0020833333333333333 0.0015625
0 0.45 0.39765625 0.016666666666666666 0.0078125
0 0.4270833333333333 0.40703125 0.05416666666666667 0.0265625
0 0.534375 0.39296875 0.0020833333333333333 0.0015625
0 0.5270833333333333 0.39140625 0.004166666666666667 0.0015625
0 0.46875 0.39140625 0.004166666666666667 0.0046875
0 0.37083333333333335 0.39140625 0.004166666666666667 0.0046875
0 0.3572916666666667 0.38671875 0.0020833333333333333 0.0015625
0 0.5229166666666667 0.38671875 0.025 0.0078125
0 0.36770833333333336 0.38359375 0.0020833333333333333 0.0015625
0 0.225 0.3828125 0.020833333333333332 0.009375
0 0.37604166666666666 0.37421875 0.0020833333333333333 0.0015625
0 0.5666666666666667 0.38515625 0.029166666666666667 0.0265625
0 0.3416666666666667 0.384375 0.04583333333333333 0.0375
0 0.7135416666666666 0.36328125 0.00625 0.0015625
0 0.346875 0.36328125 0.0020833333333333333 0.0015625
0 0.321875 0.36328125 0.0020833333333333333 0.0015625
0 0.6864583333333333 0.3625 0.0020833333333333333 0.003125
0 0.32916666666666666 0.3640625 0.008333333333333333 0.00625
0 0.3177083333333333 0.36171875 0.0020833333333333333 0.0015625
0 0.11041666666666666 0.3625 0.008333333333333333 0.003125
0 0.715625 0.36015625 0.0020833333333333333 0.0015625
0 0.69375 0.36171875 0.008333333333333333 0.0046875
0 0.33229166666666665 0.36015625 0.0020833333333333333 0.0015625
0 0.09479166666666666 0.36015625 0.0020833333333333333 0.0015625
0 0.32395833333333335 0.35859375 0.0020833333333333333 0.0015625
0 0.3104166666666667 0.36015625 0.016666666666666666 0.0109375
0 0.09166666666666666 0.35625 0.004166666666666667 0.003125
0 0.196875 0.3578125 0.014583333333333334 0.009375
0 0.4583333333333333 0.35234375 0.008333333333333333 0.0015625
0 0.203125 0.35234375 0.0020833333333333333 0.0015625
0 0.56875 0.35234375 0.008333333333333333 0.0046875
0 0.490625 0.3515625 0.010416666666666666 0.003125
0 0.225 0.35234375 0.004166666666666667 0.0046875
0 0.19895833333333332 0.35078125 0.0020833333333333333 0.0015625
0 0.121875 0.3515625 0.00625 0.003125
0 0.5114583333333333 0.35234375 0.010416666666666666 0.0078125
0 0.48020833333333335 0.34921875 0.0020833333333333333 0.0015625
0 0.12916666666666668 0.35 0.004166666666666667 0.003125
0 0.10416666666666667 0.3546875 0.016666666666666666 0.0125
0 0.5239583333333333 0.34765625 0.0020833333333333333 0.0015625
0 0.290625 0.34765625 0.0020833333333333333 0.0015625
0 0.2989583333333333 0.34609375 0.0020833333333333333 0.0015625
0 0.196875 0.34609375 0.0020833333333333333 0.0015625
0 0.27395833333333336 0.35078125 0.027083333333333334 0.0140625
0 0.15416666666666667 0.346875 0.025 0.00625
0 0.5135416666666667 0.34296875 0.0020833333333333333 0.0015625
0 0.35520833333333335 0.34296875 0.0020833333333333333 0.0015625
0 0.5572916666666666 0.34140625 0.0020833333333333333 0.0015625
0 0.075 0.3421875 0.004166666666666667 0.003125
0 0.051041666666666666 0.340625 0.0020833333333333333 0.003125
0 0.5072916666666667 0.34140625 0.00625 0.0078125
0 0.17708333333333334 0.3453125 0.025 0.01875
0 0.34479166666666666 0.33515625 0.0020833333333333333 0.0015625
0 0.06145833333333333 0.33984375 0.01875 0.0109375
0 0.378125 0.334375 0.0020833333333333333 0.003125
0 0.08229166666666667 0.3328125 0.0020833333333333333 0.003125
0 0.484375 0.33046875 0.0020833333333333333 0.0015625
0 0.32395833333333335 0.33359375 0.027083333333333334 0.0109375
0 0.253125 0.3296875 0.00625 0.003125
0 0.440625 0.32734375 0.0020833333333333333 0.0015625
0 0.434375 0.32734375 0.0020833333333333333 0.0015625
0 0.4239583333333333 0.328125 0.0020833333333333333 0.003125
0 0.39791666666666664 0.35234375 0.09583333333333334 0.0546875
0 0.221875 0.3359375 0.014583333333333334 0.021875
0 0.18541666666666667 0.33046875 0.041666666666666664 0.0109375
0 0.13854166666666667 0.32421875 0.0020833333333333333 0.0015625
0 0.41354166666666664 0.32265625 0.0020833333333333333 0.0015625
0 0.428125 0.32265625 0.022916666666666665 0.0046875
0 0.29583333333333334 0.32265625 0.004166666666666667 0.0046875
0 0.25833333333333336 0.33515625 0.04583333333333333 0.0359375
0 0.471875 0.31328125 0.0020833333333333333 0.0015625
0 0.09895833333333333 0.31171875 0.0020833333333333333 0.0015625
0 0.17395833333333333 0.30234375 0.0020833333333333333 0.0015625
0 0.15520833333333334 0.30234375 0.0020833333333333333 0.0015625
0 0.6520833333333333 0.3015625 0.004166666666666667 0.003125
0 0.6270833333333333 0.30078125 0.004166666666666667 0.0015625
0 0.603125 0.3015625 0.00625 0.003125
0 0.209375 0.30859375 0.01875 0.0171875
0 0.15104166666666666 0.315625 0.04791666666666667 0.03125
0 0.2520833333333333 0.30625 0.0125 0.015625
0 0.6385416666666667 0.29765625 0.0020833333333333333 0.0015625
0 0.6229166666666667 0.29765625 0.004166666666666667 0.0015625
0 0.646875 0.29609375 0.00625 0.0046875
0 0.6052083333333333 0.29453125 0.0020833333333333333 0.0015625
0 0.4375 0.296875 0.008333333333333333 0.00625
0 0.4239583333333333 0.29453125 0.0020833333333333333 0.0015625
0 0.6614583333333334 0.29296875 0.0020833333333333333 0.0015625
0 0.6447916666666667 0.29296875 0.0020833333333333333 0.0015625
0 0.6385416666666667 0.29375 0.00625 0.003125
0 0.6270833333333333 0.29375 0.008333333333333333 0.003125
0 0.609375 0.29296875 0.0020833333333333333 0.0015625
0 0.5489583333333333 0.29296875 0.0020833333333333333 0.0015625
0 0.6135416666666667 0.29140625 0.0020833333333333333 0.0015625
0 0.590625 0.28984375 0.0020833333333333333 0.0015625
0 0.5427083333333333 0.290625 0.00625 0.003125
0 0.44479166666666664 0.290625 0.0020833333333333333 0.003125
0 0.4354166666666667 0.29140625 0.004166666666666667 0.0046875
0 0.6541666666666667 0.28984375 0.008333333333333333 0.0046875
0 0.42291666666666666 0.28828125 0.004166666666666667 0.0015625
0 0.5375 0.28671875 0.004166666666666667 0.0015625
0 0.59375 0.2859375 0.004166666666666667 0.003125
0 0.53125 0.2859375 0.004166666666666667 0.003125
0 0.6104166666666667 0.28359375 0.004166666666666667 0.0015625
0 0.4197916666666667 0.28359375 0.0020833333333333333 0.0015625
0 0.63125 0.2828125 0.004166666666666667 0.003125
0 0.6197916666666666 0.28203125 0.0020833333333333333 0.0015625
0 0.615625 0.28203125 0.0020833333333333333 0.0015625
0 0.4510416666666667 0.28203125 0.0020833333333333333 0.0015625
0 0.24270833333333333 0.28359375 0.00625 0.0046875
0 0.1125 0.3015625 0.07083333333333333 0.040625
0 0.5479166666666667 0.28046875 0.004166666666666667 0.0015625
0 0.42291666666666666 0.28125 0.004166666666666667 0.003125
0 0.415625 0.28046875 0.0020833333333333333 0.0015625
0 0.628125 0.27890625 0.010416666666666666 0.0046875
0 0.5291666666666667 0.278125 0.004166666666666667 0.003125
0 0.440625 0.28203125 0.01875 0.0109375
0 0.4197916666666667 0.27734375 0.0020833333333333333 0.0015625
0 0.21145833333333333 0.27734375 0.0020833333333333333 0.0015625
0 0.20729166666666668 0.27734375 0.0020833333333333333 0.0015625
0 0.46770833333333334 0.27578125 0.0020833333333333333 0.0015625
0 0.3625 0.27578125 0.004166666666666667 0.0015625
0 0.23854166666666668 0.2765625 0.00625 0.003125
0 0.125 0.27734375 0.004166666666666667 0.0046875
0 0.5604166666666667 0.2828125 0.020833333333333332 0.01875
0 0.5208333333333334 0.27421875 0.004166666666666667 0.0015625
0 0.23125 0.278125 0.016666666666666666 0.009375
0 0.215625 0.27421875 0.0020833333333333333 0.0015625
0 0.209375 0.27421875 0.0020833333333333333 0.0015625
0 0.090625 0.27265625 0.0020833333333333333 0.0015625
0 0.20104166666666667 0.27109375 0.0020833333333333333 0.0015625
0 0.14375 0.275 0.008333333333333333 0.009375
0 0.36041666666666666 0.27109375 0.004166666666666667 0.0046875
0 0.35208333333333336 0.2703125 0.004166666666666667 0.003125
0 0.20625 0.2734375 0.008333333333333333 0.009375
0 0.3572916666666667 0.26796875 0.0020833333333333333 0.0015625
0 0.5041666666666667 0.30546875 0.12083333333333333 0.0796875
0 0.35104166666666664 0.26640625 0.0020833333333333333 0.0015625
0 0.2635416666666667 0.265625 0.00625 0.003125
0 0.521875 0.26640625 0.00625 0.0109375
0 0.35104166666666664 0.26015625 0.0020833333333333333 0.0015625
0 0.19895833333333332 0.26015625 0.0020833333333333333 0.0015625
0 0.5364583333333334 0.25859375 0.0020833333333333333 0.0015625
0 0.3489583333333333 0.25703125 0.0020833333333333333 0.0015625
0 0.33645833333333336 0.25703125 0.0020833333333333333 0.0015625
0 0.340625 0.25625 0.0020833333333333333 0.003125
0 0.32708333333333334 0.25546875 0.004166666666666667 0.0015625
0 0.023958333333333335 0.25546875 0.0020833333333333333 0.0015625
0 0.334375 0.2546875 0.00625 0.003125
0 0.225 0.25625 0.004166666666666667 0.00625
0 0.6114583333333333 0.25234375 0.0020833333333333333 0.0015625
0 0.2375 0.253125 0.0125 0.003125
0 0.04895833333333333 0.25234375 0.0020833333333333333 0.0015625
0 0.028125 0.2515625 0.00625 0.003125
0 0.25729166666666664 0.2515625 0.022916666666666665 0.00625
0 0.15104166666666666 0.25 0.010416666666666666 0.00625
0 0.06145833333333333 0.24921875 0.014583333333333334 0.0046875
0 0.6041666666666666 0.25078125 0.008333333333333333 0.0109375
0 0.39375 0.27265625 0.05416666666666667 0.0546875
0 0.215625 0.24609375 0.0020833333333333333 0.0015625
0 0.20625 0.24609375 0.004166666666666667 0.0015625
0 0.0125 0.246875 0.016666666666666666 0.00625
0 0.221875 0.24296875 0.0020833333333333333 0.0015625
0 0.22604166666666667 0.24140625 0.0020833333333333333 0.0015625
0 0.20520833333333333 0.24140625 0.0020833333333333333 0.0015625
0 0.6822916666666666 0.23984375 0.0020833333333333333 0.0015625
0 0.2677083333333333 0.23984375 0.0020833333333333333 0.0015625
0 0.10625 0.25546875 0.06666666666666667 0.0328125
0 0.022916666666666665 0.23984375 0.020833333333333332 0.0046875
0 0.26875 0.23671875 0.004166666666666667 0.0015625
0 0.2947916666666667 0.23515625 0.0020833333333333333 0.0015625
0 0.23541666666666666 0.240625 0.04583333333333333 0.0125
0 0.421875 0.234375 0.0020833333333333333 0.003125
0 0.3104166666666667 0.240625 0.0125 0.015625
0 0.24895833333333334 0.23203125 0.0020833333333333333 0.0015625
0 0.30416666666666664 0.23046875 0.008333333333333333 0.0015625
0 0.26875 0.23203125 0.008333333333333333 0.0046875
0 0.403125 0.22734375 0.0020833333333333333 0.0015625
0 0.25625 0.23046875 0.008333333333333333 0.0078125
0 0.30625 0.2265625 0.004166666666666667 0.003125
0 0.2708333333333333 0.22734375 0.004166666666666667 0.0046875
0 0.421875 0.22421875 0.0020833333333333333 0.0015625
0 0.25729166666666664 0.2234375 0.0020833333333333333 0.003125
0 0.13854166666666667 0.22265625 0.0020833333333333333 0.0015625
0 0.2677083333333333 0.221875 0.0020833333333333333 0.003125
0 0.2635416666666667 0.22265625 0.0020833333333333333 0.0046875
0 0.42291666666666666 0.2203125 0.004166666666666667 0.003125
0 0.296875 0.221875 0.014583333333333334 0.009375
0 0.28958333333333336 0.21796875 0.004166666666666667 0.0015625
0 0.25104166666666666 0.2203125 0.00625 0.009375
0 0.2989583333333333 0.2140625 0.00625 0.003125
0 0.29270833333333335 0.2140625 0.0020833333333333333 0.003125
0 0.7010416666666667 0.2109375 0.00625 0.003125
0 0.2947916666666667 0.21015625 0.0020833333333333333 0.0015625
0 0.16979166666666667 0.2125 0.014583333333333334 0.009375
0 0.034375 0.209375 0.00625 0.003125
0 0.7114583333333333 0.20390625 0.0020833333333333333 0.0015625
0 0.25104166666666666 0.20390625 0.0020833333333333333 0.0015625
0 0.19583333333333333 0.20390625 0.004166666666666667 0.0015625
0 0.46145833333333336 0.19921875 0.0020833333333333333 0.0015625
0 0.2864583333333333 0.19921875 0.0020833333333333333 0.0015625
0 0.28125 0.20234375 0.008333333333333333 0.0078125
0 0.253125 0.1984375 0.00625 0.003125
0 0.7104166666666667 0.19765625 0.008333333333333333 0.0046875
0 0.6104166666666667 0.19609375 0.004166666666666667 0.0015625
0 0.46770833333333334 0.19765625 0.00625 0.0046875
0 0.4635416666666667 0.19609375 0.0020833333333333333 0.0015625
0 0.23020833333333332 0.1984375 0.00625 0.009375
0 0.009375 0.19296875 0.0020833333333333333 0.0015625
0 0.6145833333333334 0.19140625 0.004166666666666667 0.0046875
0 0.20729166666666668 0.18984375 0.0020833333333333333 0.0015625
0 0.5197916666666667 0.1890625 0.0020833333333333333 0.003125
0 0.140625 0.18828125 0.0020833333333333333 0.0015625
0 0.16458333333333333 0.18671875 0.008333333333333333 0.0015625
0 0.11979166666666667 0.1875 0.00625 0.003125
0 0.403125 0.18828125 0.010416666666666666 0.0078125
0 0.271875 0.1875 0.014583333333333334 0.009375
0 0.26145833333333335 0.18359375 0.0020833333333333333 0.0015625
0 0.15208333333333332 0.184375 0.004166666666666667 0.003125
0 0.215625 0.18046875 0.0020833333333333333 0.0015625
0 0.03854166666666667 0.17890625 0.0020833333333333333 0.0015625
0 0.334375 0.17578125 0.0020833333333333333 0.0015625
0 0.18645833333333334 0.17734375 0.0020833333333333333 0.0046875
0 0.04479166666666667 0.17265625 0.0020833333333333333 0.0015625
0 0.2864583333333333 0.16796875 0.0020833333333333333 0.0015625
0 0.18125 0.16875 0.004166666666666667 0.003125
0 0.34479166666666666 0.16640625 0.0020833333333333333 0.0015625
0 0.278125 0.16484375 0.0020833333333333333 0.0015625
0 0.17604166666666668 0.16484375 0.0020833333333333333 0.0015625
0 0.16875 0.1671875 0.008333333333333333 0.00625
0 0.3572916666666667 0.16328125 0.0020833333333333333 0.0015625
0 0.2552083333333333 0.16328125 0.0020833333333333333 0.0015625
0 0.38229166666666664 0.16171875 0.0020833333333333333 0.0015625
0 0.11875 0.1671875 0.0125 0.0125
0 0.24895833333333334 0.16015625 0.0020833333333333333 0.0015625
0 0.24479166666666666 0.15703125 0.0020833333333333333 0.0015625
0 0.23229166666666667 0.15625 0.0020833333333333333 0.003125
0 0.228125 0.15234375 0.0020833333333333333 0.0015625
0 0.00625 0.1546875 0.0125 0.00625
0 0.22395833333333334 0.14921875 0.0020833333333333333 0.0015625
0 0.221875 0.14609375 0.00625 0.0046875
0 0.33229166666666665 0.13984375 0.0020833333333333333 0.0015625
0 0.023958333333333335 0.1359375 0.0020833333333333333 0.003125
0 0.3802083333333333 0.13046875 0.0020833333333333333 0.0015625
0 0.09791666666666667 0.1234375 0.004166666666666667 0.003125
0 0.025 0.11953125 0.004166666666666667 0.0046875
0 0.021875 0.11484375 0.0020833333333333333 0.0015625
0 0.08645833333333333 0.11328125 0.0020833333333333333 0.0015625
0 0.04895833333333333 0.11015625 0.0020833333333333333 0.0015625
0 0.08645833333333333 0.109375 0.0020833333333333333 0.003125
0 0.06875 0.109375 0.004166666666666667 0.003125
0 0.06354166666666666 0.10234375 0.0020833333333333333 0.0015625
0 0.08020833333333334 0.10234375 0.0020833333333333333 0.0046875
0 0.07604166666666666 0.10078125 0.0020833333333333333 0.0015625
0 0.178125 0.09453125 0.0020833333333333333 0.0015625
0 0.11666666666666667 0.09609375 0.008333333333333333 0.0078125
0 0.17083333333333334 0.0921875 0.004166666666666667 0.003125
0 0.08333333333333333 0.0875 0.004166666666666667 0.003125
0 0.014583333333333334 0.0890625 0.008333333333333333 0.00625
0 0.21354166666666666 0.08203125 0.0020833333333333333 0.0015625
0 0.221875 0.0828125 0.0020833333333333333 0.00625
0 0.06770833333333333 0.08046875 0.0020833333333333333 0.0015625
0 0.215625 0.07734375 0.0020833333333333333 0.0015625
0 0.0010416666666666667 0.07578125 0.0020833333333333333 0.0015625
0 0.042708333333333334 0.07109375 0.0020833333333333333 0.0015625
0 0.005208333333333333 0.06953125 0.0020833333333333333 0.0015625
0 0.07083333333333333 0.0703125 0.008333333333333333 0.015625
0 0.03854166666666667 0.06328125 0.0020833333333333333 0.0015625
0 0.0625 0.0625 0.004166666666666667 0.003125
0 0.04479166666666667 0.02734375 0.0020833333333333333 0.0015625
1 0.37604166666666666 0.78984375 0.0020833333333333333 0.0015625
1 0.38645833333333335 0.77578125 0.0020833333333333333 0.0015625
1 0.35104166666666664 0.77578125 0.0020833333333333333 0.0015625
1 0.35104166666666664 0.77265625 0.0020833333333333333 0.0015625
1 0.36041666666666666 0.79609375 0.04583333333333333 0.0578125
1 0.3385416666666667 0.76484375 0.0020833333333333333 0.0015625
1 0.3385416666666667 0.76171875 0.0020833333333333333 0.0015625
1 0.353125 0.76015625 0.0020833333333333333 0.0015625
1 0.4197916666666667 0.75546875 0.0020833333333333333 0.0015625
1 0.353125 0.75625 0.0020833333333333333 0.003125
1 0.35520833333333335 0.75078125 0.0020833333333333333 0.0015625
1 0.33645833333333336 0.7515625 0.0020833333333333333 0.003125
1 0.40520833333333334 0.7484375 0.00625 0.009375
1 0.33645833333333336 0.73984375 0.0020833333333333333 0.0015625
1 0.4322916666666667 0.73828125 0.0020833333333333333 0.0015625
1 0.33645833333333336 0.7359375 0.0020833333333333333 0.003125
1 0.37395833333333334 0.7390625 0.03125 0.01875
1 0.3614583333333333 0.728125 0.0020833333333333333 0.003125
1 0.421875 0.72578125 0.0020833333333333333 0.0015625
1 0.3697916666666667 0.728125 0.014583333333333334 0.009375
1 0.42604166666666665 0.72109375 0.0020833333333333333 0.0015625
1 0.38229166666666664 0.72109375 0.0020833333333333333 0.0015625
1 0.4510416666666667 0.71640625 0.0020833333333333333 0.0015625
1 0.43854166666666666 0.71328125 0.0020833333333333333 0.0015625
1 0.390625 0.71640625 0.00625 0.0078125
1 0.44479166666666664 0.709375 0.00625 0.00625
1 0.29270833333333335 0.7109375 0.05625 0.009375
1 0.43854166666666666 0.69765625 0.0020833333333333333 0.0015625
1 0.19479166666666667 0.6984375 0.035416666666666666 0.015625
1 0.51875 0.6875 0.029166666666666667 0.0125
1 0.609375 0.67890625 0.0020833333333333333 0.0015625
1 0.8625 0.678125 0.004166666666666667 0.003125
1 0.5489583333333333 0.678125 0.00625 0.00625
1 0.5572916666666666 0.67421875 0.0020833333333333333 0.0015625
1 0.25625 0.67265625 0.016666666666666666 0.0078125
1 0.55 0.66875 0.025 0.0125
1 0.5822916666666667 0.66171875 0.0020833333333333333 0.0015625
1 0.5729166666666666 0.6625 0.0125 0.009375
1 0.8760416666666667 0.66484375 0.014583333333333334 0.0171875
1 0.5739583333333333 0.65078125 0.0020833333333333333 0.0015625
1 0.390625 0.64921875 0.0020833333333333333 0.0015625
1 0.3416666666666667 0.6484375 0.004166666666666667 0.003125
1 0.5791666666666667 0.64296875 0.004166666666666667 0.0046875
1 0.40208333333333335 0.6421875 0.004166666666666667 0.003125
1 0.3802083333333333 0.6421875 0.0020833333333333333 0.003125
1 0.5291666666666667 0.6421875 0.008333333333333333 0.00625
1 0.35104166666666664 0.63984375 0.0020833333333333333 0.0015625
1 0.5916666666666667 0.6609375 0.029166666666666667 0.046875
1 0.5760416666666667 0.63671875 0.0020833333333333333 0.0015625
1 0.5864583333333333 0.63515625 0.0020833333333333333 0.0015625
1 0.5375 0.63515625 0.008333333333333333 0.0078125
1 0.0010416666666666667 0.63046875 0.0020833333333333333 0.0015625
1 0.44166666666666665 0.62734375 0.004166666666666667 0.0046875
1 0.528125 0.62109375 0.0020833333333333333 0.0015625
1 0.36354166666666665 0.62890625 0.03125 0.0203125
1 0.5385416666666667 0.61484375 0.0020833333333333333 0.0015625
1 0.32395833333333335 0.61171875 0.0020833333333333333 0.0015625
1 0.3177083333333333 0.609375 0.00625 0.003125
1 0.3489583333333333 0.6109375 0.035416666666666666 0.009375
1 0.33958333333333335 0.6046875 0.004166666666666667 0.003125
1 0.325 0.6046875 0.016666666666666666 0.003125
1 0.3177083333333333 0.60234375 0.00625 0.0015625
1 0.5666666666666667 0.6015625 0.004166666666666667 0.003125
1 0.5052083333333334 0.59921875 0.0020833333333333333 0.0015625
1 0.6677083333333333 0.6078125 0.027083333333333334 0.034375
1 0.6510416666666666 0.58984375 0.0020833333333333333 0.0015625
1 0.5708333333333333 0.578125 0.008333333333333333 0.00625
1 0.3489583333333333 0.56953125 0.0020833333333333333 0.0015625
1 0.34479166666666666 0.56484375 0.010416666666666666 0.0078125
1 0.396875 0.55078125 0.0020833333333333333 0.0015625
1 0.46770833333333334 0.61875 0.13541666666666666 0.184375
1 0.30104166666666665 0.51015625 0.0020833333333333333 0.0015625
1 0.378125 0.56796875 0.11458333333333333 0.1390625
1 0.28541666666666665 0.50390625 0.020833333333333332 0.0109375
1 0.5177083333333333 0.49453125 0.0020833333333333333 0.0015625
1 0.515625 0.48984375 0.0020833333333333333 0.0015625
1 0.3125 0.48359375 0.008333333333333333 0.0046875
1 0.984375 0.46640625 0.0020833333333333333 0.0015625
1 0.99375 0.465625 0.0125 0.0125
1 0.22395833333333334 0.45703125 0.0020833333333333333 0.0015625
1 0.99375 0.45390625 0.008333333333333333 0.0046875
1 0.9989583333333333 0.4515625 0.0020833333333333333 0.003125
1 0.5572916666666666 0.43828125 0.0020833333333333333 0.0015625
1 0.4739583333333333 0.42578125 0.0020833333333333333 0.0015625
1 0.46145833333333336 0.42890625 0.014583333333333334 0.0078125
1 0.4239583333333333 0.42421875 0.0020833333333333333 0.0015625
1 0.9885416666666667 0.4296875 0.022916666666666665 0.015625
1 0.49270833333333336 0.41640625 0.0020833333333333333 0.0015625
1 0.5864583333333333 0.41484375 0.0020833333333333333 0.0015625
1 0.4947916666666667 0.41328125 0.0020833333333333333 0.0015625
1 0.5927083333333333 0.4203125 0.03125 0.01875
1 0.353125 0.41171875 0.0020833333333333333 0.0015625
1 0.3489583333333333 0.41015625 0.0020833333333333333 0.0015625
1 0.746875 0.40859375 0.0020833333333333333 0.0015625
1 0.6072916666666667 0.40859375 0.0020833333333333333 0.0015625
1 0.490625 0.40859375 0.0020833333333333333 0.0015625
1 0.409375 0.41171875 0.03125 0.0109375
1 0.753125 0.40546875 0.0020833333333333333 0.0015625
1 0.5427083333333333 0.41015625 0.014583333333333334 0.0109375
1 0.3729166666666667 0.40859375 0.0125 0.0078125
1 0.7489583333333333 0.40390625 0.0020833333333333333 0.0015625
1 0.7083333333333334 0.4140625 0.03333333333333333 0.021875
1 0.48854166666666665 0.40390625 0.00625 0.0046875
1 0.3614583333333333 0.403125 0.0020833333333333333 0.003125
1 0.35208333333333336 0.4046875 0.0125 0.00625
1 0.6010416666666667 0.40390625 0.014583333333333334 0.0078125
1 0.753125 0.39609375 0.0020833333333333333 0.0015625
1 0.6010416666666667 0.39609375 0.0020833333333333333 0.0015625
1 0.24791666666666667 0.39609375 0.004166666666666667 0.0046875
1 0.59375 0.3953125 0.008333333333333333 0.009375
1 0.640625 0.390625 0.0020833333333333333 0.003125
1 0.6354166666666666 0.38984375 0.004166666666666667 0.0046875
1 0.5770833333333333 0.40390625 0.020833333333333332 0.0328125
1 0.27708333333333335 0.3890625 0.008333333333333333 0.003125
1 0.209375 0.38671875 0.0020833333333333333 0.0015625
1 0.3854166666666667 0.39296875 0.029166666666666667 0.0171875
1 0.21145833333333333 0.38359375 0.0020833333333333333 0.0015625
1 0.49895833333333334 0.38203125 0.0020833333333333333 0.0015625
1 0.38229166666666664 0.38203125 0.0020833333333333333 0.0015625
1 0.5489583333333333 0.37890625 0.0020833333333333333 0.0015625
1 0.496875 0.37734375 0.0020833333333333333 0.0015625
1 0.44166666666666665 0.3921875 0.08333333333333333 0.03125
1 0.38125 0.378125 0.004166666666666667 0.003125
1 0.434375 0.37578125 0.0020833333333333333 0.0015625
1 0.16875 0.3765625 0.004166666666666667 0.003125
1 0.128125 0.37578125 0.0020833333333333333 0.0015625
1 0.546875 0.37421875 0.0020833333333333333 0.0015625
1 0.42291666666666666 0.375 0.004166666666666667 0.003125
1 0.3875 0.3734375 0.004166666666666667 0.003125
1 0.27291666666666664 0.378125 0.020833333333333332 0.015625
1 0.14895833333333333 0.37109375 0.0020833333333333333 0.0015625
1 0.5072916666666667 0.36953125 0.0020833333333333333 0.0015625
1 0.446875 0.3703125 0.0020833333333333333 0.003125
1 0.14270833333333333 0.36953125 0.0020833333333333333 0.0015625
1 0.128125 0.37109375 0.0020833333333333333 0.0046875
1 0.4197916666666667 0.36796875 0.0020833333333333333 0.0015625
1 0.06979166666666667 0.36796875 0.0020833333333333333 0.0015625
1 0.14895833333333333 0.3671875 0.0020833333333333333 0.003125
1 0.059375 0.36640625 0.0020833333333333333 0.0015625
1 0.3927083333333333 0.3671875 0.0020833333333333333 0.00625
1 0.4979166666666667 0.3625 0.004166666666666667 0.003125
1 0.48125 0.36796875 0.04583333333333333 0.0140625
1 0.46979166666666666 0.36171875 0.0020833333333333333 0.0015625
1 0.296875 0.36171875 0.0020833333333333333 0.0015625
1 0.13854166666666667 0.36796875 0.014583333333333334 0.0140625
1 0.45208333333333334 0.3640625 0.008333333333333333 0.009375
1 0.1375 0.36015625 0.004166666666666667 0.0015625
1 0.057291666666666664 0.3625 0.00625 0.00625
1 0.04479166666666667 0.36328125 0.014583333333333334 0.0078125
1 0.4625 0.36171875 0.008333333333333333 0.0078125
1 0.421875 0.35859375 0.0020833333333333333 0.0015625
1 0.2916666666666667 0.36015625 0.004166666666666667 0.0046875
1 0.171875 0.359375 0.00625 0.003125
1 0.13020833333333334 0.35859375 0.0020833333333333333 0.0015625
1 0.0375 0.35859375 0.004166666666666667 0.0015625
1 0.4166666666666667 0.35703125 0.004166666666666667 0.0015625
1 0.40520833333333334 0.3625 0.010416666666666666 0.0125
1 0.5802083333333333 0.35390625 0.0020833333333333333 0.0015625
1 0.22916666666666666 0.36875 0.04583333333333333 0.03125
1 0.9958333333333333 0.36953125 0.008333333333333333 0.0359375
1 0.33125 0.353125 0.008333333333333333 0.00625
1 0.3375 0.3515625 0.008333333333333333 0.009375
1 0.5385416666666667 0.3625 0.06875 0.034375
1 0.20625 0.346875 0.004166666666666667 0.009375
1 0.11770833333333333 0.34453125 0.010416666666666666 0.0046875
1 0.434375 0.34140625 0.0020833333333333333 0.0015625
1 0.40520833333333334 0.33984375 0.0020833333333333333 0.0015625
1 0.13125 0.340625 0.004166666666666667 0.003125
1 0.49583333333333335 0.34140625 0.008333333333333333 0.0078125
1 0.49166666666666664 0.3390625 0.004166666666666667 0.003125
1 0.44166666666666665 0.33828125 0.004166666666666667 0.0015625
1 0.4322916666666667 0.33828125 0.0020833333333333333 0.0015625
1 0.125 0.33828125 0.004166666666666667 0.0015625
1 0.13229166666666667 0.33671875 0.0020833333333333333 0.0015625
1 0.4197916666666667 0.3375 0.01875 0.00625
1 0.41354166666666664 0.33515625 0.0020833333333333333 0.0015625
1 0.39895833333333336 0.33515625 0.0020833333333333333 0.0015625
1 0.42604166666666665 0.33359375 0.0020833333333333333 0.0015625
1 0.12395833333333334 0.33203125 0.0020833333333333333 0.0015625
1 0.5375 0.33515625 0.020833333333333332 0.0140625
1 0.06458333333333334 0.32734375 0.004166666666666667 0.0015625
1 0.33645833333333336 0.3265625 0.0020833333333333333 0.003125
1 0.378125 0.32265625 0.0020833333333333333 0.0015625
1 0.6822916666666666 0.32109375 0.0020833333333333333 0.0015625
1 0.44895833333333335 0.31953125 0.00625 0.0015625
1 0.390625 0.32734375 0.01875 0.0171875
1 0.378125 0.31953125 0.0020833333333333333 0.0015625
1 0.684375 0.31796875 0.0020833333333333333 0.0015625
1 0.4427083333333333 0.31796875 0.0020833333333333333 0.0015625
1 0.40729166666666666 0.31640625 0.0020833333333333333 0.0015625
1 0.38125 0.31640625 0.004166666666666667 0.0015625
1 0.328125 0.31640625 0.0020833333333333333 0.0015625
1 0.196875 0.3171875 0.00625 0.003125
1 0.18854166666666666 0.3171875 0.0020833333333333333 0.003125
1 0.05520833333333333 0.31796875 0.00625 0.0046875
1 0.44479166666666664 0.31484375 0.0020833333333333333 0.0015625
1 0.44895833333333335 0.3140625 0.0020833333333333333 0.003125
1 0.565625 0.31875 0.014583333333333334 0.015625
1 0.4395833333333333 0.3125 0.004166666666666667 0.003125
1 0.2947916666666667 0.3265625 0.04375 0.03125
1 0.19895833333333332 0.31171875 0.0020833333333333333 0.0015625
1 0.44375 0.3109375 0.004166666666666667 0.003125
1 0.4239583333333333 0.3140625 0.022916666666666665 0.009375
1 0.6625 0.31015625 0.008333333333333333 0.0046875
1 0.35625 0.31484375 0.025 0.0140625
1 0.2989583333333333 0.30859375 0.0020833333333333333 0.0015625
1 0.18333333333333332 0.31171875 0.008333333333333333 0.0078125
1 0.32083333333333336 0.30859375 0.004166666666666667 0.0046875
1 0.31979166666666664 0.30390625 0.0020833333333333333 0.0015625
1 0.3333333333333333 0.3125 0.016666666666666666 0.021875
1 0.18854166666666666 0.30234375 0.0020833333333333333 0.0015625
1 0.026041666666666668 0.30234375 0.0020833333333333333 0.0015625
1 0.353125 0.3015625 0.010416666666666666 0.003125
1 0.18229166666666666 0.3 0.00625 0.003125
1 0.030208333333333334 0.29921875 0.0020833333333333333 0.0015625
1 0.328125 0.29765625 0.0020833333333333333 0.0015625
1 0.16354166666666667 0.29765625 0.0020833333333333333 0.0015625
1 0.18229166666666666 0.29609375 0.00625 0.0015625
1 0.04791666666666667 0.3015625 0.020833333333333332 0.0125
1 0.026041666666666668 0.29609375 0.0020833333333333333 0.0015625
1 0.371875 0.296875 0.010416666666666666 0.00625
1 0.3614583333333333 0.3 0.00625 0.0125
1 0.3260416666666667 0.29296875 0.0020833333333333333 0.0015625
1 0.036458333333333336 0.29375 0.00625 0.00625
1 0.30833333333333335 0.29921875 0.025 0.0203125
1 0.646875 0.3359375 0.15208333333333332 0.096875
1 0.31666666666666665 0.2890625 0.004166666666666667 0.00625
1 0.21770833333333334 0.28046875 0.0020833333333333333 0.0015625
1 0.11145833333333334 0.28359375 0.00625 0.0078125
1 0.48020833333333335 0.27421875 0.0020833333333333333 0.0015625
1 0.75625 0.2734375 0.008333333333333333 0.003125
1 0.46875 0.29375 0.04583333333333333 0.04375
1 0.034375 0.27265625 0.0020833333333333333 0.0015625
1 0.10833333333333334 0.271875 0.016666666666666666 0.00625
1 0.023958333333333335 0.2953125 0.04791666666666667 0.059375
1 0.07604166666666666 0.278125 0.06458333333333334 0.028125
1 0.30104166666666665 0.25546875 0.0020833333333333333 0.0015625
1 0.7489583333333333 0.25234375 0.0020833333333333333 0.0015625
1 0.6510416666666666 0.24296875 0.0020833333333333333 0.0015625
1 0.6895833333333333 0.24140625 0.004166666666666667 0.0015625
1 0.30104166666666665 0.24375 0.00625 0.00625
1 0.665625 0.28515625 0.13958333333333334 0.1046875
1 0.109375 0.23359375 0.0020833333333333333 0.0015625
1 0.26145833333333335 0.2515625 0.06875 0.040625
1 0.08020833333333334 0.23203125 0.010416666666666666 0.0078125
1 0.3416666666666667 0.25 0.075 0.05
1 0.134375 0.22578125 0.0020833333333333333 0.0015625
1 0.10416666666666667 0.2328125 0.029166666666666667 0.015625
1 0.5927083333333333 0.22421875 0.0020833333333333333 0.0015625
1 0.5864583333333333 0.22421875 0.0020833333333333333 0.0015625
1 0.4947916666666667 0.22265625 0.0020833333333333333 0.0015625
1 0.48854166666666665 0.2234375 0.00625 0.003125
1 0.484375 0.21953125 0.0020833333333333333 0.0015625
1 0.19479166666666667 0.2203125 0.0020833333333333333 0.003125
1 0.17395833333333333 0.21953125 0.0020833333333333333 0.0015625
1 0.5885416666666666 0.21484375 0.0020833333333333333 0.0046875
1 0.27291666666666664 0.21640625 0.0125 0.0078125
1 0.029166666666666667 0.22578125 0.029166666666666667 0.0265625
1 0.003125 0.21640625 0.00625 0.0078125
1 0.7635416666666667 0.21171875 0.0020833333333333333 0.0015625
1 0.18958333333333333 0.21015625 0.016666666666666666 0.0078125
1 0.22291666666666668 0.2203125 0.041666666666666664 0.03125
1 0.503125 0.20390625 0.0020833333333333333 0.0015625
1 0.3385416666666667 0.2109375 0.010416666666666666 0.015625
1 0.3302083333333333 0.196875 0.0020833333333333333 0.003125
1 0.8114583333333333 0.19453125 0.0020833333333333333 0.0015625
1 0.3541666666666667 0.2 0.03333333333333333 0.015625
1 0.3958333333333333 0.19296875 0.004166666666666667 0.0046875
1 0.390625 0.1921875 0.0020833333333333333 0.003125
1 0.328125 0.190625 0.0020833333333333333 0.003125
1 0.21458333333333332 0.2546875 0.1625 0.13125
1 0.49895833333333334 0.19375 0.022916666666666665 0.015625
1 0.7145833333333333 0.21484375 0.16666666666666666 0.0765625
1 0.0020833333333333333 0.18125 0.004166666666666667 0.009375
1 0.3302083333333333 0.17421875 0.0020833333333333333 0.0015625
1 0.203125 0.178125 0.00625 0.009375
1 0.28541666666666665 0.17578125 0.025 0.0109375
1 0.06354166666666666 0.20703125 0.07291666666666667 0.0734375
1 0.5270833333333333 0.17734375 0.03333333333333333 0.0171875
1 0.06145833333333333 0.16796875 0.0020833333333333333 0.0015625
1 0.5270833333333333 0.16640625 0.004166666666666667 0.0015625
1 0.37395833333333334 0.17578125 0.06458333333333334 0.0234375
1 0.057291666666666664 0.16328125 0.0020833333333333333 0.0015625
1 0.471875 0.16171875 0.0020833333333333333 0.0015625
1 0.4875 0.22109375 0.2125 0.1203125
1 0.051041666666666666 0.165625 0.014583333333333334 0.009375
1 0.5979166666666667 0.16875 0.0375 0.04375
1 0.40520833333333334 0.15234375 0.0020833333333333333 0.0109375
1 0.253125 0.15234375 0.014583333333333334 0.0109375
1 0.38333333333333336 0.153125 0.0375 0.015625
1 0.090625 0.14609375 0.0020833333333333333 0.0015625
1 0.09791666666666667 0.15546875 0.0625 0.0234375
1 0.2864583333333333 0.14296875 0.0020833333333333333 0.0015625
1 0.28854166666666664 0.13671875 0.0020833333333333333 0.0015625
1 0.8625 0.13359375 0.004166666666666667 0.0015625
1 0.5270833333333333 0.1359375 0.0125 0.00625
1 0.5197916666666667 0.13359375 0.0020833333333333333 0.0015625
1 0.06979166666666667 0.13046875 0.0020833333333333333 0.0015625
1 0.8177083333333334 0.128125 0.00625 0.003125
1 0.00625 0.13828125 0.0125 0.0234375
1 0.8114583333333333 0.12578125 0.0020833333333333333 0.0015625
1 0.052083333333333336 0.13515625 0.025 0.0203125
1 0.6885416666666667 0.12421875 0.0020833333333333333 0.0015625
1 0.6760416666666667 0.1234375 0.01875 0.00625
1 0.36875 0.1203125 0.004166666666666667 0.003125
1 0.31666666666666665 0.140625 0.025 0.04375
1 0.23958333333333334 0.13359375 0.06666666666666667 0.0296875
1 0.24791666666666667 0.11953125 0.008333333333333333 0.0015625
1 0.07708333333333334 0.1171875 0.004166666666666667 0.003125
1 0.8114583333333333 0.11875 0.022916666666666665 0.015625
1 0.9489583333333333 0.11171875 0.00625 0.0046875
1 0.3625 0.11328125 0.016666666666666666 0.0078125
1 0.3229166666666667 0.11015625 0.004166666666666667 0.0046875
1 0.13020833333333334 0.10546875 0.0020833333333333333 0.0015625
1 0.9541666666666667 0.1046875 0.004166666666666667 0.003125
1 0.9302083333333333 0.10390625 0.0020833333333333333 0.0015625
1 0.946875 0.10234375 0.0020833333333333333 0.0015625
1 0.03125 0.103125 0.004166666666666667 0.003125
1 0.007291666666666667 0.11015625 0.014583333333333334 0.0171875
1 0.9833333333333333 0.1078125 0.03333333333333333 0.03125
1 0.58125 0.08984375 0.004166666666666667 0.0015625
1 0.83125 0.08984375 0.0125 0.0078125
1 0.825 0.0875 0.004166666666666667 0.003125
1 0.5822916666666667 0.0859375 0.00625 0.003125
1 0.7979166666666667 0.0828125 0.004166666666666667 0.003125
1 0.8760416666666667 0.08828125 0.04791666666666667 0.0171875
1 0.578125 0.08125 0.00625 0.003125
1 0.7666666666666667 0.09375 0.05 0.03125
1 0.03854166666666667 0.09140625 0.03125 0.0265625
1 0.8854166666666666 0.07265625 0.004166666666666667 0.0015625
1 0.5802083333333333 0.07265625 0.0020833333333333333 0.0015625
1 0.5729166666666666 0.07578125 0.008333333333333333 0.0078125
1 0.5572916666666666 0.07265625 0.0020833333333333333 0.0015625
1 0.5510416666666667 0.0734375 0.00625 0.003125
1 0.6322916666666667 0.06953125 0.0020833333333333333 0.0015625
1 0.5041666666666667 0.0734375 0.020833333333333332 0.0125
1 0.421875 0.07109375 0.014583333333333334 0.0078125
1 0.19479166666666667 0.075 0.027083333333333334 0.015625
1 0.159375 0.11953125 0.06875 0.1078125
1 0.6302083333333334 0.06484375 0.00625 0.0046875
1 0.259375 0.0734375 0.03125 0.021875
1 0.11354166666666667 0.06328125 0.0020833333333333333 0.0015625
1 0.5020833333333333 0.06328125 0.004166666666666667 0.0078125
1 0.016666666666666666 0.06015625 0.016666666666666666 0.0078125
1 0.07291666666666667 0.059375 0.025 0.015625
1 0.9416666666666667 0.04765625 0.004166666666666667 0.0015625
1 0.9072916666666667 0.03203125 0.00625 0.0046875
1 0.9 0.03203125 0.004166666666666667 0.0046875
1 0.13333333333333333 0.02421875 0.0125 0.0046875
1 0.17291666666666666 0.003125 0.0125 0.00625
