0 0.57421875 0.6072916666666667 0.0015625 0.0020833333333333333
0 0.596875 0.540625 0.00625 0.00625
0 0.5046875 0.5302083333333333 0.00625 0.0020833333333333333
0 0.52109375 0.509375 0.0015625 0.0020833333333333333
0 0.51796875 0.509375 0.0015625 0.0020833333333333333
0 0.51484375 0.509375 0.0015625 0.0020833333333333333
0 0.51171875 0.509375 0.0015625 0.0020833333333333333
0 0.53359375 0.5052083333333334 0.0015625 0.0020833333333333333
0 0.52734375 0.5083333333333333 0.0078125 0.008333333333333333
0 0.57890625 0.5020833333333333 0.0078125 0.004166666666666667
0 0.4234375 0.4947916666666667 0.003125 0.0020833333333333333
0 0.634375 0.48854166666666665 0.01875 0.010416666666666666
0 0.57890625 0.484375 0.0046875 0.00625
0 0.375 0.4822916666666667 0.003125 0.0020833333333333333
0 0.659375 0.48333333333333334 0.01875 0.008333333333333333
0 0.475 0.4979166666666667 0.15 0.0625
0 0.6703125 0.46770833333333334 0.009375 0.00625
0 0.68828125 0.4708333333333333 0.0265625 0.016666666666666666
0 0.47421875 0.4635416666666667 0.0015625 0.0020833333333333333
0 0.47109375 0.4635416666666667 0.0015625 0.0020833333333333333
0 0.46796875 0.4635416666666667 0.0015625 0.0020833333333333333
0 0.46484375 0.4635416666666667 0.0015625 0.0020833333333333333
0 0.46171875 0.4635416666666667 0.0015625 0.0020833333333333333
0 0.45859375 0.4635416666666667 0.0015625 0.0020833333333333333
0 0.45546875 0.4635416666666667 0.0015625 0.0020833333333333333
0 0.45234375 0.4635416666666667 0.0015625 0.0020833333333333333
0 0.4078125 0.4739583333333333 0.059375 0.022916666666666665
0 0.49609375 0.4625 0.0015625 0.004166666666666667
0 0.49296875 0.4625 0.0015625 0.004166666666666667
0 0.48984375 0.4625 0.0015625 0.004166666666666667
0 0.48671875 0.4625 0.0015625 0.004166666666666667
0 0.48359375 0.4625 0.0015625 0.004166666666666667
0 0.48046875 0.4625 0.0015625 0.004166666666666667
0 0.47734375 0.4625 0.0015625 0.004166666666666667
0 0.33046875 0.45729166666666665 0.0015625 0.0020833333333333333
0 0.72578125 0.4510416666666667 0.0015625 0.0020833333333333333
0 0.72734375 0.44479166666666664 0.0015625 0.0020833333333333333
0 0.5984375 0.44479166666666664 0.009375 0.00625
0 0.603125 0.440625 0.003125 0.0020833333333333333
0 0.41796875 0.4375 0.0015625 0.004166666666666667
0 0.43203125 0.43645833333333334 0.0234375 0.010416666666666666
0 0.578125 0.43125 0.00625 0.004166666666666667
0 0.4875 0.4322916666666667 0.025 0.00625
0 0.56484375 0.42604166666666665 0.0015625 0.0020833333333333333
0 0.61796875 0.421875 0.0015625 0.0020833333333333333
0 0.5921875 0.42291666666666666 0.0375 0.0125
0 0.74765625 0.415625 0.0015625 0.0020833333333333333
0 0.62421875 0.415625 0.0015625 0.0020833333333333333
0 0.62265625 0.4114583333333333 0.0015625 0.0020833333333333333
0 0.590625 0.40520833333333334 0.009375 0.01875
0 0.36484375 0.371875 0.0015625 0.0020833333333333333
0 0.3515625 0.36875 0.021875 0.008333333333333333
0 0.35859375 0.35520833333333335 0.0015625 0.0020833333333333333
0 0.79296875 0.309375 0.0015625 0.0020833333333333333
0 0.421875 0.30416666666666664 0.00625 0.008333333333333333
0 0.39296875 0.2989583333333333 0.0015625 0.0020833333333333333
0 0.3828125 0.296875 0.015625 0.00625
0 0.27265625 0.2635416666666667 0.0015625 0.0020833333333333333
0 0.28984375 0.25729166666666664 0.0015625 0.0020833333333333333
0 0.63359375 0.18645833333333334 0.0015625 0.0020833333333333333
0 0.29609375 0.18645833333333334 0.0015625 0.0020833333333333333
0 0.63828125 0.184375 0.0015625 0.0020833333333333333
0 0.30546875 0.184375 0.0015625 0.0020833333333333333
0 0.64609375 0.18020833333333333 0.0015625 0.0020833333333333333
0 0.40546875 0.18020833333333333 0.0046875 0.0020833333333333333
0 0.31796875 0.18020833333333333 0.0015625 0.0020833333333333333
0 0.65390625 0.17604166666666668 0.0015625 0.0020833333333333333
0 0.66640625 0.16979166666666667 0.0015625 0.0020833333333333333
0 0.7984375 0.18020833333333333 0.046875 0.06041666666666667
0 0.71015625 0.14895833333333333 0.0015625 0.0020833333333333333
0 0.55390625 0.40625 0.5921875 0.5208333333333334
0 0.6890625 0.165625 0.06875 0.03958333333333333
0 0.7265625 0.14479166666666668 0.003125 0.0020833333333333333
1 0.92421875 0.9989583333333333 0.0078125 0.0020833333333333333
1 0.85078125 0.9989583333333333 0.0015625 0.0020833333333333333
1 0.76953125 0.9989583333333333 0.0015625 0.0020833333333333333
1 0.7359375 0.9989583333333333 0.003125 0.0020833333333333333
1 0.72890625 0.9989583333333333 0.0015625 0.0020833333333333333
1 0.63203125 0.9989583333333333 0.0015625 0.0020833333333333333
1 0.97109375 0.9979166666666667 0.0078125 0.004166666666666667
1 0.8296875 0.996875 0.003125 0.0020833333333333333
1 0.58828125 0.996875 0.0015625 0.0020833333333333333
1 0.93125 0.9947916666666666 0.003125 0.0020833333333333333
1 0.76015625 0.996875 0.0046875 0.00625
1 0.88515625 0.9927083333333333 0.0046875 0.0020833333333333333
1 0.025 0.9958333333333333 0.0125 0.008333333333333333
1 0.0078125 0.99375 0.003125 0.004166666666666667
1 0.00234375 0.99375 0.0046875 0.004166666666666667
1 0.878125 0.9916666666666667 0.00625 0.004166666666666667
1 0.63046875 0.990625 0.0015625 0.0020833333333333333
1 0.86640625 0.99375 0.0140625 0.0125
1 0.62421875 0.9864583333333333 0.0015625 0.0020833333333333333
1 0.63125 0.9885416666666667 0.009375 0.010416666666666666
1 0.646875 0.990625 0.01875 0.01875
1 0.95390625 0.9885416666666667 0.0921875 0.022916666666666665
1 0.96953125 0.9729166666666667 0.0015625 0.004166666666666667
1 0.96328125 0.9729166666666667 0.0015625 0.004166666666666667
1 0.5953125 0.971875 0.009375 0.0020833333333333333
1 0.00234375 0.9291666666666667 0.0046875 0.0125
1 0.45703125 0.7375 0.0140625 0.008333333333333333
1 0.19140625 0.7322916666666667 0.0015625 0.0020833333333333333
1 0.18046875 0.7322916666666667 0.0015625 0.0020833333333333333
1 0.18671875 0.73125 0.0046875 0.004166666666666667
1 0.72578125 0.721875 0.0015625 0.0020833333333333333
1 0.73125 0.7177083333333333 0.003125 0.0020833333333333333
1 0.72265625 0.715625 0.0046875 0.0020833333333333333
1 0.20625 0.715625 0.003125 0.0020833333333333333
1 0.7359375 0.7072916666666667 0.009375 0.00625
1 0.5953125 0.7020833333333333 0.003125 0.004166666666666667
1 0.26171875 0.6770833333333334 0.0015625 0.004166666666666667
1 0.48828125 0.671875 0.0015625 0.0020833333333333333
1 0.50234375 0.6697916666666667 0.0015625 0.0020833333333333333
1 0.415625 0.6697916666666667 0.003125 0.0020833333333333333
1 0.71953125 0.66875 0.0046875 0.004166666666666667
1 0.4234375 0.6677083333333333 0.003125 0.0020833333333333333
1 0.4015625 0.6677083333333333 0.003125 0.0020833333333333333
1 0.39453125 0.6677083333333333 0.0046875 0.0020833333333333333
1 0.37421875 0.671875 0.0046875 0.010416666666666666
1 0.59453125 0.6666666666666666 0.0078125 0.004166666666666667
1 0.5546875 0.665625 0.003125 0.00625
1 0.55078125 0.6635416666666667 0.0015625 0.0020833333333333333
1 0.6234375 0.6635416666666667 0.00625 0.010416666666666666
1 0.56484375 0.6604166666666667 0.0078125 0.004166666666666667
1 0.28984375 0.6625 0.0203125 0.008333333333333333
1 0.60390625 0.6572916666666667 0.0046875 0.00625
1 0.29375 0.6552083333333333 0.0125 0.0020833333333333333
1 0.59765625 0.6510416666666666 0.0015625 0.0020833333333333333
1 0.59375 0.6510416666666666 0.003125 0.0020833333333333333
1 0.60390625 0.6489583333333333 0.0015625 0.0020833333333333333
1 0.29453125 0.6489583333333333 0.0015625 0.0020833333333333333
1 0.61171875 0.646875 0.0015625 0.0020833333333333333
1 0.60078125 0.646875 0.0015625 0.0020833333333333333
1 0.46015625 0.6427083333333333 0.0015625 0.0020833333333333333
1 0.80078125 0.634375 0.0015625 0.0020833333333333333
1 0.68359375 0.634375 0.0046875 0.0020833333333333333
1 0.678125 0.634375 0.003125 0.0020833333333333333
1 0.64296875 0.634375 0.0078125 0.0020833333333333333
1 0.66328125 0.6302083333333334 0.0015625 0.0020833333333333333
1 0.6515625 0.628125 0.003125 0.0020833333333333333
1 0.68671875 0.6177083333333333 0.0015625 0.0020833333333333333
1 0.8640625 0.6114583333333333 0.003125 0.00625
1 0.8515625 0.6041666666666666 0.003125 0.004166666666666667
1 0.69921875 0.603125 0.0015625 0.0020833333333333333
1 0.6953125 0.603125 0.003125 0.0020833333333333333
1 0.88203125 0.5989583333333334 0.0046875 0.0020833333333333333
1 0.8703125 0.5979166666666667 0.003125 0.004166666666666667
1 0.74921875 0.5989583333333334 0.0046875 0.00625
1 0.72421875 0.5927083333333333 0.0015625 0.0020833333333333333
1 0.71328125 0.5927083333333333 0.0015625 0.0020833333333333333
1 0.48984375 0.5885416666666666 0.0015625 0.0020833333333333333
1 0.73046875 0.584375 0.0046875 0.0020833333333333333
1 0.859375 0.5916666666666667 0.01875 0.020833333333333332
1 0.74296875 0.5822916666666667 0.0015625 0.0020833333333333333
1 0.9890625 0.575 0.003125 0.004166666666666667
1 0.73984375 0.5739583333333333 0.0015625 0.0020833333333333333
1 0.7453125 0.571875 0.003125 0.0020833333333333333
1 0.50625 0.5729166666666666 0.003125 0.004166666666666667
1 0.996875 0.5708333333333333 0.00625 0.004166666666666667
1 0.5109375 0.5697916666666667 0.003125 0.0020833333333333333
1 0.52265625 0.5635416666666667 0.0015625 0.0020833333333333333
1 0.51953125 0.5614583333333333 0.0015625 0.0020833333333333333
1 0.51171875 0.5635416666666667 0.0046875 0.00625
1 0.76640625 0.559375 0.0015625 0.0020833333333333333
1 0.478125 0.565625 0.03125 0.01875
1 0.52421875 0.55625 0.0015625 0.004166666666666667
1 0.52109375 0.553125 0.0015625 0.0020833333333333333
1 0.95078125 0.5510416666666667 0.0015625 0.0020833333333333333
1 0.77109375 0.5510416666666667 0.0015625 0.0020833333333333333
1 0.76796875 0.5489583333333333 0.0015625 0.0020833333333333333
1 0.51171875 0.5489583333333333 0.0015625 0.0020833333333333333
1 0.546875 0.5364583333333334 0.003125 0.0020833333333333333
1 0.9890625 0.5333333333333333 0.003125 0.004166666666666667
1 0.80078125 0.515625 0.0015625 0.0020833333333333333
1 0.9953125 0.5135416666666667 0.00625 0.00625
1 0.99921875 0.50625 0.0015625 0.004166666666666667
1 0.99375 0.50625 0.00625 0.004166666666666667
1 0.96640625 0.5041666666666667 0.0015625 0.004166666666666667
1 0.94921875 0.5010416666666667 0.0015625 0.0020833333333333333
1 0.63984375 0.5010416666666667 0.0015625 0.0020833333333333333
1 0.93515625 0.4979166666666667 0.0046875 0.004166666666666667
1 0.81484375 0.4979166666666667 0.0015625 0.004166666666666667
1 0.39921875 0.496875 0.0015625 0.0020833333333333333
1 0.97265625 0.49375 0.0046875 0.004166666666666667
1 0.99921875 0.490625 0.0015625 0.0020833333333333333
1 0.5 0.7447916666666666 1.0 0.5104166666666666
1 0.36640625 0.4864583333333333 0.0015625 0.0020833333333333333
1 0.36328125 0.484375 0.0015625 0.0020833333333333333
1 0.36015625 0.4822916666666667 0.0015625 0.0020833333333333333
1 0.93203125 0.47708333333333336 0.0296875 0.020833333333333332
1 0.84140625 0.45729166666666665 0.0015625 0.0020833333333333333
1 0.84453125 0.4552083333333333 0.0015625 0.0020833333333333333
1 0.940625 0.4510416666666667 0.003125 0.0020833333333333333
1 0.91328125 0.453125 0.0015625 0.00625
1 0.98515625 0.44583333333333336 0.0046875 0.004166666666666667
1 0.9203125 0.4510416666666667 0.00625 0.014583333333333334
1 0.91171875 0.428125 0.0015625 0.0020833333333333333
1 0.99921875 0.41875 0.0015625 0.004166666666666667
1 0.99140625 0.4552083333333333 0.0171875 0.09375
1 0.62734375 0.403125 0.0015625 0.0020833333333333333
1 0.97421875 0.40208333333333335 0.0015625 0.004166666666666667
1 0.96328125 0.40208333333333335 0.0015625 0.004166666666666667
1 0.9234375 0.40208333333333335 0.003125 0.004166666666666667
1 0.59921875 0.4010416666666667 0.0015625 0.0020833333333333333
1 0.59296875 0.390625 0.0015625 0.0020833333333333333
1 0.9640625 0.38229166666666664 0.003125 0.0020833333333333333
1 0.35625 0.38125 0.003125 0.004166666666666667
1 0.35 0.37916666666666665 0.003125 0.004166666666666667
1 0.990625 0.3802083333333333 0.01875 0.014583333333333334
1 0.8640625 0.375 0.003125 0.0125
1 0.99921875 0.365625 0.0015625 0.0020833333333333333
1 0.8859375 0.3645833333333333 0.003125 0.004166666666666667
1 0.99765625 0.359375 0.0046875 0.0020833333333333333
1 0.9828125 0.35625 0.028125 0.0125
1 0.9640625 0.35104166666666664 0.003125 0.0020833333333333333
1 0.9875 0.34270833333333334 0.025 0.010416666666666666
1 0.97734375 0.33541666666666664 0.0046875 0.004166666666666667
1 0.27265625 0.3302083333333333 0.0015625 0.0020833333333333333
1 0.84140625 0.325 0.0015625 0.004166666666666667
1 0.2640625 0.325 0.003125 0.004166666666666667
1 0.84609375 0.321875 0.0015625 0.0020833333333333333
1 0.8703125 0.315625 0.003125 0.0020833333333333333
1 0.84140625 0.31354166666666666 0.0015625 0.0020833333333333333
1 0.8453125 0.3104166666666667 0.003125 0.004166666666666667
1 0.79765625 0.2916666666666667 0.0015625 0.004166666666666667
1 0.84140625 0.2875 0.0015625 0.004166666666666667
1 0.79921875 0.28229166666666666 0.0015625 0.0020833333333333333
1 0.52578125 0.23854166666666668 0.0015625 0.0020833333333333333
1 0.26015625 0.23229166666666667 0.0015625 0.0020833333333333333
1 0.5046875 0.22604166666666667 0.003125 0.0020833333333333333
1 0.9984375 0.20208333333333334 0.003125 0.004166666666666667
1 0.5359375 0.18645833333333334 0.0125 0.0020833333333333333
1 0.296875 0.18020833333333333 0.00625 0.0020833333333333333
1 0.53359375 0.178125 0.0078125 0.0020833333333333333
1 0.52578125 0.178125 0.0015625 0.0020833333333333333
1 0.45 0.17708333333333334 0.003125 0.004166666666666667
1 0.6921875 0.15104166666666666 0.003125 0.0020833333333333333
1 0.703125 0.146875 0.003125 0.0020833333333333333
1 0.69765625 0.14791666666666667 0.0046875 0.004166666666666667
1 0.84765625 0.14479166666666668 0.0015625 0.0020833333333333333
1 0.69375 0.14479166666666668 0.003125 0.0020833333333333333
1 0.73984375 0.13854166666666667 0.0046875 0.0020833333333333333
1 0.7203125 0.13854166666666667 0.00625 0.0020833333333333333
1 0.709375 0.13854166666666667 0.003125 0.0020833333333333333
1 0.80390625 0.10625 0.0078125 0.008333333333333333
1 0.9953125 0.06145833333333333 0.003125 0.0020833333333333333
1 0.02109375 0.05 0.0015625 0.004166666666666667
1 0.671875 0.03958333333333333 0.00625 0.004166666666666667
1 0.6734375 0.034375 0.003125 0.0020833333333333333
1 0.04765625 0.027083333333333334 0.0015625 0.004166666666666667
1 0.7125 0.026041666666666668 0.025 0.014583333333333334
1 0.16171875 0.019791666666666666 0.0015625 0.0020833333333333333
1 0.1625 0.015625 0.003125 0.0020833333333333333
1 0.52890625 0.010416666666666666 0.0015625 0.004166666666666667
1 0.95390625 0.0010416666666666667 0.0015625 0.0020833333333333333
1 0.71171875 0.010416666666666666 0.0234375 0.020833333333333332
1 0.67265625 0.005208333333333333 0.0046875 0.010416666666666666
1 0.60078125 0.0010416666666666667 0.0015625 0.0020833333333333333
1 0.53515625 0.003125 0.0109375 0.00625
1 0.5 0.425 1.0 0.85
