0 0.27421875 0.7260416666666667 0.0015625 0.0020833333333333333
0 0.38671875 0.6145833333333334 0.0046875 0.004166666666666667
0 0.3984375 0.6052083333333333 0.00625 0.010416666666666666
0 0.18671875 0.5989583333333334 0.0015625 0.0020833333333333333
0 0.41171875 0.5958333333333333 0.0046875 0.008333333333333333
0 0.41640625 0.5885416666666666 0.0015625 0.0020833333333333333
0 0.42734375 0.5760416666666667 0.0015625 0.0020833333333333333
0 0.18203125 0.5697916666666667 0.0015625 0.0020833333333333333
0 0.26484375 0.6770833333333334 0.0734375 0.225
0 0.1859375 0.56875 0.003125 0.008333333333333333
0 0.31796875 0.58125 0.0078125 0.0375
0 0.42890625 0.5708333333333333 0.0203125 0.020833333333333332
0 0.4421875 0.559375 0.003125 0.00625
0 0.45546875 0.546875 0.0015625 0.0020833333333333333
0 0.45234375 0.5479166666666667 0.0015625 0.004166666666666667
0 0.4484375 0.5395833333333333 0.003125 0.004166666666666667
0 0.1875 0.5385416666666667 0.003125 0.010416666666666666
0 0.21640625 0.5291666666666667 0.0015625 0.008333333333333333
0 0.34453125 0.49583333333333335 0.0046875 0.004166666666666667
0 0.58046875 0.478125 0.0015625 0.0020833333333333333
0 0.37265625 0.46979166666666666 0.0015625 0.0020833333333333333
0 0.2015625 0.4979166666666667 0.028125 0.058333333333333334
0 0.528125 0.47291666666666665 0.01875 0.0125
0 0.5046875 0.46875 0.003125 0.004166666666666667
0 0.47109375 0.4635416666666667 0.0046875 0.0020833333333333333
0 0.37890625 0.4635416666666667 0.0046875 0.0020833333333333333
0 0.20234375 0.4552083333333333 0.0015625 0.0020833333333333333
0 0.65546875 0.4552083333333333 0.0109375 0.00625
0 0.2078125 0.453125 0.009375 0.010416666666666666
0 0.5828125 0.4354166666666667 0.003125 0.004166666666666667
0 0.5546875 0.4375 0.0125 0.008333333333333333
0 0.74609375 0.43020833333333336 0.0015625 0.0020833333333333333
0 0.221875 0.4354166666666667 0.009375 0.016666666666666666
0 0.73515625 0.428125 0.0046875 0.00625
0 0.665625 0.44479166666666664 0.13125 0.04375
0 0.62421875 0.425 0.0015625 0.004166666666666667
0 0.7484375 0.42083333333333334 0.021875 0.016666666666666666
0 0.27265625 0.40520833333333334 0.0015625 0.00625
0 0.76640625 0.40729166666666666 0.0296875 0.014583333333333334
0 0.69921875 0.39895833333333336 0.0015625 0.0020833333333333333
0 0.47109375 0.396875 0.0015625 0.0020833333333333333
0 0.23828125 0.40208333333333335 0.0046875 0.0125
0 0.59296875 0.41041666666666665 0.0140625 0.04583333333333333
0 0.78828125 0.3927083333333333 0.0109375 0.014583333333333334
0 0.65078125 0.39479166666666665 0.0515625 0.03125
0 0.2515625 0.371875 0.003125 0.010416666666666666
0 0.240625 0.3645833333333333 0.003125 0.004166666666666667
0 0.2484375 0.35104166666666664 0.003125 0.00625
0 0.40390625 0.3458333333333333 0.0078125 0.008333333333333333
0 0.415625 0.33541666666666664 0.003125 0.004166666666666667
0 0.27734375 0.33229166666666665 0.0015625 0.0020833333333333333
0 0.31484375 0.31979166666666664 0.0015625 0.0020833333333333333
0 0.3125 0.31666666666666665 0.00625 0.008333333333333333
0 0.46484375 0.3072916666666667 0.0015625 0.0020833333333333333
0 0.43828125 0.303125 0.0015625 0.0020833333333333333
0 0.3265625 0.296875 0.00625 0.00625
0 0.5046875 0.2864583333333333 0.009375 0.00625
0 0.303125 0.28541666666666665 0.003125 0.004166666666666667
0 0.48046875 0.2791666666666667 0.0015625 0.004166666666666667
0 0.47734375 0.278125 0.0015625 0.00625
0 0.33984375 0.28125 0.0109375 0.0125
0 0.5078125 0.26875 0.015625 0.004166666666666667
0 0.35390625 0.26875 0.0140625 0.008333333333333333
0 0.37265625 0.24895833333333334 0.0015625 0.0020833333333333333
0 0.553125 0.2520833333333333 0.04375 0.029166666666666667
0 0.528125 0.23854166666666668 0.009375 0.010416666666666666
0 0.55234375 0.234375 0.0078125 0.00625
0 0.39453125 0.23125 0.0109375 0.004166666666666667
0 0.578125 0.22916666666666666 0.00625 0.008333333333333333
0 0.42890625 0.21770833333333334 0.0109375 0.00625
0 0.446875 0.20520833333333333 0.00625 0.00625
0 0.57734375 0.203125 0.0078125 0.00625
0 0.5578125 0.21041666666666667 0.015625 0.020833333333333332
0 0.471875 0.19791666666666666 0.00625 0.004166666666666667
0 0.51875 0.196875 0.0125 0.00625
0 0.49453125 0.18333333333333332 0.0109375 0.008333333333333333
0 0.5140625 0.18020833333333333 0.01875 0.00625
0 0.57578125 0.15520833333333334 0.0015625 0.0020833333333333333
0 0.5765625 0.184375 0.078125 0.07291666666666667
1 0.31875 0.8697916666666666 0.003125 0.0020833333333333333
1 0.3296875 0.8635416666666667 0.003125 0.0020833333333333333
1 0.34453125 0.8635416666666667 0.0046875 0.014583333333333334
1 0.28515625 0.8239583333333333 0.0015625 0.00625
1 0.32109375 0.8135416666666667 0.0015625 0.0020833333333333333
1 0.27890625 0.821875 0.0078125 0.022916666666666665
1 0.27734375 0.803125 0.0015625 0.0020833333333333333
1 0.31015625 0.825 0.0296875 0.05
1 0.3375 0.7979166666666667 0.003125 0.004166666666666667
1 0.28515625 0.796875 0.0015625 0.0020833333333333333
1 0.27421875 0.7927083333333333 0.0015625 0.0020833333333333333
1 0.290625 0.7895833333333333 0.003125 0.004166666666666667
1 0.27421875 0.7864583333333334 0.0015625 0.0020833333333333333
1 0.3234375 0.7833333333333333 0.003125 0.004166666666666667
1 0.27265625 0.7822916666666667 0.0015625 0.0020833333333333333
1 0.28125 0.7875 0.003125 0.020833333333333332
1 0.26875 0.775 0.003125 0.008333333333333333
1 0.346875 0.8166666666666667 0.015625 0.09583333333333334
1 0.35078125 0.7739583333333333 0.0015625 0.014583333333333334
1 0.33984375 0.765625 0.0015625 0.0020833333333333333
1 0.33515625 0.759375 0.0015625 0.0020833333333333333
1 0.26640625 0.7552083333333334 0.0015625 0.0020833333333333333
1 0.328125 0.7666666666666667 0.0125 0.029166666666666667
1 0.3484375 0.7395833333333334 0.00625 0.016666666666666666
1 0.33046875 0.740625 0.0078125 0.01875
1 0.340625 0.7302083333333333 0.003125 0.00625
1 0.32890625 0.7197916666666667 0.0015625 0.0020833333333333333
1 0.31171875 0.725 0.0078125 0.020833333333333332
1 0.32421875 0.71875 0.0078125 0.029166666666666667
1 0.26171875 0.7260416666666667 0.0140625 0.052083333333333336
1 0.25234375 0.6989583333333333 0.0015625 0.0020833333333333333
1 0.2390625 0.6989583333333333 0.003125 0.0020833333333333333
1 0.240625 0.69375 0.003125 0.004166666666666667
1 0.24453125 0.6854166666666667 0.0015625 0.004166666666666667
1 0.24140625 0.6822916666666666 0.0015625 0.0020833333333333333
1 0.3 0.6916666666666667 0.009375 0.04583333333333333
1 0.36015625 0.6802083333333333 0.0171875 0.03958333333333333
1 0.2921875 0.6625 0.003125 0.004166666666666667
1 0.2265625 0.6645833333333333 0.0125 0.008333333333333333
1 0.203125 0.6614583333333334 0.009375 0.014583333333333334
1 0.3734375 0.653125 0.003125 0.00625
1 0.296875 0.6520833333333333 0.003125 0.008333333333333333
1 0.21015625 0.6510416666666666 0.0078125 0.00625
1 0.20234375 0.6375 0.0015625 0.004166666666666667
1 0.390625 0.646875 0.01875 0.027083333333333334
1 0.1859375 0.625 0.003125 0.004166666666666667
1 0.396875 0.6197916666666666 0.003125 0.0020833333333333333
1 0.428125 0.621875 0.04375 0.022916666666666665
1 0.41953125 0.609375 0.0015625 0.0020833333333333333
1 0.17890625 0.609375 0.0015625 0.0020833333333333333
1 0.45078125 0.6010416666666667 0.0015625 0.0020833333333333333
1 0.41171875 0.6010416666666667 0.0015625 0.0020833333333333333
1 0.41953125 0.6 0.0046875 0.004166666666666667
1 0.42265625 0.5947916666666667 0.0015625 0.0020833333333333333
1 0.18828125 0.6114583333333333 0.0171875 0.04375
1 0.42890625 0.5875 0.0078125 0.0125
1 0.44140625 0.56875 0.0046875 0.004166666666666667
1 0.178125 0.575 0.003125 0.020833333333333332
1 0.459375 0.5770833333333333 0.03125 0.0375
1 0.490625 0.5541666666666667 0.01875 0.025
1 0.17734375 0.5416666666666666 0.0015625 0.004166666666666667
1 0.50859375 0.5333333333333333 0.0046875 0.004166666666666667
1 0.49140625 0.53125 0.0015625 0.004166666666666667
1 0.50703125 0.528125 0.0015625 0.0020833333333333333
1 0.49609375 0.5302083333333333 0.0046875 0.010416666666666666
1 0.51796875 0.525 0.0015625 0.004166666666666667
1 0.5046875 0.5177083333333333 0.009375 0.014583333333333334
1 0.18046875 0.51875 0.0046875 0.020833333333333332
1 0.62578125 0.49166666666666664 0.0015625 0.004166666666666667
1 0.3234375 0.4947916666666667 0.003125 0.010416666666666666
1 0.58359375 0.4895833333333333 0.0078125 0.008333333333333333
1 0.575 0.4864583333333333 0.003125 0.0020833333333333333
1 0.184375 0.490625 0.003125 0.01875
1 0.6375 0.50625 0.175 0.05416666666666667
1 0.60625 0.490625 0.0375 0.022916666666666665
1 0.5921875 0.48125 0.00625 0.004166666666666667
1 0.5984375 0.478125 0.003125 0.0020833333333333333
1 0.18828125 0.47708333333333336 0.0046875 0.008333333333333333
1 0.17734375 0.46979166666666666 0.0015625 0.0020833333333333333
1 0.33515625 0.46770833333333334 0.0015625 0.0020833333333333333
1 0.6953125 0.46458333333333335 0.00625 0.004166666666666667
1 0.65546875 0.46458333333333335 0.0109375 0.004166666666666667
1 0.75078125 0.459375 0.0015625 0.0020833333333333333
1 0.67265625 0.459375 0.0015625 0.0020833333333333333
1 0.70703125 0.459375 0.0078125 0.00625
1 0.17890625 0.453125 0.0015625 0.0020833333333333333
1 0.75 0.453125 0.003125 0.00625
1 0.728125 0.459375 0.034375 0.01875
1 0.72265625 0.4510416666666667 0.0046875 0.0020833333333333333
1 0.19375 0.459375 0.009375 0.022916666666666665
1 0.71875 0.4479166666666667 0.003125 0.004166666666666667
1 0.34609375 0.45 0.0046875 0.008333333333333333
1 0.728125 0.44583333333333336 0.009375 0.004166666666666667
1 0.18671875 0.44375 0.0015625 0.004166666666666667
1 0.1984375 0.44166666666666665 0.003125 0.004166666666666667
1 0.74140625 0.43854166666666666 0.0046875 0.00625
1 0.19609375 0.4354166666666667 0.0015625 0.004166666666666667
1 0.78046875 0.43125 0.0015625 0.004166666666666667
1 0.76015625 0.43020833333333336 0.0015625 0.0020833333333333333
1 0.753125 0.4322916666666667 0.00625 0.00625
1 0.35234375 0.43020833333333336 0.0046875 0.00625
1 0.79765625 0.42916666666666664 0.0046875 0.008333333333333333
1 0.76640625 0.4270833333333333 0.0078125 0.004166666666666667
1 0.2015625 0.42916666666666664 0.00625 0.016666666666666666
1 0.77578125 0.4197916666666667 0.0015625 0.0020833333333333333
1 0.7859375 0.41354166666666664 0.003125 0.0020833333333333333
1 0.7796875 0.41458333333333336 0.00625 0.004166666666666667
1 0.37734375 0.4166666666666667 0.0078125 0.008333333333333333
1 0.21015625 0.40520833333333334 0.0015625 0.0020833333333333333
1 0.7921875 0.40729166666666666 0.00625 0.010416666666666666
1 0.21328125 0.403125 0.0015625 0.0020833333333333333
1 0.19921875 0.4041666666666667 0.0015625 0.004166666666666667
1 0.8 0.4010416666666667 0.003125 0.0020833333333333333
1 0.20078125 0.39895833333333336 0.0015625 0.0020833333333333333
1 0.37421875 0.39479166666666665 0.0015625 0.0020833333333333333
1 0.80546875 0.39479166666666665 0.0046875 0.00625
1 0.396875 0.3958333333333333 0.00625 0.008333333333333333
1 0.22265625 0.390625 0.0015625 0.0020833333333333333
1 0.2015625 0.3885416666666667 0.003125 0.010416666666666666
1 0.38984375 0.384375 0.0046875 0.00625
1 0.8125 0.38333333333333336 0.003125 0.008333333333333333
1 0.22421875 0.3802083333333333 0.0015625 0.0020833333333333333
1 0.42734375 0.37604166666666666 0.0046875 0.0020833333333333333
1 0.81640625 0.37395833333333334 0.0015625 0.0020833333333333333
1 0.2265625 0.37395833333333334 0.003125 0.0020833333333333333
1 0.81796875 0.36875 0.0015625 0.004166666666666667
1 0.2296875 0.36875 0.003125 0.004166666666666667
1 0.21328125 0.3697916666666667 0.0078125 0.00625
1 0.81640625 0.3625 0.0015625 0.004166666666666667
1 0.4109375 0.35625 0.00625 0.004166666666666667
1 0.234375 0.3541666666666667 0.00625 0.004166666666666667
1 0.46640625 0.35104166666666664 0.0015625 0.0020833333333333333
1 0.45703125 0.3541666666666667 0.0140625 0.008333333333333333
1 0.81328125 0.346875 0.0015625 0.0020833333333333333
1 0.80859375 0.34375 0.0046875 0.004166666666666667
1 0.484375 0.34270833333333334 0.009375 0.00625
1 0.80234375 0.33958333333333335 0.0046875 0.004166666666666667
1 0.24453125 0.34270833333333334 0.0109375 0.014583333333333334
1 0.79921875 0.334375 0.0015625 0.0020833333333333333
1 0.50078125 0.33541666666666664 0.0140625 0.008333333333333333
1 0.4453125 0.33125 0.003125 0.004166666666666667
1 0.25546875 0.3302083333333333 0.0015625 0.0020833333333333333
1 0.7875 0.321875 0.00625 0.0020833333333333333
1 0.471875 0.31979166666666664 0.00625 0.0020833333333333333
1 0.76328125 0.31354166666666666 0.0015625 0.0020833333333333333
1 0.75703125 0.309375 0.0171875 0.00625
1 0.57421875 0.3072916666666667 0.0015625 0.0020833333333333333
1 0.64765625 0.30416666666666664 0.0171875 0.004166666666666667
1 0.7671875 0.30104166666666665 0.003125 0.0020833333333333333
1 0.61875 0.30520833333333336 0.0125 0.010416666666666666
1 0.60625 0.3020833333333333 0.00625 0.004166666666666667
1 0.496875 0.30833333333333335 0.00625 0.016666666666666666
1 0.30234375 0.303125 0.0046875 0.00625
1 0.771875 0.303125 0.009375 0.010416666666666666
1 0.61953125 0.2989583333333333 0.0015625 0.0020833333333333333
1 0.58828125 0.30833333333333335 0.0265625 0.020833333333333332
1 0.26171875 0.315625 0.0265625 0.03958333333333333
1 0.27421875 0.29270833333333335 0.0015625 0.0020833333333333333
1 0.31796875 0.2864583333333333 0.0015625 0.0020833333333333333
1 0.53046875 0.28541666666666665 0.0109375 0.004166666666666667
1 0.32265625 0.28229166666666666 0.0015625 0.0020833333333333333
1 0.33515625 0.2677083333333333 0.0046875 0.0020833333333333333
1 0.27890625 0.26875 0.0015625 0.004166666666666667
1 0.27578125 0.26875 0.0015625 0.004166666666666667
1 0.55 0.2947916666666667 0.05 0.06041666666666667
1 0.34140625 0.26145833333333335 0.0015625 0.0020833333333333333
1 0.56484375 0.259375 0.0078125 0.00625
1 0.57578125 0.2552083333333333 0.0015625 0.00625
1 0.35 0.24895833333333334 0.00625 0.00625
1 0.3 0.2677083333333333 0.05 0.04375
1 0.3265625 0.24166666666666667 0.009375 0.008333333333333333
1 0.309375 0.23645833333333333 0.003125 0.0020833333333333333
1 0.30234375 0.2375 0.0015625 0.004166666666666667
1 0.36015625 0.234375 0.0046875 0.0020833333333333333
1 0.30546875 0.234375 0.0015625 0.0020833333333333333
1 0.66328125 0.26666666666666666 0.1671875 0.08333333333333333
1 0.5953125 0.22604166666666667 0.009375 0.014583333333333334
1 0.37265625 0.21666666666666667 0.0015625 0.004166666666666667
1 0.36171875 0.21979166666666666 0.0171875 0.014583333333333334
1 0.37265625 0.209375 0.0015625 0.0020833333333333333
1 0.36953125 0.209375 0.0015625 0.0020833333333333333
1 0.34140625 0.22083333333333333 0.0203125 0.025
1 0.6234375 0.20729166666666668 0.003125 0.00625
1 0.38125 0.20416666666666666 0.003125 0.004166666666666667
1 0.37421875 0.20416666666666666 0.0046875 0.004166666666666667
1 0.40390625 0.20104166666666667 0.0015625 0.0020833333333333333
1 0.36484375 0.20520833333333333 0.0109375 0.010416666666666666
1 0.35859375 0.20104166666666667 0.0015625 0.0020833333333333333
1 0.61328125 0.20208333333333334 0.0046875 0.0125
1 0.62421875 0.184375 0.0015625 0.0020833333333333333
1 0.43828125 0.18229166666666666 0.0015625 0.0020833333333333333
1 0.62578125 0.18020833333333333 0.0015625 0.0020833333333333333
1 0.4078125 0.16875 0.009375 0.004166666666666667
1 0.465625 0.16770833333333332 0.015625 0.00625
1 0.4125 0.18333333333333332 0.075 0.0375
1 0.4890625 0.15416666666666667 0.021875 0.008333333333333333
1 0.4625 0.15104166666666666 0.025 0.010416666666666666
1 0.621875 0.15520833333333334 0.009375 0.022916666666666665
1 0.5765625 0.14479166666666668 0.00625 0.0020833333333333333
1 0.55703125 0.14791666666666667 0.0296875 0.008333333333333333
1 0.60625 0.13958333333333334 0.00625 0.004166666666666667
1 0.5875 0.13854166666666667 0.028125 0.00625
1 0.52890625 0.140625 0.0453125 0.010416666666666666
1 0.4984375 0.13645833333333332 0.003125 0.00625
1 0.4859375 0.134375 0.003125 0.0020833333333333333
