0 0.54921875 0.696875 0.0015625 0.0020833333333333333
0 0.52109375 0.6479166666666667 0.0015625 0.004166666666666667
0 0.48515625 0.5916666666666667 0.0078125 0.020833333333333332
0 0.47890625 0.5822916666666667 0.0015625 0.0020833333333333333
0 0.87421875 0.496875 0.0015625 0.0020833333333333333
0 0.87265625 0.49270833333333336 0.0015625 0.0020833333333333333
0 0.84375 0.4791666666666667 0.003125 0.004166666666666667
0 0.83984375 0.4635416666666667 0.0015625 0.0020833333333333333
0 0.83828125 0.453125 0.0015625 0.00625
0 0.83515625 0.44166666666666665 0.0015625 0.004166666666666667
0 0.5203125 0.6041666666666666 0.19375 0.3375
0 0.21015625 0.42604166666666665 0.0046875 0.0020833333333333333
0 0.19375 0.421875 0.00625 0.0020833333333333333
0 0.18828125 0.421875 0.0015625 0.0020833333333333333
0 0.13359375 0.421875 0.0015625 0.0020833333333333333
0 0.18359375 0.42083333333333334 0.0046875 0.004166666666666667
0 0.23515625 0.4125 0.0171875 0.0125
0 0.26328125 0.4010416666666667 0.0015625 0.0020833333333333333
0 0.80546875 0.396875 0.1171875 0.17708333333333334
0 0.7859375 0.30833333333333335 0.003125 0.004166666666666667
0 0.78046875 0.303125 0.0046875 0.0020833333333333333
0 0.59140625 0.265625 0.0015625 0.0020833333333333333
0 0.60234375 0.259375 0.0015625 0.0020833333333333333
0 0.671875 0.24895833333333334 0.003125 0.0020833333333333333
0 0.5671875 0.32083333333333336 0.20625 0.14583333333333334
0 0.6484375 0.24895833333333334 0.003125 0.0020833333333333333
0 0.62421875 0.24895833333333334 0.0015625 0.0020833333333333333
0 0.63828125 0.24270833333333333 0.0015625 0.0020833333333333333
0 0.64140625 0.240625 0.0015625 0.0020833333333333333
0 0.27265625 0.2833333333333333 0.3640625 0.275
0 0.44453125 0.09270833333333334 0.0171875 0.10208333333333333
1 0.72265625 0.696875 0.0046875 0.00625
1 0.71640625 0.725 0.0921875 0.1
1 0.74765625 0.6770833333333334 0.0046875 0.0125
1 0.671875 0.6697916666666667 0.009375 0.00625
1 0.64609375 0.6697916666666667 0.0078125 0.00625
1 0.6578125 0.6635416666666667 0.003125 0.0020833333333333333
1 0.64375 0.6572916666666667 0.00625 0.00625
1 0.634375 0.6479166666666667 0.003125 0.004166666666666667
1 0.62890625 0.6427083333333333 0.0015625 0.0020833333333333333
1 0.76171875 0.6375 0.0046875 0.004166666666666667
1 0.76796875 0.6520833333333333 0.0296875 0.0375
1 0.75625 0.634375 0.003125 0.0020833333333333333
1 0.75234375 0.634375 0.0015625 0.0020833333333333333
1 0.7734375 0.6291666666666667 0.003125 0.004166666666666667
1 0.76953125 0.628125 0.0015625 0.0020833333333333333
1 0.77109375 0.6239583333333333 0.0015625 0.0020833333333333333
1 0.76171875 0.6114583333333333 0.0015625 0.0020833333333333333
1 0.7734375 0.6145833333333334 0.003125 0.0125
1 0.78515625 0.6208333333333333 0.0046875 0.03333333333333333
1 0.78515625 0.6010416666666667 0.0015625 0.0020833333333333333
1 0.77265625 0.6010416666666667 0.0015625 0.0020833333333333333
1 0.76328125 0.6020833333333333 0.0046875 0.004166666666666667
1 0.78125 0.5885416666666666 0.003125 0.0020833333333333333
1 0.76796875 0.5885416666666666 0.0015625 0.0020833333333333333
1 0.89609375 0.4708333333333333 0.0046875 0.008333333333333333
1 0.51953125 0.46875 0.0015625 0.004166666666666667
1 0.56328125 0.5333333333333333 0.1234375 0.21666666666666667
1 0.90234375 0.46458333333333335 0.0171875 0.09583333333333334
1 0.43203125 0.41770833333333335 0.0015625 0.0020833333333333333
1 0.45703125 0.41354166666666664 0.0015625 0.0020833333333333333
1 0.46015625 0.4114583333333333 0.0015625 0.0020833333333333333
1 0.43515625 0.4114583333333333 0.0015625 0.0020833333333333333
1 0.8984375 0.4270833333333333 0.003125 0.0375
1 0.86171875 0.409375 0.0015625 0.0020833333333333333
1 0.46171875 0.40729166666666666 0.0015625 0.0020833333333333333
1 0.46640625 0.4125 0.0078125 0.016666666666666666
1 0.44921875 0.40520833333333334 0.0015625 0.0020833333333333333
1 0.4390625 0.40625 0.003125 0.004166666666666667
1 0.58515625 0.403125 0.0046875 0.0020833333333333333
1 0.52734375 0.41354166666666664 0.1046875 0.022916666666666665
1 0.44453125 0.403125 0.0046875 0.0020833333333333333
1 0.46171875 0.4010416666666667 0.0015625 0.0020833333333333333
1 0.346875 0.39895833333333336 0.003125 0.0020833333333333333
1 0.3734375 0.38645833333333335 0.003125 0.00625
1 0.428125 0.36875 0.00625 0.004166666666666667
1 0.63125 0.3802083333333333 0.0875 0.03958333333333333
1 0.69765625 0.3572916666666667 0.0015625 0.0020833333333333333
1 0.690625 0.3572916666666667 0.003125 0.0020833333333333333
1 0.68671875 0.3572916666666667 0.0015625 0.0020833333333333333
1 0.7296875 0.35208333333333336 0.00625 0.004166666666666667
1 0.70234375 0.3489583333333333 0.0015625 0.0020833333333333333
1 0.4765625 0.33645833333333336 0.003125 0.0020833333333333333
1 0.48046875 0.328125 0.0078125 0.010416666666666666
1 0.91328125 0.315625 0.0015625 0.0020833333333333333
1 0.48828125 0.315625 0.0015625 0.0020833333333333333
1 0.4953125 0.3104166666666667 0.009375 0.0125
1 0.87109375 0.3072916666666667 0.0109375 0.01875
1 0.49765625 0.2947916666666667 0.0046875 0.010416666666666666
1 0.8859375 0.26458333333333334 0.003125 0.004166666666666667
1 0.79921875 0.234375 0.0015625 0.0020833333333333333
1 0.84375 0.32395833333333335 0.14375 0.18125
1 0.81171875 0.23229166666666667 0.0015625 0.0020833333333333333
1 0.77578125 0.23333333333333334 0.0046875 0.004166666666666667
1 0.41953125 0.029166666666666667 0.0015625 0.004166666666666667
1 0.45703125 0.019791666666666666 0.0015625 0.0020833333333333333
1 0.45546875 0.015625 0.0015625 0.0020833333333333333
1 0.4515625 0.015625 0.003125 0.0020833333333333333
1 0.49453125 0.13645833333333332 0.0703125 0.2604166666666667
