0 0.771875 0.7625 0.003125 0.008333333333333333
0 0.77421875 0.7520833333333333 0.0015625 0.004166666666666667
0 0.33984375 0.6625 0.0015625 0.004166666666666667
0 0.33828125 0.6552083333333333 0.0015625 0.0020833333333333333
0 0.33671875 0.65 0.0015625 0.004166666666666667
0 0.3359375 0.640625 0.003125 0.010416666666666666
0 0.33515625 0.6322916666666667 0.0015625 0.0020833333333333333
0 0.33515625 0.6260416666666667 0.0015625 0.0020833333333333333
0 0.33359375 0.6208333333333333 0.0015625 0.004166666666666667
0 0.33359375 0.6104166666666667 0.0015625 0.008333333333333333
0 0.33203125 0.5947916666666667 0.0015625 0.010416666666666666
0 0.30078125 0.5489583333333333 0.0015625 0.00625
0 0.32890625 0.4739583333333333 0.0015625 0.0020833333333333333
0 0.43359375 0.4822916666666667 0.2484375 0.23125
0 0.51484375 0.36354166666666665 0.0015625 0.0020833333333333333
0 0.51171875 0.36354166666666665 0.0015625 0.0020833333333333333
0 0.52734375 0.3614583333333333 0.0078125 0.0020833333333333333
0 0.53671875 0.359375 0.0015625 0.0020833333333333333
0 0.53359375 0.359375 0.0015625 0.0020833333333333333
0 0.7515625 0.5291666666666667 0.203125 0.4166666666666667
0 0.66328125 0.321875 0.0015625 0.0020833333333333333
1 0.78671875 0.715625 0.0015625 0.0020833333333333333
1 0.81328125 0.696875 0.0015625 0.0020833333333333333
1 0.8171875 0.665625 0.003125 0.0020833333333333333
1 0.38515625 0.6302083333333334 0.0328125 0.13958333333333334
1 0.41484375 0.5520833333333334 0.0203125 0.029166666666666667
1 0.4171875 0.5322916666666667 0.003125 0.0020833333333333333
1 0.425 0.5322916666666667 0.003125 0.00625
1 0.43984375 0.5229166666666667 0.0203125 0.020833333333333332
1 0.42890625 0.47604166666666664 0.0046875 0.00625
1 0.44765625 0.46458333333333335 0.0046875 0.004166666666666667
1 0.571875 0.4552083333333333 0.00625 0.00625
1 0.6328125 0.3854166666666667 0.003125 0.004166666666666667
1 0.6234375 0.384375 0.003125 0.014583333333333334
1 0.62421875 0.3729166666666667 0.0015625 0.004166666666666667
1 0.63046875 0.3729166666666667 0.0078125 0.0125
1 0.62109375 0.36770833333333336 0.0015625 0.0020833333333333333
1 0.62421875 0.3645833333333333 0.0015625 0.004166666666666667
1 0.59921875 0.36354166666666665 0.0015625 0.0020833333333333333
1 0.6109375 0.365625 0.015625 0.010416666666666666
1 0.79609375 0.33541666666666664 0.0046875 0.004166666666666667
1 0.771875 0.334375 0.009375 0.00625
1 0.7546875 0.321875 0.040625 0.014583333333333334
1 0.8234375 0.036458333333333336 0.003125 0.0020833333333333333
1 0.83515625 0.03229166666666667 0.0203125 0.0020833333333333333
1 0.86328125 0.028125 0.0015625 0.0020833333333333333
1 0.7921875 0.028125 0.003125 0.0020833333333333333
1 0.8703125 0.027083333333333334 0.009375 0.004166666666666667
1 0.83515625 0.025 0.0203125 0.008333333333333333
1 0.80078125 0.021875 0.0015625 0.0020833333333333333
1 0.79765625 0.021875 0.0015625 0.0020833333333333333
1 0.88671875 0.015625 0.0015625 0.0020833333333333333
1 0.89140625 0.009375 0.0015625 0.0020833333333333333
1 0.67578125 0.007291666666666667 0.0015625 0.0020833333333333333
1 0.8625 0.010416666666666666 0.025 0.016666666666666666
1 0.77578125 0.003125 0.0015625 0.0020833333333333333
1 0.73671875 0.0010416666666666667 0.0015625 0.0020833333333333333
1 0.58203125 0.03125 0.5609375 0.0625
1 0.2859375 0.0010416666666666667 0.003125 0.0020833333333333333
