0 0.36015625 0.7739583333333333 0.0015625 0.0020833333333333333
0 0.59453125 0.7229166666666667 0.0046875 0.008333333333333333
0 0.5765625 0.6927083333333334 0.021875 0.04791666666666667
0 0.5828125 0.665625 0.003125 0.0020833333333333333
0 0.22265625 0.6239583333333333 0.0078125 0.0020833333333333333
0 0.47109375 0.584375 0.0015625 0.0020833333333333333
0 0.40546875 0.403125 0.0015625 0.0020833333333333333
0 0.47109375 0.234375 0.0015625 0.0020833333333333333
0 0.475 0.23020833333333332 0.00625 0.0020833333333333333
0 0.39375 0.490625 0.475 0.5645833333333333
1 0.97421875 0.9989583333333333 0.0015625 0.0020833333333333333
1 0.703125 0.9989583333333333 0.003125 0.0020833333333333333
1 0.52734375 0.9989583333333333 0.0265625 0.0020833333333333333
1 0.51171875 0.9989583333333333 0.0015625 0.0020833333333333333
1 0.91328125 0.996875 0.0015625 0.0020833333333333333
1 0.91015625 0.996875 0.0015625 0.0020833333333333333
1 0.90703125 0.996875 0.0015625 0.0020833333333333333
1 0.90390625 0.996875 0.0015625 0.0020833333333333333
1 0.90078125 0.996875 0.0015625 0.0020833333333333333
1 0.88515625 0.996875 0.0015625 0.0020833333333333333
1 0.88203125 0.996875 0.0015625 0.0020833333333333333
1 0.78359375 0.9979166666666667 0.0046875 0.004166666666666667
1 0.77890625 0.996875 0.0015625 0.0020833333333333333
1 0.77578125 0.9979166666666667 0.0015625 0.004166666666666667
1 0.61484375 0.996875 0.0015625 0.0020833333333333333
1 0.6046875 0.996875 0.009375 0.0020833333333333333
1 0.96328125 0.9947916666666666 0.0015625 0.0020833333333333333
1 0.92265625 0.9958333333333333 0.0015625 0.004166666666666667
1 0.91953125 0.9958333333333333 0.0015625 0.004166666666666667
1 0.91640625 0.9958333333333333 0.0015625 0.004166666666666667
1 0.89765625 0.9958333333333333 0.0015625 0.004166666666666667
1 0.89453125 0.9958333333333333 0.0015625 0.004166666666666667
1 0.89140625 0.9958333333333333 0.0015625 0.004166666666666667
1 0.88828125 0.9958333333333333 0.0015625 0.004166666666666667
1 0.87890625 0.9958333333333333 0.0015625 0.004166666666666667
1 0.87578125 0.9958333333333333 0.0015625 0.004166666666666667
1 0.87109375 0.9947916666666666 0.0015625 0.0020833333333333333
1 0.86796875 0.9947916666666666 0.0015625 0.0020833333333333333
1 0.86484375 0.9947916666666666 0.0015625 0.0020833333333333333
1 0.86171875 0.9947916666666666 0.0015625 0.0020833333333333333
1 0.85859375 0.9947916666666666 0.0015625 0.0020833333333333333
1 0.73671875 0.9958333333333333 0.0265625 0.004166666666666667
1 0.71015625 0.9947916666666666 0.0015625 0.0020833333333333333
1 0.69609375 0.9947916666666666 0.0171875 0.0020833333333333333
1 0.68125 0.9947916666666666 0.003125 0.0020833333333333333
1 0.85234375 0.99375 0.0078125 0.004166666666666667
1 0.8015625 0.9927083333333333 0.071875 0.0020833333333333333
1 0.89296875 0.990625 0.0359375 0.0020833333333333333
1 0.93671875 0.9885416666666667 0.0234375 0.0020833333333333333
1 0.96953125 0.9864583333333333 0.0140625 0.0020833333333333333
1 0.99609375 0.984375 0.0078125 0.0020833333333333333
1 0.98671875 0.984375 0.0015625 0.0020833333333333333
1 0.37421875 0.7739583333333333 0.0015625 0.0020833333333333333
1 0.5734375 0.7520833333333333 0.003125 0.004166666666666667
1 0.43671875 0.7489583333333333 0.0015625 0.0020833333333333333
1 0.5640625 0.7447916666666666 0.003125 0.0020833333333333333
1 0.49453125 0.734375 0.0015625 0.0020833333333333333
1 0.64140625 0.7239583333333334 0.0015625 0.0020833333333333333
1 0.63828125 0.7239583333333334 0.0015625 0.0020833333333333333
1 0.63203125 0.7239583333333334 0.0015625 0.0020833333333333333
1 0.73359375 0.71875 0.0015625 0.004166666666666667
1 0.50546875 0.7333333333333333 0.1140625 0.03333333333333333
1 0.3 0.7197916666666667 0.015625 0.00625
1 0.31015625 0.715625 0.0015625 0.0020833333333333333
1 0.55546875 0.7104166666666667 0.0015625 0.004166666666666667
1 0.64296875 0.7145833333333333 0.0171875 0.016666666666666666
1 0.33359375 0.7072916666666667 0.0046875 0.010416666666666666
1 0.64765625 0.6979166666666666 0.0015625 0.004166666666666667
1 0.703125 0.6645833333333333 0.003125 0.004166666666666667
1 0.73359375 0.6322916666666667 0.0015625 0.0020833333333333333
1 0.728125 0.63125 0.003125 0.004166666666666667
1 0.81328125 0.615625 0.0015625 0.0020833333333333333
1 0.75859375 0.5979166666666667 0.0015625 0.004166666666666667
1 0.82578125 0.5802083333333333 0.0015625 0.00625
1 0.76875 0.5885416666666666 0.0125 0.022916666666666665
1 0.84296875 0.48125 0.0046875 0.004166666666666667
1 0.7984375 0.43645833333333334 0.003125 0.00625
1 0.8390625 0.396875 0.003125 0.00625
1 0.83671875 0.38645833333333335 0.0015625 0.00625
1 0.834375 0.37395833333333334 0.00625 0.010416666666666666
1 0.44921875 0.265625 0.0015625 0.00625
1 0.81328125 0.25625 0.0015625 0.004166666666666667
1 0.640625 0.24166666666666667 0.00625 0.004166666666666667
1 0.7359375 0.23958333333333334 0.003125 0.004166666666666667
1 0.76484375 0.23541666666666666 0.0046875 0.004166666666666667
1 0.640625 0.234375 0.003125 0.0020833333333333333
1 0.68828125 0.23229166666666667 0.0015625 0.0020833333333333333
1 0.45546875 0.23229166666666667 0.0015625 0.0020833333333333333
1 0.67578125 0.23125 0.0015625 0.004166666666666667
1 0.45078125 0.23020833333333332 0.0015625 0.0020833333333333333
1 0.7171875 0.49270833333333336 0.25625 0.5354166666666667
1 0.45703125 0.22395833333333334 0.0015625 0.0020833333333333333
1 0.45390625 0.221875 0.0015625 0.0020833333333333333
1 0.46328125 0.21979166666666666 0.0015625 0.0020833333333333333
1 0.459375 0.21979166666666666 0.003125 0.0020833333333333333
1 0.6984375 0.21770833333333334 0.003125 0.0020833333333333333
1 0.96171875 0.008333333333333333 0.0078125 0.016666666666666666
1 0.95078125 0.004166666666666667 0.0015625 0.008333333333333333
1 0.75859375 0.0020833333333333333 0.0015625 0.004166666666666667
