0 0.51484375 0.9166666666666666 0.0265625 0.0125
0 0.47734375 0.9020833333333333 0.0015625 0.004166666666666667
0 0.4609375 0.8979166666666667 0.0125 0.020833333333333332
0 0.52734375 0.8645833333333334 0.0015625 0.004166666666666667
0 0.503125 0.8302083333333333 0.00625 0.0020833333333333333
0 0.61953125 0.8239583333333333 0.0015625 0.0020833333333333333
0 0.49453125 0.821875 0.0109375 0.010416666666666666
0 0.50078125 0.815625 0.0015625 0.0020833333333333333
0 0.47734375 0.8010416666666667 0.0015625 0.0020833333333333333
0 0.4734375 0.7979166666666667 0.003125 0.004166666666666667
0 0.4515625 0.7979166666666667 0.003125 0.004166666666666667
0 0.69140625 0.7958333333333333 0.0015625 0.004166666666666667
0 0.69296875 0.790625 0.0015625 0.0020833333333333333
0 0.68203125 0.7989583333333333 0.0171875 0.01875
0 0.4625 0.7885416666666667 0.009375 0.00625
0 0.7125 0.778125 0.009375 0.010416666666666666
0 0.44609375 0.778125 0.0171875 0.010416666666666666
0 0.725 0.76875 0.003125 0.004166666666666667
0 0.78828125 0.7510416666666667 0.0078125 0.010416666666666666
0 0.72734375 0.75 0.0046875 0.008333333333333333
0 0.27734375 0.75 0.0046875 0.008333333333333333
0 0.2703125 0.7395833333333334 0.003125 0.004166666666666667
0 0.77265625 0.740625 0.0078125 0.010416666666666666
0 0.80078125 0.7364583333333333 0.0109375 0.00625
0 0.39609375 0.7322916666666667 0.0015625 0.0020833333333333333
0 0.26484375 0.7302083333333333 0.0015625 0.0020833333333333333
0 0.27109375 0.7260416666666667 0.0015625 0.0020833333333333333
0 0.82109375 0.7197916666666667 0.0015625 0.0020833333333333333
0 0.83046875 0.715625 0.0015625 0.0020833333333333333
0 0.82421875 0.715625 0.0015625 0.0020833333333333333
0 0.82109375 0.715625 0.0015625 0.0020833333333333333
0 0.81796875 0.715625 0.0015625 0.0020833333333333333
0 0.26640625 0.7166666666666667 0.0078125 0.0125
0 0.37109375 0.7114583333333333 0.0046875 0.00625
0 0.7640625 0.7041666666666667 0.003125 0.004166666666666667
0 0.26015625 0.703125 0.0015625 0.0020833333333333333
0 0.87109375 0.7479166666666667 0.1578125 0.09583333333333334
0 0.55234375 0.6979166666666666 0.0015625 0.004166666666666667
0 0.74765625 0.6885416666666667 0.0015625 0.0020833333333333333
0 0.5609375 0.6864583333333333 0.00625 0.010416666666666666
0 0.23984375 0.6739583333333333 0.0015625 0.0020833333333333333
0 0.7515625 0.6708333333333333 0.003125 0.008333333333333333
0 0.23203125 0.6385416666666667 0.0015625 0.0020833333333333333
0 0.596875 0.6354166666666666 0.003125 0.008333333333333333
0 0.60078125 0.628125 0.0015625 0.0020833333333333333
0 0.63125 0.6322916666666667 0.0125 0.014583333333333334
0 0.65859375 0.6197916666666666 0.0171875 0.010416666666666666
0 0.56328125 0.6114583333333333 0.0015625 0.0020833333333333333
0 0.6984375 0.6104166666666667 0.003125 0.004166666666666667
0 0.6328125 0.603125 0.003125 0.0020833333333333333
0 0.684375 0.6010416666666667 0.003125 0.0020833333333333333
0 0.29609375 0.5989583333333334 0.0015625 0.0020833333333333333
0 0.23359375 0.5927083333333333 0.0015625 0.0020833333333333333
0 0.49765625 0.590625 0.0015625 0.0020833333333333333
0 0.23515625 0.5864583333333333 0.0015625 0.0020833333333333333
0 0.67265625 0.584375 0.0015625 0.0020833333333333333
0 0.24453125 0.5822916666666667 0.0015625 0.0020833333333333333
0 0.23671875 0.5822916666666667 0.0015625 0.0020833333333333333
0 0.67265625 0.5802083333333333 0.0015625 0.0020833333333333333
0 0.2875 0.5802083333333333 0.003125 0.0020833333333333333
0 0.2453125 0.5770833333333333 0.003125 0.004166666666666667
0 0.68671875 0.571875 0.0015625 0.0020833333333333333
0 0.665625 0.5697916666666667 0.00625 0.00625
0 0.575 0.584375 0.025 0.035416666666666666
0 0.56171875 0.5677083333333334 0.0015625 0.0020833333333333333
0 0.55390625 0.559375 0.0078125 0.014583333333333334
0 0.43828125 0.5385416666666667 0.0046875 0.010416666666666666
0 0.771875 0.5208333333333334 0.003125 0.008333333333333333
0 0.76796875 0.5135416666666667 0.0015625 0.0020833333333333333
0 0.78671875 0.521875 0.0140625 0.022916666666666665
0 0.77578125 0.503125 0.0015625 0.0020833333333333333
0 0.65078125 0.453125 0.0015625 0.0020833333333333333
0 0.52421875 0.4322916666666667 0.0046875 0.00625
0 0.73671875 0.509375 0.0734375 0.20208333333333334
0 0.42578125 0.40520833333333334 0.0015625 0.00625
0 0.5984375 0.40208333333333335 0.003125 0.004166666666666667
0 0.64765625 0.39895833333333336 0.0046875 0.00625
0 0.646875 0.46875 0.09375 0.19583333333333333
0 0.73515625 0.36354166666666665 0.0015625 0.0020833333333333333
0 0.22734375 0.3489583333333333 0.0046875 0.00625
0 0.528125 0.334375 0.003125 0.0020833333333333333
0 0.36953125 0.33541666666666664 0.0015625 0.004166666666666667
0 0.22578125 0.33229166666666665 0.0015625 0.0020833333333333333
0 0.37109375 0.3260416666666667 0.0015625 0.0020833333333333333
0 0.42265625 0.321875 0.0015625 0.0020833333333333333
0 0.2125 0.321875 0.009375 0.010416666666666666
0 0.37578125 0.309375 0.0015625 0.0020833333333333333
0 0.37890625 0.303125 0.0015625 0.0020833333333333333
0 0.38671875 0.290625 0.0046875 0.00625
0 0.52421875 0.2635416666666667 0.0015625 0.0020833333333333333
0 0.42890625 0.246875 0.0015625 0.0020833333333333333
0 0.4453125 0.55625 0.6125 0.6875
0 0.45078125 0.20729166666666668 0.0015625 0.0020833333333333333
0 0.546875 0.22604166666666667 0.040625 0.04791666666666667
0 0.4734375 0.19791666666666666 0.003125 0.004166666666666667
0 0.45234375 0.190625 0.0140625 0.027083333333333334
1 0.03046875 0.19895833333333332 0.0015625 0.0020833333333333333
1 0.02734375 0.19895833333333332 0.0015625 0.0020833333333333333
1 0.24609375 0.134375 0.0015625 0.0020833333333333333
1 0.24296875 0.134375 0.0015625 0.0020833333333333333
1 0.23984375 0.134375 0.0015625 0.0020833333333333333
1 0.23671875 0.134375 0.0015625 0.0020833333333333333
1 0.23359375 0.134375 0.0015625 0.0020833333333333333
1 0.23046875 0.134375 0.0015625 0.0020833333333333333
1 0.2265625 0.134375 0.003125 0.0020833333333333333
1 0.0125 0.11666666666666667 0.025 0.03333333333333333
1 0.40390625 0.059375 0.0015625 0.0020833333333333333
1 0.41796875 0.04479166666666667 0.0015625 0.0020833333333333333
1 0.41953125 0.036458333333333336 0.0015625 0.0020833333333333333
1 0.41328125 0.034375 0.0015625 0.0020833333333333333
1 0.0015625 0.03229166666666667 0.003125 0.0020833333333333333
1 0.48828125 0.017708333333333333 0.0265625 0.010416666666666666
1 0.51484375 0.015625 0.0203125 0.010416666666666666
1 0.52109375 0.010416666666666666 0.0078125 0.004166666666666667
1 0.49296875 0.009375 0.0015625 0.0020833333333333333
1 0.48515625 0.009375 0.0046875 0.0020833333333333333
1 0.4609375 0.010416666666666666 0.015625 0.004166666666666667
1 0.5 0.5 1.0 1.0
1 0.015625 0.016666666666666666 0.01875 0.03333333333333333
1 0.00234375 0.0020833333333333333 0.0046875 0.004166666666666667
