0 0.72265625 0.9364583333333333 0.0015625 0.0020833333333333333
0 0.7421875 0.9322916666666666 0.003125 0.0020833333333333333
0 0.74765625 0.809375 0.0015625 0.0020833333333333333
0 0.73984375 0.8010416666666667 0.0015625 0.0020833333333333333
0 0.7 0.85 0.2 0.21666666666666667
0 0.57265625 0.7416666666666667 0.0046875 0.004166666666666667
0 0.59375 0.7302083333333333 0.003125 0.0020833333333333333
0 0.59609375 0.7260416666666667 0.0015625 0.0020833333333333333
0 0.59375 0.70625 0.065625 0.0625
0 0.52734375 0.6447916666666667 0.0015625 0.0020833333333333333
0 0.55625 0.6354166666666666 0.0125 0.020833333333333332
0 0.55546875 0.6239583333333333 0.0015625 0.0020833333333333333
0 0.4875 0.5802083333333333 0.003125 0.0020833333333333333
0 0.478125 0.5833333333333334 0.00625 0.008333333333333333
0 0.48671875 0.5760416666666667 0.0015625 0.0020833333333333333
0 0.48984375 0.575 0.0015625 0.004166666666666667
0 0.54765625 0.590625 0.0328125 0.04375
0 0.49609375 0.571875 0.0078125 0.010416666666666666
0 0.5765625 0.5625 0.0125 0.0375
0 0.5046875 0.4895833333333333 0.071875 0.125
0 0.4921875 0.41354166666666664 0.015625 0.014583333333333334
0 0.53046875 0.321875 0.0234375 0.022916666666666665
0 0.5875 0.33541666666666664 0.0375 0.0625
0 0.46796875 0.3385416666666667 0.0484375 0.07708333333333334
0 0.5984375 0.2989583333333333 0.003125 0.00625
0 0.52109375 0.2916666666666667 0.0015625 0.008333333333333333
0 0.4453125 0.18645833333333334 0.00625 0.00625
0 0.50390625 0.103125 0.0015625 0.0020833333333333333
1 0.72890625 0.996875 0.0046875 0.00625
1 0.72109375 0.9947916666666666 0.0109375 0.0020833333333333333
1 0.7796875 0.9958333333333333 0.04375 0.008333333333333333
1 0.77265625 0.9802083333333333 0.0046875 0.0020833333333333333
1 0.7859375 0.9802083333333333 0.015625 0.00625
1 0.79375 0.9708333333333333 0.009375 0.008333333333333333
1 0.92734375 0.965625 0.0015625 0.00625
1 0.28046875 0.959375 0.0015625 0.0020833333333333333
1 0.26015625 0.959375 0.0046875 0.0020833333333333333
1 0.93515625 0.9552083333333333 0.0015625 0.0020833333333333333
1 0.92890625 0.9552083333333333 0.0015625 0.0020833333333333333
1 0.23359375 0.9552083333333333 0.0046875 0.0020833333333333333
1 0.28515625 0.9541666666666667 0.0046875 0.004166666666666667
1 0.2359375 0.9510416666666667 0.003125 0.0020833333333333333
1 0.93046875 0.9479166666666666 0.0015625 0.008333333333333333
1 0.24765625 0.94375 0.0046875 0.004166666666666667
1 0.93203125 0.940625 0.0015625 0.0020833333333333333
1 0.27109375 0.9447916666666667 0.0140625 0.010416666666666666
1 0.22578125 0.9395833333333333 0.0015625 0.004166666666666667
1 0.9453125 0.9385416666666667 0.003125 0.010416666666666666
1 0.93828125 0.9416666666666667 0.0046875 0.016666666666666666
1 0.24921875 0.9322916666666666 0.0015625 0.0020833333333333333
1 0.27265625 0.9333333333333333 0.0109375 0.008333333333333333
1 0.25625 0.9333333333333333 0.00625 0.008333333333333333
1 0.9421875 0.9229166666666667 0.003125 0.004166666666666667
1 0.934375 0.925 0.003125 0.0125
1 0.2671875 0.9177083333333333 0.003125 0.0020833333333333333
1 0.2203125 0.9166666666666666 0.003125 0.004166666666666667
1 0.93671875 0.9145833333333333 0.0015625 0.004166666666666667
1 0.30390625 0.915625 0.0078125 0.010416666666666666
1 0.3828125 0.90625 0.003125 0.004166666666666667
1 0.24921875 0.90625 0.0015625 0.004166666666666667
1 0.9390625 0.9010416666666666 0.003125 0.00625
1 0.43046875 0.8989583333333333 0.0015625 0.0020833333333333333
1 0.38828125 0.9 0.0015625 0.004166666666666667
1 0.31640625 0.9 0.0046875 0.004166666666666667
1 0.30234375 0.9010416666666666 0.0046875 0.00625
1 0.29140625 0.8979166666666667 0.0046875 0.004166666666666667
1 0.4546875 0.9291666666666667 0.040625 0.075
1 0.35703125 0.8958333333333334 0.0078125 0.0125
1 0.2515625 0.8895833333333333 0.003125 0.004166666666666667
1 0.25 0.9427083333333334 0.5 0.11458333333333333
1 0.940625 0.8895833333333333 0.003125 0.0125
1 0.3171875 0.8875 0.003125 0.008333333333333333
1 0.4046875 0.90625 0.040625 0.05416666666666667
1 0.29375 0.8822916666666667 0.003125 0.010416666666666666
1 0.3109375 0.8791666666666667 0.00625 0.008333333333333333
1 0.3484375 0.8770833333333333 0.003125 0.008333333333333333
1 0.1171875 0.8802083333333334 0.009375 0.014583333333333334
1 0.12890625 0.8739583333333333 0.0078125 0.00625
1 0.1140625 0.86875 0.00625 0.004166666666666667
1 0.42265625 0.8739583333333333 0.0265625 0.01875
1 0.34140625 0.8635416666666667 0.0015625 0.0020833333333333333
1 0.32734375 0.8645833333333334 0.0046875 0.004166666666666667
1 0.41328125 0.8614583333333333 0.0015625 0.0020833333333333333
1 0.265625 0.8614583333333333 0.003125 0.0020833333333333333
1 0.29609375 0.8552083333333333 0.0046875 0.0020833333333333333
1 0.2703125 0.85625 0.003125 0.004166666666666667
1 0.40546875 0.8541666666666666 0.0015625 0.004166666666666667
1 0.40078125 0.8510416666666667 0.0015625 0.0020833333333333333
1 0.3765625 0.8520833333333333 0.003125 0.004166666666666667
1 0.0765625 0.8583333333333333 0.04375 0.025
1 0.94453125 0.8427083333333333 0.0015625 0.0020833333333333333
1 0.346875 0.846875 0.00625 0.010416666666666666
1 0.446875 0.8395833333333333 0.003125 0.004166666666666667
1 0.9359375 0.8395833333333333 0.0125 0.008333333333333333
1 0.334375 0.8354166666666667 0.003125 0.004166666666666667
1 0.39609375 0.8395833333333333 0.0109375 0.016666666666666666
1 0.3453125 0.8333333333333334 0.00625 0.004166666666666667
1 0.8546875 0.8354166666666667 0.1375 0.0125
1 0.35390625 0.8322916666666667 0.0046875 0.00625
1 0.33515625 0.8302083333333333 0.0015625 0.0020833333333333333
1 0.38828125 0.828125 0.0046875 0.00625
1 0.38359375 0.8260416666666667 0.0015625 0.0020833333333333333
1 0.37734375 0.8291666666666667 0.0078125 0.008333333333333333
1 0.37109375 0.8260416666666667 0.0015625 0.0020833333333333333
1 0.34296875 0.8229166666666666 0.0046875 0.004166666666666667
1 0.3359375 0.821875 0.003125 0.0020833333333333333
1 0.42421875 0.8177083333333334 0.0015625 0.0020833333333333333
1 0.371875 0.8197916666666667 0.003125 0.00625
1 0.07421875 0.8375 0.0484375 0.041666666666666664
1 0.23671875 0.815625 0.0015625 0.0020833333333333333
1 0.32578125 0.8145833333333333 0.0046875 0.004166666666666667
1 0.37109375 0.8114583333333333 0.0015625 0.0020833333333333333
1 0.759375 0.8135416666666667 0.009375 0.010416666666666666
1 0.28671875 0.8052083333333333 0.0015625 0.0020833333333333333
1 0.32578125 0.8010416666666667 0.0015625 0.0020833333333333333
1 0.2640625 0.809375 0.028125 0.01875
1 0.2296875 0.803125 0.009375 0.00625
1 0.29765625 0.8010416666666667 0.0140625 0.010416666666666666
1 0.28359375 0.7989583333333333 0.0046875 0.00625
1 0.0671875 0.7989583333333333 0.0125 0.00625
1 0.36171875 0.7958333333333333 0.0015625 0.004166666666666667
1 0.0375 0.8 0.009375 0.016666666666666666
1 0.31875 0.790625 0.003125 0.0020833333333333333
1 0.31171875 0.790625 0.0015625 0.0020833333333333333
1 0.20078125 0.7947916666666667 0.0109375 0.010416666666666666
1 0.73359375 0.7864583333333334 0.0015625 0.0020833333333333333
1 0.32265625 0.784375 0.0015625 0.0020833333333333333
1 0.3375 0.7833333333333333 0.003125 0.008333333333333333
1 0.725 0.7833333333333333 0.0125 0.0125
1 0.10234375 0.7791666666666667 0.0234375 0.016666666666666666
1 0.07578125 0.7802083333333333 0.0203125 0.022916666666666665
1 0.70859375 0.7697916666666667 0.0078125 0.00625
1 0.34453125 0.7677083333333333 0.0015625 0.0020833333333333333
1 0.1640625 0.771875 0.015625 0.010416666666666666
1 0.32421875 0.765625 0.0015625 0.0020833333333333333
1 0.2 0.78125 0.05 0.03333333333333333
1 0.7 0.7614583333333333 0.00625 0.00625
1 0.33515625 0.7583333333333333 0.0046875 0.004166666666666667
1 0.06171875 0.7572916666666667 0.0046875 0.0020833333333333333
1 0.97265625 0.7583333333333333 0.0015625 0.008333333333333333
1 0.70234375 0.7552083333333334 0.0015625 0.0020833333333333333
1 0.321875 0.75625 0.00625 0.004166666666666667
1 0.67421875 0.734375 0.0015625 0.0020833333333333333
1 0.25078125 0.7322916666666667 0.0015625 0.0020833333333333333
1 0.13359375 0.7322916666666667 0.0046875 0.0020833333333333333
1 0.6703125 0.728125 0.003125 0.0020833333333333333
1 0.66796875 0.7197916666666667 0.0015625 0.0020833333333333333
1 0.66328125 0.7145833333333333 0.0046875 0.004166666666666667
1 0.6515625 0.6979166666666666 0.00625 0.008333333333333333
1 0.25859375 0.6927083333333334 0.0015625 0.0020833333333333333
1 0.646875 0.6875 0.003125 0.004166666666666667
1 0.64453125 0.678125 0.0015625 0.0020833333333333333
1 0.6390625 0.6739583333333333 0.00625 0.00625
1 0.634375 0.6677083333333333 0.003125 0.00625
1 0.2734375 0.6666666666666666 0.003125 0.004166666666666667
1 0.634375 0.6604166666666667 0.003125 0.004166666666666667
1 0.6296875 0.6604166666666667 0.003125 0.004166666666666667
1 0.27109375 0.65625 0.0015625 0.004166666666666667
1 0.2671875 0.6489583333333333 0.003125 0.0020833333333333333
1 0.96328125 0.8208333333333333 0.0734375 0.35833333333333334
1 0.32578125 0.6427083333333333 0.0015625 0.0020833333333333333
1 0.6234375 0.6364583333333333 0.003125 0.00625
1 0.61796875 0.6333333333333333 0.0046875 0.004166666666666667
1 0.2484375 0.6322916666666667 0.003125 0.0020833333333333333
1 0.2515625 0.628125 0.003125 0.0020833333333333333
1 0.61484375 0.6177083333333333 0.0015625 0.0020833333333333333
1 0.2640625 0.6166666666666667 0.003125 0.004166666666666667
1 0.6109375 0.615625 0.003125 0.00625
1 0.22421875 0.6041666666666666 0.0015625 0.004166666666666667
1 0.23828125 0.5989583333333334 0.0015625 0.0020833333333333333
1 0.22421875 0.5989583333333334 0.0015625 0.0020833333333333333
1 0.42890625 0.5947916666666667 0.0015625 0.0020833333333333333
1 0.3046875 0.5854166666666667 0.003125 0.004166666666666667
1 0.26171875 0.5822916666666667 0.0015625 0.0020833333333333333
1 0.3015625 0.5760416666666667 0.003125 0.0020833333333333333
1 0.30078125 0.5697916666666667 0.0015625 0.0020833333333333333
1 0.24765625 0.5572916666666666 0.0015625 0.0020833333333333333
1 0.203125 0.5541666666666667 0.00625 0.004166666666666667
1 0.2171875 0.553125 0.009375 0.00625
1 0.24765625 0.540625 0.0015625 0.0020833333333333333
1 0.16640625 0.540625 0.0015625 0.0020833333333333333
1 0.21484375 0.5395833333333333 0.0171875 0.008333333333333333
1 0.2015625 0.5364583333333334 0.003125 0.0020833333333333333
1 0.24296875 0.5322916666666667 0.0046875 0.0020833333333333333
1 0.2375 0.5270833333333333 0.003125 0.004166666666666667
1 0.2296875 0.521875 0.003125 0.0020833333333333333
1 0.25546875 0.5270833333333333 0.0046875 0.016666666666666666
1 0.2171875 0.5177083333333333 0.00625 0.0020833333333333333
1 0.1921875 0.5177083333333333 0.003125 0.0020833333333333333
1 0.1359375 0.5177083333333333 0.003125 0.0020833333333333333
1 0.16875 0.5052083333333334 0.003125 0.0020833333333333333
1 0.25859375 0.509375 0.0046875 0.014583333333333334
1 0.20078125 0.49895833333333334 0.0015625 0.0020833333333333333
1 0.22109375 0.4979166666666667 0.0078125 0.004166666666666667
1 0.26015625 0.4947916666666667 0.0046875 0.010416666666666666
1 0.20703125 0.490625 0.0046875 0.0020833333333333333
1 0.2140625 0.48854166666666665 0.003125 0.00625
1 0.26484375 0.48333333333333334 0.0046875 0.008333333333333333
1 0.259375 0.48125 0.003125 0.004166666666666667
1 0.25234375 0.4739583333333333 0.0015625 0.0020833333333333333
1 0.21171875 0.46770833333333334 0.0015625 0.0020833333333333333
1 0.24609375 0.465625 0.0046875 0.0020833333333333333
1 0.20078125 0.46458333333333335 0.0015625 0.004166666666666667
1 0.20390625 0.46041666666666664 0.0046875 0.004166666666666667
1 0.271875 0.4583333333333333 0.003125 0.004166666666666667
1 0.2625 0.46458333333333335 0.00625 0.016666666666666666
1 0.215625 0.45729166666666665 0.00625 0.010416666666666666
1 0.21171875 0.44895833333333335 0.0015625 0.0020833333333333333
1 0.2203125 0.44479166666666664 0.003125 0.0020833333333333333
1 0.20390625 0.44479166666666664 0.0078125 0.0020833333333333333
1 0.2109375 0.4375 0.003125 0.004166666666666667
1 0.22265625 0.434375 0.0046875 0.0020833333333333333
1 0.24140625 0.43125 0.0171875 0.004166666666666667
1 0.0703125 0.43020833333333336 0.00625 0.00625
1 0.25625 0.428125 0.003125 0.00625
1 0.059375 0.4270833333333333 0.009375 0.0125
1 0.271875 0.434375 0.025 0.035416666666666666
1 0.0671875 0.41770833333333335 0.003125 0.0020833333333333333
1 0.06015625 0.41770833333333335 0.0046875 0.0020833333333333333
1 0.07265625 0.409375 0.0046875 0.00625
1 0.06328125 0.40520833333333334 0.0015625 0.0020833333333333333
1 0.25625 0.4083333333333333 0.003125 0.016666666666666666
1 0.0734375 0.396875 0.003125 0.0020833333333333333
1 0.06328125 0.39791666666666664 0.0109375 0.004166666666666667
1 0.01875 0.39791666666666664 0.003125 0.004166666666666667
1 0.02578125 0.3885416666666667 0.0015625 0.0020833333333333333
1 0.07421875 0.384375 0.0015625 0.0020833333333333333
1 0.0546875 0.384375 0.009375 0.00625
1 0.2375 0.4 0.025 0.04583333333333333
1 0.28203125 0.37604166666666666 0.0015625 0.0020833333333333333
1 0.29765625 0.3770833333333333 0.0046875 0.008333333333333333
1 0.0671875 0.37395833333333334 0.00625 0.0020833333333333333
1 0.06015625 0.375 0.0046875 0.004166666666666667
1 0.278125 0.37395833333333334 0.00625 0.010416666666666666
1 0.27578125 0.36875 0.0015625 0.004166666666666667
1 0.24453125 0.37083333333333335 0.0109375 0.008333333333333333
1 0.23125 0.371875 0.0125 0.010416666666666666
1 0.3 0.365625 0.00625 0.00625
1 0.03359375 0.3614583333333333 0.0046875 0.010416666666666666
1 0.0484375 0.35833333333333334 0.003125 0.008333333333333333
1 0.02734375 0.35208333333333336 0.0015625 0.004166666666666667
1 0.04375 0.33125 0.0125 0.0125
1 0.32109375 0.31354166666666666 0.0015625 0.0020833333333333333
1 0.63046875 0.309375 0.0015625 0.0020833333333333333
1 0.0421875 0.31666666666666665 0.015625 0.016666666666666666
1 0.2625 0.3229166666666667 0.025 0.04583333333333333
1 0.12578125 0.2989583333333333 0.0015625 0.0020833333333333333
1 0.13671875 0.296875 0.0046875 0.00625
1 0.13125 0.290625 0.0125 0.00625
1 0.2890625 0.26458333333333334 0.003125 0.004166666666666667
1 0.2828125 0.26458333333333334 0.003125 0.004166666666666667
1 0.296875 0.26145833333333335 0.003125 0.00625
1 0.65703125 0.24479166666666666 0.0046875 0.00625
1 0.309375 0.3177083333333333 0.08125 0.16875
1 0.66953125 0.21979166666666666 0.0015625 0.0020833333333333333
1 0.67421875 0.20520833333333333 0.0015625 0.0020833333333333333
1 0.3515625 0.17916666666666667 0.003125 0.008333333333333333
1 0.39765625 0.13333333333333333 0.0015625 0.004166666666666667
1 0.39453125 0.13333333333333333 0.0015625 0.004166666666666667
1 0.43515625 0.13020833333333334 0.0015625 0.0020833333333333333
1 0.38828125 0.178125 0.0765625 0.13541666666666666
1 0.41328125 0.109375 0.0015625 0.0020833333333333333
1 0.575 0.09895833333333333 0.003125 0.00625
1 0.5828125 0.09583333333333334 0.003125 0.004166666666666667
1 0.43984375 0.08229166666666667 0.0015625 0.0020833333333333333
1 0.44296875 0.09583333333333334 0.0296875 0.03333333333333333
1 0.47265625 0.07604166666666666 0.0109375 0.00625
1 0.5984375 0.005208333333333333 0.003125 0.0020833333333333333
1 0.58671875 0.004166666666666667 0.0171875 0.004166666666666667
1 0.825 0.03333333333333333 0.35 0.06666666666666667
1 0.57578125 0.0020833333333333333 0.0015625 0.004166666666666667
1 0.04375 0.2 0.0875 0.4
