1 0.36875 0.996875 0.0375 0.00625
1 0.31171875 0.9927083333333333 0.0015625 0.0020833333333333333
1 0.17421875 0.9927083333333333 0.0015625 0.0020833333333333333
1 0.30546875 0.990625 0.0015625 0.0020833333333333333
1 0.30234375 0.9885416666666667 0.0015625 0.0020833333333333333
1 0.2625 0.9895833333333334 0.075 0.0125
1 0.06328125 0.98125 0.1265625 0.0375
1 0.96953125 0.8916666666666667 0.0046875 0.008333333333333333
1 0.9828125 0.940625 0.034375 0.11875
1 0.97265625 0.875 0.0015625 0.0125
1 0.99375 0.8489583333333334 0.003125 0.03125
1 0.9828125 0.8270833333333333 0.003125 0.0125
1 0.9875 0.8166666666666667 0.00625 0.004166666666666667
1 0.97890625 0.7916666666666666 0.0078125 0.05
1 0.99453125 0.765625 0.0015625 0.0020833333333333333
1 0.996875 0.7177083333333333 0.00625 0.035416666666666666
1 0.9921875 0.7270833333333333 0.015625 0.075
1 0.99765625 0.6770833333333334 0.0046875 0.008333333333333333
1 0.996875 0.6583333333333333 0.00625 0.025
1 0.9984375 0.609375 0.003125 0.014583333333333334
1 0.00625 0.38958333333333334 0.00625 0.025
1 0.01015625 0.3697916666666667 0.0015625 0.00625
1 0.003125 0.34270833333333334 0.00625 0.01875
1 0.0109375 0.334375 0.003125 0.022916666666666665
1 0.01328125 0.3145833333333333 0.0015625 0.008333333333333333
1 0.00390625 0.30625 0.0015625 0.008333333333333333
1 0.00078125 0.30625 0.0015625 0.0125
1 0.00234375 0.2677083333333333 0.0046875 0.0020833333333333333
1 0.01171875 0.271875 0.0234375 0.07291666666666667
1 0.02421875 0.23229166666666667 0.0015625 0.0020833333333333333
1 0.02734375 0.18333333333333332 0.0046875 0.03333333333333333
1 0.03203125 0.1625 0.0015625 0.004166666666666667
1 0.03359375 0.15 0.0015625 0.004166666666666667
1 0.03046875 0.134375 0.0015625 0.0020833333333333333
1 0.03671875 0.09479166666666666 0.0015625 0.010416666666666666
1 0.03828125 0.08125 0.0015625 0.008333333333333333
1 0.04140625 0.06979166666666667 0.0046875 0.010416666666666666
1 0.99765625 0.03854166666666667 0.0015625 0.0020833333333333333
1 0.99453125 0.03854166666666667 0.0015625 0.0020833333333333333
1 0.99140625 0.03854166666666667 0.0015625 0.0020833333333333333
1 0.98828125 0.03854166666666667 0.0015625 0.0020833333333333333
1 0.98515625 0.03854166666666667 0.0015625 0.0020833333333333333
1 0.98203125 0.03854166666666667 0.0015625 0.0020833333333333333
1 0.97890625 0.03854166666666667 0.0015625 0.0020833333333333333
1 0.9640625 0.0375 0.025 0.004166666666666667
1 0.0296875 0.052083333333333336 0.003125 0.03333333333333333
1 0.0421875 0.03333333333333333 0.003125 0.004166666666666667
1 0.83671875 0.015625 0.0234375 0.0020833333333333333
1 0.8078125 0.017708333333333333 0.015625 0.00625
1 0.65078125 0.009375 0.0015625 0.0020833333333333333
1 0.69453125 0.007291666666666667 0.0015625 0.0020833333333333333
1 0.69140625 0.007291666666666667 0.0015625 0.0020833333333333333
1 0.68828125 0.007291666666666667 0.0015625 0.0020833333333333333
1 0.68515625 0.007291666666666667 0.0015625 0.0020833333333333333
1 0.68203125 0.007291666666666667 0.0015625 0.0020833333333333333
1 0.67890625 0.007291666666666667 0.0015625 0.0020833333333333333
1 0.64453125 0.005208333333333333 0.0015625 0.0020833333333333333
1 0.64140625 0.005208333333333333 0.0015625 0.0020833333333333333
1 0.63828125 0.005208333333333333 0.0015625 0.0020833333333333333
1 0.63515625 0.005208333333333333 0.0015625 0.0020833333333333333
1 0.63203125 0.005208333333333333 0.0015625 0.0020833333333333333
1 0.62890625 0.005208333333333333 0.0015625 0.0020833333333333333
1 0.61640625 0.005208333333333333 0.0015625 0.0020833333333333333
1 0.61171875 0.005208333333333333 0.0015625 0.0020833333333333333
1 0.875 0.016666666666666666 0.25 0.03333333333333333
1 0.6953125 0.00625 0.096875 0.0125
1 0.6046875 0.003125 0.009375 0.00625
1 0.0328125 0.03333333333333333 0.00625 0.06666666666666667
1 0.0171875 0.11666666666666667 0.034375 0.23333333333333334
