0 0.39609375 0.8135416666666667 0.0015625 0.0020833333333333333
0 0.44140625 0.7885416666666667 0.0015625 0.0020833333333333333
0 0.3796875 0.8 0.121875 0.03333333333333333
0 0.33046875 0.784375 0.0015625 0.0020833333333333333
0 0.340625 0.7822916666666667 0.01875 0.010416666666666666
0 0.46328125 0.775 0.0015625 0.004166666666666667
0 0.13671875 0.578125 0.0015625 0.0020833333333333333
0 0.12890625 0.578125 0.0109375 0.00625
0 0.1578125 0.5677083333333334 0.009375 0.0020833333333333333
0 0.146875 0.565625 0.00625 0.0020833333333333333
0 0.24296875 0.5927083333333333 0.1578125 0.08541666666666667
0 0.44453125 0.5260416666666666 0.0015625 0.0020833333333333333
0 0.45859375 0.5197916666666667 0.0171875 0.01875
0 0.46875 0.49895833333333334 0.0125 0.010416666666666666
0 0.49375 0.48020833333333335 0.003125 0.00625
0 0.47421875 0.5270833333333333 0.2453125 0.1625
0 0.8078125 0.44375 0.003125 0.004166666666666667
0 0.8640625 0.409375 0.003125 0.00625
0 0.55234375 0.40520833333333334 0.0015625 0.0020833333333333333
0 0.734375 0.5395833333333333 0.209375 0.275
0 0.56953125 0.415625 0.1078125 0.07291666666666667
0 0.584375 0.3802083333333333 0.003125 0.00625
0 0.62109375 0.3625 0.0046875 0.004166666666666667
0 0.61328125 0.3625 0.0046875 0.008333333333333333
0 0.62109375 0.35520833333333335 0.0015625 0.0020833333333333333
0 0.88125 0.31354166666666666 0.0375 0.13958333333333334
0 0.715625 0.2875 0.18125 0.16666666666666666
1 0.1046875 0.946875 0.009375 0.022916666666666665
1 0.08515625 0.9333333333333333 0.0046875 0.004166666666666667
1 0.08359375 0.9260416666666667 0.0015625 0.00625
1 0.3375 0.8395833333333333 0.025 0.004166666666666667
1 0.39765625 0.834375 0.0015625 0.0020833333333333333
1 0.38984375 0.8375 0.0109375 0.008333333333333333
1 0.31328125 0.8322916666666667 0.0015625 0.0020833333333333333
1 0.30703125 0.8302083333333333 0.0078125 0.00625
1 0.26640625 0.828125 0.0046875 0.0020833333333333333
1 0.2875 0.8291666666666667 0.028125 0.008333333333333333
1 0.4265625 0.8229166666666666 0.00625 0.004166666666666667
1 0.43203125 0.8208333333333333 0.0015625 0.004166666666666667
1 0.23203125 0.815625 0.0015625 0.0020833333333333333
1 0.228125 0.8125 0.003125 0.004166666666666667
1 0.44921875 0.8145833333333333 0.0296875 0.016666666666666666
1 0.4703125 0.80625 0.009375 0.008333333333333333
1 0.20703125 0.8072916666666666 0.0140625 0.010416666666666666
1 0.85 0.8989583333333333 0.3 0.20208333333333334
1 0.46328125 0.7989583333333333 0.0015625 0.0020833333333333333
1 0.49140625 0.7947916666666667 0.0015625 0.0020833333333333333
1 0.4828125 0.796875 0.0125 0.00625
1 0.49921875 0.79375 0.0046875 0.004166666666666667
1 0.49453125 0.7927083333333333 0.0015625 0.0020833333333333333
1 0.17734375 0.790625 0.0078125 0.014583333333333334
1 0.18125 0.7822916666666667 0.009375 0.00625
1 0.15546875 0.771875 0.0109375 0.014583333333333334
1 0.12265625 0.759375 0.0015625 0.0020833333333333333
1 0.58828125 0.7572916666666667 0.0015625 0.0020833333333333333
1 0.36953125 0.7572916666666667 0.0015625 0.0020833333333333333
1 0.20703125 0.759375 0.0328125 0.027083333333333334
1 0.53515625 0.7447916666666666 0.0015625 0.0020833333333333333
1 0.5296875 0.74375 0.00625 0.004166666666666667
1 0.53203125 0.740625 0.0015625 0.0020833333333333333
1 0.0546875 0.865625 0.109375 0.26875
1 0.60703125 0.728125 0.0015625 0.0020833333333333333
1 0.5609375 0.7604166666666666 0.1 0.07083333333333333
1 0.3625 0.740625 0.025 0.03958333333333333
1 0.64296875 0.71875 0.0109375 0.008333333333333333
1 0.3984375 0.715625 0.003125 0.00625
1 0.6234375 0.7145833333333333 0.003125 0.008333333333333333
1 0.0859375 0.7052083333333333 0.003125 0.0020833333333333333
1 0.5046875 0.7083333333333334 0.009375 0.0125
1 0.01171875 0.7010416666666667 0.0015625 0.0020833333333333333
1 0.28046875 0.6885416666666667 0.0015625 0.0020833333333333333
1 0.25625 0.6958333333333333 0.021875 0.016666666666666666
1 0.43828125 0.7197916666666667 0.1234375 0.07708333333333334
1 0.68125 0.684375 0.0125 0.010416666666666666
1 0.68984375 0.678125 0.0015625 0.0020833333333333333
1 0.31484375 0.6854166666666667 0.0140625 0.016666666666666666
1 0.14453125 0.6739583333333333 0.0015625 0.0020833333333333333
1 0.1171875 0.6833333333333333 0.003125 0.029166666666666667
1 0.115625 0.7104166666666667 0.053125 0.09166666666666666
1 0.10390625 0.6614583333333334 0.0046875 0.00625
1 0.53046875 0.6989583333333333 0.0609375 0.09375
1 0.71328125 0.6541666666666667 0.0109375 0.0125
1 0.0046875 0.6479166666666667 0.009375 0.020833333333333332
1 0.4 0.65625 0.05 0.04583333333333333
1 0.0953125 0.6416666666666667 0.009375 0.016666666666666666
1 0.7296875 0.6354166666666666 0.009375 0.008333333333333333
1 0.1984375 0.675 0.125 0.0875
1 0.11328125 0.6322916666666667 0.0046875 0.0020833333333333333
1 0.12734375 0.6270833333333333 0.0234375 0.020833333333333332
1 0.08125 0.6104166666666667 0.00625 0.004166666666666667
1 0.4875 0.6166666666666667 0.025 0.03333333333333333
1 0.52421875 0.5989583333333334 0.0015625 0.0020833333333333333
1 0.096875 0.6135416666666667 0.025 0.03125
1 0.75625 0.603125 0.0125 0.014583333333333334
1 0.3265625 0.58125 0.015625 0.0125
1 0.78671875 0.565625 0.0015625 0.0020833333333333333
1 0.55390625 0.6041666666666666 0.0796875 0.07916666666666666
1 0.42421875 0.6270833333333333 0.2015625 0.15
1 0.09296875 0.575 0.0359375 0.05
1 0.52734375 0.5489583333333333 0.0015625 0.0020833333333333333
1 0.16484375 0.5489583333333333 0.0015625 0.0020833333333333333
1 0.14765625 0.5489583333333333 0.0015625 0.0020833333333333333
1 0.14453125 0.5489583333333333 0.0015625 0.0020833333333333333
1 0.11328125 0.5489583333333333 0.0015625 0.0020833333333333333
1 0.17421875 0.5479166666666667 0.0046875 0.004166666666666667
1 0.18515625 0.5447916666666667 0.0015625 0.0020833333333333333
1 0.18203125 0.5447916666666667 0.0015625 0.0020833333333333333
1 0.29765625 0.540625 0.0015625 0.0020833333333333333
1 0.29140625 0.5395833333333333 0.0078125 0.004166666666666667
1 0.24453125 0.5375 0.0015625 0.004166666666666667
1 0.53828125 0.5416666666666666 0.0171875 0.016666666666666666
1 0.31015625 0.5354166666666667 0.0046875 0.004166666666666667
1 0.29140625 0.534375 0.0046875 0.0020833333333333333
1 0.25234375 0.5364583333333334 0.0078125 0.00625
1 0.23359375 0.540625 0.0171875 0.014583333333333334
1 0.30546875 0.5322916666666667 0.0046875 0.0020833333333333333
1 0.8 0.5416666666666666 0.025 0.041666666666666664
1 0.1625 0.51875 0.025 0.0125
1 0.57890625 0.5364583333333334 0.0609375 0.06041666666666667
1 0.8234375 0.50625 0.00625 0.0125
1 0.61953125 0.5010416666666667 0.0078125 0.0020833333333333333
1 0.61171875 0.49895833333333334 0.0015625 0.0020833333333333333
1 0.65703125 0.496875 0.0015625 0.0020833333333333333
1 0.428125 0.4947916666666667 0.04375 0.022916666666666665
1 0.68828125 0.4791666666666667 0.0046875 0.008333333333333333
1 0.70390625 0.47291666666666665 0.0015625 0.004166666666666667
1 0.47890625 0.465625 0.0015625 0.0020833333333333333
1 0.48203125 0.4635416666666667 0.0015625 0.0020833333333333333
1 0.4859375 0.46041666666666664 0.003125 0.004166666666666667
1 0.83828125 0.47708333333333336 0.0234375 0.04583333333333333
1 0.7109375 0.4625 0.0125 0.025
1 0.73203125 0.440625 0.0015625 0.0020833333333333333
1 0.8609375 0.43854166666666666 0.009375 0.022916666666666665
1 0.69609375 0.4239583333333333 0.0046875 0.00625
1 0.871875 0.415625 0.00625 0.010416666666666666
1 0.79609375 0.4 0.0078125 0.025
1 0.79609375 0.384375 0.0015625 0.0020833333333333333
1 0.796875 0.3645833333333333 0.00625 0.03333333333333333
1 0.675 0.4270833333333333 0.1875 0.17916666666666667
1 0.76328125 0.3302083333333333 0.0140625 0.010416666666666666
1 0.63125 0.31875 0.003125 0.004166666666666667
1 0.6390625 0.3125 0.009375 0.0125
1 0.77890625 0.3145833333333333 0.0234375 0.020833333333333332
1 0.65234375 0.31145833333333334 0.0078125 0.014583333333333334
1 0.64140625 0.303125 0.0015625 0.0020833333333333333
1 0.78515625 0.296875 0.0046875 0.00625
1 0.80625 0.3020833333333333 0.021875 0.0875
1 0.828125 0.225 0.00625 0.016666666666666666
1 0.9671875 0.21458333333333332 0.003125 0.004166666666666667
1 0.83984375 0.203125 0.0015625 0.0020833333333333333
1 0.8359375 0.20520833333333333 0.00625 0.00625
1 0.84140625 0.19895833333333332 0.0015625 0.0020833333333333333
1 0.71796875 0.2 0.0109375 0.008333333333333333
1 0.84453125 0.190625 0.0046875 0.010416666666666666
1 0.84765625 0.18125 0.0296875 0.0375
1 0.7625 0.16875 0.075 0.04583333333333333
1 0.78046875 0.13645833333333332 0.0109375 0.014583333333333334
1 0.84453125 0.11770833333333333 0.0078125 0.0020833333333333333
1 0.8640625 0.128125 0.021875 0.03125
1 0.84765625 0.1125 0.0015625 0.004166666666666667
1 0.84375 0.1125 0.003125 0.004166666666666667
1 0.34765625 0.011458333333333333 0.0015625 0.0020833333333333333
1 0.34453125 0.011458333333333333 0.0015625 0.0020833333333333333
1 0.34140625 0.011458333333333333 0.0015625 0.0020833333333333333
1 0.33828125 0.011458333333333333 0.0015625 0.0020833333333333333
1 0.33515625 0.011458333333333333 0.0015625 0.0020833333333333333
1 0.33203125 0.011458333333333333 0.0015625 0.0020833333333333333
1 0.32890625 0.011458333333333333 0.0015625 0.0020833333333333333
1 0.32578125 0.011458333333333333 0.0015625 0.0020833333333333333
1 0.9453125 0.18333333333333332 0.109375 0.36666666666666664
1 0.15 0.12083333333333333 0.3 0.24166666666666667
