0 0.66171875 0.49895833333333334 0.0015625 0.0020833333333333333
0 0.65703125 0.49895833333333334 0.0046875 0.0020833333333333333
0 0.67109375 0.496875 0.0015625 0.0020833333333333333
0 0.6515625 0.4947916666666667 0.003125 0.0020833333333333333
0 0.54921875 0.4822916666666667 0.0015625 0.0020833333333333333
0 0.8203125 0.478125 0.003125 0.0020833333333333333
0 0.17578125 0.48020833333333335 0.0078125 0.00625
0 0.96640625 0.3697916666666667 0.0015625 0.0020833333333333333
0 0.18359375 0.34791666666666665 0.0421875 0.025
0 0.615625 0.24895833333333334 0.046875 0.00625
0 0.51171875 0.246875 0.0078125 0.0020833333333333333
0 0.571875 0.390625 0.85625 0.28958333333333336
1 0.0015625 0.9677083333333333 0.003125 0.0020833333333333333
1 0.0015625 0.9322916666666666 0.003125 0.0020833333333333333
1 0.0015625 0.9010416666666666 0.003125 0.0020833333333333333
1 0.12109375 0.7479166666666667 0.0046875 0.004166666666666667
1 0.084375 0.746875 0.01875 0.022916666666666665
1 0.0984375 0.734375 0.003125 0.0020833333333333333
1 0.171875 0.7239583333333334 0.003125 0.0020833333333333333
1 0.1140625 0.7229166666666667 0.025 0.04583333333333333
1 0.203125 0.6958333333333333 0.00625 0.004166666666666667
1 0.21875 0.6760416666666667 0.0125 0.014583333333333334
1 0.1484375 0.696875 0.040625 0.05625
1 0.059375 0.6885416666666667 0.003125 0.03958333333333333
1 0.14765625 0.6677083333333333 0.0015625 0.0020833333333333333
1 0.14453125 0.6677083333333333 0.0015625 0.0020833333333333333
1 0.05703125 0.6677083333333333 0.0015625 0.0020833333333333333
1 0.2375 0.665625 0.009375 0.010416666666666666
1 0.2453125 0.659375 0.003125 0.0020833333333333333
1 0.228125 0.6479166666666667 0.00625 0.0125
1 0.24140625 0.6364583333333333 0.0015625 0.0020833333333333333
1 0.23515625 0.634375 0.0015625 0.0020833333333333333
1 0.18359375 0.634375 0.0046875 0.0020833333333333333
1 0.1375 0.6354166666666666 0.021875 0.004166666666666667
1 0.28046875 0.6239583333333333 0.0015625 0.0020833333333333333
1 0.03046875 0.6239583333333333 0.0015625 0.0020833333333333333
1 0.184375 0.6375 0.06875 0.05416666666666667
1 0.2953125 0.6083333333333333 0.009375 0.008333333333333333
1 0.30703125 0.6010416666666667 0.0015625 0.0020833333333333333
1 0.3125 0.6 0.00625 0.004166666666666667
1 0.19609375 0.5989583333333334 0.0015625 0.0020833333333333333
1 0.05546875 0.6322916666666667 0.0421875 0.06875
1 0.1625 0.596875 0.025 0.010416666666666666
1 0.3453125 0.5927083333333333 0.0125 0.00625
1 0.04921875 0.59375 0.0015625 0.008333333333333333
1 0.928125 0.5916666666666667 0.046875 0.0125
1 0.196875 0.5927083333333333 0.01875 0.014583333333333334
1 0.965625 0.5916666666666667 0.021875 0.016666666666666666
1 0.9890625 0.5833333333333334 0.021875 0.004166666666666667
1 0.3109375 0.5875 0.0125 0.0125
1 0.87265625 0.5802083333333333 0.0015625 0.0020833333333333333
1 0.86953125 0.5802083333333333 0.0015625 0.0020833333333333333
1 0.865625 0.5802083333333333 0.003125 0.0020833333333333333
1 0.8546875 0.578125 0.00625 0.0020833333333333333
1 0.17578125 0.571875 0.0015625 0.0020833333333333333
1 0.8109375 0.5739583333333333 0.078125 0.010416666666666666
1 0.14453125 0.565625 0.0015625 0.0020833333333333333
1 0.37890625 0.5635416666666667 0.0015625 0.0020833333333333333
1 0.36015625 0.5645833333333333 0.0015625 0.004166666666666667
1 0.3546875 0.5645833333333333 0.00625 0.004166666666666667
1 0.17734375 0.5645833333333333 0.0046875 0.004166666666666667
1 0.16640625 0.5645833333333333 0.0015625 0.004166666666666667
1 0.234375 0.5614583333333333 0.00625 0.00625
1 0.7546875 0.5541666666666667 0.009375 0.008333333333333333
1 0.2421875 0.553125 0.00625 0.010416666666666666
1 0.5296875 0.55 0.0375 0.008333333333333333
1 0.3984375 0.5489583333333333 0.0125 0.00625
1 0.73359375 0.5489583333333333 0.0203125 0.010416666666666666
1 0.70390625 0.5447916666666667 0.0015625 0.0020833333333333333
1 0.69453125 0.5458333333333333 0.0015625 0.004166666666666667
1 0.69140625 0.5458333333333333 0.0015625 0.004166666666666667
1 0.68828125 0.5458333333333333 0.0015625 0.004166666666666667
1 0.68515625 0.5458333333333333 0.0015625 0.004166666666666667
1 0.68203125 0.5458333333333333 0.0015625 0.004166666666666667
1 0.67890625 0.5458333333333333 0.0015625 0.004166666666666667
1 0.67578125 0.5447916666666667 0.0015625 0.0020833333333333333
1 0.69921875 0.5447916666666667 0.0046875 0.00625
1 0.084375 0.5875 0.1 0.09166666666666666
1 0.26015625 0.5364583333333334 0.0015625 0.0020833333333333333
1 0.64765625 0.534375 0.0015625 0.0020833333333333333
1 0.2671875 0.5416666666666666 0.021875 0.016666666666666666
1 0.546875 0.5322916666666667 0.009375 0.0020833333333333333
1 0.64140625 0.5302083333333333 0.0015625 0.0020833333333333333
1 0.1421875 0.5395833333333333 0.015625 0.020833333333333332
1 0.62421875 0.540625 0.0515625 0.027083333333333334
1 0.14453125 0.5302083333333333 0.0015625 0.00625
1 0.534375 0.528125 0.04375 0.010416666666666666
1 0.26484375 0.521875 0.0015625 0.0020833333333333333
1 0.25859375 0.5270833333333333 0.0078125 0.0125
1 0.2890625 0.5270833333333333 0.01875 0.016666666666666666
1 0.3015625 0.5177083333333333 0.003125 0.0020833333333333333
1 0.30390625 0.5072916666666667 0.0015625 0.0020833333333333333
1 0.05390625 0.5177083333333333 0.0359375 0.035416666666666666
1 0.83046875 0.509375 0.0671875 0.03125
1 0.3484375 0.48854166666666665 0.003125 0.0020833333333333333
1 0.30859375 0.5052083333333334 0.0703125 0.03958333333333333
1 0.35390625 0.484375 0.0015625 0.0020833333333333333
1 0.33125 0.48541666666666666 0.003125 0.004166666666666667
1 0.07421875 0.48541666666666666 0.0015625 0.004166666666666667
1 0.33671875 0.4822916666666667 0.0015625 0.0020833333333333333
1 0.34453125 0.48020833333333335 0.0109375 0.0020833333333333333
1 0.065625 0.4875 0.0125 0.016666666666666666
1 0.36328125 0.478125 0.0015625 0.0020833333333333333
1 0.35859375 0.4791666666666667 0.0046875 0.004166666666666667
1 0.353125 0.478125 0.003125 0.0020833333333333333
1 0.38046875 0.47291666666666665 0.0109375 0.008333333333333333
1 0.39453125 0.465625 0.0015625 0.0020833333333333333
1 0.41015625 0.46145833333333336 0.0265625 0.010416666666666666
1 0.6734375 0.4510416666666667 0.003125 0.0020833333333333333
1 0.4734375 0.45208333333333334 0.00625 0.004166666666666667
1 0.45 0.45625 0.034375 0.016666666666666666
1 0.4625 0.446875 0.003125 0.0020833333333333333
1 0.4921875 0.446875 0.015625 0.00625
1 0.47109375 0.44583333333333336 0.0109375 0.004166666666666667
1 0.11171875 0.4666666666666667 0.0296875 0.05
1 0.69921875 0.45208333333333334 0.0234375 0.025
1 0.703125 0.43125 0.003125 0.004166666666666667
1 0.128125 0.3958333333333333 0.00625 0.008333333333333333
1 0.12421875 0.39166666666666666 0.0015625 0.004166666666666667
1 0.13671875 0.378125 0.0015625 0.0020833333333333333
1 0.1140625 0.42291666666666666 0.090625 0.1125
1 0.69140625 0.353125 0.0015625 0.0020833333333333333
1 0.68203125 0.35104166666666664 0.0140625 0.010416666666666666
1 0.63203125 0.3302083333333333 0.0015625 0.0020833333333333333
1 0.634375 0.3385416666666667 0.015625 0.01875
1 0.65234375 0.32395833333333335 0.0046875 0.0020833333333333333
1 0.89765625 0.31979166666666664 0.0015625 0.0020833333333333333
1 0.63828125 0.321875 0.0203125 0.014583333333333334
1 0.6546875 0.31666666666666665 0.0125 0.008333333333333333
1 0.80234375 0.2875 0.0046875 0.004166666666666667
1 0.7296875 0.2677083333333333 0.00625 0.0020833333333333333
1 0.03046875 0.003125 0.0015625 0.0020833333333333333
1 0.02734375 0.003125 0.0015625 0.0020833333333333333
