0 0.94453125 0.778125 0.0046875 0.014583333333333334
0 0.94765625 0.76875 0.0015625 0.004166666666666667
0 0.84921875 0.7614583333333333 0.0015625 0.0020833333333333333
0 0.89609375 0.771875 0.0890625 0.027083333333333334
0 0.95234375 0.7520833333333333 0.0015625 0.004166666666666667
0 0.8015625 0.7416666666666667 0.003125 0.004166666666666667
0 0.9546875 0.7239583333333334 0.003125 0.00625
0 0.95078125 0.721875 0.0015625 0.0020833333333333333
0 0.9296875 0.71875 0.009375 0.004166666666666667
0 0.92109375 0.7177083333333333 0.0015625 0.0020833333333333333
0 0.9171875 0.715625 0.003125 0.0020833333333333333
0 0.90546875 0.7145833333333333 0.0078125 0.004166666666666667
0 0.80625 0.7135416666666666 0.003125 0.0020833333333333333
0 0.82734375 0.6885416666666667 0.0046875 0.0020833333333333333
0 0.57421875 0.659375 0.0015625 0.0020833333333333333
0 0.76640625 0.6541666666666667 0.0109375 0.008333333333333333
0 0.5859375 0.659375 0.01875 0.01875
0 0.59140625 0.6447916666666667 0.0015625 0.0020833333333333333
0 0.73671875 0.6427083333333333 0.0046875 0.00625
0 0.5765625 0.6385416666666667 0.003125 0.0020833333333333333
0 0.71796875 0.6375 0.0046875 0.004166666666666667
0 0.53671875 0.6375 0.0046875 0.004166666666666667
0 0.5609375 0.6427083333333333 0.0375 0.01875
0 0.7234375 0.615625 0.028125 0.014583333333333334
0 0.69453125 0.603125 0.0171875 0.010416666666666666
0 0.58125 0.5802083333333333 0.003125 0.0020833333333333333
0 0.6921875 0.6416666666666667 0.265625 0.1375
0 0.5328125 0.5510416666666667 0.015625 0.014583333333333334
0 0.2296875 0.4427083333333333 0.003125 0.0020833333333333333
0 0.1890625 0.4041666666666667 0.003125 0.004166666666666667
0 0.31875 0.4083333333333333 0.015625 0.016666666666666666
0 0.32578125 0.39895833333333336 0.0015625 0.0020833333333333333
0 0.290625 0.38645833333333335 0.00625 0.00625
0 0.1765625 0.390625 0.0125 0.014583333333333334
0 0.28828125 0.3802083333333333 0.0015625 0.0020833333333333333
0 0.2640625 0.35520833333333335 0.01875 0.022916666666666665
0 0.1828125 0.25729166666666664 0.009375 0.010416666666666666
1 0.53671875 0.9979166666666667 0.0234375 0.004166666666666667
1 0.51328125 0.99375 0.0109375 0.0125
1 0.459375 0.9479166666666666 0.00625 0.004166666666666667
1 0.9203125 0.9239583333333333 0.003125 0.00625
1 0.38125 0.8947916666666667 0.003125 0.0020833333333333333
1 0.3765625 0.8927083333333333 0.003125 0.0020833333333333333
1 0.3640625 0.89375 0.003125 0.004166666666666667
1 0.94453125 0.8520833333333333 0.0046875 0.008333333333333333
1 0.94296875 0.803125 0.0015625 0.0020833333333333333
1 0.95234375 0.79375 0.0015625 0.004166666666666667
1 0.95390625 0.7885416666666667 0.0015625 0.0020833333333333333
1 0.95546875 0.7822916666666667 0.0015625 0.0020833333333333333
1 0.95703125 0.7697916666666667 0.0015625 0.0020833333333333333
1 0.95859375 0.765625 0.0015625 0.0020833333333333333
1 0.96015625 0.7572916666666667 0.0015625 0.0020833333333333333
1 0.1625 0.7583333333333333 0.00625 0.004166666666666667
1 0.1546875 0.7583333333333333 0.003125 0.004166666666666667
1 0.78046875 0.753125 0.0046875 0.00625
1 0.77421875 0.7510416666666667 0.0015625 0.0020833333333333333
1 0.96171875 0.75 0.0015625 0.004166666666666667
1 0.96328125 0.7447916666666666 0.0015625 0.0020833333333333333
1 0.1328125 0.7427083333333333 0.003125 0.00625
1 0.05 0.6895833333333333 0.003125 0.004166666666666667
1 0.0328125 0.6770833333333334 0.003125 0.004166666666666667
1 0.9921875 0.6677083333333333 0.003125 0.0020833333333333333
1 0.9578125 0.8333333333333334 0.084375 0.3333333333333333
1 0.25390625 0.8333333333333334 0.5078125 0.3333333333333333
1 0.89296875 0.66875 0.0109375 0.008333333333333333
1 0.86015625 0.6614583333333334 0.0015625 0.0020833333333333333
1 0.86875 0.6583333333333333 0.0125 0.008333333333333333
1 0.84921875 0.65625 0.0109375 0.0125
1 0.8609375 0.6489583333333333 0.003125 0.0020833333333333333
1 0.98984375 0.6385416666666667 0.0015625 0.010416666666666666
1 0.98515625 0.5895833333333333 0.0296875 0.004166666666666667
1 0.42265625 0.5864583333333333 0.0015625 0.0020833333333333333
1 0.96484375 0.5854166666666667 0.0046875 0.004166666666666667
1 0.44765625 0.5822916666666667 0.0015625 0.0020833333333333333
1 0.946875 0.58125 0.00625 0.008333333333333333
1 0.428125 0.5802083333333333 0.00625 0.00625
1 0.4140625 0.5802083333333333 0.003125 0.00625
1 0.94453125 0.5677083333333334 0.0015625 0.0020833333333333333
1 0.94140625 0.5677083333333334 0.0015625 0.0020833333333333333
1 0.934375 0.5739583333333333 0.028125 0.014583333333333334
1 0.40703125 0.5729166666666666 0.0265625 0.0125
1 0.88828125 0.5572916666666666 0.0015625 0.0020833333333333333
1 0.86796875 0.553125 0.0078125 0.00625
1 0.403125 0.55625 0.00625 0.0125
1 0.8453125 0.55 0.009375 0.004166666666666667
1 0.82421875 0.546875 0.0015625 0.0020833333333333333
1 0.8828125 0.55 0.01875 0.0125
1 0.82421875 0.5416666666666666 0.0015625 0.004166666666666667
1 0.86171875 0.5385416666666667 0.0046875 0.0020833333333333333
1 0.85078125 0.5385416666666667 0.0015625 0.0020833333333333333
1 0.80234375 0.5385416666666667 0.0015625 0.0020833333333333333
1 0.7921875 0.5385416666666667 0.003125 0.0020833333333333333
1 0.44296875 0.534375 0.0015625 0.0020833333333333333
1 0.778125 0.5322916666666667 0.00625 0.0020833333333333333
1 0.77109375 0.5322916666666667 0.0015625 0.0020833333333333333
1 0.43984375 0.5333333333333333 0.0015625 0.004166666666666667
1 0.81484375 0.5375 0.0140625 0.016666666666666666
1 0.775 0.5270833333333333 0.003125 0.004166666666666667
1 0.73984375 0.5260416666666666 0.0078125 0.0020833333333333333
1 0.7875 0.525 0.00625 0.008333333333333333
1 0.76875 0.525 0.00625 0.008333333333333333
1 0.76328125 0.521875 0.0015625 0.0020833333333333333
1 0.72578125 0.51875 0.0015625 0.004166666666666667
1 0.71796875 0.5135416666666667 0.0078125 0.0020833333333333333
1 0.71015625 0.5114583333333333 0.0015625 0.0020833333333333333
1 0.7546875 0.5083333333333333 0.009375 0.004166666666666667
1 0.7390625 0.50625 0.009375 0.004166666666666667
1 0.73203125 0.503125 0.0015625 0.0020833333333333333
1 0.67890625 0.49583333333333335 0.0078125 0.004166666666666667
1 0.3015625 0.4875 0.003125 0.004166666666666667
1 0.69453125 0.48020833333333335 0.0046875 0.0020833333333333333
1 0.6703125 0.46875 0.009375 0.0125
1 0.57265625 0.43333333333333335 0.0046875 0.004166666666666667
1 0.60546875 0.428125 0.0015625 0.0020833333333333333
1 0.60234375 0.42604166666666665 0.0015625 0.0020833333333333333
1 0.54296875 0.4239583333333333 0.0046875 0.0020833333333333333
1 0.5328125 0.41875 0.0125 0.008333333333333333
1 0.5640625 0.409375 0.003125 0.0020833333333333333
1 0.00234375 0.40729166666666666 0.0015625 0.0020833333333333333
1 0.55703125 0.40625 0.0078125 0.0125
1 0.0046875 0.40208333333333335 0.003125 0.004166666666666667
1 0.00078125 0.40208333333333335 0.0015625 0.004166666666666667
1 0.50078125 0.39479166666666665 0.0015625 0.00625
1 0.52734375 0.39479166666666665 0.0171875 0.014583333333333334
1 0.51640625 0.3885416666666667 0.0015625 0.0020833333333333333
1 0.00546875 0.38645833333333335 0.0015625 0.00625
1 0.4828125 0.38125 0.015625 0.0125
1 0.4828125 0.36666666666666664 0.003125 0.004166666666666667
1 0.47890625 0.36770833333333336 0.0046875 0.00625
1 0.4421875 0.3572916666666667 0.046875 0.03958333333333333
1 0.41328125 0.3302083333333333 0.0015625 0.0020833333333333333
1 0.0921875 0.33125 0.003125 0.004166666666666667
1 0.08515625 0.31979166666666664 0.0015625 0.0020833333333333333
1 0.13828125 0.32395833333333335 0.0265625 0.01875
1 0.40078125 0.31354166666666666 0.0015625 0.00625
1 0.39453125 0.3177083333333333 0.0296875 0.027083333333333334
1 0.12109375 0.309375 0.0046875 0.010416666666666666
1 0.1015625 0.30625 0.003125 0.004166666666666667
1 0.42578125 0.321875 0.0484375 0.04375
1 0.14765625 0.30104166666666665 0.0015625 0.0020833333333333333
1 0.10234375 0.30104166666666665 0.0015625 0.0020833333333333333
1 0.14453125 0.2989583333333333 0.0015625 0.0020833333333333333
1 0.3328125 0.290625 0.003125 0.0020833333333333333
1 0.25390625 0.2916666666666667 0.0078125 0.004166666666666667
1 0.33984375 0.28958333333333336 0.0046875 0.004166666666666667
1 0.27265625 0.28958333333333336 0.0046875 0.004166666666666667
1 0.15390625 0.31666666666666665 0.0578125 0.0625
1 0.38671875 0.284375 0.0015625 0.0020833333333333333
1 0.384375 0.290625 0.028125 0.014583333333333334
1 0.27421875 0.284375 0.0015625 0.0020833333333333333
1 0.1046875 0.2916666666666667 0.0125 0.016666666666666666
1 0.32578125 0.28541666666666665 0.0046875 0.008333333333333333
1 0.271875 0.28125 0.003125 0.004166666666666667
1 0.25390625 0.278125 0.0015625 0.0020833333333333333
1 0.03046875 0.28229166666666666 0.0078125 0.010416666666666666
1 0.34453125 0.28125 0.0046875 0.0125
1 0.05546875 0.27708333333333335 0.0046875 0.004166666666666667
1 0.328125 0.2760416666666667 0.00625 0.00625
1 0.33671875 0.27291666666666664 0.0078125 0.004166666666666667
1 0.05078125 0.27291666666666664 0.0015625 0.004166666666666667
1 0.3671875 0.2760416666666667 0.009375 0.01875
1 0.32890625 0.2677083333333333 0.0015625 0.0020833333333333333
1 0.04921875 0.2677083333333333 0.0015625 0.0020833333333333333
1 0.10078125 0.27291666666666664 0.0265625 0.016666666666666666
1 0.08515625 0.265625 0.0015625 0.0020833333333333333
1 0.06796875 0.265625 0.0015625 0.0020833333333333333
1 0.0703125 0.284375 0.021875 0.03958333333333333
1 0.05546875 0.265625 0.0046875 0.0020833333333333333
1 0.05078125 0.2635416666666667 0.0015625 0.0020833333333333333
1 0.35234375 0.26145833333333335 0.0046875 0.0020833333333333333
1 0.06328125 0.26145833333333335 0.0015625 0.0020833333333333333
1 0.359375 0.2625 0.00625 0.008333333333333333
1 0.09609375 0.2604166666666667 0.0078125 0.004166666666666667
1 0.084375 0.2552083333333333 0.0125 0.010416666666666666
1 0.25078125 0.246875 0.0015625 0.0020833333333333333
1 0.240625 0.246875 0.015625 0.010416666666666666
1 0.32421875 0.23229166666666667 0.0015625 0.0020833333333333333
1 0.31953125 0.24583333333333332 0.0359375 0.041666666666666664
1 0.30078125 0.22604166666666667 0.0015625 0.0020833333333333333
1 0.2984375 0.22083333333333333 0.003125 0.004166666666666667
1 0.29453125 0.21770833333333334 0.0015625 0.0020833333333333333
1 0.290625 0.215625 0.003125 0.0020833333333333333
1 0.28671875 0.21354166666666666 0.0015625 0.0020833333333333333
1 0.2828125 0.21145833333333333 0.003125 0.0020833333333333333
1 0.27734375 0.21041666666666667 0.0046875 0.004166666666666667
1 0.9234375 0.20729166666666668 0.003125 0.0020833333333333333
1 0.271875 0.20416666666666666 0.003125 0.008333333333333333
1 0.1203125 0.20416666666666666 0.009375 0.008333333333333333
1 0.059375 0.20729166666666668 0.00625 0.014583333333333334
1 0.26796875 0.196875 0.0015625 0.0020833333333333333
1 0.1765625 0.20208333333333334 0.01875 0.0125
1 0.16328125 0.19791666666666666 0.0015625 0.004166666666666667
1 0.178125 0.19270833333333334 0.003125 0.0020833333333333333
1 0.17578125 0.1875 0.0015625 0.004166666666666667
1 0.25390625 0.18229166666666666 0.0140625 0.010416666666666666
1 0.24296875 0.17604166666666668 0.0015625 0.0020833333333333333
1 0.2390625 0.17395833333333333 0.003125 0.0020833333333333333
1 0.05703125 0.17604166666666668 0.0046875 0.00625
1 0.23125 0.171875 0.00625 0.0020833333333333333
1 0.2234375 0.171875 0.003125 0.0020833333333333333
1 0.1828125 0.16979166666666667 0.003125 0.00625
1 0.2234375 0.165625 0.003125 0.0020833333333333333
1 0.21796875 0.16770833333333332 0.0046875 0.00625
1 0.10703125 0.178125 0.0328125 0.03958333333333333
1 0.165625 0.16041666666666668 0.03125 0.05
1 0.196875 0.14166666666666666 0.00625 0.016666666666666666
1 0.1578125 0.134375 0.00625 0.0020833333333333333
1 0.2046875 0.13229166666666667 0.009375 0.00625
1 0.171875 0.11875 0.00625 0.016666666666666666
1 0.16640625 0.103125 0.0046875 0.00625
1 0.1515625 0.11770833333333333 0.015625 0.035416666666666666
1 0.74609375 0.08645833333333333 0.0015625 0.0020833333333333333
1 0.7421875 0.0875 0.003125 0.004166666666666667
1 0.73046875 0.07604166666666666 0.0015625 0.0020833333333333333
1 0.73984375 0.075 0.0140625 0.004166666666666667
1 0.7203125 0.075 0.015625 0.008333333333333333
1 0.59921875 0.003125 0.0015625 0.0020833333333333333
1 0.80625 0.12083333333333333 0.3875 0.24166666666666667
1 0.07109375 0.18333333333333332 0.1421875 0.36666666666666664
