0 0.06328125 0.678125 0.0015625 0.0020833333333333333
0 0.05703125 0.6760416666666667 0.0015625 0.0020833333333333333
0 0.06328125 0.6739583333333333 0.0015625 0.0020833333333333333
0 0.05390625 0.671875 0.0015625 0.0020833333333333333
0 0.06484375 0.6697916666666667 0.0015625 0.0020833333333333333
0 0.059375 0.6697916666666667 0.00625 0.00625
0 0.12890625 0.6604166666666667 0.0015625 0.004166666666666667
0 0.09765625 0.640625 0.0015625 0.0020833333333333333
0 0.08828125 0.640625 0.0015625 0.0020833333333333333
0 0.09765625 0.6364583333333333 0.0015625 0.0020833333333333333
0 0.09296875 0.6302083333333334 0.0015625 0.0020833333333333333
0 0.08515625 0.6270833333333333 0.0046875 0.004166666666666667
0 0.05703125 0.6239583333333333 0.0015625 0.0020833333333333333
0 0.05390625 0.6239583333333333 0.0015625 0.0020833333333333333
0 0.10234375 0.6239583333333333 0.0046875 0.00625
0 0.07578125 0.6166666666666667 0.0015625 0.004166666666666667
0 0.05859375 0.6145833333333334 0.0015625 0.004166666666666667
0 0.053125 0.6135416666666667 0.003125 0.0020833333333333333
0 0.06796875 0.6125 0.0046875 0.004166666666666667
0 0.0703125 0.609375 0.003125 0.0020833333333333333
0 0.05234375 0.609375 0.0015625 0.0020833333333333333
0 0.821875 0.43020833333333336 0.003125 0.0020833333333333333
0 0.79609375 0.43333333333333335 0.0078125 0.008333333333333333
0 0.83125 0.42916666666666664 0.0125 0.004166666666666667
1 0.3640625 0.9947916666666666 0.003125 0.0020833333333333333
1 0.37734375 0.9927083333333333 0.0015625 0.0020833333333333333
1 0.33359375 0.9927083333333333 0.0015625 0.0020833333333333333
1 0.33046875 0.9927083333333333 0.0015625 0.0020833333333333333
1 0.3265625 0.9927083333333333 0.003125 0.0020833333333333333
1 0.31015625 0.99375 0.0203125 0.004166666666666667
1 0.91796875 0.9927083333333333 0.0015625 0.014583333333333334
1 0.325 0.9822916666666667 0.003125 0.0020833333333333333
1 0.29921875 0.984375 0.0015625 0.00625
1 0.209375 0.9614583333333333 0.00625 0.0020833333333333333
1 0.2359375 0.9604166666666667 0.003125 0.004166666666666667
1 0.184375 0.9604166666666667 0.00625 0.004166666666666667
1 0.175 0.9604166666666667 0.003125 0.004166666666666667
1 0.17109375 0.959375 0.0015625 0.0020833333333333333
1 0.16796875 0.959375 0.0015625 0.0020833333333333333
1 0.16484375 0.959375 0.0015625 0.0020833333333333333
1 0.20078125 0.9572916666666667 0.0015625 0.00625
1 0.91640625 0.9541666666666667 0.0015625 0.004166666666666667
1 0.18828125 0.9510416666666667 0.0046875 0.0020833333333333333
1 0.91796875 0.9489583333333333 0.0015625 0.0020833333333333333
1 0.18203125 0.9489583333333333 0.0046875 0.0020833333333333333
1 0.16640625 0.9489583333333333 0.0015625 0.0020833333333333333
1 0.16328125 0.946875 0.0015625 0.0020833333333333333
1 0.91953125 0.940625 0.0015625 0.010416666666666666
1 0.10390625 0.928125 0.0015625 0.0020833333333333333
1 0.07578125 0.928125 0.0015625 0.0020833333333333333
1 0.03046875 0.928125 0.0015625 0.0020833333333333333
1 0.0265625 0.928125 0.003125 0.0020833333333333333
1 0.1375 0.9604166666666667 0.275 0.07916666666666666
1 0.05703125 0.9197916666666667 0.0015625 0.0020833333333333333
1 0.04765625 0.9177083333333333 0.0015625 0.0020833333333333333
1 0.04453125 0.9177083333333333 0.0015625 0.0020833333333333333
1 0.040625 0.9166666666666666 0.003125 0.004166666666666667
1 0.03671875 0.915625 0.0015625 0.0020833333333333333
1 0.0046875 0.9104166666666667 0.009375 0.004166666666666667
1 0.92578125 0.8979166666666667 0.0015625 0.004166666666666667
1 0.9328125 0.8927083333333333 0.003125 0.00625
1 0.93046875 0.8885416666666667 0.0015625 0.0020833333333333333
1 0.93515625 0.8635416666666667 0.0015625 0.0020833333333333333
1 0.93671875 0.8572916666666667 0.0015625 0.0020833333333333333
1 0.9421875 0.8489583333333334 0.003125 0.00625
1 0.33828125 0.834375 0.0015625 0.0020833333333333333
1 0.33125 0.8322916666666667 0.00625 0.0020833333333333333
1 0.31953125 0.8302083333333333 0.0015625 0.0020833333333333333
1 0.31328125 0.8302083333333333 0.0046875 0.0020833333333333333
1 0.2984375 0.828125 0.003125 0.0020833333333333333
1 0.278125 0.8239583333333333 0.003125 0.0020833333333333333
1 0.25234375 0.8177083333333334 0.0015625 0.0020833333333333333
1 0.19765625 0.796875 0.0015625 0.0020833333333333333
1 0.17109375 0.7864583333333334 0.0015625 0.0020833333333333333
1 0.16796875 0.784375 0.0015625 0.0020833333333333333
1 0.1484375 0.7739583333333333 0.003125 0.0020833333333333333
1 0.14453125 0.771875 0.0015625 0.0020833333333333333
1 0.96953125 0.7677083333333333 0.0015625 0.0020833333333333333
1 0.12265625 0.7572916666666667 0.0015625 0.0020833333333333333
1 0.11875 0.7552083333333334 0.003125 0.0020833333333333333
1 0.2765625 0.7489583333333333 0.003125 0.0020833333333333333
1 0.11171875 0.7489583333333333 0.0015625 0.0020833333333333333
1 0.28359375 0.7479166666666667 0.0046875 0.004166666666666667
1 0.28515625 0.740625 0.0015625 0.0020833333333333333
1 0.0984375 0.740625 0.003125 0.0020833333333333333
1 0.27109375 0.7416666666666667 0.0046875 0.008333333333333333
1 0.0921875 0.7375 0.003125 0.004166666666666667
1 0.27421875 0.734375 0.0015625 0.0020833333333333333
1 0.26015625 0.734375 0.0015625 0.0020833333333333333
1 0.26875 0.7333333333333333 0.003125 0.004166666666666667
1 0.2609375 0.728125 0.009375 0.010416666666666666
1 0.08203125 0.7270833333333333 0.0109375 0.0125
1 0.97109375 0.7166666666666667 0.0015625 0.004166666666666667
1 0.0671875 0.7145833333333333 0.003125 0.004166666666666667
1 0.9625 0.85 0.075 0.3
1 0.97421875 0.6989583333333333 0.0015625 0.0020833333333333333
1 0.046875 0.6927083333333334 0.003125 0.0020833333333333333
1 0.98828125 0.675 0.0234375 0.05416666666666667
1 0.01953125 0.6447916666666667 0.0015625 0.0020833333333333333
1 0.01796875 0.6385416666666667 0.0015625 0.0020833333333333333
1 0.01640625 0.634375 0.0015625 0.0020833333333333333
1 0.996875 0.6375 0.00625 0.025
1 0.18046875 0.621875 0.0015625 0.0020833333333333333
1 0.17734375 0.621875 0.0015625 0.0020833333333333333
1 0.99453125 0.6197916666666666 0.0015625 0.0020833333333333333
1 0.99609375 0.6010416666666667 0.0015625 0.0020833333333333333
1 0.00625 0.5885416666666666 0.0125 0.06458333333333334
1 0.00703125 0.5489583333333333 0.0015625 0.0020833333333333333
1 0.015625 0.5395833333333333 0.0125 0.020833333333333332
1 0.0296875 0.5145833333333333 0.025 0.025
1 0.0515625 0.49270833333333336 0.003125 0.0020833333333333333
1 0.05625 0.49166666666666664 0.003125 0.004166666666666667
1 0.0625 0.4895833333333333 0.003125 0.004166666666666667
1 0.06953125 0.48541666666666666 0.0046875 0.004166666666666667
1 0.13125 0.4791666666666667 0.025 0.004166666666666667
1 0.11796875 0.47604166666666664 0.0015625 0.0020833333333333333
1 0.1109375 0.47708333333333336 0.009375 0.004166666666666667
1 0.0875 0.4791666666666667 0.028125 0.008333333333333333
1 0.86640625 0.4239583333333333 0.0015625 0.0020833333333333333
1 0.86640625 0.4197916666666667 0.0015625 0.0020833333333333333
1 0.84609375 0.41875 0.0046875 0.004166666666666667
1 0.89140625 0.4125 0.0171875 0.0125
1 0.00078125 0.40520833333333334 0.0015625 0.00625
1 0.9109375 0.403125 0.0125 0.010416666666666666
1 0.00546875 0.396875 0.0015625 0.0020833333333333333
1 0.00390625 0.3770833333333333 0.0015625 0.0125
1 0.93671875 0.38333333333333336 0.0390625 0.03333333333333333
1 0.003125 0.3541666666666667 0.003125 0.004166666666666667
1 0.0140625 0.35104166666666664 0.003125 0.01875
1 0.02734375 0.296875 0.0015625 0.0020833333333333333
1 0.03671875 0.2604166666666667 0.0015625 0.008333333333333333
1 0.0296875 0.2552083333333333 0.003125 0.022916666666666665
1 0.05390625 0.18645833333333334 0.0015625 0.00625
1 0.99765625 0.09479166666666666 0.0046875 0.0020833333333333333
1 0.9734375 0.084375 0.003125 0.0020833333333333333
1 0.9859375 0.08229166666666667 0.003125 0.0020833333333333333
1 0.94921875 0.08020833333333334 0.0015625 0.0020833333333333333
1 0.975 0.07395833333333333 0.025 0.00625
1 0.9390625 0.07395833333333333 0.00625 0.00625
1 0.9046875 0.071875 0.009375 0.0020833333333333333
1 0.88828125 0.06979166666666667 0.0015625 0.0020833333333333333
1 0.84453125 0.053125 0.0015625 0.0020833333333333333
1 0.7984375 0.04375 0.003125 0.004166666666666667
1 0.79453125 0.042708333333333334 0.0015625 0.0020833333333333333
1 0.790625 0.042708333333333334 0.003125 0.0020833333333333333
1 0.77421875 0.042708333333333334 0.0015625 0.0020833333333333333
1 0.77109375 0.042708333333333334 0.0015625 0.0020833333333333333
1 0.77421875 0.03854166666666667 0.0015625 0.0020833333333333333
1 0.76484375 0.040625 0.0078125 0.00625
1 0.08203125 0.034375 0.0046875 0.0020833333333333333
1 0.6875 0.017708333333333333 0.003125 0.0020833333333333333
1 0.67421875 0.017708333333333333 0.0015625 0.0020833333333333333
1 0.66484375 0.017708333333333333 0.0046875 0.0020833333333333333
1 0.65078125 0.015625 0.0015625 0.0020833333333333333
1 0.6890625 0.009375 0.021875 0.00625
1 0.67421875 0.007291666666666667 0.0015625 0.0020833333333333333
1 0.67109375 0.007291666666666667 0.0015625 0.0020833333333333333
1 0.66796875 0.007291666666666667 0.0015625 0.0020833333333333333
1 0.66484375 0.007291666666666667 0.0015625 0.0020833333333333333
1 0.6453125 0.005208333333333333 0.009375 0.0020833333333333333
1 0.61953125 0.005208333333333333 0.0015625 0.0020833333333333333
1 0.61640625 0.005208333333333333 0.0015625 0.0020833333333333333
1 0.59609375 0.003125 0.0015625 0.0020833333333333333
1 0.8625 0.035416666666666666 0.275 0.07083333333333333
1 0.59296875 0.0010416666666666667 0.0015625 0.0020833333333333333
1 0.0875 0.00625 0.00625 0.0125
1 0.04375 0.17083333333333334 0.0875 0.3416666666666667
