0 0.43515625 0.8416666666666667 0.1703125 0.0625
0 0.41328125 0.7760416666666666 0.0015625 0.0020833333333333333
0 0.66484375 0.7416666666666667 0.0796875 0.06666666666666667
0 0.38359375 0.7083333333333334 0.0046875 0.004166666666666667
0 0.378125 0.7072916666666667 0.003125 0.0020833333333333333
0 0.334375 0.6739583333333333 0.00625 0.0020833333333333333
0 0.35234375 0.66875 0.0078125 0.004166666666666667
0 0.36875 0.659375 0.021875 0.014583333333333334
0 0.63359375 0.6541666666666667 0.0328125 0.016666666666666666
0 0.52265625 0.6302083333333334 0.0015625 0.0020833333333333333
0 0.4453125 0.6885416666666667 0.140625 0.15625
0 0.896875 0.5697916666666667 0.003125 0.0020833333333333333
0 0.81953125 0.590625 0.2234375 0.21458333333333332
0 0.64375 0.47708333333333336 0.190625 0.24583333333333332
0 0.7328125 0.33229166666666665 0.034375 0.01875
0 0.8296875 0.3385416666666667 0.071875 0.12291666666666666
0 0.94140625 0.284375 0.0078125 0.03125
0 0.69765625 0.26979166666666665 0.0046875 0.00625
0 0.93046875 0.26666666666666666 0.0109375 0.016666666666666666
0 0.73671875 0.2625 0.0234375 0.020833333333333332
0 0.92421875 0.23541666666666666 0.0296875 0.029166666666666667
1 0.74453125 0.9989583333333333 0.0046875 0.0020833333333333333
1 0.40546875 0.9989583333333333 0.0015625 0.0020833333333333333
1 0.4421875 0.9947916666666666 0.015625 0.010416666666666666
1 0.45390625 0.9864583333333333 0.0078125 0.00625
1 0.00703125 0.9916666666666667 0.0015625 0.016666666666666666
1 0.40078125 0.9885416666666667 0.0078125 0.022916666666666665
1 0.40078125 0.9739583333333334 0.0015625 0.0020833333333333333
1 0.45703125 0.9677083333333333 0.0015625 0.0020833333333333333
1 0.3515625 0.9729166666666667 0.003125 0.0125
1 0.47265625 0.965625 0.0015625 0.0020833333333333333
1 0.465625 0.971875 0.0125 0.014583333333333334
1 0.36328125 0.9666666666666667 0.0015625 0.004166666666666667
1 0.38125 0.9770833333333333 0.0375 0.04583333333333333
1 0.00390625 0.96875 0.0015625 0.029166666666666667
1 0.68203125 0.9322916666666666 0.0015625 0.0020833333333333333
1 0.00546875 0.9104166666666667 0.0015625 0.004166666666666667
1 0.3390625 0.8989583333333333 0.003125 0.0020833333333333333
1 0.39140625 0.8979166666666667 0.0171875 0.008333333333333333
1 0.30546875 0.8947916666666667 0.0015625 0.0020833333333333333
1 0.28203125 0.8927083333333333 0.0015625 0.0020833333333333333
1 0.27890625 0.8927083333333333 0.0015625 0.0020833333333333333
1 0.24296875 0.896875 0.0140625 0.010416666666666666
1 0.1578125 0.8916666666666667 0.015625 0.004166666666666667
1 0.4390625 0.8895833333333333 0.003125 0.004166666666666667
1 0.19765625 0.8885416666666667 0.0015625 0.0020833333333333333
1 0.19453125 0.8885416666666667 0.0015625 0.0020833333333333333
1 0.19140625 0.8885416666666667 0.0015625 0.0020833333333333333
1 0.18828125 0.8885416666666667 0.0015625 0.0020833333333333333
1 0.18515625 0.8885416666666667 0.0015625 0.0020833333333333333
1 0.18203125 0.8885416666666667 0.0015625 0.0020833333333333333
1 0.17890625 0.8885416666666667 0.0015625 0.0020833333333333333
1 0.40703125 0.8885416666666667 0.0203125 0.010416666666666666
1 0.340625 0.8864583333333333 0.00625 0.00625
1 0.19765625 0.884375 0.0015625 0.0020833333333333333
1 0.19453125 0.884375 0.0015625 0.0020833333333333333
1 0.19140625 0.884375 0.0015625 0.0020833333333333333
1 0.18828125 0.884375 0.0015625 0.0020833333333333333
1 0.18515625 0.884375 0.0015625 0.0020833333333333333
1 0.18203125 0.884375 0.0015625 0.0020833333333333333
1 0.17890625 0.884375 0.0015625 0.0020833333333333333
1 0.35703125 0.8916666666666667 0.0203125 0.020833333333333332
1 0.165625 0.8864583333333333 0.015625 0.010416666666666666
1 0.38671875 0.8802083333333334 0.0015625 0.0020833333333333333
1 0.3796875 0.8802083333333334 0.003125 0.0020833333333333333
1 0.38359375 0.884375 0.0171875 0.010416666666666666
1 0.15390625 0.8802083333333334 0.0015625 0.0020833333333333333
1 0.39140625 0.878125 0.0046875 0.0020833333333333333
1 0.26328125 0.8947916666666667 0.1765625 0.035416666666666666
1 0.47578125 0.8770833333333333 0.0015625 0.004166666666666667
1 0.40859375 0.8760416666666667 0.0109375 0.0020833333333333333
1 0.15546875 0.8760416666666667 0.0015625 0.0020833333333333333
1 0.1125 0.8833333333333333 0.025 0.016666666666666666
1 0.14375 0.8822916666666667 0.01875 0.01875
1 0.47421875 0.871875 0.0015625 0.0020833333333333333
1 0.975 0.9166666666666666 0.05 0.1
1 0.07890625 0.8677083333333333 0.0015625 0.0020833333333333333
1 0.11875 0.8645833333333334 0.0125 0.004166666666666667
1 0.50703125 0.8625 0.0078125 0.004166666666666667
1 0.48828125 0.8635416666666667 0.0109375 0.00625
1 0.10859375 0.8625 0.0046875 0.004166666666666667
1 0.54453125 0.859375 0.0015625 0.0020833333333333333
1 0.48515625 0.8552083333333333 0.0015625 0.0020833333333333333
1 0.4921875 0.853125 0.003125 0.0020833333333333333
1 0.5078125 0.8489583333333334 0.003125 0.0020833333333333333
1 0.50390625 0.8489583333333334 0.0015625 0.0020833333333333333
1 0.12265625 0.834375 0.0015625 0.0020833333333333333
1 0.06875 0.8322916666666667 0.00625 0.0020833333333333333
1 0.56171875 0.8302083333333333 0.0015625 0.0020833333333333333
1 0.05703125 0.83125 0.0015625 0.004166666666666667
1 0.5671875 0.9135416666666667 0.31875 0.17291666666666666
1 0.590625 0.828125 0.003125 0.0020833333333333333
1 0.6140625 0.8260416666666667 0.00625 0.0020833333333333333
1 0.60859375 0.8260416666666667 0.0015625 0.0020833333333333333
1 0.578125 0.8260416666666667 0.01875 0.0020833333333333333
1 0.0625 0.8291666666666667 0.00625 0.008333333333333333
1 0.60703125 0.8177083333333334 0.0078125 0.0020833333333333333
1 0.59375 0.8166666666666667 0.00625 0.004166666666666667
1 0.59921875 0.8135416666666667 0.0015625 0.0020833333333333333
1 0.62578125 0.8125 0.0015625 0.004166666666666667
1 0.11640625 0.809375 0.0015625 0.0020833333333333333
1 0.07890625 0.8010416666666667 0.0015625 0.0020833333333333333
1 0.10078125 0.7989583333333333 0.0015625 0.0020833333333333333
1 0.05234375 0.871875 0.1046875 0.14791666666666667
1 0.6296875 0.8020833333333334 0.028125 0.0125
1 0.10234375 0.8114583333333333 0.0421875 0.035416666666666666
1 0.08828125 0.7927083333333333 0.0015625 0.0020833333333333333
1 0.64609375 0.7927083333333333 0.0109375 0.00625
1 0.65625 0.7885416666666667 0.003125 0.0020833333333333333
1 0.66015625 0.7864583333333334 0.0015625 0.0020833333333333333
1 0.00234375 0.784375 0.0015625 0.0020833333333333333
1 0.665625 0.7822916666666667 0.003125 0.0020833333333333333
1 0.68125 0.775 0.009375 0.004166666666666667
1 0.25546875 0.76875 0.0078125 0.008333333333333333
1 0.7234375 0.759375 0.003125 0.0020833333333333333
1 0.72578125 0.7552083333333334 0.0015625 0.0020833333333333333
1 0.7125 0.7552083333333334 0.009375 0.010416666666666666
1 0.22890625 0.7520833333333333 0.0046875 0.004166666666666667
1 0.11015625 0.7520833333333333 0.0046875 0.004166666666666667
1 0.2375 0.7489583333333333 0.00625 0.00625
1 0.728125 0.7458333333333333 0.003125 0.004166666666666667
1 0.16328125 0.7447916666666666 0.0015625 0.0020833333333333333
1 0.1796875 0.7354166666666667 0.003125 0.004166666666666667
1 0.0515625 0.7375 0.00625 0.008333333333333333
1 0.740625 0.7333333333333333 0.003125 0.004166666666666667
1 0.165625 0.7375 0.01875 0.0125
1 0.13359375 0.7322916666666667 0.0046875 0.0020833333333333333
1 0.7453125 0.7302083333333333 0.003125 0.0020833333333333333
1 0.11796875 0.7302083333333333 0.0015625 0.0020833333333333333
1 0.06171875 0.7302083333333333 0.0015625 0.0020833333333333333
1 0.771875 0.7302083333333333 0.00625 0.00625
1 0.7546875 0.7270833333333333 0.0125 0.008333333333333333
1 0.76015625 0.7197916666666667 0.0015625 0.0020833333333333333
1 0.08671875 0.7197916666666667 0.0015625 0.0020833333333333333
1 0.76796875 0.7135416666666666 0.0015625 0.0020833333333333333
1 0.78359375 0.7072916666666667 0.0046875 0.010416666666666666
1 0.7984375 0.6927083333333334 0.00625 0.0020833333333333333
1 0.15390625 0.6927083333333334 0.0015625 0.0020833333333333333
1 0.1578125 0.6916666666666667 0.003125 0.004166666666666667
1 0.82265625 0.6927083333333334 0.0078125 0.010416666666666666
1 0.80234375 0.6864583333333333 0.0015625 0.0020833333333333333
1 0.82265625 0.684375 0.0015625 0.0020833333333333333
1 0.246875 0.6802083333333333 0.003125 0.0020833333333333333
1 0.24765625 0.6739583333333333 0.0046875 0.0020833333333333333
1 0.13046875 0.746875 0.2359375 0.14791666666666667
1 0.81484375 0.678125 0.0171875 0.014583333333333334
1 0.2625 0.6770833333333334 0.025 0.0125
1 0.92421875 0.6677083333333333 0.0015625 0.0020833333333333333
1 0.84296875 0.6677083333333333 0.0015625 0.0020833333333333333
1 0.25546875 0.66875 0.0046875 0.004166666666666667
1 0.84609375 0.665625 0.0015625 0.0020833333333333333
1 0.27890625 0.6614583333333334 0.0046875 0.0020833333333333333
1 0.84765625 0.6572916666666667 0.0015625 0.0020833333333333333
1 0.83203125 0.6614583333333334 0.0078125 0.010416666666666666
1 0.8625 0.6583333333333333 0.00625 0.008333333333333333
1 0.30546875 0.6552083333333333 0.0015625 0.0020833333333333333
1 0.30234375 0.6552083333333333 0.0015625 0.0020833333333333333
1 0.84140625 0.653125 0.0078125 0.00625
1 0.8671875 0.6489583333333333 0.003125 0.00625
1 0.57421875 0.6447916666666667 0.0015625 0.0020833333333333333
1 0.56171875 0.6520833333333333 0.0203125 0.016666666666666666
1 0.33984375 0.6427083333333333 0.0015625 0.0020833333333333333
1 0.328125 0.64375 0.00625 0.004166666666666667
1 0.57734375 0.640625 0.0015625 0.0020833333333333333
1 0.3453125 0.640625 0.003125 0.0020833333333333333
1 0.35546875 0.6385416666666667 0.0046875 0.0020833333333333333
1 0.85390625 0.6427083333333333 0.0109375 0.01875
1 0.384375 0.6375 0.01875 0.008333333333333333
1 0.7796875 0.815625 0.309375 0.36875
1 0.39921875 0.6322916666666667 0.0015625 0.0020833333333333333
1 0.371875 0.634375 0.025 0.00625
1 0.8890625 0.628125 0.00625 0.0020833333333333333
1 0.40078125 0.6260416666666667 0.0015625 0.0020833333333333333
1 0.40703125 0.6239583333333333 0.0015625 0.0020833333333333333
1 0.89921875 0.6208333333333333 0.0015625 0.004166666666666667
1 0.8953125 0.61875 0.003125 0.004166666666666667
1 0.42890625 0.6177083333333333 0.0015625 0.0020833333333333333
1 0.41953125 0.61875 0.0140625 0.008333333333333333
1 0.87265625 0.6208333333333333 0.0203125 0.025
1 0.42734375 0.6104166666666667 0.0046875 0.004166666666666667
1 0.43828125 0.60625 0.0140625 0.008333333333333333
1 0.91953125 0.6010416666666667 0.0015625 0.0020833333333333333
1 0.453125 0.6010416666666667 0.00625 0.0020833333333333333
1 0.44765625 0.6020833333333333 0.0015625 0.004166666666666667
1 0.46171875 0.5989583333333334 0.0046875 0.0020833333333333333
1 0.9234375 0.5979166666666667 0.003125 0.004166666666666667
1 0.46796875 0.596875 0.0015625 0.0020833333333333333
1 0.35078125 0.5979166666666667 0.0015625 0.004166666666666667
1 0.5109375 0.5958333333333333 0.003125 0.004166666666666667
1 0.47109375 0.5895833333333333 0.0046875 0.004166666666666667
1 0.47734375 0.5885416666666666 0.0078125 0.01875
1 0.896875 0.5885416666666666 0.01875 0.022916666666666665
1 0.92109375 0.5760416666666667 0.0015625 0.0020833333333333333
1 0.925 0.571875 0.003125 0.010416666666666666
1 0.5125 0.5708333333333333 0.040625 0.041666666666666664
1 0.50234375 0.5520833333333334 0.0046875 0.008333333333333333
1 0.53828125 0.54375 0.0046875 0.004166666666666667
1 0.52734375 0.540625 0.0015625 0.0020833333333333333
1 0.51953125 0.5364583333333334 0.0015625 0.0020833333333333333
1 0.51640625 0.5385416666666667 0.0015625 0.00625
1 0.54921875 0.5322916666666667 0.0015625 0.0020833333333333333
1 0.5125 0.5364583333333334 0.003125 0.010416666666666666
1 0.55546875 0.5302083333333333 0.0046875 0.00625
1 0.71171875 0.515625 0.0015625 0.0020833333333333333
1 0.546875 0.51875 0.025 0.016666666666666666
1 0.93125 0.5375 0.0375 0.058333333333333334
1 0.57265625 0.5052083333333334 0.0046875 0.0020833333333333333
1 0.58046875 0.5020833333333333 0.0015625 0.004166666666666667
1 0.96640625 0.49895833333333334 0.0015625 0.0020833333333333333
1 0.57265625 0.49895833333333334 0.0015625 0.0020833333333333333
1 0.54296875 0.503125 0.0171875 0.010416666666666666
1 0.96953125 0.49166666666666664 0.0015625 0.004166666666666667
1 0.96640625 0.4864583333333333 0.0015625 0.0020833333333333333
1 0.59453125 0.478125 0.0015625 0.0020833333333333333
1 0.5828125 0.48333333333333334 0.01875 0.03333333333333333
1 0.559375 0.49166666666666664 0.01875 0.05
1 0.62421875 0.4375 0.0046875 0.008333333333333333
1 0.61640625 0.4322916666666667 0.0078125 0.00625
1 0.62578125 0.42604166666666665 0.0015625 0.0020833333333333333
1 0.63125 0.4197916666666667 0.003125 0.00625
1 0.615625 0.4166666666666667 0.003125 0.008333333333333333
1 0.97421875 0.4041666666666667 0.0015625 0.004166666666666667
1 0.59296875 0.4375 0.0359375 0.075
1 0.64453125 0.39895833333333336 0.0015625 0.0020833333333333333
1 0.77265625 0.3958333333333333 0.0109375 0.008333333333333333
1 0.9796875 0.390625 0.009375 0.01875
1 0.75546875 0.3802083333333333 0.0015625 0.0020833333333333333
1 0.6421875 0.3885416666666667 0.015625 0.01875
1 0.7484375 0.378125 0.003125 0.010416666666666666
1 0.98515625 0.36770833333333336 0.0015625 0.0020833333333333333
1 0.61953125 0.36770833333333336 0.0015625 0.0020833333333333333
1 0.61328125 0.38333333333333336 0.0078125 0.03333333333333333
1 0.98203125 0.365625 0.0015625 0.0020833333333333333
1 0.65625 0.36041666666666666 0.00625 0.008333333333333333
1 0.76875 0.35833333333333334 0.01875 0.020833333333333332
1 0.66328125 0.35 0.0046875 0.008333333333333333
1 0.65859375 0.33645833333333336 0.0015625 0.0020833333333333333
1 0.97265625 0.34791666666666665 0.0078125 0.03333333333333333
1 0.98359375 0.3385416666666667 0.0171875 0.035416666666666666
1 0.97578125 0.3177083333333333 0.0015625 0.0020833333333333333
1 0.89921875 0.32083333333333336 0.0046875 0.008333333333333333
1 0.7828125 0.31666666666666665 0.009375 0.008333333333333333
1 0.78984375 0.31145833333333334 0.0015625 0.0020833333333333333
1 0.76015625 0.3125 0.0046875 0.008333333333333333
1 0.0078125 0.31666666666666665 0.015625 0.016666666666666666
1 0.6625 0.315625 0.003125 0.03125
1 0.97109375 0.29791666666666666 0.0015625 0.004166666666666667
1 0.76171875 0.27708333333333335 0.0015625 0.004166666666666667
1 0.9609375 0.271875 0.003125 0.00625
1 0.76328125 0.2677083333333333 0.0015625 0.0020833333333333333
1 0.66953125 0.275 0.0109375 0.025
1 0.95546875 0.25729166666666664 0.0015625 0.0020833333333333333
1 0.67421875 0.24895833333333334 0.0015625 0.0020833333333333333
1 0.67421875 0.2375 0.0015625 0.008333333333333333
1 0.809375 0.23541666666666666 0.009375 0.008333333333333333
1 0.93984375 0.23229166666666667 0.0046875 0.00625
1 0.80703125 0.21979166666666666 0.0046875 0.00625
1 0.921875 0.21666666666666667 0.00625 0.004166666666666667
1 0.71953125 0.20625 0.0078125 0.004166666666666667
1 0.73671875 0.25625 0.1390625 0.1125
1 0.77265625 0.19166666666666668 0.0046875 0.004166666666666667
1 0.83203125 0.18645833333333334 0.1171875 0.027083333333333334
1 0.34609375 0.005208333333333333 0.0015625 0.0020833333333333333
1 0.34296875 0.005208333333333333 0.0015625 0.0020833333333333333
1 0.33984375 0.005208333333333333 0.0015625 0.0020833333333333333
1 0.33671875 0.005208333333333333 0.0015625 0.0020833333333333333
1 0.33359375 0.005208333333333333 0.0015625 0.0020833333333333333
1 0.33046875 0.005208333333333333 0.0015625 0.0020833333333333333
1 0.32734375 0.005208333333333333 0.0015625 0.0020833333333333333
1 0.32421875 0.005208333333333333 0.0015625 0.0020833333333333333
1 0.32109375 0.005208333333333333 0.0015625 0.0020833333333333333
1 0.31796875 0.005208333333333333 0.0015625 0.0020833333333333333
1 0.31484375 0.005208333333333333 0.0015625 0.0020833333333333333
1 0.31171875 0.005208333333333333 0.0015625 0.0020833333333333333
1 0.30859375 0.005208333333333333 0.0015625 0.0020833333333333333
1 0.30546875 0.005208333333333333 0.0015625 0.0020833333333333333
1 0.30234375 0.005208333333333333 0.0015625 0.0020833333333333333
1 0.29921875 0.005208333333333333 0.0015625 0.0020833333333333333
1 0.27421875 0.005208333333333333 0.0015625 0.0020833333333333333
1 0.27109375 0.005208333333333333 0.0015625 0.0020833333333333333
1 0.26796875 0.005208333333333333 0.0015625 0.0020833333333333333
1 0.26484375 0.005208333333333333 0.0015625 0.0020833333333333333
1 0.26171875 0.005208333333333333 0.0015625 0.0020833333333333333
1 0.25859375 0.005208333333333333 0.0015625 0.0020833333333333333
1 0.25546875 0.005208333333333333 0.0015625 0.0020833333333333333
1 0.25234375 0.005208333333333333 0.0015625 0.0020833333333333333
1 0.28984375 0.003125 0.0015625 0.0020833333333333333
1 0.2484375 0.004166666666666667 0.003125 0.004166666666666667
1 0.24453125 0.003125 0.0015625 0.0020833333333333333
1 0.24140625 0.003125 0.0015625 0.0020833333333333333
1 0.23828125 0.003125 0.0015625 0.0020833333333333333
1 0.23515625 0.003125 0.0015625 0.0020833333333333333
1 0.23203125 0.003125 0.0015625 0.0020833333333333333
1 0.22890625 0.003125 0.0015625 0.0020833333333333333
1 0.17265625 0.003125 0.0015625 0.0020833333333333333
1 0.16953125 0.003125 0.0015625 0.0020833333333333333
1 0.16640625 0.003125 0.0015625 0.0020833333333333333
1 0.16328125 0.003125 0.0015625 0.0020833333333333333
1 0.16015625 0.003125 0.0015625 0.0020833333333333333
1 0.15703125 0.003125 0.0015625 0.0020833333333333333
1 0.15390625 0.003125 0.0015625 0.0020833333333333333
1 0.15078125 0.003125 0.0015625 0.0020833333333333333
1 0.14765625 0.003125 0.0015625 0.0020833333333333333
1 0.14453125 0.003125 0.0015625 0.0020833333333333333
1 0.14140625 0.003125 0.0015625 0.0020833333333333333
1 0.13828125 0.003125 0.0015625 0.0020833333333333333
1 0.13515625 0.003125 0.0015625 0.0020833333333333333
1 0.13203125 0.003125 0.0015625 0.0020833333333333333
1 0.12890625 0.003125 0.0015625 0.0020833333333333333
1 0.12578125 0.003125 0.0015625 0.0020833333333333333
1 0.12265625 0.003125 0.0015625 0.0020833333333333333
1 0.11953125 0.003125 0.0015625 0.0020833333333333333
1 0.11640625 0.003125 0.0015625 0.0020833333333333333
1 0.11328125 0.003125 0.0015625 0.0020833333333333333
1 0.11015625 0.003125 0.0015625 0.0020833333333333333
1 0.10703125 0.003125 0.0015625 0.0020833333333333333
1 0.10390625 0.003125 0.0015625 0.0020833333333333333
1 0.10078125 0.003125 0.0015625 0.0020833333333333333
1 0.09765625 0.003125 0.0015625 0.0020833333333333333
1 0.09453125 0.003125 0.0015625 0.0020833333333333333
1 0.09140625 0.003125 0.0015625 0.0020833333333333333
1 0.08828125 0.003125 0.0015625 0.0020833333333333333
1 0.08515625 0.003125 0.0015625 0.0020833333333333333
1 0.08203125 0.003125 0.0015625 0.0020833333333333333
1 0.07890625 0.003125 0.0015625 0.0020833333333333333
1 0.075 0.003125 0.003125 0.0020833333333333333
1 0.05078125 0.003125 0.0015625 0.0020833333333333333
