0 0.55078125 0.9916666666666667 0.0015625 0.004166666666666667
0 0.546875 0.9791666666666666 0.00625 0.004166666666666667
0 0.5625 0.9604166666666667 0.003125 0.004166666666666667
0 0.46328125 0.9291666666666667 0.0078125 0.004166666666666667
0 0.51171875 0.9177083333333333 0.0109375 0.010416666666666666
0 0.4890625 0.8875 0.03125 0.03333333333333333
0 0.46796875 0.8583333333333333 0.0078125 0.008333333333333333
0 0.45546875 0.9229166666666667 0.2078125 0.14583333333333334
0 0.35234375 0.8447916666666667 0.0046875 0.00625
0 0.34296875 0.821875 0.0234375 0.022916666666666665
0 0.3125 0.7635416666666667 0.003125 0.00625
0 0.32578125 0.7583333333333333 0.0015625 0.004166666666666667
0 0.4796875 0.75 0.025 0.016666666666666666
0 0.29921875 0.7322916666666667 0.0015625 0.0020833333333333333
0 0.43203125 0.725 0.0109375 0.008333333333333333
0 0.4671875 0.709375 0.028125 0.04375
0 0.45390625 0.6520833333333333 0.0078125 0.004166666666666667
0 0.27578125 0.6083333333333333 0.0046875 0.004166666666666667
0 0.28515625 0.63125 0.0453125 0.0625
0 0.39453125 0.7125 0.1296875 0.23333333333333334
0 0.4109375 0.5791666666666667 0.009375 0.0125
0 0.39765625 0.56875 0.0234375 0.029166666666666667
0 0.32265625 0.434375 0.0015625 0.0020833333333333333
0 0.296875 0.43125 0.003125 0.004166666666666667
0 0.31328125 0.4270833333333333 0.0015625 0.004166666666666667
0 0.2625 0.425 0.003125 0.004166666666666667
0 0.26484375 0.41770833333333335 0.0046875 0.00625
0 0.4328125 0.3645833333333333 0.040625 0.020833333333333332
0 0.45078125 0.33229166666666665 0.0015625 0.0020833333333333333
0 0.43828125 0.33645833333333336 0.0171875 0.014583333333333334
0 0.46328125 0.32708333333333334 0.0015625 0.004166666666666667
0 0.29375 0.321875 0.003125 0.00625
0 0.459375 0.30520833333333336 0.0375 0.027083333333333334
0 0.3125 0.29375 0.01875 0.0125
0 0.3171875 0.278125 0.009375 0.00625
0 0.32890625 0.2635416666666667 0.0109375 0.014583333333333334
0 0.53046875 0.20520833333333333 0.0015625 0.0020833333333333333
0 0.5421875 0.21041666666666667 0.01875 0.016666666666666666
1 0.45625 0.9989583333333333 0.003125 0.0020833333333333333
1 0.4734375 0.9979166666666667 0.009375 0.004166666666666667
1 0.44296875 0.9979166666666667 0.0015625 0.004166666666666667
1 0.40625 0.9979166666666667 0.0125 0.004166666666666667
1 0.38984375 0.996875 0.0015625 0.0020833333333333333
1 0.3953125 0.9958333333333333 0.00625 0.004166666666666667
1 0.34609375 0.9947916666666666 0.0015625 0.0020833333333333333
1 0.34296875 0.9947916666666666 0.0015625 0.0020833333333333333
1 0.33984375 0.9947916666666666 0.0015625 0.0020833333333333333
1 0.33671875 0.9947916666666666 0.0015625 0.0020833333333333333
1 0.33359375 0.9947916666666666 0.0015625 0.0020833333333333333
1 0.33046875 0.9947916666666666 0.0015625 0.0020833333333333333
1 0.32734375 0.9947916666666666 0.0015625 0.0020833333333333333
1 0.77109375 0.9958333333333333 0.0046875 0.008333333333333333
1 0.6484375 0.9927083333333333 0.003125 0.0020833333333333333
1 0.30859375 0.9927083333333333 0.0015625 0.0020833333333333333
1 0.6578125 0.9927083333333333 0.003125 0.00625
1 0.45078125 0.990625 0.0015625 0.0020833333333333333
1 0.3046875 0.9916666666666667 0.003125 0.004166666666666667
1 0.3 0.9927083333333333 0.003125 0.00625
1 0.1625 0.9927083333333333 0.028125 0.00625
1 0.14609375 0.990625 0.0015625 0.0020833333333333333
1 0.14296875 0.990625 0.0015625 0.0020833333333333333
1 0.13984375 0.990625 0.0015625 0.0020833333333333333
1 0.13671875 0.990625 0.0015625 0.0020833333333333333
1 0.13359375 0.990625 0.0015625 0.0020833333333333333
1 0.13046875 0.990625 0.0015625 0.0020833333333333333
1 0.69765625 0.9927083333333333 0.0046875 0.014583333333333334
1 0.67734375 0.9864583333333333 0.0015625 0.0020833333333333333
1 0.2375 0.990625 0.078125 0.014583333333333334
1 0.14921875 0.9802083333333333 0.0015625 0.0020833333333333333
1 0.14296875 0.9802083333333333 0.0015625 0.0020833333333333333
1 0.13984375 0.9802083333333333 0.0015625 0.0020833333333333333
1 0.13046875 0.9802083333333333 0.0015625 0.0020833333333333333
1 0.659375 0.9864583333333333 0.01875 0.01875
1 0.62578125 0.9697916666666667 0.0015625 0.0020833333333333333
1 0.0640625 0.984375 0.128125 0.03125
1 0.73984375 0.9677083333333333 0.0015625 0.0020833333333333333
1 0.734375 0.9833333333333333 0.015625 0.03333333333333333
1 0.96953125 0.9822916666666667 0.0046875 0.035416666666666666
1 0.41015625 0.9645833333333333 0.0046875 0.004166666666666667
1 0.396875 0.9552083333333333 0.00625 0.00625
1 0.39140625 0.9510416666666667 0.0015625 0.0020833333333333333
1 0.74921875 0.95 0.0015625 0.029166666666666667
1 0.74921875 0.9260416666666667 0.0015625 0.0020833333333333333
1 0.74765625 0.90625 0.0015625 0.004166666666666667
1 0.72578125 0.8822916666666667 0.0015625 0.00625
1 0.7546875 0.890625 0.021875 0.04375
1 0.54140625 0.8447916666666667 0.0015625 0.0020833333333333333
1 0.55078125 0.846875 0.0046875 0.014583333333333334
1 0.72734375 0.8375 0.0015625 0.004166666666666667
1 0.7453125 0.85 0.009375 0.03333333333333333
1 0.52109375 0.834375 0.0078125 0.010416666666666666
1 0.5375 0.8302083333333333 0.00625 0.010416666666666666
1 0.53203125 0.8239583333333333 0.0015625 0.0020833333333333333
1 0.52890625 0.821875 0.0015625 0.0020833333333333333
1 0.54765625 0.821875 0.0046875 0.00625
1 0.71875 0.8239583333333333 0.009375 0.014583333333333334
1 0.54296875 0.8177083333333334 0.0015625 0.0020833333333333333
1 0.52109375 0.8208333333333333 0.0109375 0.0125
1 0.31015625 0.8052083333333333 0.0015625 0.0020833333333333333
1 0.31015625 0.8010416666666667 0.0015625 0.0020833333333333333
1 0.30703125 0.7947916666666667 0.0015625 0.0020833333333333333
1 0.29453125 0.790625 0.0015625 0.0020833333333333333
1 0.67734375 0.7677083333333333 0.0015625 0.0020833333333333333
1 0.67421875 0.7635416666666667 0.0015625 0.0020833333333333333
1 0.68046875 0.7635416666666667 0.0015625 0.00625
1 0.67265625 0.759375 0.0015625 0.0020833333333333333
1 0.27890625 0.753125 0.0015625 0.0020833333333333333
1 0.2765625 0.7489583333333333 0.003125 0.0020833333333333333
1 0.696875 0.7416666666666667 0.00625 0.0125
1 0.9859375 0.8666666666666667 0.028125 0.26666666666666666
1 0.66328125 0.7322916666666667 0.0015625 0.0020833333333333333
1 0.99765625 0.6989583333333333 0.0046875 0.0020833333333333333
1 0.6484375 0.6802083333333333 0.003125 0.00625
1 0.66953125 0.715625 0.0203125 0.08125
1 0.6296875 0.684375 0.00625 0.01875
1 0.65859375 0.671875 0.0015625 0.0020833333333333333
1 0.65859375 0.6677083333333333 0.0046875 0.0020833333333333333
1 0.66484375 0.665625 0.0015625 0.0020833333333333333
1 0.66484375 0.634375 0.0015625 0.0020833333333333333
1 0.66015625 0.6322916666666667 0.0015625 0.0020833333333333333
1 0.65546875 0.6291666666666667 0.0015625 0.008333333333333333
1 0.6609375 0.6239583333333333 0.003125 0.010416666666666666
1 0.33359375 0.5020833333333333 0.0046875 0.004166666666666667
1 0.6578125 0.5145833333333333 0.003125 0.03333333333333333
1 0.35625 0.49166666666666664 0.003125 0.004166666666666667
1 0.34453125 0.496875 0.0140625 0.014583333333333334
1 0.246875 0.5104166666666666 0.0125 0.041666666666666664
1 0.625 0.4947916666666667 0.0125 0.022916666666666665
1 0.26328125 0.496875 0.0234375 0.05625
1 0.6578125 0.4666666666666667 0.003125 0.004166666666666667
1 0.61328125 0.46875 0.0265625 0.029166666666666667
1 0.65078125 0.421875 0.0015625 0.00625
1 0.64609375 0.4239583333333333 0.0046875 0.014583333333333334
1 0.63125 0.40520833333333334 0.0125 0.00625
1 0.67109375 0.39895833333333336 0.0046875 0.0020833333333333333
1 0.65703125 0.41041666666666665 0.0171875 0.025
1 0.0046875 0.390625 0.003125 0.01875
1 0.28671875 0.38125 0.0140625 0.016666666666666666
1 0.346875 0.37916666666666665 0.00625 0.020833333333333332
1 0.265625 0.3625 0.009375 0.0125
1 0.66015625 0.35104166666666664 0.0046875 0.0020833333333333333
1 0.00546875 0.33958333333333335 0.0046875 0.016666666666666666
1 0.671875 0.3385416666666667 0.05625 0.06041666666666667
1 0.00546875 0.31666666666666665 0.0046875 0.016666666666666666
1 0.0078125 0.3 0.00625 0.004166666666666667
1 0.6640625 0.30520833333333336 0.078125 0.035416666666666666
1 0.58203125 0.27395833333333336 0.0015625 0.0020833333333333333
1 0.00546875 0.2677083333333333 0.0015625 0.0020833333333333333
1 0.6953125 0.26458333333333334 0.009375 0.008333333333333333
1 0.5609375 0.26666666666666666 0.01875 0.016666666666666666
1 0.70546875 0.25833333333333336 0.0078125 0.0125
1 0.60390625 0.24166666666666667 0.0140625 0.008333333333333333
1 0.72421875 0.234375 0.0015625 0.0020833333333333333
1 0.72265625 0.23854166666666668 0.0046875 0.010416666666666666
1 0.01171875 0.24895833333333334 0.0078125 0.035416666666666666
1 0.7078125 0.23020833333333332 0.003125 0.010416666666666666
1 0.42109375 0.22395833333333334 0.0015625 0.0020833333333333333
1 0.33203125 0.203125 0.0015625 0.0020833333333333333
1 0.71875 0.209375 0.0125 0.022916666666666665
1 0.41484375 0.22083333333333333 0.0609375 0.058333333333333334
1 0.34765625 0.18854166666666666 0.0015625 0.0020833333333333333
1 0.62578125 0.18645833333333334 0.0015625 0.0020833333333333333
1 0.33828125 0.184375 0.0015625 0.0020833333333333333
1 0.62734375 0.18229166666666666 0.0015625 0.0020833333333333333
1 0.34453125 0.18229166666666666 0.0078125 0.00625
1 0.6390625 0.17916666666666667 0.01875 0.016666666666666666
1 0.753125 0.16875 0.00625 0.004166666666666667
1 0.44375 0.16979166666666667 0.003125 0.00625
1 0.40703125 0.16770833333333332 0.0015625 0.0020833333333333333
1 0.64453125 0.165625 0.0015625 0.0020833333333333333
1 0.625 0.17604166666666668 0.025 0.022916666666666665
1 0.44921875 0.165625 0.0015625 0.0020833333333333333
1 0.3953125 0.16666666666666666 0.009375 0.0125
1 0.45703125 0.15833333333333333 0.0109375 0.008333333333333333
1 0.7375 0.15104166666666666 0.025 0.010416666666666666
1 0.46328125 0.140625 0.0015625 0.0020833333333333333
1 0.64765625 0.134375 0.0015625 0.0020833333333333333
1 0.47265625 0.13541666666666666 0.0015625 0.004166666666666667
1 0.66171875 0.13229166666666667 0.0015625 0.0020833333333333333
1 0.665625 0.12916666666666668 0.00625 0.008333333333333333
1 0.7375 0.12708333333333333 0.025 0.0125
1 0.41328125 0.121875 0.0015625 0.0020833333333333333
1 0.40390625 0.15625 0.0953125 0.07083333333333333
1 0.41328125 0.11770833333333333 0.0015625 0.0020833333333333333
1 0.4265625 0.11666666666666667 0.003125 0.004166666666666667
1 0.66640625 0.11145833333333334 0.0015625 0.0020833333333333333
1 0.58515625 0.13645833333333332 0.0859375 0.05625
1 0.5046875 0.10729166666666666 0.009375 0.014583333333333334
1 0.6734375 0.13541666666666666 0.053125 0.075
1 0.6375 0.10625 0.025 0.016666666666666666
1 0.6671875 0.09375 0.009375 0.0125
1 0.65078125 0.08854166666666667 0.0015625 0.0020833333333333333
1 0.57109375 0.08958333333333333 0.0078125 0.004166666666666667
1 0.50390625 0.08854166666666667 0.0078125 0.00625
1 0.43984375 0.09791666666666667 0.0203125 0.025
1 0.6 0.0875 0.046875 0.016666666666666666
1 0.565625 0.06770833333333333 0.00625 0.0020833333333333333
1 0.55625 0.06770833333333333 0.009375 0.0020833333333333333
1 0.5390625 0.07916666666666666 0.053125 0.025
1 0.575 0.065625 0.003125 0.00625
1 0.7125 0.06041666666666667 0.025 0.0125
1 0.49609375 0.053125 0.0015625 0.0020833333333333333
1 0.49921875 0.051041666666666666 0.0015625 0.0020833333333333333
1 0.58671875 0.04895833333333333 0.0234375 0.022916666666666665
1 0.6484375 0.005208333333333333 0.003125 0.0020833333333333333
1 0.64453125 0.005208333333333333 0.0015625 0.0020833333333333333
1 0.64140625 0.005208333333333333 0.0015625 0.0020833333333333333
1 0.63125 0.005208333333333333 0.015625 0.0020833333333333333
1 0.92421875 0.015625 0.1515625 0.03125
1 0.775 0.00625 0.1 0.0125
1 0.69375 0.00625 0.0125 0.0125
1 0.01875 0.1 0.0375 0.2
