1 0.32421875 0.9927083333333333 0.0015625 0.0020833333333333333
1 0.32109375 0.990625 0.0015625 0.0020833333333333333
1 0.31796875 0.990625 0.0015625 0.0020833333333333333
1 0.31484375 0.990625 0.0015625 0.0020833333333333333
1 0.31171875 0.990625 0.0015625 0.0020833333333333333
1 0.30859375 0.990625 0.0015625 0.0020833333333333333
1 0.30546875 0.990625 0.0015625 0.0020833333333333333
1 0.325 0.98125 0.003125 0.004166666666666667
1 0.32109375 0.9802083333333333 0.0015625 0.0020833333333333333
1 0.31796875 0.9802083333333333 0.0015625 0.0020833333333333333
1 0.31171875 0.9802083333333333 0.0015625 0.0020833333333333333
1 0.16484375 0.9552083333333333 0.0328125 0.014583333333333334
1 0.1515625 0.965625 0.303125 0.06875
1 0.05625 0.9260416666666667 0.0125 0.00625
1 0.3796875 0.9260416666666667 0.04375 0.014583333333333334
1 0.42890625 0.9177083333333333 0.0015625 0.0020833333333333333
1 0.03203125 0.9239583333333333 0.0171875 0.014583333333333334
1 0.44921875 0.9166666666666666 0.0015625 0.004166666666666667
1 0.44609375 0.9166666666666666 0.0015625 0.004166666666666667
1 0.43515625 0.9166666666666666 0.0015625 0.004166666666666667
1 0.43203125 0.9166666666666666 0.0015625 0.004166666666666667
1 0.025 0.9166666666666666 0.003125 0.004166666666666667
1 0.440625 0.915625 0.00625 0.00625
1 0.415625 0.921875 0.021875 0.01875
1 0.35390625 0.909375 0.0015625 0.0020833333333333333
1 0.35078125 0.909375 0.0015625 0.0020833333333333333
1 0.35859375 0.9072916666666667 0.0015625 0.0020833333333333333
1 0.45234375 0.9052083333333333 0.0015625 0.0020833333333333333
1 0.47890625 0.8989583333333333 0.0015625 0.0020833333333333333
1 0.4734375 0.9 0.03125 0.020833333333333332
1 0.51484375 0.8895833333333333 0.0046875 0.004166666666666667
1 0.51640625 0.884375 0.0015625 0.0020833333333333333
1 0.5328125 0.8802083333333334 0.003125 0.0020833333333333333
1 0.3375 0.8833333333333333 0.00625 0.008333333333333333
1 0.51953125 0.8791666666666667 0.0078125 0.004166666666666667
1 0.51640625 0.8760416666666667 0.0015625 0.0020833333333333333
1 0.35234375 0.86875 0.0015625 0.004166666666666667
1 0.29765625 0.8677083333333333 0.0015625 0.0020833333333333333
1 0.28515625 0.8677083333333333 0.0203125 0.0020833333333333333
1 0.25 0.8739583333333333 0.025 0.01875
1 0.5484375 0.8635416666666667 0.003125 0.0020833333333333333
1 0.3125 0.8552083333333333 0.00625 0.00625
1 0.2375 0.8572916666666667 0.00625 0.010416666666666666
1 0.40546875 0.8520833333333333 0.0015625 0.004166666666666667
1 0.32109375 0.8510416666666667 0.0015625 0.0020833333333333333
1 0.31796875 0.8510416666666667 0.0015625 0.0020833333333333333
1 0.3625 0.85 0.00625 0.008333333333333333
1 0.58515625 0.8447916666666667 0.0015625 0.0020833333333333333
1 0.57421875 0.8479166666666667 0.0171875 0.0125
1 0.4109375 0.84375 0.003125 0.004166666666666667
1 0.390625 0.85 0.025 0.020833333333333332
1 0.3421875 0.8416666666666667 0.003125 0.004166666666666667
1 0.240625 0.8375 0.009375 0.0125
1 0.3703125 0.83125 0.009375 0.004166666666666667
1 0.60234375 0.828125 0.0046875 0.00625
1 0.60703125 0.8239583333333333 0.0015625 0.0020833333333333333
1 0.61171875 0.821875 0.0015625 0.0020833333333333333
1 0.62265625 0.8197916666666667 0.0015625 0.0020833333333333333
1 0.61953125 0.8197916666666667 0.0015625 0.0020833333333333333
1 0.41796875 0.825 0.0109375 0.016666666666666666
1 0.25234375 0.8145833333333333 0.0171875 0.029166666666666667
1 0.22890625 0.8010416666666667 0.0015625 0.0020833333333333333
1 0.6328125 0.809375 0.015625 0.022916666666666665
1 0.41171875 0.7989583333333333 0.0015625 0.0020833333333333333
1 0.40859375 0.7989583333333333 0.0015625 0.0020833333333333333
1 0.4265625 0.7979166666666667 0.003125 0.004166666666666667
1 0.26484375 0.7979166666666667 0.0046875 0.004166666666666667
1 0.40390625 0.7958333333333333 0.0046875 0.008333333333333333
1 0.26953125 0.7927083333333333 0.0015625 0.0020833333333333333
1 0.40546875 0.7885416666666667 0.0015625 0.0020833333333333333
1 0.40234375 0.7885416666666667 0.0015625 0.0020833333333333333
1 0.6515625 0.7895833333333333 0.015625 0.016666666666666666
1 0.2796875 0.7864583333333334 0.0125 0.010416666666666666
1 0.42265625 0.7791666666666667 0.0046875 0.004166666666666667
1 0.6609375 0.7770833333333333 0.003125 0.004166666666666667
1 0.2765625 0.7697916666666667 0.003125 0.0020833333333333333
1 0.67109375 0.7572916666666667 0.0015625 0.0020833333333333333
1 0.67421875 0.7552083333333334 0.0015625 0.0020833333333333333
1 0.2671875 0.7552083333333334 0.015625 0.00625
1 0.67578125 0.7510416666666667 0.0015625 0.0020833333333333333
1 0.3 0.7583333333333333 0.0125 0.029166666666666667
1 0.5765625 0.7364583333333333 0.003125 0.0020833333333333333
1 0.68671875 0.7322916666666667 0.0015625 0.0020833333333333333
1 0.6890625 0.7239583333333334 0.003125 0.0020833333333333333
1 0.6984375 0.7166666666666667 0.0125 0.008333333333333333
1 0.4890625 0.7135416666666666 0.003125 0.0020833333333333333
1 0.3203125 0.7270833333333333 0.021875 0.029166666666666667
1 0.32890625 0.7114583333333333 0.0015625 0.0020833333333333333
1 0.5109375 0.7125 0.0125 0.008333333333333333
1 0.496875 0.7125 0.009375 0.008333333333333333
1 0.48359375 0.7072916666666667 0.0015625 0.0020833333333333333
1 0.59296875 0.7083333333333334 0.0109375 0.008333333333333333
1 0.58046875 0.7083333333333334 0.0109375 0.008333333333333333
1 0.56796875 0.7020833333333333 0.0078125 0.004166666666666667
1 0.52421875 0.7010416666666667 0.0015625 0.0020833333333333333
1 0.48203125 0.7010416666666667 0.0015625 0.0020833333333333333
1 0.55625 0.703125 0.0125 0.010416666666666666
1 0.6125 0.6958333333333333 0.021875 0.016666666666666666
1 0.49453125 0.690625 0.0046875 0.00625
1 0.48671875 0.6864583333333333 0.0015625 0.0020833333333333333
1 0.490625 0.684375 0.003125 0.0020833333333333333
1 0.72265625 0.68125 0.0015625 0.004166666666666667
1 0.49765625 0.68125 0.0078125 0.0125
1 0.7234375 0.6739583333333333 0.003125 0.00625
1 0.51953125 0.6729166666666667 0.0140625 0.004166666666666667
1 0.721875 0.6677083333333333 0.003125 0.0020833333333333333
1 0.5640625 0.6833333333333333 0.040625 0.03333333333333333
1 0.7140625 0.6635416666666667 0.003125 0.00625
1 0.52109375 0.6604166666666667 0.0078125 0.004166666666666667
1 0.5625 0.659375 0.025 0.010416666666666666
1 0.52578125 0.6552083333333333 0.0015625 0.0020833333333333333
1 0.95859375 0.8208333333333333 0.0828125 0.35833333333333334
1 0.3640625 0.6697916666666667 0.05 0.06041666666666667
1 0.99609375 0.634375 0.0015625 0.0020833333333333333
1 0.7265625 0.6458333333333334 0.01875 0.025
1 0.6359375 0.6375 0.009375 0.008333333333333333
1 0.62890625 0.634375 0.0015625 0.0020833333333333333
1 0.62578125 0.634375 0.0015625 0.0020833333333333333
1 0.61171875 0.634375 0.0078125 0.0020833333333333333
1 0.60546875 0.634375 0.0015625 0.0020833333333333333
1 0.60234375 0.634375 0.0015625 0.0020833333333333333
1 0.59921875 0.634375 0.0015625 0.0020833333333333333
1 0.59609375 0.634375 0.0015625 0.0020833333333333333
1 0.59296875 0.634375 0.0015625 0.0020833333333333333
1 0.58984375 0.634375 0.0015625 0.0020833333333333333
1 0.58671875 0.634375 0.0015625 0.0020833333333333333
1 0.58359375 0.634375 0.0015625 0.0020833333333333333
1 0.58046875 0.634375 0.0015625 0.0020833333333333333
1 0.57734375 0.634375 0.0015625 0.0020833333333333333
1 0.99921875 0.6333333333333333 0.0015625 0.004166666666666667
1 0.65234375 0.6385416666666667 0.0140625 0.014583333333333334
1 0.68359375 0.628125 0.0109375 0.010416666666666666
1 0.5421875 0.6239583333333333 0.015625 0.014583333333333334
1 0.4 0.621875 0.01875 0.03125
1 0.99375 0.61875 0.0125 0.029166666666666667
1 0.71796875 0.6197916666666666 0.0328125 0.03958333333333333
1 0.67421875 0.603125 0.0015625 0.00625
1 0.67109375 0.6010416666666667 0.0015625 0.0020833333333333333
1 0.66796875 0.6010416666666667 0.0015625 0.0020833333333333333
1 0.66484375 0.6010416666666667 0.0015625 0.0020833333333333333
1 0.55078125 0.6072916666666667 0.0015625 0.014583333333333334
1 0.9984375 0.5989583333333334 0.003125 0.0020833333333333333
1 0.66171875 0.6 0.0015625 0.004166666666666667
1 0.59609375 0.5989583333333334 0.0015625 0.0020833333333333333
1 0.59296875 0.5989583333333334 0.0015625 0.0020833333333333333
1 0.58984375 0.5989583333333334 0.0015625 0.0020833333333333333
1 0.58671875 0.5989583333333334 0.0015625 0.0020833333333333333
1 0.58359375 0.5989583333333334 0.0015625 0.0020833333333333333
1 0.58046875 0.5989583333333334 0.0015625 0.0020833333333333333
1 0.57734375 0.5989583333333334 0.0015625 0.0020833333333333333
1 0.74921875 0.596875 0.0015625 0.0020833333333333333
1 0.74453125 0.596875 0.0015625 0.0020833333333333333
1 0.74140625 0.596875 0.0015625 0.0020833333333333333
1 0.6234375 0.5979166666666667 0.05 0.004166666666666667
1 0.5453125 0.596875 0.003125 0.0020833333333333333
1 0.4125 0.5958333333333333 0.00625 0.0125
1 0.75078125 0.5927083333333333 0.0109375 0.010416666666666666
1 0.75703125 0.5864583333333333 0.0015625 0.00625
1 0.62421875 0.56875 0.0484375 0.004166666666666667
1 0.75625 0.5645833333333333 0.00625 0.004166666666666667
1 0.553125 0.5572916666666666 0.00625 0.01875
1 0.4328125 0.5541666666666667 0.0125 0.020833333333333332
1 0.57265625 0.5541666666666667 0.0046875 0.025
1 0.43515625 0.540625 0.0015625 0.0020833333333333333
1 0.64921875 0.5416666666666666 0.0015625 0.008333333333333333
1 0.62421875 0.5395833333333333 0.0015625 0.008333333333333333
1 0.5546875 0.5385416666666667 0.003125 0.00625
1 0.7640625 0.5375 0.009375 0.008333333333333333
1 0.59765625 0.534375 0.0046875 0.0020833333333333333
1 0.59296875 0.534375 0.0015625 0.0020833333333333333
1 0.5859375 0.5322916666666667 0.009375 0.00625
1 0.76640625 0.5291666666666667 0.0015625 0.004166666666666667
1 0.60859375 0.528125 0.0015625 0.0020833333333333333
1 0.7640625 0.5239583333333333 0.003125 0.0020833333333333333
1 0.43984375 0.5302083333333333 0.0046875 0.014583333333333334
1 0.64453125 0.521875 0.0015625 0.0020833333333333333
1 0.640625 0.5208333333333334 0.003125 0.004166666666666667
1 0.7640625 0.5135416666666667 0.003125 0.0020833333333333333
1 0.76640625 0.509375 0.0015625 0.0020833333333333333
1 0.59765625 0.5104166666666666 0.0015625 0.004166666666666667
1 0.57578125 0.49895833333333334 0.0015625 0.0020833333333333333
1 0.5703125 0.49895833333333334 0.003125 0.0020833333333333333
1 0.58203125 0.49583333333333335 0.0046875 0.008333333333333333
1 0.57265625 0.49166666666666664 0.0046875 0.004166666666666667
1 0.55859375 0.4895833333333333 0.0015625 0.008333333333333333
1 0.76953125 0.4739583333333333 0.0015625 0.0020833333333333333
1 0.45 0.4822916666666667 0.00625 0.01875
1 0.76640625 0.46770833333333334 0.0015625 0.0020833333333333333
1 0.559375 0.4354166666666667 0.003125 0.004166666666666667
1 0.58046875 0.43020833333333336 0.0015625 0.0020833333333333333
1 0.7671875 0.44479166666666664 0.003125 0.03958333333333333
1 0.57890625 0.425 0.0015625 0.004166666666666667
1 0.56171875 0.425 0.0015625 0.004166666666666667
1 0.56484375 0.42291666666666666 0.0015625 0.004166666666666667
1 0.5734375 0.41458333333333336 0.015625 0.008333333333333333
1 0.58203125 0.39791666666666664 0.0046875 0.004166666666666667
1 0.571875 0.39791666666666664 0.00625 0.004166666666666667
1 0.45234375 0.3927083333333333 0.0015625 0.00625
1 0.765625 0.38958333333333334 0.003125 0.008333333333333333
1 0.57578125 0.3875 0.0015625 0.004166666666666667
1 0.45234375 0.38229166666666664 0.0015625 0.0020833333333333333
1 0.76328125 0.38125 0.0015625 0.004166666666666667
1 0.5734375 0.3770833333333333 0.003125 0.004166666666666667
1 0.76171875 0.37395833333333334 0.0015625 0.0020833333333333333
1 0.56640625 0.3697916666666667 0.0015625 0.0020833333333333333
1 0.7609375 0.36041666666666666 0.003125 0.008333333333333333
1 0.75859375 0.34791666666666665 0.0015625 0.008333333333333333
1 0.45234375 0.3541666666666667 0.0015625 0.025
1 0.615625 0.3302083333333333 0.00625 0.00625
1 0.453125 0.3229166666666667 0.00625 0.025
1 0.57421875 0.30104166666666665 0.0015625 0.0020833333333333333
1 0.57109375 0.2989583333333333 0.0015625 0.0020833333333333333
1 0.45078125 0.29583333333333334 0.0078125 0.008333333333333333
1 0.7515625 0.31354166666666666 0.015625 0.05625
1 0.74140625 0.28020833333333334 0.0015625 0.0020833333333333333
1 0.6265625 0.2760416666666667 0.003125 0.0020833333333333333
1 0.45078125 0.278125 0.0015625 0.00625
1 0.63046875 0.27395833333333336 0.0015625 0.0020833333333333333
1 0.62421875 0.2708333333333333 0.0015625 0.004166666666666667
1 0.57109375 0.2677083333333333 0.0015625 0.0020833333333333333
1 0.62890625 0.26458333333333334 0.0046875 0.004166666666666667
1 0.446875 0.26458333333333334 0.00625 0.004166666666666667
1 0.56171875 0.2625 0.0015625 0.004166666666666667
1 0.7359375 0.259375 0.00625 0.014583333333333334
1 0.7328125 0.24791666666666667 0.003125 0.004166666666666667
1 0.7296875 0.23854166666666668 0.003125 0.00625
1 0.71953125 0.215625 0.0015625 0.0020833333333333333
1 0.71640625 0.22395833333333334 0.0046875 0.01875
1 0.71328125 0.196875 0.0046875 0.00625
1 0.55546875 0.19479166666666667 0.0078125 0.00625
1 0.7109375 0.1875 0.003125 0.008333333333333333
1 0.70234375 0.16354166666666667 0.0015625 0.0020833333333333333
1 0.41796875 0.16875 0.0109375 0.020833333333333332
1 0.42890625 0.13020833333333334 0.0046875 0.0020833333333333333
1 0.6671875 0.1125 0.00625 0.008333333333333333
1 0.6484375 0.09583333333333334 0.003125 0.004166666666666667
1 0.9875 0.08333333333333333 0.025 0.008333333333333333
1 0.41484375 0.09479166666666666 0.0140625 0.03125
1 0.9375 0.075 0.025 0.008333333333333333
1 0.50078125 0.06770833333333333 0.0015625 0.0020833333333333333
1 0.50703125 0.065625 0.0015625 0.0020833333333333333
1 0.43046875 0.06458333333333334 0.0109375 0.0125
1 0.47734375 0.03958333333333333 0.0046875 0.004166666666666667
1 0.5625 0.040625 0.009375 0.010416666666666666
1 0.55390625 0.036458333333333336 0.0015625 0.0020833333333333333
1 0.49609375 0.0375 0.0046875 0.004166666666666667
1 0.44296875 0.03854166666666667 0.0109375 0.014583333333333334
1 0.44765625 0.028125 0.0015625 0.0020833333333333333
1 0.48203125 0.016666666666666666 0.0015625 0.004166666666666667
1 0.46953125 0.023958333333333335 0.0203125 0.01875
1 0.63515625 0.011458333333333333 0.0015625 0.0020833333333333333
1 0.63203125 0.011458333333333333 0.0015625 0.0020833333333333333
1 0.62890625 0.011458333333333333 0.0015625 0.0020833333333333333
1 0.64375 0.009375 0.0125 0.00625
1 0.8375 0.03958333333333333 0.325 0.07916666666666666
1 0.61328125 0.00625 0.0265625 0.0125
1 0.0421875 0.19791666666666666 0.084375 0.3958333333333333
