0 0.50703125 0.5291666666666667 0.0203125 0.020833333333333332
0 0.3640625 0.40729166666666666 0.009375 0.010416666666666666
0 0.759375 0.41354166666666664 0.034375 0.035416666666666666
0 0.34765625 0.39375 0.0171875 0.0125
0 0.8234375 0.38333333333333336 0.01875 0.0125
0 0.2921875 0.3645833333333333 0.021875 0.020833333333333332
0 0.6453125 0.44375 0.14375 0.22083333333333333
0 0.29609375 0.2604166666666667 0.0203125 0.016666666666666666
0 0.28984375 0.246875 0.5796875 0.49375
1 0.4625 0.99375 0.025 0.0125
1 0.04765625 0.9364583333333333 0.0015625 0.0020833333333333333
1 0.4546875 0.9489583333333333 0.009375 0.03125
1 0.5 0.8333333333333334 0.06875 0.06666666666666667
1 0.6515625 0.7677083333333333 0.003125 0.010416666666666666
1 0.3203125 0.7645833333333333 0.003125 0.004166666666666667
1 0.29296875 0.759375 0.0015625 0.0020833333333333333
1 0.04453125 0.7541666666666667 0.0015625 0.004166666666666667
1 0.01328125 0.759375 0.0078125 0.014583333333333334
1 0.2703125 0.7583333333333333 0.021875 0.016666666666666666
1 0.3140625 0.7489583333333333 0.025 0.010416666666666666
1 0.29921875 0.7427083333333333 0.0015625 0.0020833333333333333
1 0.7125 0.7364583333333333 0.025 0.0020833333333333333
1 0.00625 0.74375 0.0125 0.020833333333333332
1 0.62578125 0.7302083333333333 0.0015625 0.0020833333333333333
1 0.22734375 0.73125 0.0015625 0.004166666666666667
1 0.23046875 0.73125 0.0015625 0.008333333333333333
1 0.0203125 0.7239583333333334 0.009375 0.014583333333333334
1 0.20078125 0.7114583333333333 0.0015625 0.0020833333333333333
1 0.2484375 0.7239583333333334 0.0875 0.04375
1 0.21328125 0.7010416666666667 0.0015625 0.0020833333333333333
1 0.04453125 0.7666666666666667 0.0609375 0.13333333333333333
1 0.05390625 0.7 0.0046875 0.004166666666666667
1 0.2984375 0.6947916666666667 0.003125 0.00625
1 0.16953125 0.6864583333333333 0.0015625 0.0020833333333333333
1 0.19296875 0.6854166666666667 0.0328125 0.025
1 0.765625 0.6947916666666667 0.10625 0.05625
1 0.14453125 0.6677083333333333 0.0015625 0.0020833333333333333
1 0.06328125 0.6708333333333333 0.0234375 0.0125
1 0.83671875 0.6552083333333333 0.0109375 0.00625
1 0.85546875 0.6489583333333333 0.0234375 0.014583333333333334
1 0.8640625 0.6354166666666666 0.003125 0.004166666666666667
1 0.021875 0.6677083333333333 0.025 0.06875
1 0.8828125 0.6322916666666667 0.003125 0.0020833333333333333
1 0.890625 0.628125 0.009375 0.010416666666666666
1 0.10859375 0.6 0.0015625 0.004166666666666667
1 0.50859375 0.596875 0.0046875 0.0020833333333333333
1 0.50390625 0.596875 0.0015625 0.0020833333333333333
1 0.50078125 0.596875 0.0015625 0.0020833333333333333
1 0.1046875 0.5989583333333334 0.003125 0.00625
1 0.35546875 0.7864583333333334 0.7109375 0.4270833333333333
1 0.0546875 0.5635416666666667 0.003125 0.0020833333333333333
1 0.05859375 0.5489583333333333 0.0171875 0.014583333333333334
1 0.02109375 0.534375 0.0078125 0.0020833333333333333
1 0.92265625 0.5802083333333333 0.0515625 0.09791666666666667
1 0.0140625 0.5302083333333333 0.003125 0.00625
1 0.02578125 0.528125 0.0015625 0.00625
1 0.01484375 0.5239583333333333 0.0015625 0.0020833333333333333
1 0.01171875 0.521875 0.0015625 0.0020833333333333333
1 0.9453125 0.521875 0.003125 0.010416666666666666
1 0.94296875 0.5135416666666667 0.0015625 0.0020833333333333333
1 0.840625 0.5145833333333333 0.003125 0.004166666666666667
1 0.84453125 0.5114583333333333 0.0015625 0.0020833333333333333
1 0.94140625 0.5010416666666667 0.0015625 0.0020833333333333333
1 0.0046875 0.5104166666666666 0.009375 0.029166666666666667
1 0.846875 0.49270833333333336 0.003125 0.00625
1 0.025 0.5072916666666667 0.05 0.06458333333333334
1 0.9390625 0.48125 0.00625 0.03333333333333333
1 0.83984375 0.46770833333333334 0.0046875 0.00625
1 0.83828125 0.46145833333333336 0.0015625 0.0020833333333333333
1 0.9265625 0.4375 0.01875 0.05
1 0.928125 0.4041666666666667 0.00625 0.0125
1 0.903125 0.3927083333333333 0.003125 0.0020833333333333333
1 0.89921875 0.38229166666666664 0.0015625 0.0020833333333333333
1 0.90234375 0.3770833333333333 0.0015625 0.004166666666666667
1 0.896875 0.37604166666666666 0.003125 0.00625
1 0.87890625 0.36875 0.0078125 0.016666666666666666
1 0.89609375 0.36041666666666666 0.0171875 0.020833333333333332
1 0.596875 0.3489583333333333 0.003125 0.0020833333333333333
1 0.59296875 0.3489583333333333 0.0015625 0.0020833333333333333
1 0.62890625 0.34479166666666666 0.0015625 0.0020833333333333333
1 0.6125 0.3458333333333333 0.025 0.004166666666666667
1 0.58828125 0.3458333333333333 0.0046875 0.004166666666666667
1 0.58125 0.34479166666666666 0.00625 0.0020833333333333333
1 0.63671875 0.340625 0.0109375 0.00625
1 0.62265625 0.33645833333333336 0.0015625 0.0020833333333333333
1 0.5625 0.34270833333333334 0.025 0.014583333333333334
1 0.4921875 0.33645833333333336 0.00625 0.0020833333333333333
1 0.49375 0.3416666666666667 0.096875 0.0125
1 0.65234375 0.334375 0.0046875 0.0020833333333333333
1 0.66171875 0.33229166666666665 0.0046875 0.0020833333333333333
1 0.434375 0.33229166666666665 0.003125 0.0020833333333333333
1 0.9015625 0.3302083333333333 0.003125 0.0020833333333333333
1 0.909375 0.3302083333333333 0.009375 0.00625
1 0.43359375 0.325 0.0015625 0.004166666666666667
1 0.425 0.325 0.0125 0.0125
1 0.68203125 0.32395833333333335 0.0328125 0.014583333333333334
1 0.40859375 0.3177083333333333 0.0171875 0.010416666666666666
1 0.725 0.31145833333333334 0.009375 0.00625
1 0.390625 0.31145833333333334 0.015625 0.00625
1 0.084375 0.30625 0.009375 0.004166666666666667
1 0.74921875 0.30416666666666664 0.0140625 0.008333333333333333
1 0.375 0.30416666666666664 0.0125 0.008333333333333333
1 0.09296875 0.3020833333333333 0.0015625 0.004166666666666667
1 0.765625 0.3 0.015625 0.004166666666666667
1 0.8828125 0.3104166666666667 0.028125 0.029166666666666667
1 0.77734375 0.296875 0.0015625 0.0020833333333333333
1 0.36171875 0.29583333333333334 0.0109375 0.008333333333333333
1 0.36953125 0.2916666666666667 0.0078125 0.004166666666666667
1 0.35234375 0.290625 0.0046875 0.0020833333333333333
1 0.8234375 0.29270833333333335 0.0875 0.01875
1 0.07734375 0.28854166666666664 0.0234375 0.022916666666666665
1 0.06484375 0.27395833333333336 0.0015625 0.0020833333333333333
1 0.35546875 0.271875 0.0015625 0.0020833333333333333
1 0.32421875 0.26145833333333335 0.0015625 0.0020833333333333333
1 0.328125 0.27291666666666664 0.040625 0.03333333333333333
1 0.8234375 0.25625 0.003125 0.004166666666666667
1 0.8234375 0.24375 0.003125 0.004166666666666667
1 0.296875 0.24895833333333334 0.01875 0.014583333333333334
1 0.28046875 0.23541666666666666 0.0046875 0.008333333333333333
1 0.271875 0.228125 0.009375 0.010416666666666666
1 0.26328125 0.221875 0.0015625 0.0020833333333333333
1 0.25703125 0.215625 0.0078125 0.010416666666666666
1 0.025 0.2125 0.003125 0.004166666666666667
1 0.25 0.209375 0.003125 0.0020833333333333333
1 0.01796875 0.2125 0.0046875 0.0125
1 0.24296875 0.20520833333333333 0.0015625 0.0020833333333333333
1 0.01484375 0.203125 0.0015625 0.0020833333333333333
1 0.23125 0.18958333333333333 0.021875 0.025
1 0.203125 0.15416666666666667 0.028125 0.0375
1 0.18515625 0.13229166666666667 0.0015625 0.0020833333333333333
1 0.17421875 0.115625 0.0015625 0.0020833333333333333
1 0.159375 0.08541666666666667 0.00625 0.0125
1 0.1390625 0.046875 0.003125 0.0020833333333333333
1 0.1359375 0.041666666666666664 0.003125 0.004166666666666667
1 0.1328125 0.028125 0.00625 0.010416666666666666
1 0.1171875 0.013541666666666667 0.003125 0.00625
1 0.1125 0.008333333333333333 0.003125 0.004166666666666667
