0 0.2546875 0.778125 0.021875 0.00625
0 0.30546875 0.7697916666666667 0.0234375 0.00625
0 0.15625 0.7197916666666667 0.003125 0.0020833333333333333
0 0.5328125 0.6947916666666667 0.015625 0.010416666666666666
0 0.55390625 0.6833333333333333 0.0234375 0.0125
0 0.56796875 0.6760416666666667 0.0015625 0.0020833333333333333
0 0.57734375 0.671875 0.0015625 0.0020833333333333333
0 0.58203125 0.6697916666666667 0.0015625 0.0020833333333333333
0 0.72265625 0.5822916666666667 0.0015625 0.0020833333333333333
0 0.32890625 0.5739583333333333 0.0015625 0.0020833333333333333
0 0.73203125 0.5760416666666667 0.0140625 0.010416666666666666
0 0.35390625 0.565625 0.0015625 0.0020833333333333333
0 0.3796875 0.5510416666666667 0.003125 0.0020833333333333333
0 0.77890625 0.5302083333333333 0.0015625 0.0020833333333333333
0 0.54765625 0.4739583333333333 0.0046875 0.00625
0 0.8734375 0.4354166666666667 0.003125 0.004166666666666667
0 0.60703125 0.4197916666666667 0.0171875 0.010416666666666666
0 0.81328125 0.22395833333333334 0.0015625 0.0020833333333333333
0 0.56484375 0.48020833333333335 0.8359375 0.58125
1 0.58125 0.9989583333333333 0.00625 0.0020833333333333333
1 0.575 0.9989583333333333 0.003125 0.0020833333333333333
1 0.34921875 0.996875 0.0015625 0.0020833333333333333
1 0.34609375 0.996875 0.0015625 0.0020833333333333333
1 0.34296875 0.996875 0.0015625 0.0020833333333333333
1 0.33984375 0.996875 0.0015625 0.0020833333333333333
1 0.33671875 0.996875 0.0015625 0.0020833333333333333
1 0.33359375 0.996875 0.0015625 0.0020833333333333333
1 0.33046875 0.996875 0.0015625 0.0020833333333333333
1 0.32734375 0.996875 0.0015625 0.0020833333333333333
1 0.57265625 0.9947916666666666 0.0078125 0.00625
1 0.31484375 0.9927083333333333 0.0015625 0.0020833333333333333
1 0.22421875 0.9927083333333333 0.0015625 0.0020833333333333333
1 0.30859375 0.9916666666666667 0.0046875 0.004166666666666667
1 0.30390625 0.990625 0.0015625 0.0020833333333333333
1 0.22109375 0.990625 0.0015625 0.0020833333333333333
1 0.21796875 0.990625 0.0015625 0.0020833333333333333
1 0.21484375 0.990625 0.0015625 0.0020833333333333333
1 0.21171875 0.990625 0.0015625 0.0020833333333333333
1 0.20859375 0.990625 0.0015625 0.0020833333333333333
1 0.20546875 0.990625 0.0015625 0.0020833333333333333
1 0.20234375 0.990625 0.0015625 0.0020833333333333333
1 0.19921875 0.990625 0.0015625 0.0020833333333333333
1 0.19609375 0.990625 0.0015625 0.0020833333333333333
1 0.19296875 0.990625 0.0015625 0.0020833333333333333
1 0.18984375 0.990625 0.0015625 0.0020833333333333333
1 0.18671875 0.990625 0.0015625 0.0020833333333333333
1 0.18359375 0.990625 0.0015625 0.0020833333333333333
1 0.18046875 0.990625 0.0015625 0.0020833333333333333
1 0.5875 0.9916666666666667 0.0125 0.008333333333333333
1 0.275 0.990625 0.053125 0.014583333333333334
1 0.225 0.98125 0.003125 0.004166666666666667
1 0.21796875 0.9802083333333333 0.0015625 0.0020833333333333333
1 0.21484375 0.9802083333333333 0.0015625 0.0020833333333333333
1 0.21171875 0.9802083333333333 0.0015625 0.0020833333333333333
1 0.19921875 0.9802083333333333 0.0015625 0.0020833333333333333
1 0.19609375 0.9802083333333333 0.0015625 0.0020833333333333333
1 0.18046875 0.9802083333333333 0.0015625 0.0020833333333333333
1 0.1765625 0.9802083333333333 0.003125 0.0020833333333333333
1 0.6484375 0.953125 0.003125 0.0020833333333333333
1 0.6984375 0.9145833333333333 0.003125 0.004166666666666667
1 0.81015625 0.8614583333333333 0.0015625 0.0020833333333333333
1 0.80078125 0.859375 0.0015625 0.0020833333333333333
1 0.0890625 0.925 0.178125 0.15
1 0.86953125 0.825 0.0078125 0.008333333333333333
1 0.09921875 0.790625 0.0046875 0.0020833333333333333
1 0.09453125 0.790625 0.0015625 0.0020833333333333333
1 0.07265625 0.7875 0.0015625 0.004166666666666667
1 0.06953125 0.7875 0.0015625 0.004166666666666667
1 0.06640625 0.7875 0.0015625 0.004166666666666667
1 0.06328125 0.7875 0.0015625 0.004166666666666667
1 0.06015625 0.7875 0.0015625 0.004166666666666667
1 0.05703125 0.7864583333333334 0.0015625 0.0020833333333333333
1 0.05390625 0.7864583333333334 0.0015625 0.0020833333333333333
1 0.15859375 0.7822916666666667 0.0015625 0.0020833333333333333
1 0.2859375 0.7802083333333333 0.003125 0.0020833333333333333
1 0.12890625 0.7802083333333333 0.0015625 0.0020833333333333333
1 0.11015625 0.7802083333333333 0.0015625 0.0020833333333333333
1 0.22109375 0.778125 0.0015625 0.0020833333333333333
1 0.13203125 0.7791666666666667 0.0015625 0.004166666666666667
1 0.10703125 0.7791666666666667 0.0015625 0.004166666666666667
1 0.07265625 0.775 0.0015625 0.004166666666666667
1 0.06953125 0.775 0.0015625 0.004166666666666667
1 0.06640625 0.775 0.0015625 0.004166666666666667
1 0.06328125 0.775 0.0015625 0.004166666666666667
1 0.06015625 0.775 0.0015625 0.004166666666666667
1 0.05703125 0.775 0.0015625 0.004166666666666667
1 0.05390625 0.775 0.0015625 0.004166666666666667
1 0.0453125 0.7729166666666667 0.003125 0.004166666666666667
1 0.09296875 0.771875 0.0046875 0.00625
1 0.04609375 0.7666666666666667 0.0046875 0.004166666666666667
1 0.97109375 0.759375 0.0015625 0.0020833333333333333
1 0.96796875 0.759375 0.0015625 0.0020833333333333333
1 0.96484375 0.759375 0.0015625 0.0020833333333333333
1 0.95859375 0.759375 0.0015625 0.0020833333333333333
1 0.07890625 0.7666666666666667 0.0140625 0.016666666666666666
1 0.0203125 0.7625 0.040625 0.03333333333333333
1 0.159375 0.7635416666666667 0.11875 0.05625
1 0.8 0.8666666666666667 0.4 0.26666666666666666
1 0.08515625 0.734375 0.0015625 0.0020833333333333333
1 0.09375 0.7333333333333333 0.0125 0.016666666666666666
1 0.07578125 0.725 0.0015625 0.0125
1 0.090625 0.71875 0.015625 0.004166666666666667
1 0.1125 0.7072916666666667 0.0125 0.014583333333333334
1 0.0734375 0.7020833333333333 0.003125 0.004166666666666667
1 0.02421875 0.7104166666666667 0.0484375 0.04583333333333333
1 0.99453125 0.675 0.0046875 0.016666666666666666
1 0.0625 0.65 0.025 0.0125
1 0.04921875 0.6375 0.0015625 0.004166666666666667
1 0.22734375 0.634375 0.0015625 0.0020833333333333333
1 0.11171875 0.665625 0.0734375 0.06875
1 0.253125 0.6291666666666667 0.003125 0.004166666666666667
1 0.996875 0.6291666666666667 0.00625 0.008333333333333333
1 0.196875 0.628125 0.00625 0.00625
1 0.240625 0.628125 0.003125 0.010416666666666666
1 0.26953125 0.6229166666666667 0.0234375 0.004166666666666667
1 0.24453125 0.621875 0.0015625 0.0020833333333333333
1 0.2203125 0.621875 0.00625 0.0020833333333333333
1 0.28515625 0.6197916666666666 0.0015625 0.0020833333333333333
1 0.25859375 0.6177083333333333 0.0015625 0.0020833333333333333
1 0.25546875 0.6177083333333333 0.0015625 0.0020833333333333333
1 0.25078125 0.61875 0.0046875 0.004166666666666667
1 0.6734375 0.615625 0.003125 0.0020833333333333333
1 0.26484375 0.615625 0.0015625 0.0020833333333333333
1 0.29765625 0.6145833333333334 0.0015625 0.004166666666666667
1 0.31171875 0.6104166666666667 0.0046875 0.004166666666666667
1 0.30546875 0.609375 0.0015625 0.0020833333333333333
1 0.0859375 0.615625 0.071875 0.022916666666666665
1 0.02109375 0.6010416666666667 0.0015625 0.0020833333333333333
1 0.01796875 0.6010416666666667 0.0015625 0.0020833333333333333
1 0.01484375 0.6010416666666667 0.0015625 0.0020833333333333333
1 0.01171875 0.6010416666666667 0.0015625 0.0020833333333333333
1 0.00859375 0.6010416666666667 0.0015625 0.0020833333333333333
1 0.00546875 0.6010416666666667 0.0015625 0.0020833333333333333
1 0.00234375 0.6010416666666667 0.0015625 0.0020833333333333333
1 0.03125 0.5979166666666667 0.0125 0.004166666666666667
1 0.0125 0.5895833333333333 0.025 0.004166666666666667
1 0.40390625 0.5802083333333333 0.0015625 0.0020833333333333333
1 0.39765625 0.5802083333333333 0.0015625 0.0020833333333333333
1 0.12890625 0.5802083333333333 0.0015625 0.0020833333333333333
1 0.02265625 0.5802083333333333 0.0015625 0.0020833333333333333
1 0.01953125 0.5802083333333333 0.0015625 0.0020833333333333333
1 0.01640625 0.5802083333333333 0.0015625 0.0020833333333333333
1 0.01328125 0.5802083333333333 0.0015625 0.0020833333333333333
1 0.01015625 0.5802083333333333 0.0015625 0.0020833333333333333
1 0.00703125 0.5802083333333333 0.0015625 0.0020833333333333333
1 0.00390625 0.5802083333333333 0.0015625 0.0020833333333333333
1 0.00078125 0.5802083333333333 0.0015625 0.0020833333333333333
1 0.12265625 0.5760416666666667 0.0015625 0.0020833333333333333
1 0.11953125 0.5760416666666667 0.0015625 0.0020833333333333333
1 0.11640625 0.575 0.0015625 0.004166666666666667
1 0.09453125 0.575 0.0390625 0.0125
1 0.18515625 0.5697916666666667 0.0671875 0.010416666666666666
1 0.23203125 0.5614583333333333 0.0015625 0.0020833333333333333
1 0.22890625 0.5604166666666667 0.0015625 0.004166666666666667
1 0.2875 0.5510416666666667 0.009375 0.00625
1 0.4859375 0.55 0.00625 0.008333333333333333
1 0.26875 0.546875 0.003125 0.0020833333333333333
1 0.28515625 0.5385416666666667 0.0015625 0.0020833333333333333
1 0.29140625 0.5395833333333333 0.0078125 0.008333333333333333
1 0.7875 0.5354166666666667 0.003125 0.004166666666666667
1 0.30078125 0.534375 0.0015625 0.0020833333333333333
1 0.79140625 0.5322916666666667 0.0015625 0.0020833333333333333
1 0.30703125 0.5322916666666667 0.0046875 0.0020833333333333333
1 0.68828125 0.5177083333333333 0.0015625 0.00625
1 0.71015625 0.51875 0.0390625 0.016666666666666666
1 0.7046875 0.5020833333333333 0.009375 0.004166666666666667
1 0.35546875 0.5125 0.0890625 0.0375
1 0.41796875 0.484375 0.0015625 0.0020833333333333333
1 0.42265625 0.48333333333333334 0.0015625 0.004166666666666667
1 0.84375 0.484375 0.009375 0.010416666666666666
1 0.8515625 0.47708333333333336 0.003125 0.004166666666666667
1 0.4359375 0.4739583333333333 0.021875 0.014583333333333334
1 0.47578125 0.465625 0.0140625 0.010416666666666666
1 0.86796875 0.459375 0.0015625 0.0020833333333333333
1 0.46953125 0.4552083333333333 0.0015625 0.0020833333333333333
1 0.88203125 0.446875 0.0109375 0.010416666666666666
1 0.80625 0.43645833333333334 0.00625 0.0020833333333333333
1 0.5234375 0.4375 0.015625 0.008333333333333333
1 0.68203125 0.4239583333333333 0.0015625 0.0020833333333333333
1 0.671875 0.41770833333333335 0.00625 0.00625
1 0.53828125 0.4197916666666667 0.0265625 0.01875
1 0.68828125 0.4083333333333333 0.0140625 0.016666666666666666
1 0.55625 0.4041666666666667 0.01875 0.016666666666666666
1 0.590625 0.3885416666666667 0.03125 0.03125
1 0.61875 0.3625 0.0125 0.0125
1 0.640625 0.35 0.03125 0.029166666666666667
1 0.00546875 0.35833333333333334 0.0046875 0.05
1 0.67890625 0.3125 0.0390625 0.041666666666666664
1 0.69140625 0.28854166666666664 0.0015625 0.0020833333333333333
1 0.7640625 0.303125 0.053125 0.03958333333333333
1 0.696875 0.284375 0.00625 0.00625
1 0.703125 0.28020833333333334 0.003125 0.0020833333333333333
1 0.7078125 0.2791666666666667 0.003125 0.004166666666666667
1 0.71171875 0.278125 0.0015625 0.00625
1 0.7171875 0.27708333333333335 0.00625 0.008333333333333333
1 0.7234375 0.27395833333333336 0.00625 0.010416666666666666
1 0.7375 0.2604166666666667 0.003125 0.004166666666666667
1 0.76015625 0.23958333333333334 0.0359375 0.029166666666666667
1 0.78046875 0.22395833333333334 0.0015625 0.0020833333333333333
1 0.79609375 0.2125 0.0046875 0.004166666666666667
1 0.80390625 0.209375 0.0015625 0.0020833333333333333
1 0.8 0.21041666666666667 0.003125 0.004166666666666667
1 0.81484375 0.19895833333333332 0.0015625 0.0020833333333333333
1 0.809375 0.2 0.00625 0.008333333333333333
1 0.82265625 0.18854166666666666 0.0015625 0.0020833333333333333
1 0.18203125 0.184375 0.0015625 0.0020833333333333333
1 0.94765625 0.190625 0.0359375 0.01875
1 0.8515625 0.18020833333333333 0.003125 0.0020833333333333333
1 0.8359375 0.18333333333333332 0.021875 0.008333333333333333
1 0.85703125 0.17708333333333334 0.0046875 0.004166666666666667
1 0.85859375 0.171875 0.0015625 0.0020833333333333333
1 0.1859375 0.17291666666666666 0.003125 0.004166666666666667
1 0.92890625 0.16979166666666667 0.0015625 0.0020833333333333333
1 0.8703125 0.16875 0.009375 0.004166666666666667
1 0.915625 0.17291666666666666 0.021875 0.016666666666666666
1 0.8796875 0.16354166666666667 0.00625 0.0020833333333333333
1 0.9921875 0.14583333333333334 0.015625 0.016666666666666666
1 0.30859375 0.11145833333333334 0.0015625 0.0020833333333333333
1 0.93828125 0.10729166666666666 0.0015625 0.0020833333333333333
1 0.94296875 0.10520833333333333 0.0015625 0.0020833333333333333
1 0.89140625 0.06875 0.0015625 0.004166666666666667
1 0.8671875 0.04375 0.003125 0.004166666666666667
1 0.76171875 0.019791666666666666 0.0015625 0.0020833333333333333
1 0.75859375 0.019791666666666666 0.0015625 0.0020833333333333333
1 0.74921875 0.019791666666666666 0.0015625 0.0020833333333333333
1 0.74609375 0.019791666666666666 0.0015625 0.0020833333333333333
1 0.73984375 0.019791666666666666 0.0015625 0.0020833333333333333
1 0.73671875 0.019791666666666666 0.0015625 0.0020833333333333333
1 0.73359375 0.019791666666666666 0.0015625 0.0020833333333333333
1 0.72578125 0.019791666666666666 0.0015625 0.0020833333333333333
1 0.478125 0.011458333333333333 0.003125 0.0020833333333333333
1 0.77109375 0.009375 0.0015625 0.0020833333333333333
1 0.76796875 0.009375 0.0015625 0.0020833333333333333
1 0.76484375 0.009375 0.0015625 0.0020833333333333333
1 0.76171875 0.009375 0.0015625 0.0020833333333333333
1 0.75859375 0.009375 0.0015625 0.0020833333333333333
1 0.75546875 0.009375 0.0015625 0.0020833333333333333
1 0.75234375 0.009375 0.0015625 0.0020833333333333333
1 0.74921875 0.009375 0.0015625 0.0020833333333333333
1 0.74609375 0.009375 0.0015625 0.0020833333333333333
1 0.74296875 0.009375 0.0015625 0.0020833333333333333
1 0.73984375 0.009375 0.0015625 0.0020833333333333333
1 0.73671875 0.009375 0.0015625 0.0020833333333333333
1 0.73359375 0.009375 0.0015625 0.0020833333333333333
1 0.73046875 0.009375 0.0015625 0.0020833333333333333
1 0.48203125 0.009375 0.0015625 0.0020833333333333333
1 0.79921875 0.015625 0.0515625 0.01875
1 0.61953125 0.005208333333333333 0.0015625 0.0020833333333333333
1 0.61640625 0.005208333333333333 0.0015625 0.0020833333333333333
1 0.61328125 0.005208333333333333 0.0015625 0.0020833333333333333
1 0.61015625 0.005208333333333333 0.0015625 0.0020833333333333333
1 0.60703125 0.005208333333333333 0.0015625 0.0020833333333333333
1 0.60390625 0.005208333333333333 0.0015625 0.0020833333333333333
1 0.60078125 0.005208333333333333 0.0015625 0.0020833333333333333
1 0.48203125 0.005208333333333333 0.0015625 0.0020833333333333333
1 0.64609375 0.003125 0.0015625 0.0020833333333333333
1 0.64296875 0.003125 0.0015625 0.0020833333333333333
1 0.63984375 0.003125 0.0015625 0.0020833333333333333
1 0.63671875 0.003125 0.0015625 0.0020833333333333333
1 0.63359375 0.003125 0.0015625 0.0020833333333333333
1 0.63046875 0.003125 0.0015625 0.0020833333333333333
1 0.625 0.004166666666666667 0.00625 0.004166666666666667
1 0.59296875 0.003125 0.0015625 0.0020833333333333333
1 0.58984375 0.003125 0.0015625 0.0020833333333333333
1 0.57578125 0.003125 0.0015625 0.0020833333333333333
1 0.925 0.06770833333333333 0.15 0.13541666666666666
1 0.70078125 0.00625 0.0546875 0.0125
1 0.23125 0.15 0.4625 0.3
