0 0.58828125 0.7989583333333333 0.0109375 0.010416666666666666
0 0.59453125 0.7927083333333333 0.0046875 0.00625
0 0.5703125 0.790625 0.015625 0.022916666666666665
0 0.56875 0.7677083333333333 0.0125 0.00625
0 0.5609375 0.7270833333333333 0.003125 0.004166666666666667
0 0.26640625 0.703125 0.0015625 0.0020833333333333333
0 0.26328125 0.6958333333333333 0.0046875 0.008333333333333333
0 0.42109375 0.684375 0.0046875 0.0020833333333333333
0 0.56171875 0.68125 0.0046875 0.004166666666666667
0 0.55703125 0.6239583333333333 0.0015625 0.0020833333333333333
0 0.5515625 0.6052083333333333 0.00625 0.00625
0 0.40078125 0.36770833333333336 0.0015625 0.0020833333333333333
0 0.4046875 0.35625 0.00625 0.004166666666666667
0 0.22890625 0.3177083333333333 0.0015625 0.0020833333333333333
0 0.2359375 0.3020833333333333 0.0125 0.016666666666666666
0 0.35078125 0.159375 0.0015625 0.0020833333333333333
0 0.24375 0.14270833333333333 0.003125 0.0020833333333333333
0 0.26015625 0.12708333333333333 0.0046875 0.004166666666666667
0 0.14296875 0.078125 0.0015625 0.0020833333333333333
0 0.36171875 0.45208333333333334 0.4515625 0.7708333333333334
0 0.25 0.052083333333333336 0.025 0.0125
0 0.32734375 0.030208333333333334 0.0046875 0.0020833333333333333
0 0.41328125 0.015625 0.0015625 0.0020833333333333333
0 0.33671875 0.08854166666666667 0.1421875 0.15208333333333332
0 0.40390625 0.011458333333333333 0.0015625 0.0020833333333333333
0 0.41328125 0.009375 0.0015625 0.0020833333333333333
1 0.61015625 0.9979166666666667 0.0078125 0.004166666666666667
1 0.63671875 0.9927083333333333 0.0015625 0.0020833333333333333
1 0.6328125 0.99375 0.003125 0.004166666666666667
1 0.62265625 0.9447916666666667 0.0015625 0.0020833333333333333
1 0.61953125 0.9447916666666667 0.0015625 0.0020833333333333333
1 0.61640625 0.9447916666666667 0.0015625 0.0020833333333333333
1 0.61328125 0.9447916666666667 0.0015625 0.0020833333333333333
1 0.61015625 0.9447916666666667 0.0015625 0.0020833333333333333
1 0.60703125 0.9447916666666667 0.0015625 0.0020833333333333333
1 0.60390625 0.9447916666666667 0.0015625 0.0020833333333333333
1 0.5875 0.9385416666666667 0.028125 0.014583333333333334
1 0.66328125 0.93125 0.0234375 0.004166666666666667
1 0.57578125 0.928125 0.0015625 0.0020833333333333333
1 0.69453125 0.928125 0.0140625 0.014583333333333334
1 0.57421875 0.9229166666666667 0.0015625 0.004166666666666667
1 0.5171875 0.9145833333333333 0.003125 0.004166666666666667
1 0.55390625 0.8947916666666667 0.0046875 0.00625
1 0.54140625 0.9041666666666667 0.0171875 0.029166666666666667
1 0.53046875 0.8895833333333333 0.0046875 0.004166666666666667
1 0.48203125 0.89375 0.0078125 0.0125
1 0.50078125 0.8875 0.0015625 0.004166666666666667
1 0.49375 0.8854166666666666 0.009375 0.004166666666666667
1 0.58359375 0.8864583333333333 0.0359375 0.01875
1 0.64375 0.8875 0.0375 0.025
1 0.53046875 0.8770833333333333 0.0046875 0.004166666666666667
1 0.5296875 0.871875 0.025 0.010416666666666666
1 0.47578125 0.875 0.0734375 0.025
1 0.94609375 0.8614583333333333 0.0078125 0.00625
1 0.46640625 0.8604166666666667 0.0015625 0.004166666666666667
1 0.05703125 0.8583333333333333 0.0015625 0.004166666666666667
1 0.9203125 0.8354166666666667 0.00625 0.004166666666666667
1 0.69765625 0.834375 0.0015625 0.0020833333333333333
1 0.69453125 0.834375 0.0015625 0.0020833333333333333
1 0.69140625 0.834375 0.0015625 0.0020833333333333333
1 0.68828125 0.834375 0.0015625 0.0020833333333333333
1 0.67890625 0.8427083333333333 0.0140625 0.01875
1 0.71640625 0.8333333333333334 0.0015625 0.004166666666666667
1 0.378125 0.8302083333333333 0.009375 0.010416666666666666
1 0.0546875 0.8229166666666666 0.003125 0.016666666666666666
1 0.7265625 0.8197916666666667 0.015625 0.03125
1 0.05546875 0.8083333333333333 0.0015625 0.008333333333333333
1 0.89453125 0.8229166666666666 0.0390625 0.04583333333333333
1 0.74453125 0.7916666666666666 0.0140625 0.016666666666666666
1 0.9625 0.78125 0.075 0.03333333333333333
1 0.7546875 0.771875 0.009375 0.022916666666666665
1 0.81328125 0.73125 0.0234375 0.004166666666666667
1 0.9875 0.740625 0.025 0.03958333333333333
1 0.8125 0.8604166666666667 0.375 0.2791666666666667
1 0.73671875 0.715625 0.0015625 0.0020833333333333333
1 0.765625 0.728125 0.03125 0.035416666666666666
1 0.7359375 0.7104166666666667 0.009375 0.004166666666666667
1 0.721875 0.703125 0.003125 0.0020833333333333333
1 0.921875 0.7010416666666667 0.003125 0.0020833333333333333
1 0.03046875 0.703125 0.0015625 0.00625
1 0.70078125 0.684375 0.0015625 0.0020833333333333333
1 0.93359375 0.6854166666666667 0.0359375 0.025
1 0.8484375 0.66875 0.003125 0.004166666666666667
1 0.684375 0.675 0.05 0.016666666666666666
1 0.0421875 0.83125 0.084375 0.3375
1 0.82109375 0.659375 0.0015625 0.0020833333333333333
1 0.6421875 0.6635416666666667 0.015625 0.014583333333333334
1 0.68125 0.659375 0.009375 0.014583333333333334
1 0.840625 0.65625 0.021875 0.0125
1 0.825 0.6552083333333333 0.003125 0.010416666666666666
1 0.81875 0.6541666666666667 0.00625 0.008333333333333333
1 0.0171875 0.6520833333333333 0.003125 0.004166666666666667
1 0.62734375 0.6479166666666667 0.0046875 0.004166666666666667
1 0.84140625 0.6447916666666667 0.0140625 0.00625
1 0.6265625 0.6427083333333333 0.003125 0.0020833333333333333
1 0.61484375 0.6427083333333333 0.0015625 0.0020833333333333333
1 0.87578125 0.6625 0.0515625 0.05416666666666667
1 0.66875 0.6510416666666666 0.0125 0.03125
1 0.86328125 0.634375 0.0015625 0.0020833333333333333
1 0.65859375 0.634375 0.0015625 0.0020833333333333333
1 0.64296875 0.640625 0.0265625 0.014583333333333334
1 0.621875 0.6364583333333333 0.00625 0.00625
1 0.65546875 0.6322916666666667 0.0015625 0.0020833333333333333
1 0.77734375 0.6302083333333334 0.0015625 0.0020833333333333333
1 0.82109375 0.6260416666666667 0.0046875 0.0020833333333333333
1 0.61171875 0.6260416666666667 0.0015625 0.0020833333333333333
1 0.6078125 0.6291666666666667 0.009375 0.0125
1 0.64375 0.625 0.015625 0.008333333333333333
1 0.6328125 0.6208333333333333 0.003125 0.004166666666666667
1 0.83203125 0.6177083333333333 0.0015625 0.0020833333333333333
1 0.61015625 0.6083333333333333 0.0015625 0.004166666666666667
1 0.60234375 0.6072916666666667 0.0015625 0.0020833333333333333
1 0.59453125 0.6125 0.0078125 0.0125
1 0.81015625 0.6125 0.0484375 0.025
1 0.590625 0.6010416666666667 0.003125 0.0020833333333333333
1 0.60390625 0.603125 0.0078125 0.010416666666666666
1 0.58203125 0.590625 0.0015625 0.0020833333333333333
1 0.7484375 0.5947916666666667 0.0125 0.014583333333333334
1 0.59140625 0.5916666666666667 0.0046875 0.008333333333333333
1 0.5796875 0.5802083333333333 0.003125 0.0020833333333333333
1 0.5640625 0.5822916666666667 0.003125 0.00625
1 0.5828125 0.5770833333333333 0.003125 0.004166666666666667
1 0.76328125 0.56875 0.0046875 0.004166666666666667
1 0.7609375 0.5635416666666667 0.003125 0.0020833333333333333
1 0.57109375 0.5739583333333333 0.0078125 0.022916666666666665
1 0.56796875 0.5614583333333333 0.0015625 0.0020833333333333333
1 0.75546875 0.559375 0.0046875 0.00625
1 0.5546875 0.5604166666666667 0.009375 0.0125
1 0.6984375 0.5510416666666667 0.003125 0.0020833333333333333
1 0.5625 0.5552083333333333 0.00625 0.010416666666666666
1 0.75 0.5489583333333333 0.0125 0.010416666666666666
1 0.55625 0.5447916666666667 0.00625 0.00625
1 0.5453125 0.5458333333333333 0.009375 0.0125
1 0.71640625 0.5375 0.0046875 0.004166666666666667
1 0.73984375 0.5364583333333334 0.0015625 0.00625
1 0.70625 0.546875 0.0125 0.027083333333333334
1 0.69453125 0.5416666666666666 0.0078125 0.016666666666666666
1 0.68828125 0.5322916666666667 0.0015625 0.0020833333333333333
1 0.74296875 0.534375 0.0046875 0.010416666666666666
1 0.73671875 0.5260416666666666 0.0046875 0.00625
1 0.73359375 0.521875 0.0015625 0.0020833333333333333
1 0.54296875 0.525 0.0109375 0.016666666666666666
1 0.53671875 0.5135416666666667 0.0015625 0.0020833333333333333
1 0.53515625 0.509375 0.0015625 0.0020833333333333333
1 0.5171875 0.5104166666666666 0.003125 0.004166666666666667
1 0.6703125 0.5104166666666666 0.009375 0.0125
1 0.51484375 0.503125 0.0015625 0.0020833333333333333
1 0.72734375 0.5166666666666667 0.0140625 0.03333333333333333
1 0.5296875 0.5 0.009375 0.0125
1 0.5171875 0.4947916666666667 0.003125 0.00625
1 0.51328125 0.49166666666666664 0.0078125 0.016666666666666666
1 0.49765625 0.4708333333333333 0.0015625 0.004166666666666667
1 0.7046875 0.47291666666666665 0.009375 0.0125
1 0.6546875 0.4822916666666667 0.009375 0.03125
1 0.69765625 0.4635416666666667 0.0015625 0.0020833333333333333
1 0.640625 0.46145833333333336 0.003125 0.010416666666666666
1 0.49296875 0.45208333333333334 0.0109375 0.0125
1 0.49921875 0.446875 0.0015625 0.010416666666666666
1 0.6703125 0.4375 0.00625 0.008333333333333333
1 0.49609375 0.43645833333333334 0.0015625 0.00625
1 0.49140625 0.4354166666666667 0.0015625 0.004166666666666667
1 0.6328125 0.4395833333333333 0.015625 0.029166666666666667
1 0.4765625 0.428125 0.00625 0.010416666666666666
1 0.48515625 0.4239583333333333 0.0078125 0.010416666666666666
1 0.46953125 0.4197916666666667 0.0015625 0.0020833333333333333
1 0.48515625 0.415625 0.0015625 0.0020833333333333333
1 0.47265625 0.415625 0.0015625 0.0020833333333333333
1 0.62265625 0.4166666666666667 0.0078125 0.008333333333333333
1 0.996875 0.40625 0.00625 0.0125
1 0.4640625 0.40208333333333335 0.003125 0.004166666666666667
1 0.46640625 0.396875 0.0015625 0.0020833333333333333
1 0.46796875 0.3875 0.0109375 0.016666666666666666
1 0.99296875 0.37604166666666666 0.0015625 0.0020833333333333333
1 0.6109375 0.37395833333333334 0.003125 0.014583333333333334
1 0.6484375 0.38645833333333335 0.028125 0.05625
1 0.996875 0.35208333333333336 0.00625 0.004166666666666667
1 0.453125 0.34375 0.003125 0.004166666666666667
1 0.45234375 0.32916666666666666 0.0046875 0.008333333333333333
1 0.61796875 0.3 0.0203125 0.025
1 0.57109375 0.2864583333333333 0.0015625 0.0020833333333333333
1 0.246875 0.2520833333333333 0.003125 0.004166666666666667
1 0.24765625 0.246875 0.0015625 0.0020833333333333333
1 0.24609375 0.240625 0.0015625 0.0020833333333333333
1 0.27265625 0.23645833333333333 0.0015625 0.0020833333333333333
1 0.22578125 0.246875 0.0265625 0.03125
1 0.23046875 0.228125 0.0015625 0.0020833333333333333
1 0.2265625 0.22604166666666667 0.003125 0.0020833333333333333
1 0.25703125 0.23541666666666666 0.0265625 0.025
1 0.11796875 0.23229166666666667 0.0046875 0.01875
1 0.21875 0.221875 0.003125 0.0020833333333333333
1 0.21328125 0.22604166666666667 0.0046875 0.010416666666666666
1 0.12109375 0.21979166666666666 0.0015625 0.0020833333333333333
1 0.55625 0.21145833333333333 0.00625 0.022916666666666665
1 0.94375 0.175 0.00625 0.016666666666666666
1 0.11640625 0.16354166666666667 0.0015625 0.0020833333333333333
1 0.58359375 0.1625 0.0078125 0.008333333333333333
1 0.5578125 0.17708333333333334 0.003125 0.041666666666666664
1 0.9375 0.15208333333333332 0.00625 0.0125
1 0.92734375 0.14479166666666668 0.0015625 0.0020833333333333333
1 0.43359375 0.140625 0.0015625 0.0020833333333333333
1 0.43515625 0.13645833333333332 0.0015625 0.0020833333333333333
1 0.4125 0.14375 0.025 0.020833333333333332
1 0.1234375 0.14895833333333333 0.003125 0.03125
1 0.40390625 0.121875 0.0015625 0.0020833333333333333
1 0.40390625 0.115625 0.0015625 0.0020833333333333333
1 0.5859375 0.11145833333333334 0.003125 0.01875
1 0.5796875 0.11770833333333333 0.003125 0.03125
1 0.57578125 0.22708333333333333 0.0328125 0.25416666666666665
1 0.121875 0.10625 0.00625 0.0125
1 0.01953125 0.09895833333333333 0.0015625 0.0020833333333333333
1 0.01640625 0.09895833333333333 0.0015625 0.0020833333333333333
1 0.01328125 0.09895833333333333 0.0015625 0.0020833333333333333
1 0.01015625 0.09895833333333333 0.0015625 0.0020833333333333333
1 0.00703125 0.09895833333333333 0.0015625 0.0020833333333333333
1 0.00390625 0.09895833333333333 0.0015625 0.0020833333333333333
1 0.00078125 0.09895833333333333 0.0015625 0.0020833333333333333
1 0.42578125 0.10625 0.0234375 0.020833333333333332
1 0.0234375 0.09270833333333334 0.003125 0.014583333333333334
1 0.075 0.08333333333333333 0.003125 0.004166666666666667
1 0.21953125 0.08125 0.0078125 0.004166666666666667
1 0.11953125 0.08020833333333334 0.0015625 0.0020833333333333333
1 0.11484375 0.08020833333333334 0.0046875 0.0020833333333333333
1 0.11796875 0.07395833333333333 0.0015625 0.0020833333333333333
1 0.12421875 0.071875 0.0046875 0.0020833333333333333
1 0.09296875 0.07708333333333334 0.0140625 0.0125
1 0.16484375 0.059375 0.0015625 0.0020833333333333333
1 0.15 0.05520833333333333 0.003125 0.00625
1 0.13515625 0.053125 0.0015625 0.0020833333333333333
1 0.20703125 0.04791666666666667 0.0078125 0.004166666666666667
1 0.14453125 0.04791666666666667 0.0078125 0.004166666666666667
1 0.25625 0.03854166666666667 0.003125 0.0020833333333333333
1 0.25078125 0.03854166666666667 0.0015625 0.0020833333333333333
1 0.17421875 0.03958333333333333 0.0015625 0.004166666666666667
1 0.18828125 0.036458333333333336 0.0015625 0.0020833333333333333
1 0.18515625 0.036458333333333336 0.0015625 0.0020833333333333333
1 0.559375 0.034375 0.003125 0.0020833333333333333
1 0.55625 0.06041666666666667 0.021875 0.05416666666666667
1 0.5546875 0.03229166666666667 0.003125 0.0020833333333333333
1 0.54921875 0.026041666666666668 0.0015625 0.010416666666666666
1 0.2828125 0.016666666666666666 0.003125 0.008333333333333333
1 0.36484375 0.005208333333333333 0.0015625 0.0020833333333333333
1 0.3390625 0.005208333333333333 0.003125 0.0020833333333333333
1 0.32421875 0.005208333333333333 0.0015625 0.0020833333333333333
1 0.315625 0.00625 0.003125 0.004166666666666667
1 0.31171875 0.005208333333333333 0.0015625 0.0020833333333333333
1 0.9578125 0.16666666666666666 0.084375 0.3333333333333333
1 0.37578125 0.0010416666666666667 0.0015625 0.0020833333333333333
1 0.1375 0.040625 0.275 0.08125
