0 0.7078125 0.896875 0.028125 0.022916666666666665
0 0.5484375 0.8885416666666667 0.00625 0.00625
0 0.54296875 0.8864583333333333 0.0015625 0.0020833333333333333
0 0.39765625 0.753125 0.0015625 0.0020833333333333333
0 0.39375 0.7510416666666667 0.003125 0.0020833333333333333
0 0.4265625 0.715625 0.01875 0.03125
0 0.29453125 0.6885416666666667 0.0078125 0.00625
0 0.28046875 0.6760416666666667 0.0015625 0.0020833333333333333
0 0.39296875 0.6895833333333333 0.0359375 0.0375
0 0.396875 0.6697916666666667 0.003125 0.0020833333333333333
0 0.36328125 0.675 0.0109375 0.0125
0 0.3265625 0.6791666666666667 0.053125 0.041666666666666664
0 0.2703125 0.6541666666666667 0.003125 0.004166666666666667
0 0.25390625 0.6395833333333333 0.0078125 0.020833333333333332
0 0.39296875 0.640625 0.0234375 0.027083333333333334
0 0.23125 0.6135416666666667 0.03125 0.03958333333333333
0 0.2015625 0.58125 0.003125 0.004166666666666667
0 0.20625 0.5802083333333333 0.009375 0.014583333333333334
0 0.19453125 0.571875 0.0015625 0.0020833333333333333
0 0.1984375 0.56875 0.003125 0.004166666666666667
0 0.15234375 0.403125 0.0109375 0.01875
0 0.16484375 0.3489583333333333 0.0296875 0.08125
0 0.1828125 0.2708333333333333 0.01875 0.016666666666666666
0 0.56640625 0.046875 0.0046875 0.010416666666666666
0 0.371875 0.328125 0.396875 0.65625
1 0.64453125 0.9197916666666667 0.0015625 0.0020833333333333333
1 0.6953125 0.9197916666666667 0.025 0.00625
1 0.68046875 0.9177083333333333 0.0015625 0.0020833333333333333
1 0.721875 0.9166666666666666 0.003125 0.004166666666666667
1 0.6625 0.9177083333333333 0.021875 0.00625
1 0.57578125 0.909375 0.0015625 0.0020833333333333333
1 0.603125 0.915625 0.046875 0.01875
1 0.73984375 0.90625 0.0171875 0.0125
1 0.56171875 0.9020833333333333 0.0078125 0.004166666666666667
1 0.553125 0.896875 0.00625 0.00625
1 0.53828125 0.890625 0.0015625 0.0020833333333333333
1 0.76171875 0.890625 0.0234375 0.022916666666666665
1 0.678125 0.8291666666666667 0.003125 0.004166666666666667
1 0.68203125 0.8260416666666667 0.0015625 0.0020833333333333333
1 0.67421875 0.828125 0.0015625 0.00625
1 0.66328125 0.8260416666666667 0.0015625 0.0020833333333333333
1 0.659375 0.8239583333333333 0.003125 0.0020833333333333333
1 0.66875 0.8239583333333333 0.003125 0.00625
1 0.66328125 0.821875 0.0015625 0.0020833333333333333
1 0.66171875 0.8177083333333334 0.0046875 0.0020833333333333333
1 0.771875 0.803125 0.00625 0.014583333333333334
1 0.78515625 0.83125 0.0234375 0.0875
1 0.753125 0.7895833333333333 0.00625 0.004166666666666667
1 0.6765625 0.7979166666666667 0.053125 0.0375
1 0.74140625 0.78125 0.0109375 0.0125
1 0.6421875 0.784375 0.015625 0.03125
1 0.76328125 0.7697916666666667 0.0078125 0.010416666666666666
1 0.64765625 0.7645833333333333 0.0109375 0.008333333333333333
1 0.446875 0.8177083333333334 0.159375 0.12708333333333333
1 0.72578125 0.7479166666666667 0.0015625 0.008333333333333333
1 0.72578125 0.7552083333333334 0.0203125 0.027083333333333334
1 0.3546875 0.7427083333333333 0.003125 0.00625
1 0.7078125 0.7395833333333334 0.00625 0.0125
1 0.72265625 0.7354166666666667 0.0078125 0.008333333333333333
1 0.00390625 0.71875 0.0046875 0.008333333333333333
1 0.01484375 0.7135416666666666 0.0078125 0.00625
1 0.32578125 0.725 0.0515625 0.0375
1 0.67109375 0.7052083333333333 0.0015625 0.0020833333333333333
1 0.02109375 0.7052083333333333 0.0015625 0.0020833333333333333
1 0.69921875 0.7166666666666667 0.0078125 0.03333333333333333
1 0.68515625 0.7166666666666667 0.0171875 0.03333333333333333
1 0.02265625 0.7010416666666667 0.0015625 0.0020833333333333333
1 0.2953125 0.7 0.009375 0.008333333333333333
1 0.671875 0.6947916666666667 0.009375 0.010416666666666666
1 0.00859375 0.6864583333333333 0.0015625 0.0020833333333333333
1 0.00546875 0.684375 0.0015625 0.0020833333333333333
1 0.28046875 0.6854166666666667 0.0109375 0.008333333333333333
1 0.01875 0.6833333333333333 0.003125 0.004166666666666667
1 0.7125 0.684375 0.025 0.010416666666666666
1 0.6546875 0.6822916666666666 0.0125 0.014583333333333334
1 0.01953125 0.6760416666666667 0.0046875 0.00625
1 0.64296875 0.6708333333333333 0.0015625 0.004166666666666667
1 0.00546875 0.671875 0.0078125 0.00625
1 0.63515625 0.665625 0.0015625 0.0020833333333333333
1 0.26953125 0.6708333333333333 0.0109375 0.0125
1 0.02734375 0.6645833333333333 0.0046875 0.004166666666666667
1 0.00703125 0.6635416666666667 0.0015625 0.0020833333333333333
1 0.64296875 0.6552083333333333 0.0015625 0.0020833333333333333
1 0.00078125 0.6552083333333333 0.0015625 0.0020833333333333333
1 0.25625 0.6572916666666667 0.00625 0.010416666666666666
1 0.628125 0.6552083333333333 0.015625 0.010416666666666666
1 0.24921875 0.65 0.0015625 0.004166666666666667
1 0.246875 0.6447916666666667 0.003125 0.0020833333333333333
1 0.615625 0.6447916666666667 0.003125 0.00625
1 0.0140625 0.6520833333333333 0.021875 0.020833333333333332
1 0.6375 0.6416666666666667 0.00625 0.004166666666666667
1 0.63203125 0.640625 0.0015625 0.0020833333333333333
1 0.62890625 0.640625 0.0015625 0.0020833333333333333
1 0.240625 0.6395833333333333 0.00625 0.008333333333333333
1 0.62265625 0.6364583333333333 0.0078125 0.00625
1 0.60390625 0.6302083333333334 0.0171875 0.027083333333333334
1 0.2484375 0.6145833333333334 0.003125 0.004166666666666667
1 0.5984375 0.6083333333333333 0.003125 0.004166666666666667
1 0.584375 0.6083333333333333 0.0125 0.016666666666666666
1 0.21484375 0.6114583333333333 0.0203125 0.022916666666666665
1 0.20546875 0.596875 0.0015625 0.0020833333333333333
1 0.57421875 0.5947916666666667 0.0046875 0.00625
1 0.203125 0.5927083333333333 0.003125 0.0020833333333333333
1 0.56875 0.5822916666666667 0.003125 0.00625
1 0.55703125 0.5802083333333333 0.0015625 0.0020833333333333333
1 0.196875 0.5833333333333334 0.003125 0.008333333333333333
1 0.55390625 0.5739583333333333 0.0015625 0.0020833333333333333
1 0.55390625 0.5697916666666667 0.0015625 0.0020833333333333333
1 0.5453125 0.5677083333333334 0.0125 0.022916666666666665
1 0.54453125 0.553125 0.0015625 0.0020833333333333333
1 0.5296875 0.5552083333333333 0.00625 0.00625
1 0.1828125 0.565625 0.015625 0.03125
1 0.53515625 0.5447916666666667 0.0015625 0.0020833333333333333
1 0.54140625 0.54375 0.0046875 0.004166666666666667
1 0.546875 0.540625 0.003125 0.0020833333333333333
1 0.54609375 0.5364583333333334 0.0015625 0.0020833333333333333
1 0.51953125 0.540625 0.0078125 0.010416666666666666
1 0.55078125 0.5322916666666667 0.0015625 0.0020833333333333333
1 0.16015625 0.5239583333333333 0.0015625 0.0020833333333333333
1 0.5484375 0.5239583333333333 0.003125 0.00625
1 0.51328125 0.5260416666666666 0.0015625 0.010416666666666666
1 0.165625 0.5260416666666666 0.01875 0.03958333333333333
1 0.52578125 0.5208333333333334 0.0140625 0.0375
1 0.15703125 0.503125 0.0015625 0.0020833333333333333
1 0.5171875 0.5052083333333334 0.00625 0.010416666666666666
1 0.50625 0.503125 0.0125 0.010416666666666666
1 0.49765625 0.49375 0.0015625 0.004166666666666667
1 0.5375 0.48333333333333334 0.025 0.03333333333333333
1 0.48515625 0.45 0.0015625 0.004166666666666667
1 0.490625 0.4552083333333333 0.009375 0.022916666666666665
1 0.49453125 0.440625 0.0015625 0.0020833333333333333
1 0.146875 0.46875 0.015625 0.058333333333333334
1 0.48359375 0.4395833333333333 0.0015625 0.008333333333333333
1 0.9375 0.5166666666666667 0.125 0.16666666666666666
1 0.71171875 0.5541666666666667 0.2765625 0.24166666666666667
1 0.49609375 0.434375 0.0015625 0.0020833333333333333
1 0.48203125 0.4322916666666667 0.0015625 0.0020833333333333333
1 0.48828125 0.43020833333333336 0.0015625 0.0020833333333333333
1 0.49609375 0.428125 0.0015625 0.0020833333333333333
1 0.48828125 0.4239583333333333 0.0015625 0.0020833333333333333
1 0.49453125 0.41875 0.0015625 0.004166666666666667
1 0.48046875 0.40625 0.0015625 0.004166666666666667
1 0.140625 0.41875 0.003125 0.0375
1 0.14296875 0.38645833333333335 0.0015625 0.022916666666666665
1 0.14453125 0.36770833333333336 0.0015625 0.0020833333333333333
1 0.13046875 0.365625 0.0015625 0.0020833333333333333
1 0.14609375 0.36354166666666665 0.0015625 0.0020833333333333333
1 0.49453125 0.3614583333333333 0.0015625 0.0020833333333333333
1 0.48046875 0.36041666666666666 0.0015625 0.0125
1 0.49609375 0.35104166666666664 0.0015625 0.010416666666666666
1 0.14609375 0.346875 0.0015625 0.00625
1 0.49453125 0.34270833333333334 0.0015625 0.0020833333333333333
1 0.48203125 0.34270833333333334 0.0015625 0.0020833333333333333
1 0.13359375 0.33958333333333335 0.0015625 0.008333333333333333
1 0.9125 0.36666666666666664 0.025 0.06666666666666667
1 0.48359375 0.33229166666666665 0.0015625 0.0020833333333333333
1 0.146875 0.33541666666666664 0.003125 0.008333333333333333
1 0.4859375 0.32395833333333335 0.003125 0.00625
1 0.15078125 0.31666666666666665 0.0078125 0.025
1 0.12734375 0.303125 0.0015625 0.0020833333333333333
1 0.5703125 0.3333333333333333 0.009375 0.06666666666666667
1 0.49375 0.30625 0.0125 0.029166666666666667
1 0.49609375 0.2875 0.0015625 0.004166666666666667
1 0.15234375 0.2916666666666667 0.0078125 0.016666666666666666
1 0.15078125 0.284375 0.0015625 0.0020833333333333333
1 0.49921875 0.2760416666666667 0.0046875 0.014583333333333334
1 0.5265625 0.2677083333333333 0.009375 0.0020833333333333333
1 0.16015625 0.26979166666666665 0.0046875 0.010416666666666666
1 0.52265625 0.25625 0.0015625 0.004166666666666667
1 0.54765625 0.2604166666666667 0.0046875 0.016666666666666666
1 0.50625 0.2604166666666667 0.00625 0.016666666666666666
1 0.14921875 0.25416666666666665 0.0015625 0.004166666666666667
1 0.52578125 0.24479166666666666 0.0015625 0.0020833333333333333
1 0.1609375 0.25 0.009375 0.020833333333333332
1 0.5328125 0.240625 0.0125 0.014583333333333334
1 0.55546875 0.23229166666666667 0.0015625 0.0020833333333333333
1 0.54140625 0.23229166666666667 0.0015625 0.0020833333333333333
1 0.51640625 0.240625 0.0109375 0.01875
1 0.54375 0.22604166666666667 0.003125 0.0020833333333333333
1 0.53203125 0.22604166666666667 0.0015625 0.0020833333333333333
1 0.5234375 0.22604166666666667 0.003125 0.00625
1 0.1609375 0.225 0.003125 0.004166666666666667
1 0.52578125 0.21979166666666666 0.0015625 0.0020833333333333333
1 0.546875 0.21666666666666667 0.00625 0.0125
1 0.53125 0.21354166666666666 0.003125 0.00625
1 0.16953125 0.21145833333333333 0.0109375 0.01875
1 0.6453125 0.21666666666666667 0.009375 0.03333333333333333
1 0.53671875 0.203125 0.0078125 0.010416666666666666
1 0.9625 0.19791666666666666 0.021875 0.004166666666666667
1 0.5875 0.19791666666666666 0.021875 0.004166666666666667
1 0.15390625 0.20104166666666667 0.0078125 0.010416666666666666
1 0.56015625 0.19791666666666666 0.0078125 0.008333333333333333
1 0.17734375 0.19583333333333333 0.0046875 0.004166666666666667
1 0.54296875 0.19270833333333334 0.0046875 0.00625
1 0.17421875 0.18020833333333333 0.0015625 0.0020833333333333333
1 0.17109375 0.178125 0.0015625 0.0020833333333333333
1 0.18125 0.17916666666666667 0.003125 0.0125
1 0.190625 0.16666666666666666 0.00625 0.0125
1 0.92578125 0.159375 0.0015625 0.0020833333333333333
1 0.93046875 0.15625 0.0046875 0.004166666666666667
1 0.56640625 0.15 0.0015625 0.004166666666666667
1 0.1984375 0.15208333333333332 0.009375 0.0125
1 0.178125 0.15520833333333334 0.003125 0.01875
1 0.56796875 0.14479166666666668 0.0015625 0.0020833333333333333
1 0.55390625 0.16458333333333333 0.0140625 0.041666666666666664
1 0.56171875 0.140625 0.0015625 0.0020833333333333333
1 0.95390625 0.16041666666666668 0.0609375 0.05416666666666667
1 0.21171875 0.13020833333333334 0.0015625 0.0020833333333333333
1 0.20546875 0.13333333333333333 0.0078125 0.016666666666666666
1 0.21015625 0.11770833333333333 0.0015625 0.0020833333333333333
1 0.565625 0.12083333333333333 0.00625 0.0125
1 0.22578125 0.11354166666666667 0.0015625 0.0020833333333333333
1 0.21015625 0.10520833333333333 0.0015625 0.0020833333333333333
1 0.97578125 0.10104166666666667 0.0015625 0.0020833333333333333
1 0.9734375 0.11666666666666667 0.003125 0.03333333333333333
1 0.57265625 0.10208333333333333 0.0015625 0.004166666666666667
1 0.23046875 0.103125 0.0046875 0.00625
1 0.21953125 0.11354166666666667 0.0140625 0.027083333333333334
1 0.78515625 0.09895833333333333 0.0046875 0.0020833333333333333
1 0.83046875 0.09479166666666666 0.0015625 0.0020833333333333333
1 0.23671875 0.096875 0.0046875 0.00625
1 0.83671875 0.09375 0.0078125 0.004166666666666667
1 0.23671875 0.08958333333333333 0.0015625 0.004166666666666667
1 0.22734375 0.08958333333333333 0.0046875 0.008333333333333333
1 0.2484375 0.08125 0.00625 0.004166666666666667
1 0.24296875 0.08020833333333334 0.0015625 0.0020833333333333333
1 0.24609375 0.07395833333333333 0.0015625 0.0020833333333333333
1 0.228125 0.07291666666666667 0.00625 0.008333333333333333
1 0.946875 0.10104166666666667 0.04375 0.06875
1 0.025 0.1 0.05 0.06666666666666667
1 0.25625 0.07083333333333333 0.0125 0.0125
1 0.2359375 0.06979166666666667 0.00625 0.010416666666666666
1 0.2375 0.0625 0.00625 0.004166666666666667
1 0.8390625 0.057291666666666664 0.003125 0.00625
1 0.8078125 0.08645833333333333 0.040625 0.06458333333333334
1 0.26875 0.05625 0.009375 0.004166666666666667
1 0.82265625 0.051041666666666666 0.0015625 0.0020833333333333333
1 0.81953125 0.051041666666666666 0.0015625 0.0020833333333333333
1 0.81640625 0.051041666666666666 0.0015625 0.0020833333333333333
1 0.81328125 0.051041666666666666 0.0015625 0.0020833333333333333
1 0.81015625 0.051041666666666666 0.0015625 0.0020833333333333333
1 0.80703125 0.051041666666666666 0.0015625 0.0020833333333333333
1 0.80390625 0.051041666666666666 0.0015625 0.0020833333333333333
1 0.28046875 0.04583333333333333 0.0046875 0.008333333333333333
1 0.26640625 0.040625 0.0015625 0.0020833333333333333
1 0.25390625 0.04895833333333333 0.0078125 0.01875
1 0.8625 0.05 0.025 0.03333333333333333
1 0.28046875 0.035416666666666666 0.0015625 0.004166666666666667
1 0.66953125 0.03229166666666667 0.0015625 0.0020833333333333333
1 0.31328125 0.023958333333333335 0.0015625 0.0020833333333333333
1 0.31875 0.01875 0.003125 0.004166666666666667
1 0.31484375 0.015625 0.0015625 0.0020833333333333333
1 0.33046875 0.013541666666666667 0.0015625 0.0020833333333333333
1 0.32578125 0.015625 0.0046875 0.00625
1 0.71328125 0.019791666666666666 0.0234375 0.027083333333333334
1 0.31171875 0.008333333333333333 0.0078125 0.004166666666666667
1 0.3359375 0.005208333333333333 0.003125 0.0020833333333333333
1 0.33046875 0.005208333333333333 0.0015625 0.0020833333333333333
1 0.3265625 0.007291666666666667 0.003125 0.00625
1 0.31953125 0.005208333333333333 0.0046875 0.0020833333333333333
1 0.30546875 0.005208333333333333 0.0015625 0.0020833333333333333
1 0.29453125 0.022916666666666665 0.0328125 0.0375
1 0.6734375 0.016666666666666666 0.028125 0.03333333333333333
1 0.60703125 0.08645833333333333 0.0859375 0.17291666666666666
1 0.5578125 0.014583333333333334 0.034375 0.029166666666666667
1 0.340625 0.005208333333333333 0.00625 0.010416666666666666
1 0.32734375 0.0010416666666666667 0.0015625 0.0020833333333333333
1 0.17578125 0.07291666666666667 0.2015625 0.14583333333333334
