0 0.48359375 0.753125 0.0015625 0.0020833333333333333
0 0.47265625 0.7427083333333333 0.0296875 0.01875
0 0.48828125 0.7291666666666666 0.0109375 0.016666666666666666
0 0.521875 0.7052083333333333 0.003125 0.00625
0 0.55 0.6770833333333334 0.00625 0.008333333333333333
0 0.55234375 0.66875 0.0046875 0.004166666666666667
0 0.553125 0.65625 0.00625 0.016666666666666666
0 0.58203125 0.5739583333333333 0.0015625 0.0020833333333333333
0 0.58828125 0.5197916666666667 0.0046875 0.00625
0 0.47890625 0.5177083333333333 0.0015625 0.0020833333333333333
0 0.47421875 0.5239583333333333 0.0078125 0.022916666666666665
0 0.59375 0.5083333333333333 0.00625 0.008333333333333333
0 0.5828125 0.43333333333333335 0.009375 0.016666666666666666
0 0.58203125 0.41458333333333336 0.0015625 0.004166666666666667
0 0.5859375 0.41458333333333336 0.003125 0.0125
0 0.57421875 0.375 0.0140625 0.05
0 0.48203125 0.5166666666666667 0.0890625 0.3333333333333333
0 0.44375 0.3177083333333333 0.0125 0.014583333333333334
0 0.4640625 0.3260416666666667 0.009375 0.04791666666666667
0 0.44453125 0.30520833333333336 0.0046875 0.00625
0 0.5546875 0.3020833333333333 0.009375 0.020833333333333332
0 0.42265625 0.28020833333333334 0.0046875 0.00625
0 0.42734375 0.26458333333333334 0.0015625 0.004166666666666667
0 0.409375 0.25 0.00625 0.004166666666666667
0 0.40078125 0.23854166666666668 0.0015625 0.0020833333333333333
0 0.3921875 0.22916666666666666 0.003125 0.004166666666666667
0 0.51328125 0.221875 0.0015625 0.0020833333333333333
0 0.51640625 0.21979166666666666 0.0015625 0.0020833333333333333
0 0.50703125 0.21666666666666667 0.0078125 0.008333333333333333
0 0.33828125 0.13541666666666666 0.0015625 0.004166666666666667
0 0.42265625 0.10208333333333333 0.0046875 0.004166666666666667
0 0.41796875 0.09895833333333333 0.0015625 0.0020833333333333333
0 0.41171875 0.09895833333333333 0.0015625 0.0020833333333333333
0 0.42265625 0.096875 0.0015625 0.0020833333333333333
0 0.40546875 0.09166666666666666 0.0078125 0.008333333333333333
0 0.3234375 0.084375 0.00625 0.00625
1 0.57578125 0.996875 0.0015625 0.0020833333333333333
1 0.89453125 0.99375 0.0046875 0.004166666666666667
1 0.5828125 0.99375 0.003125 0.004166666666666667
1 0.89921875 0.9895833333333334 0.0015625 0.004166666666666667
1 0.58203125 0.9885416666666667 0.0015625 0.0020833333333333333
1 0.9125 0.9833333333333333 0.009375 0.0125
1 0.56328125 0.984375 0.0265625 0.03125
1 0.56171875 0.9677083333333333 0.0015625 0.0020833333333333333
1 0.54453125 0.9677083333333333 0.0015625 0.0020833333333333333
1 0.534375 0.9677083333333333 0.015625 0.0020833333333333333
1 0.91796875 0.9614583333333333 0.0015625 0.00625
1 0.55078125 0.9583333333333334 0.0078125 0.004166666666666667
1 0.92890625 0.9552083333333333 0.0015625 0.0020833333333333333
1 0.53125 0.9552083333333333 0.00625 0.0020833333333333333
1 0.52578125 0.9552083333333333 0.0015625 0.0020833333333333333
1 0.92578125 0.953125 0.0015625 0.0020833333333333333
1 0.94921875 0.9260416666666667 0.0015625 0.0020833333333333333
1 0.50078125 0.9239583333333333 0.0015625 0.0020833333333333333
1 0.9703125 0.8989583333333333 0.003125 0.0020833333333333333
1 0.47578125 0.8947916666666667 0.0015625 0.0020833333333333333
1 0.45546875 0.8927083333333333 0.0015625 0.0020833333333333333
1 0.96328125 0.8927083333333333 0.0046875 0.00625
1 0.4609375 0.8875 0.003125 0.004166666666666667
1 0.46953125 0.878125 0.0015625 0.0020833333333333333
1 0.9625 0.9333333333333333 0.075 0.13333333333333333
1 0.45078125 0.8635416666666667 0.0015625 0.0020833333333333333
1 0.9953125 0.8572916666666667 0.003125 0.0020833333333333333
1 0.44140625 0.8552083333333333 0.0015625 0.0020833333333333333
1 0.41640625 0.8302083333333333 0.0015625 0.0020833333333333333
1 0.409375 0.8229166666666666 0.009375 0.0125
1 0.36328125 0.778125 0.0015625 0.0020833333333333333
1 0.32421875 0.7604166666666666 0.0015625 0.004166666666666667
1 0.44375 0.7520833333333333 0.009375 0.0125
1 0.43828125 0.7427083333333333 0.0015625 0.0020833333333333333
1 0.4296875 0.73125 0.003125 0.004166666666666667
1 0.42734375 0.7260416666666667 0.0015625 0.0020833333333333333
1 0.29453125 0.7239583333333334 0.0046875 0.010416666666666666
1 0.42578125 0.7166666666666667 0.0015625 0.008333333333333333
1 0.43203125 0.7010416666666667 0.0015625 0.0020833333333333333
1 0.27734375 0.6979166666666666 0.0015625 0.004166666666666667
1 0.43046875 0.6927083333333334 0.0015625 0.0020833333333333333
1 0.63515625 0.6885416666666667 0.0015625 0.0020833333333333333
1 0.59453125 0.6885416666666667 0.0015625 0.0020833333333333333
1 0.26796875 0.6875 0.0109375 0.004166666666666667
1 0.43046875 0.678125 0.0015625 0.0020833333333333333
1 0.24296875 0.665625 0.0015625 0.0020833333333333333
1 0.2328125 0.6635416666666667 0.003125 0.00625
1 0.56796875 0.6427083333333333 0.0015625 0.0020833333333333333
1 0.21171875 0.634375 0.0015625 0.0020833333333333333
1 0.20625 0.63125 0.00625 0.004166666666666667
1 0.1953125 0.625 0.003125 0.004166666666666667
1 0.18984375 0.615625 0.0015625 0.0020833333333333333
1 0.58359375 0.6072916666666667 0.0015625 0.00625
1 0.57421875 0.603125 0.0015625 0.0020833333333333333
1 0.16328125 0.5947916666666667 0.0046875 0.0020833333333333333
1 0.5796875 0.596875 0.009375 0.010416666666666666
1 0.1140625 0.559375 0.021875 0.00625
1 0.10703125 0.5416666666666666 0.0046875 0.004166666666666667
1 0.1046875 0.53125 0.003125 0.004166666666666667
1 0.09375 0.5229166666666667 0.003125 0.004166666666666667
1 0.08671875 0.5135416666666667 0.0015625 0.0020833333333333333
1 0.08359375 0.5114583333333333 0.0015625 0.0020833333333333333
1 0.08046875 0.5052083333333334 0.0015625 0.0020833333333333333
1 0.65703125 0.484375 0.0015625 0.0020833333333333333
1 0.05703125 0.4864583333333333 0.0046875 0.00625
1 0.05234375 0.4822916666666667 0.0015625 0.0020833333333333333
1 0.65546875 0.471875 0.0015625 0.00625
1 0.9984375 0.46770833333333334 0.003125 0.0020833333333333333
1 0.65390625 0.46145833333333336 0.0015625 0.0020833333333333333
1 0.9921875 0.46145833333333336 0.003125 0.00625
1 0.99453125 0.453125 0.0015625 0.0020833333333333333
1 0.65234375 0.453125 0.0015625 0.0020833333333333333
1 0.2625 0.7229166666666667 0.525 0.5541666666666667
1 0.65078125 0.446875 0.0015625 0.00625
1 0.97578125 0.44166666666666665 0.0015625 0.004166666666666667
1 0.64921875 0.43854166666666666 0.0015625 0.00625
1 0.64453125 0.41875 0.0015625 0.004166666666666667
1 0.9171875 0.3854166666666667 0.003125 0.004166666666666667
1 0.44453125 0.3614583333333333 0.0015625 0.0020833333333333333
1 0.8921875 0.35833333333333334 0.003125 0.004166666666666667
1 0.62265625 0.35520833333333335 0.0015625 0.0020833333333333333
1 0.8875 0.353125 0.003125 0.0020833333333333333
1 0.87421875 0.34479166666666666 0.0015625 0.0020833333333333333
1 0.89375 0.3416666666666667 0.00625 0.004166666666666667
1 0.88046875 0.340625 0.0078125 0.0020833333333333333
1 0.434375 0.33541666666666664 0.00625 0.0125
1 0.60859375 0.321875 0.0015625 0.0020833333333333333
1 0.60546875 0.315625 0.0015625 0.0020833333333333333
1 0.42734375 0.31875 0.0046875 0.008333333333333333
1 0.84140625 0.31145833333333334 0.0015625 0.0020833333333333333
1 0.60390625 0.31145833333333334 0.0015625 0.0020833333333333333
1 0.8328125 0.30416666666666664 0.003125 0.004166666666666667
1 0.82421875 0.2989583333333333 0.0015625 0.0020833333333333333
1 0.5984375 0.30104166666666665 0.003125 0.00625
1 0.59453125 0.29270833333333335 0.0046875 0.00625
1 0.58984375 0.284375 0.0015625 0.0020833333333333333
1 0.8109375 0.2791666666666667 0.003125 0.004166666666666667
1 0.80703125 0.278125 0.0015625 0.0020833333333333333
1 0.58515625 0.2760416666666667 0.0015625 0.0020833333333333333
1 0.8015625 0.275 0.00625 0.008333333333333333
1 0.58125 0.26875 0.003125 0.004166666666666667
1 0.78828125 0.265625 0.0015625 0.0020833333333333333
1 0.40859375 0.28229166666666666 0.0203125 0.035416666666666666
1 0.78984375 0.259375 0.0015625 0.00625
1 0.765625 0.24270833333333333 0.003125 0.0020833333333333333
1 0.56796875 0.24479166666666666 0.0046875 0.00625
1 0.56484375 0.23854166666666668 0.0015625 0.0020833333333333333
1 0.5609375 0.23125 0.003125 0.004166666666666667
1 0.55625 0.225 0.003125 0.004166666666666667
1 0.54921875 0.21458333333333332 0.0015625 0.004166666666666667
1 0.54609375 0.209375 0.0015625 0.0020833333333333333
1 0.54296875 0.20520833333333333 0.0015625 0.0020833333333333333
1 0.53984375 0.20104166666666667 0.0015625 0.0020833333333333333
1 0.69921875 0.18229166666666666 0.0015625 0.0020833333333333333
1 0.5234375 0.17916666666666667 0.003125 0.004166666666666667
1 0.69453125 0.17604166666666668 0.0046875 0.00625
1 0.3609375 0.20729166666666668 0.071875 0.10625
1 0.66953125 0.15104166666666666 0.0046875 0.0020833333333333333
1 0.36640625 0.15833333333333333 0.0140625 0.016666666666666666
1 0.35546875 0.15104166666666666 0.0140625 0.014583333333333334
1 0.659375 0.13958333333333334 0.003125 0.004166666666666667
1 0.31875 0.14375 0.0125 0.016666666666666666
1 0.48515625 0.134375 0.0015625 0.0020833333333333333
1 0.478125 0.12708333333333333 0.003125 0.004166666666666667
1 0.00546875 0.11458333333333333 0.0015625 0.004166666666666667
1 0.45859375 0.109375 0.0015625 0.0020833333333333333
1 0.625 0.109375 0.003125 0.00625
1 0.31328125 0.11041666666666666 0.0078125 0.0125
1 0.0109375 0.10520833333333333 0.003125 0.00625
1 0.44921875 0.10416666666666667 0.0046875 0.008333333333333333
1 0.36484375 0.10104166666666667 0.0015625 0.0020833333333333333
1 0.36171875 0.109375 0.0140625 0.01875
1 0.43515625 0.08958333333333333 0.0046875 0.004166666666666667
1 0.35390625 0.09375 0.0078125 0.0125
1 0.36875 0.09375 0.0125 0.016666666666666666
1 0.59296875 0.084375 0.0015625 0.0020833333333333333
1 0.37734375 0.08541666666666667 0.0046875 0.004166666666666667
1 0.34296875 0.08541666666666667 0.0015625 0.004166666666666667
1 0.42265625 0.08333333333333333 0.0046875 0.004166666666666667
1 0.41328125 0.07604166666666666 0.0015625 0.0020833333333333333
1 0.3984375 0.06458333333333334 0.003125 0.004166666666666667
1 0.56953125 0.06145833333333333 0.0015625 0.0020833333333333333
1 0.390625 0.06041666666666667 0.009375 0.004166666666666667
1 0.38046875 0.057291666666666664 0.0015625 0.0020833333333333333
1 0.3765625 0.05520833333333333 0.003125 0.0020833333333333333
1 0.31171875 0.058333333333333334 0.0140625 0.008333333333333333
1 0.36328125 0.053125 0.0015625 0.0020833333333333333
1 0.278125 0.05 0.040625 0.016666666666666666
1 0.55 0.03958333333333333 0.003125 0.004166666666666667
1 0.77421875 0.22395833333333334 0.4515625 0.4479166666666667
1 0.53203125 0.004166666666666667 0.0140625 0.008333333333333333
1 0.0375 0.05 0.075 0.1
