0 0.4734375 0.9697916666666667 0.003125 0.0020833333333333333
0 0.4703125 0.9677083333333333 0.00625 0.00625
0 0.45078125 0.9520833333333333 0.0078125 0.020833333333333332
0 0.4546875 0.940625 0.003125 0.0020833333333333333
0 0.4453125 0.9322916666666666 0.009375 0.01875
0 0.44453125 0.9083333333333333 0.0015625 0.004166666666666667
0 0.453125 0.8875 0.025 0.06666666666666667
0 0.4734375 0.8625 0.01875 0.0375
0 0.5140625 0.7520833333333333 0.003125 0.004166666666666667
0 0.52265625 0.7177083333333333 0.0109375 0.010416666666666666
0 0.5234375 0.7041666666666667 0.003125 0.004166666666666667
0 0.528125 0.6979166666666666 0.003125 0.004166666666666667
0 0.4875 0.6947916666666667 0.01875 0.03958333333333333
0 0.49453125 0.6677083333333333 0.0046875 0.00625
0 0.48828125 0.665625 0.0015625 0.0020833333333333333
0 0.5015625 0.6645833333333333 0.003125 0.004166666666666667
0 0.49609375 0.6520833333333333 0.0203125 0.020833333333333332
0 0.74765625 0.6302083333333334 0.0015625 0.0020833333333333333
0 0.571875 0.6270833333333333 0.003125 0.004166666666666667
0 0.5421875 0.575 0.003125 0.004166666666666667
0 0.51875 0.6052083333333333 0.040625 0.06875
0 0.52109375 0.575 0.0078125 0.008333333333333333
0 0.54296875 0.5572916666666666 0.0015625 0.00625
0 0.76015625 0.5510416666666667 0.0015625 0.00625
0 0.59375 0.53125 0.003125 0.004166666666666667
0 0.53671875 0.5177083333333333 0.0015625 0.0020833333333333333
0 0.5203125 0.540625 0.040625 0.07708333333333334
0 0.5078125 0.475 0.003125 0.004166666666666667
0 0.5109375 0.46770833333333334 0.003125 0.00625
0 0.51328125 0.4510416666666667 0.0015625 0.0020833333333333333
0 0.49453125 0.403125 0.0109375 0.00625
0 0.50078125 0.39479166666666665 0.0015625 0.0020833333333333333
0 0.51328125 0.42083333333333334 0.0296875 0.0625
0 0.49140625 0.38958333333333334 0.0046875 0.008333333333333333
0 0.52109375 0.384375 0.0015625 0.0020833333333333333
0 0.51640625 0.38229166666666664 0.0046875 0.0020833333333333333
0 0.4984375 0.3645833333333333 0.003125 0.004166666666666667
0 0.48984375 0.36875 0.0109375 0.016666666666666666
0 0.51015625 0.3645833333333333 0.0109375 0.016666666666666666
0 0.48203125 0.34791666666666665 0.0046875 0.004166666666666667
0 0.51171875 0.346875 0.0046875 0.00625
0 0.50078125 0.34270833333333334 0.0015625 0.0020833333333333333
0 0.49375 0.3458333333333333 0.00625 0.016666666666666666
0 0.48125 0.325 0.01875 0.025
0 0.49453125 0.296875 0.0015625 0.0020833333333333333
0 0.478125 0.3 0.015625 0.008333333333333333
0 0.4765625 0.28020833333333334 0.003125 0.0020833333333333333
0 0.4390625 0.24895833333333334 0.003125 0.0020833333333333333
0 0.45546875 0.2635416666666667 0.0265625 0.035416666666666666
0 0.49921875 0.209375 0.0109375 0.00625
0 0.5109375 0.18854166666666666 0.003125 0.0020833333333333333
0 0.66328125 0.15729166666666666 0.0015625 0.0020833333333333333
0 0.50234375 0.15833333333333333 0.0078125 0.004166666666666667
0 0.65078125 0.134375 0.0234375 0.03958333333333333
0 0.61953125 0.5385416666666667 0.2859375 0.8895833333333333
1 0.47578125 0.9989583333333333 0.0015625 0.0020833333333333333
1 0.91875 0.9979166666666667 0.0125 0.004166666666666667
1 0.9046875 0.996875 0.0125 0.00625
1 0.89609375 0.9947916666666666 0.0015625 0.0020833333333333333
1 0.89296875 0.9947916666666666 0.0015625 0.0020833333333333333
1 0.88984375 0.9947916666666666 0.0015625 0.0020833333333333333
1 0.88671875 0.9947916666666666 0.0015625 0.0020833333333333333
1 0.88359375 0.9947916666666666 0.0015625 0.0020833333333333333
1 0.88046875 0.9947916666666666 0.0015625 0.0020833333333333333
1 0.87734375 0.9947916666666666 0.0015625 0.0020833333333333333
1 0.87421875 0.9947916666666666 0.0015625 0.0020833333333333333
1 0.87109375 0.9947916666666666 0.0015625 0.0020833333333333333
1 0.86796875 0.9947916666666666 0.0015625 0.0020833333333333333
1 0.86484375 0.9947916666666666 0.0015625 0.0020833333333333333
1 0.86171875 0.9947916666666666 0.0015625 0.0020833333333333333
1 0.85859375 0.9947916666666666 0.0015625 0.0020833333333333333
1 0.85546875 0.9947916666666666 0.0015625 0.0020833333333333333
1 0.85234375 0.9947916666666666 0.0015625 0.0020833333333333333
1 0.84921875 0.9947916666666666 0.0015625 0.0020833333333333333
1 0.84609375 0.9947916666666666 0.0015625 0.0020833333333333333
1 0.84296875 0.9947916666666666 0.0015625 0.0020833333333333333
1 0.83984375 0.9947916666666666 0.0015625 0.0020833333333333333
1 0.83671875 0.9947916666666666 0.0015625 0.0020833333333333333
1 0.83359375 0.9947916666666666 0.0015625 0.0020833333333333333
1 0.83046875 0.9947916666666666 0.0015625 0.0020833333333333333
1 0.82734375 0.9947916666666666 0.0015625 0.0020833333333333333
1 0.82421875 0.9958333333333333 0.0015625 0.004166666666666667
1 0.82109375 0.9958333333333333 0.0015625 0.004166666666666667
1 0.81796875 0.9947916666666666 0.0015625 0.0020833333333333333
1 0.81484375 0.9947916666666666 0.0015625 0.0020833333333333333
1 0.81171875 0.9947916666666666 0.0015625 0.0020833333333333333
1 0.80859375 0.9947916666666666 0.0015625 0.0020833333333333333
1 0.80546875 0.9947916666666666 0.0015625 0.0020833333333333333
1 0.80234375 0.9947916666666666 0.0015625 0.0020833333333333333
1 0.53125 0.996875 0.0125 0.00625
1 0.52265625 0.990625 0.0015625 0.0020833333333333333
1 0.51953125 0.990625 0.0015625 0.0020833333333333333
1 0.51640625 0.990625 0.0015625 0.0020833333333333333
1 0.51328125 0.990625 0.0015625 0.0020833333333333333
1 0.51015625 0.990625 0.0015625 0.0020833333333333333
1 0.50703125 0.990625 0.0015625 0.0020833333333333333
1 0.50390625 0.990625 0.0015625 0.0020833333333333333
1 0.4453125 0.98125 0.003125 0.004166666666666667
1 0.45703125 0.9802083333333333 0.0015625 0.00625
1 0.45234375 0.9802083333333333 0.0046875 0.00625
1 0.44140625 0.978125 0.0015625 0.0020833333333333333
1 0.43671875 0.9791666666666666 0.0015625 0.004166666666666667
1 0.42109375 0.9458333333333333 0.0203125 0.016666666666666666
1 0.00078125 0.9416666666666667 0.0015625 0.016666666666666666
1 0.0046875 0.9333333333333333 0.009375 0.06666666666666667
1 0.42109375 0.8958333333333334 0.0078125 0.008333333333333333
1 0.42109375 0.8864583333333333 0.0046875 0.00625
1 0.4828125 0.903125 0.0125 0.04375
1 0.4296875 0.8604166666666667 0.003125 0.0125
1 0.69921875 0.853125 0.0015625 0.0020833333333333333
1 0.43046875 0.8489583333333334 0.0015625 0.00625
1 0.48515625 0.815625 0.0015625 0.0020833333333333333
1 0.44140625 0.7947916666666667 0.0015625 0.00625
1 0.42734375 0.79375 0.0015625 0.004166666666666667
1 0.43359375 0.7833333333333333 0.0109375 0.0375
1 0.49765625 0.7947916666666667 0.0328125 0.07708333333333334
1 0.43671875 0.7291666666666666 0.0015625 0.004166666666666667
1 0.0046875 0.7833333333333333 0.009375 0.16666666666666666
1 0.45859375 0.6979166666666666 0.0140625 0.04583333333333333
1 0.46640625 0.6697916666666667 0.0015625 0.0020833333333333333
1 0.54765625 0.665625 0.0015625 0.0020833333333333333
1 0.75234375 0.6552083333333333 0.0015625 0.0020833333333333333
1 0.54765625 0.65625 0.0046875 0.008333333333333333
1 0.55625 0.6333333333333333 0.009375 0.008333333333333333
1 0.69296875 0.5885416666666666 0.0015625 0.0020833333333333333
1 0.6890625 0.6041666666666666 0.021875 0.03333333333333333
1 0.46953125 0.609375 0.0140625 0.052083333333333336
1 0.4765625 0.5666666666666667 0.009375 0.020833333333333332
1 0.47578125 0.5072916666666667 0.0203125 0.01875
1 0.47578125 0.4635416666666667 0.0015625 0.0020833333333333333
1 0.56328125 0.446875 0.0078125 0.027083333333333334
1 0.44921875 0.3645833333333333 0.0109375 0.029166666666666667
1 0.54140625 0.36354166666666665 0.0171875 0.03125
1 0.53359375 0.34479166666666666 0.0015625 0.0020833333333333333
1 0.5234375 0.32395833333333335 0.009375 0.014583333333333334
1 0.428125 0.3177083333333333 0.00625 0.01875
1 0.49375 0.26875 0.003125 0.004166666666666667
1 0.4828125 0.2552083333333333 0.015625 0.022916666666666665
1 0.47578125 0.23958333333333334 0.0015625 0.004166666666666667
1 0.47890625 0.23645833333333333 0.0015625 0.0020833333333333333
1 0.503125 0.2677083333333333 0.04375 0.08125
1 0.4640625 0.22708333333333333 0.0125 0.0125
1 0.46015625 0.21770833333333334 0.0015625 0.0020833333333333333
1 0.440625 0.19375 0.009375 0.0125
1 0.4234375 0.17604166666666668 0.003125 0.0020833333333333333
1 0.41953125 0.17604166666666668 0.0015625 0.0020833333333333333
1 0.35703125 0.18854166666666666 0.0203125 0.027083333333333334
1 0.3265625 0.18541666666666667 0.015625 0.020833333333333332
1 0.31328125 0.171875 0.0015625 0.0020833333333333333
1 0.37734375 0.16145833333333334 0.0015625 0.0020833333333333333
1 0.3046875 0.1625 0.015625 0.016666666666666666
1 0.36953125 0.146875 0.0015625 0.0020833333333333333
1 0.36640625 0.146875 0.0015625 0.0020833333333333333
1 0.36328125 0.146875 0.0015625 0.0020833333333333333
1 0.39453125 0.14270833333333333 0.0015625 0.0020833333333333333
1 0.36796875 0.13958333333333334 0.0109375 0.004166666666666667
1 0.35703125 0.15 0.0234375 0.05
1 0.49765625 0.12395833333333334 0.0015625 0.0020833333333333333
1 0.39921875 0.140625 0.0984375 0.052083333333333336
1 0.478125 0.10208333333333333 0.003125 0.004166666666666667
1 0.26953125 0.09895833333333333 0.0078125 0.0020833333333333333
1 0.61875 0.10208333333333333 0.034375 0.020833333333333332
1 0.62578125 0.090625 0.0015625 0.0020833333333333333
1 0.6125 0.078125 0.009375 0.010416666666666666
1 0.54765625 0.07395833333333333 0.0015625 0.0020833333333333333
1 0.60703125 0.06979166666666667 0.0015625 0.0020833333333333333
1 0.5421875 0.07083333333333333 0.00625 0.004166666666666667
1 0.99921875 0.06770833333333333 0.0015625 0.0020833333333333333
1 0.99453125 0.1 0.0046875 0.06666666666666667
1 0.546875 0.06875 0.00625 0.004166666666666667
1 0.28203125 0.1 0.0359375 0.06666666666666667
1 0.52890625 0.06354166666666666 0.0015625 0.0020833333333333333
1 0.590625 0.053125 0.003125 0.0020833333333333333
1 0.25625 0.05625 0.0125 0.020833333333333332
1 0.51875 0.05520833333333333 0.01875 0.027083333333333334
1 0.5796875 0.065625 0.040625 0.06458333333333334
1 0.24921875 0.034375 0.0015625 0.0020833333333333333
1 0.5578125 0.022916666666666665 0.003125 0.004166666666666667
1 0.27265625 0.015625 0.0015625 0.0020833333333333333
1 0.28203125 0.014583333333333334 0.0140625 0.008333333333333333
1 0.24765625 0.007291666666666667 0.0015625 0.0020833333333333333
1 0.24453125 0.007291666666666667 0.0015625 0.0020833333333333333
1 0.5296875 0.017708333333333333 0.046875 0.027083333333333334
1 0.2375 0.00625 0.009375 0.004166666666666667
1 0.2046875 0.005208333333333333 0.009375 0.0020833333333333333
1 0.2546875 0.005208333333333333 0.009375 0.00625
1 0.4828125 0.016666666666666666 0.034375 0.03333333333333333
1 0.3921875 0.04583333333333333 0.103125 0.09166666666666666
1 0.3265625 0.0020833333333333333 0.003125 0.004166666666666667
1 0.32265625 0.009375 0.0328125 0.01875
1 0.2890625 0.004166666666666667 0.009375 0.008333333333333333
1 0.0375 0.0020833333333333333 0.075 0.004166666666666667
