0 0.278125 0.921875 0.003125 0.0020833333333333333
0 0.6359375 0.6166666666666667 0.003125 0.004166666666666667
0 0.4984375 0.4864583333333333 0.003125 0.00625
0 0.69609375 0.4552083333333333 0.0015625 0.0020833333333333333
0 0.69453125 0.165625 0.0015625 0.0020833333333333333
0 0.47890625 0.5208333333333334 0.4828125 0.8
1 0.35 0.9979166666666667 0.003125 0.004166666666666667
1 0.34609375 0.996875 0.0015625 0.0020833333333333333
1 0.34296875 0.996875 0.0015625 0.0020833333333333333
1 0.33984375 0.996875 0.0015625 0.0020833333333333333
1 0.33671875 0.996875 0.0015625 0.0020833333333333333
1 0.33359375 0.996875 0.0015625 0.0020833333333333333
1 0.33046875 0.996875 0.0015625 0.0020833333333333333
1 0.32734375 0.996875 0.0015625 0.0020833333333333333
1 0.3109375 0.9979166666666667 0.009375 0.004166666666666667
1 0.2875 0.99375 0.025 0.008333333333333333
1 0.1140625 0.9604166666666667 0.00625 0.004166666666666667
1 0.27421875 0.9447916666666667 0.0015625 0.0020833333333333333
1 0.26640625 0.9427083333333334 0.0015625 0.0020833333333333333
1 0.26328125 0.9427083333333334 0.0015625 0.0020833333333333333
1 0.26015625 0.9427083333333334 0.0015625 0.0020833333333333333
1 0.21953125 0.9375 0.0015625 0.004166666666666667
1 0.21640625 0.9375 0.0015625 0.004166666666666667
1 0.21328125 0.9364583333333333 0.0015625 0.0020833333333333333
1 0.1328125 0.9677083333333333 0.265625 0.06458333333333334
1 0.23984375 0.9354166666666667 0.0359375 0.016666666666666666
1 0.18203125 0.9125 0.0015625 0.004166666666666667
1 0.1734375 0.896875 0.021875 0.035416666666666666
1 0.17890625 0.8729166666666667 0.0046875 0.008333333333333333
1 0.17421875 0.865625 0.0015625 0.0020833333333333333
1 0.1671875 0.8625 0.003125 0.008333333333333333
1 0.1875 0.8354166666666667 0.025 0.05
1 0.20234375 0.8052083333333333 0.0046875 0.00625
1 0.20703125 0.8010416666666667 0.0015625 0.0020833333333333333
1 0.20546875 0.796875 0.0015625 0.0020833333333333333
1 0.20703125 0.790625 0.0015625 0.0020833333333333333
1 0.53984375 0.7697916666666667 0.0015625 0.0020833333333333333
1 0.54609375 0.7625 0.0046875 0.004166666666666667
1 0.2296875 0.7625 0.003125 0.008333333333333333
1 0.29453125 0.765625 0.0140625 0.01875
1 0.23203125 0.7510416666666667 0.0015625 0.0020833333333333333
1 0.31015625 0.7489583333333333 0.0015625 0.0020833333333333333
1 0.24140625 0.7375 0.0078125 0.0125
1 0.56953125 0.7260416666666667 0.0078125 0.010416666666666666
1 0.2515625 0.7177083333333333 0.00625 0.010416666666666666
1 0.24453125 0.715625 0.0078125 0.022916666666666665
1 0.24921875 0.7010416666666667 0.0015625 0.0020833333333333333
1 0.25078125 0.696875 0.0015625 0.0020833333333333333
1 0.27578125 0.690625 0.0015625 0.0020833333333333333
1 0.26015625 0.6802083333333333 0.0015625 0.0020833333333333333
1 0.265625 0.6864583333333333 0.01875 0.022916666666666665
1 0.6 0.6802083333333333 0.009375 0.014583333333333334
1 0.271875 0.6666666666666666 0.00625 0.004166666666666667
1 0.29765625 0.6635416666666667 0.0015625 0.0020833333333333333
1 0.9375 0.825 0.125 0.35
1 0.2875 0.6677083333333333 0.021875 0.035416666666666666
1 0.403125 0.65 0.003125 0.004166666666666667
1 0.41171875 0.6416666666666667 0.0015625 0.004166666666666667
1 0.41484375 0.6385416666666667 0.0015625 0.0020833333333333333
1 0.4078125 0.6385416666666667 0.003125 0.0020833333333333333
1 0.41796875 0.6302083333333334 0.0109375 0.010416666666666666
1 0.40625 0.6291666666666667 0.009375 0.008333333333333333
1 0.31015625 0.628125 0.0046875 0.00625
1 0.5578125 0.6208333333333333 0.009375 0.008333333333333333
1 0.55078125 0.615625 0.0015625 0.0020833333333333333
1 0.5515625 0.6104166666666667 0.003125 0.004166666666666667
1 0.5609375 0.6052083333333333 0.009375 0.010416666666666666
1 0.5421875 0.609375 0.0125 0.01875
1 0.315625 0.5916666666666667 0.00625 0.016666666666666666
1 0.3328125 0.5895833333333333 0.03125 0.04583333333333333
1 0.32890625 0.5552083333333333 0.0015625 0.0020833333333333333
1 0.35703125 0.540625 0.0046875 0.00625
1 0.359375 0.528125 0.00625 0.014583333333333334
1 0.38828125 0.47708333333333336 0.0046875 0.004166666666666667
1 0.390625 0.46875 0.003125 0.004166666666666667
1 0.38671875 0.46770833333333334 0.0015625 0.0020833333333333333
1 0.37421875 0.45 0.0140625 0.05
1 0.384375 0.39479166666666665 0.003125 0.010416666666666666
1 0.38828125 0.3927083333333333 0.0015625 0.010416666666666666
1 0.49921875 0.3645833333333333 0.0015625 0.004166666666666667
1 0.5015625 0.36770833333333336 0.009375 0.014583333333333334
1 0.50078125 0.359375 0.0015625 0.0020833333333333333
1 0.50234375 0.3145833333333333 0.0046875 0.008333333333333333
1 0.50546875 0.30104166666666665 0.0015625 0.0020833333333333333
1 0.50546875 0.29270833333333335 0.0015625 0.010416666666666666
1 0.49609375 0.27395833333333336 0.0015625 0.0020833333333333333
1 0.39609375 0.2833333333333333 0.0046875 0.03333333333333333
1 0.4984375 0.275 0.0125 0.05
1 0.49375 0.24479166666666666 0.00625 0.00625
1 0.4859375 0.24166666666666667 0.003125 0.004166666666666667
1 0.49765625 0.23333333333333334 0.0046875 0.0125
1 0.4828125 0.23020833333333332 0.003125 0.00625
1 0.490625 0.20208333333333334 0.003125 0.004166666666666667
1 0.47734375 0.20416666666666666 0.0078125 0.008333333333333333
1 0.38828125 0.20833333333333334 0.0140625 0.020833333333333332
1 0.46640625 0.19479166666666667 0.0046875 0.010416666666666666
1 0.40234375 0.184375 0.0015625 0.0020833333333333333
1 0.36328125 0.16770833333333332 0.0015625 0.0020833333333333333
1 0.37109375 0.16041666666666668 0.0046875 0.0125
1 0.46015625 0.14791666666666667 0.0015625 0.004166666666666667
1 0.378125 0.14375 0.00625 0.016666666666666666
1 0.35078125 0.12395833333333334 0.0015625 0.00625
1 0.0015625 0.125 0.003125 0.008333333333333333
1 0.49609375 0.11458333333333333 0.0046875 0.004166666666666667
1 0.49140625 0.109375 0.0015625 0.0020833333333333333
1 0.4546875 0.11666666666666667 0.028125 0.020833333333333332
1 0.37265625 0.10729166666666666 0.0015625 0.0020833333333333333
1 0.37109375 0.103125 0.0015625 0.0020833333333333333
1 0.475 0.109375 0.03125 0.01875
1 0.47578125 0.09166666666666666 0.0015625 0.004166666666666667
1 0.0109375 0.09375 0.003125 0.008333333333333333
1 0.66640625 0.1125 0.0578125 0.058333333333333334
1 0.54375 0.08541666666666667 0.015625 0.0125
1 0.60390625 0.08020833333333334 0.0078125 0.010416666666666666
1 0.590625 0.07395833333333333 0.00625 0.010416666666666666
1 0.51171875 0.06875 0.0234375 0.004166666666666667
1 0.61015625 0.042708333333333334 0.0015625 0.0020833333333333333
1 0.60390625 0.03854166666666667 0.0015625 0.0020833333333333333
1 0.54765625 0.036458333333333336 0.0015625 0.0020833333333333333
1 0.63125 0.06041666666666667 0.0375 0.05416666666666667
1 0.60078125 0.035416666666666666 0.0015625 0.004166666666666667
1 0.58125 0.036458333333333336 0.0125 0.00625
1 0.52734375 0.034375 0.0046875 0.0020833333333333333
1 0.5125 0.03229166666666667 0.021875 0.0020833333333333333
1 0.37890625 0.03229166666666667 0.0015625 0.0020833333333333333
1 0.41171875 0.03333333333333333 0.0234375 0.008333333333333333
1 0.38671875 0.03229166666666667 0.0109375 0.00625
1 0.36953125 0.029166666666666667 0.0109375 0.008333333333333333
1 0.99921875 0.021875 0.0015625 0.0020833333333333333
1 0.99609375 0.021875 0.0015625 0.0020833333333333333
1 0.99296875 0.021875 0.0015625 0.0020833333333333333
1 0.98984375 0.021875 0.0015625 0.0020833333333333333
1 0.98671875 0.021875 0.0015625 0.0020833333333333333
1 0.98359375 0.021875 0.0015625 0.0020833333333333333
1 0.98046875 0.021875 0.0015625 0.0020833333333333333
1 0.97734375 0.021875 0.0015625 0.0020833333333333333
1 0.34453125 0.036458333333333336 0.0390625 0.035416666666666666
1 0.36328125 0.017708333333333333 0.0015625 0.0020833333333333333
1 0.95625 0.010416666666666666 0.0875 0.0125
1 0.65234375 0.005208333333333333 0.0015625 0.0020833333333333333
1 0.87109375 0.003125 0.0015625 0.0020833333333333333
1 0.86796875 0.003125 0.0015625 0.0020833333333333333
1 0.86484375 0.003125 0.0015625 0.0020833333333333333
1 0.86171875 0.003125 0.0015625 0.0020833333333333333
1 0.85859375 0.003125 0.0015625 0.0020833333333333333
1 0.85546875 0.003125 0.0015625 0.0020833333333333333
1 0.85234375 0.003125 0.0015625 0.0020833333333333333
1 0.84921875 0.003125 0.0015625 0.0020833333333333333
1 0.84609375 0.003125 0.0015625 0.0020833333333333333
1 0.84296875 0.003125 0.0015625 0.0020833333333333333
1 0.83984375 0.003125 0.0015625 0.0020833333333333333
1 0.83671875 0.003125 0.0015625 0.0020833333333333333
1 0.83359375 0.003125 0.0015625 0.0020833333333333333
1 0.83046875 0.003125 0.0015625 0.0020833333333333333
1 0.82734375 0.003125 0.0015625 0.0020833333333333333
1 0.82421875 0.003125 0.0015625 0.0020833333333333333
1 0.82109375 0.003125 0.0015625 0.0020833333333333333
1 0.81796875 0.003125 0.0015625 0.0020833333333333333
1 0.81484375 0.003125 0.0015625 0.0020833333333333333
1 0.81171875 0.003125 0.0015625 0.0020833333333333333
1 0.80859375 0.003125 0.0015625 0.0020833333333333333
1 0.80546875 0.003125 0.0015625 0.0020833333333333333
1 0.80234375 0.003125 0.0015625 0.0020833333333333333
1 0.8890625 0.0020833333333333333 0.003125 0.004166666666666667
1 0.87421875 0.0020833333333333333 0.0015625 0.004166666666666667
1 0.6328125 0.003125 0.009375 0.00625
1 0.609375 0.016666666666666666 0.0125 0.03333333333333333
1 0.5953125 0.0020833333333333333 0.003125 0.004166666666666667
1 0.58828125 0.0020833333333333333 0.0015625 0.004166666666666667
1 0.5375 0.016666666666666666 0.075 0.03333333333333333
1 0.50078125 0.0010416666666666667 0.0015625 0.0020833333333333333
1 0.43125 0.06666666666666667 0.13125 0.13333333333333333
1 0.0171875 0.03333333333333333 0.034375 0.06666666666666667
