0 0.2234375 0.7479166666666667 0.003125 0.004166666666666667
0 0.26328125 0.6760416666666667 0.0015625 0.0020833333333333333
0 0.171875 0.678125 0.0125 0.022916666666666665
0 0.30234375 0.6666666666666666 0.0484375 0.05416666666666667
0 0.19765625 0.6177083333333333 0.0078125 0.01875
0 0.21875 0.5729166666666666 0.025 0.03333333333333333
0 0.23984375 0.5427083333333333 0.0015625 0.0020833333333333333
0 0.24453125 0.5354166666666667 0.0046875 0.008333333333333333
0 0.25 0.528125 0.003125 0.0020833333333333333
0 0.25390625 0.5208333333333334 0.0015625 0.004166666666666667
0 0.26328125 0.5104166666666666 0.0015625 0.004166666666666667
0 0.2671875 0.5041666666666667 0.00625 0.004166666666666667
0 0.46875 0.41354166666666664 0.00625 0.00625
0 0.48046875 0.40208333333333335 0.0140625 0.008333333333333333
0 0.51328125 0.39791666666666664 0.0828125 0.0625
0 0.5953125 0.315625 0.003125 0.0020833333333333333
0 0.609375 0.325 0.025 0.03333333333333333
0 0.67578125 0.30520833333333336 0.0015625 0.0020833333333333333
0 0.634375 0.30833333333333335 0.009375 0.008333333333333333
0 0.6625 0.30520833333333336 0.025 0.014583333333333334
0 0.65 0.284375 0.03125 0.03125
0 0.64453125 0.265625 0.0015625 0.0020833333333333333
0 0.371875 0.5114583333333333 0.36875 0.5104166666666666
0 0.6234375 0.24270833333333333 0.015625 0.014583333333333334
0 0.578125 0.24583333333333332 0.04375 0.03333333333333333
0 0.625 0.221875 0.003125 0.0020833333333333333
0 0.6234375 0.21041666666666667 0.003125 0.004166666666666667
0 0.62890625 0.203125 0.0015625 0.0020833333333333333
0 0.628125 0.19895833333333332 0.003125 0.0020833333333333333
0 0.73125 0.19270833333333334 0.003125 0.0020833333333333333
0 0.7734375 0.17395833333333333 0.003125 0.0020833333333333333
0 0.78046875 0.17083333333333334 0.0046875 0.004166666666666667
0 0.7078125 0.165625 0.003125 0.0020833333333333333
0 0.6671875 0.18333333333333332 0.071875 0.05
0 0.81328125 0.14270833333333333 0.0015625 0.0020833333333333333
0 0.81328125 0.121875 0.0015625 0.0020833333333333333
0 0.81015625 0.121875 0.0015625 0.0020833333333333333
0 0.80703125 0.121875 0.0015625 0.0020833333333333333
0 0.75859375 0.13958333333333334 0.0921875 0.041666666666666664
1 0.18984375 0.9989583333333333 0.0015625 0.0020833333333333333
1 0.63359375 0.996875 0.0015625 0.0020833333333333333
1 0.61484375 0.996875 0.0015625 0.0020833333333333333
1 0.64140625 0.9947916666666666 0.0015625 0.0020833333333333333
1 0.6375 0.9958333333333333 0.003125 0.004166666666666667
1 0.61875 0.9958333333333333 0.003125 0.004166666666666667
1 0.6515625 0.9927083333333333 0.003125 0.0020833333333333333
1 0.178125 0.9927083333333333 0.00625 0.0020833333333333333
1 0.35703125 0.9885416666666667 0.0015625 0.0020833333333333333
1 0.36015625 0.9864583333333333 0.0015625 0.0020833333333333333
1 0.16328125 0.9885416666666667 0.0046875 0.010416666666666666
1 0.365625 0.984375 0.00625 0.00625
1 0.38046875 0.9833333333333333 0.0078125 0.008333333333333333
1 0.15859375 0.98125 0.0046875 0.004166666666666667
1 0.36484375 0.9697916666666667 0.0015625 0.0020833333333333333
1 0.28046875 0.9697916666666667 0.0015625 0.0020833333333333333
1 0.29609375 0.96875 0.0078125 0.004166666666666667
1 0.2734375 0.965625 0.003125 0.0020833333333333333
1 0.26953125 0.9697916666666667 0.0140625 0.010416666666666666
1 0.25625 0.9697916666666667 0.00625 0.010416666666666666
1 0.30625 0.9666666666666667 0.0125 0.008333333333333333
1 0.10859375 0.959375 0.0015625 0.0020833333333333333
1 0.08359375 0.959375 0.0015625 0.0020833333333333333
1 0.69296875 0.9572916666666667 0.0015625 0.0020833333333333333
1 0.1046875 0.9583333333333334 0.003125 0.004166666666666667
1 0.0875 0.9583333333333334 0.003125 0.004166666666666667
1 0.2875 0.9583333333333334 0.025 0.016666666666666666
1 0.09140625 0.9489583333333333 0.0140625 0.010416666666666666
1 0.08046875 0.94375 0.0046875 0.004166666666666667
1 0.2953125 0.9333333333333333 0.003125 0.004166666666666667
1 0.284375 0.9322916666666666 0.015625 0.0020833333333333333
1 0.17578125 0.9270833333333334 0.0046875 0.008333333333333333
1 0.16796875 0.921875 0.0015625 0.0020833333333333333
1 0.34765625 0.9104166666666667 0.0046875 0.004166666666666667
1 0.3296875 0.9104166666666667 0.01875 0.004166666666666667
1 0.14453125 0.9072916666666667 0.0015625 0.0020833333333333333
1 0.38359375 0.9333333333333333 0.0296875 0.06666666666666667
1 0.31328125 0.9041666666666667 0.0109375 0.008333333333333333
1 0.1765625 0.909375 0.05 0.035416666666666666
1 0.4203125 0.890625 0.009375 0.04375
1 0.28046875 0.8677083333333333 0.0015625 0.0020833333333333333
1 0.32265625 0.865625 0.0015625 0.0020833333333333333
1 0.3171875 0.8666666666666667 0.00625 0.004166666666666667
1 0.30546875 0.8666666666666667 0.0140625 0.004166666666666667
1 0.29140625 0.8666666666666667 0.0109375 0.004166666666666667
1 0.28359375 0.8666666666666667 0.0015625 0.004166666666666667
1 0.240625 0.9166666666666666 0.11875 0.10416666666666667
1 0.1515625 0.884375 0.021875 0.04791666666666667
1 0.35 0.8791666666666667 0.05 0.05416666666666667
1 0.1375 0.8572916666666667 0.003125 0.014583333333333334
1 0.22890625 0.8375 0.0046875 0.004166666666666667
1 0.30859375 0.834375 0.0015625 0.0020833333333333333
1 0.30546875 0.834375 0.0015625 0.0020833333333333333
1 0.30234375 0.834375 0.0015625 0.0020833333333333333
1 0.1859375 0.8375 0.00625 0.008333333333333333
1 0.31484375 0.8322916666666667 0.0015625 0.0020833333333333333
1 0.14296875 0.846875 0.0078125 0.03125
1 0.3359375 0.8302083333333333 0.003125 0.0020833333333333333
1 0.8171875 0.828125 0.003125 0.0020833333333333333
1 0.16640625 0.828125 0.0015625 0.00625
1 0.8125 0.825 0.003125 0.004166666666666667
1 0.34765625 0.815625 0.0015625 0.0020833333333333333
1 0.1625 0.815625 0.003125 0.00625
1 0.14296875 0.8052083333333333 0.0015625 0.00625
1 0.425 0.8260416666666667 0.0125 0.052083333333333336
1 0.84609375 0.796875 0.0015625 0.0020833333333333333
1 0.153125 0.8083333333333333 0.0125 0.025
1 0.43671875 0.7864583333333334 0.0015625 0.0020833333333333333
1 0.15625 0.778125 0.00625 0.00625
1 0.15 0.7739583333333333 0.003125 0.00625
1 0.1328125 0.7739583333333333 0.00625 0.010416666666666666
1 0.3546875 0.7552083333333334 0.003125 0.0020833333333333333
1 0.434375 0.7666666666666667 0.009375 0.029166666666666667
1 0.34921875 0.7489583333333333 0.0015625 0.0020833333333333333
1 0.43125 0.7479166666666667 0.003125 0.004166666666666667
1 0.44453125 0.7447916666666666 0.0015625 0.0020833333333333333
1 0.44609375 0.740625 0.0015625 0.0020833333333333333
1 0.89453125 0.7364583333333333 0.0015625 0.0020833333333333333
1 0.34140625 0.7364583333333333 0.0015625 0.0020833333333333333
1 0.9 0.725 0.003125 0.004166666666666667
1 0.9046875 0.7229166666666667 0.003125 0.004166666666666667
1 0.44453125 0.7291666666666666 0.0109375 0.016666666666666666
1 0.3546875 0.725 0.003125 0.008333333333333333
1 0.14375 0.725 0.003125 0.008333333333333333
1 0.14609375 0.7177083333333333 0.0015625 0.0020833333333333333
1 0.14765625 0.7135416666666666 0.0015625 0.0020833333333333333
1 0.45703125 0.7114583333333333 0.0015625 0.0020833333333333333
1 0.9171875 0.709375 0.003125 0.00625
1 0.075 0.8489583333333334 0.15 0.3020833333333333
1 0.44765625 0.684375 0.0015625 0.00625
1 0.47109375 0.6875 0.0078125 0.016666666666666666
1 0.38828125 0.653125 0.0015625 0.0020833333333333333
1 0.38203125 0.6510416666666666 0.0015625 0.0020833333333333333
1 0.49765625 0.6385416666666667 0.0046875 0.00625
1 0.00234375 0.6322916666666667 0.0015625 0.0020833333333333333
1 0.82734375 0.8125 0.3453125 0.375
1 0.5140625 0.6197916666666666 0.003125 0.00625
1 0.51796875 0.615625 0.0015625 0.0020833333333333333
1 0.51171875 0.615625 0.0015625 0.0020833333333333333
1 0.0015625 0.6208333333333333 0.003125 0.016666666666666666
1 0.41953125 0.596875 0.0015625 0.0020833333333333333
1 0.52421875 0.6020833333333333 0.0203125 0.020833333333333332
1 0.42265625 0.5895833333333333 0.0046875 0.008333333333333333
1 0.44765625 0.5489583333333333 0.0015625 0.0020833333333333333
1 0.44453125 0.5489583333333333 0.0015625 0.0020833333333333333
1 0.56171875 0.55625 0.0265625 0.029166666666666667
1 0.58515625 0.5302083333333333 0.0015625 0.0020833333333333333
1 0.5921875 0.5166666666666667 0.015625 0.016666666666666666
1 0.61171875 0.4979166666666667 0.0171875 0.016666666666666666
1 0.63515625 0.4552083333333333 0.0015625 0.0020833333333333333
1 0.65859375 0.453125 0.0015625 0.0020833333333333333
1 0.66171875 0.44895833333333335 0.0015625 0.0020833333333333333
1 0.66484375 0.44479166666666664 0.0015625 0.0020833333333333333
1 0.66796875 0.440625 0.0015625 0.0020833333333333333
1 0.6703125 0.44375 0.021875 0.029166666666666667
1 0.66796875 0.43020833333333336 0.0015625 0.0020833333333333333
1 0.66796875 0.42604166666666665 0.0015625 0.0020833333333333333
1 0.67265625 0.421875 0.0015625 0.0020833333333333333
1 0.378125 0.38333333333333336 0.003125 0.004166666666666667
1 0.9984375 0.37916666666666665 0.003125 0.016666666666666666
1 0.73046875 0.38958333333333334 0.0421875 0.0375
1 0.49296875 0.3697916666666667 0.0046875 0.0020833333333333333
1 0.63359375 0.36770833333333336 0.0015625 0.0020833333333333333
1 0.49765625 0.36770833333333336 0.0015625 0.0020833333333333333
1 0.63671875 0.3697916666666667 0.0046875 0.010416666666666666
1 0.628125 0.3645833333333333 0.003125 0.004166666666666667
1 0.63984375 0.3614583333333333 0.0015625 0.0020833333333333333
1 0.48671875 0.3614583333333333 0.0015625 0.0020833333333333333
1 0.63125 0.3572916666666667 0.00625 0.00625
1 0.509375 0.3572916666666667 0.003125 0.00625
1 0.63984375 0.35520833333333335 0.0078125 0.00625
1 0.65390625 0.35104166666666664 0.0015625 0.0020833333333333333
1 0.7703125 0.35208333333333336 0.003125 0.008333333333333333
1 0.49921875 0.346875 0.0015625 0.0020833333333333333
1 0.49453125 0.35 0.0046875 0.008333333333333333
1 0.99453125 0.35208333333333336 0.0078125 0.016666666666666666
1 0.99375 0.3333333333333333 0.00625 0.004166666666666667
1 0.79140625 0.33958333333333335 0.0359375 0.0375
1 0.8125 0.31875 0.003125 0.004166666666666667
1 0.8171875 0.3145833333333333 0.003125 0.004166666666666667
1 0.82109375 0.31145833333333334 0.0015625 0.0020833333333333333
1 0.825 0.309375 0.003125 0.0020833333333333333
1 0.059375 0.3104166666666667 0.00625 0.004166666666666667
1 0.05703125 0.30520833333333336 0.0015625 0.0020833333333333333
1 0.8390625 0.29791666666666666 0.003125 0.004166666666666667
1 0.47421875 0.2947916666666667 0.0109375 0.010416666666666666
1 0.85234375 0.284375 0.0015625 0.0020833333333333333
1 0.85546875 0.28229166666666666 0.0015625 0.0020833333333333333
1 0.08125 0.2833333333333333 0.00625 0.008333333333333333
1 0.09765625 0.278125 0.0015625 0.0020833333333333333
1 0.0921875 0.27708333333333335 0.00625 0.004166666666666667
1 0.78515625 0.2760416666666667 0.0046875 0.00625
1 0.8640625 0.271875 0.003125 0.0020833333333333333
1 0.87421875 0.265625 0.0015625 0.0020833333333333333
1 0.87578125 0.26145833333333335 0.0015625 0.0020833333333333333
1 0.88359375 0.259375 0.0015625 0.0020833333333333333
1 0.8796875 0.259375 0.003125 0.0020833333333333333
1 0.89140625 0.253125 0.0015625 0.0020833333333333333
1 0.521875 0.25833333333333336 0.021875 0.016666666666666666
1 0.896875 0.24895833333333334 0.00625 0.00625
1 0.54765625 0.23854166666666668 0.0015625 0.0020833333333333333
1 0.55078125 0.23645833333333333 0.0015625 0.0020833333333333333
1 0.93046875 0.228125 0.0015625 0.0020833333333333333
1 0.9171875 0.23020833333333332 0.003125 0.00625
1 0.9265625 0.228125 0.003125 0.00625
1 0.921875 0.22604166666666667 0.003125 0.0020833333333333333
1 0.93203125 0.21979166666666666 0.0015625 0.0020833333333333333
1 0.5796875 0.21666666666666667 0.00625 0.004166666666666667
1 0.93984375 0.21354166666666666 0.0109375 0.010416666666666666
1 0.59609375 0.20416666666666666 0.0046875 0.004166666666666667
1 0.60546875 0.19895833333333332 0.0015625 0.0020833333333333333
1 0.609375 0.19583333333333333 0.003125 0.004166666666666667
1 0.96484375 0.18333333333333332 0.0078125 0.008333333333333333
1 0.64765625 0.16979166666666667 0.0015625 0.0020833333333333333
1 0.67265625 0.15520833333333334 0.0015625 0.0020833333333333333
1 0.2078125 0.15625 0.003125 0.004166666666666667
1 0.20703125 0.15104166666666666 0.0015625 0.0020833333333333333
1 0.2203125 0.14375 0.00625 0.004166666666666667
1 0.228125 0.13645833333333332 0.003125 0.00625
1 0.91484375 0.10625 0.0234375 0.0125
1 0.90078125 0.10104166666666667 0.0015625 0.0020833333333333333
1 0.28046875 0.078125 0.0015625 0.0020833333333333333
1 0.28359375 0.07395833333333333 0.0015625 0.0020833333333333333
1 0.94140625 0.071875 0.0046875 0.0020833333333333333
1 0.92109375 0.06354166666666666 0.0015625 0.0020833333333333333
1 0.92109375 0.040625 0.0015625 0.0020833333333333333
1 0.91796875 0.040625 0.0015625 0.0020833333333333333
1 0.91484375 0.040625 0.0015625 0.0020833333333333333
1 0.91171875 0.03854166666666667 0.0015625 0.0020833333333333333
1 0.35078125 0.011458333333333333 0.0015625 0.0020833333333333333
1 0.33984375 0.011458333333333333 0.0015625 0.0020833333333333333
1 0.35546875 0.010416666666666666 0.0046875 0.004166666666666667
1 0.8109375 0.003125 0.003125 0.0020833333333333333
1 0.42109375 0.003125 0.0015625 0.0020833333333333333
1 0.41796875 0.003125 0.0015625 0.0020833333333333333
1 0.41484375 0.003125 0.0015625 0.0020833333333333333
1 0.41171875 0.003125 0.0015625 0.0020833333333333333
1 0.40859375 0.003125 0.0015625 0.0020833333333333333
1 0.40546875 0.003125 0.0015625 0.0020833333333333333
1 0.4015625 0.003125 0.003125 0.0020833333333333333
1 0.909375 0.1625 0.18125 0.325
1 0.79765625 0.0020833333333333333 0.0046875 0.004166666666666667
1 0.1625 0.18333333333333332 0.325 0.36666666666666664
