0 0.3125 0.6114583333333333 0.003125 0.00625
0 0.03984375 0.5822916666666667 0.0015625 0.0020833333333333333
0 0.046875 0.5895833333333333 0.009375 0.020833333333333332
0 0.028125 0.5927083333333333 0.00625 0.03125
0 0.03515625 0.5802083333333333 0.0046875 0.010416666666666666
0 0.2234375 0.5697916666666667 0.003125 0.0020833333333333333
0 0.08046875 0.5739583333333333 0.0078125 0.010416666666666666
0 0.23984375 0.571875 0.0265625 0.010416666666666666
0 0.27421875 0.5635416666666667 0.0015625 0.0020833333333333333
0 0.27421875 0.5583333333333333 0.0015625 0.004166666666666667
0 0.27734375 0.5552083333333333 0.0015625 0.0020833333333333333
0 0.01953125 0.559375 0.0109375 0.014583333333333334
0 0.0359375 0.540625 0.0125 0.010416666666666666
0 0.54765625 0.528125 0.0046875 0.00625
0 0.5703125 0.5197916666666667 0.009375 0.00625
0 0.60234375 0.5135416666666667 0.0140625 0.010416666666666666
0 0.6984375 0.5072916666666667 0.003125 0.0020833333333333333
0 0.07109375 0.5072916666666667 0.0015625 0.0020833333333333333
0 0.24765625 0.496875 0.0015625 0.0020833333333333333
0 0.12734375 0.496875 0.0015625 0.0020833333333333333
0 0.11484375 0.4979166666666667 0.0078125 0.004166666666666667
0 0.503125 0.49375 0.003125 0.004166666666666667
0 0.68984375 0.48854166666666665 0.0046875 0.0020833333333333333
0 0.66796875 0.4979166666666667 0.0640625 0.020833333333333332
0 0.46484375 0.48854166666666665 0.0015625 0.0020833333333333333
0 0.47265625 0.4875 0.0046875 0.004166666666666667
0 0.46796875 0.4875 0.0015625 0.004166666666666667
0 0.76484375 0.48333333333333334 0.0703125 0.020833333333333332
0 0.85234375 0.46979166666666666 0.0046875 0.0020833333333333333
0 0.7734375 0.46979166666666666 0.003125 0.0020833333333333333
0 0.59609375 0.4708333333333333 0.0015625 0.004166666666666667
0 0.59296875 0.471875 0.0015625 0.00625
0 0.58984375 0.4708333333333333 0.0015625 0.004166666666666667
0 0.58671875 0.4708333333333333 0.0015625 0.004166666666666667
0 0.58359375 0.471875 0.0015625 0.00625
0 0.58046875 0.4708333333333333 0.0015625 0.004166666666666667
0 0.57734375 0.46979166666666666 0.0015625 0.0020833333333333333
0 0.8265625 0.475 0.0375 0.016666666666666666
0 0.72734375 0.46770833333333334 0.0015625 0.0020833333333333333
0 0.62890625 0.46770833333333334 0.0015625 0.0020833333333333333
0 0.6125 0.46875 0.015625 0.004166666666666667
0 0.62421875 0.465625 0.0015625 0.0020833333333333333
0 0.78828125 0.4625 0.0234375 0.008333333333333333
0 0.74921875 0.459375 0.0015625 0.0020833333333333333
0 0.7515625 0.46041666666666664 0.00625 0.008333333333333333
0 0.8890625 0.4510416666666667 0.0125 0.010416666666666666
0 0.91328125 0.42916666666666664 0.0265625 0.041666666666666664
0 0.9390625 0.403125 0.003125 0.0020833333333333333
0 0.94609375 0.3927083333333333 0.0015625 0.0020833333333333333
0 0.93046875 0.37604166666666666 0.0109375 0.00625
1 0.63515625 0.996875 0.0015625 0.0020833333333333333
1 0.54921875 0.996875 0.0046875 0.0020833333333333333
1 0.7375 0.9947916666666666 0.00625 0.0020833333333333333
1 0.67421875 0.9947916666666666 0.0015625 0.0020833333333333333
1 0.66796875 0.9947916666666666 0.0015625 0.0020833333333333333
1 0.66484375 0.9947916666666666 0.0015625 0.0020833333333333333
1 0.65078125 0.9947916666666666 0.0015625 0.0020833333333333333
1 0.63828125 0.9947916666666666 0.0015625 0.0020833333333333333
1 0.56953125 0.9947916666666666 0.0015625 0.0020833333333333333
1 0.56640625 0.9947916666666666 0.0015625 0.0020833333333333333
1 0.7265625 0.99375 0.00625 0.004166666666666667
1 0.64453125 0.9927083333333333 0.0015625 0.0020833333333333333
1 0.55703125 0.99375 0.0015625 0.004166666666666667
1 0.75078125 0.9885416666666667 0.0015625 0.0020833333333333333
1 0.55078125 0.9916666666666667 0.0078125 0.008333333333333333
1 0.03671875 0.9916666666666667 0.0015625 0.008333333333333333
1 0.7796875 0.9885416666666667 0.009375 0.00625
1 0.76640625 0.9864583333333333 0.0046875 0.0020833333333333333
1 0.66875 0.9864583333333333 0.00625 0.0020833333333333333
1 0.6390625 0.9885416666666667 0.009375 0.00625
1 0.5671875 0.990625 0.015625 0.010416666666666666
1 0.54140625 0.9864583333333333 0.0015625 0.0020833333333333333
1 0.77265625 0.984375 0.0015625 0.0020833333333333333
1 0.6921875 0.984375 0.003125 0.0020833333333333333
1 0.7421875 0.9802083333333333 0.003125 0.0020833333333333333
1 0.71171875 0.98125 0.0265625 0.004166666666666667
1 0.60234375 0.9875 0.0609375 0.016666666666666666
1 0.790625 0.9770833333333333 0.00625 0.004166666666666667
1 0.57578125 0.9760416666666667 0.0015625 0.0020833333333333333
1 0.77421875 0.975 0.0015625 0.004166666666666667
1 0.58515625 0.9760416666666667 0.0046875 0.00625
1 0.75859375 0.975 0.0234375 0.008333333333333333
1 0.6046875 0.9739583333333334 0.00625 0.00625
1 0.78671875 0.9697916666666667 0.0015625 0.0020833333333333333
1 0.58984375 0.971875 0.0046875 0.00625
1 0.9125 0.9833333333333333 0.175 0.03333333333333333
1 0.62890625 0.9677083333333333 0.0015625 0.0020833333333333333
1 0.59609375 0.9677083333333333 0.0015625 0.0020833333333333333
1 0.76640625 0.965625 0.0015625 0.0020833333333333333
1 0.76328125 0.965625 0.0015625 0.0020833333333333333
1 0.71953125 0.965625 0.0015625 0.0020833333333333333
1 0.56875 0.965625 0.003125 0.0020833333333333333
1 0.63359375 0.9645833333333333 0.0015625 0.004166666666666667
1 0.57265625 0.9635416666666666 0.0015625 0.0020833333333333333
1 0.7484375 0.9625 0.003125 0.004166666666666667
1 0.71796875 0.9614583333333333 0.0015625 0.0020833333333333333
1 0.69296875 0.9614583333333333 0.0046875 0.0020833333333333333
1 0.70546875 0.9614583333333333 0.0078125 0.00625
1 0.55859375 0.9625 0.0140625 0.008333333333333333
1 0.54140625 0.959375 0.0015625 0.0020833333333333333
1 0.70234375 0.9552083333333333 0.0015625 0.0020833333333333333
1 0.6984375 0.9552083333333333 0.003125 0.0020833333333333333
1 0.02890625 0.95625 0.0015625 0.004166666666666667
1 0.7484375 0.953125 0.003125 0.00625
1 0.5953125 0.9510416666666667 0.003125 0.0020833333333333333
1 0.721875 0.95 0.00625 0.008333333333333333
1 0.5953125 0.9458333333333333 0.003125 0.004166666666666667
1 0.74609375 0.9458333333333333 0.0078125 0.008333333333333333
1 0.71171875 0.953125 0.0234375 0.022916666666666665
1 0.53828125 0.9447916666666667 0.0046875 0.00625
1 0.57421875 0.9416666666666667 0.0046875 0.004166666666666667
1 0.63359375 0.9385416666666667 0.0015625 0.0020833333333333333
1 0.5328125 0.9395833333333333 0.003125 0.004166666666666667
1 0.70390625 0.9364583333333333 0.0015625 0.0020833333333333333
1 0.71953125 0.9375 0.0046875 0.008333333333333333
1 0.57421875 0.934375 0.0015625 0.0020833333333333333
1 0.71328125 0.9375 0.0078125 0.016666666666666666
1 0.72421875 0.928125 0.0015625 0.0020833333333333333
1 0.63984375 0.93125 0.0046875 0.008333333333333333
1 0.621875 0.9427083333333334 0.025 0.03125
1 0.6078125 0.928125 0.003125 0.00625
1 0.5515625 0.940625 0.034375 0.03125
1 0.57109375 0.9239583333333333 0.0015625 0.0020833333333333333
1 0.7328125 0.9333333333333333 0.01875 0.025
1 0.71328125 0.9229166666666667 0.0015625 0.004166666666666667
1 0.721875 0.9229166666666667 0.009375 0.008333333333333333
1 0.5578125 0.9239583333333333 0.009375 0.010416666666666666
1 0.6140625 0.9208333333333333 0.003125 0.008333333333333333
1 0.03046875 0.9166666666666666 0.0046875 0.008333333333333333
1 0.61328125 0.9125 0.0015625 0.004166666666666667
1 0.57890625 0.9114583333333334 0.0015625 0.0020833333333333333
1 0.590625 0.9166666666666666 0.015625 0.020833333333333332
1 0.7609375 0.9041666666666667 0.009375 0.008333333333333333
1 0.74921875 0.9020833333333333 0.0015625 0.004166666666666667
1 0.74140625 0.9020833333333333 0.0046875 0.004166666666666667
1 0.73671875 0.9020833333333333 0.0015625 0.004166666666666667
1 0.62890625 0.9020833333333333 0.0015625 0.004166666666666667
1 0.75390625 0.8989583333333333 0.0015625 0.0020833333333333333
1 0.02890625 0.896875 0.0015625 0.0020833333333333333
1 0.73828125 0.8958333333333334 0.0015625 0.004166666666666667
1 0.73203125 0.8927083333333333 0.0015625 0.0020833333333333333
1 0.64140625 0.8979166666666667 0.0203125 0.0125
1 0.69140625 0.890625 0.0015625 0.0020833333333333333
1 0.684375 0.8916666666666667 0.00625 0.004166666666666667
1 0.709375 0.8927083333333333 0.03125 0.010416666666666666
1 0.02734375 0.8864583333333333 0.0015625 0.0020833333333333333
1 0.77578125 0.8177083333333334 0.0046875 0.0020833333333333333
1 0.64921875 0.8177083333333334 0.0015625 0.0020833333333333333
1 0.72421875 0.8166666666666667 0.0390625 0.004166666666666667
1 0.73828125 0.809375 0.0015625 0.0020833333333333333
1 0.73515625 0.809375 0.0015625 0.0020833333333333333
1 0.68515625 0.809375 0.0015625 0.0020833333333333333
1 0.72734375 0.8083333333333333 0.0109375 0.004166666666666667
1 0.71953125 0.8072916666666666 0.0015625 0.0020833333333333333
1 0.71640625 0.8072916666666666 0.0015625 0.0020833333333333333
1 0.71328125 0.8072916666666666 0.0015625 0.0020833333333333333
1 0.70859375 0.8052083333333333 0.0015625 0.0020833333333333333
1 0.68671875 0.8041666666666667 0.0015625 0.004166666666666667
1 0.62890625 0.8041666666666667 0.0046875 0.004166666666666667
1 0.5890625 0.8052083333333333 0.003125 0.00625
1 0.01796875 0.9 0.0359375 0.2
1 0.68671875 0.7989583333333333 0.0015625 0.0020833333333333333
1 0.68046875 0.8020833333333334 0.0078125 0.008333333333333333
1 0.63515625 0.7989583333333333 0.0015625 0.0020833333333333333
1 0.628125 0.7979166666666667 0.003125 0.004166666666666667
1 0.653125 0.8041666666666667 0.034375 0.0375
1 0.60859375 0.7854166666666667 0.0015625 0.004166666666666667
1 0.50390625 0.7854166666666667 0.0078125 0.004166666666666667
1 0.48828125 0.78125 0.0046875 0.004166666666666667
1 0.61171875 0.7760416666666666 0.0015625 0.0020833333333333333
1 0.571875 0.7708333333333334 0.015625 0.008333333333333333
1 0.52421875 0.7635416666666667 0.0015625 0.0020833333333333333
1 0.453125 0.7614583333333333 0.00625 0.00625
1 0.48046875 0.7552083333333334 0.0015625 0.0020833333333333333
1 0.45234375 0.7552083333333334 0.0015625 0.0020833333333333333
1 0.93125 0.7520833333333333 0.003125 0.004166666666666667
1 0.44375 0.7520833333333333 0.0125 0.004166666666666667
1 0.53203125 0.7489583333333333 0.0015625 0.0020833333333333333
1 0.70546875 0.75 0.0171875 0.008333333333333333
1 0.93359375 0.7458333333333333 0.0046875 0.004166666666666667
1 0.46015625 0.7447916666666666 0.0015625 0.0020833333333333333
1 0.03828125 0.7447916666666666 0.0015625 0.0020833333333333333
1 0.69765625 0.74375 0.0109375 0.004166666666666667
1 0.52109375 0.74375 0.0046875 0.004166666666666667
1 0.9234375 0.7427083333333333 0.009375 0.00625
1 0.6734375 0.7427083333333333 0.003125 0.00625
1 0.528125 0.7489583333333333 0.00625 0.01875
1 0.67421875 0.7364583333333333 0.0015625 0.0020833333333333333
1 0.9078125 0.7385416666666667 0.0125 0.010416666666666666
1 0.8953125 0.7354166666666667 0.00625 0.004166666666666667
1 0.659375 0.7354166666666667 0.003125 0.004166666666666667
1 0.49765625 0.7291666666666666 0.0046875 0.004166666666666667
1 0.85625 0.725 0.003125 0.004166666666666667
1 0.50078125 0.7239583333333334 0.0015625 0.0020833333333333333
1 0.48359375 0.7239583333333334 0.0015625 0.0020833333333333333
1 0.48046875 0.7239583333333334 0.0015625 0.0020833333333333333
1 0.47734375 0.7239583333333334 0.0015625 0.0020833333333333333
1 0.01171875 0.74375 0.0234375 0.04583333333333333
1 0.03828125 0.7197916666666667 0.0015625 0.0020833333333333333
1 0.99765625 0.7208333333333333 0.0046875 0.008333333333333333
1 0.48984375 0.7229166666666667 0.0078125 0.0125
1 0.875 0.7166666666666667 0.003125 0.004166666666666667
1 0.03203125 0.725 0.0265625 0.020833333333333332
1 0.86328125 0.7166666666666667 0.0140625 0.008333333333333333
1 0.88671875 0.709375 0.0015625 0.0020833333333333333
1 0.88125 0.7104166666666667 0.003125 0.004166666666666667
1 0.88984375 0.7072916666666667 0.0015625 0.0020833333333333333
1 0.871875 0.70625 0.00625 0.008333333333333333
1 0.57421875 0.696875 0.0015625 0.0020833333333333333
1 0.56484375 0.696875 0.0015625 0.0020833333333333333
1 0.40859375 0.696875 0.0015625 0.0020833333333333333
1 0.4046875 0.6979166666666666 0.003125 0.004166666666666667
1 0.83828125 0.6958333333333333 0.0015625 0.004166666666666667
1 0.54140625 0.6947916666666667 0.0015625 0.0020833333333333333
1 0.59140625 0.6927083333333334 0.0015625 0.0020833333333333333
1 0.8171875 0.690625 0.003125 0.0020833333333333333
1 0.81171875 0.690625 0.0015625 0.0020833333333333333
1 0.60234375 0.690625 0.0015625 0.0020833333333333333
1 0.5984375 0.690625 0.003125 0.0020833333333333333
1 0.59453125 0.690625 0.0015625 0.0020833333333333333
1 0.58203125 0.6927083333333334 0.0046875 0.00625
1 0.01171875 0.6947916666666667 0.0015625 0.010416666666666666
1 0.80703125 0.690625 0.0046875 0.00625
1 0.6078125 0.6885416666666667 0.00625 0.0020833333333333333
1 0.615625 0.6864583333333333 0.003125 0.0020833333333333333
1 0.01015625 0.6864583333333333 0.0015625 0.0020833333333333333
1 0.621875 0.6854166666666667 0.00625 0.004166666666666667
1 0.63984375 0.6822916666666666 0.0046875 0.0020833333333333333
1 0.01640625 0.6864583333333333 0.0015625 0.010416666666666666
1 0.63203125 0.6822916666666666 0.0078125 0.00625
1 0.7671875 0.678125 0.003125 0.0020833333333333333
1 0.41171875 0.675 0.0015625 0.004166666666666667
1 0.74453125 0.671875 0.0015625 0.0020833333333333333
1 0.01484375 0.671875 0.0015625 0.010416666666666666
1 0.0046875 0.6666666666666666 0.003125 0.004166666666666667
1 0.42578125 0.6625 0.0234375 0.03333333333333333
1 0.01328125 0.65 0.0015625 0.008333333333333333
1 0.43984375 0.628125 0.0015625 0.0020833333333333333
1 0.01171875 0.6322916666666667 0.0015625 0.014583333333333334
1 0.00390625 0.6270833333333333 0.0015625 0.008333333333333333
1 0.35703125 0.6052083333333333 0.0046875 0.0020833333333333333
1 0.00390625 0.5989583333333334 0.0015625 0.0020833333333333333
1 0.00234375 0.5854166666666667 0.0015625 0.004166666666666667
1 0.63828125 0.5739583333333333 0.0015625 0.0020833333333333333
1 0.66328125 0.571875 0.0015625 0.0020833333333333333
1 0.66796875 0.5666666666666667 0.0046875 0.004166666666666667
1 0.640625 0.5666666666666667 0.00625 0.004166666666666667
1 0.63203125 0.565625 0.0015625 0.0020833333333333333
1 0.6609375 0.5614583333333333 0.009375 0.0020833333333333333
1 0.63828125 0.5604166666666667 0.0046875 0.004166666666666667
1 0.00625 0.559375 0.003125 0.00625
1 0.00234375 0.5572916666666666 0.0015625 0.0020833333333333333
1 0.6390625 0.5552083333333333 0.003125 0.0020833333333333333
1 0.67421875 0.5541666666666667 0.0015625 0.004166666666666667
1 0.6625 0.5541666666666667 0.009375 0.008333333333333333
1 0.66484375 0.5458333333333333 0.0046875 0.004166666666666667
1 0.67265625 0.5416666666666666 0.0046875 0.008333333333333333
1 0.02578125 0.5364583333333334 0.0015625 0.0020833333333333333
1 0.71171875 0.515625 0.0015625 0.0020833333333333333
1 0.9765625 0.5010416666666667 0.003125 0.0020833333333333333
1 0.0859375 0.490625 0.003125 0.0020833333333333333
1 0.87265625 0.4895833333333333 0.0015625 0.004166666666666667
1 0.86953125 0.4895833333333333 0.0015625 0.004166666666666667
1 0.8578125 0.4875 0.01875 0.008333333333333333
1 0.89453125 0.47604166666666664 0.0015625 0.0020833333333333333
1 0.87578125 0.471875 0.0015625 0.0020833333333333333
1 0.11171875 0.47291666666666665 0.0015625 0.004166666666666667
1 0.8875 0.4708333333333333 0.009375 0.008333333333333333
1 0.88828125 0.4635416666666667 0.0015625 0.0020833333333333333
1 0.8984375 0.46145833333333336 0.009375 0.00625
1 0.13359375 0.459375 0.0015625 0.0020833333333333333
1 0.13984375 0.4552083333333333 0.0015625 0.0020833333333333333
1 0.14765625 0.453125 0.0015625 0.0020833333333333333
1 0.1578125 0.44583333333333336 0.00625 0.004166666666666667
1 0.6859375 0.628125 0.628125 0.3854166666666667
1 0.95390625 0.434375 0.0046875 0.0020833333333333333
1 0.17890625 0.434375 0.0078125 0.00625
1 0.19609375 0.428125 0.0015625 0.0020833333333333333
1 0.20390625 0.42291666666666666 0.0078125 0.004166666666666667
1 0.22265625 0.41458333333333336 0.0078125 0.004166666666666667
1 0.234375 0.4114583333333333 0.003125 0.0020833333333333333
1 0.99921875 0.40729166666666666 0.0015625 0.0020833333333333333
1 0.2734375 0.39166666666666666 0.021875 0.008333333333333333
1 0.2890625 0.38645833333333335 0.003125 0.0020833333333333333
1 0.30078125 0.38229166666666664 0.0015625 0.0020833333333333333
1 0.29609375 0.38333333333333336 0.0046875 0.004166666666666667
1 0.9984375 0.38958333333333334 0.003125 0.020833333333333332
1 0.9640625 0.40625 0.01875 0.05416666666666667
1 0.31328125 0.378125 0.0015625 0.0020833333333333333
1 0.31640625 0.37604166666666666 0.0015625 0.0020833333333333333
1 0.321875 0.375 0.00625 0.004166666666666667
1 0.99921875 0.36770833333333336 0.0015625 0.0020833333333333333
1 0.33359375 0.3697916666666667 0.0140625 0.00625
1 0.3484375 0.365625 0.009375 0.0020833333333333333
1 0.359375 0.3625 0.00625 0.004166666666666667
1 0.36953125 0.359375 0.0078125 0.0020833333333333333
1 0.38515625 0.35520833333333335 0.0015625 0.0020833333333333333
1 0.38203125 0.35520833333333335 0.0015625 0.0020833333333333333
1 0.37734375 0.35625 0.0046875 0.004166666666666667
1 0.95078125 0.371875 0.0234375 0.04375
1 0.39921875 0.35104166666666664 0.0171875 0.00625
1 0.43671875 0.34270833333333334 0.0546875 0.014583333333333334
1 0.9203125 0.33645833333333336 0.009375 0.00625
1 0.4765625 0.334375 0.003125 0.0020833333333333333
1 0.91328125 0.33229166666666665 0.0015625 0.0020833333333333333
1 0.5015625 0.3260416666666667 0.01875 0.00625
1 0.51875 0.3229166666666667 0.0125 0.004166666666666667
1 0.89296875 0.3229166666666667 0.0359375 0.016666666666666666
1 0.865625 0.3145833333333333 0.0125 0.004166666666666667
1 0.559375 0.315625 0.021875 0.00625
1 0.85703125 0.31145833333333334 0.0015625 0.0020833333333333333
1 0.85390625 0.31145833333333334 0.0015625 0.0020833333333333333
1 0.5828125 0.31145833333333334 0.003125 0.0020833333333333333
1 0.575 0.3125 0.003125 0.004166666666666667
1 0.85 0.3104166666666667 0.003125 0.004166666666666667
1 0.59140625 0.309375 0.0078125 0.0020833333333333333
1 0.840625 0.30625 0.0125 0.004166666666666667
1 0.6171875 0.30625 0.021875 0.004166666666666667
1 0.65078125 0.303125 0.0015625 0.0020833333333333333
1 0.6421875 0.30416666666666664 0.009375 0.004166666666666667
1 0.63359375 0.30520833333333336 0.0046875 0.00625
1 0.81171875 0.303125 0.0109375 0.00625
1 0.790625 0.3020833333333333 0.028125 0.004166666666666667
1 0.9953125 0.303125 0.009375 0.010416666666666666
1 0.746875 0.2989583333333333 0.04375 0.0020833333333333333
1 0.69609375 0.3 0.0421875 0.004166666666666667
1 0.98984375 0.2916666666666667 0.0015625 0.008333333333333333
1 0.99765625 0.28229166666666666 0.0046875 0.014583333333333334
1 0.9984375 0.2677083333333333 0.003125 0.0020833333333333333
1 0.98671875 0.24791666666666667 0.0015625 0.0125
1 0.99375 0.25 0.003125 0.03333333333333333
1 0.98515625 0.23229166666666667 0.0015625 0.0020833333333333333
1 0.99375 0.20833333333333334 0.003125 0.016666666666666666
1 0.17421875 0.023958333333333335 0.0015625 0.0020833333333333333
1 0.17109375 0.023958333333333335 0.0015625 0.0020833333333333333
1 0.16796875 0.023958333333333335 0.0015625 0.0020833333333333333
1 0.16484375 0.023958333333333335 0.0015625 0.0020833333333333333
1 0.16171875 0.023958333333333335 0.0015625 0.0020833333333333333
1 0.15859375 0.023958333333333335 0.0015625 0.0020833333333333333
1 0.15546875 0.023958333333333335 0.0015625 0.0020833333333333333
1 0.1515625 0.023958333333333335 0.003125 0.0020833333333333333
1 0.20078125 0.013541666666666667 0.0015625 0.0020833333333333333
1 0.18515625 0.013541666666666667 0.0015625 0.0020833333333333333
1 0.18203125 0.013541666666666667 0.0015625 0.0020833333333333333
1 0.17890625 0.013541666666666667 0.0015625 0.0020833333333333333
1 0.34453125 0.009375 0.0015625 0.0020833333333333333
1 0.34140625 0.009375 0.0015625 0.0020833333333333333
1 0.33828125 0.009375 0.0015625 0.0020833333333333333
1 0.33515625 0.009375 0.0015625 0.0020833333333333333
1 0.33203125 0.009375 0.0015625 0.0020833333333333333
1 0.32890625 0.009375 0.0015625 0.0020833333333333333
1 0.32578125 0.009375 0.0015625 0.0020833333333333333
1 0.2671875 0.009375 0.003125 0.0020833333333333333
1 0.9703125 0.0125 0.003125 0.0125
1 0.3484375 0.008333333333333333 0.003125 0.004166666666666667
1 0.27421875 0.007291666666666667 0.0015625 0.0020833333333333333
1 0.22578125 0.007291666666666667 0.0015625 0.0020833333333333333
1 0.36640625 0.005208333333333333 0.0015625 0.0020833333333333333
1 0.36015625 0.005208333333333333 0.0046875 0.0020833333333333333
1 0.19140625 0.005208333333333333 0.0171875 0.0020833333333333333
1 0.18046875 0.005208333333333333 0.0015625 0.0020833333333333333
1 0.17734375 0.005208333333333333 0.0015625 0.0020833333333333333
1 0.1375 0.005208333333333333 0.021875 0.0020833333333333333
1 0.34921875 0.003125 0.0015625 0.0020833333333333333
1 0.1734375 0.003125 0.003125 0.0020833333333333333
1 0.16953125 0.003125 0.0015625 0.0020833333333333333
1 0.16640625 0.003125 0.0015625 0.0020833333333333333
1 0.16328125 0.003125 0.0015625 0.0020833333333333333
1 0.16015625 0.003125 0.0015625 0.0020833333333333333
1 0.15703125 0.003125 0.0015625 0.0020833333333333333
1 0.15390625 0.003125 0.0015625 0.0020833333333333333
1 0.15078125 0.003125 0.0015625 0.0020833333333333333
1 0.98671875 0.10104166666666667 0.0265625 0.20208333333333334
1 0.33125 0.0020833333333333333 0.0125 0.004166666666666667
1 0.29921875 0.0010416666666666667 0.0015625 0.0020833333333333333
1 0.075 0.017708333333333333 0.15 0.035416666666666666
