0 0.30234375 0.8427083333333333 0.0015625 0.0020833333333333333
0 0.2984375 0.840625 0.003125 0.0020833333333333333
0 0.62578125 0.7614583333333333 0.0015625 0.0020833333333333333
0 0.53984375 0.75 0.0046875 0.008333333333333333
0 0.64921875 0.7447916666666666 0.0015625 0.0020833333333333333
0 0.553125 0.7364583333333333 0.028125 0.01875
0 0.61171875 0.7447916666666666 0.1015625 0.09791666666666667
0 0.69609375 0.6833333333333333 0.0015625 0.004166666666666667
0 0.678125 0.6875 0.025 0.020833333333333332
0 0.69765625 0.675 0.0046875 0.004166666666666667
0 0.70546875 0.65625 0.0078125 0.016666666666666666
0 0.38984375 0.7427083333333333 0.1890625 0.19375
0 0.41015625 0.6260416666666667 0.0015625 0.0020833333333333333
0 0.43046875 0.5489583333333333 0.0015625 0.0020833333333333333
0 0.43671875 0.47708333333333336 0.0046875 0.004166666666666667
0 0.7171875 0.46145833333333336 0.015625 0.04375
0 0.69921875 0.43854166666666666 0.0015625 0.0020833333333333333
0 0.71171875 0.434375 0.0015625 0.0020833333333333333
0 0.6671875 0.3729166666666667 0.003125 0.004166666666666667
0 0.6171875 0.3375 0.003125 0.004166666666666667
0 0.50546875 0.3177083333333333 0.0078125 0.010416666666666666
0 0.475 0.2875 0.003125 0.004166666666666667
0 0.48515625 0.278125 0.0046875 0.00625
0 0.45859375 0.240625 0.0078125 0.00625
0 0.378125 0.10625 0.009375 0.0125
0 0.4453125 0.3302083333333333 0.146875 0.5979166666666667
0 0.52890625 0.003125 0.0015625 0.0020833333333333333
0 0.62421875 0.21041666666666667 0.2390625 0.42083333333333334
1 0.21171875 0.9958333333333333 0.0234375 0.008333333333333333
1 0.17265625 0.990625 0.0015625 0.0020833333333333333
1 0.16953125 0.990625 0.0015625 0.0020833333333333333
1 0.16640625 0.990625 0.0015625 0.0020833333333333333
1 0.16328125 0.990625 0.0015625 0.0020833333333333333
1 0.16015625 0.990625 0.0015625 0.0020833333333333333
1 0.15703125 0.990625 0.0015625 0.0020833333333333333
1 0.15390625 0.990625 0.0015625 0.0020833333333333333
1 0.2734375 0.99375 0.053125 0.0125
1 0.24453125 0.9885416666666667 0.0015625 0.0020833333333333333
1 0.24140625 0.9885416666666667 0.0015625 0.0020833333333333333
1 0.23828125 0.9885416666666667 0.0015625 0.0020833333333333333
1 0.23515625 0.9885416666666667 0.0015625 0.0020833333333333333
1 0.23203125 0.9885416666666667 0.0015625 0.0020833333333333333
1 0.22890625 0.9885416666666667 0.0015625 0.0020833333333333333
1 0.19765625 0.9791666666666666 0.0015625 0.004166666666666667
1 0.19453125 0.9791666666666666 0.0015625 0.004166666666666667
1 0.19140625 0.9791666666666666 0.0015625 0.004166666666666667
1 0.18828125 0.9791666666666666 0.0015625 0.004166666666666667
1 0.18515625 0.9791666666666666 0.0015625 0.004166666666666667
1 0.18203125 0.9791666666666666 0.0015625 0.004166666666666667
1 0.17890625 0.9791666666666666 0.0015625 0.004166666666666667
1 0.17578125 0.9760416666666667 0.0015625 0.0020833333333333333
1 0.17265625 0.9760416666666667 0.0015625 0.0020833333333333333
1 0.16953125 0.9760416666666667 0.0015625 0.0020833333333333333
1 0.16640625 0.9760416666666667 0.0015625 0.0020833333333333333
1 0.16328125 0.9760416666666667 0.0015625 0.0020833333333333333
1 0.16015625 0.9760416666666667 0.0015625 0.0020833333333333333
1 0.15703125 0.9760416666666667 0.0015625 0.0020833333333333333
1 0.15390625 0.9760416666666667 0.0015625 0.0020833333333333333
1 0.07578125 0.98125 0.1515625 0.0375
1 0.48828125 0.9145833333333333 0.0046875 0.004166666666666667
1 0.47890625 0.9145833333333333 0.0078125 0.008333333333333333
1 0.39375 0.90625 0.0125 0.0125
1 0.51015625 0.8947916666666667 0.0015625 0.0020833333333333333
1 0.42421875 0.8739583333333333 0.0015625 0.0020833333333333333
1 0.31015625 0.8697916666666666 0.0015625 0.0020833333333333333
1 0.30703125 0.8697916666666666 0.0015625 0.0020833333333333333
1 0.30390625 0.8697916666666666 0.0015625 0.0020833333333333333
1 0.3796875 0.8833333333333333 0.009375 0.03333333333333333
1 0.26953125 0.8677083333333333 0.0015625 0.0020833333333333333
1 0.31953125 0.8677083333333333 0.0140625 0.00625
1 0.35234375 0.8645833333333334 0.0046875 0.004166666666666667
1 0.54375 0.8791666666666667 0.0625 0.041666666666666664
1 0.57890625 0.8572916666666667 0.0015625 0.0020833333333333333
1 0.58203125 0.8552083333333333 0.0015625 0.0020833333333333333
1 0.2875 0.86875 0.028125 0.029166666666666667
1 0.46171875 0.853125 0.0015625 0.0020833333333333333
1 0.36875 0.853125 0.003125 0.0020833333333333333
1 0.43125 0.8510416666666667 0.003125 0.0020833333333333333
1 0.42734375 0.8895833333333333 0.0578125 0.07916666666666666
1 0.36328125 0.8447916666666667 0.0015625 0.0020833333333333333
1 0.43359375 0.8395833333333333 0.0046875 0.004166666666666667
1 0.27265625 0.8510416666666667 0.0234375 0.03125
1 0.35546875 0.846875 0.0171875 0.027083333333333334
1 0.378125 0.8427083333333333 0.025 0.022916666666666665
1 0.3484375 0.8270833333333333 0.003125 0.008333333333333333
1 0.44140625 0.8395833333333333 0.0203125 0.0375
1 0.5359375 0.8375 0.040625 0.041666666666666664
1 0.62890625 0.815625 0.0015625 0.0020833333333333333
1 0.634375 0.8177083333333334 0.0125 0.010416666666666666
1 0.28125 0.81875 0.0125 0.016666666666666666
1 0.62890625 0.8083333333333333 0.0015625 0.004166666666666667
1 0.64921875 0.7958333333333333 0.0015625 0.004166666666666667
1 0.65234375 0.7885416666666667 0.0015625 0.0020833333333333333
1 0.65859375 0.7875 0.0078125 0.004166666666666667
1 0.47421875 0.7822916666666667 0.0015625 0.00625
1 0.45078125 0.7802083333333333 0.0015625 0.0020833333333333333
1 0.4828125 0.771875 0.003125 0.00625
1 0.27734375 0.7729166666666667 0.0046875 0.008333333333333333
1 0.67265625 0.7729166666666667 0.0078125 0.0125
1 0.42578125 0.8020833333333334 0.0484375 0.0875
1 0.45703125 0.7572916666666667 0.0015625 0.0020833333333333333
1 0.44765625 0.753125 0.0015625 0.0020833333333333333
1 0.4828125 0.8 0.0625 0.10833333333333334
1 0.48046875 0.746875 0.0046875 0.00625
1 0.48046875 0.7395833333333334 0.0046875 0.004166666666666667
1 0.321875 0.7479166666666667 0.009375 0.020833333333333332
1 0.48203125 0.7364583333333333 0.0015625 0.0020833333333333333
1 0.46796875 0.7447916666666666 0.0171875 0.022916666666666665
1 0.4859375 0.7302083333333333 0.003125 0.0020833333333333333
1 0.703125 0.7260416666666667 0.009375 0.010416666666666666
1 0.33515625 0.7208333333333333 0.0015625 0.004166666666666667
1 0.34609375 0.7135416666666666 0.0015625 0.0020833333333333333
1 0.3390625 0.7125 0.00625 0.0125
1 0.7171875 0.7 0.003125 0.004166666666666667
1 0.71484375 0.6958333333333333 0.0015625 0.004166666666666667
1 0.55703125 0.6864583333333333 0.0015625 0.0020833333333333333
1 0.72109375 0.6864583333333333 0.0109375 0.01875
1 0.57578125 0.6697916666666667 0.0015625 0.0020833333333333333
1 0.62890625 0.6677083333333333 0.0015625 0.0020833333333333333
1 0.61015625 0.684375 0.0234375 0.035416666666666666
1 0.9796875 0.8322916666666667 0.040625 0.33541666666666664
1 0.6015625 0.6635416666666667 0.003125 0.0020833333333333333
1 0.6109375 0.6614583333333334 0.003125 0.00625
1 0.66015625 0.6510416666666666 0.0015625 0.0020833333333333333
1 0.603125 0.6520833333333333 0.00625 0.004166666666666667
1 0.66328125 0.646875 0.0015625 0.0020833333333333333
1 0.66015625 0.646875 0.0015625 0.0020833333333333333
1 0.38984375 0.6447916666666667 0.0015625 0.0020833333333333333
1 0.72734375 0.653125 0.0109375 0.03125
1 0.440625 0.64375 0.015625 0.0125
1 0.5421875 0.6322916666666667 0.003125 0.0020833333333333333
1 0.5796875 0.6260416666666667 0.059375 0.022916666666666665
1 0.54296875 0.6010416666666667 0.0015625 0.0020833333333333333
1 0.58359375 0.6 0.0640625 0.025
1 0.7546875 0.5729166666666666 0.003125 0.0125
1 0.75078125 0.5677083333333334 0.0015625 0.0020833333333333333
1 0.66171875 0.6104166666666667 0.0859375 0.1125
1 0.69609375 0.5552083333333333 0.0015625 0.0020833333333333333
1 0.69296875 0.5552083333333333 0.0015625 0.0020833333333333333
1 0.68984375 0.5552083333333333 0.0015625 0.0020833333333333333
1 0.68671875 0.5552083333333333 0.0015625 0.0020833333333333333
1 0.68359375 0.5552083333333333 0.0015625 0.0020833333333333333
1 0.68046875 0.5552083333333333 0.0015625 0.0020833333333333333
1 0.6765625 0.5552083333333333 0.003125 0.0020833333333333333
1 0.70234375 0.540625 0.0015625 0.0020833333333333333
1 0.67109375 0.534375 0.0015625 0.0020833333333333333
1 0.66796875 0.534375 0.0015625 0.0020833333333333333
1 0.66484375 0.534375 0.0015625 0.0020833333333333333
1 0.66171875 0.534375 0.0015625 0.0020833333333333333
1 0.65859375 0.534375 0.0015625 0.0020833333333333333
1 0.65546875 0.534375 0.0015625 0.0020833333333333333
1 0.5546875 0.55 0.009375 0.03333333333333333
1 0.54453125 0.55 0.0046875 0.03333333333333333
1 0.42265625 0.5291666666666667 0.0046875 0.008333333333333333
1 0.5953125 0.5333333333333333 0.059375 0.025
1 0.6421875 0.5166666666666667 0.003125 0.03333333333333333
1 0.42890625 0.50625 0.0171875 0.029166666666666667
1 0.59453125 0.4875 0.0578125 0.041666666666666664
1 0.76640625 0.478125 0.0015625 0.03958333333333333
1 0.74609375 0.446875 0.0015625 0.00625
1 0.43046875 0.4427083333333333 0.0078125 0.01875
1 0.55546875 0.4322916666666667 0.0015625 0.0020833333333333333
1 0.56015625 0.43125 0.0046875 0.004166666666666667
1 0.54921875 0.43125 0.0078125 0.004166666666666667
1 0.7421875 0.5208333333333334 0.053125 0.225
1 0.0046875 0.39166666666666666 0.009375 0.05
1 0.7609375 0.375 0.00625 0.020833333333333332
1 0.753125 0.334375 0.009375 0.03125
1 0.74921875 0.315625 0.0015625 0.0020833333333333333
1 0.7484375 0.3104166666666667 0.003125 0.004166666666666667
1 0.74609375 0.30520833333333336 0.0015625 0.0020833333333333333
1 0.7328125 0.26666666666666666 0.015625 0.03333333333333333
1 0.50078125 0.246875 0.0015625 0.0020833333333333333
1 0.71953125 0.24479166666666666 0.0015625 0.0020833333333333333
1 0.5125 0.24791666666666667 0.01875 0.0125
1 0.71640625 0.23645833333333333 0.0015625 0.0020833333333333333
1 0.38671875 0.23958333333333334 0.0046875 0.008333333333333333
1 0.721875 0.23541666666666666 0.003125 0.004166666666666667
1 0.01171875 0.2916666666666667 0.0234375 0.11666666666666667
1 0.5578125 0.23020833333333332 0.003125 0.00625
1 0.57421875 0.24479166666666666 0.0265625 0.03958333333333333
1 0.55390625 0.22395833333333334 0.0015625 0.00625
1 0.396875 0.23125 0.0125 0.029166666666666667
1 0.59921875 0.459375 0.2171875 0.5104166666666666
1 0.38046875 0.20104166666666667 0.0015625 0.0020833333333333333
1 0.70625 0.19791666666666666 0.00625 0.0125
1 0.37265625 0.19479166666666667 0.0046875 0.010416666666666666
1 0.70234375 0.18854166666666666 0.0015625 0.0020833333333333333
1 0.68828125 0.16666666666666666 0.0171875 0.020833333333333332
1 0.51015625 0.14479166666666668 0.0015625 0.0020833333333333333
1 0.50859375 0.140625 0.0015625 0.0020833333333333333
1 0.47421875 0.13854166666666667 0.0015625 0.0020833333333333333
1 0.66640625 0.12604166666666666 0.0171875 0.027083333333333334
1 0.53046875 0.109375 0.0078125 0.010416666666666666
1 0.32578125 0.10416666666666667 0.0015625 0.004166666666666667
1 0.65625 0.10520833333333333 0.00625 0.010416666666666666
1 0.55546875 0.11875 0.0421875 0.0375
1 0.646875 0.09583333333333334 0.009375 0.008333333333333333
1 0.33828125 0.07604166666666666 0.0015625 0.00625
1 0.5078125 0.07083333333333333 0.003125 0.004166666666666667
1 0.50390625 0.06770833333333333 0.0015625 0.0020833333333333333
1 0.50703125 0.07916666666666666 0.0453125 0.03333333333333333
1 0.46328125 0.04895833333333333 0.0015625 0.0020833333333333333
1 0.50859375 0.140625 0.1328125 0.18541666666666667
1 0.4390625 0.04583333333333333 0.009375 0.008333333333333333
1 0.4296875 0.04375 0.00625 0.0125
1 0.31484375 0.015625 0.0015625 0.0020833333333333333
1 0.40390625 0.013541666666666667 0.0015625 0.0020833333333333333
1 0.30859375 0.015625 0.0046875 0.00625
1 0.41640625 0.01875 0.0203125 0.020833333333333332
1 0.59453125 0.007291666666666667 0.0015625 0.0020833333333333333
1 0.5828125 0.004166666666666667 0.003125 0.004166666666666667
1 0.85 0.019791666666666666 0.3 0.03958333333333333
1 0.63515625 0.007291666666666667 0.0296875 0.014583333333333334
1 0.60703125 0.005208333333333333 0.0046875 0.010416666666666666
1 0.390625 0.004166666666666667 0.009375 0.008333333333333333
1 0.3328125 0.046875 0.034375 0.09375
1 0.02421875 0.1 0.0484375 0.2
