0 0.36328125 0.7927083333333333 0.0015625 0.0020833333333333333
0 0.359375 0.7875 0.00625 0.008333333333333333
0 0.37890625 0.7822916666666667 0.0015625 0.0020833333333333333
0 0.36796875 0.7802083333333333 0.0078125 0.0020833333333333333
0 0.35859375 0.7802083333333333 0.0046875 0.0020833333333333333
0 0.3453125 0.7833333333333333 0.009375 0.008333333333333333
0 0.371875 0.7729166666666667 0.009375 0.008333333333333333
0 0.346875 0.7739583333333333 0.0125 0.010416666666666666
0 0.34375 0.7645833333333333 0.003125 0.004166666666666667
0 0.34921875 0.7645833333333333 0.0046875 0.008333333333333333
0 0.43359375 0.759375 0.0015625 0.0020833333333333333
0 0.37578125 0.753125 0.0015625 0.0020833333333333333
0 0.42265625 0.7395833333333334 0.0046875 0.004166666666666667
0 0.42265625 0.7322916666666667 0.0046875 0.00625
0 0.4046875 0.765625 0.059375 0.07291666666666667
0 0.4875 0.7302083333333333 0.009375 0.014583333333333334
0 0.496875 0.728125 0.00625 0.01875
0 0.2828125 0.7145833333333333 0.003125 0.004166666666666667
0 0.47578125 0.7114583333333333 0.0046875 0.0020833333333333333
0 0.48515625 0.7145833333333333 0.0140625 0.0125
0 0.48671875 0.703125 0.0015625 0.0020833333333333333
0 0.46796875 0.6989583333333333 0.0015625 0.0020833333333333333
0 0.47734375 0.7010416666666667 0.0078125 0.010416666666666666
0 0.37109375 0.696875 0.0015625 0.0020833333333333333
0 0.48671875 0.690625 0.0015625 0.0020833333333333333
0 0.36953125 0.690625 0.0078125 0.00625
0 0.27578125 0.6989583333333333 0.0109375 0.022916666666666665
0 0.37890625 0.7052083333333333 0.0234375 0.03958333333333333
0 0.471875 0.6885416666666667 0.015625 0.010416666666666666
0 0.38359375 0.6802083333333333 0.0015625 0.0020833333333333333
0 0.4625 0.6802083333333333 0.0125 0.010416666666666666
0 0.29296875 0.6760416666666667 0.0015625 0.0020833333333333333
0 0.3828125 0.6729166666666667 0.003125 0.008333333333333333
0 0.4671875 0.6677083333333333 0.003125 0.0020833333333333333
0 0.35703125 0.659375 0.0046875 0.0020833333333333333
0 0.35390625 0.6552083333333333 0.0015625 0.0020833333333333333
0 0.403125 0.6510416666666666 0.003125 0.0020833333333333333
0 0.3390625 0.6479166666666667 0.003125 0.004166666666666667
0 0.43046875 0.6447916666666667 0.0015625 0.0020833333333333333
0 0.4484375 0.6427083333333333 0.003125 0.0020833333333333333
0 0.4640625 0.6375 0.003125 0.004166666666666667
0 0.453125 0.6375 0.0125 0.016666666666666666
0 0.4375 0.63125 0.00625 0.008333333333333333
0 0.31015625 0.6302083333333334 0.0046875 0.00625
0 0.453125 0.625 0.003125 0.004166666666666667
0 0.3484375 0.61875 0.00625 0.004166666666666667
0 0.3078125 0.6197916666666666 0.009375 0.00625
0 0.44296875 0.621875 0.0140625 0.014583333333333334
0 0.4859375 0.6145833333333334 0.003125 0.004166666666666667
0 0.45390625 0.6166666666666667 0.0171875 0.016666666666666666
0 0.47421875 0.615625 0.0109375 0.022916666666666665
0 0.46796875 0.6052083333333333 0.0046875 0.0020833333333333333
0 0.45703125 0.6083333333333333 0.0046875 0.008333333333333333
0 0.3015625 0.603125 0.003125 0.0020833333333333333
0 0.31484375 0.6010416666666667 0.0015625 0.0020833333333333333
0 0.31171875 0.6010416666666667 0.0015625 0.0020833333333333333
0 0.29375 0.6010416666666667 0.003125 0.0020833333333333333
0 0.4328125 0.6020833333333333 0.00625 0.008333333333333333
0 0.44296875 0.6 0.0078125 0.008333333333333333
0 0.31171875 0.5958333333333333 0.0078125 0.004166666666666667
0 0.4625 0.59375 0.00625 0.004166666666666667
0 0.43828125 0.5916666666666667 0.0015625 0.004166666666666667
0 0.4875 0.5833333333333334 0.003125 0.004166666666666667
0 0.43359375 0.5822916666666667 0.0015625 0.0020833333333333333
0 0.30078125 0.5802083333333333 0.0015625 0.0020833333333333333
0 0.46875 0.578125 0.003125 0.0020833333333333333
0 0.33125 0.5791666666666667 0.003125 0.004166666666666667
0 0.2984375 0.5739583333333333 0.003125 0.0020833333333333333
0 0.44609375 0.5708333333333333 0.0046875 0.004166666666666667
0 0.47890625 0.5729166666666666 0.0109375 0.016666666666666666
0 0.4640625 0.565625 0.003125 0.0020833333333333333
0 0.396875 0.565625 0.003125 0.0020833333333333333
0 0.47109375 0.5645833333333333 0.0046875 0.004166666666666667
0 0.334375 0.5635416666666667 0.003125 0.0020833333333333333
0 0.29921875 0.5614583333333333 0.0015625 0.0020833333333333333
0 0.49765625 0.559375 0.0046875 0.0020833333333333333
0 0.384375 0.5572916666666666 0.00625 0.00625
0 0.284375 0.5552083333333333 0.003125 0.0020833333333333333
0 0.28125 0.621875 0.040625 0.13541666666666666
0 0.48125 0.5510416666666667 0.00625 0.0020833333333333333
0 0.27890625 0.5510416666666667 0.0046875 0.0020833333333333333
0 0.48828125 0.5479166666666667 0.0046875 0.004166666666666667
0 0.36953125 0.6052083333333333 0.0703125 0.12291666666666666
0 0.36328125 0.5447916666666667 0.0046875 0.00625
0 0.4515625 0.5364583333333334 0.003125 0.0020833333333333333
0 0.3609375 0.5375 0.003125 0.004166666666666667
0 0.465625 0.5364583333333334 0.00625 0.00625
0 0.44453125 0.5322916666666667 0.0078125 0.0020833333333333333
0 0.34453125 0.5375 0.0171875 0.0125
0 0.47890625 0.521875 0.0015625 0.0020833333333333333
0 0.49375 0.5208333333333334 0.003125 0.004166666666666667
0 0.46015625 0.51875 0.0046875 0.004166666666666667
0 0.446875 0.5177083333333333 0.003125 0.0020833333333333333
0 0.49921875 0.5145833333333333 0.0015625 0.004166666666666667
0 0.36171875 0.5333333333333333 0.0421875 0.04583333333333333
0 0.4734375 0.5104166666666666 0.003125 0.004166666666666667
0 0.4390625 0.5072916666666667 0.003125 0.0020833333333333333
0 0.3140625 0.5083333333333333 0.003125 0.004166666666666667
0 0.3671875 0.50625 0.003125 0.004166666666666667
0 0.45546875 0.5041666666666667 0.0046875 0.004166666666666667
0 0.3515625 0.5041666666666667 0.00625 0.004166666666666667
0 0.4703125 0.5010416666666667 0.003125 0.0020833333333333333
0 0.37421875 0.5010416666666667 0.0015625 0.0020833333333333333
0 0.459375 0.49895833333333334 0.003125 0.0020833333333333333
0 0.48828125 0.4947916666666667 0.0046875 0.0020833333333333333
0 0.4703125 0.4947916666666667 0.003125 0.0020833333333333333
0 0.44609375 0.4947916666666667 0.0015625 0.0020833333333333333
0 0.48125 0.49375 0.003125 0.004166666666666667
0 0.46484375 0.49375 0.0046875 0.004166666666666667
0 0.45078125 0.49270833333333336 0.0015625 0.0020833333333333333
0 0.46953125 0.4895833333333333 0.0046875 0.004166666666666667
0 0.44609375 0.484375 0.0015625 0.0020833333333333333
0 0.39921875 0.484375 0.0015625 0.0020833333333333333
0 0.453125 0.475 0.003125 0.004166666666666667
0 0.40859375 0.475 0.0078125 0.004166666666666667
0 0.4984375 0.46979166666666666 0.003125 0.0020833333333333333
0 0.459375 0.46979166666666666 0.003125 0.0020833333333333333
0 0.36171875 0.46770833333333334 0.0015625 0.0020833333333333333
0 0.3328125 0.47291666666666665 0.009375 0.0125
0 0.27734375 0.4552083333333333 0.0015625 0.0020833333333333333
0 0.3078125 0.45416666666666666 0.003125 0.004166666666666667
0 0.46953125 0.45208333333333334 0.0046875 0.004166666666666667
0 0.3453125 0.453125 0.003125 0.00625
0 0.45390625 0.44583333333333336 0.0015625 0.004166666666666667
0 0.46171875 0.44375 0.0046875 0.004166666666666667
0 0.340625 0.44375 0.00625 0.004166666666666667
0 0.52265625 0.43645833333333334 0.0015625 0.0020833333333333333
0 0.4796875 0.4375 0.003125 0.004166666666666667
0 0.33203125 0.4375 0.0046875 0.004166666666666667
0 0.47109375 0.434375 0.0015625 0.0020833333333333333
0 0.3421875 0.434375 0.00625 0.010416666666666666
0 0.30546875 0.4635416666666667 0.0734375 0.07708333333333334
0 0.28984375 0.4239583333333333 0.0015625 0.0020833333333333333
0 0.47734375 0.4239583333333333 0.0078125 0.00625
0 0.5375 0.4239583333333333 0.00625 0.010416666666666666
0 0.41875 0.42083333333333334 0.003125 0.004166666666666667
0 0.41796875 0.415625 0.0015625 0.0020833333333333333
0 0.47265625 0.41458333333333336 0.0078125 0.004166666666666667
0 0.42421875 0.41354166666666664 0.0015625 0.0020833333333333333
0 0.52578125 0.4125 0.0046875 0.004166666666666667
0 0.3328125 0.421875 0.015625 0.022916666666666665
0 0.53203125 0.40729166666666666 0.0046875 0.0020833333333333333
0 0.525 0.4041666666666667 0.003125 0.004166666666666667
0 0.42421875 0.40520833333333334 0.0140625 0.00625
0 0.53359375 0.4010416666666667 0.0046875 0.0020833333333333333
0 0.5109375 0.39895833333333336 0.003125 0.0020833333333333333
0 0.39765625 0.39895833333333336 0.0046875 0.0020833333333333333
0 0.32890625 0.40520833333333334 0.0140625 0.014583333333333334
0 0.5265625 0.3958333333333333 0.003125 0.004166666666666667
0 0.54296875 0.3927083333333333 0.0015625 0.0020833333333333333
0 0.32890625 0.3927083333333333 0.0015625 0.0020833333333333333
0 0.56328125 0.390625 0.0015625 0.0020833333333333333
0 0.48671875 0.39166666666666666 0.0046875 0.004166666666666667
0 0.53203125 0.38958333333333334 0.0078125 0.004166666666666667
0 0.5 0.39166666666666666 0.015625 0.008333333333333333
0 0.546875 0.384375 0.003125 0.0020833333333333333
0 0.51328125 0.384375 0.0015625 0.0020833333333333333
0 0.35390625 0.384375 0.0015625 0.0020833333333333333
0 0.55703125 0.38229166666666664 0.0046875 0.00625
0 0.54453125 0.3770833333333333 0.0046875 0.004166666666666667
0 0.5125 0.3770833333333333 0.003125 0.004166666666666667
0 0.55234375 0.37395833333333334 0.0015625 0.0020833333333333333
0 0.50078125 0.371875 0.0015625 0.0020833333333333333
0 0.5078125 0.37083333333333335 0.003125 0.004166666666666667
0 0.5296875 0.365625 0.00625 0.00625
0 0.5140625 0.3645833333333333 0.003125 0.004166666666666667
0 0.45234375 0.353125 0.0015625 0.0020833333333333333
0 0.51875 0.35208333333333336 0.003125 0.004166666666666667
0 0.5078125 0.35104166666666664 0.003125 0.0020833333333333333
0 0.55859375 0.35104166666666664 0.0078125 0.00625
0 0.36640625 0.35 0.0046875 0.004166666666666667
0 0.375 0.346875 0.003125 0.0020833333333333333
0 0.56171875 0.34375 0.0015625 0.004166666666666667
0 0.53828125 0.34270833333333334 0.0015625 0.0020833333333333333
0 0.55625 0.34270833333333334 0.003125 0.00625
0 0.35546875 0.340625 0.0015625 0.0020833333333333333
0 0.5046875 0.34270833333333334 0.01875 0.010416666666666666
0 0.525 0.340625 0.003125 0.010416666666666666
0 0.47109375 0.334375 0.0015625 0.0020833333333333333
0 0.3421875 0.334375 0.003125 0.0020833333333333333
0 0.4890625 0.33229166666666665 0.003125 0.0020833333333333333
0 0.52890625 0.32916666666666666 0.0015625 0.004166666666666667
0 0.5203125 0.33125 0.003125 0.008333333333333333
0 0.509375 0.3260416666666667 0.00625 0.0020833333333333333
0 0.5765625 0.31979166666666664 0.003125 0.0020833333333333333
0 0.515625 0.32083333333333336 0.003125 0.004166666666666667
0 0.50859375 0.31979166666666664 0.0015625 0.0020833333333333333
0 0.5515625 0.31666666666666665 0.003125 0.004166666666666667
0 0.5390625 0.31354166666666666 0.003125 0.0020833333333333333
0 0.5171875 0.31145833333333334 0.009375 0.00625
0 0.57578125 0.30833333333333335 0.0015625 0.004166666666666667
0 0.5265625 0.30833333333333335 0.00625 0.004166666666666667
0 0.32734375 0.3072916666666667 0.0015625 0.0020833333333333333
0 0.53515625 0.3 0.0046875 0.004166666666666667
0 0.58828125 0.2989583333333333 0.0046875 0.010416666666666666
0 0.5640625 0.2947916666666667 0.00625 0.00625
0 0.553125 0.29583333333333334 0.009375 0.008333333333333333
0 0.53984375 0.28854166666666664 0.0046875 0.0020833333333333333
0 0.61328125 0.28229166666666666 0.0015625 0.0020833333333333333
0 0.52734375 0.2916666666666667 0.0140625 0.020833333333333332
0 0.62578125 0.28020833333333334 0.0015625 0.0020833333333333333
0 0.6171875 0.278125 0.003125 0.0020833333333333333
0 0.6015625 0.278125 0.00625 0.00625
0 0.55234375 0.2791666666666667 0.0078125 0.008333333333333333
0 0.34140625 0.271875 0.0015625 0.0020833333333333333
0 0.58125 0.2708333333333333 0.003125 0.004166666666666667
0 0.62578125 0.265625 0.0015625 0.0020833333333333333
0 0.54921875 0.2635416666666667 0.0078125 0.00625
0 0.5828125 0.2625 0.00625 0.008333333333333333
0 0.6390625 0.25729166666666664 0.003125 0.0020833333333333333
0 0.62578125 0.25729166666666664 0.0015625 0.0020833333333333333
0 0.55234375 0.2552083333333333 0.0015625 0.0020833333333333333
0 0.65078125 0.253125 0.0015625 0.0020833333333333333
0 0.60390625 0.2635416666666667 0.0328125 0.022916666666666665
0 0.5671875 0.2635416666666667 0.021875 0.022916666666666665
0 0.6546875 0.25104166666666666 0.003125 0.0020833333333333333
0 0.63359375 0.2520833333333333 0.0015625 0.004166666666666667
0 0.5671875 0.25104166666666666 0.003125 0.0020833333333333333
0 0.62578125 0.25 0.0046875 0.004166666666666667
0 0.61796875 0.24895833333333334 0.0046875 0.00625
0 0.653125 0.24583333333333332 0.00625 0.004166666666666667
0 0.58125 0.24791666666666667 0.0125 0.008333333333333333
0 0.62421875 0.240625 0.0015625 0.0020833333333333333
0 0.6640625 0.23854166666666668 0.003125 0.00625
0 0.603125 0.24375 0.015625 0.016666666666666666
0 0.6421875 0.240625 0.00625 0.014583333333333334
0 0.6 0.234375 0.003125 0.0020833333333333333
0 0.63515625 0.23229166666666667 0.0015625 0.0020833333333333333
0 0.65625 0.234375 0.0125 0.010416666666666666
0 0.61015625 0.23125 0.0078125 0.004166666666666667
0 0.6484375 0.22916666666666666 0.003125 0.004166666666666667
0 0.6265625 0.22604166666666667 0.003125 0.0020833333333333333
0 0.55625 0.22604166666666667 0.003125 0.0020833333333333333
0 0.65546875 0.221875 0.0015625 0.0020833333333333333
0 0.5625 0.221875 0.003125 0.00625
0 0.67421875 0.21875 0.0046875 0.004166666666666667
0 0.6296875 0.21770833333333334 0.003125 0.0020833333333333333
0 0.6203125 0.21770833333333334 0.003125 0.0020833333333333333
0 0.57421875 0.23229166666666667 0.0421875 0.03125
0 0.640625 0.21875 0.00625 0.008333333333333333
0 0.65625 0.21458333333333332 0.003125 0.004166666666666667
0 0.67734375 0.21041666666666667 0.0046875 0.004166666666666667
0 0.59765625 0.21666666666666667 0.0234375 0.025
0 0.678125 0.203125 0.00625 0.0020833333333333333
0 0.653125 0.203125 0.003125 0.0020833333333333333
0 0.5984375 0.203125 0.003125 0.0020833333333333333
0 0.67890625 0.19895833333333332 0.0015625 0.0020833333333333333
0 0.63125 0.2 0.00625 0.004166666666666667
0 0.690625 0.2 0.009375 0.0125
0 0.665625 0.19375 0.003125 0.004166666666666667
0 0.6328125 0.190625 0.003125 0.00625
0 0.66484375 0.18229166666666666 0.0015625 0.0020833333333333333
0 0.63359375 0.18229166666666666 0.0015625 0.0020833333333333333
0 0.6234375 0.178125 0.003125 0.0020833333333333333
0 0.54921875 0.17604166666666668 0.0015625 0.0020833333333333333
0 0.67109375 0.16770833333333332 0.0015625 0.0020833333333333333
0 0.6296875 0.165625 0.003125 0.0020833333333333333
0 0.67421875 0.159375 0.0015625 0.0020833333333333333
0 0.6421875 0.16041666666666668 0.00625 0.0125
0 0.65859375 0.15625 0.0109375 0.008333333333333333
0 0.65234375 0.14895833333333333 0.0015625 0.0020833333333333333
0 0.71328125 0.14479166666666668 0.0015625 0.0020833333333333333
0 0.56953125 0.13333333333333333 0.0046875 0.004166666666666667
0 0.67421875 0.121875 0.0015625 0.0020833333333333333
0 0.57265625 0.125 0.0046875 0.008333333333333333
0 0.67734375 0.11354166666666667 0.0046875 0.0020833333333333333
0 0.71953125 0.1125 0.0015625 0.004166666666666667
0 0.70234375 0.10729166666666666 0.0046875 0.0020833333333333333
0 0.6890625 0.10833333333333334 0.003125 0.004166666666666667
0 0.66640625 0.10833333333333334 0.0015625 0.004166666666666667
0 0.690625 0.096875 0.003125 0.0020833333333333333
0 0.6828125 0.09270833333333334 0.003125 0.0020833333333333333
0 0.66640625 0.09270833333333334 0.0015625 0.0020833333333333333
0 0.684375 0.084375 0.003125 0.0020833333333333333
0 0.525 0.022916666666666665 0.003125 0.004166666666666667
0 0.5015625 0.23958333333333334 0.35 0.4666666666666667
1 0.34609375 0.990625 0.0015625 0.0020833333333333333
1 0.34296875 0.990625 0.0015625 0.0020833333333333333
1 0.33984375 0.990625 0.0015625 0.0020833333333333333
1 0.33671875 0.990625 0.0015625 0.0020833333333333333
1 0.33359375 0.990625 0.0015625 0.0020833333333333333
1 0.33046875 0.990625 0.0015625 0.0020833333333333333
1 0.32734375 0.990625 0.0015625 0.0020833333333333333
1 0.3625 0.9916666666666667 0.0125 0.008333333333333333
1 0.35 0.9895833333333334 0.003125 0.0125
1 0.34921875 0.9802083333333333 0.0015625 0.0020833333333333333
1 0.33984375 0.9802083333333333 0.0015625 0.0020833333333333333
1 0.33359375 0.9802083333333333 0.0015625 0.0020833333333333333
1 0.33046875 0.9802083333333333 0.0015625 0.0020833333333333333
1 0.2234375 0.9604166666666667 0.003125 0.004166666666666667
1 0.2265625 0.953125 0.003125 0.0020833333333333333
1 0.22265625 0.9510416666666667 0.0015625 0.0020833333333333333
1 0.22109375 0.946875 0.0015625 0.0020833333333333333
1 0.21796875 0.946875 0.0015625 0.0020833333333333333
1 0.21484375 0.946875 0.0015625 0.0020833333333333333
1 0.21171875 0.946875 0.0015625 0.0020833333333333333
1 0.20859375 0.946875 0.0015625 0.0020833333333333333
1 0.20546875 0.946875 0.0015625 0.0020833333333333333
1 0.20234375 0.946875 0.0015625 0.0020833333333333333
1 0.36015625 0.91875 0.0078125 0.004166666666666667
1 0.35234375 0.915625 0.0015625 0.0020833333333333333
1 0.4765625 0.9208333333333333 0.015625 0.041666666666666664
1 0.46953125 0.9010416666666666 0.0015625 0.0020833333333333333
1 0.46328125 0.91875 0.0078125 0.0375
1 0.446875 0.9041666666666667 0.00625 0.008333333333333333
1 0.3796875 0.9104166666666667 0.009375 0.020833333333333332
1 0.16328125 0.95 0.3265625 0.1
1 0.3296875 0.896875 0.003125 0.0020833333333333333
1 0.3734375 0.890625 0.003125 0.0020833333333333333
1 0.39375 0.8822916666666667 0.015625 0.010416666666666666
1 0.39296875 0.875 0.0046875 0.004166666666666667
1 0.38828125 0.8697916666666666 0.0015625 0.0020833333333333333
1 0.50390625 0.8708333333333333 0.0078125 0.008333333333333333
1 0.496875 0.875 0.0125 0.016666666666666666
1 0.38203125 0.8708333333333333 0.0078125 0.008333333333333333
1 0.51015625 0.865625 0.0015625 0.0020833333333333333
1 0.3765625 0.865625 0.003125 0.0020833333333333333
1 0.37890625 0.8614583333333333 0.0015625 0.0020833333333333333
1 0.35546875 0.8729166666666667 0.0421875 0.0375
1 0.33203125 0.8552083333333333 0.0015625 0.0020833333333333333
1 0.35546875 0.8520833333333333 0.0015625 0.004166666666666667
1 0.29765625 0.8364583333333333 0.0015625 0.0020833333333333333
1 0.29453125 0.8364583333333333 0.0015625 0.0020833333333333333
1 0.49140625 0.834375 0.0015625 0.0020833333333333333
1 0.46484375 0.834375 0.0015625 0.0020833333333333333
1 0.29140625 0.834375 0.0015625 0.0020833333333333333
1 0.34453125 0.840625 0.0234375 0.022916666666666665
1 0.37890625 0.828125 0.0015625 0.0020833333333333333
1 0.48203125 0.8291666666666667 0.0078125 0.008333333333333333
1 0.4625 0.8541666666666666 0.028125 0.06666666666666667
1 0.4484375 0.8135416666666667 0.003125 0.0020833333333333333
1 0.4421875 0.8135416666666667 0.003125 0.0020833333333333333
1 0.5125 0.8135416666666667 0.00625 0.00625
1 0.509375 0.8385416666666666 0.03125 0.05625
1 0.49140625 0.8114583333333333 0.0015625 0.0020833333333333333
1 0.45625 0.8135416666666667 0.0125 0.010416666666666666
1 0.4375 0.8104166666666667 0.003125 0.004166666666666667
1 0.43515625 0.8052083333333333 0.0015625 0.0020833333333333333
1 0.48515625 0.803125 0.0015625 0.0020833333333333333
1 0.47578125 0.803125 0.0015625 0.0020833333333333333
1 0.4109375 0.8416666666666667 0.071875 0.09166666666666666
1 0.515625 0.7958333333333333 0.003125 0.004166666666666667
1 0.51796875 0.790625 0.0015625 0.0020833333333333333
1 0.44375 0.79375 0.01875 0.016666666666666666
1 0.5203125 0.784375 0.003125 0.00625
1 0.31796875 0.7885416666666667 0.0078125 0.01875
1 0.52109375 0.775 0.0015625 0.004166666666666667
1 0.31015625 0.775 0.0015625 0.004166666666666667
1 0.33125 0.8010416666666667 0.0375 0.06458333333333334
1 0.27890625 0.771875 0.0046875 0.00625
1 0.52109375 0.7677083333333333 0.0015625 0.0020833333333333333
1 0.28515625 0.7635416666666667 0.0015625 0.0020833333333333333
1 0.32265625 0.75625 0.0015625 0.004166666666666667
1 0.28359375 0.7479166666666667 0.0015625 0.004166666666666667
1 0.296875 0.7614583333333333 0.025 0.03958333333333333
1 0.325 0.7427083333333333 0.003125 0.01875
1 0.44609375 0.740625 0.0109375 0.01875
1 0.2984375 0.73125 0.003125 0.004166666666666667
1 0.5375 0.7291666666666666 0.00625 0.004166666666666667
1 0.29453125 0.7291666666666666 0.0015625 0.004166666666666667
1 0.29609375 0.721875 0.0015625 0.0020833333333333333
1 0.32265625 0.70625 0.0015625 0.008333333333333333
1 0.453125 0.696875 0.003125 0.00625
1 0.4328125 0.7 0.015625 0.016666666666666666
1 0.44140625 0.690625 0.0015625 0.0020833333333333333
1 0.49609375 0.6822916666666666 0.0015625 0.0020833333333333333
1 0.30703125 0.6697916666666667 0.0015625 0.0020833333333333333
1 0.95 0.8333333333333334 0.1 0.3333333333333333
1 0.503125 0.675 0.00625 0.016666666666666666
1 0.4890625 0.671875 0.00625 0.010416666666666666
1 0.3203125 0.6989583333333333 0.046875 0.06458333333333334
1 0.49140625 0.665625 0.0015625 0.0020833333333333333
1 0.5171875 0.634375 0.003125 0.0020833333333333333
1 0.54375 0.6322916666666667 0.003125 0.0020833333333333333
1 0.9953125 0.625 0.009375 0.016666666666666666
1 0.54453125 0.6010416666666667 0.0015625 0.0020833333333333333
1 0.52421875 0.6697916666666667 0.0203125 0.16875
1 0.41328125 0.5510416666666667 0.0015625 0.0020833333333333333
1 0.41640625 0.5479166666666667 0.0015625 0.004166666666666667
1 0.32421875 0.5302083333333333 0.0046875 0.00625
1 0.27109375 0.525 0.0046875 0.008333333333333333
1 0.52265625 0.525 0.0015625 0.0125
1 0.5453125 0.5447916666666667 0.040625 0.06041666666666667
1 0.2890625 0.515625 0.01875 0.014583333333333334
1 0.29140625 0.5052083333333334 0.0015625 0.0020833333333333333
1 0.334375 0.503125 0.00625 0.00625
1 0.54921875 0.4875 0.0046875 0.008333333333333333
1 0.378125 0.48541666666666666 0.009375 0.008333333333333333
1 0.55078125 0.4791666666666667 0.0015625 0.004166666666666667
1 0.38046875 0.4791666666666667 0.0078125 0.008333333333333333
1 0.55390625 0.46875 0.0046875 0.004166666666666667
1 0.56953125 0.46145833333333336 0.0015625 0.0020833333333333333
1 0.57265625 0.471875 0.0109375 0.03125
1 0.5734375 0.42291666666666666 0.003125 0.004166666666666667
1 0.35859375 0.4270833333333333 0.0171875 0.020833333333333332
1 0.30546875 0.40625 0.0015625 0.004166666666666667
1 0.5765625 0.39895833333333336 0.003125 0.00625
1 0.00859375 0.39895833333333336 0.0015625 0.00625
1 0.00859375 0.38958333333333334 0.0015625 0.008333333333333333
1 0.30234375 0.40625 0.0171875 0.05416666666666667
1 0.3125 0.371875 0.00625 0.00625
1 0.615625 0.37083333333333335 0.00625 0.008333333333333333
1 0.33046875 0.3697916666666667 0.0109375 0.00625
1 0.60078125 0.35104166666666664 0.0015625 0.0020833333333333333
1 0.62734375 0.3489583333333333 0.0015625 0.0020833333333333333
1 0.63671875 0.33645833333333336 0.0015625 0.0020833333333333333
1 0.60703125 0.334375 0.0015625 0.0020833333333333333
1 0.61328125 0.33229166666666665 0.0046875 0.00625
1 0.6390625 0.32916666666666666 0.003125 0.008333333333333333
1 0.6046875 0.3385416666666667 0.025 0.03958333333333333
1 0.02578125 0.309375 0.0015625 0.0020833333333333333
1 0.640625 0.2989583333333333 0.003125 0.0020833333333333333
1 0.62421875 0.30416666666666664 0.0171875 0.016666666666666666
1 0.64609375 0.2947916666666667 0.0015625 0.0020833333333333333
1 0.65078125 0.290625 0.0015625 0.0020833333333333333
1 0.63828125 0.28854166666666664 0.0015625 0.0020833333333333333
1 0.64921875 0.28125 0.0140625 0.0125
1 0.65546875 0.271875 0.0109375 0.00625
1 0.71640625 0.20729166666666668 0.0046875 0.0020833333333333333
1 0.05546875 0.20833333333333334 0.0046875 0.016666666666666666
1 0.75234375 0.18125 0.0015625 0.004166666666666667
1 0.06171875 0.18333333333333332 0.0046875 0.008333333333333333
1 0.6046875 0.16875 0.003125 0.004166666666666667
1 0.58046875 0.16770833333333332 0.0015625 0.0020833333333333333
1 0.57578125 0.16770833333333332 0.0015625 0.0020833333333333333
1 0.56953125 0.16666666666666666 0.0046875 0.004166666666666667
1 0.5890625 0.16458333333333333 0.009375 0.0125
1 0.57578125 0.15625 0.0109375 0.008333333333333333
1 0.58515625 0.15 0.0046875 0.004166666666666667
1 0.7546875 0.16145833333333334 0.015625 0.03125
1 0.59375 0.15104166666666666 0.00625 0.010416666666666666
1 0.59140625 0.140625 0.0046875 0.00625
1 0.76484375 0.13645833333333332 0.0015625 0.0020833333333333333
1 0.59921875 0.13229166666666667 0.0015625 0.0020833333333333333
1 0.4296875 0.134375 0.009375 0.00625
1 0.42421875 0.13229166666666667 0.0015625 0.0020833333333333333
1 0.61015625 0.14166666666666666 0.0140625 0.03333333333333333
1 0.4328125 0.11770833333333333 0.003125 0.00625
1 0.9984375 0.10520833333333333 0.003125 0.0020833333333333333
1 0.99453125 0.10520833333333333 0.0015625 0.0020833333333333333
1 0.97890625 0.10520833333333333 0.0015625 0.0020833333333333333
1 0.97578125 0.10520833333333333 0.0015625 0.0020833333333333333
1 0.76640625 0.11041666666666666 0.0078125 0.0125
1 0.98671875 0.10416666666666667 0.0109375 0.004166666666666667
1 0.77578125 0.096875 0.0015625 0.00625
1 0.77109375 0.09479166666666666 0.0046875 0.010416666666666666
1 0.80078125 0.08229166666666667 0.0015625 0.0020833333333333333
1 0.77265625 0.07708333333333334 0.0078125 0.008333333333333333
1 0.4640625 0.07708333333333334 0.003125 0.008333333333333333
1 0.77578125 0.06770833333333333 0.0015625 0.0020833333333333333
1 0.70625 0.0625 0.009375 0.004166666666666667
1 0.77421875 0.06041666666666667 0.0015625 0.008333333333333333
1 0.76953125 0.06145833333333333 0.0046875 0.014583333333333334
1 0.77734375 0.051041666666666666 0.0046875 0.0020833333333333333
1 0.69296875 0.058333333333333334 0.0140625 0.016666666666666666
1 0.71953125 0.04479166666666667 0.0015625 0.0020833333333333333
1 0.71953125 0.040625 0.0015625 0.0020833333333333333
1 0.73125 0.051041666666666666 0.0375 0.027083333333333334
1 0.70234375 0.0375 0.0046875 0.004166666666666667
1 0.65703125 0.017708333333333333 0.0015625 0.0020833333333333333
1 0.60078125 0.003125 0.0015625 0.0020833333333333333
1 0.83671875 0.05 0.3265625 0.1
1 0.6640625 0.003125 0.003125 0.00625
1 0.6390625 0.0010416666666666667 0.003125 0.0020833333333333333
1 0.62265625 0.0010416666666666667 0.0015625 0.0020833333333333333
1 0.10625 0.016666666666666666 0.00625 0.03333333333333333
1 0.05 0.18333333333333332 0.1 0.36666666666666664
