0 0.52734375 0.784375 0.0859375 0.08125
0 0.53828125 0.7583333333333333 0.0203125 0.03333333333333333
0 0.1890625 0.6885416666666667 0.0875 0.08541666666666667
0 0.09296875 0.684375 0.0890625 0.08541666666666667
0 0.56328125 0.28854166666666664 0.0359375 0.052083333333333336
0 0.0953125 0.9625 0.040625 0.058333333333333334
0 0.0546875 0.9645833333333333 0.0625 0.07083333333333333
0 0.67421875 0.9625 0.0609375 0.075
0 0.01796875 0.9291666666666667 0.0359375 0.016666666666666666
0 0.17578125 0.959375 0.0921875 0.08125
0 0.74765625 0.896875 0.0921875 0.11458333333333333
0 0.35859375 0.83125 0.0140625 0.0375
0 0.82734375 0.815625 0.0390625 0.022916666666666665
0 0.8296875 0.8010416666666667 0.084375 0.08541666666666667
0 0.4453125 0.7583333333333333 0.040625 0.029166666666666667
0 0.41015625 0.746875 0.0234375 0.035416666666666666
0 0.77890625 0.690625 0.0359375 0.04791666666666667
0 0.34453125 0.7010416666666667 0.0734375 0.07291666666666667
0 0.14296875 0.4875 0.0390625 0.04583333333333333
0 0.08203125 0.44583333333333336 0.0484375 0.06666666666666667
0 0.39140625 0.3802083333333333 0.0265625 0.03125
0 0.015625 0.38333333333333336 0.03125 0.06666666666666667
0 0.4296875 0.36041666666666666 0.028125 0.05416666666666667
0 0.2796875 0.3145833333333333 0.084375 0.07916666666666666
0 0.0078125 0.278125 0.015625 0.027083333333333334
0 0.928125 0.28125 0.034375 0.041666666666666664
0 0.9765625 0.28020833333333334 0.03125 0.05625
0 0.08671875 0.26666666666666666 0.0890625 0.08333333333333333
0 0.60234375 0.225 0.0296875 0.020833333333333332
0 0.61328125 0.20208333333333334 0.0296875 0.029166666666666667
0 0.56875 0.21354166666666666 0.0375 0.052083333333333336
0 0.93828125 0.16666666666666666 0.0203125 0.025
0 0.959375 0.128125 0.01875 0.035416666666666666
0 0.6875 0.125 0.025 0.03333333333333333
0 0.93515625 0.011458333333333333 0.0234375 0.022916666666666665