0 0.0390625 0.9802083333333333 0.078125 0.03958333333333333
0 0.51796875 0.8989583333333333 0.0484375 0.10625
0 0.575 0.8770833333333333 0.1 0.1375
0 0.4375 0.74375 0.015625 0.0375
0 0.52421875 0.7208333333333333 0.0453125 0.0625
0 0.62578125 0.5291666666666667 0.0484375 0.0375
0 0.546875 0.590625 0.15625 0.18125
0 0.56953125 0.48541666666666666 0.0828125 0.10833333333333334
0 0.6171875 0.46875 0.0625 0.09166666666666666
0 0.2296875 0.0375 0.1125 0.075
2 0.1546875 0.5958333333333333 0.078125 0.14166666666666666
2 0.33671875 0.34270833333333334 0.1265625 0.13958333333333334