0 0.0484375 0.40208333333333335 0.04375 0.05416666666666667
0 0.03359375 0.14791666666666667 0.0453125 0.05416666666666667
0 0.09140625 0.14583333333333334 0.0609375 0.05416666666666667
0 0.171875 0.075 0.015625 0.03333333333333333
0 0.1984375 0.05 0.015625 0.0375
0 0.15859375 0.8052083333333333 0.0390625 0.03125
0 0.15859375 0.7802083333333333 0.0328125 0.022916666666666665
0 0.02109375 0.7458333333333333 0.0328125 0.0375
0 0.16796875 0.525 0.0203125 0.016666666666666666
0 0.18359375 0.503125 0.0203125 0.04375
0 0.01015625 0.490625 0.0203125 0.04791666666666667
0 0.0140625 0.27395833333333336 0.028125 0.052083333333333336
0 0.16484375 0.2604166666666667 0.0203125 0.029166666666666667
0 0.1515625 0.171875 0.03125 0.03958333333333333
0 0.49765625 0.165625 0.0328125 0.052083333333333336
1 0.659375 0.934375 0.090625 0.13125