0 0.7078125 0.8489583333333334 0.021875 0.04375
0 0.434375 0.775 0.03125 0.0625
0 0.403125 0.7666666666666667 0.01875 0.05
0 0.15703125 0.646875 0.0171875 0.03958333333333333
0 0.609375 0.4354166666666667 0.05625 0.0625
0 0.56015625 0.33125 0.0453125 0.04583333333333333
0 0.4421875 0.17604166666666668 0.028125 0.04375
0 0.5125 0.084375 0.053125 0.04375
0 0.146875 0.30104166666666665 0.034375 0.07708333333333334
0 0.95 0.19479166666666667 0.01875 0.01875
0 0.94296875 0.13020833333333334 0.0578125 0.06041666666666667