0 0.8390625 0.9125 0.03125 0.020833333333333332
0 0.853125 0.8770833333333333 0.05 0.020833333333333332
0 0.7859375 0.8739583333333333 0.021875 0.03125
0 0.84609375 0.8302083333333333 0.0328125 0.05625
0 0.75078125 0.7979166666666667 0.0171875 0.07083333333333333
0 0.80859375 0.7666666666666667 0.0578125 0.10833333333333334
0 0.90078125 0.7416666666666667 0.0359375 0.07916666666666666
0 0.87109375 0.6958333333333333 0.0515625 0.041666666666666664
0 0.34296875 0.503125 0.0359375 0.022916666666666665
0 0.3109375 0.49375 0.0375 0.03333333333333333
0 0.3 0.4666666666666667 0.0375 0.020833333333333332