0 0.48828125 0.9666666666666667 0.0671875 0.06666666666666667
0 0.034375 0.9177083333333333 0.06875 0.08125
0 0.896875 0.8822916666666667 0.021875 0.01875
0 0.271875 0.3614583333333333 0.08125 0.09791666666666667
0 0.83828125 0.16770833333333332 0.0578125 0.06458333333333334
0 0.4921875 0.8760416666666667 0.034375 0.01875
0 0.48671875 0.88125 0.0828125 0.041666666666666664
0 0.46328125 0.8541666666666666 0.0265625 0.025
0 0.33046875 0.6895833333333333 0.0859375 0.1
0 0.63671875 0.634375 0.0234375 0.03958333333333333
0 0.2765625 0.621875 0.059375 0.027083333333333334
0 0.584375 0.6333333333333333 0.040625 0.06666666666666667
0 0.5203125 0.590625 0.025 0.03125
0 0.1 0.46979166666666666 0.046875 0.03125
0 0.178125 0.44479166666666664 0.084375 0.05625
0 0.68671875 0.18020833333333333 0.0578125 0.027083333333333334
0 0.66640625 0.13333333333333333 0.0453125 0.05
0 0.17265625 0.06666666666666667 0.0484375 0.03333333333333333