0 0.91015625 0.9895833333333334 0.0265625 0.020833333333333332
0 0.59140625 0.9833333333333333 0.0140625 0.03333333333333333
0 0.95625 0.98125 0.028125 0.0375
0 0.6140625 0.98125 0.028125 0.0375
0 0.28203125 0.9791666666666666 0.0453125 0.041666666666666664
0 0.92265625 0.9739583333333334 0.0171875 0.035416666666666666
0 0.63125 0.859375 0.021875 0.052083333333333336
0 0.92734375 0.7875 0.0296875 0.020833333333333332
0 0.8453125 0.7916666666666666 0.0375 0.03333333333333333
0 0.93125 0.76875 0.025 0.029166666666666667
0 0.76953125 0.75 0.0171875 0.029166666666666667
0 0.82265625 0.7354166666666667 0.0328125 0.04583333333333333
0 0.6921875 0.7052083333333333 0.025 0.03958333333333333
0 0.796875 0.6895833333333333 0.025 0.029166666666666667
0 0.58828125 0.6979166666666666 0.0390625 0.05
0 0.359375 0.659375 0.028125 0.027083333333333334
0 0.65859375 0.6302083333333334 0.0171875 0.022916666666666665
0 0.6625 0.5479166666666667 0.021875 0.016666666666666666
0 0.46796875 0.5604166666666667 0.0421875 0.05
0 0.6625 0.525 0.025 0.016666666666666666
0 0.41875 0.5364583333333334 0.040625 0.04791666666666667
0 0.215625 0.48854166666666665 0.04375 0.03958333333333333
0 0.90546875 0.39375 0.0359375 0.04583333333333333
0 0.05859375 0.3802083333333333 0.0203125 0.01875
0 0.10703125 0.33958333333333335 0.0390625 0.05
0 0.740625 0.3177083333333333 0.0375 0.04375
0 0.7703125 0.615625 0.034375 0.05625
0 0.11875 0.503125 0.025 0.03125
0 0.09453125 0.5010416666666667 0.0171875 0.027083333333333334
0 0.12265625 0.4395833333333333 0.0453125 0.0375
0 0.94375 0.2520833333333333 0.028125 0.020833333333333332
0 0.1609375 0.253125 0.034375 0.03958333333333333
0 0.22265625 0.17916666666666667 0.0265625 0.041666666666666664