0 0.63984375 0.484375 0.0546875 0.11458333333333333
1 0.7015625 0.95625 0.0375 0.0875
1 0.4453125 0.9552083333333333 0.103125 0.08958333333333333
1 0.9828125 0.9447916666666667 0.034375 0.11041666666666666
1 0.91796875 0.9197916666666667 0.0671875 0.07291666666666667
1 0.31640625 0.9291666666666667 0.0515625 0.14166666666666666
1 0.35625 0.9260416666666667 0.0625 0.14791666666666667
1 0.87421875 0.803125 0.0640625 0.07291666666666667
1 0.56015625 0.7958333333333333 0.1421875 0.10833333333333334
1 0.88671875 0.7614583333333333 0.1140625 0.15208333333333332
1 0.5578125 0.478125 0.071875 0.11041666666666666
1 0.50703125 0.4739583333333333 0.1109375 0.11875
1 0.8265625 0.49270833333333336 0.121875 0.22291666666666668
1 0.503125 0.3302083333333333 0.171875 0.20208333333333334
1 0.4359375 0.19895833333333332 0.0875 0.06875
1 0.45078125 0.15833333333333333 0.0953125 0.15416666666666667
1 0.3765625 0.12083333333333333 0.075 0.09166666666666666