0 0.88046875 0.9791666666666666 0.0296875 0.025
0 0.77265625 0.89375 0.0140625 0.058333333333333334
0 0.09921875 0.8114583333333333 0.0390625 0.06041666666666667
0 0.021875 0.703125 0.03125 0.04375
0 0.01328125 0.6927083333333334 0.0265625 0.035416666666666666
0 0.07890625 0.68125 0.0328125 0.025
0 0.2453125 0.6583333333333333 0.03125 0.016666666666666666
0 0.065625 0.5833333333333334 0.021875 0.03333333333333333
0 0.984375 0.5458333333333333 0.03125 0.041666666666666664
0 0.42421875 0.45625 0.0203125 0.020833333333333332
0 0.71171875 0.4583333333333333 0.0265625 0.041666666666666664
0 0.1421875 0.425 0.028125 0.020833333333333332
0 0.60625 0.42604166666666665 0.025 0.052083333333333336
0 0.3265625 0.415625 0.034375 0.04791666666666667
0 0.44921875 0.39895833333333336 0.0203125 0.035416666666666666
0 0.396875 0.378125 0.025 0.022916666666666665
0 0.27421875 0.3875 0.0421875 0.04583333333333333
0 0.78671875 0.3614583333333333 0.0265625 0.022916666666666665
0 0.93125 0.35520833333333335 0.025 0.022916666666666665
0 0.34296875 0.3541666666666667 0.0296875 0.041666666666666664
0 0.91796875 0.33958333333333335 0.0171875 0.025
0 0.17265625 0.3458333333333333 0.0328125 0.041666666666666664
0 0.12265625 0.33958333333333335 0.0296875 0.0375
0 0.75859375 0.32916666666666666 0.0171875 0.025
0 0.24921875 0.33125 0.0390625 0.041666666666666664
0 0.0890625 0.315625 0.021875 0.03125
0 0.490625 0.315625 0.01875 0.035416666666666666
0 0.74453125 0.31354166666666666 0.0234375 0.035416666666666666
0 0.07578125 0.30520833333333336 0.0171875 0.027083333333333334
0 0.89765625 0.30520833333333336 0.0359375 0.035416666666666666
0 0.8546875 0.303125 0.025 0.03125
0 0.03046875 0.2947916666666667 0.0234375 0.03958333333333333
0 0.1921875 0.278125 0.015625 0.022916666666666665
0 0.46015625 0.265625 0.0171875 0.022916666666666665
0 0.1203125 0.22291666666666668 0.025 0.020833333333333332
0 0.3734375 0.2125 0.040625 0.04583333333333333
0 0.3171875 0.6197916666666666 0.025 0.022916666666666665
0 0.85234375 0.46979166666666666 0.0265625 0.03125