0 0.11640625 0.9364583333333333 0.1859375 0.12708333333333333
0 0.91953125 0.9479166666666666 0.0203125 0.020833333333333332
0 0.621875 0.959375 0.05625 0.08125
0 0.73515625 0.9229166666666667 0.0328125 0.025
0 0.70859375 0.95 0.0734375 0.1
0 0.615625 0.9072916666666667 0.034375 0.04375
0 0.55625 0.9416666666666667 0.046875 0.11666666666666667
0 0.96953125 0.9166666666666666 0.0609375 0.075
0 0.525 0.9260416666666667 0.028125 0.09375
0 0.57578125 0.9 0.0203125 0.06666666666666667
0 0.78671875 0.9125 0.0390625 0.1125
0 0.66328125 0.8385416666666666 0.0390625 0.022916666666666665
0 0.8625 0.8645833333333334 0.078125 0.09583333333333334
0 0.70625 0.8375 0.03125 0.075
0 0.76875 0.834375 0.0625 0.09375
0 0.03984375 0.80625 0.0140625 0.04583333333333333
0 0.46796875 0.775 0.0234375 0.0375
0 0.975 0.7854166666666667 0.05 0.07916666666666666
0 0.56796875 0.7604166666666666 0.0171875 0.041666666666666664
0 0.53515625 0.8114583333333333 0.0328125 0.14791666666666667
0 0.71953125 0.7510416666666667 0.0265625 0.06875
0 0.01640625 0.7333333333333333 0.0328125 0.041666666666666664
0 0.46328125 0.70625 0.0203125 0.05416666666666667
0 0.08203125 0.6802083333333333 0.0609375 0.03958333333333333
0 0.9453125 0.6927083333333334 0.025 0.08125
0 0.51484375 0.6708333333333333 0.0140625 0.0375
0 0.915625 0.6708333333333333 0.028125 0.058333333333333334
0 0.04453125 0.653125 0.0171875 0.03958333333333333
0 0.65625 0.6447916666666667 0.015625 0.03125
0 0.53359375 0.6427083333333333 0.0203125 0.03125
0 0.62890625 0.6322916666666667 0.0234375 0.04375
0 0.75703125 0.6145833333333334 0.0203125 0.0375
0 0.66875 0.5958333333333333 0.0125 0.03333333333333333
0 0.21953125 0.575 0.0296875 0.016666666666666666
0 0.93828125 0.5729166666666666 0.0640625 0.0375
0 0.77734375 0.5208333333333334 0.0203125 0.029166666666666667
0 0.3875 0.490625 0.028125 0.03958333333333333
0 0.03125 0.4739583333333333 0.025 0.03958333333333333
0 0.91328125 0.446875 0.0328125 0.03958333333333333
0 0.70625 0.44479166666666664 0.01875 0.04375
0 0.1703125 0.4583333333333333 0.04375 0.08333333333333333
0 0.18125 0.415625 0.01875 0.01875
0 0.659375 0.41770833333333335 0.034375 0.05625
0 0.8453125 0.40208333333333335 0.021875 0.0375
0 0.9125 0.346875 0.05 0.03958333333333333
0 0.50234375 0.328125 0.0453125 0.052083333333333336
0 0.9703125 0.3145833333333333 0.053125 0.029166666666666667
0 0.015625 0.31145833333333334 0.01875 0.022916666666666665
0 0.71171875 0.321875 0.0234375 0.052083333333333336
0 0.4140625 0.2947916666666667 0.0125 0.03125
0 0.70546875 0.20416666666666666 0.0171875 0.11666666666666667
0 0.7140625 0.109375 0.015625 0.022916666666666665
0 0.59609375 0.06666666666666667 0.0109375 0.058333333333333334
0 0.78828125 0.030208333333333334 0.0109375 0.052083333333333336
0 0.71953125 0.013541666666666667 0.0109375 0.027083333333333334