0 0.65703125 0.9083333333333333 0.0234375 0.03333333333333333
0 0.66796875 0.89375 0.0265625 0.0375
0 0.5765625 0.8322916666666667 0.01875 0.035416666666666666
0 0.59765625 0.8302083333333333 0.0140625 0.03958333333333333
0 0.14140625 0.8145833333333333 0.0453125 0.058333333333333334
0 0.46328125 0.7979166666666667 0.0359375 0.0375
0 0.76484375 0.753125 0.0328125 0.04375
0 0.80859375 0.7479166666666667 0.0328125 0.0375
0 0.48828125 0.6583333333333333 0.0390625 0.05
0 0.68828125 0.5739583333333333 0.0359375 0.03125
0 0.76953125 0.5552083333333333 0.0296875 0.04375
0 0.6640625 0.5229166666666667 0.034375 0.04583333333333333
0 0.53203125 0.50625 0.0203125 0.0375
0 0.434375 0.50625 0.04375 0.05
0 0.20546875 0.4875 0.0265625 0.025
0 0.63671875 0.48333333333333334 0.0265625 0.020833333333333332
0 0.31015625 0.384375 0.0421875 0.04791666666666667
0 0.49921875 0.3541666666666667 0.0234375 0.0125
0 0.25859375 0.365625 0.0421875 0.04791666666666667
0 0.4984375 0.334375 0.025 0.01875
0 0.05859375 0.3375 0.0421875 0.0375
0 0.73359375 0.18854166666666666 0.0359375 0.04375
0 0.56875 0.12708333333333333 0.0375 0.041666666666666664
0 0.6078125 0.4270833333333333 0.034375 0.025
0 0.00625 0.109375 0.0125 0.03125
0 0.76875 0.04583333333333333 0.034375 0.020833333333333332
0 0.05859375 0.034375 0.0203125 0.03958333333333333