0 549 478 550 480
0 559 470 560 471
0 546 464 548 467
0 544 464 546 466
0 506 452 508 454
0 506 447 508 448
0 378 447 379 448
0 623 446 624 448
0 620 446 621 447
0 508 445 509 446
0 548 444 550 447
0 506 444 507 446
0 378 444 379 446
0 550 442 551 443
0 552 440 553 441
0 529 440 533 448
0 567 436 568 437
0 544 430 545 431
0 8 429 9 430
0 7 416 8 424
0 528 414 530 416
0 8 412 9 413
0 4 412 6 417
0 558 408 560 412
0 549 407 551 410
0 526 407 527 408
0 546 404 547 405
0 528 403 529 405
0 476 403 477 404
0 492 402 493 403
0 536 400 539 403
0 492 399 495 403
0 8 396 9 397
0 608 394 609 395
0 479 392 484 401
0 609 391 610 392
0 489 391 490 392
0 492 389 493 390
0 489 387 490 388
0 487 385 488 386
0 482 384 483 385
0 592 381 593 383
0 499 381 500 382
0 270 381 271 384
0 271 379 272 380
0 621 374 622 375
0 492 374 498 379
0 600 371 601 372
0 596 370 598 371
0 476 370 477 371
0 600 369 601 370
0 474 367 475 369
0 472 365 473 366
0 474 364 480 369
0 495 362 496 367
0 482 362 483 363
0 635 360 637 362
0 494 359 496 361
0 482 359 484 361
0 483 356 486 358
0 494 354 495 355
0 304 353 305 354
0 485 352 486 353
0 478 351 479 352
0 492 349 493 350
0 498 347 499 348
0 496 347 497 348
0 488 346 489 347
0 632 342 633 343
0 624 338 625 339
0 631 332 632 333
0 628 332 630 335
0 629 321 633 324
0 252 185 253 186
0 136 142 137 143
0 313 139 314 140
0 313 135 314 136
0 218 128 219 129
0 212 127 213 128
0 214 126 215 127
0 219 115 220 117
0 559 87 560 89
0 486 68 487 69
0 451 65 452 66
0 455 64 457 65
0 461 63 464 64
0 453 63 454 65
0 450 62 452 63
0 448 62 449 63
0 433 59 436 61
0 203 55 204 56
0 416 54 425 59
0 426 53 440 60
0 420 53 428 55
0 568 49 569 50
0 384 45 385 46
0 542 39 543 40
0 530 33 531 34
0 528 32 529 34
0 222 27 224 29
0 271 20 272 21
0 269 20 270 21
0 53 19 54 23
0 270 18 271 19
0 267 9 268 10
0 77 6 79 8
0 238 5 239 6
0 276 3 277 4
0 270 3 271 4
0 77 3 79 5
0 48 3 49 5
0 267 2 268 3
0 42 2 43 3
0 276 0 277 2
0 237 0 242 3
0 87 0 88 1
0 80 0 82 2
0 47 0 68 18
