0 176 479 177 480
0 172 467 179 474
0 110 448 111 450
0 166 441 167 442
0 177 439 178 440
0 84 439 86 440
0 81 438 82 439
0 84 437 85 438
0 149 434 151 437
0 154 432 155 434
0 148 432 149 433
0 143 432 144 439
0 134 432 135 434
0 175 428 176 429
0 155 425 165 432
0 132 423 144 431
0 64 415 65 416
0 160 414 164 418
0 132 409 139 417
0 147 408 157 413
0 92 405 96 407
0 145 404 148 405
0 128 404 134 408
0 142 403 143 404
0 93 396 96 402
0 142 393 151 395
0 157 392 160 397
0 124 392 129 393
0 155 391 156 392
0 141 390 144 392
0 120 390 122 392
0 88 390 91 391
0 82 390 84 392
0 118 388 119 389
0 482 382 483 383
0 153 376 154 378
0 479 375 480 376
0 163 375 164 377
0 155 375 159 377
0 118 372 127 388
0 121 369 122 370
0 127 363 154 387
0 153 354 154 356
0 154 352 155 353
0 141 351 143 352
0 133 348 134 349
0 135 346 139 349
0 132 343 134 345
0 145 337 146 339
0 127 331 132 334
0 120 327 143 362
0 154 324 155 325
0 156 322 157 323
0 122 320 125 325
0 146 319 147 320
0 154 318 157 321
0 156 315 157 316
0 351 258 355 264
0 161 236 164 240
0 123 224 148 274
0 129 223 131 228
0 395 222 396 223
0 124 208 125 209
0 309 204 311 205
0 309 200 312 203
0 124 176 132 221
0 282 173 283 174
0 301 168 304 169
0 301 163 302 164
0 286 160 287 161
0 297 157 298 158
0 292 157 296 160
0 288 154 291 159
0 245 148 246 149
0 558 82 559 83
0 191 63 192 64
0 186 53 187 54
0 182 46 185 48
0 182 44 183 45
0 191 39 192 40
0 177 39 178 40
0 179 37 181 39
0 186 36 187 37
0 187 34 188 35
0 184 34 185 35
0 182 32 184 34
0 179 32 181 33
0 181 30 182 31
0 183 27 185 28
0 172 26 173 27
0 177 24 178 25
0 213 19 214 20
0 178 18 179 19
