0 426 479 427 480
0 252 478 253 479
0 180 478 181 479
0 79 478 80 480
0 71 478 74 480
0 181 476 182 477
0 80 473 81 474
0 93 472 94 473
0 458 471 459 472
0 417 471 418 472
0 83 471 86 474
0 278 470 279 471
0 453 469 456 472
0 184 465 185 466
0 97 465 98 466
0 430 464 431 465
0 69 464 73 466
0 64 464 68 467
0 401 463 402 465
0 221 463 222 465
0 256 462 257 463
0 88 462 90 464
0 9 461 12 464
0 74 460 80 480
0 16 460 64 468
0 0 460 3 465
0 79 456 80 458
0 261 455 263 457
0 221 454 224 456
0 470 453 471 454
0 218 453 219 454
0 88 452 89 453
0 82 451 83 453
0 418 449 419 450
0 264 449 265 451
0 261 449 262 450
0 89 449 93 452
0 80 448 81 449
0 475 446 476 447
0 405 446 406 447
0 264 445 265 446
0 174 445 175 446
0 81 445 82 446
0 404 444 405 445
0 73 444 74 445
0 172 443 173 444
0 86 443 87 446
0 467 442 469 446
0 405 441 406 442
0 90 441 91 442
0 99 440 100 441
0 494 439 495 440
0 470 439 471 441
0 197 439 199 442
0 65 439 77 443
0 82 438 84 443
0 54 438 55 439
0 50 438 51 439
0 44 438 48 441
0 18 438 21 440
0 466 437 467 438
0 435 437 436 438
0 34 437 35 438
0 0 437 17 442
0 22 436 33 441
0 266 435 268 436
0 262 434 263 435
0 431 433 433 437
0 413 433 415 435
0 275 433 276 434
0 469 432 470 433
0 89 432 90 433
0 175 431 176 432
0 85 431 86 432
0 390 430 392 431
0 174 429 175 430
0 203 428 204 430
0 89 428 90 429
0 270 427 271 428
0 261 425 262 426
0 271 424 272 425
0 271 422 272 423
0 462 421 464 427
0 84 419 85 420
0 442 418 444 420
0 437 418 440 421
0 196 418 199 422
0 54 418 55 419
0 46 417 52 419
0 36 417 37 418
0 494 416 496 420
0 384 416 386 418
0 81 416 82 417
0 209 414 210 415
0 439 413 441 416
0 84 413 88 415
0 77 413 81 414
0 493 412 494 413
0 211 412 212 413
0 0 410 80 418
0 204 409 205 410
0 414 408 416 410
0 271 408 272 409
0 464 407 469 410
0 207 407 211 411
0 414 406 415 407
0 89 404 90 406
0 550 402 551 403
0 90 402 91 403
0 628 401 629 403
0 564 401 565 402
0 494 401 495 402
0 566 400 569 403
0 552 400 555 402
0 496 400 499 402
0 424 400 427 404
0 423 399 424 401
0 265 398 266 399
0 566 397 567 398
0 563 397 564 398
0 544 397 546 399
0 614 396 615 397
0 491 396 492 397
0 472 396 473 397
0 216 396 217 397
0 495 395 496 396
0 439 395 440 396
0 85 395 86 396
0 488 394 490 395
0 310 392 311 393
0 99 392 101 394
0 47 392 53 394
0 44 392 45 393
0 41 392 43 393
0 39 392 40 393
0 35 391 36 392
0 100 390 101 391
0 209 389 210 390
0 82 389 93 393
0 417 388 418 391
0 496 387 499 389
0 472 387 473 389
0 101 387 103 390
0 302 386 303 387
0 472 385 473 386
0 214 385 215 386
0 460 384 461 385
0 94 384 96 386
0 0 384 71 392
0 566 383 570 386
0 561 383 563 384
0 473 383 474 384
0 457 383 458 384
0 387 382 388 383
0 496 381 497 382
0 473 381 474 382
0 210 381 211 382
0 608 380 609 381
0 494 379 495 380
0 432 379 434 382
0 561 378 563 380
0 209 378 210 379
0 486 377 490 379
0 608 376 610 379
0 228 375 230 378
0 305 372 307 373
0 414 371 415 372
0 589 370 590 371
0 239 370 240 371
0 211 370 212 371
0 102 370 107 374
0 106 369 108 370
0 240 368 242 371
0 224 368 226 370
0 221 368 222 369
0 105 367 106 368
0 449 366 450 367
0 99 366 101 368
0 427 363 428 364
0 419 362 422 364
0 228 362 232 368
0 74 362 92 368
0 302 359 303 360
0 212 359 213 360
0 418 358 420 360
0 416 358 417 361
0 412 357 413 358
0 324 357 325 359
0 417 356 418 357
0 224 356 225 357
0 0 356 67 365
0 376 355 378 359
0 221 355 222 356
0 625 354 626 355
0 286 354 287 355
0 265 354 267 356
0 238 354 239 355
0 637 353 638 354
0 302 353 303 354
0 412 352 413 353
0 266 352 267 353
0 445 351 446 352
0 430 350 431 351
0 407 350 408 351
0 410 349 412 350
0 104 349 106 352
0 220 348 221 349
0 552 347 553 348
0 541 347 542 348
0 414 347 417 352
0 531 346 532 347
0 413 345 414 346
0 300 341 301 343
0 218 340 219 341
0 105 337 111 344
0 92 337 98 339
0 323 336 324 337
0 240 336 241 337
0 343 335 344 336
0 435 334 436 335
0 431 334 432 335
0 548 333 549 334
0 420 333 422 336
0 545 332 547 333
0 598 330 600 332
0 420 330 421 331
0 299 330 300 332
0 229 330 230 331
0 430 328 431 331
0 0 327 82 341
0 294 326 295 327
0 590 325 591 326
0 418 325 421 327
0 430 322 432 327
0 586 321 587 322
0 419 321 421 324
0 512 320 513 321
0 556 318 557 320
0 146 318 147 319
0 111 317 112 318
0 364 316 365 317
0 601 315 602 316
0 113 315 114 316
0 373 314 374 315
0 299 314 300 315
0 425 313 426 316
0 362 313 363 314
0 425 311 426 312
0 362 311 363 312
0 599 310 600 311
0 403 310 404 311
0 300 310 301 312
0 113 308 118 314
0 112 306 125 341
0 321 305 322 306
0 549 304 550 305
0 122 304 123 305
0 376 302 377 303
0 314 302 315 303
0 306 302 307 303
0 0 302 2 303
0 124 299 125 303
0 124 297 125 298
0 0 296 112 314
0 124 295 125 296
0 264 294 265 295
0 96 290 97 291
0 49 288 51 291
0 288 286 289 287
0 451 285 453 286
0 313 285 314 286
0 373 284 375 287
0 145 284 146 285
0 106 284 116 287
0 451 282 452 283
0 115 281 117 282
0 450 280 451 281
0 478 279 481 282
0 134 278 135 279
0 267 277 268 278
0 256 276 257 277
0 135 276 147 283
0 165 275 166 277
0 472 274 474 275
0 398 273 399 275
0 470 272 471 273
0 114 272 115 273
0 477 271 478 272
0 470 269 471 270
0 124 269 126 272
0 119 269 121 270
0 117 269 118 270
0 477 268 478 269
0 435 267 436 268
0 433 267 434 268
0 127 267 129 269
0 94 267 95 269
0 90 267 91 268
0 470 266 472 268
0 101 266 102 267
0 460 263 461 264
0 128 263 130 265
0 459 261 460 262
0 129 260 130 262
0 63 259 64 260
0 125 258 126 259
0 10 258 132 286
0 164 257 165 258
0 126 256 127 257
0 9 256 10 257
0 297 255 298 256
0 0 254 7 265
0 573 253 575 255
0 455 253 456 254
0 155 253 156 254
0 314 252 315 253
0 448 251 449 252
0 143 251 144 252
0 112 250 113 251
0 133 248 134 249
0 299 247 300 249
0 131 247 132 248
0 111 247 113 249
0 368 246 369 247
0 156 244 158 248
0 421 242 422 243
0 125 242 136 247
0 89 242 91 243
0 146 241 147 242
0 451 240 452 241
0 131 238 132 239
0 499 237 500 238
0 226 232 227 233
0 397 230 398 231
0 129 229 130 230
0 7 229 12 231
0 210 227 211 228
0 597 226 599 227
0 445 226 446 227
0 130 226 132 229
0 408 225 409 226
0 169 225 170 226
0 139 225 140 227
0 89 224 90 225
0 170 223 171 224
0 138 223 139 224
0 613 222 614 223
0 450 222 451 223
0 448 222 449 223
0 129 222 133 224
0 65 222 66 223
0 0 222 113 243
0 609 221 610 223
0 316 221 319 227
0 161 221 162 222
0 307 220 308 221
0 259 219 260 220
0 437 218 438 219
0 256 218 257 219
0 610 217 611 218
0 393 217 394 218
0 306 217 307 218
0 258 217 259 218
0 222 217 223 218
0 398 216 399 217
0 296 216 297 217
0 33 215 34 216
0 307 214 308 215
0 127 214 131 216
0 579 213 581 214
0 257 213 258 214
0 153 213 155 219
0 585 212 586 213
0 587 211 588 212
0 582 211 584 213
0 228 211 229 212
0 138 211 142 214
0 591 210 592 211
0 313 210 314 212
0 308 210 309 211
0 248 210 250 211
0 593 209 594 210
0 464 209 466 210
0 391 209 392 210
0 155 209 156 211
0 143 208 144 210
0 140 208 142 210
0 464 207 465 208
0 534 206 535 207
0 308 206 309 207
0 449 205 450 207
0 141 205 142 207
0 248 204 252 209
0 112 203 114 206
0 266 201 267 202
0 88 200 131 214
0 63 199 70 203
0 453 198 454 199
0 401 197 402 198
0 233 197 234 198
0 441 196 442 197
0 428 196 429 197
0 441 194 442 195
0 159 193 161 195
0 628 192 629 193
0 503 192 505 193
0 334 192 335 194
0 632 191 633 192
0 441 190 442 192
0 115 189 116 190
0 0 189 50 203
0 561 188 562 189
0 336 188 338 190
0 119 187 120 188
0 334 186 335 187
0 632 184 633 185
0 614 184 615 185
0 339 183 340 184
0 150 183 160 204
0 615 182 616 183
0 618 178 619 179
0 453 178 454 179
0 158 178 164 181
0 116 178 117 179
0 622 177 624 178
0 222 177 223 178
0 71 177 72 178
0 257 176 258 177
0 444 175 446 176
0 170 172 171 173
0 49 171 50 173
0 473 170 474 171
0 171 170 172 171
0 175 169 176 170
0 157 169 161 177
0 168 168 170 171
0 334 167 335 168
0 215 166 216 167
0 183 166 184 167
0 128 164 131 166
0 126 164 127 165
0 79 164 156 182
0 496 163 498 164
0 215 163 216 164
0 170 162 171 163
0 108 162 109 164
0 231 161 232 162
0 207 161 209 163
0 140 161 141 162
0 79 161 80 162
0 259 160 260 161
0 257 159 258 160
0 264 158 265 159
0 261 158 263 160
0 231 158 233 160
0 183 158 184 159
0 529 157 530 162
0 181 157 182 158
0 36 157 37 158
0 26 155 71 171
0 236 153 240 156
0 3 153 23 160
0 470 152 471 153
0 270 151 271 152
0 557 149 558 150
0 149 149 151 152
0 147 148 148 149
0 525 147 526 148
0 138 146 139 147
0 136 146 137 147
0 360 145 361 146
0 129 145 133 146
0 574 144 577 148
0 637 142 639 143
0 553 141 554 142
0 452 141 453 142
0 222 139 223 141
0 129 139 162 149
0 350 138 351 139
0 290 138 291 139
0 265 134 266 135
0 622 132 623 133
0 497 132 498 133
0 102 132 104 134
0 233 131 234 132
0 615 130 616 131
0 597 130 598 131
0 239 130 240 131
0 169 130 170 131
0 364 129 365 130
0 586 128 587 129
0 576 128 577 129
0 177 128 178 129
0 487 127 488 128
0 584 126 585 127
0 370 126 371 127
0 223 126 227 130
0 72 126 79 136
0 54 126 55 127
0 58 125 68 132
0 57 124 58 125
0 504 123 505 124
0 78 122 80 125
0 502 121 504 122
0 171 120 173 121
0 36 120 37 121
0 606 119 608 121
0 500 119 501 121
0 168 119 170 123
0 34 119 35 120
0 24 118 53 128
0 368 117 369 118
0 22 117 23 118
0 481 116 482 117
0 219 116 220 117
0 95 116 96 117
0 0 116 21 122
0 598 115 599 116
0 235 115 236 116
0 168 115 169 116
0 474 114 480 116
0 70 114 71 115
0 506 113 507 114
0 73 113 74 114
0 68 113 69 114
0 476 112 477 113
0 474 112 475 113
0 433 112 434 113
0 213 112 214 113
0 60 112 61 113
0 472 111 473 112
0 235 111 236 112
0 77 111 78 112
0 278 110 279 111
0 276 110 277 111
0 490 109 491 110
0 222 109 223 111
0 215 109 216 110
0 136 109 137 110
0 105 109 106 110
0 370 108 371 109
0 133 108 135 110
0 85 106 86 108
0 81 106 84 110
0 231 105 232 106
0 119 105 127 107
0 497 104 498 105
0 480 104 483 108
0 469 104 470 106
0 115 104 116 105
0 540 103 541 104
0 264 102 268 106
0 215 102 216 103
0 245 101 246 103
0 76 101 77 104
0 484 100 485 101
0 264 100 265 102
0 568 99 569 100
0 467 99 468 100
0 185 99 186 100
0 77 98 78 99
0 521 97 523 99
0 495 97 496 99
0 288 97 289 98
0 276 97 279 103
0 271 97 272 98
0 539 96 541 97
0 491 96 494 99
0 453 96 454 97
0 481 95 482 96
0 478 94 479 95
0 470 94 472 96
0 466 94 467 96
0 271 94 272 95
0 195 94 196 95
0 486 93 487 94
0 474 93 476 95
0 134 91 135 94
0 355 90 356 91
0 194 90 195 91
0 418 89 419 90
0 628 88 629 89
0 498 88 501 90
0 452 88 453 89
0 107 88 108 89
0 446 87 447 88
0 627 86 629 87
0 604 86 608 88
0 444 86 445 87
0 231 86 234 91
0 428 85 429 86
0 542 84 543 85
0 439 84 440 85
0 358 84 360 85
0 194 84 195 85
0 68 84 69 85
0 603 83 604 84
0 198 83 199 84
0 194 82 195 83
0 605 81 607 85
0 541 81 542 82
0 344 81 345 82
0 342 81 343 82
0 75 81 76 82
0 636 80 637 81
0 508 80 512 81
0 197 80 198 81
0 639 79 640 80
0 416 79 422 82
0 75 79 76 80
0 587 78 588 79
0 495 78 507 83
0 276 78 277 79
0 490 77 491 78
0 487 77 488 78
0 483 77 485 78
0 470 77 471 78
0 324 77 325 78
0 233 77 234 78
0 221 77 222 78
0 80 77 83 83
0 555 76 556 78
0 479 76 481 78
0 380 76 384 79
0 355 76 356 77
0 339 76 340 77
0 424 75 433 80
0 406 75 407 76
0 379 75 380 76
0 303 75 305 77
0 246 75 247 76
0 213 75 214 76
0 82 75 83 76
0 51 75 52 76
0 573 74 574 75
0 308 74 310 77
0 305 74 307 75
0 276 74 277 75
0 0 74 171 113
0 370 73 371 74
0 234 73 235 74
0 389 72 390 74
0 76 71 77 72
0 236 70 237 71
0 196 70 197 71
0 445 69 448 70
0 384 69 385 70
0 238 69 240 71
0 230 69 231 71
0 434 68 435 69
0 363 68 364 69
0 352 68 353 69
0 264 68 265 70
0 424 67 427 70
0 359 67 360 68
0 445 66 447 68
0 294 66 303 71
0 121 66 122 67
0 417 65 419 66
0 219 65 220 66
0 206 65 208 67
0 195 65 197 69
0 552 64 553 65
0 550 64 551 65
0 429 63 431 65
0 441 61 442 62
0 426 61 428 63
0 546 60 547 61
0 270 60 272 62
0 96 60 97 62
0 74 60 75 61
0 435 59 441 64
0 78 59 80 61
0 440 58 441 59
0 423 58 424 59
0 95 58 96 59
0 472 57 473 58
0 442 57 443 58
0 414 57 415 59
0 81 57 82 58
0 79 57 80 58
0 468 56 469 57
0 202 56 203 57
0 520 54 521 55
0 341 54 342 55
0 463 53 464 54
0 228 53 229 54
0 114 53 115 54
0 428 52 432 56
0 193 52 195 54
0 186 52 187 54
0 190 50 192 52
0 187 49 188 51
0 518 48 522 52
0 413 48 420 51
0 305 48 308 50
0 301 47 302 48
0 464 46 465 47
0 298 46 300 47
0 348 44 351 48
0 214 43 215 44
0 378 41 379 42
0 383 40 390 44
0 358 40 359 41
0 270 40 271 41
0 446 36 448 38
0 370 36 377 41
0 205 36 206 37
0 202 36 203 37
0 444 35 445 36
0 353 35 357 38
0 200 35 201 36
0 505 34 506 35
0 152 34 153 35
0 248 33 249 34
0 125 33 127 35
0 89 33 90 34
0 551 32 552 33
0 497 32 499 33
0 453 32 455 34
0 250 32 252 36
0 546 31 547 32
0 444 31 445 32
0 390 31 400 39
0 468 30 470 32
0 436 30 438 32
0 246 30 247 31
0 223 30 224 31
0 94 30 96 31
0 577 29 578 30
0 541 29 542 30
0 158 29 160 30
0 357 28 367 35
0 355 28 356 29
0 240 28 243 29
0 0 28 196 93
0 175 27 176 28
0 501 26 507 33
0 490 25 496 29
0 384 25 389 30
0 210 25 212 26
0 196 25 197 26
0 300 24 303 27
0 119 23 122 25
0 92 23 93 24
0 89 23 90 24
0 570 22 571 23
0 565 22 566 23
0 560 22 561 23
0 112 22 116 24
0 562 21 563 22
0 530 21 531 23
0 428 21 432 25
0 242 21 243 22
0 118 21 120 22
0 113 20 114 21
0 84 20 85 21
0 451 18 471 25
0 506 17 507 19
0 410 17 416 19
0 75 17 76 18
0 518 16 519 17
0 513 16 514 17
0 302 16 304 18
0 209 16 215 20
0 88 16 90 17
0 86 16 87 18
0 51 16 52 17
0 462 15 464 17
0 405 15 409 18
0 72 15 73 16
0 70 15 71 16
0 385 14 391 17
0 376 14 381 16
0 438 13 442 16
0 400 13 404 16
0 318 13 320 14
0 503 12 504 13
0 384 12 386 13
0 92 12 93 13
0 48 11 49 12
0 39 11 41 13
0 34 11 35 12
0 14 11 15 12
0 44 10 49 17
0 40 9 41 10
0 33 9 35 10
0 31 9 32 10
0 149 8 150 9
0 472 7 474 9
0 311 7 312 8
0 41 7 43 9
0 37 7 39 9
0 10 7 11 8
0 0 7 10 11
0 22 6 24 8
0 578 5 580 6
0 146 5 147 6
0 42 5 43 6
0 497 4 502 6
0 470 4 471 6
0 409 4 412 6
0 406 4 407 5
0 401 4 403 5
0 220 4 223 6
0 20 4 24 5
0 556 3 557 4
0 525 3 529 4
0 508 3 510 4
0 451 3 454 7
0 398 3 400 4
0 44 3 47 5
0 28 3 29 4
0 553 2 554 3
0 459 2 469 8
0 396 2 397 3
0 101 2 103 3
0 8 2 11 4
0 551 1 552 2
0 417 1 418 2
0 581 0 582 1
0 547 0 548 1
0 493 0 494 1
0 488 0 490 2
0 388 0 395 4
0 251 0 252 1
0 248 0 249 1
0 95 0 96 2
