0 57 470 58 471
0 150 446 157 453
0 85 405 86 406
0 30 405 31 406
0 88 358 89 359
0 88 354 89 356
0 77 349 78 350
0 77 341 78 342
0 72 315 73 316
0 73 313 74 314
0 73 311 74 312
0 11 309 12 310
0 147 285 151 288
0 56 212 57 213
0 101 200 102 201
0 102 196 103 197
0 100 179 101 181
0 8 171 9 172
0 0 170 1 171
0 149 169 150 170
0 2 169 4 170
0 65 165 67 166
0 4 165 5 166
0 70 164 72 166
0 97 162 98 163
0 48 162 55 165
0 40 160 43 161
0 97 158 98 159
0 36 146 40 148
0 79 143 81 144
0 69 143 70 144
0 38 143 39 144
0 71 142 73 144
0 44 141 63 145
0 55 133 56 134
0 150 132 151 135
0 143 131 144 132
0 131 126 132 127
0 36 123 39 125
0 43 119 44 121
0 42 116 45 118
0 35 116 39 121
0 69 115 71 116
0 61 115 62 116
0 57 114 58 115
0 139 113 142 114
0 64 113 68 115
0 136 112 137 113
0 124 109 125 110
0 68 109 71 111
0 56 109 57 110
0 54 108 55 111
0 103 92 104 93
0 47 68 48 69
