0 209 479 210 480
0 231 478 233 480
0 218 478 219 480
0 212 478 217 480
0 204 477 209 480
0 253 476 254 477
0 248 476 250 478
0 227 476 228 477
0 199 476 200 477
0 221 475 223 476
0 214 474 217 478
0 209 474 210 475
0 450 473 468 480
0 438 473 440 475
0 201 472 202 474
0 197 472 198 473
0 358 471 359 472
0 330 471 357 480
0 250 471 253 474
0 226 471 232 475
0 206 471 207 472
0 252 470 253 471
0 237 470 238 471
0 188 470 189 471
0 217 469 219 471
0 203 469 204 470
0 378 468 380 470
0 249 468 250 469
0 221 468 224 471
0 209 468 210 469
0 183 468 184 469
0 179 468 180 469
0 15 468 16 469
0 238 467 240 469
0 539 466 540 467
0 519 466 520 467
0 202 466 204 468
0 521 465 522 466
0 249 465 250 467
0 240 465 241 466
0 214 465 216 467
0 186 464 187 465
0 364 463 378 470
0 365 463 366 464
0 215 463 216 464
0 209 463 212 466
0 590 462 591 463
0 367 462 368 463
0 352 461 353 462
0 223 461 224 462
0 215 461 217 462
0 380 460 384 468
0 366 460 367 461
0 193 460 194 461
0 503 458 504 459
0 542 457 560 469
0 537 457 540 459
0 294 457 295 458
0 244 457 245 458
0 236 457 237 458
0 561 456 562 457
0 541 456 543 457
0 174 456 176 457
0 465 455 522 475
0 212 455 213 456
0 595 454 602 461
0 578 454 581 456
0 389 454 390 456
0 387 454 388 455
0 380 454 386 458
0 293 454 295 455
0 176 454 177 455
0 563 453 568 456
0 523 453 538 459
0 520 453 522 454
0 374 453 379 461
0 203 453 204 454
0 170 453 172 455
0 576 452 577 453
0 544 452 549 456
0 382 452 384 453
0 239 452 242 455
0 192 452 193 453
0 554 451 555 452
0 540 451 541 452
0 532 451 533 452
0 371 451 373 452
0 556 450 557 451
0 521 450 522 452
0 165 450 167 451
0 160 450 161 451
0 559 449 560 450
0 537 449 539 450
0 174 449 178 454
0 550 448 551 449
0 547 448 550 451
0 248 448 250 451
0 198 448 199 449
0 194 448 196 449
0 583 447 599 454
0 544 447 545 448
0 372 447 373 448
0 176 447 177 448
0 168 447 169 448
0 116 447 117 448
0 108 447 110 448
0 104 447 105 448
0 555 446 556 447
0 546 446 547 447
0 197 446 198 447
0 180 446 181 447
0 49 446 75 457
0 551 445 553 447
0 420 445 421 446
0 402 445 403 446
0 278 445 281 449
0 201 445 203 446
0 195 445 196 446
0 85 445 86 446
0 593 444 594 445
0 407 444 408 445
0 179 443 180 445
0 567 442 568 443
0 556 441 576 449
0 444 441 447 443
0 393 441 443 454
0 421 441 422 442
0 376 441 378 442
0 416 440 418 442
0 441 439 442 440
0 204 439 206 440
0 86 439 194 480
0 13 439 14 443
0 298 438 299 439
0 208 438 210 439
0 175 438 193 448
0 300 437 301 438
0 200 437 201 439
0 198 437 199 439
0 193 437 195 440
0 448 436 464 442
0 418 436 419 438
0 372 435 373 436
0 13 435 14 436
0 258 434 259 435
0 589 433 590 434
0 440 433 443 435
0 270 433 271 434
0 114 433 115 435
0 466 432 474 436
0 213 432 217 433
0 132 432 134 433
0 398 431 399 432
0 280 431 281 432
0 269 431 271 432
0 592 430 593 432
0 589 430 591 431
0 436 430 440 434
0 434 430 435 431
0 288 430 289 431
0 585 429 587 431
0 432 429 433 430
0 369 429 370 432
0 308 429 309 430
0 589 428 590 429
0 486 428 488 429
0 288 428 290 429
0 274 428 287 429
0 246 428 247 429
0 475 427 486 432
0 293 427 294 428
0 490 426 495 428
0 472 426 473 427
0 432 426 435 429
0 469 425 470 426
0 596 424 598 425
0 500 424 501 425
0 482 424 485 427
0 190 424 191 425
0 124 424 125 425
0 638 423 639 424
0 447 423 449 425
0 367 423 368 424
0 503 422 504 423
0 469 422 471 424
0 460 422 462 425
0 402 422 403 423
0 394 422 395 423
0 613 421 614 422
0 505 421 506 422
0 427 421 430 424
0 411 421 412 422
0 132 421 188 434
0 616 420 618 422
0 494 420 495 421
0 435 420 436 421
0 365 420 366 421
0 178 420 179 421
0 611 419 612 421
0 445 419 446 420
0 356 419 357 420
0 306 419 311 426
0 183 419 187 422
0 96 419 126 429
0 443 418 444 419
0 159 418 160 419
0 157 418 158 419
0 144 418 160 422
0 614 417 615 418
0 612 417 613 418
0 459 417 460 418
0 452 417 453 418
0 447 417 448 418
0 430 417 431 418
0 290 417 291 418
0 192 417 256 426
0 199 417 200 419
0 616 416 617 417
0 520 416 521 417
0 514 416 515 417
0 449 416 450 418
0 193 416 196 419
0 168 416 184 422
0 170 416 171 417
0 120 416 143 420
0 624 415 638 424
0 524 415 526 416
0 493 415 497 419
0 470 415 474 418
0 197 415 199 417
0 188 415 191 418
0 168 415 169 416
0 538 414 541 416
0 527 414 529 415
0 509 414 512 417
0 466 414 467 415
0 424 414 425 415
0 413 414 414 415
0 384 414 391 416
0 301 414 305 416
0 269 414 271 416
0 188 414 189 415
0 589 413 591 416
0 508 413 509 415
0 493 413 494 414
0 488 413 490 414
0 480 413 481 414
0 317 413 320 416
0 200 413 201 415
0 196 413 197 414
0 551 412 552 413
0 543 412 550 415
0 531 412 533 414
0 470 412 471 413
0 450 411 451 412
0 623 410 625 411
0 550 410 551 411
0 534 410 535 411
0 254 410 255 411
0 202 410 203 412
0 200 410 201 411
0 552 409 554 410
0 512 409 513 411
0 470 409 471 411
0 460 409 461 410
0 312 409 313 410
0 620 408 621 410
0 613 408 614 409
0 548 408 549 409
0 528 408 530 413
0 487 408 493 412
0 417 408 431 409
0 344 408 352 413
0 326 408 330 412
0 202 407 203 408
0 198 407 201 413
0 191 407 192 409
0 623 406 639 417
0 630 406 631 407
0 562 406 570 409
0 493 406 494 407
0 536 405 537 406
0 400 405 415 406
0 325 405 326 406
0 200 405 201 406
0 74 405 75 407
0 552 404 553 405
0 440 404 441 405
0 424 404 439 409
0 398 404 399 405
0 316 404 317 406
0 639 403 640 404
0 587 403 588 404
0 570 403 582 407
0 356 403 357 404
0 200 403 202 404
0 192 403 193 405
0 578 402 579 403
0 566 402 569 403
0 563 402 567 405
0 530 401 531 403
0 462 401 463 402
0 413 401 414 402
0 403 401 404 402
0 401 401 402 402
0 318 401 319 402
0 312 401 313 404
0 81 401 113 444
0 628 400 634 403
0 604 400 608 402
0 588 400 592 403
0 532 400 533 403
0 509 400 512 405
0 440 400 448 403
0 610 399 619 406
0 421 399 422 401
0 414 399 415 400
0 323 399 327 404
0 60 399 74 429
0 454 398 457 400
0 387 398 388 399
0 554 397 564 405
0 432 397 434 400
0 408 397 410 399
0 326 397 327 399
0 586 396 592 399
0 581 396 586 405
0 576 396 577 397
0 572 396 576 400
0 316 396 318 400
0 567 395 572 400
0 552 395 553 396
0 392 395 394 398
0 377 395 379 399
0 207 395 209 398
0 632 394 636 398
0 596 394 598 396
0 542 394 543 395
0 476 394 477 395
0 400 394 402 398
0 346 394 347 395
0 337 394 338 396
0 92 394 95 398
0 561 393 566 397
0 470 393 490 401
0 447 393 449 396
0 344 393 345 394
0 313 393 314 394
0 531 392 532 393
0 497 392 511 400
0 487 392 488 393
0 600 391 612 397
0 556 391 560 396
0 325 391 329 395
0 204 391 207 400
0 576 390 579 393
0 574 390 575 391
0 565 390 567 391
0 535 390 539 393
0 387 390 389 393
0 374 390 376 394
0 364 390 365 392
0 336 390 337 392
0 556 389 557 390
0 540 389 543 391
0 217 389 218 390
0 202 389 203 390
0 75 389 84 400
0 532 388 533 390
0 506 388 508 390
0 430 388 431 389
0 392 388 393 390
0 64 388 68 395
0 576 387 577 388
0 524 387 526 393
0 444 387 446 388
0 441 387 442 388
0 373 387 375 389
0 355 387 356 390
0 330 387 331 388
0 88 387 93 393
0 85 387 87 389
0 589 386 590 387
0 518 386 522 393
0 492 386 493 387
0 348 386 349 387
0 545 385 546 386
0 429 385 430 386
0 312 385 316 390
0 201 385 202 386
0 540 384 541 385
0 521 384 522 385
0 505 384 511 386
0 480 384 481 385
0 378 384 380 386
0 335 384 336 385
0 317 384 318 386
0 214 384 215 385
0 595 383 599 386
0 581 383 582 384
0 516 383 517 385
0 496 383 504 386
0 443 383 444 384
0 348 383 349 385
0 200 383 201 384
0 587 382 588 383
0 569 382 570 383
0 538 382 539 383
0 535 382 536 383
0 439 382 441 385
0 520 381 522 383
0 466 381 467 382
0 453 381 454 382
0 436 381 437 383
0 381 381 382 382
0 354 381 355 384
0 538 380 539 381
0 343 380 346 389
0 606 379 607 380
0 600 379 601 380
0 534 379 535 380
0 503 379 504 380
0 439 379 440 381
0 296 379 297 380
0 431 378 432 379
0 417 378 418 379
0 223 378 224 379
0 599 377 600 378
0 580 377 581 378
0 540 377 542 379
0 472 377 473 378
0 395 377 397 380
0 375 377 376 378
0 370 377 371 379
0 482 376 493 381
0 339 376 341 378
0 599 375 600 376
0 547 375 548 377
0 521 375 522 377
0 0 375 72 480
0 579 374 580 375
0 497 374 500 379
0 418 374 419 375
0 389 374 390 376
0 347 374 348 375
0 315 374 316 375
0 618 373 620 374
0 592 373 595 375
0 570 373 571 374
0 558 373 559 374
0 547 373 549 374
0 510 373 511 374
0 484 373 485 374
0 433 373 435 375
0 431 373 432 374
0 371 373 372 374
0 621 372 623 374
0 425 372 426 373
0 347 372 348 373
0 601 371 602 372
0 548 371 549 372
0 493 371 495 372
0 579 370 580 371
0 577 370 578 371
0 457 370 458 371
0 378 370 380 372
0 17 370 19 373
0 568 369 569 371
0 548 369 549 370
0 464 369 465 370
0 448 369 450 371
0 332 369 333 370
0 323 369 324 371
0 540 368 544 372
0 536 368 537 369
0 492 368 493 369
0 477 368 478 370
0 25 368 27 371
0 16 368 18 369
0 602 367 606 370
0 514 367 515 368
0 499 367 500 368
0 380 367 381 368
0 204 367 205 368
0 609 366 611 367
0 501 366 502 367
0 482 366 483 367
0 192 366 194 367
0 604 365 605 366
0 474 365 475 366
0 424 365 425 366
0 376 365 377 366
0 341 365 342 366
0 619 364 624 368
0 470 364 471 365
0 516 363 517 364
0 443 363 444 364
0 597 362 600 366
0 518 362 519 363
0 488 362 489 363
0 452 362 453 363
0 424 362 425 364
0 400 362 401 363
0 372 362 373 363
0 318 362 319 364
0 478 361 479 362
0 436 361 437 363
0 341 361 343 363
0 330 361 331 362
0 300 361 301 362
0 603 360 604 361
0 308 360 310 362
0 18 360 23 365
0 542 359 543 367
0 450 359 451 360
0 372 359 373 361
0 319 359 320 361
0 0 359 17 378
0 499 358 502 362
0 488 358 490 360
0 305 358 308 360
0 589 357 592 362
0 538 357 539 360
0 507 357 509 359
0 441 357 442 358
0 368 357 369 358
0 309 357 312 360
0 301 357 303 359
0 496 356 497 357
0 493 356 495 358
0 457 356 458 357
0 445 356 446 357
0 587 355 588 357
0 316 355 318 357
0 609 354 611 355
0 545 354 546 355
0 516 354 517 355
0 497 354 498 355
0 474 354 475 355
0 376 354 377 355
0 200 354 205 368
0 472 353 473 354
0 437 353 442 356
0 321 353 322 354
0 593 352 594 353
0 587 352 588 353
0 497 352 498 353
0 424 352 425 353
0 202 352 204 353
0 200 352 201 353
0 515 351 516 352
0 505 351 508 356
0 500 351 503 355
0 466 351 467 352
0 396 351 399 354
0 299 351 300 352
0 610 350 611 351
0 605 350 608 352
0 590 350 591 352
0 542 350 543 351
0 499 350 500 351
0 482 350 483 351
0 463 350 465 352
0 450 350 451 351
0 429 350 430 352
0 424 350 425 351
0 393 350 394 351
0 154 350 155 352
0 603 349 604 351
0 600 349 602 351
0 596 349 599 352
0 587 349 588 350
0 486 349 489 351
0 366 349 373 354
0 319 349 320 350
0 144 349 176 417
0 504 348 505 349
0 470 348 471 351
0 432 348 435 351
0 392 348 393 349
0 310 348 311 349
0 588 347 589 348
0 558 347 559 348
0 514 347 516 349
0 488 347 490 348
0 465 347 467 348
0 405 347 406 348
0 384 347 386 350
0 370 347 371 348
0 631 346 633 349
0 545 346 546 347
0 480 346 482 347
0 419 346 421 347
0 595 345 596 346
0 487 345 488 346
0 404 345 405 346
0 339 345 340 346
0 310 345 311 346
0 305 345 306 346
0 441 344 443 347
0 377 344 379 346
0 517 343 541 385
0 478 343 480 346
0 437 343 440 348
0 550 342 551 343
0 516 342 518 345
0 313 341 314 342
0 0 341 5 342
0 542 340 543 347
0 538 340 539 342
0 446 340 447 341
0 318 340 319 341
0 540 339 541 347
0 515 339 516 340
0 309 339 310 340
0 148 339 152 340
0 545 338 546 340
0 527 338 529 339
0 518 338 520 339
0 422 338 423 340
0 596 337 597 339
0 575 337 582 348
0 540 337 543 339
0 444 337 448 339
0 355 337 356 339
0 187 337 195 339
0 78 337 79 339
0 76 337 77 339
0 74 337 75 339
0 72 337 73 338
0 516 336 519 337
0 425 336 426 337
0 160 336 201 348
0 599 335 605 341
0 582 335 583 336
0 576 335 577 336
0 470 335 471 336
0 422 335 423 337
0 409 335 410 336
0 628 334 629 335
0 610 334 611 335
0 552 334 553 336
0 519 334 520 335
0 465 334 466 335
0 92 334 95 335
0 89 334 90 335
0 87 334 88 335
0 606 333 607 334
0 614 332 615 333
0 546 332 547 333
0 520 332 527 348
0 512 332 517 336
0 501 332 502 333
0 416 332 417 333
0 407 332 408 333
0 600 331 601 332
0 495 331 496 333
0 486 331 487 332
0 480 331 481 332
0 470 331 471 332
0 466 331 468 333
0 401 330 402 331
0 361 330 362 331
0 444 329 445 331
0 419 329 420 330
0 411 329 413 331
0 405 329 407 331
0 477 328 479 331
0 448 328 451 331
0 437 328 439 330
0 534 327 537 336
0 606 326 607 327
0 556 326 557 327
0 540 326 545 335
0 509 326 511 336
0 553 325 554 326
0 495 325 498 328
0 585 324 586 325
0 548 324 549 325
0 452 324 458 338
0 0 324 10 329
0 637 323 638 325
0 612 323 613 324
0 555 323 556 325
0 592 321 594 323
0 569 321 570 322
0 538 321 539 335
0 430 321 431 322
0 61 321 96 335
0 609 320 610 321
0 586 320 588 322
0 540 320 546 325
0 523 320 535 325
0 509 320 517 329
0 241 320 247 322
0 599 319 607 332
0 567 319 568 320
0 500 319 509 324
0 271 319 275 322
0 615 318 616 319
0 598 318 600 320
0 550 318 551 319
0 62 318 64 320
0 626 317 627 319
0 574 317 576 319
0 466 317 467 319
0 320 317 368 320
0 304 317 316 320
0 201 317 207 320
0 636 316 637 317
0 545 316 546 318
0 630 315 631 316
0 619 315 620 316
0 571 315 573 316
0 560 315 561 316
0 315 315 316 316
0 273 315 274 317
0 599 314 600 315
0 306 314 307 315
0 96 314 195 324
0 94 314 97 316
0 92 314 93 315
0 90 314 91 315
0 88 314 89 315
0 86 314 87 315
0 84 314 85 315
0 82 314 83 315
0 80 314 81 315
0 572 313 573 314
0 569 313 570 314
0 362 313 364 314
0 586 312 592 317
0 432 312 448 318
0 627 311 628 312
0 602 311 614 316
0 451 311 452 312
0 428 311 429 312
0 412 311 414 313
0 569 310 570 311
0 559 310 560 311
0 250 310 255 311
0 627 309 628 310
0 611 309 612 310
0 584 309 585 310
0 553 309 554 310
0 538 309 539 310
0 475 309 476 310
0 0 309 13 313
0 614 308 616 310
0 600 308 607 311
0 573 308 576 311
0 477 308 479 310
0 588 307 593 310
0 562 307 563 309
0 635 306 637 308
0 616 306 617 307
0 582 306 586 308
0 468 306 544 320
0 639 305 640 306
0 603 305 604 306
0 580 304 583 306
0 568 304 570 306
0 556 304 560 308
0 613 302 614 303
0 606 302 607 303
0 593 302 594 303
0 586 302 587 303
0 570 302 572 304
0 498 302 499 303
0 486 302 487 303
0 255 302 262 304
0 236 302 240 305
0 212 302 213 303
0 210 302 211 303
0 200 302 208 304
0 624 301 626 304
0 568 301 569 302
0 566 301 567 303
0 185 301 198 304
0 513 300 514 301
0 614 299 619 305
0 592 299 595 301
0 432 299 435 302
0 589 298 601 310
0 571 298 574 301
0 448 298 449 299
0 595 297 596 298
0 426 297 427 299
0 424 297 425 300
0 413 297 423 300
0 612 296 617 298
0 566 296 569 300
0 516 296 518 298
0 304 296 319 300
0 608 295 609 296
0 575 295 576 296
0 520 295 525 298
0 450 295 515 304
0 460 295 462 296
0 391 295 392 296
0 358 295 360 297
0 351 295 357 300
0 317 295 319 296
0 282 295 288 300
0 636 294 637 295
0 561 294 562 295
0 529 294 530 295
0 453 294 454 295
0 412 294 413 295
0 617 293 618 294
0 610 293 611 294
0 531 293 532 294
0 427 293 428 294
0 354 293 355 294
0 176 293 179 297
0 635 292 636 293
0 590 292 591 293
0 570 292 573 296
0 460 292 461 293
0 438 292 439 294
0 375 292 376 293
0 341 292 342 293
0 312 292 313 293
0 64 292 71 294
0 601 291 602 292
0 462 291 463 292
0 394 291 395 292
0 598 290 599 291
0 561 290 562 291
0 533 290 535 292
0 443 290 444 291
0 628 289 629 290
0 622 289 624 291
0 596 289 597 291
0 570 289 571 290
0 553 289 555 292
0 524 289 526 291
0 373 289 374 290
0 619 288 621 289
0 590 288 591 290
0 464 288 467 290
0 387 288 388 290
0 366 288 368 291
0 352 288 357 292
0 288 288 291 290
0 638 287 639 288
0 611 287 613 291
0 459 287 462 290
0 373 287 374 288
0 370 287 371 288
0 280 287 281 288
0 158 287 159 288
0 593 286 594 288
0 387 286 388 287
0 295 286 296 288
0 637 285 638 286
0 614 285 617 288
0 610 285 611 286
0 572 285 577 290
0 570 285 571 288
0 458 285 459 286
0 357 285 359 287
0 281 285 282 286
0 148 285 156 288
0 576 284 587 299
0 576 284 577 285
0 336 284 338 285
0 176 284 181 289
0 60 284 65 287
0 616 283 619 287
0 614 283 615 284
0 372 283 376 285
0 367 283 369 287
0 362 283 363 284
0 630 282 631 283
0 627 282 628 283
0 578 282 579 284
0 463 282 464 283
0 314 282 315 283
0 175 282 176 284
0 172 282 173 283
0 546 281 551 285
0 422 281 423 282
0 384 281 385 282
0 368 281 369 282
0 294 281 296 284
0 290 281 292 285
0 160 281 174 287
0 524 280 549 315
0 617 279 618 280
0 597 279 598 280
0 582 279 584 282
0 427 279 429 280
0 415 279 416 280
0 353 279 354 280
0 289 279 290 280
0 143 279 144 280
0 94 279 95 280
0 576 278 580 281
0 454 278 455 279
0 570 277 573 283
0 563 277 569 294
0 542 277 545 282
0 291 277 292 278
0 607 276 608 278
0 565 276 566 277
0 502 276 504 278
0 451 276 452 277
0 616 275 617 276
0 610 275 611 276
0 576 275 580 277
0 424 275 426 276
0 169 275 170 276
0 543 274 544 275
0 533 274 538 278
0 358 274 359 275
0 132 274 133 275
0 410 273 411 274
0 401 273 402 274
0 346 273 349 276
0 339 273 341 274
0 333 273 334 274
0 324 273 325 274
0 304 273 305 274
0 294 273 295 275
0 134 273 135 275
0 573 272 576 276
0 567 272 569 273
0 554 272 559 287
0 545 272 547 278
0 183 272 184 273
0 137 272 147 278
0 616 271 618 273
0 564 271 565 272
0 287 271 288 272
0 595 270 596 271
0 573 270 574 271
0 569 270 571 272
0 560 270 561 272
0 557 270 558 271
0 388 270 389 271
0 174 270 182 281
0 115 270 127 283
0 80 270 81 271
0 586 269 588 271
0 540 269 544 272
0 531 269 536 274
0 523 269 524 270
0 127 269 134 274
0 110 269 112 272
0 584 268 585 269
0 566 268 568 270
0 543 268 544 269
0 335 268 336 269
0 182 268 183 269
0 138 268 139 269
0 599 267 601 270
0 547 267 549 268
0 497 267 501 274
0 418 267 419 268
0 140 267 141 268
0 99 267 103 273
0 295 266 297 269
0 184 266 185 267
0 634 265 640 273
0 370 265 371 266
0 335 265 336 266
0 557 264 564 269
0 320 264 321 265
0 178 264 179 266
0 568 263 569 264
0 564 263 566 264
0 547 263 550 266
0 305 263 307 265
0 632 262 633 263
0 623 262 625 263
0 595 262 596 263
0 536 262 543 270
0 512 262 513 266
0 370 262 371 263
0 357 262 360 264
0 522 261 523 263
0 342 261 343 262
0 315 261 316 262
0 302 261 303 262
0 611 260 612 261
0 559 260 560 261
0 551 260 554 263
0 532 260 534 261
0 364 260 365 261
0 115 260 116 261
0 639 259 640 261
0 595 259 596 260
0 562 259 563 260
0 524 259 528 267
0 521 259 522 260
0 462 259 467 262
0 373 259 374 260
0 179 259 180 260
0 515 258 521 266
0 514 258 515 259
0 638 257 639 258
0 621 257 624 260
0 561 257 562 258
0 538 257 539 259
0 524 257 525 258
0 596 256 598 257
0 521 256 522 257
0 459 256 460 257
0 415 256 420 260
0 130 256 151 272
0 572 255 573 256
0 541 255 542 256
0 381 255 383 256
0 336 255 337 256
0 615 254 619 256
0 539 254 540 256
0 521 254 522 255
0 508 254 509 255
0 450 254 451 255
0 445 254 446 255
0 401 254 402 255
0 378 254 379 255
0 318 254 320 257
0 628 253 629 254
0 621 253 622 254
0 527 253 528 254
0 426 253 427 254
0 174 253 178 269
0 607 252 608 253
0 578 252 579 254
0 564 252 565 253
0 549 252 551 256
0 540 252 541 253
0 523 252 524 253
0 510 252 512 255
0 500 252 502 254
0 454 252 455 253
0 449 252 450 253
0 413 252 417 255
0 400 252 401 253
0 378 252 379 253
0 278 252 282 260
0 126 252 127 253
0 114 252 115 253
0 566 251 571 256
0 497 251 498 252
0 360 251 361 252
0 321 251 322 252
0 110 251 111 252
0 545 250 547 252
0 521 250 522 251
0 335 250 336 251
0 290 250 291 251
0 144 250 145 251
0 117 250 128 260
0 113 250 114 251
0 540 249 541 250
0 519 249 520 250
0 498 249 499 250
0 493 249 494 251
0 456 249 457 250
0 438 249 439 250
0 394 249 395 250
0 277 249 279 251
0 572 248 573 249
0 560 248 563 251
0 379 248 381 250
0 377 248 378 249
0 360 248 362 250
0 167 248 176 274
0 577 247 578 248
0 549 247 551 249
0 532 247 533 248
0 529 247 530 248
0 524 247 525 248
0 144 247 145 249
0 542 246 543 247
0 509 246 510 247
0 482 246 489 254
0 392 246 394 248
0 355 246 356 248
0 114 246 115 247
0 620 245 623 248
0 596 245 597 249
0 534 245 535 246
0 529 245 530 246
0 181 245 182 246
0 587 244 589 249
0 577 244 579 245
0 546 244 547 245
0 521 244 522 245
0 439 244 442 247
0 419 244 420 245
0 269 244 270 245
0 124 244 135 250
0 116 244 122 248
0 489 243 490 244
0 296 243 297 244
0 538 242 539 243
0 518 242 519 245
0 374 242 375 243
0 300 242 302 245
0 181 242 182 243
0 173 242 174 243
0 551 241 552 242
0 490 241 491 242
0 442 241 443 243
0 327 241 328 242
0 296 241 297 242
0 286 241 287 242
0 175 241 176 242
0 617 240 619 243
0 596 240 599 246
0 586 240 594 258
0 566 240 570 245
0 564 240 566 241
0 542 240 543 241
0 508 240 511 241
0 314 240 315 241
0 279 240 280 242
0 271 240 273 244
0 125 240 126 241
0 598 239 599 240
0 490 239 491 240
0 429 239 430 240
0 373 239 375 240
0 579 238 580 239
0 523 238 526 243
0 406 238 407 239
0 302 238 303 239
0 178 238 183 241
0 628 237 629 238
0 618 237 619 238
0 594 237 595 238
0 589 237 590 238
0 499 237 500 238
0 392 237 393 239
0 170 237 174 241
0 137 237 138 238
0 638 236 639 237
0 427 236 428 237
0 355 236 356 237
0 299 236 301 239
0 168 236 169 237
0 127 236 128 237
0 627 235 629 236
0 613 235 614 236
0 575 235 577 237
0 544 235 548 239
0 473 235 474 238
0 407 235 409 237
0 631 234 633 237
0 600 234 601 235
0 581 234 583 235
0 179 234 185 237
0 128 234 129 235
0 538 233 541 235
0 515 233 516 235
0 376 233 377 234
0 371 233 374 235
0 168 233 173 236
0 632 232 633 233
0 610 232 612 235
0 533 232 535 234
0 512 232 513 233
0 473 232 474 233
0 365 232 366 233
0 612 231 613 232
0 578 231 580 233
0 537 231 538 233
0 492 231 495 234
0 460 231 463 235
0 434 231 435 232
0 418 231 420 232
0 483 230 484 231
0 270 230 271 232
0 123 230 124 234
0 608 229 611 232
0 536 229 538 230
0 494 229 495 230
0 492 229 493 230
0 332 229 340 248
0 290 229 292 232
0 160 229 164 234
0 121 229 122 230
0 474 228 476 230
0 410 228 413 231
0 478 227 479 229
0 450 227 457 231
0 425 227 426 228
0 360 227 361 228
0 577 226 578 228
0 167 226 168 227
0 149 226 150 227
0 125 226 132 234
0 622 225 623 228
0 603 225 605 231
0 563 225 566 232
0 364 225 365 226
0 438 224 445 226
0 376 224 377 225
0 187 224 188 225
0 180 224 184 233
0 606 223 607 224
0 587 223 588 224
0 295 223 297 224
0 192 223 193 224
0 365 222 367 224
0 616 221 620 229
0 522 221 531 225
0 188 221 189 223
0 492 220 495 224
0 171 220 174 222
0 618 219 619 220
0 611 219 614 222
0 550 219 551 220
0 535 219 548 226
0 330 219 355 255
0 296 219 297 220
0 183 219 185 223
0 148 219 149 220
0 112 219 116 222
0 623 218 624 219
0 593 218 594 219
0 171 218 172 219
0 123 218 129 225
0 596 216 599 223
0 571 216 573 221
0 528 216 532 219
0 143 216 144 217
0 495 215 515 222
0 491 215 492 216
0 468 215 471 217
0 460 215 461 216
0 448 215 449 216
0 630 214 631 215
0 615 214 616 215
0 537 214 540 218
0 516 214 517 215
0 464 214 465 215
0 185 214 186 217
0 151 214 152 215
0 104 214 111 215
0 550 213 551 214
0 510 213 511 214
0 590 212 592 214
0 491 212 493 213
0 145 212 146 213
0 134 212 135 213
0 566 211 568 212
0 501 211 502 212
0 463 211 465 213
0 597 210 598 211
0 518 210 519 211
0 506 210 507 211
0 485 210 486 211
0 360 210 361 211
0 357 210 358 211
0 551 209 552 210
0 351 209 352 210
0 305 209 307 211
0 523 208 529 214
0 476 208 483 211
0 431 208 432 209
0 348 208 350 210
0 104 208 114 213
0 610 206 611 207
0 554 206 562 225
0 552 206 553 207
0 514 206 515 207
0 447 206 448 207
0 392 206 393 207
0 389 206 390 207
0 351 206 353 208
0 603 205 604 206
0 486 205 487 206
0 459 205 460 206
0 395 205 396 206
0 290 205 291 206
0 637 204 638 205
0 585 204 589 210
0 551 204 552 205
0 549 204 550 206
0 494 204 496 207
0 398 204 399 205
0 294 204 296 206
0 440 203 442 204
0 301 203 302 207
0 609 202 610 203
0 488 202 493 207
0 373 202 375 203
0 370 202 371 203
0 0 202 160 313
0 635 201 637 203
0 595 201 596 202
0 436 201 437 202
0 417 201 418 202
0 612 200 613 201
0 457 200 458 201
0 425 200 426 201
0 511 199 512 200
0 484 199 485 200
0 452 199 453 200
0 391 199 393 201
0 368 199 369 200
0 366 199 369 203
0 180 199 188 205
0 585 197 589 203
0 555 197 560 205
0 553 197 554 199
0 174 197 175 198
0 638 196 640 199
0 586 196 587 197
0 507 196 508 197
0 443 196 444 197
0 438 196 439 197
0 425 196 426 197
0 416 196 418 198
0 365 196 367 198
0 107 196 112 201
0 572 195 573 198
0 558 195 559 196
0 351 195 352 196
0 450 194 451 195
0 367 194 368 195
0 508 193 509 194
0 404 193 405 195
0 319 193 327 209
0 172 193 173 194
0 546 192 547 193
0 501 192 502 193
0 425 192 427 193
0 374 192 375 193
0 248 192 249 193
0 133 192 134 193
0 598 191 600 193
0 482 191 483 192
0 386 191 387 192
0 367 191 369 193
0 486 190 487 191
0 420 190 421 191
0 415 190 416 192
0 359 190 361 191
0 338 190 340 191
0 185 190 191 197
0 619 189 620 190
0 509 189 510 192
0 433 189 435 191
0 377 189 378 190
0 363 189 364 190
0 130 189 131 190
0 591 188 592 189
0 559 188 563 192
0 526 188 530 192
0 400 188 401 189
0 190 188 191 189
0 581 187 582 188
0 544 187 547 191
0 495 187 497 191
0 470 187 471 189
0 461 187 463 191
0 452 187 453 188
0 288 187 289 188
0 578 186 579 187
0 562 186 563 188
0 446 186 447 187
0 189 186 190 187
0 469 185 470 186
0 432 185 433 186
0 407 185 409 189
0 400 185 402 186
0 529 184 530 186
0 444 184 446 187
0 437 184 438 185
0 417 184 418 185
0 376 184 377 186
0 146 184 147 185
0 484 183 485 184
0 469 183 470 184
0 408 183 409 184
0 135 183 136 184
0 607 182 609 183
0 541 182 546 187
0 522 182 524 183
0 454 182 455 183
0 389 182 395 187
0 550 181 551 182
0 451 181 453 182
0 432 181 433 183
0 366 181 367 182
0 494 180 495 181
0 419 180 421 181
0 265 180 266 181
0 173 180 174 181
0 562 179 564 181
0 490 179 493 181
0 134 179 136 182
0 441 178 442 179
0 309 178 310 179
0 188 178 189 179
0 567 177 568 178
0 552 177 554 179
0 520 177 522 179
0 511 177 512 178
0 458 177 459 178
0 284 177 285 178
0 633 176 636 177
0 629 176 630 177
0 605 176 606 177
0 563 176 564 177
0 433 176 435 178
0 422 176 423 177
0 333 176 360 211
0 190 176 191 177
0 528 175 535 183
0 475 175 477 177
0 363 175 365 180
0 628 174 630 175
0 582 174 583 175
0 556 174 560 178
0 517 174 519 176
0 402 174 403 175
0 356 174 357 175
0 580 173 581 174
0 474 173 475 175
0 472 173 473 174
0 137 173 138 174
0 514 172 516 174
0 488 172 489 173
0 359 172 363 174
0 354 172 355 176
0 288 172 289 173
0 216 172 217 173
0 584 171 585 173
0 490 171 491 175
0 416 171 417 172
0 413 171 414 172
0 191 171 192 172
0 136 171 137 172
0 514 170 515 171
0 402 170 403 171
0 299 170 300 171
0 172 170 173 171
0 582 169 583 170
0 564 169 565 170
0 527 169 531 174
0 371 169 375 172
0 277 169 278 170
0 248 169 250 171
0 144 169 148 172
0 562 168 563 169
0 302 168 303 169
0 266 168 267 169
0 260 168 261 169
0 138 168 139 169
0 603 167 604 168
0 468 167 469 168
0 375 167 376 168
0 351 167 355 172
0 582 166 584 167
0 295 166 296 167
0 249 166 250 167
0 181 166 189 176
0 134 166 137 168
0 609 165 610 166
0 110 165 111 168
0 463 164 464 166
0 186 164 187 165
0 583 163 584 164
0 561 163 562 164
0 477 163 480 165
0 467 163 468 164
0 348 163 349 164
0 594 162 595 163
0 614 161 615 162
0 601 161 602 162
0 427 161 428 162
0 405 161 406 162
0 402 161 403 162
0 304 161 306 163
0 592 160 593 161
0 418 160 419 161
0 241 160 242 161
0 181 160 183 163
0 584 159 585 161
0 431 159 432 160
0 415 159 416 160
0 383 159 386 162
0 296 159 297 160
0 187 159 188 160
0 359 158 360 161
0 126 158 127 159
0 595 157 596 158
0 307 157 308 158
0 268 157 270 159
0 615 156 616 157
0 290 156 291 157
0 283 156 284 157
0 415 155 416 156
0 367 155 368 156
0 455 154 457 155
0 310 154 311 155
0 137 154 138 155
0 291 152 292 154
0 268 152 271 155
0 198 152 199 153
0 176 152 178 155
0 609 151 610 152
0 593 151 596 153
0 372 151 373 153
0 352 151 355 163
0 412 150 413 151
0 361 150 362 151
0 295 150 296 151
0 284 150 285 151
0 417 149 418 150
0 194 149 196 155
0 189 149 194 165
0 178 149 179 150
0 634 148 635 149
0 281 148 282 149
0 413 147 414 149
0 305 147 306 148
0 293 147 294 148
0 274 147 275 148
0 388 146 389 147
0 430 145 431 146
0 394 145 396 147
0 610 144 613 146
0 422 144 426 149
0 396 144 401 149
0 240 144 241 145
0 222 144 223 145
0 138 144 139 145
0 621 143 622 144
0 380 143 381 144
0 278 143 281 145
0 200 143 201 144
0 434 142 435 143
0 430 142 432 144
0 427 142 429 144
0 411 142 412 144
0 369 142 370 143
0 192 142 193 144
0 180 142 182 145
0 510 141 512 142
0 401 141 402 142
0 364 141 365 142
0 338 141 344 143
0 295 141 296 142
0 195 141 196 146
0 189 141 190 143
0 198 140 200 142
0 637 139 639 140
0 346 139 347 140
0 162 139 163 140
0 364 138 365 140
0 289 138 290 139
0 247 138 248 139
0 495 137 496 138
0 188 137 189 139
0 637 136 638 137
0 365 136 369 147
0 224 136 229 145
0 626 135 627 136
0 273 134 274 135
0 195 134 196 135
0 628 133 629 134
0 341 133 343 135
0 140 133 142 136
0 636 132 638 134
0 273 132 274 133
0 344 131 347 133
0 183 131 184 132
0 142 131 143 132
0 477 130 478 131
0 421 130 422 131
0 346 130 355 150
0 208 130 209 133
0 419 129 420 130
0 414 129 415 130
0 163 129 165 133
0 324 128 336 143
0 305 128 306 130
0 374 126 379 131
0 201 126 203 128
0 198 126 199 127
0 173 126 180 133
0 526 125 528 126
0 468 125 469 126
0 182 125 183 126
0 520 124 523 126
0 514 124 516 125
0 308 124 319 149
0 198 124 199 125
0 195 124 196 125
0 529 123 540 127
0 390 123 391 124
0 350 123 352 126
0 318 123 321 127
0 373 122 377 125
0 358 122 359 123
0 524 121 525 122
0 199 121 200 123
0 557 120 559 122
0 338 120 343 125
0 240 120 241 121
0 191 120 192 122
0 184 120 186 124
0 500 119 513 133
0 379 119 380 120
0 555 118 556 119
0 514 118 515 119
0 486 118 487 119
0 457 118 458 119
0 350 118 351 119
0 139 118 146 127
0 543 117 544 119
0 490 117 492 120
0 199 117 200 119
0 581 116 582 117
0 524 116 525 118
0 382 116 383 117
0 349 116 350 117
0 129 116 130 117
0 113 116 116 118
0 583 115 585 116
0 572 115 576 118
0 568 115 569 116
0 397 115 399 121
0 376 115 377 116
0 183 115 187 119
0 178 115 181 118
0 563 114 564 115
0 525 114 526 115
0 305 114 307 115
0 558 113 560 115
0 398 113 399 114
0 353 113 355 114
0 290 113 291 115
0 222 113 223 114
0 364 112 365 114
0 339 112 342 116
0 200 112 201 114
0 193 112 195 114
0 551 111 552 112
0 498 111 501 115
0 477 111 478 112
0 377 111 379 114
0 350 111 351 112
0 306 111 309 113
0 187 111 189 114
0 145 111 146 113
0 141 111 144 114
0 138 111 140 114
0 129 111 130 112
0 594 110 596 111
0 560 110 562 113
0 164 110 165 111
0 510 109 515 116
0 363 109 364 110
0 344 109 346 111
0 338 109 339 111
0 286 109 287 110
0 112 109 116 116
0 567 108 568 110
0 563 108 566 112
0 508 108 509 109
0 383 108 388 111
0 355 108 356 109
0 593 107 594 108
0 558 107 560 109
0 528 107 529 108
0 496 107 497 108
0 480 107 482 109
0 346 107 348 110
0 308 107 309 109
0 305 107 306 108
0 297 107 298 108
0 256 107 258 110
0 143 107 144 108
0 584 106 585 107
0 573 106 578 115
0 396 106 397 107
0 266 106 270 108
0 621 105 622 106
0 602 105 605 107
0 582 105 583 106
0 575 105 576 106
0 557 105 558 106
0 552 105 557 108
0 546 105 550 108
0 506 105 509 107
0 146 105 147 106
0 606 104 607 105
0 481 104 482 105
0 441 104 442 105
0 385 104 386 105
0 382 104 383 105
0 299 104 300 106
0 389 103 390 104
0 369 103 371 104
0 348 103 350 107
0 578 102 579 103
0 501 102 505 104
0 481 102 482 103
0 463 102 469 107
0 284 102 285 104
0 547 101 549 103
0 438 101 440 103
0 287 101 288 102
0 614 100 615 101
0 586 100 590 113
0 546 100 547 101
0 507 100 508 101
0 482 100 483 101
0 456 100 457 101
0 348 100 349 101
0 324 100 325 101
0 280 100 281 101
0 150 100 153 101
0 436 99 437 100
0 629 98 632 101
0 511 98 513 100
0 483 98 484 99
0 368 98 369 99
0 544 97 546 98
0 498 97 499 98
0 490 97 492 99
0 457 97 458 98
0 455 97 456 98
0 373 97 375 99
0 326 97 327 99
0 294 97 295 99
0 198 97 200 98
0 196 97 197 98
0 164 97 165 98
0 162 97 163 98
0 178 96 182 99
0 580 95 581 96
0 571 95 572 96
0 312 95 313 96
0 499 94 500 96
0 432 94 433 95
0 363 94 365 97
0 349 94 350 95
0 295 94 296 96
0 136 94 137 95
0 611 93 613 94
0 608 93 612 96
0 251 93 252 94
0 208 93 209 94
0 569 92 573 95
0 522 92 523 95
0 516 92 518 94
0 489 92 490 93
0 326 92 328 95
0 310 92 311 93
0 580 91 587 100
0 197 91 198 94
0 116 91 117 92
0 114 91 115 92
0 617 90 635 105
0 520 90 521 91
0 509 90 510 91
0 499 90 500 91
0 429 90 431 92
0 307 90 308 91
0 202 90 204 93
0 481 89 482 90
0 148 89 149 90
0 116 89 117 90
0 567 88 568 89
0 520 88 521 89
0 501 88 502 89
0 486 88 487 89
0 479 88 480 89
0 317 88 319 90
0 184 88 185 89
0 164 88 175 97
0 152 88 157 95
0 601 87 602 88
0 579 87 582 92
0 447 87 448 88
0 445 87 446 88
0 326 87 329 91
0 275 87 276 88
0 226 87 227 88
0 200 87 201 88
0 628 86 634 90
0 485 86 486 87
0 426 86 428 88
0 615 85 616 86
0 445 85 446 86
0 261 85 262 87
0 203 85 204 88
0 176 85 193 100
0 168 85 169 86
0 634 84 640 92
0 626 84 628 86
0 600 84 602 86
0 583 84 602 105
0 523 84 524 87
0 486 84 487 85
0 459 84 460 86
0 442 84 444 86
0 359 84 360 85
0 352 84 353 85
0 343 84 346 87
0 620 83 621 84
0 596 83 597 84
0 586 83 587 84
0 424 83 425 84
0 0 83 112 198
0 598 82 599 83
0 352 82 353 83
0 311 82 312 83
0 204 82 205 83
0 149 82 150 83
0 637 81 638 83
0 622 81 623 82
0 539 81 542 85
0 521 81 522 82
0 464 81 468 88
0 321 81 322 82
0 277 81 278 82
0 201 81 202 82
0 139 81 147 95
0 528 80 531 83
0 194 80 195 81
0 477 79 480 85
0 440 79 441 80
0 421 79 422 80
0 322 79 323 80
0 204 79 205 81
0 0 79 1 80
0 513 78 514 79
0 364 78 365 81
0 187 78 189 80
0 4 78 5 79
0 617 77 618 79
0 491 77 493 79
0 420 77 421 78
0 279 77 280 78
0 174 77 177 84
0 168 77 171 80
0 608 76 609 77
0 584 76 592 80
0 504 76 506 78
0 480 76 481 77
0 368 76 369 77
0 204 76 205 77
0 190 76 191 77
0 188 76 189 77
0 148 76 151 80
0 140 76 141 77
0 618 75 619 76
0 490 75 492 76
0 357 75 358 76
0 349 75 351 77
0 235 75 236 76
0 186 75 187 76
0 608 74 609 75
0 599 74 603 79
0 488 74 489 75
0 324 74 325 75
0 299 74 300 75
0 596 73 597 74
0 586 73 587 74
0 581 73 583 76
0 205 73 206 74
0 175 73 177 76
0 567 72 576 88
0 557 72 560 78
0 460 72 461 73
0 540 71 547 80
0 480 71 481 72
0 298 71 299 72
0 628 70 629 71
0 609 70 610 71
0 567 70 569 73
0 555 70 557 76
0 416 70 417 71
0 368 70 369 71
0 286 70 288 71
0 278 70 279 72
0 570 69 571 70
0 466 69 467 70
0 582 68 585 72
0 573 68 575 70
0 348 68 349 69
0 298 68 299 69
0 205 68 206 69
0 575 67 580 71
0 541 67 542 68
0 516 67 520 74
0 475 67 476 68
0 175 67 176 71
0 525 66 533 76
0 323 66 324 70
0 279 66 280 67
0 201 66 204 80
0 172 66 173 67
0 613 65 614 67
0 585 65 586 68
0 579 65 580 66
0 572 65 573 68
0 465 65 466 66
0 290 65 291 66
0 277 65 279 69
0 136 65 137 66
0 626 64 627 65
0 601 64 604 69
0 588 64 589 65
0 568 64 571 67
0 508 64 511 70
0 367 64 368 65
0 206 64 207 65
0 147 64 152 75
0 622 63 625 68
0 412 63 413 64
0 357 63 359 65
0 209 63 210 64
0 590 62 594 69
0 581 62 582 63
0 575 62 576 63
0 585 61 586 62
0 564 61 565 62
0 561 61 566 80
0 560 61 561 62
0 556 61 557 62
0 521 61 522 62
0 501 61 502 62
0 322 61 324 65
0 305 61 307 63
0 267 61 268 62
0 194 61 195 62
0 574 60 575 61
0 544 60 545 62
0 142 60 143 61
0 597 59 598 60
0 585 59 587 60
0 576 59 577 60
0 314 59 318 63
0 599 58 600 59
0 426 58 427 59
0 374 58 375 59
0 152 58 153 59
0 603 57 604 58
0 573 57 575 58
0 563 57 564 59
0 536 57 537 58
0 521 57 523 59
0 468 57 501 67
0 409 57 410 58
0 368 57 369 58
0 314 57 315 58
0 149 57 150 58
0 589 56 590 57
0 560 56 562 60
0 552 56 553 58
0 546 56 547 58
0 186 56 189 58
0 564 55 565 56
0 475 55 476 56
0 408 55 409 56
0 631 54 634 58
0 568 54 569 55
0 545 54 546 55
0 539 54 543 59
0 282 54 284 57
0 268 54 269 55
0 245 54 246 55
0 142 54 143 55
0 517 53 518 54
0 313 53 314 54
0 290 53 291 54
0 202 53 203 54
0 152 53 153 55
0 524 52 526 56
0 198 52 201 55
0 554 51 558 58
0 440 51 465 60
0 420 51 421 52
0 351 51 352 52
0 208 51 210 53
0 630 50 631 52
0 586 50 589 54
0 568 50 569 51
0 152 50 153 51
0 258 49 259 50
0 150 49 151 50
0 617 48 618 49
0 591 48 596 57
0 570 48 571 49
0 563 48 564 49
0 515 48 517 52
0 451 48 452 49
0 142 48 144 50
0 138 48 139 49
0 548 47 553 59
0 501 47 502 48
0 153 47 154 48
0 520 46 521 47
0 471 46 472 47
0 575 45 577 47
0 447 45 448 46
0 404 45 405 46
0 166 45 167 46
0 606 44 607 45
0 567 44 568 46
0 553 44 554 45
0 514 44 516 46
0 494 44 498 48
0 418 44 440 53
0 363 44 364 45
0 351 44 352 45
0 265 44 266 45
0 221 44 222 45
0 614 43 616 45
0 525 43 526 44
0 345 43 346 44
0 607 42 608 43
0 600 42 601 44
0 570 42 571 43
0 568 42 569 43
0 448 42 449 43
0 403 42 404 44
0 553 41 556 43
0 399 41 400 42
0 587 40 588 41
0 560 40 562 43
0 491 40 492 41
0 290 40 291 41
0 151 40 152 41
0 571 39 572 40
0 569 39 570 40
0 555 39 556 40
0 427 39 428 40
0 278 39 279 40
0 561 38 562 39
0 537 38 538 39
0 526 38 527 39
0 398 38 399 40
0 361 38 362 39
0 222 38 223 39
0 608 37 609 38
0 153 37 154 38
0 529 36 530 38
0 491 36 492 37
0 451 36 452 38
0 209 36 210 37
0 165 36 166 38
0 608 35 610 36
0 535 35 536 36
0 512 35 513 36
0 612 34 613 35
0 601 34 604 40
0 543 34 544 35
0 517 34 518 35
0 452 34 453 35
0 417 34 418 35
0 363 34 367 42
0 298 34 299 35
0 270 34 271 36
0 165 34 166 35
0 154 34 155 35
0 609 33 610 34
0 558 33 559 34
0 534 33 535 34
0 525 33 526 34
0 366 33 368 38
0 305 33 306 34
0 619 32 621 34
0 612 32 613 33
0 582 32 585 35
0 569 32 576 40
0 568 32 569 33
0 445 32 446 33
0 545 31 546 32
0 529 31 532 34
0 500 31 501 32
0 304 31 305 32
0 521 30 522 31
0 287 30 289 33
0 164 30 165 31
0 619 29 620 30
0 611 29 612 30
0 602 29 604 31
0 497 29 498 30
0 444 29 445 30
0 354 29 355 32
0 152 29 153 30
0 634 28 635 29
0 542 28 543 29
0 348 28 356 41
0 343 28 347 38
0 288 28 290 29
0 171 28 172 29
0 149 28 150 29
0 604 27 605 28
0 497 27 498 28
0 189 27 190 28
0 568 26 569 27
0 492 26 493 27
0 465 26 467 29
0 446 26 447 27
0 216 26 221 31
0 147 26 150 27
0 545 25 546 27
0 540 25 541 26
0 505 25 507 27
0 464 25 465 26
0 168 25 169 26
0 139 25 140 26
0 610 24 611 25
0 492 24 493 25
0 470 24 471 25
0 631 23 632 24
0 605 23 607 24
0 397 23 398 24
0 357 23 358 24
0 343 23 344 24
0 615 22 616 23
0 467 22 468 23
0 464 22 466 24
0 452 22 453 23
0 409 22 410 23
0 354 22 355 23
0 349 22 350 23
0 171 22 172 23
0 610 21 611 22
0 494 21 495 22
0 316 21 318 32
0 191 21 193 22
0 184 21 185 22
0 173 21 174 22
0 466 20 467 21
0 354 20 355 21
0 343 20 344 21
0 310 20 311 21
0 396 19 397 20
0 633 18 634 19
0 622 18 624 19
0 534 18 536 20
0 453 18 454 19
0 360 18 361 20
0 301 18 302 19
0 636 17 637 18
0 610 17 611 19
0 596 17 609 22
0 591 17 592 18
0 500 17 501 19
0 283 17 284 18
0 281 17 282 18
0 219 17 220 18
0 211 17 212 18
0 634 16 635 17
0 628 16 629 17
0 533 16 534 17
0 474 16 475 17
0 354 15 356 18
0 295 15 297 16
0 143 15 144 16
0 575 14 579 22
0 539 14 540 15
0 520 14 522 16
0 514 14 515 15
0 480 14 481 15
0 430 14 432 21
0 170 14 171 16
0 535 13 538 17
0 272 13 276 16
0 149 13 150 14
0 0 13 3 27
0 636 12 638 14
0 553 12 554 13
0 523 12 527 17
0 493 12 494 13
0 361 12 362 13
0 315 12 316 14
0 626 11 628 12
0 549 11 552 14
0 537 11 538 12
0 490 11 491 13
0 356 11 357 13
0 571 10 576 17
0 461 10 462 11
0 428 10 429 11
0 312 10 313 11
0 148 10 149 11
0 621 9 622 11
0 547 9 548 10
0 623 8 624 10
0 428 8 429 9
0 354 8 356 10
0 314 8 315 9
0 303 8 304 9
0 301 7 302 8
0 181 7 182 9
0 634 6 636 8
0 630 6 631 7
0 570 6 571 7
0 524 6 538 20
0 413 6 414 7
0 406 6 410 20
0 157 6 158 9
0 154 6 155 7
0 620 5 621 6
0 552 5 553 6
0 542 5 543 6
0 528 5 532 10
0 520 5 521 6
0 353 5 354 6
0 314 5 315 6
0 172 5 173 6
0 503 4 505 6
0 435 4 436 5
0 424 4 425 5
0 142 4 143 5
0 553 3 554 4
0 526 3 527 4
0 512 3 515 7
0 200 3 205 7
0 314 2 316 4
0 166 2 169 6
0 149 2 151 4
0 466 1 467 2
0 462 1 463 2
0 411 1 412 2
0 409 1 410 2
0 588 0 592 3
0 583 0 587 4
0 576 0 578 3
0 567 0 571 3
0 512 0 514 3
0 487 0 489 2
0 476 0 477 2
0 435 0 436 1
0 428 0 432 4
0 360 0 361 1
0 149 0 150 1
0 0 0 134 92
