0 181 407 191 408
0 176 407 177 408
0 194 406 198 408
0 197 402 198 404
0 176 398 177 401
0 176 388 181 393
0 177 383 182 386
0 203 372 204 373
0 223 369 224 379
0 199 369 200 370
0 177 366 179 376
0 196 365 200 366
0 186 365 192 366
0 180 365 183 366
0 218 364 224 366
0 216 364 217 365
0 214 364 215 365
0 207 364 208 365
0 204 364 205 365
0 179 339 180 341
0 214 323 215 324
0 199 300 201 301
0 195 298 198 300
0 180 298 182 300
0 223 296 227 299
0 202 296 206 300
0 180 295 181 296
0 215 292 217 299
0 209 292 214 299
0 202 292 204 295
0 195 291 198 294
0 201 290 202 291
0 191 289 192 290
0 216 288 218 290
0 227 286 228 287
0 183 286 184 287
0 220 285 228 291
0 203 285 206 288
0 196 285 198 287
0 202 284 203 285
0 189 284 191 286
0 225 283 226 286
0 212 283 218 286
0 210 283 211 285
0 198 283 199 284
0 227 282 228 285
0 189 282 191 283
0 181 281 184 286
0 197 280 199 282
0 195 280 196 283
0 185 280 186 281
0 187 279 188 280
0 220 278 224 280
0 210 278 212 282
0 191 278 192 279
0 189 278 190 279
0 225 277 228 281
0 224 277 225 278
0 218 277 219 278
0 202 276 207 284
0 196 276 201 279
0 221 275 224 276
0 182 275 183 276
0 216 274 218 276
0 210 274 218 281
0 226 273 228 276
0 198 273 199 274
0 195 273 196 274
0 187 272 192 276
0 201 271 208 275
0 195 271 196 272
0 184 270 185 271
0 202 269 203 270
0 221 267 229 272
0 187 267 190 270
0 196 266 200 270
0 204 265 208 269
0 210 264 219 272
0 224 263 229 266
0 203 263 204 264
0 205 262 206 263
0 190 262 194 266
0 182 262 185 268
0 222 261 223 262
0 198 261 202 263
0 226 260 229 262
0 206 260 207 261
0 222 259 225 261
0 207 258 208 259
0 196 258 198 260
0 217 256 218 258
0 210 256 212 258
0 204 255 205 256
0 184 255 185 256
0 199 254 201 256
0 182 254 194 260
0 190 254 191 256
0 181 254 182 255
0 205 251 207 253
0 197 251 201 254
0 192 251 194 253
0 197 249 198 250
0 182 248 192 252
0 196 246 198 248
0 206 245 208 247
0 200 245 205 249
0 207 242 208 244
0 201 242 202 243
0 200 239 205 241
0 197 238 199 241
0 202 235 207 236
0 202 232 208 233
0 198 228 201 231
0 203 227 204 228
0 208 226 209 227
0 197 226 198 227
0 207 224 208 225
0 204 223 206 224
0 202 223 203 224
0 197 220 201 225
0 206 218 207 219
0 201 218 202 219
0 208 217 210 218
0 197 217 199 219
0 197 214 198 215
0 207 213 208 215
0 202 210 205 215
0 198 209 201 213
0 207 208 210 210
0 196 184 198 185
0 200 172 201 173
0 325 168 327 170
0 200 140 202 142
0 201 134 202 135
0 204 118 205 119
0 198 106 199 107
0 40 41 48 42
