0 6 473 20 480
0 10 469 12 475
0 0 468 4 476
0 21 467 23 473
0 0 460 2 461
0 6 448 16 467
0 226 434 227 435
0 225 432 226 433
0 26 431 41 480
0 627 430 629 432
0 30 427 31 428
0 28 427 29 428
0 26 427 27 428
0 24 427 25 428
0 22 427 23 428
0 20 427 21 428
0 18 427 19 428
0 43 422 44 423
0 16 419 17 420
0 231 413 232 415
0 0 412 15 416
0 231 411 232 412
0 602 404 605 407
0 223 402 224 404
0 0 400 43 432
0 0 392 32 411
0 22 362 38 369
0 196 332 197 333
0 55 324 56 325
0 49 324 50 325
0 80 323 81 324
0 53 322 54 323
0 49 322 50 323
0 41 322 42 323
0 82 321 86 325
0 89 320 90 321
0 30 319 31 320
0 227 318 228 319
0 221 318 222 319
0 155 318 156 319
0 78 318 79 320
0 74 318 77 321
0 71 318 73 319
0 67 318 68 319
0 47 318 51 320
0 42 318 43 319
0 16 318 19 319
0 243 316 244 317
0 159 316 160 317
0 116 316 118 317
0 87 316 88 317
0 68 316 70 317
0 191 315 192 316
0 182 315 183 316
0 179 315 180 316
0 120 315 122 317
0 93 315 94 316
0 52 315 53 316
0 22 315 23 316
0 217 314 218 315
0 207 314 208 316
0 187 314 188 315
0 153 314 154 315
0 124 314 126 315
0 118 314 120 315
0 88 314 90 315
0 283 313 285 315
0 252 313 255 314
0 241 313 248 314
0 177 313 178 315
0 159 313 160 314
0 121 313 122 314
0 73 313 74 314
0 47 313 48 314
0 16 313 17 314
0 298 312 299 313
0 208 312 209 313
0 179 312 180 313
0 76 312 80 316
0 304 311 308 314
0 251 311 252 312
0 245 311 250 313
0 220 311 224 313
0 300 310 303 312
0 229 309 234 311
0 113 309 117 314
0 157 308 159 310
0 319 306 321 308
0 358 304 363 306
0 213 304 214 306
0 374 298 377 300
0 372 291 381 300
0 495 278 497 280
0 367 270 368 271
0 64 225 68 226
0 30 162 33 164
0 61 160 62 161
0 65 159 66 160
0 21 46 24 47
0 50 41 51 42
