0 4 448 7 450
0 293 433 294 434
0 239 432 240 433
0 257 427 258 428
0 250 427 252 429
0 252 420 253 421
0 259 419 260 421
0 258 415 259 416
0 249 414 250 415
0 254 397 255 399
0 253 393 254 394
0 570 388 571 389
0 252 388 253 390
0 241 387 242 388
0 239 386 240 387
0 605 385 606 387
0 250 379 251 380
0 238 379 239 380
0 239 377 240 378
0 249 376 250 377
0 242 376 243 378
0 256 373 257 374
0 259 372 260 373
0 248 372 250 374
0 256 370 257 371
0 247 367 248 368
0 259 364 260 365
0 246 364 247 366
0 261 363 262 364
0 247 362 248 363
0 244 354 245 355
0 256 350 259 352
0 256 348 257 349
0 242 342 243 346
0 176 339 177 340
0 172 339 173 340
0 254 338 255 339
0 208 336 209 337
0 206 336 207 337
0 193 336 201 338
0 224 334 225 335
0 230 333 231 334
0 200 333 201 334
0 196 333 197 334
0 239 332 244 338
0 252 331 253 332
0 238 330 239 331
0 250 328 252 331
0 240 328 241 332
0 112 327 113 328
0 251 326 252 327
0 241 326 242 327
0 248 325 249 326
0 250 323 251 325
0 218 323 219 324
0 226 322 227 323
0 224 322 225 323
0 114 322 115 323
0 254 321 257 323
0 227 320 228 321
0 258 317 260 318
0 243 317 247 321
0 226 316 227 317
0 221 316 222 317
0 257 315 258 316
0 228 315 229 317
0 114 315 116 317
0 247 314 248 315
0 256 313 257 314
0 226 313 228 314
0 215 313 217 314
0 115 312 116 313
0 245 311 248 314
0 208 310 209 311
0 112 310 114 313
0 217 309 219 310
0 254 308 258 312
0 228 308 230 309
0 246 307 247 309
0 227 306 228 307
0 218 305 224 306
0 452 304 453 305
0 229 304 232 307
0 192 302 195 304
0 207 300 214 303
0 450 299 452 302
0 223 299 224 300
0 230 297 234 300
0 254 293 256 295
0 221 293 222 294
0 224 291 225 292
0 217 291 221 294
0 239 289 240 290
0 223 288 224 289
0 114 288 115 290
0 203 285 204 286
0 115 285 116 286
0 112 285 114 287
0 217 284 218 285
0 186 283 187 284
0 220 282 221 283
0 185 281 186 282
0 102 279 103 280
0 195 278 196 279
0 118 278 119 279
0 176 277 177 278
0 189 273 190 274
0 204 272 205 273
0 176 271 177 272
0 204 268 205 270
0 206 267 207 269
0 352 266 353 267
0 206 263 207 265
0 174 251 176 259
0 449 238 454 240
0 171 238 172 239
0 132 238 133 239
0 170 236 171 237
0 449 235 450 236
0 446 235 447 236
0 170 233 171 234
0 142 232 143 233
0 171 228 173 230
0 168 227 169 228
0 175 226 176 227
0 170 226 171 227
0 187 224 188 225
0 167 222 168 223
0 127 217 129 219
0 122 210 123 211
0 135 208 136 209
0 402 198 403 199
0 404 196 405 197
0 274 193 275 194
0 404 188 405 189
0 401 188 402 189
0 415 172 416 173
0 424 159 425 160
0 275 156 276 158
0 481 147 482 148
0 487 138 488 139
0 474 127 475 128
