0 604 463 605 464
0 600 463 601 464
0 592 462 595 464
0 605 458 607 462
0 537 454 538 455
0 539 452 540 453
0 576 449 577 451
0 532 445 536 448
0 566 436 572 442
0 586 435 587 436
0 583 430 584 431
0 574 430 575 431
0 572 430 573 431
0 633 429 634 430
0 586 429 587 430
0 566 428 567 429
0 636 427 637 428
0 628 427 629 428
0 563 427 564 430
0 594 426 598 428
0 589 426 592 429
0 556 426 562 431
0 597 423 598 424
0 597 421 598 422
0 602 418 603 420
0 512 417 515 418
0 603 414 604 415
0 96 403 98 406
0 611 400 612 401
0 615 392 624 397
0 634 384 635 385
0 592 384 593 385
0 580 384 581 385
0 561 384 566 386
0 622 383 625 385
0 594 383 595 384
0 103 383 104 384
0 613 382 614 383
0 615 381 620 385
0 602 381 605 383
0 589 379 590 380
0 591 376 593 379
0 636 375 638 377
0 96 370 97 372
0 631 369 632 370
0 423 346 425 348
0 432 345 436 348
0 595 294 599 306
0 589 294 592 300
0 71 294 72 295
0 593 292 594 293
0 81 289 82 290
0 582 288 587 292
0 64 288 65 289
0 90 287 92 288
0 80 287 81 288
0 13 287 15 288
0 574 286 575 287
0 202 283 203 284
0 170 283 171 287
0 83 283 85 284
0 254 282 256 283
0 196 282 197 283
0 165 282 166 283
0 122 282 124 283
0 118 282 120 283
0 111 282 117 284
0 103 282 104 283
0 93 282 97 284
0 71 282 72 283
0 590 281 596 288
0 129 281 130 282
0 83 281 84 282
0 158 280 160 281
0 50 280 51 281
0 580 278 583 284
0 185 278 186 279
0 159 278 160 279
0 129 278 132 280
0 85 278 87 283
0 6 278 8 280
0 59 277 60 278
0 44 277 45 278
0 16 277 17 278
0 604 275 605 276
0 204 275 205 277
0 53 275 58 278
0 250 274 251 275
0 46 274 47 275
0 43 274 44 275
0 80 273 82 274
0 0 273 3 274
0 600 272 604 275
0 592 272 594 273
0 244 272 249 274
0 221 272 222 273
0 89 272 91 274
0 22 272 23 273
0 198 270 199 272
0 625 268 626 269
0 256 268 259 272
0 190 268 191 269
0 184 268 185 269
0 256 266 257 267
0 185 264 186 265
0 591 263 592 264
0 260 262 261 263
0 260 261 266 268
0 256 259 258 261
0 621 257 622 259
0 519 257 520 259
0 256 257 257 258
0 188 254 190 256
0 512 253 513 254
0 261 243 262 244
0 152 237 153 238
0 539 220 541 222
0 542 219 543 220
0 377 183 378 184
0 634 146 636 147
0 628 145 630 146
0 639 144 640 145
0 621 143 622 144
0 619 143 620 144
0 625 127 628 128
