0 519 479 520 480
0 496 479 497 480
0 132 479 133 480
0 313 478 314 479
0 245 478 246 479
0 566 477 567 478
0 484 477 485 478
0 370 477 371 478
0 482 475 483 476
0 218 474 219 475
0 563 472 564 473
0 411 471 412 472
0 565 470 566 472
0 567 469 568 471
0 519 469 522 470
0 261 468 262 469
0 555 465 560 474
0 396 465 397 466
0 295 463 296 464
0 565 462 569 468
0 512 460 513 462
0 74 460 75 461
0 497 455 498 456
0 384 455 385 456
0 513 454 514 457
0 514 452 515 453
0 189 451 190 452
0 561 450 562 451
0 552 448 553 450
0 404 446 405 447
0 9 445 10 446
0 556 444 557 446
0 81 439 82 440
0 14 438 15 439
0 95 437 96 438
0 75 436 76 437
0 558 435 559 438
0 433 435 434 436
0 102 433 103 434
0 547 431 550 433
0 509 430 512 436
0 401 430 402 431
0 550 425 551 426
0 556 424 566 455
0 552 424 553 425
0 452 424 453 425
0 450 424 451 425
0 547 421 549 422
0 70 419 71 420
0 491 416 497 420
0 96 416 97 418
0 345 412 346 413
0 77 412 78 413
0 68 412 69 413
0 76 410 77 411
0 564 408 565 409
0 410 408 412 410
0 413 407 414 408
0 331 406 332 408
0 75 406 77 408
0 496 404 500 409
0 0 404 491 480
0 526 402 527 403
0 507 402 518 415
0 317 401 318 402
0 501 400 502 401
0 199 399 200 400
0 498 395 500 396
0 478 395 479 396
0 223 393 225 395
0 619 388 620 389
0 564 387 565 388
0 519 386 520 387
0 396 386 397 387
0 313 386 314 387
0 146 382 147 383
0 247 381 248 382
0 249 380 250 381
0 494 378 495 379
0 528 377 529 378
0 478 376 479 377
0 251 376 252 377
0 503 375 504 376
0 250 374 251 375
0 260 372 261 373
0 477 370 478 371
0 207 369 209 371
0 482 368 484 370
0 476 367 477 369
0 424 365 425 366
0 544 364 550 378
0 470 364 471 365
0 426 364 427 365
0 421 363 422 364
0 470 361 471 362
0 207 361 208 362
0 471 357 476 363
0 520 355 521 356
0 473 353 474 354
0 460 353 461 354
0 509 351 513 355
0 354 349 355 350
0 506 347 510 350
0 335 347 336 348
0 508 345 511 347
0 518 344 521 345
0 494 342 495 343
0 488 342 489 343
0 520 341 523 344
0 514 341 516 343
0 524 340 525 341
0 522 340 523 341
0 500 339 501 341
0 502 338 507 345
0 494 337 495 340
0 527 336 537 341
0 538 335 547 340
0 494 334 495 336
0 544 331 546 335
0 220 329 221 330
0 544 328 546 330
0 485 328 486 330
0 444 328 445 329
0 451 327 452 328
0 217 325 218 326
0 10 323 11 333
0 372 322 373 323
0 223 322 225 324
0 542 321 543 322
0 282 321 284 322
0 302 320 303 322
0 300 320 301 322
0 298 320 299 322
0 296 320 297 322
0 294 320 295 322
0 292 320 293 322
0 290 320 291 322
0 522 319 524 321
0 286 319 287 320
0 180 319 181 320
0 286 316 287 318
0 365 313 366 314
0 330 313 331 314
0 105 312 106 313
0 521 311 522 312
0 268 311 269 312
0 460 309 461 310
0 417 308 418 309
0 408 307 409 308
0 252 307 253 308
0 356 305 357 306
0 264 301 266 302
0 348 298 349 299
0 382 294 383 295
0 346 294 347 295
0 501 292 502 293
0 227 292 228 293
0 504 290 505 291
0 268 289 269 290
0 77 287 91 294
0 422 286 423 287
0 151 286 152 287
0 229 284 230 285
0 120 280 121 281
0 31 277 32 278
0 478 273 479 274
0 492 271 493 272
0 485 270 486 271
0 512 268 513 269
0 56 268 57 269
0 527 267 541 324
0 510 265 512 268
0 513 264 514 265
0 36 264 37 265
0 562 263 563 264
0 508 262 510 263
0 506 262 507 263
0 487 262 488 263
0 523 260 528 266
0 512 260 514 261
0 506 260 507 261
0 512 255 513 256
0 507 246 508 247
0 503 244 505 246
0 478 244 479 245
0 476 244 477 245
0 474 244 475 246
0 472 244 473 246
0 485 240 496 247
0 529 238 530 239
0 387 236 388 237
0 479 235 480 236
0 546 232 547 233
0 406 232 407 233
0 517 231 523 245
0 430 226 431 228
0 517 225 518 230
0 329 223 330 225
0 101 221 102 222
0 516 220 517 224
0 392 220 396 225
0 5 220 6 221
0 326 218 327 219
0 443 216 444 217
0 433 211 434 212
0 414 209 415 211
0 514 208 515 209
0 614 205 615 206
0 610 205 611 206
0 512 202 513 204
0 512 200 513 201
0 492 198 495 200
0 456 198 457 199
0 495 195 496 197
0 511 192 513 198
0 495 192 496 193
0 492 192 493 193
0 581 188 584 193
0 508 185 509 186
0 508 178 509 179
0 104 176 107 178
0 4 175 5 177
0 292 174 293 175
0 458 173 459 174
0 122 167 123 168
0 446 164 447 165
0 491 163 492 164
0 6 161 7 175
0 404 155 405 156
0 308 154 309 155
0 502 153 505 167
0 474 150 475 151
0 501 148 502 149
0 500 146 501 147
0 487 145 488 146
0 393 144 394 145
0 450 142 452 143
0 454 139 455 140
0 265 139 266 140
0 49 139 52 140
0 265 137 266 138
0 499 135 500 136
0 480 134 481 135
0 599 133 600 134
0 611 127 612 128
0 358 125 359 126
0 487 123 488 124
0 364 121 365 122
0 305 120 306 121
0 3 120 4 123
0 308 119 309 120
0 421 118 422 119
0 339 118 341 119
0 454 111 458 112
0 465 107 466 108
0 476 105 477 106
0 468 105 469 106
0 74 103 75 104
0 492 102 493 104
0 71 102 73 103
0 74 101 75 102
0 493 99 494 100
0 488 94 489 95
0 2 89 3 104
0 498 83 501 85
0 246 78 247 79
0 452 73 456 75
0 3 70 5 73
0 3 68 4 69
0 268 57 269 58
0 535 55 536 56
0 282 51 283 52
0 293 50 294 51
0 0 48 1 51
0 540 46 541 47
0 460 44 462 48
0 453 41 454 42
0 101 32 103 34
0 463 26 464 27
0 612 22 613 23
0 486 22 487 23
0 110 9 111 11
0 561 8 562 9
0 472 7 473 8
0 460 3 462 8
0 463 0 465 5
0 453 0 454 1
0 450 0 456 5
0 424 0 448 4
0 96 0 461 63
0 86 0 94 4
0 78 0 84 2
0 0 0 510 420
