0 110 478 111 479
0 213 477 215 479
0 584 474 585 475
0 221 473 222 474
0 137 473 139 475
0 170 471 171 472
0 197 470 198 471
0 143 469 144 470
0 362 466 366 471
0 199 466 201 468
0 143 465 144 466
0 38 464 42 466
0 610 462 611 463
0 41 462 42 463
0 571 461 572 462
0 505 457 506 458
0 6 455 7 456
0 442 447 443 448
0 21 442 23 443
0 454 430 455 431
0 454 428 455 429
0 443 419 444 420
0 149 419 150 420
0 383 417 384 418
0 623 407 625 408
0 224 406 225 407
0 634 403 635 404
0 626 403 627 404
0 626 401 629 402
0 185 401 187 403
0 460 400 461 401
0 196 400 197 401
0 160 398 161 399
0 628 397 629 398
0 452 393 453 394
0 215 393 216 394
0 454 392 455 393
0 196 390 198 391
0 147 379 148 381
0 187 372 189 373
0 480 367 481 368
0 465 366 466 367
0 463 366 464 367
0 144 366 150 370
0 496 363 497 364
0 476 363 477 364
0 324 363 325 364
0 518 359 519 360
0 624 357 625 358
0 497 357 498 358
0 497 354 498 356
0 206 354 207 355
0 194 354 195 355
0 497 352 498 353
0 195 352 196 353
0 358 349 359 350
0 206 348 208 351
0 179 347 181 348
0 176 347 177 348
0 184 346 186 347
0 382 343 383 344
0 194 343 195 344
0 464 342 465 345
0 172 342 173 343
0 365 341 366 342
0 464 340 466 341
0 359 339 360 340
0 231 339 233 341
0 153 339 154 340
0 464 337 465 338
0 368 337 369 340
0 522 336 523 337
0 513 336 515 338
0 239 335 240 336
0 208 335 209 336
0 514 334 515 335
0 516 332 517 333
0 193 331 194 332
0 515 330 516 331
0 396 329 397 330
0 188 329 190 330
0 170 329 171 330
0 186 328 187 329
0 184 328 185 329
0 179 328 180 329
0 396 327 397 328
0 177 327 178 328
0 172 327 173 328
0 396 325 397 326
0 321 325 322 326
0 243 325 244 326
0 190 325 191 326
0 183 325 184 326
0 238 324 239 325
0 187 324 188 325
0 247 321 248 322
0 228 321 229 322
0 173 321 174 322
0 365 320 366 321
0 230 320 232 326
0 208 320 209 321
0 200 320 206 324
0 349 318 350 319
0 249 318 250 319
0 232 318 233 319
0 213 318 214 319
0 209 317 211 319
0 323 316 324 317
0 503 315 504 316
0 248 315 249 316
0 245 315 246 316
0 525 313 526 314
0 250 313 251 314
0 141 313 142 314
0 254 312 255 313
0 525 311 526 312
0 184 311 186 314
0 180 311 182 313
0 177 311 178 312
0 372 310 373 311
0 368 310 369 311
0 170 310 171 311
0 184 309 185 310
0 177 309 179 310
0 143 309 144 311
0 176 307 177 308
0 152 307 154 309
0 142 307 143 308
0 226 306 227 307
0 179 305 184 308
0 162 305 163 306
0 583 304 584 306
0 235 304 236 305
0 153 304 154 305
0 443 303 444 304
0 187 303 188 304
0 586 302 587 303
0 233 302 236 304
0 163 302 164 303
0 584 301 585 302
0 582 301 583 302
0 447 301 449 302
0 385 301 386 302
0 224 301 225 302
0 192 301 193 302
0 183 301 184 302
0 174 300 175 301
0 192 299 193 300
0 446 298 447 299
0 235 298 236 299
0 173 298 174 299
0 564 297 565 298
0 183 297 184 298
0 175 297 176 298
0 468 296 469 297
0 379 296 380 297
0 605 295 606 296
0 383 295 384 296
0 235 295 236 296
0 189 295 191 296
0 583 294 584 296
0 389 294 390 295
0 180 294 181 295
0 386 293 387 294
0 233 293 234 294
0 390 292 391 293
0 375 292 377 294
0 244 291 245 292
0 199 291 200 292
0 191 291 192 292
0 245 289 246 290
0 179 289 180 290
0 475 288 476 289
0 187 288 188 289
0 176 288 178 290
0 172 288 173 289
0 387 286 389 288
0 385 286 386 287
0 190 286 191 289
0 178 286 179 287
0 570 285 571 287
0 393 285 394 286
0 193 285 194 286
0 180 285 182 287
0 199 284 202 287
0 587 283 588 284
0 396 282 397 283
0 386 282 387 284
0 205 282 206 283
0 587 281 588 282
0 390 281 391 282
0 392 280 393 281
0 387 280 388 281
0 260 280 262 281
0 226 280 228 282
0 206 280 207 281
0 204 280 205 281
0 183 279 184 280
0 217 278 218 279
0 229 277 230 278
0 267 276 269 278
0 203 276 205 278
0 629 275 631 277
0 394 275 396 276
0 197 275 198 276
0 172 275 173 276
0 578 274 579 275
0 460 274 461 275
0 612 273 613 274
0 458 273 459 274
0 396 273 398 274
0 485 272 486 273
0 198 272 200 274
0 172 272 173 273
0 574 271 575 272
0 200 271 201 272
0 192 271 193 272
0 601 270 602 271
0 207 270 208 271
0 204 270 205 271
0 590 269 591 270
0 564 269 565 270
0 530 269 531 270
0 462 269 463 270
0 397 269 398 270
0 197 269 198 270
0 205 268 206 269
0 577 266 578 267
0 465 266 466 267
0 231 266 232 267
0 204 266 205 267
0 522 265 524 267
0 478 265 479 266
0 184 265 185 266
0 229 264 230 265
0 592 263 593 264
0 205 263 206 264
0 180 263 181 264
0 597 262 598 263
0 595 261 596 262
0 227 259 230 263
0 537 255 538 256
0 603 253 605 254
0 223 253 225 255
0 145 252 146 253
0 223 251 224 252
0 234 248 235 249
0 635 247 636 248
0 241 246 242 247
0 235 243 236 244
0 232 241 235 243
0 150 241 152 242
0 145 239 146 240
0 492 237 493 238
0 393 237 394 238
0 272 237 273 238
0 589 236 591 237
0 516 236 517 237
0 487 234 489 236
0 238 234 239 235
0 482 233 485 237
0 454 233 455 234
0 514 232 516 234
0 406 232 407 233
0 165 232 166 233
0 592 231 593 232
0 606 230 607 231
0 515 230 516 231
0 603 229 605 230
0 500 229 501 230
0 92 229 93 230
0 600 228 601 229
0 242 227 243 228
0 610 226 611 227
0 492 226 493 227
0 404 225 405 226
0 253 223 254 225
0 273 222 274 223
0 249 217 250 219
0 591 216 592 217
0 515 216 516 217
0 603 215 604 216
0 515 213 516 215
0 513 213 514 215
0 489 208 490 209
0 399 208 400 209
0 498 207 499 208
0 56 205 57 206
0 486 204 487 205
0 399 203 400 204
0 403 202 404 203
0 638 201 639 202
0 510 197 511 198
0 560 190 562 191
0 503 189 504 190
0 505 188 506 189
0 218 188 219 190
0 258 179 259 181
0 622 178 623 179
0 569 177 570 178
0 65 176 67 178
0 407 175 408 176
0 401 174 403 175
0 408 173 409 174
0 500 171 501 172
0 380 171 381 172
0 382 169 383 170
0 514 167 515 169
0 409 167 410 168
0 379 166 380 167
0 83 166 84 167
0 410 162 411 163
0 475 161 476 163
0 480 156 481 157
0 385 156 388 158
0 34 154 35 155
0 207 153 208 154
0 415 152 416 153
0 31 152 32 154
0 49 151 50 152
0 47 151 48 152
0 556 147 557 148
0 484 146 485 147
0 447 146 448 147
0 263 146 264 147
0 348 145 349 146
0 274 145 275 146
0 448 143 449 144
0 275 143 276 144
0 561 142 562 143
0 482 142 483 143
0 409 142 410 143
0 271 142 272 143
0 485 141 486 142
0 476 141 477 142
0 304 141 305 142
0 411 140 412 141
0 275 140 276 141
0 500 138 501 139
0 483 138 485 141
0 413 138 415 140
0 405 138 409 142
0 373 138 374 139
0 410 137 411 138
0 495 136 496 137
0 412 136 413 137
0 499 135 500 136
0 485 135 486 136
0 466 135 467 136
0 425 135 426 136
0 414 135 416 137
0 413 133 414 134
0 377 133 378 134
0 481 132 482 133
0 286 132 287 133
0 241 132 242 133
0 351 131 353 133
0 486 130 487 131
0 378 130 379 132
0 376 130 377 131
0 270 130 271 131
0 385 129 387 130
0 351 128 353 129
0 242 128 243 130
0 297 127 298 128
0 421 126 422 127
0 351 126 352 127
0 332 126 333 127
0 388 125 389 126
0 296 125 297 126
0 271 125 272 126
0 395 124 396 125
0 286 124 287 125
0 272 123 273 124
0 431 122 433 124
0 410 122 412 124
0 398 122 399 124
0 622 121 623 122
0 292 121 293 123
0 420 120 421 121
0 266 120 267 121
0 413 119 414 120
0 467 118 468 119
0 396 118 397 119
0 429 117 434 121
0 387 117 388 118
0 420 116 422 118
0 422 115 423 116
0 412 115 413 116
0 509 114 510 115
0 498 113 500 115
0 506 111 507 112
0 424 111 426 113
0 422 111 423 112
0 385 109 387 110
0 629 108 630 109
0 450 108 451 109
0 371 108 372 109
0 419 107 420 108
0 392 107 394 108
0 373 107 374 108
0 421 106 422 107
0 612 105 613 106
0 371 105 372 106
0 413 102 414 103
0 373 102 374 103
0 360 101 361 102
0 490 99 491 101
0 442 99 443 100
0 373 99 374 100
0 545 98 546 99
0 422 98 423 99
0 404 98 405 99
0 366 98 367 99
0 360 98 361 99
0 442 97 444 98
0 425 96 427 99
0 422 96 423 97
0 391 96 392 97
0 393 95 394 96
0 430 94 431 95
0 270 94 272 96
0 535 93 536 94
0 489 93 490 94
0 427 92 428 94
0 530 91 531 92
0 404 91 406 93
0 534 90 535 91
0 562 89 563 90
0 485 89 486 90
0 398 88 400 96
0 563 87 564 88
0 483 86 484 87
0 397 86 399 87
0 502 85 503 86
0 481 84 482 85
0 263 84 264 85
0 486 83 487 84
0 578 82 579 83
0 406 81 407 82
0 285 81 286 82
0 623 79 624 80
0 387 78 390 81
0 286 78 287 79
0 280 78 281 80
0 482 77 484 78
0 433 77 435 79
0 282 77 284 78
0 438 74 439 75
0 581 73 583 75
0 496 73 497 74
0 481 73 484 76
0 501 72 504 75
0 493 72 494 73
0 485 72 488 76
0 432 72 433 73
0 380 71 381 72
0 356 71 357 72
0 366 70 368 71
0 340 70 341 71
0 286 70 288 73
0 490 69 491 70
0 404 69 409 75
0 526 68 527 69
0 403 68 404 69
0 401 68 402 69
0 369 68 370 69
0 379 67 380 68
0 349 67 356 72
0 287 67 288 68
0 285 67 286 68
0 348 66 349 67
0 291 66 292 67
0 364 65 365 66
0 313 65 314 66
0 536 64 537 65
0 342 64 343 65
0 315 64 316 65
0 350 63 351 64
0 537 62 538 63
0 415 62 416 63
0 340 62 341 64
0 318 62 319 63
0 290 62 295 65
0 374 60 375 61
0 430 59 431 60
0 382 59 383 60
0 371 59 372 60
0 339 59 340 60
0 316 59 317 61
0 379 58 380 59
0 376 58 377 59
0 398 56 400 59
0 110 56 111 57
0 595 54 596 55
0 430 52 431 53
0 401 52 402 53
0 396 52 397 53
0 373 50 374 51
0 433 49 434 50
0 396 49 397 50
0 385 49 386 50
0 360 49 361 50
0 305 49 306 51
0 375 48 376 49
0 365 48 366 49
0 358 48 359 50
0 331 48 332 49
0 418 47 419 48
0 336 46 337 47
0 328 46 329 47
0 516 45 517 46
0 406 45 407 46
0 435 44 437 46
0 302 44 304 46
0 438 43 441 45
0 432 43 433 44
0 402 43 403 44
0 373 43 378 47
0 518 42 519 43
0 511 42 512 43
0 368 42 369 44
0 359 42 360 43
0 433 41 434 42
0 428 41 429 42
0 414 41 415 42
0 407 41 408 42
0 404 41 406 43
0 328 41 329 42
0 511 40 512 41
0 505 40 507 42
0 301 40 302 42
0 331 39 333 42
0 308 39 309 40
0 515 38 519 40
0 521 37 522 38
0 505 37 506 38
0 419 37 421 38
0 409 37 411 38
0 406 37 407 39
0 393 36 394 38
0 359 36 361 40
0 318 36 320 38
0 315 36 317 38
0 609 35 610 36
0 405 35 406 36
0 334 35 335 36
0 398 33 400 34
0 380 33 381 34
0 366 33 371 41
0 322 33 328 40
0 315 33 318 35
0 342 32 343 34
0 339 32 340 33
0 333 32 335 34
0 525 31 526 32
0 372 31 375 35
0 366 31 367 32
0 330 31 332 35
0 376 30 380 32
0 319 30 322 32
0 312 30 313 31
0 436 29 439 35
0 430 29 431 30
0 324 29 325 30
0 308 29 311 33
0 319 28 320 29
0 325 27 326 28
0 344 26 345 28
0 431 25 432 26
0 341 25 343 27
0 331 25 334 29
0 524 24 525 25
0 420 23 421 24
0 406 23 407 24
0 335 23 336 24
0 398 22 399 23
0 281 22 282 24
0 612 21 613 23
0 410 21 411 22
0 407 21 408 22
0 389 21 390 22
0 299 21 300 22
0 570 20 571 21
0 422 19 423 20
0 343 18 344 20
0 328 18 330 19
0 525 17 526 18
0 425 16 426 17
0 391 15 392 16
0 230 15 231 16
0 609 14 610 15
0 605 13 608 15
0 432 13 433 14
0 326 13 332 17
0 426 12 427 13
0 385 12 386 13
0 380 12 381 13
0 393 11 394 12
0 380 10 381 11
0 529 9 530 11
0 494 9 495 10
0 389 9 390 10
0 382 9 384 13
0 633 7 634 8
0 406 7 407 8
0 385 7 387 9
0 400 6 402 8
0 532 5 533 6
0 428 5 429 6
0 403 5 406 9
0 387 5 389 6
0 384 5 385 6
0 430 4 434 9
0 453 3 454 5
0 430 3 431 4
0 406 3 407 4
0 385 3 386 4
0 381 3 383 4
0 434 2 435 3
0 412 2 413 3
0 396 1 397 2
0 386 1 387 2
0 356 1 357 2
0 352 1 353 2
0 435 0 439 2
0 430 0 431 1
0 377 0 378 1
