0 557 468 558 470
0 557 462 559 464
0 570 452 571 453
0 586 451 587 452
0 596 449 597 450
0 564 449 565 450
0 567 448 568 450
0 581 444 582 445
0 572 440 576 443
0 566 440 567 441
0 110 436 111 437
0 107 435 109 436
0 426 416 429 418
0 577 415 578 416
0 96 414 97 415
0 25 414 27 415
0 20 414 21 415
0 14 414 16 415
0 575 413 576 414
0 555 412 556 413
0 51 403 52 404
0 23 399 24 400
0 25 398 29 400
0 19 398 20 399
0 16 398 17 399
0 495 392 496 393
0 495 390 496 391
0 83 372 84 374
0 85 369 86 370
0 80 366 82 373
0 81 359 83 364
0 462 357 463 358
0 81 356 83 357
0 549 354 550 355
0 85 353 86 354
0 459 352 460 353
0 545 350 546 351
0 458 350 459 351
0 82 349 83 351
0 545 347 546 348
0 82 347 83 348
0 402 346 403 347
0 235 340 236 341
0 83 335 84 336
0 620 315 621 316
0 616 313 618 314
0 636 310 637 311
0 607 302 608 303
0 165 300 166 301
0 158 294 159 295
0 581 286 583 288
0 164 286 165 287
0 164 283 165 284
0 443 282 444 283
0 441 282 442 283
0 585 280 586 281
0 169 264 170 265
0 592 258 593 259
0 93 257 95 258
0 632 247 634 249
0 84 241 85 242
0 133 225 134 226
0 94 224 96 226
0 102 218 103 219
0 485 208 486 209
0 19 188 20 189
0 474 168 475 169
0 542 139 543 140
0 560 71 563 76
0 566 57 567 58
0 515 44 516 45
0 514 42 515 43
0 111 31 112 32
0 502 30 503 31
0 11 11 12 12
0 560 0 561 1
