0 56 479 58 480
0 47 478 48 479
0 0 478 2 480
0 2 474 3 475
0 102 473 103 474
0 3 470 5 474
0 4 467 6 471
0 74 464 75 465
0 5 459 9 465
0 104 452 105 453
0 9 450 13 457
0 12 447 14 449
0 104 445 105 446
0 105 443 106 444
0 15 439 17 442
0 16 437 17 438
0 108 433 109 434
0 0 432 1 434
0 118 427 119 428
0 18 427 22 435
0 21 424 22 426
0 30 421 32 424
0 22 407 29 423
0 29 404 30 406
0 38 399 39 400
0 30 396 33 403
0 80 393 86 396
0 77 392 78 393
0 42 389 43 390
0 71 388 72 389
0 77 387 78 388
0 34 387 37 392
0 73 385 76 393
0 41 385 43 388
0 85 384 89 387
0 75 383 76 384
0 37 381 40 385
0 77 380 78 381
0 45 380 48 384
0 52 379 53 380
0 49 379 50 380
0 89 378 90 379
0 39 378 41 380
0 81 377 82 378
0 41 370 43 377
0 58 369 59 370
0 63 367 64 369
0 43 366 46 372
0 64 364 65 365
0 60 363 61 364
0 50 363 51 364
0 62 356 63 357
0 47 356 49 359
0 96 350 97 353
0 66 349 68 351
0 59 349 60 352
0 65 347 66 348
0 58 347 59 348
0 49 347 53 355
0 60 344 61 346
0 53 337 57 346
0 1 337 2 338
0 3 333 4 334
0 56 332 59 336
0 116 329 117 331
0 59 326 61 331
0 2 321 5 324
0 1 319 2 320
0 63 317 66 320
0 5 317 9 324
0 67 315 68 316
0 76 314 77 315
0 73 314 75 318
0 0 312 1 313
0 4 306 6 307
0 82 302 83 303
0 13 302 14 303
0 15 301 16 302
0 70 299 71 301
0 13 297 16 299
0 71 295 73 299
0 72 293 73 294
0 16 293 17 294
0 83 291 84 292
0 132 290 134 292
0 114 288 115 289
0 84 283 85 284
0 92 279 93 280
0 81 279 83 281
0 94 278 96 280
0 134 277 136 279
0 124 277 127 279
0 135 275 136 276
0 94 274 95 275
0 141 269 142 270
0 82 269 83 271
0 133 265 134 266
0 86 264 87 265
0 187 263 188 264
0 84 263 85 265
0 110 261 111 262
0 85 260 86 262
0 138 259 139 260
0 109 259 110 260
0 134 258 136 260
0 209 257 210 259
0 110 257 111 258
0 140 256 141 257
0 31 256 32 257
0 135 253 137 255
0 191 252 192 254
0 32 252 33 253
0 140 251 141 252
0 102 250 103 251
0 142 249 143 250
0 33 249 34 250
0 136 248 137 249
0 104 247 107 251
0 137 245 138 246
0 106 245 108 247
0 90 245 93 248
0 138 243 139 244
0 92 241 94 244
0 37 240 38 241
0 36 238 37 239
0 139 236 141 239
0 36 236 37 237
0 143 234 145 235
0 128 233 129 234
0 97 232 98 233
0 39 231 40 232
0 99 230 100 231
0 97 228 98 231
0 162 226 163 227
0 43 224 44 225
0 40 224 43 230
0 44 218 46 220
0 118 215 119 216
0 103 215 104 216
0 3 215 4 216
0 4 213 5 214
0 103 212 105 214
0 47 212 48 213
0 148 211 149 212
0 118 211 119 212
0 162 207 163 208
0 148 206 149 207
0 16 206 17 207
0 166 205 167 206
0 163 200 166 203
0 134 200 135 201
0 18 200 19 202
0 163 198 164 199
0 157 197 158 198
0 52 197 53 198
0 157 195 158 196
0 159 193 160 194
0 52 192 55 196
0 172 190 173 191
0 9 188 12 193
0 166 186 167 187
0 156 185 157 186
0 112 185 116 191
0 56 185 58 188
0 171 184 172 185
0 139 183 141 184
0 131 182 134 185
0 56 182 57 183
0 169 181 171 182
0 128 181 129 182
0 116 181 118 184
0 163 180 164 181
0 135 180 137 182
0 133 180 134 181
0 139 179 140 180
0 131 179 132 180
0 59 179 60 180
0 147 177 148 178
0 137 176 138 177
0 60 176 61 177
0 164 175 165 176
0 134 175 135 176
0 126 174 127 176
0 117 174 120 180
0 160 173 162 175
0 151 172 158 176
0 121 167 122 168
0 64 165 65 166
0 196 164 197 165
0 62 161 63 164
0 46 159 47 160
0 43 159 44 160
0 125 157 126 158
0 46 156 47 157
0 126 154 127 156
0 127 151 128 152
0 130 146 131 147
0 206 143 207 144
0 64 143 65 144
0 26 143 27 144
0 139 142 141 144
0 165 141 166 143
0 131 141 132 143
0 65 140 66 142
0 69 139 74 148
0 133 137 134 138
0 75 135 76 136
0 198 130 199 132
0 135 130 136 131
0 74 128 77 134
0 199 127 200 128
0 161 127 162 128
0 136 125 139 129
0 139 120 141 122
0 204 117 205 118
0 61 117 62 118
0 35 116 36 117
0 206 114 207 115
0 50 114 51 115
0 44 113 46 115
0 83 112 84 113
0 58 112 65 114
0 51 112 52 113
0 36 112 37 114
0 142 111 144 114
0 81 111 82 112
0 54 110 55 111
0 50 109 51 110
0 144 108 145 109
0 52 108 53 109
0 206 107 207 108
0 146 105 147 106
0 85 104 87 106
0 58 103 59 104
0 146 102 147 104
0 58 101 59 102
0 181 100 185 103
0 86 100 87 102
0 60 99 61 100
0 88 97 89 99
0 80 97 81 98
0 62 97 63 98
0 189 96 190 97
0 50 94 51 95
0 211 92 212 93
0 90 92 91 93
0 56 91 57 92
0 49 91 50 92
0 211 90 212 91
0 188 90 189 91
0 225 89 226 90
0 212 88 213 89
0 91 86 93 91
0 80 86 81 87
0 153 84 154 85
0 15 84 16 85
0 93 82 94 85
0 155 79 156 80
0 234 78 235 80
0 46 78 48 80
0 236 75 237 76
0 225 73 226 75
0 237 72 238 73
0 158 71 159 72
0 96 69 99 76
0 239 68 240 69
0 99 67 100 68
0 159 66 161 70
0 197 65 198 66
0 229 64 231 66
0 100 64 101 66
0 51 64 52 65
0 200 63 201 64
0 164 63 165 64
0 161 63 162 64
0 223 61 224 62
0 162 60 165 62
0 95 60 97 64
0 230 59 232 61
0 101 58 103 62
0 223 57 224 58
0 163 57 164 58
0 193 56 194 57
0 92 55 93 56
0 24 55 25 57
0 104 53 105 54
0 99 53 100 54
0 165 52 166 54
0 87 52 88 53
0 84 52 85 53
0 233 48 234 49
0 63 48 64 49
0 27 48 30 51
0 174 46 175 48
0 228 45 233 48
0 166 45 169 51
0 229 44 230 45
0 109 40 110 41
0 106 40 108 41
0 237 39 238 40
0 230 39 231 40
0 228 38 229 39
0 28 38 30 41
0 236 37 237 38
0 61 37 63 41
0 235 35 236 36
0 227 35 228 37
0 234 33 235 34
0 103 33 104 34
0 230 32 232 35
0 227 32 229 34
0 222 32 223 33
0 34 31 35 32
0 229 29 230 30
0 227 29 228 30
0 171 28 176 38
0 205 27 206 28
0 251 26 252 27
0 245 26 246 27
0 228 26 229 27
0 66 26 67 27
0 0 26 1 31
0 214 25 215 26
0 175 25 176 27
0 248 24 250 25
0 209 24 212 25
0 201 24 202 25
0 34 24 35 25
0 176 23 177 24
0 190 22 192 27
0 210 21 211 22
0 207 21 208 24
0 104 20 105 21
0 192 19 193 20
0 69 19 70 20
0 110 18 116 34
0 253 17 254 18
0 179 17 181 21
0 232 15 233 16
0 115 15 118 21
0 36 14 37 20
0 253 13 254 14
0 231 13 232 14
0 40 13 41 14
0 245 12 247 14
0 208 12 209 13
0 234 10 235 12
0 255 9 256 10
0 230 9 231 10
0 244 8 245 10
0 206 8 207 10
0 202 8 204 10
0 198 8 199 9
0 208 7 209 8
0 201 7 202 8
0 194 7 195 8
0 118 7 121 14
0 240 5 241 6
0 207 5 208 6
0 205 5 206 6
0 183 4 184 6
0 254 2 255 3
0 238 2 240 4
0 122 2 123 4
0 40 2 41 3
0 208 1 210 4
0 122 0 124 1
0 11 0 12 1
