0 39 473 45 480
0 138 468 147 479
0 74 466 108 480
0 141 465 143 467
0 37 463 44 467
0 328 460 329 461
0 51 458 81 480
0 0 352 2 354
0 2 263 4 264
0 13 261 16 263
0 0 261 3 262
0 436 231 437 232
0 338 230 339 231
0 262 215 265 217
0 189 215 192 218
0 56 214 58 215
0 71 212 75 218
0 47 208 52 214
0 165 206 174 210
0 163 206 164 207
0 170 205 171 206
0 167 204 169 206
0 45 204 49 208
0 479 202 480 203
0 265 202 277 227
0 76 202 80 204
0 476 200 477 201
0 216 200 217 201
0 81 200 82 201
0 206 199 208 200
0 83 199 85 200
0 187 194 192 198
0 234 190 235 191
0 225 188 236 195
0 115 188 120 192
0 240 187 241 188
0 237 187 239 188
0 50 186 51 187
0 99 183 100 184
0 97 183 102 188
0 219 180 229 184
0 153 179 156 183
0 273 178 277 180
0 170 177 171 178
0 204 176 207 178
0 187 150 192 154
0 99 147 106 149
0 58 147 59 148
0 176 146 182 149
0 148 144 156 146
0 172 143 173 144
0 58 142 63 145
0 117 141 128 148
0 216 140 220 144
0 168 137 171 140
0 243 136 251 141
0 220 134 221 135
0 22 133 23 134
0 124 132 126 134
0 52 131 55 134
0 48 131 49 132
0 12 129 13 130
0 168 128 170 130
0 211 125 215 127
0 126 125 127 126
0 124 125 125 126
0 76 122 78 123
0 79 120 80 122
0 154 119 169 128
0 31 119 38 122
0 196 118 209 124
0 113 118 114 119
0 124 117 145 124
0 172 115 184 122
0 142 113 143 114
0 60 113 64 118
0 44 111 61 121
0 300 105 314 112
0 244 97 262 112
0 232 96 234 98
0 71 96 73 97
0 238 94 240 95
0 172 93 174 95
0 206 92 207 93
0 159 89 171 95
0 184 87 194 92
0 244 84 250 89
0 218 80 219 81
0 220 79 223 81
0 264 74 269 78
0 224 74 238 81
0 247 61 248 62
0 282 51 285 57
0 272 51 273 52
0 274 50 281 55
0 266 46 272 48
0 313 38 315 40
