0 523 479 524 480
0 490 479 492 480
0 456 479 460 480
0 449 479 450 480
0 159 479 160 480
0 488 478 489 479
0 522 477 523 478
0 484 477 486 480
0 465 477 466 478
0 483 474 484 475
0 465 474 466 475
0 489 473 491 477
0 519 472 521 474
0 485 472 488 475
0 483 472 484 473
0 462 472 463 473
0 483 469 484 471
0 484 465 485 467
0 462 464 463 465
0 455 464 461 478
0 362 464 387 480
0 462 462 463 463
0 476 461 480 480
0 462 460 463 461
0 398 458 399 459
0 396 458 397 459
0 394 458 395 459
0 498 457 507 472
0 492 456 493 457
0 485 456 486 458
0 402 456 439 461
0 359 454 393 462
0 230 452 231 454
0 440 450 460 460
0 350 450 351 451
0 509 448 510 449
0 501 448 502 450
0 493 448 495 450
0 490 448 491 449
0 463 447 464 449
0 501 446 502 447
0 471 445 473 446
0 479 444 489 456
0 462 444 478 480
0 352 443 359 453
0 356 442 357 443
0 504 440 505 441
0 476 440 477 441
0 471 440 473 444
0 456 439 457 440
0 481 437 482 438
0 453 436 454 437
0 355 436 357 439
0 342 436 348 441
0 455 435 456 436
0 475 434 478 437
0 488 432 489 435
0 356 432 357 433
0 456 431 457 432
0 503 430 505 433
0 321 430 322 431
0 500 428 501 430
0 454 428 455 429
0 488 427 489 428
0 473 426 474 427
0 339 425 342 430
0 482 424 484 436
0 342 424 355 440
0 476 423 479 432
0 354 423 355 425
0 473 422 474 423
0 504 421 508 428
0 456 421 475 451
0 502 420 503 421
0 492 420 493 421
0 489 420 490 422
0 476 420 479 422
0 458 420 460 424
0 326 420 328 421
0 497 418 498 419
0 354 418 355 419
0 219 418 233 450
0 490 417 491 419
0 467 417 472 422
0 455 417 456 418
0 451 417 457 427
0 339 417 343 423
0 334 417 335 418
0 328 417 333 420
0 476 416 477 417
0 449 416 450 417
0 316 416 317 417
0 516 415 517 416
0 478 415 480 419
0 455 415 456 416
0 470 414 471 415
0 466 414 469 418
0 331 413 332 414
0 490 412 491 416
0 484 412 489 416
0 468 412 469 413
0 352 411 354 414
0 335 411 337 415
0 515 410 516 412
0 476 410 477 411
0 462 409 463 410
0 338 409 341 415
0 509 408 510 409
0 326 408 335 412
0 490 407 492 410
0 460 407 461 408
0 430 405 432 406
0 428 405 429 406
0 426 405 427 406
0 404 405 416 407
0 398 405 400 406
0 396 405 397 406
0 394 405 395 406
0 392 405 393 406
0 516 404 518 405
0 480 403 482 404
0 367 403 383 408
0 190 403 192 404
0 529 401 530 402
0 478 401 479 402
0 470 401 471 402
0 468 401 469 402
0 466 401 467 402
0 463 401 464 402
0 512 400 513 401
0 452 400 464 418
0 442 400 448 404
0 192 400 193 401
0 521 399 522 400
0 516 399 518 402
0 332 399 357 409
0 189 399 190 402
0 554 398 555 399
0 537 398 538 399
0 492 398 493 401
0 556 397 559 399
0 480 397 482 402
0 17 397 18 398
0 486 396 489 404
0 215 396 228 414
0 188 396 189 397
0 481 395 482 396
0 419 394 421 396
0 493 393 494 394
0 495 392 498 400
0 478 392 480 394
0 418 392 419 393
0 374 392 375 393
0 352 392 353 393
0 493 391 494 392
0 449 391 450 392
0 444 391 445 392
0 346 391 351 396
0 318 391 320 396
0 194 391 200 396
0 325 390 326 391
0 546 389 547 391
0 504 389 505 391
0 500 389 501 390
0 460 389 461 390
0 320 389 321 390
0 313 389 314 390
0 224 389 225 392
0 542 388 544 392
0 517 388 518 390
0 482 388 483 393
0 478 388 480 391
0 545 387 546 388
0 541 387 542 388
0 429 387 433 390
0 320 387 321 388
0 187 387 189 394
0 316 386 319 391
0 566 385 567 386
0 555 385 558 388
0 494 385 495 388
0 455 385 456 386
0 438 385 439 386
0 377 385 378 386
0 322 385 323 387
0 530 384 531 386
0 481 384 484 386
0 465 384 469 395
0 379 384 383 388
0 306 384 307 385
0 217 384 219 386
0 564 383 565 384
0 558 383 559 384
0 457 383 461 388
0 309 383 310 384
0 551 382 553 383
0 541 382 543 383
0 539 382 540 383
0 514 382 515 384
0 510 382 511 383
0 454 382 455 384
0 433 382 437 387
0 582 381 583 382
0 557 381 559 382
0 554 381 556 384
0 529 381 532 383
0 494 381 495 382
0 475 381 476 384
0 429 381 432 383
0 423 381 424 382
0 368 381 371 387
0 311 381 316 388
0 587 380 588 381
0 561 380 564 383
0 456 380 458 382
0 324 380 325 381
0 224 380 225 381
0 517 379 518 380
0 459 379 460 380
0 437 379 438 380
0 433 379 434 380
0 316 379 321 386
0 560 378 561 379
0 482 378 483 382
0 440 378 441 379
0 292 378 325 412
0 211 378 212 379
0 521 377 522 378
0 495 377 496 378
0 472 377 474 379
0 443 377 444 379
0 245 377 356 480
0 453 376 457 381
0 382 376 383 377
0 321 376 322 377
0 580 375 582 379
0 428 375 429 376
0 292 375 294 377
0 513 374 514 375
0 484 374 485 375
0 556 373 557 374
0 522 373 523 374
0 478 373 479 375
0 473 373 474 374
0 448 373 449 374
0 442 373 444 375
0 438 373 439 375
0 446 372 447 373
0 361 372 362 374
0 502 371 503 372
0 357 370 359 372
0 143 370 144 371
0 549 369 550 370
0 503 369 504 370
0 501 369 502 370
0 339 369 340 370
0 546 368 547 369
0 544 368 545 369
0 510 368 511 369
0 450 368 451 370
0 421 368 429 382
0 363 368 376 373
0 186 368 188 378
0 22 368 28 370
0 10 368 16 372
0 0 368 6 372
0 552 367 558 372
0 456 367 457 369
0 384 367 385 368
0 346 367 348 368
0 286 367 288 371
0 544 366 545 367
0 485 366 486 368
0 509 365 510 366
0 503 365 504 366
0 451 365 452 366
0 370 365 371 367
0 448 364 449 367
0 435 364 437 366
0 288 364 289 365
0 284 364 285 365
0 221 364 224 366
0 487 363 497 394
0 470 363 472 366
0 454 363 455 364
0 446 362 447 363
0 442 362 443 363
0 437 362 440 364
0 389 362 390 365
0 514 361 515 363
0 512 361 513 363
0 490 361 491 362
0 448 361 449 362
0 384 361 387 362
0 540 360 550 368
0 450 360 452 362
0 522 359 523 360
0 514 359 515 360
0 456 359 457 360
0 445 358 448 361
0 535 357 536 358
0 512 357 513 358
0 338 357 340 358
0 321 357 322 358
0 533 356 534 357
0 503 356 504 358
0 310 356 320 360
0 559 355 560 356
0 535 355 536 356
0 510 355 511 356
0 463 355 469 358
0 532 354 533 355
0 474 354 481 360
0 243 354 247 357
0 558 353 559 354
0 537 353 539 357
0 518 353 524 359
0 313 352 317 355
0 528 351 529 352
0 502 351 503 352
0 204 351 205 352
0 546 350 547 351
0 508 350 509 351
0 326 350 342 358
0 194 350 195 351
0 484 349 501 360
0 550 348 552 350
0 541 348 542 349
0 493 348 494 349
0 196 348 201 352
0 587 347 588 348
0 516 347 517 348
0 195 346 196 347
0 185 346 193 354
0 518 345 528 360
0 498 345 499 346
0 299 345 311 357
0 159 345 172 351
0 550 344 551 347
0 316 344 328 352
0 516 343 517 344
0 547 342 548 343
0 350 342 351 343
0 406 340 409 341
0 394 340 400 344
0 390 340 393 342
0 410 339 411 340
0 386 339 387 340
0 320 338 326 342
0 536 337 539 352
0 406 337 407 339
0 239 337 240 339
0 598 336 599 337
0 489 336 491 338
0 411 336 412 337
0 303 336 304 341
0 553 335 554 336
0 408 335 409 336
0 45 335 46 336
0 43 335 44 336
0 41 335 42 336
0 39 335 40 336
0 37 335 38 336
0 35 335 36 336
0 33 335 34 336
0 31 335 32 336
0 29 335 30 336
0 27 335 28 336
0 25 335 26 336
0 23 335 24 336
0 21 335 22 336
0 19 335 20 336
0 17 335 18 336
0 598 334 599 335
0 567 334 570 336
0 561 334 562 335
0 492 334 506 339
0 435 334 436 335
0 408 333 411 334
0 401 333 402 335
0 214 333 215 334
0 389 332 390 333
0 226 332 228 334
0 216 332 225 334
0 510 331 513 333
0 434 331 435 332
0 455 330 456 331
0 408 330 409 331
0 437 329 439 332
0 433 329 434 330
0 390 329 391 330
0 513 328 520 332
0 451 328 453 330
0 442 328 443 329
0 410 328 411 330
0 417 327 420 331
0 468 326 469 327
0 465 326 466 327
0 423 326 427 335
0 478 325 479 326
0 458 325 461 328
0 472 324 473 325
0 415 324 417 325
0 398 324 400 326
0 388 324 392 327
0 507 323 509 324
0 475 323 477 324
0 301 323 302 336
0 510 322 513 323
0 461 322 462 323
0 400 322 401 323
0 389 322 390 323
0 322 322 325 336
0 216 322 228 331
0 214 322 215 323
0 598 321 599 323
0 499 321 501 322
0 480 321 482 322
0 444 321 445 322
0 418 320 419 321
0 399 320 401 321
0 308 320 317 328
0 156 320 160 321
0 425 319 426 320
0 409 319 410 320
0 423 318 424 319
0 505 317 506 318
0 479 317 480 318
0 472 317 473 320
0 470 317 471 318
0 388 317 389 319
0 385 317 386 318
0 525 316 528 319
0 404 316 405 317
0 332 316 336 320
0 518 315 522 319
0 422 315 423 316
0 406 315 408 317
0 286 315 287 318
0 530 314 531 315
0 524 314 525 315
0 601 313 602 314
0 513 313 514 314
0 479 313 480 314
0 460 313 461 314
0 456 313 458 315
0 482 312 484 314
0 537 311 539 312
0 446 311 447 312
0 424 311 425 313
0 483 310 484 311
0 420 310 421 311
0 164 310 165 313
0 532 309 533 310
0 461 309 462 310
0 396 309 397 310
0 518 308 522 314
0 533 307 536 313
0 504 307 506 309
0 483 307 484 308
0 386 307 388 308
0 158 307 159 308
0 549 306 550 307
0 531 306 532 307
0 455 306 459 310
0 460 305 461 307
0 452 305 457 309
0 422 305 426 310
0 553 304 554 306
0 533 304 547 310
0 504 304 505 305
0 438 304 448 310
0 12 304 13 305
0 10 304 11 305
0 8 304 9 305
0 6 304 7 305
0 4 304 5 305
0 2 304 3 305
0 0 304 1 305
0 550 303 552 304
0 517 303 518 305
0 501 303 502 305
0 497 303 500 307
0 482 303 483 304
0 325 303 326 304
0 449 302 451 305
0 270 302 271 303
0 268 302 269 303
0 266 302 267 303
0 264 302 265 303
0 262 302 263 303
0 260 302 261 303
0 258 302 259 303
0 158 302 163 309
0 549 301 550 302
0 521 301 524 303
0 510 301 511 302
0 16 301 17 302
0 502 300 509 304
0 434 300 437 304
0 424 300 425 301
0 386 300 426 309
0 398 300 399 301
0 526 299 528 300
0 480 299 481 300
0 456 299 457 301
0 204 299 305 355
0 461 298 462 300
0 429 298 431 300
0 555 297 561 304
0 528 297 529 298
0 514 297 515 298
0 458 296 460 301
0 424 296 425 297
0 296 296 297 297
0 239 296 256 301
0 216 296 217 297
0 507 295 509 298
0 278 295 279 297
0 276 295 277 297
0 214 295 215 297
0 427 294 431 296
0 319 294 348 304
0 299 294 301 295
0 294 294 297 298
0 256 294 257 295
0 522 293 524 295
0 498 293 500 302
0 492 293 495 304
0 457 293 458 294
0 285 293 293 298
0 278 293 280 294
0 574 292 576 294
0 518 292 519 293
0 475 292 476 293
0 443 292 444 293
0 303 292 323 306
0 303 292 304 293
0 224 292 236 300
0 577 291 578 294
0 509 291 511 293
0 498 291 499 292
0 454 291 455 292
0 446 291 452 295
0 525 290 526 291
0 516 290 517 291
0 200 290 219 297
0 552 289 553 290
0 456 289 460 291
0 282 289 283 290
0 523 288 525 289
0 461 288 464 289
0 496 287 498 288
0 493 287 496 291
0 304 287 305 288
0 559 286 560 287
0 514 286 516 288
0 313 286 325 291
0 571 285 572 286
0 540 285 541 286
0 284 285 293 291
0 223 285 224 286
0 547 284 548 285
0 507 284 508 285
0 500 284 509 292
0 307 283 310 287
0 296 283 297 284
0 552 282 553 283
0 493 282 494 283
0 373 282 374 283
0 538 281 539 282
0 500 280 506 282
0 485 280 486 281
0 595 279 596 280
0 507 279 508 281
0 282 279 283 280
0 495 278 496 279
0 532 277 533 278
0 511 277 513 279
0 490 276 491 277
0 304 276 305 277
0 594 275 595 276
0 375 275 376 276
0 312 275 313 277
0 256 275 265 280
0 496 274 497 277
0 452 274 453 275
0 593 273 594 274
0 492 273 494 275
0 312 272 314 274
0 586 271 587 272
0 542 271 543 272
0 529 271 530 273
0 496 271 497 272
0 537 270 538 271
0 370 270 371 271
0 231 270 233 271
0 541 269 542 270
0 527 269 528 270
0 387 269 389 271
0 267 269 268 270
0 229 269 230 270
0 481 268 482 269
0 390 268 391 269
0 501 267 511 278
0 526 266 527 267
0 483 266 487 268
0 304 266 306 272
0 266 266 267 267
0 559 265 561 268
0 537 265 538 267
0 512 265 513 266
0 492 265 496 271
0 487 265 489 267
0 238 265 240 268
0 527 263 530 266
0 378 263 379 264
0 289 263 291 266
0 540 262 542 264
0 408 262 409 263
0 380 262 383 267
0 507 261 512 264
0 502 260 508 264
0 290 260 291 261
0 601 259 602 260
0 597 259 598 260
0 562 259 564 261
0 546 259 547 261
0 540 259 542 260
0 515 259 516 260
0 512 259 514 260
0 509 258 510 259
0 284 258 285 259
0 526 257 527 258
0 415 257 416 258
0 290 257 291 259
0 280 257 281 258
0 262 257 306 286
0 550 256 553 259
0 386 256 389 258
0 276 256 282 263
0 539 255 540 257
0 535 255 536 256
0 290 255 291 256
0 567 254 569 255
0 307 254 313 281
0 379 253 380 254
0 569 252 570 253
0 416 248 433 253
0 306 248 311 259
0 302 248 304 251
0 270 248 271 249
0 200 248 201 249
0 399 246 402 252
0 312 246 313 247
0 272 246 297 252
0 408 245 416 253
0 308 244 310 247
0 354 243 385 248
0 288 242 293 246
0 332 241 353 246
0 274 241 277 242
0 440 237 464 245
0 415 236 432 243
0 288 236 321 245
0 284 235 285 236
0 414 233 415 234
0 425 232 426 233
0 284 232 287 236
0 412 231 413 233
0 391 230 392 231
0 363 229 412 240
0 387 229 388 230
0 337 229 352 233
0 497 228 498 229
0 401 228 402 229
0 493 227 496 228
0 472 227 473 228
0 444 227 448 231
0 516 226 517 227
0 468 225 470 226
0 378 225 379 226
0 370 225 372 226
0 464 224 465 225
0 433 224 434 226
0 374 224 375 225
0 504 223 505 224
0 494 223 495 224
0 272 223 325 237
0 528 222 530 224
0 463 222 464 223
0 438 222 439 223
0 585 221 586 222
0 485 221 486 222
0 448 221 449 222
0 570 220 571 221
0 503 220 513 229
0 500 220 503 227
0 496 220 499 224
0 586 219 587 220
0 572 219 573 220
0 516 219 519 224
0 504 219 505 220
0 398 219 399 220
0 591 218 592 219
0 565 218 566 219
0 554 218 555 219
0 546 218 549 223
0 488 218 489 219
0 460 218 461 219
0 432 218 433 219
0 418 218 419 219
0 513 217 514 218
0 494 217 496 219
0 485 217 486 219
0 506 216 510 223
0 498 216 500 219
0 459 216 460 217
0 442 216 443 217
0 566 215 570 220
0 532 215 533 216
0 515 215 516 216
0 397 215 398 216
0 269 215 271 216
0 590 214 592 216
0 536 214 537 216
0 509 214 510 215
0 282 214 283 215
0 551 213 552 214
0 481 213 483 218
0 428 213 429 214
0 274 213 282 221
0 583 212 584 213
0 479 212 481 213
0 311 212 312 213
0 586 211 590 214
0 580 211 582 214
0 531 211 535 214
0 511 211 513 214
0 418 211 419 212
0 403 211 415 232
0 308 211 320 221
0 555 210 560 216
0 517 210 522 217
0 442 210 443 211
0 592 209 593 212
0 590 209 591 210
0 506 209 507 210
0 453 209 454 210
0 417 209 418 210
0 555 208 558 210
0 474 208 477 212
0 546 207 551 215
0 523 207 527 210
0 509 207 510 208
0 502 207 503 208
0 488 207 491 212
0 419 207 420 208
0 281 207 282 208
0 590 206 592 208
0 534 206 535 207
0 498 206 499 207
0 412 206 413 209
0 561 205 564 210
0 463 205 473 211
0 381 205 382 206
0 284 205 285 207
0 591 204 592 205
0 557 204 560 207
0 556 204 557 205
0 534 204 536 205
0 511 204 513 208
0 454 204 455 205
0 414 204 415 205
0 316 204 320 209
0 495 203 497 204
0 519 202 523 206
0 433 202 434 203
0 577 201 578 202
0 532 201 533 202
0 444 201 445 202
0 589 200 592 203
0 519 200 520 201
0 555 199 556 200
0 475 199 476 201
0 561 198 562 199
0 547 198 548 199
0 543 197 544 198
0 523 197 524 198
0 481 197 486 205
0 475 197 476 198
0 559 196 560 197
0 454 196 455 197
0 284 196 285 197
0 552 195 553 196
0 526 195 527 196
0 419 195 421 197
0 412 195 415 201
0 389 195 410 214
0 455 194 456 195
0 434 194 435 195
0 504 193 511 203
0 421 193 422 194
0 554 192 555 194
0 541 192 544 195
0 527 192 528 194
0 515 192 518 198
0 481 192 496 201
0 406 192 407 193
0 400 192 406 200
0 389 192 390 193
0 285 192 288 194
0 560 191 561 192
0 548 191 550 196
0 540 191 541 192
0 525 191 526 192
0 470 191 475 194
0 274 191 275 192
0 502 190 503 191
0 420 190 421 192
0 361 190 362 191
0 316 190 317 191
0 547 189 548 190
0 535 189 536 190
0 533 189 534 192
0 509 189 510 190
0 524 188 525 189
0 362 188 364 189
0 547 187 548 188
0 544 187 545 188
0 521 187 522 188
0 498 187 499 189
0 276 187 282 192
0 539 186 541 187
0 466 186 467 188
0 452 186 460 192
0 484 185 485 186
0 464 184 465 185
0 542 183 543 184
0 533 183 536 185
0 516 182 518 184
0 445 182 446 184
0 441 182 442 184
0 396 182 399 186
0 312 182 322 198
0 558 181 561 184
0 514 181 515 182
0 511 181 513 182
0 400 181 448 192
0 374 181 375 182
0 372 181 373 182
0 370 181 371 182
0 321 181 322 182
0 311 181 316 189
0 441 180 442 181
0 376 180 394 187
0 543 179 544 182
0 452 179 453 181
0 286 179 288 182
0 530 178 534 182
0 422 178 423 179
0 418 178 420 181
0 385 178 386 179
0 447 177 449 178
0 416 177 417 178
0 358 177 365 185
0 286 177 289 178
0 474 176 476 178
0 332 176 352 184
0 530 175 533 177
0 514 175 517 181
0 491 175 492 176
0 486 175 488 177
0 423 174 424 175
0 369 174 370 175
0 300 174 303 176
0 531 173 532 174
0 502 173 503 174
0 411 173 413 178
0 320 173 327 177
0 306 173 316 178
0 284 173 285 174
0 274 173 275 175
0 521 172 524 175
0 511 172 512 173
0 424 172 425 173
0 366 172 367 173
0 276 172 277 175
0 468 171 469 172
0 454 171 456 173
0 524 170 525 172
0 484 170 485 171
0 317 170 318 171
0 537 169 539 172
0 522 169 523 171
0 458 169 459 170
0 565 168 567 170
0 533 168 535 171
0 384 168 385 171
0 514 167 518 174
0 374 167 375 168
0 290 167 291 169
0 574 166 575 167
0 498 166 500 168
0 482 166 484 167
0 452 166 453 167
0 545 165 546 166
0 339 165 340 167
0 303 165 304 167
0 564 164 566 167
0 558 164 559 165
0 371 164 373 166
0 341 164 342 165
0 496 163 498 165
0 472 163 473 164
0 446 163 447 164
0 409 163 415 169
0 379 163 381 165
0 516 162 519 167
0 423 162 424 163
0 418 162 419 163
0 515 161 516 162
0 496 161 497 162
0 302 161 303 162
0 503 160 505 162
0 472 160 474 162
0 541 158 543 160
0 524 158 527 164
0 517 158 519 160
0 465 158 466 159
0 412 158 413 159
0 504 157 511 168
0 367 157 369 158
0 281 157 285 159
0 500 156 501 157
0 322 156 326 160
0 310 156 323 166
0 496 155 499 156
0 449 155 450 156
0 286 155 292 164
0 281 155 282 156
0 515 153 516 154
0 420 153 422 154
0 412 153 416 157
0 291 153 292 154
0 464 152 468 157
0 444 152 445 153
0 418 152 419 154
0 289 152 290 153
0 478 151 480 153
0 452 151 456 153
0 470 150 471 151
0 321 150 322 153
0 363 149 364 150
0 317 149 319 152
0 584 148 585 149
0 432 148 433 149
0 422 148 423 149
0 371 148 372 149
0 574 147 575 148
0 528 147 533 153
0 290 147 291 149
0 536 146 537 149
0 323 146 327 155
0 292 146 293 147
0 287 146 289 150
0 584 145 585 146
0 561 145 562 147
0 428 145 430 149
0 312 145 313 148
0 536 144 537 145
0 501 144 507 150
0 324 144 327 145
0 308 144 311 149
0 293 144 294 145
0 288 144 289 145
0 509 143 510 144
0 316 143 317 146
0 560 142 562 144
0 532 142 533 143
0 290 142 294 145
0 286 141 287 142
0 521 140 532 146
0 517 140 520 143
0 328 140 329 142
0 530 139 532 141
0 512 139 515 141
0 382 139 413 161
0 364 139 366 143
0 540 138 541 139
0 520 138 522 139
0 411 138 412 139
0 323 138 325 139
0 529 137 530 138
0 523 137 524 138
0 404 137 405 138
0 532 136 534 138
0 527 135 528 136
0 374 135 375 136
0 548 134 550 137
0 324 134 325 135
0 543 133 548 140
0 533 133 534 135
0 327 133 329 134
0 290 132 291 133
0 288 132 289 133
0 282 132 287 136
0 556 131 558 133
0 356 131 357 132
0 328 131 329 132
0 326 131 327 132
0 292 130 319 140
0 395 129 406 136
0 384 129 387 134
0 328 129 329 130
0 560 128 561 129
0 343 128 346 129
0 577 127 578 128
0 347 127 348 128
0 366 125 374 129
0 332 125 336 129
0 542 124 543 125
0 352 124 358 128
0 295 124 297 125
0 478 123 479 124
0 337 122 340 128
0 548 121 553 124
0 543 121 544 122
0 444 121 454 128
0 371 120 372 121
0 322 120 328 127
0 561 119 563 122
0 555 119 556 120
0 484 119 487 123
0 480 119 481 121
0 329 119 330 121
0 488 118 490 120
0 465 118 466 119
0 459 118 460 119
0 372 118 373 119
0 304 118 321 129
0 329 117 330 118
0 552 116 556 119
0 380 116 381 117
0 494 115 495 116
0 443 115 444 116
0 283 115 300 123
0 500 114 501 115
0 439 114 441 118
0 425 114 426 115
0 306 114 307 116
0 561 113 562 114
0 489 113 490 114
0 350 113 351 114
0 315 113 316 114
0 557 112 558 113
0 509 112 511 113
0 436 112 437 113
0 489 110 490 112
0 370 110 372 114
0 294 109 297 112
0 478 108 483 112
0 473 108 474 110
0 297 108 298 109
0 412 107 414 108
0 397 107 398 108
0 479 105 480 108
0 304 105 307 108
0 427 104 428 106
0 331 104 332 106
0 314 104 321 110
0 562 103 569 112
0 418 103 419 104
0 290 103 291 104
0 574 102 576 106
0 507 102 509 106
0 334 102 335 103
0 322 102 327 108
0 496 101 497 103
0 485 101 486 102
0 575 100 576 101
0 326 100 327 101
0 479 99 481 103
0 469 99 471 100
0 404 99 405 100
0 530 98 531 99
0 525 97 540 109
0 424 97 425 98
0 305 97 306 98
0 288 97 291 98
0 496 96 497 97
0 525 95 530 100
0 384 95 386 98
0 399 94 400 95
0 330 94 332 102
0 496 93 512 101
0 446 93 447 94
0 527 92 528 93
0 519 92 520 93
0 490 92 494 103
0 396 92 398 94
0 330 92 332 93
0 480 91 489 97
0 384 91 385 92
0 320 91 323 96
0 512 90 526 102
0 470 90 480 96
0 414 90 415 91
0 293 90 294 91
0 540 89 544 94
0 517 89 519 91
0 533 88 539 95
0 527 88 531 92
0 320 88 321 89
0 524 87 525 88
0 514 87 516 88
0 528 86 529 87
0 309 86 310 87
0 519 85 520 86
0 503 85 507 89
0 523 84 524 85
0 501 84 503 86
0 471 84 472 85
0 465 84 466 85
0 452 84 453 85
0 449 84 450 85
0 434 84 458 93
0 572 83 587 100
0 537 83 538 84
0 532 83 536 87
0 489 83 490 84
0 476 83 477 84
0 416 83 433 91
0 539 82 540 84
0 507 81 508 82
0 500 81 502 83
0 531 80 532 81
0 508 80 517 94
0 497 80 501 91
0 444 80 445 81
0 402 80 413 87
0 327 80 329 86
0 308 80 309 81
0 534 79 535 80
0 522 79 523 80
0 518 79 519 80
0 467 79 468 80
0 548 78 549 79
0 546 78 547 79
0 538 78 540 80
0 387 78 400 85
0 308 78 313 79
0 543 77 545 80
0 523 76 527 80
0 480 76 482 79
0 467 76 468 77
0 300 76 301 77
0 528 75 530 83
0 483 75 487 81
0 288 75 294 78
0 519 74 522 81
0 481 74 482 75
0 441 74 442 75
0 389 74 390 75
0 558 73 560 74
0 306 73 307 75
0 535 72 536 73
0 530 72 531 74
0 491 72 492 73
0 465 72 466 73
0 344 72 355 79
0 295 72 296 74
0 524 71 525 72
0 517 71 520 73
0 483 71 484 73
0 339 71 342 76
0 474 70 475 71
0 398 70 399 71
0 541 69 542 70
0 532 69 533 70
0 529 69 531 71
0 416 69 418 71
0 551 68 552 69
0 516 68 518 70
0 477 67 478 69
0 398 67 400 69
0 307 67 327 75
0 543 66 544 67
0 436 66 437 67
0 379 66 383 71
0 509 65 513 69
0 494 65 495 70
0 456 65 458 70
0 288 65 304 71
0 593 64 595 67
0 554 64 555 65
0 549 64 550 65
0 314 64 315 65
0 564 63 565 64
0 535 63 542 69
0 560 62 561 63
0 557 62 558 63
0 545 62 546 63
0 425 62 426 63
0 378 62 380 64
0 350 62 351 63
0 454 61 456 64
0 595 60 596 62
0 492 60 493 61
0 294 60 295 61
0 564 59 566 61
0 481 59 482 60
0 377 59 379 61
0 537 58 539 63
0 515 58 516 59
0 566 57 567 58
0 545 57 548 60
0 508 57 513 65
0 477 57 479 59
0 428 57 429 58
0 376 57 377 58
0 553 56 555 58
0 484 56 494 62
0 460 56 461 58
0 622 55 623 58
0 496 55 500 61
0 560 54 561 56
0 555 54 556 56
0 548 54 549 55
0 392 54 393 55
0 494 53 495 54
0 296 53 297 54
0 470 52 471 53
0 324 52 325 56
0 460 51 463 54
0 347 51 348 52
0 599 50 600 52
0 445 50 446 52
0 400 50 402 53
0 301 50 305 55
0 483 49 485 50
0 455 49 456 50
0 565 48 566 49
0 557 48 558 49
0 294 48 299 51
0 312 47 313 49
0 299 47 300 48
0 532 46 533 47
0 401 46 402 47
0 299 45 300 46
0 521 43 527 54
0 519 43 520 44
0 505 43 507 45
0 484 43 485 44
0 297 43 298 44
0 372 42 376 55
0 565 41 566 42
0 558 41 560 43
0 545 41 549 45
0 486 41 519 54
0 555 40 557 43
0 549 40 553 45
0 527 40 528 42
0 523 40 524 42
0 514 40 515 41
0 602 39 604 43
0 415 39 418 42
0 546 38 547 39
0 466 38 483 47
0 437 38 438 39
0 400 38 402 41
0 337 38 338 39
0 0 38 4 48
0 322 37 325 41
0 345 36 346 38
0 297 36 299 38
0 1 36 2 37
0 489 35 490 36
0 460 35 464 45
0 560 34 562 36
0 318 34 319 35
0 305 34 308 37
0 556 33 558 34
0 345 33 346 34
0 18 33 19 39
0 1 33 2 35
0 528 32 529 33
0 514 32 516 34
0 441 32 453 42
0 445 32 447 33
0 547 31 549 34
0 462 31 464 34
0 449 31 450 32
0 371 31 372 32
0 565 30 566 31
0 540 30 544 33
0 344 30 345 31
0 527 29 528 31
0 543 28 544 29
0 541 28 542 29
0 539 28 540 29
0 400 28 437 41
0 555 27 556 28
0 552 27 553 29
0 524 27 541 48
0 530 27 531 28
0 402 27 403 28
0 338 26 339 27
0 324 26 326 32
0 390 25 397 32
0 426 24 427 26
0 382 24 388 31
0 338 24 339 25
0 568 23 569 24
0 532 23 533 26
0 300 23 304 27
0 501 22 502 23
0 569 21 570 22
0 457 21 460 24
0 371 21 381 29
0 577 20 578 21
0 568 19 570 20
0 539 19 540 20
0 457 19 458 20
0 548 17 549 18
0 542 17 544 18
0 499 17 505 21
0 493 17 494 19
0 459 17 460 18
0 343 17 345 25
0 338 17 341 22
0 539 16 541 18
0 525 16 531 23
0 504 16 505 17
0 371 16 372 17
0 542 15 543 16
0 408 15 409 16
0 341 15 343 16
0 268 15 272 18
0 496 14 497 15
0 506 13 509 16
0 457 13 458 14
0 416 13 420 16
0 414 13 415 14
0 386 13 388 15
0 305 13 320 18
0 302 13 303 15
0 300 13 301 15
0 541 12 542 13
0 455 11 457 12
0 381 11 384 14
0 286 11 288 13
0 415 10 416 11
0 565 9 566 10
0 549 9 550 10
0 507 7 508 8
0 502 7 504 10
0 344 7 345 8
0 572 6 579 19
0 527 6 529 7
0 316 6 319 7
0 608 5 610 7
0 556 5 557 6
0 454 5 455 6
0 576 4 577 5
0 565 4 566 5
0 410 4 411 5
0 322 4 328 21
0 345 3 346 4
0 535 2 536 3
0 577 1 578 3
0 575 0 576 1
0 564 0 565 1
0 556 0 559 3
0 535 0 547 12
0 525 0 533 5
0 328 0 329 3
0 0 0 293 480
