0 249 471 250 472
0 309 464 311 465
0 203 457 204 458
0 180 453 202 464
0 370 449 371 450
0 315 449 316 450
0 317 448 319 450
0 365 444 368 446
0 387 443 388 444
0 372 442 379 447
0 503 432 506 434
0 394 427 395 428
0 385 425 392 427
0 7 425 8 426
0 344 423 345 424
0 388 422 394 425
0 214 422 215 423
0 395 421 396 422
0 384 421 385 422
0 344 418 352 423
0 448 417 449 418
0 407 416 408 417
0 344 416 345 417
0 452 415 453 416
0 376 415 377 416
0 351 415 352 416
0 384 411 388 416
0 350 407 351 408
0 296 405 297 406
0 422 403 423 404
0 420 403 421 404
0 415 403 417 404
0 407 403 412 405
0 368 403 369 404
0 378 402 382 408
0 324 401 328 406
0 426 400 429 402
0 415 400 416 401
0 411 400 413 401
0 346 400 350 408
0 201 400 337 480
0 0 400 4 417
0 430 399 431 400
0 318 399 319 400
0 316 399 317 400
0 314 399 315 400
0 312 399 313 400
0 310 399 311 400
0 308 399 309 400
0 306 399 307 400
0 513 397 520 402
0 331 397 334 401
0 41 397 42 398
0 522 396 524 397
0 375 396 377 399
0 341 396 346 398
0 338 396 340 398
0 335 396 337 398
0 506 395 507 396
0 37 395 38 396
0 374 394 375 395
0 0 394 2 395
0 531 392 532 393
0 528 392 530 394
0 437 392 440 395
0 432 391 433 393
0 430 390 431 391
0 286 390 293 399
0 508 389 516 395
0 318 389 319 390
0 314 389 315 390
0 306 389 307 390
0 287 389 288 390
0 504 388 505 390
0 310 387 313 388
0 291 387 292 388
0 288 387 291 390
0 416 386 429 390
0 342 386 379 422
0 342 386 346 389
0 318 386 320 388
0 314 386 315 387
0 299 386 307 390
0 294 386 296 388
0 107 386 111 388
0 507 385 512 388
0 300 385 301 386
0 325 384 341 400
0 287 384 289 386
0 12 384 17 390
0 515 382 522 384
0 394 382 416 394
0 391 381 397 383
0 524 380 525 381
0 297 380 300 382
0 557 379 558 380
0 559 378 560 379
0 348 378 351 380
0 338 378 347 385
0 298 378 300 379
0 521 376 532 380
0 517 376 519 377
0 301 375 337 382
0 505 374 516 376
0 291 373 293 374
0 555 372 556 373
0 548 372 555 379
0 544 372 545 375
0 310 372 313 374
0 497 371 504 375
0 296 371 298 373
0 531 370 538 375
0 528 370 530 371
0 562 369 571 376
0 512 369 516 373
0 503 369 504 370
0 486 369 487 370
0 304 369 307 371
0 299 369 300 370
0 539 368 544 372
0 540 368 541 369
0 534 368 535 369
0 530 368 531 369
0 528 368 529 369
0 516 368 525 371
0 338 368 347 374
0 290 368 293 370
0 288 367 290 369
0 477 366 481 369
0 295 366 299 370
0 294 366 296 368
0 573 364 576 367
0 554 364 559 369
0 560 363 565 372
0 546 363 551 366
0 480 362 491 368
0 578 361 581 362
0 312 361 337 372
0 302 360 303 361
0 491 359 506 366
0 585 358 586 359
0 485 358 489 362
0 412 357 438 372
0 511 356 513 367
0 217 356 218 357
0 579 354 586 360
0 609 353 610 354
0 22 352 23 353
0 490 351 491 352
0 488 351 489 352
0 474 351 484 361
0 20 349 21 350
0 589 347 593 352
0 169 347 171 349
0 24 347 25 349
0 26 346 29 347
0 470 345 471 346
0 579 344 580 345
0 594 343 599 347
0 464 343 469 350
0 4 342 128 421
0 600 341 601 342
0 158 340 160 341
0 604 338 605 339
0 606 336 608 338
0 497 336 567 360
0 538 336 539 337
0 481 334 493 336
0 149 333 157 336
0 617 332 623 335
0 614 332 615 333
0 528 332 534 337
0 513 332 525 335
0 618 325 620 327
0 621 324 624 329
0 447 318 451 322
0 449 316 450 317
0 185 316 187 318
0 637 315 639 316
0 31 315 32 316
0 180 314 182 318
0 636 313 640 314
0 0 311 9 324
0 63 307 64 308
0 66 301 75 305
0 512 299 513 301
0 537 297 538 298
0 49 297 57 301
0 531 294 537 297
0 529 294 531 297
0 0 294 8 301
0 76 291 86 298
0 599 281 600 282
0 593 281 598 282
0 639 280 640 281
0 636 279 637 280
0 574 278 577 280
0 629 277 633 281
0 579 277 580 278
0 635 272 638 275
0 566 266 567 267
0 561 265 565 268
0 382 262 383 263
0 526 261 527 262
0 372 260 374 261
0 630 259 638 265
0 372 257 373 258
0 598 256 604 259
0 588 253 591 255
0 601 248 603 249
0 620 247 621 248
0 618 247 619 248
0 616 247 617 248
0 613 247 614 248
0 560 245 561 246
0 605 242 607 243
0 514 241 516 242
0 573 240 575 241
0 50 225 51 227
0 64 217 65 218
0 46 214 47 215
0 44 208 47 210
0 33 196 34 197
0 112 195 114 196
0 112 193 114 194
0 14 187 15 188
0 14 184 15 185
0 11 184 12 185
0 9 180 10 181
0 15 179 16 180
0 12 179 13 180
0 12 175 13 176
0 10 175 11 176
0 8 175 9 176
0 6 175 7 176
0 101 174 111 176
0 97 174 100 176
0 7 173 8 174
0 9 164 15 166
0 95 160 112 162
0 139 158 141 159
0 38 158 39 159
0 36 158 37 159
0 42 157 43 159
0 40 157 41 159
0 44 156 45 159
0 0 150 96 206
0 88 149 89 150
0 70 149 72 150
0 73 148 81 151
0 209 81 210 82
0 207 81 208 82
0 206 76 207 78
0 214 67 229 76
0 227 64 229 66
0 223 61 228 63
0 16 50 32 55
0 7 28 24 48
