0 223 290 224 291
0 221 278 224 282
0 216 277 219 282
0 473 274 475 275
0 202 274 208 280
0 186 272 193 277
0 187 254 191 256
0 171 254 174 256
0 176 252 185 259
0 174 248 176 250
0 162 248 168 251
0 200 247 205 250
0 183 241 194 248
0 267 239 275 248
0 152 236 156 238
0 249 231 256 237
0 190 227 197 230
0 211 223 239 264
0 250 219 251 220
0 253 216 314 237
0 228 215 231 218
0 307 212 312 218
0 317 211 320 218
0 94 209 95 210
0 90 209 92 210
0 252 207 256 214
0 266 205 268 206
0 214 166 218 169
0 96 164 99 167
0 184 161 185 163
0 182 161 183 162
0 2 160 3 161
0 222 159 223 160
0 209 159 210 161
0 0 159 1 161
0 200 145 201 146
0 355 129 356 130
0 358 126 365 128
0 370 124 371 125
0 154 123 155 124
0 386 121 387 122
0 156 121 159 124
0 401 119 402 120
0 379 117 395 124
0 123 111 127 114
0 120 110 121 112
0 174 65 175 66
0 290 46 291 47
0 284 32 287 34
