0 285 447 286 448
0 238 446 240 448
0 252 445 254 446
0 263 440 266 443
0 241 439 243 441
0 274 437 275 438
0 276 436 277 437
0 270 435 272 440
0 283 434 284 435
0 280 434 281 435
0 305 432 306 433
0 287 432 288 433
0 279 432 280 433
0 255 432 270 448
0 275 429 276 432
0 320 427 321 428
0 272 427 273 429
0 262 426 270 433
0 334 414 335 415
0 335 392 336 393
0 346 381 347 382
0 336 377 345 392
0 340 373 342 376
0 207 357 208 358
0 206 354 208 356
0 322 352 328 358
0 356 349 357 350
0 351 348 352 349
0 204 341 206 342
0 207 340 208 342
0 350 338 356 348
0 204 335 205 336
0 304 333 305 334
0 218 329 220 331
0 192 320 193 322
0 228 319 230 320
0 300 316 304 321
0 202 316 218 326
0 194 314 198 318
0 219 310 221 312
0 215 310 216 311
0 288 309 301 325
0 199 306 201 309
0 208 302 209 303
0 208 298 211 301
0 217 294 218 295
0 222 290 223 291
0 230 289 247 307
0 227 288 228 290
0 497 265 499 266
