0 50 330 112 384
0 112 328 115 330
0 61 325 65 332
0 51 319 58 325
0 104 318 105 319
0 49 316 52 319
0 47 315 48 319
0 70 309 71 310
0 76 306 101 326
0 56 302 57 303
0 29 299 71 312
0 39 298 40 299
0 21 292 30 300
0 165 281 167 283
0 1 277 3 279
0 177 276 179 278
0 192 270 195 272
0 200 263 201 264
0 25 263 27 265
0 130 259 131 260
0 124 256 128 258
0 210 253 224 259
0 106 247 123 256
0 126 245 127 246
0 0 242 32 288
0 269 227 272 230
0 46 225 47 226
0 156 223 159 224
0 192 218 198 224
0 139 217 140 218
0 30 216 36 221
0 162 213 163 214
0 481 210 484 213
0 0 210 45 236
0 104 203 107 205
0 500 201 503 205
0 495 201 496 204
0 489 201 491 202
0 476 196 480 198
0 471 194 473 195
0 145 163 147 164
0 32 160 40 163
0 495 157 496 158
0 128 153 256 223
0 220 150 223 152
0 566 144 567 145
0 90 135 96 138
0 556 118 563 123
0 504 115 518 127
0 519 110 520 111
0 518 109 534 115
0 385 105 390 107
0 393 101 395 103
0 329 101 332 103
0 368 94 371 96
0 555 93 556 94
0 377 91 378 92
0 372 87 373 88
0 367 84 371 88
0 342 75 366 86
0 336 73 337 74
0 344 70 345 71
0 310 57 311 58
0 414 28 416 29
0 430 27 431 28
0 428 27 429 28
0 410 27 411 28
0 406 27 408 28
0 398 26 400 27
0 394 26 397 27
0 430 25 431 26
0 434 24 435 25
0 432 24 433 25
0 421 24 429 27
0 398 24 399 25
0 404 23 407 26
0 400 23 401 24
0 442 22 443 23
0 438 22 441 24
0 398 22 399 23
0 452 21 454 23
0 445 21 451 24
0 382 20 384 23
0 251 20 252 21
0 456 19 467 21
0 248 18 249 19
0 443 15 445 16
0 408 15 442 27
0 323 13 325 14
0 319 13 321 15
0 316 13 318 15
0 328 12 329 13
0 333 8 339 12
0 576 4 577 5
0 571 2 572 3
