0 305 409 307 411
0 413 395 415 396
0 409 394 411 395
0 422 390 424 391
0 422 387 423 389
0 163 382 165 383
0 200 381 201 382
0 197 380 198 381
0 336 378 338 380
0 162 377 163 378
0 487 376 491 379
0 159 376 160 377
0 201 375 211 378
0 167 375 172 377
0 431 374 432 375
0 341 374 342 375
0 432 372 436 378
0 340 371 343 373
0 336 370 339 371
0 172 370 174 371
0 169 368 170 369
0 341 346 432 386
0 294 344 304 349
0 472 343 474 345
0 304 342 309 347
0 300 340 304 343
0 220 337 226 342
0 311 336 315 340
0 88 334 90 336
0 215 332 225 337
0 310 325 313 328
0 121 305 122 306
0 246 302 251 307
0 0 300 178 334
0 133 272 137 275
0 136 250 137 251
0 133 250 134 251
0 389 246 390 248
0 398 245 399 247
0 44 235 131 292
0 75 234 76 236
0 64 233 69 236
0 230 201 231 202
0 250 200 252 202
0 174 194 245 231
0 225 192 253 205
