0 626 479 627 480
0 629 478 630 479
0 633 454 635 455
0 633 452 634 453
0 626 449 630 452
0 625 445 627 447
0 619 399 623 402
0 550 343 553 345
0 575 336 579 340
0 638 326 640 329
0 545 319 546 320
0 622 315 623 317
0 620 305 624 309
0 619 304 621 307
0 538 286 539 287
0 441 276 443 278
0 614 263 615 264
0 607 262 610 265
0 630 260 631 261
0 614 258 617 262
0 607 258 612 261
0 630 256 632 258
0 614 256 616 257
0 613 249 614 250
0 610 249 611 250
0 606 241 607 242
0 161 222 162 223
0 300 215 301 216
0 298 215 299 216
0 258 204 264 208
0 250 203 251 204
0 614 202 620 208
0 621 201 624 204
0 285 198 298 208
0 258 193 259 194
0 260 192 262 194
0 239 191 257 212
0 255 188 267 190
0 267 187 288 207
