0 512 476 513 477
0 516 475 517 476
0 518 474 519 475
0 416 464 421 466
0 223 458 224 459
0 208 454 257 468
0 357 447 358 448
0 355 447 356 448
0 304 447 305 448
0 269 446 271 447
0 256 446 262 448
0 271 443 272 445
0 240 442 245 450
0 320 440 321 441
0 303 440 304 442
0 347 439 350 441
0 240 437 242 440
0 319 436 354 458
0 315 436 318 438
0 356 432 384 448
0 352 432 359 444
0 340 432 347 435
0 244 432 256 438
0 96 428 112 432
0 368 426 370 430
0 416 424 447 438
0 344 424 346 426
0 272 424 301 442
0 284 423 288 424
0 375 415 400 433
0 81 415 84 418
0 353 413 368 419
0 368 408 379 410
0 307 408 320 415
0 417 407 418 410
0 417 401 418 406
0 368 399 384 406
0 337 398 351 400
0 334 393 335 394
0 284 393 288 396
0 384 392 400 396
0 368 384 400 391
0 449 365 450 366
0 449 361 450 364
0 432 351 434 352
0 432 336 454 359
0 124 318 128 320
0 528 314 544 320
0 158 302 160 303
0 513 301 516 304
0 183 283 188 288
0 290 276 291 277
0 288 276 289 277
0 181 276 182 278
0 224 236 230 241
0 211 225 212 226
0 218 224 222 226
0 471 218 472 219
0 397 200 398 201
0 379 200 384 203
0 413 192 414 193
0 463 142 464 143
0 430 134 431 135
0 31 48 36 52
0 0 38 27 51
0 113 36 116 40
0 28 34 49 46
0 80 31 86 35
0 61 30 63 31
0 48 28 56 30
0 495 26 496 27
0 474 20 475 21
0 87 18 88 19
0 64 18 85 25
0 456 15 457 16
0 101 15 103 16
0 454 14 455 15
0 151 14 152 15
0 105 14 106 15
0 109 13 110 14
0 444 9 448 12
0 432 9 435 10
0 171 9 172 10
0 169 9 170 10
0 427 8 429 9
0 423 7 424 8
0 417 6 419 7
0 411 4 415 5
0 241 2 256 8
0 193 0 200 2
0 111 0 186 36
