0 422 476 432 480
0 631 474 638 479
0 63 465 64 467
0 602 460 607 464
0 94 458 96 463
0 460 457 464 464
0 604 456 607 457
0 65 454 84 468
0 589 450 640 480
0 287 450 312 480
0 559 448 564 451
0 549 448 555 452
0 608 446 614 453
0 528 438 598 480
0 193 434 282 480
0 601 432 608 437
0 618 431 640 445
0 241 428 276 448
0 557 416 558 417
0 545 416 560 420
0 527 411 528 412
0 535 403 536 404
0 532 403 534 405
0 527 391 528 392
0 521 391 522 392
0 561 382 562 383
0 632 374 640 384
0 564 368 565 369
0 632 360 640 363
0 548 355 558 363
0 572 350 573 351
0 577 342 580 345
0 580 340 581 341
0 622 336 623 337
0 631 335 640 339
0 569 334 578 342
0 349 325 352 327
0 347 325 348 326
0 345 325 346 326
0 438 314 609 480
0 437 300 457 303
0 608 280 640 304
0 624 271 640 275
0 608 270 623 274
0 569 269 588 273
0 545 262 560 266
0 624 248 640 257
0 466 241 467 242
0 577 238 591 240
0 592 236 608 240
0 478 209 479 210
0 624 208 636 224
0 631 201 640 216
0 279 167 280 168
0 277 165 278 166
0 273 165 276 168
0 278 163 279 164
0 291 161 292 162
0 624 160 640 176
0 625 144 640 152
0 566 144 576 148
0 577 143 578 144
0 577 140 592 144
0 608 120 630 132
0 636 94 640 95
0 604 84 614 96
0 623 83 632 91
0 609 78 614 80
0 359 62 366 64
0 357 54 358 55
0 355 54 356 55
0 353 54 354 55
0 359 53 366 55
0 367 52 368 53
0 402 49 408 50
0 432 48 434 50
0 445 47 446 48
0 436 47 444 48
0 513 46 514 47
0 447 46 468 50
0 467 44 469 45
0 605 36 610 39
0 596 32 599 34
