0 0 470 4 480
0 215 465 216 466
0 444 460 447 463
0 433 448 434 449
0 608 434 609 435
0 426 433 432 447
0 563 423 564 424
0 291 423 292 424
0 591 416 595 436
0 576 415 580 423
0 285 412 288 416
0 576 409 577 411
0 576 400 577 401
0 600 398 602 403
0 305 397 306 398
0 314 394 327 401
0 600 387 602 394
0 333 387 336 393
0 555 384 564 401
0 312 381 320 390
0 341 380 344 384
0 556 371 557 377
0 508 367 525 416
0 349 363 352 368
0 327 363 330 364
0 519 362 520 364
0 529 361 533 376
0 315 361 339 380
0 520 356 522 360
0 512 353 516 361
0 522 352 523 354
0 519 351 521 352
0 515 350 518 352
0 513 346 516 351
0 584 344 585 347
0 530 344 532 348
0 523 342 524 345
0 587 340 588 343
0 520 337 521 340
0 518 336 596 480
0 572 304 640 439
0 565 303 567 306
0 513 303 518 314
0 570 299 571 300
0 515 296 519 302
0 513 296 514 300
0 560 289 570 301
0 554 288 560 368
0 536 274 537 275
0 508 262 549 360
0 270 259 272 261
0 279 234 315 274
0 480 232 483 234
0 479 230 480 231
0 467 218 475 225
0 463 213 464 215
0 209 188 220 197
0 452 187 458 191
0 167 182 395 480
0 522 128 523 129
0 597 115 640 202
0 488 107 489 108
0 282 103 283 104
0 304 102 336 154
0 165 86 169 90
0 139 81 155 92
0 211 58 218 66
0 0 29 57 99
0 489 0 640 183
