0 585 337 586 338
0 320 289 322 290
0 322 279 327 288
0 302 278 308 293
0 309 270 316 294
0 304 248 307 254
0 445 205 447 207
0 447 196 449 198
0 341 184 343 185
0 338 183 339 184
0 302 183 333 257
0 454 172 457 174
0 487 167 488 168
0 497 160 498 161
0 362 150 365 156
0 551 144 552 145
0 476 125 477 126
0 476 122 478 124
0 459 117 460 118
0 432 93 433 94
0 420 88 421 89
0 424 77 425 78
0 313 76 314 77
0 375 73 377 75
0 318 73 319 74
0 315 73 317 76
0 325 72 328 73
0 320 72 323 73
0 377 69 378 70
0 376 63 377 65
0 378 60 379 62
0 374 59 375 60
0 364 47 366 49
0 566 35 567 36
0 368 20 371 23
0 603 18 604 19
0 300 17 301 18
0 371 15 372 16
0 619 3 620 4
0 420 1 422 3
0 367 1 368 2
0 354 0 357 5
0 352 0 353 1
