0 112 244 116 247
0 204 241 205 242
0 192 224 196 228
0 120 224 121 226
0 198 222 199 223
0 193 217 194 218
0 120 205 124 208
0 122 196 125 201
0 268 194 269 196
0 197 192 289 237
0 138 186 139 187
0 125 183 139 192
0 268 182 283 192
0 279 180 280 181
0 137 177 142 180
0 39 142 45 161
0 39 140 40 141
0 305 136 308 139
0 163 134 170 142
0 339 125 340 127
0 169 124 174 131
0 173 122 174 123
0 340 121 342 124
0 72 107 80 118
0 32 106 35 115
0 78 102 80 103
0 79 100 80 101
0 64 100 68 103
0 60 96 63 99
0 92 71 93 72
0 24 54 25 55
0 184 46 185 47
0 0 44 23 54
0 156 41 159 45
0 182 38 199 50
0 251 32 253 37
0 351 21 352 22
0 349 21 350 22
0 347 21 348 22
0 345 21 346 22
0 343 21 344 22
0 341 21 342 22
0 339 21 340 22
0 385 16 388 18
0 349 15 350 16
0 347 15 348 16
0 345 15 346 16
0 343 15 344 16
0 341 15 342 16
0 339 15 340 16
0 141 11 148 18
0 194 7 200 10
0 529 2 543 4
0 609 0 640 12
0 584 0 592 4
0 261 0 338 32
0 251 0 260 40
