0 353 449 356 450
0 389 401 392 404
0 366 398 367 399
0 296 397 297 399
0 220 368 242 388
0 251 364 252 365
0 249 360 250 361
0 371 349 372 351
0 372 346 373 347
0 382 345 384 351
0 371 333 372 337
0 370 330 371 332
0 233 327 234 328
0 370 325 371 329
0 160 324 175 334
0 385 320 388 325
0 377 319 378 325
0 386 306 388 310
0 139 301 154 319
0 201 295 202 297
0 222 293 225 296
0 201 292 202 294
0 224 287 227 291
0 202 286 206 291
0 217 284 220 286
0 209 283 221 293
0 409 276 410 280
0 239 265 242 271
0 0 264 21 285
0 240 263 241 264
0 436 257 438 259
0 329 240 330 241
0 121 185 135 209
0 138 175 139 179
0 149 165 150 166
0 142 160 144 166
0 161 153 162 154
0 152 144 154 146
0 146 143 167 163
0 166 140 167 141
0 168 135 178 146
0 364 116 368 118
0 221 110 482 442
0 336 110 337 111
0 362 106 366 112
0 27 104 28 105
0 340 98 342 100
0 348 96 362 106
0 361 88 364 90
0 22 86 28 94
0 432 85 450 102
0 361 85 363 87
0 72 76 74 77
0 27 50 28 52
0 330 37 331 38
0 313 29 314 30
0 319 20 324 23
0 257 14 344 88
