0 184 460 185 461
0 186 459 187 460
0 189 454 190 455
0 194 382 196 383
0 92 363 107 376
0 183 353 194 401
0 190 342 192 346
0 271 313 272 314
0 273 311 274 313
0 287 310 288 311
0 273 307 274 308
0 257 301 261 304
0 254 301 255 302
0 255 299 256 300
0 257 284 270 297
0 195 278 196 279
0 184 272 191 282
0 195 268 196 269
0 195 265 196 266
0 184 262 186 263
0 187 260 192 266
0 195 258 196 261
0 182 251 189 255
0 39 229 44 234
0 41 196 65 206
0 264 193 311 312
0 98 193 105 206
0 89 192 95 199
0 142 178 143 179
0 80 169 81 170
0 92 163 94 165
0 97 155 156 190
0 281 148 284 155
0 278 135 279 136
0 84 134 90 144
0 277 128 278 129
0 276 124 277 126
0 272 111 274 114
0 271 107 272 108
0 269 102 270 104
0 69 102 73 105
0 144 97 148 99
0 267 95 268 96
0 266 93 267 94
0 148 91 160 110
0 141 90 147 93
0 138 89 139 90
0 136 86 138 88
0 131 81 134 85
0 64 75 65 76
0 106 48 112 63
0 239 46 243 51
0 152 11 164 20
0 112 0 148 80
