0 0.6609375 0.7739583333333333 0.003125 0.0020833333333333333
0 0.6671875 0.771875 0.003125 0.0020833333333333333
0 0.58984375 0.503125 0.1296875 0.5020833333333333
1 0.70234375 0.784375 0.0109375 0.00625
1 0.71796875 0.7822916666666667 0.0078125 0.010416666666666666
1 0.69609375 0.7697916666666667 0.0015625 0.0020833333333333333
1 0.7 0.76875 0.003125 0.004166666666666667
1 0.71640625 0.7385416666666667 0.0328125 0.05625
1 0.68671875 0.6583333333333333 0.0015625 0.004166666666666667
1 0.70546875 0.5979166666666667 0.0046875 0.004166666666666667
1 0.68046875 0.5760416666666667 0.0015625 0.0020833333333333333
1 0.7578125 0.33125 0.003125 0.004166666666666667
1 0.7171875 0.4583333333333333 0.078125 0.48333333333333334
1 0.8203125 0.084375 0.003125 0.0020833333333333333
1 0.825 0.065625 0.003125 0.01875
1 0.80234375 0.04479166666666667 0.0015625 0.0020833333333333333
1 0.75234375 0.03854166666666667 0.0046875 0.00625
1 0.77578125 0.035416666666666666 0.0015625 0.004166666666666667
1 0.76328125 0.036458333333333336 0.0046875 0.00625
1 0.73515625 0.014583333333333334 0.0046875 0.008333333333333333
1 0.8671875 0.004166666666666667 0.015625 0.008333333333333333
1 0.85078125 0.0020833333333333333 0.0015625 0.004166666666666667
1 0.8421875 0.0020833333333333333 0.003125 0.004166666666666667
1 0.80625 0.025 0.0875 0.05
1 0.74609375 0.016666666666666666 0.0296875 0.03333333333333333
1 0.7203125 0.003125 0.00625 0.00625
1 0.70546875 0.0020833333333333333 0.0046875 0.004166666666666667
