0 0.55234375 0.6302083333333334 0.0015625 0.00625
0 0.5515625 0.6104166666666667 0.003125 0.0125
0 0.48046875 0.596875 0.0015625 0.0020833333333333333
0 0.60390625 0.5322916666666667 0.0015625 0.0020833333333333333
0 0.5296875 0.5322916666666667 0.003125 0.0020833333333333333
0 0.46015625 0.5239583333333333 0.0015625 0.0020833333333333333
0 0.52734375 0.49895833333333334 0.0015625 0.0020833333333333333
0 0.52578125 0.49375 0.0015625 0.004166666666666667
0 0.58515625 0.48125 0.0015625 0.004166666666666667
0 0.57578125 0.478125 0.0015625 0.0020833333333333333
0 0.58046875 0.47604166666666664 0.0015625 0.0020833333333333333
0 0.57578125 0.471875 0.0015625 0.0020833333333333333
0 0.44296875 0.46979166666666666 0.0046875 0.00625
0 0.35703125 0.44166666666666665 0.0140625 0.025
0 0.40703125 0.42604166666666665 0.0140625 0.010416666666666666
0 0.578125 0.5916666666666667 0.134375 0.35833333333333334
0 0.43671875 0.35104166666666664 0.0015625 0.0020833333333333333
0 0.58671875 0.31875 0.0046875 0.004166666666666667
0 0.584375 0.31354166666666666 0.003125 0.0020833333333333333
0 0.57578125 0.309375 0.0015625 0.0020833333333333333
0 0.56328125 0.2989583333333333 0.0015625 0.0020833333333333333
0 0.5578125 0.29375 0.00625 0.004166666666666667
0 0.54765625 0.2875 0.0046875 0.004166666666666667
0 0.390625 0.2875 0.003125 0.004166666666666667
0 0.54296875 0.284375 0.0015625 0.0020833333333333333
0 0.53671875 0.28020833333333334 0.0015625 0.0020833333333333333
0 0.3953125 0.28125 0.003125 0.004166666666666667
0 0.509375 0.5208333333333334 0.309375 0.5208333333333334
1 0.121875 0.9979166666666667 0.00625 0.004166666666666667
1 0.49609375 0.9927083333333333 0.0015625 0.0020833333333333333
1 0.49296875 0.9927083333333333 0.0015625 0.0020833333333333333
1 0.48671875 0.9927083333333333 0.0015625 0.0020833333333333333
1 0.48359375 0.9927083333333333 0.0015625 0.0020833333333333333
1 0.48046875 0.9927083333333333 0.0015625 0.0020833333333333333
1 0.47734375 0.9927083333333333 0.0015625 0.0020833333333333333
1 0.5125 0.99375 0.028125 0.008333333333333333
1 0.4640625 0.990625 0.021875 0.00625
1 0.35 0.9885416666666667 0.00625 0.00625
1 0.4484375 0.9854166666666667 0.00625 0.004166666666666667
1 0.36328125 0.984375 0.0015625 0.0020833333333333333
1 0.12421875 0.9822916666666667 0.0015625 0.0020833333333333333
1 0.50078125 0.9802083333333333 0.0015625 0.0020833333333333333
1 0.4390625 0.9822916666666667 0.009375 0.00625
1 0.4234375 0.9802083333333333 0.003125 0.0020833333333333333
1 0.40546875 0.9802083333333333 0.0015625 0.0020833333333333333
1 0.45078125 0.978125 0.0015625 0.0020833333333333333
1 0.4296875 0.9802083333333333 0.00625 0.00625
1 0.4140625 0.9802083333333333 0.0125 0.00625
1 0.29609375 0.9822916666666667 0.0046875 0.010416666666666666
1 0.51328125 0.9760416666666667 0.0234375 0.00625
1 0.3859375 0.978125 0.03125 0.010416666666666666
1 0.47109375 0.975 0.0078125 0.008333333333333333
1 0.45390625 0.9739583333333334 0.0078125 0.00625
1 0.36484375 0.9697916666666667 0.0078125 0.00625
1 0.33828125 0.9770833333333333 0.0140625 0.020833333333333332
1 0.2 0.9729166666666667 0.05 0.0125
1 0.44453125 0.965625 0.0015625 0.0020833333333333333
1 0.440625 0.96875 0.003125 0.008333333333333333
1 0.41171875 0.9697916666666667 0.0234375 0.010416666666666666
1 0.34609375 0.9697916666666667 0.0078125 0.010416666666666666
1 0.08671875 0.965625 0.0015625 0.0020833333333333333
1 0.08828125 0.9760416666666667 0.0140625 0.022916666666666665
1 0.30390625 0.9645833333333333 0.0171875 0.020833333333333332
1 0.321875 0.959375 0.015625 0.014583333333333334
1 0.29921875 0.946875 0.0015625 0.00625
1 0.3078125 0.9385416666666667 0.003125 0.0020833333333333333
1 0.2625 0.95 0.025 0.03333333333333333
1 0.0984375 0.9260416666666667 0.003125 0.010416666666666666
1 0.07734375 0.928125 0.0078125 0.014583333333333334
1 0.07890625 0.9072916666666667 0.0015625 0.0020833333333333333
1 0.675 0.95 0.1 0.1
1 0.5125 0.9322916666666666 0.025 0.06458333333333334
1 0.0984375 0.90625 0.003125 0.0125
1 0.49453125 0.8989583333333333 0.0015625 0.0020833333333333333
1 0.07578125 0.890625 0.0015625 0.0020833333333333333
1 0.071875 0.86875 0.009375 0.029166666666666667
1 0.0703125 0.85 0.003125 0.008333333333333333
1 0.075 0.8072916666666666 0.003125 0.010416666666666666
1 0.64296875 0.7989583333333333 0.0015625 0.0020833333333333333
1 0.63203125 0.7989583333333333 0.0015625 0.0020833333333333333
1 0.5703125 0.7989583333333333 0.003125 0.0020833333333333333
1 0.071875 0.8 0.003125 0.004166666666666667
1 0.0609375 0.8114583333333333 0.015625 0.027083333333333334
1 0.64609375 0.7947916666666667 0.0015625 0.0020833333333333333
1 0.62890625 0.7947916666666667 0.0015625 0.0020833333333333333
1 0.553125 0.7958333333333333 0.0125 0.008333333333333333
1 0.52421875 0.7927083333333333 0.0015625 0.0020833333333333333
1 0.54609375 0.7864583333333334 0.0015625 0.0020833333333333333
1 0.54296875 0.7864583333333334 0.0015625 0.0020833333333333333
1 0.5546875 0.7864583333333334 0.00625 0.00625
1 0.53515625 0.7822916666666667 0.0015625 0.0020833333333333333
1 0.52421875 0.7822916666666667 0.0015625 0.0020833333333333333
1 0.046875 0.7895833333333333 0.009375 0.016666666666666666
1 0.56171875 0.7802083333333333 0.0015625 0.0020833333333333333
1 0.56484375 0.778125 0.0015625 0.0020833333333333333
1 0.64453125 0.7760416666666666 0.0015625 0.0020833333333333333
1 0.52890625 0.7739583333333333 0.0015625 0.0020833333333333333
1 0.52421875 0.7739583333333333 0.0015625 0.0020833333333333333
1 0.04765625 0.7697916666666667 0.0015625 0.0020833333333333333
1 0.6609375 0.7833333333333333 0.028125 0.03333333333333333
1 0.52421875 0.7677083333333333 0.0015625 0.0020833333333333333
1 0.52109375 0.7677083333333333 0.0015625 0.0020833333333333333
1 0.50703125 0.7677083333333333 0.0078125 0.0020833333333333333
1 0.50234375 0.7635416666666667 0.0015625 0.0020833333333333333
1 0.59921875 0.7614583333333333 0.0015625 0.0020833333333333333
1 0.6078125 0.8302083333333333 0.084375 0.13958333333333334
1 0.56796875 0.7625 0.0015625 0.004166666666666667
1 0.61171875 0.759375 0.0015625 0.0020833333333333333
1 0.51484375 0.759375 0.0015625 0.0020833333333333333
1 0.50546875 0.759375 0.0015625 0.0020833333333333333
1 0.61328125 0.753125 0.0015625 0.0020833333333333333
1 0.50390625 0.7541666666666667 0.0015625 0.004166666666666667
1 0.59921875 0.7510416666666667 0.0015625 0.0020833333333333333
1 0.60390625 0.7489583333333333 0.0015625 0.0020833333333333333
1 0.02421875 0.7489583333333333 0.0015625 0.0020833333333333333
1 0.61015625 0.7479166666666667 0.0015625 0.004166666666666667
1 0.50390625 0.746875 0.0015625 0.00625
1 0.02578125 0.7447916666666666 0.0015625 0.0020833333333333333
1 0.575 0.7489583333333333 0.003125 0.014583333333333334
1 0.66328125 0.7416666666666667 0.0015625 0.004166666666666667
1 0.50625 0.7395833333333334 0.003125 0.004166666666666667
1 0.59765625 0.734375 0.0015625 0.0020833333333333333
1 0.57265625 0.734375 0.0015625 0.0020833333333333333
1 0.50859375 0.734375 0.0015625 0.0020833333333333333
1 0.5828125 0.7333333333333333 0.00625 0.004166666666666667
1 0.49921875 0.7322916666666667 0.0015625 0.0020833333333333333
1 0.58046875 0.725 0.0015625 0.004166666666666667
1 0.50546875 0.7229166666666667 0.0015625 0.004166666666666667
1 0.58984375 0.7197916666666667 0.0015625 0.0020833333333333333
1 0.57578125 0.7177083333333333 0.0015625 0.0020833333333333333
1 0.66328125 0.71875 0.0015625 0.008333333333333333
1 0.50390625 0.715625 0.0015625 0.00625
1 0.48671875 0.7177083333333333 0.0234375 0.010416666666666666
1 0.58984375 0.7114583333333333 0.0015625 0.0020833333333333333
1 0.02265625 0.7229166666666667 0.0078125 0.029166666666666667
1 0.6859375 0.7166666666666667 0.028125 0.03333333333333333
1 0.66171875 0.7010416666666667 0.0015625 0.0020833333333333333
1 0.49921875 0.696875 0.0015625 0.0020833333333333333
1 0.48359375 0.69375 0.0078125 0.0125
1 0.04921875 0.6916666666666667 0.0015625 0.008333333333333333
1 0.58125 0.6864583333333333 0.003125 0.00625
1 0.49375 0.6875 0.009375 0.008333333333333333
1 0.0484375 0.684375 0.003125 0.0020833333333333333
1 0.66015625 0.6854166666666667 0.0015625 0.008333333333333333
1 0.66171875 0.6760416666666667 0.0015625 0.0020833333333333333
1 0.49140625 0.671875 0.0015625 0.0020833333333333333
1 0.653125 0.6729166666666667 0.003125 0.008333333333333333
1 0.03359375 0.6854166666666667 0.0140625 0.03333333333333333
1 0.67578125 0.6760416666666667 0.0015625 0.01875
1 0.6625 0.6666666666666666 0.00625 0.004166666666666667
1 0.57421875 0.665625 0.0015625 0.0020833333333333333
1 0.47734375 0.6708333333333333 0.0046875 0.0125
1 0.490625 0.6645833333333333 0.003125 0.008333333333333333
1 0.66328125 0.6552083333333333 0.0046875 0.010416666666666666
1 0.66015625 0.6520833333333333 0.0015625 0.004166666666666667
1 0.0484375 0.65625 0.003125 0.016666666666666666
1 0.56796875 0.640625 0.0015625 0.0020833333333333333
1 0.478125 0.6489583333333333 0.009375 0.01875
1 0.48359375 0.6385416666666667 0.0015625 0.0020833333333333333
1 0.0328125 0.6395833333333333 0.003125 0.004166666666666667
1 0.6734375 0.6395833333333333 0.00625 0.016666666666666666
1 0.65390625 0.6322916666666667 0.0046875 0.0020833333333333333
1 0.48359375 0.634375 0.0078125 0.022916666666666665
1 0.65078125 0.6197916666666666 0.0015625 0.014583333333333334
1 0.47734375 0.6020833333333333 0.0015625 0.004166666666666667
1 0.0390625 0.6020833333333333 0.003125 0.004166666666666667
1 0.04765625 0.5989583333333334 0.0015625 0.0020833333333333333
1 0.04453125 0.5989583333333334 0.0015625 0.0020833333333333333
1 0.0296875 0.6145833333333334 0.009375 0.03333333333333333
1 0.02421875 0.5927083333333333 0.0015625 0.0020833333333333333
1 0.02578125 0.5885416666666666 0.0015625 0.0020833333333333333
1 0.02578125 0.584375 0.0015625 0.0020833333333333333
1 0.64609375 0.5802083333333333 0.0015625 0.0020833333333333333
1 0.63828125 0.5802083333333333 0.0015625 0.0020833333333333333
1 0.01328125 0.5760416666666667 0.0015625 0.0020833333333333333
1 0.46328125 0.571875 0.0015625 0.0020833333333333333
1 0.0109375 0.5697916666666667 0.003125 0.00625
1 0.65859375 0.5666666666666667 0.0046875 0.004166666666666667
1 0.4546875 0.56875 0.003125 0.008333333333333333
1 0.65546875 0.5614583333333333 0.0015625 0.0020833333333333333
1 0.63671875 0.559375 0.0015625 0.0020833333333333333
1 0.46796875 0.5604166666666667 0.0015625 0.004166666666666667
1 0.0078125 0.5614583333333333 0.003125 0.00625
1 0.63046875 0.5572916666666666 0.0015625 0.0020833333333333333
1 0.459375 0.5625 0.003125 0.0125
1 0.00859375 0.5552083333333333 0.0015625 0.0020833333333333333
1 0.67265625 0.55625 0.0078125 0.008333333333333333
1 0.01328125 0.5541666666666667 0.0046875 0.004166666666666667
1 0.02265625 0.5489583333333333 0.0015625 0.0020833333333333333
1 0.665625 0.5479166666666667 0.003125 0.004166666666666667
1 0.63828125 0.546875 0.0015625 0.0020833333333333333
1 0.46171875 0.55 0.0078125 0.008333333333333333
1 0.46328125 0.5427083333333333 0.0015625 0.0020833333333333333
1 0.67578125 0.5375 0.0015625 0.004166666666666667
1 0.46015625 0.534375 0.0015625 0.0020833333333333333
1 0.01640625 0.5333333333333333 0.0015625 0.004166666666666667
1 0.62109375 0.528125 0.0015625 0.0020833333333333333
1 0.4515625 0.5208333333333334 0.003125 0.004166666666666667
1 0.44921875 0.515625 0.0015625 0.0020833333333333333
1 0.68828125 0.5166666666666667 0.0046875 0.03333333333333333
1 0.45 0.7 0.2 0.4
1 0.02421875 0.5020833333333333 0.0015625 0.004166666666666667
1 0.44296875 0.4979166666666667 0.0015625 0.004166666666666667
1 0.67890625 0.49583333333333335 0.0015625 0.004166666666666667
1 0.684375 0.49375 0.003125 0.008333333333333333
1 0.67734375 0.490625 0.0015625 0.0020833333333333333
1 0.43984375 0.490625 0.0015625 0.0020833333333333333
1 0.0125 0.5083333333333333 0.009375 0.041666666666666664
1 0.428125 0.48854166666666665 0.009375 0.022916666666666665
1 0.3625 0.48333333333333334 0.025 0.020833333333333332
1 0.4265625 0.47291666666666665 0.003125 0.004166666666666667
1 0.9875 0.48333333333333334 0.025 0.03333333333333333
1 0.43359375 0.475 0.0078125 0.016666666666666666
1 0.42265625 0.46770833333333334 0.0046875 0.0020833333333333333
1 0.36328125 0.46770833333333334 0.0015625 0.0020833333333333333
1 0.01015625 0.471875 0.0015625 0.010416666666666666
1 0.01640625 0.4635416666666667 0.0015625 0.0020833333333333333
1 0.42578125 0.46145833333333336 0.0015625 0.0020833333333333333
1 0.36640625 0.46145833333333336 0.0015625 0.0020833333333333333
1 0.40390625 0.4635416666666667 0.0078125 0.010416666666666666
1 0.38046875 0.46041666666666664 0.0015625 0.004166666666666667
1 0.3921875 0.4583333333333333 0.015625 0.008333333333333333
1 0.01328125 0.45729166666666665 0.0015625 0.00625
1 0.39140625 0.4510416666666667 0.0015625 0.0020833333333333333
1 0.67578125 0.453125 0.0015625 0.01875
1 0.40625 0.44895833333333335 0.00625 0.010416666666666666
1 0.41640625 0.4479166666666667 0.0078125 0.0125
1 0.01015625 0.44375 0.0015625 0.004166666666666667
1 0.36796875 0.44166666666666665 0.0015625 0.004166666666666667
1 0.01328125 0.44375 0.0015625 0.0125
1 0.01640625 0.44479166666666664 0.0015625 0.01875
1 0.33671875 0.44895833333333335 0.0234375 0.035416666666666666
1 0.04609375 0.4322916666666667 0.0015625 0.0020833333333333333
1 0.01640625 0.4322916666666667 0.0015625 0.0020833333333333333
1 0.01953125 0.43125 0.0015625 0.004166666666666667
1 0.02265625 0.42291666666666666 0.0046875 0.004166666666666667
1 0.3421875 0.421875 0.003125 0.010416666666666666
1 0.33515625 0.421875 0.0046875 0.010416666666666666
1 0.6609375 0.41458333333333336 0.003125 0.0125
1 0.65234375 0.40520833333333334 0.0015625 0.0020833333333333333
1 0.03125 0.41041666666666665 0.00625 0.0125
1 0.67421875 0.4114583333333333 0.0046875 0.01875
1 0.33046875 0.40520833333333334 0.0015625 0.00625
1 0.66171875 0.4010416666666667 0.0015625 0.0020833333333333333
1 0.03671875 0.39895833333333336 0.0015625 0.0020833333333333333
1 0.65078125 0.39375 0.0015625 0.008333333333333333
1 0.34921875 0.3854166666666667 0.0015625 0.004166666666666667
1 0.35546875 0.378125 0.0015625 0.0020833333333333333
1 0.04609375 0.384375 0.0109375 0.014583333333333334
1 0.35859375 0.371875 0.0015625 0.0020833333333333333
1 0.0484375 0.371875 0.003125 0.0020833333333333333
1 0.64140625 0.3625 0.0015625 0.004166666666666667
1 0.36484375 0.359375 0.0015625 0.0020833333333333333
1 0.36171875 0.3572916666666667 0.0015625 0.0020833333333333333
1 0.365625 0.353125 0.003125 0.0020833333333333333
1 0.6359375 0.35208333333333336 0.009375 0.0125
1 0.36484375 0.346875 0.0015625 0.0020833333333333333
1 0.62890625 0.34479166666666666 0.0015625 0.0020833333333333333
1 0.37109375 0.3385416666666667 0.0015625 0.0020833333333333333
1 0.05859375 0.35104166666666664 0.0234375 0.03125
1 0.6484375 0.33541666666666664 0.003125 0.004166666666666667
1 0.36015625 0.33541666666666664 0.0015625 0.004166666666666667
1 0.61484375 0.3302083333333333 0.0015625 0.0020833333333333333
1 0.3765625 0.33125 0.003125 0.008333333333333333
1 0.07421875 0.32708333333333334 0.0015625 0.004166666666666667
1 0.62578125 0.3260416666666667 0.0015625 0.00625
1 0.6171875 0.32395833333333335 0.003125 0.0020833333333333333
1 0.07578125 0.321875 0.0015625 0.0020833333333333333
1 0.37734375 0.31979166666666664 0.0015625 0.0020833333333333333
1 0.37421875 0.3229166666666667 0.0015625 0.008333333333333333
1 0.37734375 0.315625 0.0015625 0.0020833333333333333
1 0.37734375 0.31145833333333334 0.0015625 0.0020833333333333333
1 0.61015625 0.3072916666666667 0.0015625 0.0020833333333333333
1 0.60703125 0.3072916666666667 0.0015625 0.0020833333333333333
1 0.0734375 0.31145833333333334 0.003125 0.022916666666666665
1 0.61328125 0.30104166666666665 0.0015625 0.00625
1 0.60390625 0.3020833333333333 0.0015625 0.008333333333333333
1 0.57109375 0.2875 0.0046875 0.004166666666666667
1 0.38671875 0.2791666666666667 0.0046875 0.004166666666666667
1 0.55078125 0.2760416666666667 0.0015625 0.0020833333333333333
1 0.37890625 0.2760416666666667 0.0015625 0.0020833333333333333
1 0.54765625 0.27395833333333336 0.0015625 0.0020833333333333333
1 0.54375 0.2708333333333333 0.003125 0.004166666666666667
1 0.53203125 0.26979166666666665 0.0015625 0.0020833333333333333
1 0.56640625 0.26875 0.0015625 0.004166666666666667
1 0.53984375 0.2677083333333333 0.0015625 0.0020833333333333333
1 0.5359375 0.2677083333333333 0.003125 0.0020833333333333333
1 0.4 0.265625 0.00625 0.0020833333333333333
1 0.3765625 0.265625 0.003125 0.0020833333333333333
1 0.49609375 0.259375 0.0015625 0.0020833333333333333
1 0.49140625 0.259375 0.0046875 0.0020833333333333333
1 0.48515625 0.25729166666666664 0.0046875 0.0020833333333333333
1 0.42578125 0.25729166666666664 0.0015625 0.0020833333333333333
1 0.47890625 0.2552083333333333 0.0046875 0.0020833333333333333
1 0.08515625 0.2552083333333333 0.0015625 0.0020833333333333333
1 0.41796875 0.25833333333333336 0.0140625 0.0125
1 0.08671875 0.25104166666666666 0.0015625 0.0020833333333333333
1 0.4921875 0.24895833333333334 0.003125 0.0020833333333333333
1 0.45390625 0.24895833333333334 0.0015625 0.0020833333333333333
1 0.4296875 0.24479166666666666 0.009375 0.0020833333333333333
1 0.40703125 0.25 0.0140625 0.016666666666666666
1 0.08828125 0.24270833333333333 0.0015625 0.0020833333333333333
1 0.4828125 0.23958333333333334 0.003125 0.004166666666666667
1 0.459375 0.23854166666666668 0.003125 0.0020833333333333333
1 0.45546875 0.23854166666666668 0.0015625 0.0020833333333333333
1 0.40546875 0.234375 0.0015625 0.0020833333333333333
1 0.10078125 0.203125 0.0015625 0.0020833333333333333
1 0.1234375 0.18125 0.003125 0.004166666666666667
1 0.103125 0.18958333333333333 0.009375 0.020833333333333332
1 0.11953125 0.15729166666666666 0.0015625 0.0020833333333333333
1 0.11328125 0.16666666666666666 0.0109375 0.025
1 0.3765625 0.13229166666666667 0.003125 0.0020833333333333333
1 0.14921875 0.13229166666666667 0.0046875 0.00625
1 0.13359375 0.128125 0.0015625 0.0020833333333333333
1 0.99609375 0.12604166666666666 0.0015625 0.0020833333333333333
1 0.40078125 0.125 0.0015625 0.004166666666666667
1 0.3921875 0.12291666666666666 0.003125 0.004166666666666667
1 0.3796875 0.12395833333333334 0.003125 0.010416666666666666
1 0.12890625 0.13020833333333334 0.0140625 0.027083333333333334
1 0.40390625 0.11354166666666667 0.0015625 0.0020833333333333333
1 0.4 0.11041666666666666 0.003125 0.004166666666666667
1 0.40703125 0.10520833333333333 0.0015625 0.0020833333333333333
1 0.14765625 0.10729166666666666 0.0078125 0.00625
1 0.13984375 0.109375 0.0109375 0.010416666666666666
1 0.99453125 0.103125 0.0015625 0.0020833333333333333
1 0.41796875 0.10104166666666667 0.0015625 0.0020833333333333333
1 0.41015625 0.10208333333333333 0.0015625 0.004166666666666667
1 0.39375 0.109375 0.00625 0.01875
1 0.3859375 0.10520833333333333 0.003125 0.010416666666666666
1 0.98125 0.11666666666666667 0.0125 0.0375
1 0.98828125 0.09791666666666667 0.0015625 0.004166666666666667
1 0.41328125 0.096875 0.0015625 0.0020833333333333333
1 0.38984375 0.09375 0.0015625 0.004166666666666667
1 0.98828125 0.09166666666666666 0.0015625 0.004166666666666667
1 0.19765625 0.090625 0.0015625 0.0020833333333333333
1 0.41953125 0.090625 0.0046875 0.00625
1 0.34140625 0.08854166666666667 0.0015625 0.0020833333333333333
1 0.38828125 0.08645833333333333 0.0015625 0.0020833333333333333
1 0.37265625 0.08645833333333333 0.0015625 0.0020833333333333333
1 0.36953125 0.0875 0.0015625 0.004166666666666667
1 0.36640625 0.0875 0.0015625 0.004166666666666667
1 0.36328125 0.0875 0.0015625 0.004166666666666667
1 0.36015625 0.0875 0.0015625 0.004166666666666667
1 0.35703125 0.0875 0.0015625 0.004166666666666667
1 0.35390625 0.0875 0.0015625 0.004166666666666667
1 0.33203125 0.08958333333333333 0.0140625 0.008333333333333333
1 0.38671875 0.08229166666666667 0.0015625 0.0020833333333333333
1 0.38125 0.08333333333333333 0.003125 0.004166666666666667
1 0.290625 0.08125 0.06875 0.008333333333333333
1 0.203125 0.08854166666666667 0.096875 0.027083333333333334
1 0.34140625 0.07395833333333333 0.0140625 0.0020833333333333333
1 0.3609375 0.07395833333333333 0.021875 0.00625
1 0.434375 0.08229166666666667 0.021875 0.027083333333333334
1 0.4546875 0.06770833333333333 0.00625 0.0020833333333333333
1 0.44921875 0.06770833333333333 0.0015625 0.0020833333333333333
1 0.5390625 0.065625 0.003125 0.0020833333333333333
1 0.52890625 0.06666666666666667 0.0078125 0.004166666666666667
1 0.46171875 0.06354166666666666 0.0015625 0.0020833333333333333
1 0.52890625 0.0625 0.0015625 0.004166666666666667
1 0.49140625 0.06145833333333333 0.0015625 0.0020833333333333333
1 0.98828125 0.059375 0.0015625 0.0020833333333333333
1 0.53203125 0.059375 0.0015625 0.0020833333333333333
1 0.4765625 0.06354166666666666 0.025 0.010416666666666666
1 0.49765625 0.059375 0.0078125 0.00625
1 0.48984375 0.057291666666666664 0.0015625 0.0020833333333333333
1 0.50234375 0.051041666666666666 0.0015625 0.0020833333333333333
1 0.50546875 0.04895833333333333 0.0015625 0.0020833333333333333
1 0.5140625 0.052083333333333336 0.0125 0.0125
1 0.51015625 0.046875 0.0015625 0.0020833333333333333
1 0.53359375 0.04479166666666667 0.0046875 0.0020833333333333333
1 0.5265625 0.04583333333333333 0.003125 0.004166666666666667
1 0.51484375 0.04479166666666667 0.0015625 0.0020833333333333333
1 0.53984375 0.042708333333333334 0.0046875 0.00625
1 0.52734375 0.040625 0.0015625 0.0020833333333333333
1 0.53359375 0.03854166666666667 0.0015625 0.0020833333333333333
1 0.54140625 0.036458333333333336 0.0078125 0.00625
1 0.97734375 0.05 0.0046875 0.0375
1 0.60078125 0.03229166666666667 0.0015625 0.0020833333333333333
1 0.56875 0.028125 0.00625 0.0020833333333333333
1 0.5578125 0.03125 0.0125 0.008333333333333333
1 0.58671875 0.019791666666666666 0.0015625 0.0020833333333333333
1 0.5796875 0.023958333333333335 0.0125 0.010416666666666666
1 0.6234375 0.017708333333333333 0.003125 0.0020833333333333333
1 0.59375 0.017708333333333333 0.00625 0.0020833333333333333
1 0.58359375 0.017708333333333333 0.0015625 0.0020833333333333333
1 0.6046875 0.013541666666666667 0.0125 0.010416666666666666
1 0.61640625 0.007291666666666667 0.0015625 0.0020833333333333333
1 0.29609375 0.009375 0.0921875 0.00625
1 0.62578125 0.004166666666666667 0.0015625 0.004166666666666667
1 0.6203125 0.004166666666666667 0.003125 0.004166666666666667
1 0.61640625 0.003125 0.0015625 0.0020833333333333333
1 0.41015625 0.003125 0.0015625 0.0020833333333333333
1 0.2390625 0.007291666666666667 0.015625 0.010416666666666666
1 0.38984375 0.003125 0.0203125 0.00625
1 0.3625 0.004166666666666667 0.028125 0.008333333333333333
