0 0.7234375 0.7364583333333333 0.003125 0.010416666666666666
0 0.7265625 0.7260416666666667 0.003125 0.00625
0 0.72890625 0.7166666666666667 0.0015625 0.004166666666666667
0 0.30234375 0.6083333333333333 0.0046875 0.008333333333333333
0 0.30078125 0.6 0.0015625 0.004166666666666667
0 0.30078125 0.5875 0.0015625 0.008333333333333333
0 0.29921875 0.578125 0.0015625 0.0020833333333333333
0 0.29765625 0.571875 0.0015625 0.0020833333333333333
0 0.2984375 0.559375 0.003125 0.01875
0 0.29609375 0.5354166666666667 0.0015625 0.0125
0 0.52109375 0.35104166666666664 0.0015625 0.0020833333333333333
0 0.39765625 0.4322916666666667 0.2453125 0.21041666666666667
0 0.46328125 0.3260416666666667 0.0078125 0.0020833333333333333
0 0.48359375 0.32395833333333335 0.0171875 0.0020833333333333333
0 0.51640625 0.321875 0.0078125 0.0020833333333333333
0 0.503125 0.321875 0.003125 0.0020833333333333333
0 0.71171875 0.4895833333333333 0.1921875 0.4041666666666667
1 0.8375 0.9989583333333333 0.021875 0.0020833333333333333
1 0.88828125 0.9979166666666667 0.0265625 0.004166666666666667
1 0.5921875 0.9979166666666667 0.003125 0.004166666666666667
1 0.05546875 0.996875 0.0046875 0.00625
1 0.81640625 0.990625 0.0015625 0.0020833333333333333
1 0.5203125 0.9916666666666667 0.003125 0.004166666666666667
1 0.9875 0.9875 0.025 0.008333333333333333
1 0.95703125 0.9822916666666667 0.0015625 0.0020833333333333333
1 0.94765625 0.9822916666666667 0.0015625 0.0020833333333333333
1 0.94453125 0.9822916666666667 0.0015625 0.0020833333333333333
1 0.94140625 0.9822916666666667 0.0015625 0.0020833333333333333
1 0.93828125 0.9822916666666667 0.0015625 0.0020833333333333333
1 0.93515625 0.9822916666666667 0.0015625 0.0020833333333333333
1 0.93203125 0.9822916666666667 0.0015625 0.0020833333333333333
1 0.92890625 0.9822916666666667 0.0015625 0.0020833333333333333
1 0.80859375 0.9822916666666667 0.0046875 0.0020833333333333333
1 0.5125 0.9822916666666667 0.003125 0.0020833333333333333
1 0.58203125 0.978125 0.0015625 0.0020833333333333333
1 0.97734375 0.9770833333333333 0.0453125 0.004166666666666667
1 0.92890625 0.9760416666666667 0.0484375 0.0020833333333333333
1 0.58046875 0.9739583333333334 0.0015625 0.0020833333333333333
1 0.496875 0.9760416666666667 0.00625 0.00625
1 0.0640625 0.9739583333333334 0.003125 0.00625
1 0.490625 0.9708333333333333 0.003125 0.008333333333333333
1 0.76484375 0.9822916666666667 0.2734375 0.035416666666666666
1 0.5875 0.9822916666666667 0.075 0.035416666666666666
1 0.47578125 0.965625 0.0015625 0.0020833333333333333
1 0.5609375 0.9635416666666666 0.021875 0.0020833333333333333
1 0.065625 0.965625 0.003125 0.00625
1 0.0125 0.965625 0.025 0.00625
1 0.4828125 0.9625 0.0375 0.004166666666666667
1 0.06796875 0.959375 0.0015625 0.0020833333333333333
1 0.046875 0.9510416666666667 0.04375 0.010416666666666666
1 0.7484375 0.6645833333333333 0.003125 0.004166666666666667
1 0.32109375 0.653125 0.0015625 0.0020833333333333333
1 0.3265625 0.6510416666666666 0.003125 0.0020833333333333333
1 0.34609375 0.646875 0.0015625 0.0020833333333333333
1 0.3375 0.6479166666666667 0.0125 0.008333333333333333
1 0.30546875 0.628125 0.0015625 0.0020833333333333333
1 0.30078125 0.6239583333333333 0.0015625 0.0020833333333333333
1 0.34921875 0.5302083333333333 0.0015625 0.0020833333333333333
1 0.384375 0.546875 0.08125 0.17708333333333334
1 0.39609375 0.4322916666666667 0.0015625 0.0020833333333333333
1 0.3890625 0.4354166666666667 0.009375 0.008333333333333333
1 0.40546875 0.42916666666666664 0.0140625 0.008333333333333333
1 0.53046875 0.42291666666666666 0.0078125 0.004166666666666667
1 0.59765625 0.39791666666666664 0.0046875 0.004166666666666667
1 0.596875 0.346875 0.003125 0.00625
1 0.58125 0.3333333333333333 0.025 0.016666666666666666
1 0.74609375 0.3145833333333333 0.0078125 0.0125
1 0.721875 0.3020833333333333 0.009375 0.008333333333333333
1 0.75390625 0.042708333333333334 0.0015625 0.0020833333333333333
1 0.81875 0.019791666666666666 0.00625 0.0020833333333333333
1 0.78203125 0.019791666666666666 0.0109375 0.0020833333333333333
1 0.79921875 0.017708333333333333 0.0015625 0.0020833333333333333
1 0.80703125 0.017708333333333333 0.0109375 0.00625
1 0.7890625 0.015625 0.003125 0.0020833333333333333
1 0.815625 0.011458333333333333 0.00625 0.0020833333333333333
1 0.653125 0.022916666666666665 0.38125 0.04583333333333333
1 0.45234375 0.0020833333333333333 0.0171875 0.004166666666666667
