0 0.43671875 0.690625 0.0015625 0.0020833333333333333
0 0.41484375 0.6822916666666666 0.0015625 0.0020833333333333333
0 0.4015625 0.6760416666666667 0.003125 0.0020833333333333333
0 0.39765625 0.6739583333333333 0.0015625 0.0020833333333333333
0 0.45234375 0.6854166666666667 0.0953125 0.029166666666666667
0 0.38984375 0.6697916666666667 0.0015625 0.0020833333333333333
0 0.36328125 0.6552083333333333 0.0015625 0.0020833333333333333
0 0.765625 0.5895833333333333 0.00625 0.008333333333333333
0 0.446875 0.584375 0.003125 0.0020833333333333333
0 0.428125 0.5802083333333333 0.003125 0.0020833333333333333
0 0.42265625 0.578125 0.0046875 0.0020833333333333333
0 0.76640625 0.5770833333333333 0.0078125 0.0125
0 0.40078125 0.5697916666666667 0.0015625 0.0020833333333333333
0 0.2453125 0.5645833333333333 0.003125 0.004166666666666667
0 0.7765625 0.5291666666666667 0.003125 0.0125
0 0.49609375 0.45416666666666666 0.0015625 0.004166666666666667
0 0.5625 0.4479166666666667 0.025 0.004166666666666667
0 0.3203125 0.553125 0.278125 0.23541666666666666
0 0.378125 0.41458333333333336 0.003125 0.004166666666666667
0 0.3921875 0.40208333333333335 0.003125 0.004166666666666667
0 0.628125 0.39895833333333336 0.00625 0.0020833333333333333
0 0.36328125 0.4010416666666667 0.0234375 0.010416666666666666
0 0.36328125 0.3729166666666667 0.0234375 0.004166666666666667
0 0.4125 0.37395833333333334 0.0125 0.014583333333333334
0 0.33359375 0.36770833333333336 0.0015625 0.0020833333333333333
0 0.56796875 0.3645833333333333 0.0140625 0.008333333333333333
0 0.42421875 0.346875 0.0015625 0.0020833333333333333
0 0.4453125 0.34479166666666666 0.003125 0.0020833333333333333
0 0.47890625 0.34375 0.0109375 0.008333333333333333
0 0.47109375 0.340625 0.0015625 0.0020833333333333333
0 0.45390625 0.33125 0.0046875 0.004166666666666667
0 0.3796875 0.32708333333333334 0.003125 0.004166666666666667
0 0.25546875 0.3260416666666667 0.0015625 0.0020833333333333333
0 0.38203125 0.32395833333333335 0.0015625 0.0020833333333333333
0 0.36640625 0.31145833333333334 0.0015625 0.0020833333333333333
0 0.36328125 0.3072916666666667 0.0015625 0.0020833333333333333
0 0.34453125 0.2864583333333333 0.0046875 0.0020833333333333333
0 0.346875 0.28229166666666666 0.003125 0.0020833333333333333
0 0.34609375 0.278125 0.0015625 0.0020833333333333333
0 0.34609375 0.27395833333333336 0.0015625 0.0020833333333333333
0 0.32890625 0.265625 0.0078125 0.0020833333333333333
0 0.228125 0.2520833333333333 0.003125 0.004166666666666667
0 0.4125 0.3489583333333333 0.40625 0.20625
1 0.5125 0.7833333333333333 0.025 0.008333333333333333
1 0.5375 0.7604166666666666 0.025 0.0125
1 0.6125 0.75625 0.075 0.020833333333333332
1 0.56171875 0.74375 0.0234375 0.004166666666666667
1 0.5 0.74375 0.05 0.004166666666666667
1 0.4734375 0.7302083333333333 0.003125 0.0020833333333333333
1 0.54453125 0.7291666666666666 0.0015625 0.004166666666666667
1 0.54140625 0.7291666666666666 0.0015625 0.004166666666666667
1 0.53828125 0.7291666666666666 0.0015625 0.004166666666666667
1 0.53515625 0.7291666666666666 0.0015625 0.004166666666666667
1 0.53203125 0.7291666666666666 0.0015625 0.004166666666666667
1 0.52890625 0.7291666666666666 0.0015625 0.004166666666666667
1 0.59453125 0.7291666666666666 0.0140625 0.008333333333333333
1 0.42421875 0.728125 0.0484375 0.010416666666666666
1 0.6375 0.7270833333333333 0.025 0.0125
1 0.57890625 0.7197916666666667 0.0046875 0.0020833333333333333
1 0.52421875 0.7260416666666667 0.0984375 0.022916666666666665
1 0.57890625 0.7135416666666666 0.0078125 0.00625
1 0.665625 0.7208333333333333 0.01875 0.025
1 0.453125 0.7052083333333333 0.00625 0.00625
1 0.43984375 0.6989583333333333 0.0046875 0.0020833333333333333
1 0.43515625 0.6989583333333333 0.0015625 0.0020833333333333333
1 0.61640625 0.696875 0.0015625 0.0020833333333333333
1 0.3265625 0.6979166666666666 0.003125 0.004166666666666667
1 0.66953125 0.6979166666666666 0.0140625 0.008333333333333333
1 0.621875 0.696875 0.00625 0.00625
1 0.421875 0.6947916666666667 0.00625 0.0020833333333333333
1 0.684375 0.6958333333333333 0.0125 0.008333333333333333
1 0.36796875 0.6958333333333333 0.0359375 0.008333333333333333
1 0.6390625 0.690625 0.003125 0.0020833333333333333
1 0.65234375 0.6885416666666667 0.0171875 0.010416666666666666
1 0.40859375 0.6885416666666667 0.0171875 0.010416666666666666
1 0.3921875 0.6802083333333333 0.003125 0.0020833333333333333
1 0.38046875 0.678125 0.0015625 0.0020833333333333333
1 0.37578125 0.678125 0.0015625 0.0020833333333333333
1 0.67890625 0.6760416666666667 0.0046875 0.0020833333333333333
1 0.67109375 0.678125 0.0078125 0.00625
1 0.30390625 0.665625 0.0015625 0.0020833333333333333
1 0.30078125 0.665625 0.0015625 0.0020833333333333333
1 0.70859375 0.6635416666666667 0.0015625 0.0020833333333333333
1 0.3640625 0.6645833333333333 0.009375 0.004166666666666667
1 0.3296875 0.6739583333333333 0.0125 0.027083333333333334
1 0.71171875 0.678125 0.0296875 0.04375
1 0.3484375 0.6625 0.0125 0.0125
1 0.73515625 0.6614583333333334 0.0140625 0.014583333333333334
1 0.3625 0.709375 0.225 0.11458333333333333
1 0.334375 0.6489583333333333 0.0125 0.010416666666666666
1 0.740625 0.6416666666666667 0.00625 0.008333333333333333
1 0.73671875 0.6375 0.0046875 0.004166666666666667
1 0.23828125 0.6322916666666667 0.0015625 0.0020833333333333333
1 0.31328125 0.6302083333333334 0.0078125 0.00625
1 0.771875 0.6291666666666667 0.00625 0.008333333333333333
1 0.74609375 0.6260416666666667 0.0015625 0.0020833333333333333
1 0.30234375 0.6229166666666667 0.0046875 0.004166666666666667
1 0.75703125 0.6208333333333333 0.0203125 0.020833333333333332
1 0.50546875 0.6052083333333333 0.0015625 0.0020833333333333333
1 0.5171875 0.603125 0.003125 0.0020833333333333333
1 0.7703125 0.6052083333333333 0.00625 0.010416666666666666
1 0.23046875 0.6166666666666667 0.0109375 0.03333333333333333
1 0.271875 0.6 0.003125 0.004166666666666667
1 0.78671875 0.596875 0.0015625 0.0020833333333333333
1 0.265625 0.6135416666666667 0.04375 0.03958333333333333
1 0.54765625 0.5927083333333333 0.0015625 0.0020833333333333333
1 0.47578125 0.5927083333333333 0.0015625 0.0020833333333333333
1 0.47265625 0.5927083333333333 0.0015625 0.0020833333333333333
1 0.46953125 0.5927083333333333 0.0015625 0.0020833333333333333
1 0.49453125 0.6 0.1109375 0.016666666666666666
1 0.25703125 0.5927083333333333 0.0015625 0.0020833333333333333
1 0.77421875 0.5916666666666667 0.0078125 0.008333333333333333
1 0.2640625 0.590625 0.003125 0.00625
1 0.4265625 0.5864583333333333 0.003125 0.0020833333333333333
1 0.25703125 0.584375 0.0046875 0.00625
1 0.25 0.5833333333333334 0.003125 0.004166666666666667
1 0.7765625 0.5802083333333333 0.003125 0.00625
1 0.24921875 0.578125 0.0015625 0.0020833333333333333
1 0.78125 0.5791666666666667 0.003125 0.008333333333333333
1 0.23046875 0.578125 0.0109375 0.022916666666666665
1 0.22109375 0.5614583333333333 0.0203125 0.014583333333333334
1 0.20078125 0.5375 0.0015625 0.004166666666666667
1 0.565625 0.51875 0.01875 0.004166666666666667
1 0.55390625 0.5177083333333333 0.0015625 0.0020833333333333333
1 0.48515625 0.5177083333333333 0.0015625 0.0020833333333333333
1 0.49375 0.51875 0.0125 0.008333333333333333
1 0.46953125 0.515625 0.0015625 0.0020833333333333333
1 0.47421875 0.5145833333333333 0.0015625 0.004166666666666667
1 0.47421875 0.509375 0.0015625 0.0020833333333333333
1 0.58046875 0.50625 0.0109375 0.004166666666666667
1 0.43359375 0.5052083333333334 0.0046875 0.0020833333333333333
1 0.5234375 0.503125 0.003125 0.0020833333333333333
1 0.51953125 0.503125 0.0015625 0.0020833333333333333
1 0.51640625 0.503125 0.0015625 0.0020833333333333333
1 0.51328125 0.503125 0.0015625 0.0020833333333333333
1 0.51015625 0.503125 0.0015625 0.0020833333333333333
1 0.50703125 0.503125 0.0015625 0.0020833333333333333
1 0.50390625 0.503125 0.0015625 0.0020833333333333333
1 0.4578125 0.5083333333333333 0.01875 0.0125
1 0.62265625 0.5010416666666667 0.0015625 0.0020833333333333333
1 0.61875 0.5010416666666667 0.003125 0.0020833333333333333
1 0.58046875 0.5010416666666667 0.0015625 0.0020833333333333333
1 0.57734375 0.5010416666666667 0.0015625 0.0020833333333333333
1 0.42421875 0.5020833333333333 0.0046875 0.004166666666666667
1 0.78203125 0.515625 0.0078125 0.035416666666666666
1 0.40234375 0.49895833333333334 0.0015625 0.0020833333333333333
1 0.64375 0.49583333333333335 0.0125 0.004166666666666667
1 0.18828125 0.4822916666666667 0.0015625 0.0020833333333333333
1 0.3828125 0.48020833333333335 0.003125 0.0020833333333333333
1 0.39453125 0.4822916666666667 0.0140625 0.010416666666666666
1 0.38515625 0.4739583333333333 0.0015625 0.0020833333333333333
1 0.375 0.47604166666666664 0.003125 0.00625
1 0.36953125 0.475 0.0046875 0.004166666666666667
1 0.24921875 0.46770833333333334 0.0015625 0.0020833333333333333
1 0.2453125 0.46875 0.003125 0.004166666666666667
1 0.178125 0.46770833333333334 0.003125 0.0020833333333333333
1 0.17734375 0.4635416666666667 0.0015625 0.0020833333333333333
1 0.2390625 0.4635416666666667 0.00625 0.00625
1 0.78515625 0.4552083333333333 0.0015625 0.0020833333333333333
1 0.40078125 0.4552083333333333 0.0015625 0.0020833333333333333
1 0.36171875 0.459375 0.0265625 0.01875
1 0.33671875 0.45416666666666666 0.0203125 0.0125
1 0.31328125 0.43854166666666666 0.0015625 0.0020833333333333333
1 0.17578125 0.4395833333333333 0.0015625 0.004166666666666667
1 0.33203125 0.43645833333333334 0.0140625 0.00625
1 0.3046875 0.434375 0.0125 0.00625
1 0.27734375 0.4322916666666667 0.0015625 0.0020833333333333333
1 0.79375 0.428125 0.00625 0.00625
1 0.80234375 0.41354166666666664 0.0015625 0.0020833333333333333
1 0.1859375 0.42291666666666666 0.025 0.025
1 0.24453125 0.4083333333333333 0.0015625 0.004166666666666667
1 0.2546875 0.4010416666666667 0.003125 0.0020833333333333333
1 0.81640625 0.39895833333333336 0.0015625 0.0020833333333333333
1 0.28671875 0.38645833333333335 0.0078125 0.00625
1 0.80859375 0.396875 0.0265625 0.03125
1 0.765625 0.375 0.00625 0.016666666666666666
1 0.25078125 0.36770833333333336 0.0015625 0.0020833333333333333
1 0.271875 0.3645833333333333 0.003125 0.004166666666666667
1 0.259375 0.353125 0.003125 0.00625
1 0.7734375 0.34479166666666666 0.003125 0.01875
1 0.73984375 0.334375 0.0015625 0.0020833333333333333
1 0.2453125 0.3770833333333333 0.059375 0.0875
1 0.73671875 0.33229166666666665 0.0015625 0.0020833333333333333
1 0.21640625 0.33229166666666665 0.0015625 0.0020833333333333333
1 0.21171875 0.3489583333333333 0.0078125 0.035416666666666666
1 0.740625 0.3302083333333333 0.003125 0.0020833333333333333
1 0.61171875 0.328125 0.0015625 0.0020833333333333333
1 0.60859375 0.328125 0.0015625 0.0020833333333333333
1 0.60546875 0.328125 0.0015625 0.0020833333333333333
1 0.60234375 0.328125 0.0015625 0.0020833333333333333
1 0.75078125 0.3375 0.0140625 0.025
1 0.75703125 0.325 0.0015625 0.004166666666666667
1 0.71796875 0.3260416666666667 0.0140625 0.00625
1 0.66015625 0.325 0.0015625 0.004166666666666667
1 0.65703125 0.325 0.0015625 0.004166666666666667
1 0.65390625 0.325 0.0015625 0.004166666666666667
1 0.65078125 0.325 0.0015625 0.004166666666666667
1 0.53984375 0.32395833333333335 0.0015625 0.0020833333333333333
1 0.68515625 0.32395833333333335 0.0453125 0.00625
1 0.72421875 0.31979166666666664 0.0015625 0.0020833333333333333
1 0.70703125 0.31979166666666664 0.0109375 0.0020833333333333333
1 0.534375 0.31979166666666664 0.003125 0.0020833333333333333
1 0.6609375 0.31875 0.028125 0.004166666666666667
1 0.64453125 0.3177083333333333 0.0015625 0.0020833333333333333
1 0.64140625 0.3177083333333333 0.0015625 0.0020833333333333333
1 0.63828125 0.3177083333333333 0.0015625 0.0020833333333333333
1 0.63515625 0.3177083333333333 0.0015625 0.0020833333333333333
1 0.63203125 0.3177083333333333 0.0015625 0.0020833333333333333
1 0.62890625 0.3177083333333333 0.0015625 0.0020833333333333333
1 0.621875 0.3229166666666667 0.009375 0.0125
1 0.2234375 0.325 0.003125 0.016666666666666666
1 0.57890625 0.32083333333333336 0.0390625 0.0125
1 0.5234375 0.31666666666666665 0.00625 0.004166666666666667
1 0.54296875 0.315625 0.0140625 0.00625
1 0.52578125 0.31145833333333334 0.0015625 0.0020833333333333333
1 0.77890625 0.3072916666666667 0.0015625 0.0020833333333333333
1 0.48515625 0.303125 0.0015625 0.0020833333333333333
1 0.22265625 0.3072916666666667 0.0015625 0.010416666666666666
1 0.56484375 0.3020833333333333 0.0078125 0.004166666666666667
1 0.55078125 0.30104166666666665 0.0015625 0.0020833333333333333
1 0.503125 0.30833333333333335 0.03125 0.020833333333333332
1 0.21640625 0.3 0.0046875 0.004166666666666667
1 0.4546875 0.29791666666666666 0.009375 0.004166666666666667
1 0.20390625 0.2947916666666667 0.0015625 0.0020833333333333333
1 0.796875 0.33125 0.025 0.09583333333333334
1 0.45 0.284375 0.003125 0.0020833333333333333
1 0.42734375 0.28541666666666665 0.0015625 0.004166666666666667
1 0.42109375 0.278125 0.0109375 0.00625
1 0.2078125 0.275 0.003125 0.004166666666666667
1 0.44921875 0.26875 0.0015625 0.004166666666666667
1 0.4375 0.27708333333333335 0.01875 0.020833333333333332
1 0.81875 0.259375 0.009375 0.010416666666666666
1 0.37421875 0.253125 0.0015625 0.0020833333333333333
1 0.36796875 0.24791666666666667 0.0078125 0.008333333333333333
1 0.20078125 0.24166666666666667 0.0015625 0.004166666666666667
1 0.34765625 0.23645833333333333 0.0015625 0.0020833333333333333
1 0.20234375 0.23541666666666666 0.0046875 0.004166666666666667
1 0.4 0.25 0.05 0.0375
1 0.35078125 0.22916666666666666 0.0015625 0.008333333333333333
1 0.34921875 0.221875 0.0015625 0.0020833333333333333
1 0.34140625 0.228125 0.0109375 0.014583333333333334
1 0.21328125 0.21875 0.0046875 0.004166666666666667
1 0.20390625 0.21875 0.0078125 0.008333333333333333
1 0.3625 0.21666666666666667 0.025 0.0125
1 0.325 0.215625 0.025 0.010416666666666666
1 0.21640625 0.2125 0.0015625 0.004166666666666667
1 0.28046875 0.203125 0.0046875 0.0020833333333333333
1 0.275 0.203125 0.003125 0.0020833333333333333
1 0.26484375 0.203125 0.0046875 0.0020833333333333333
1 0.31953125 0.19895833333333332 0.0109375 0.0020833333333333333
1 0.23359375 0.20208333333333334 0.0046875 0.008333333333333333
1 0.25625 0.18541666666666667 0.0375 0.0375
