0 0.4515625 0.8260416666666667 0.003125 0.010416666666666666
0 0.77890625 0.8083333333333333 0.0046875 0.008333333333333333
0 0.87109375 0.8041666666666667 0.0015625 0.004166666666666667
0 0.78515625 0.8020833333333334 0.0078125 0.004166666666666667
0 0.86484375 0.7989583333333333 0.0015625 0.0020833333333333333
0 0.81796875 0.7989583333333333 0.0015625 0.0020833333333333333
0 0.45859375 0.8041666666666667 0.0078125 0.0125
0 0.82265625 0.7979166666666667 0.0046875 0.008333333333333333
0 0.87734375 0.8479166666666667 0.1796875 0.11666666666666667
0 0.7953125 0.79375 0.00625 0.008333333333333333
0 0.79296875 0.790625 0.0015625 0.0020833333333333333
0 0.48046875 0.7885416666666667 0.0078125 0.014583333333333334
0 0.46875 0.7875 0.00625 0.025
0 0.45546875 0.778125 0.0046875 0.022916666666666665
0 0.5015625 0.7625 0.003125 0.008333333333333333
0 0.44765625 0.7364583333333333 0.0015625 0.0020833333333333333
0 0.82734375 0.73125 0.0046875 0.008333333333333333
0 0.84765625 0.7041666666666667 0.0015625 0.004166666666666667
0 0.43984375 0.6916666666666667 0.0203125 0.041666666666666664
0 0.42421875 0.6635416666666667 0.0015625 0.0020833333333333333
0 0.41640625 0.6572916666666667 0.0046875 0.00625
0 0.421875 0.6541666666666667 0.003125 0.004166666666666667
0 0.37734375 0.6135416666666667 0.0015625 0.0020833333333333333
0 0.76171875 0.6083333333333333 0.0015625 0.004166666666666667
0 0.36171875 0.6010416666666667 0.0015625 0.0020833333333333333
0 0.77109375 0.5989583333333334 0.0140625 0.014583333333333334
0 0.84140625 0.5947916666666667 0.0046875 0.010416666666666666
0 0.83984375 0.590625 0.0015625 0.0020833333333333333
0 0.853125 0.5885416666666666 0.003125 0.0020833333333333333
0 0.53046875 0.5760416666666667 0.0015625 0.0020833333333333333
0 0.32734375 0.56875 0.0015625 0.004166666666666667
0 0.76796875 0.559375 0.0015625 0.0020833333333333333
0 0.76953125 0.5552083333333333 0.0015625 0.0020833333333333333
0 0.22265625 0.54375 0.0015625 0.004166666666666667
0 0.7578125 0.5229166666666667 0.0125 0.020833333333333332
0 0.52421875 0.49270833333333336 0.0015625 0.0020833333333333333
0 0.73203125 0.490625 0.0015625 0.0020833333333333333
0 0.75234375 0.49270833333333336 0.0046875 0.014583333333333334
0 0.58984375 0.471875 0.0015625 0.0020833333333333333
0 0.26171875 0.49166666666666664 0.0515625 0.04583333333333333
0 0.73203125 0.46145833333333336 0.0015625 0.0020833333333333333
0 0.2640625 0.4635416666666667 0.009375 0.00625
0 0.7296875 0.45416666666666666 0.003125 0.004166666666666667
0 0.2734375 0.45208333333333334 0.003125 0.008333333333333333
0 0.23515625 0.44479166666666664 0.0015625 0.0020833333333333333
0 0.60625 0.4375 0.00625 0.008333333333333333
0 0.61171875 0.43020833333333336 0.0015625 0.0020833333333333333
0 0.8328125 0.4270833333333333 0.003125 0.008333333333333333
0 0.73125 0.4125 0.003125 0.004166666666666667
0 0.728125 0.40729166666666666 0.003125 0.0020833333333333333
0 0.32265625 0.39791666666666664 0.0015625 0.004166666666666667
0 0.35234375 0.38333333333333336 0.0015625 0.004166666666666667
0 0.36484375 0.3802083333333333 0.0015625 0.0020833333333333333
0 0.36015625 0.3802083333333333 0.0015625 0.0020833333333333333
0 0.365625 0.371875 0.009375 0.010416666666666666
0 0.67890625 0.6135416666666667 0.3328125 0.4979166666666667
0 0.38125 0.3614583333333333 0.003125 0.0020833333333333333
0 0.3875 0.3375 0.009375 0.008333333333333333
0 0.40859375 0.328125 0.0046875 0.00625
0 0.40859375 0.30520833333333336 0.0015625 0.0020833333333333333
0 0.4265625 0.30416666666666664 0.003125 0.004166666666666667
0 0.4171875 0.30416666666666664 0.00625 0.004166666666666667
0 0.56171875 0.303125 0.0078125 0.00625
0 0.41484375 0.30104166666666665 0.0015625 0.0020833333333333333
0 0.4359375 0.29375 0.003125 0.004166666666666667
0 0.40390625 0.290625 0.0015625 0.0020833333333333333
0 0.440625 0.2864583333333333 0.003125 0.00625
0 0.40234375 0.28541666666666665 0.0015625 0.004166666666666667
0 0.57578125 0.28020833333333334 0.0015625 0.0020833333333333333
0 0.44453125 0.2760416666666667 0.0015625 0.0020833333333333333
0 0.4453125 0.2708333333333333 0.003125 0.004166666666666667
0 0.42421875 0.27708333333333335 0.0140625 0.016666666666666666
0 0.58671875 0.2677083333333333 0.0015625 0.0020833333333333333
0 0.40625 0.265625 0.003125 0.00625
0 0.44765625 0.25729166666666664 0.0015625 0.00625
0 0.60234375 0.253125 0.0015625 0.0020833333333333333
0 0.6015625 0.24791666666666667 0.003125 0.004166666666666667
0 0.8875 0.24166666666666667 0.021875 0.004166666666666667
0 0.43046875 0.23645833333333333 0.0015625 0.0020833333333333333
0 0.4671875 0.23020833333333332 0.003125 0.0020833333333333333
0 0.459375 0.23645833333333333 0.00625 0.014583333333333334
0 0.6265625 0.22708333333333333 0.003125 0.004166666666666667
0 0.6359375 0.21458333333333332 0.009375 0.0125
0 0.646875 0.203125 0.00625 0.00625
0 0.89296875 0.18854166666666666 0.0015625 0.0020833333333333333
0 0.653125 0.18541666666666667 0.00625 0.008333333333333333
0 0.69375 0.35520833333333335 0.3375 0.3770833333333333
0 0.6765625 0.16666666666666666 0.003125 0.004166666666666667
0 0.56640625 0.134375 0.0015625 0.0020833333333333333
0 0.72265625 0.10520833333333333 0.0015625 0.0020833333333333333
0 0.52734375 0.10520833333333333 0.0015625 0.0020833333333333333
0 0.53203125 0.103125 0.0015625 0.0020833333333333333
0 0.40546875 0.30104166666666665 0.4078125 0.48125
0 0.590625 0.328125 0.290625 0.54375
1 0.95078125 0.928125 0.0015625 0.0020833333333333333
1 0.94453125 0.928125 0.0015625 0.0020833333333333333
1 0.99765625 0.9260416666666667 0.0015625 0.0020833333333333333
1 0.42109375 0.9239583333333333 0.0015625 0.0020833333333333333
1 0.94296875 0.9177083333333333 0.0015625 0.0020833333333333333
1 0.99296875 0.9135416666666667 0.0046875 0.00625
1 0.434375 0.9125 0.003125 0.004166666666666667
1 0.9953125 0.9020833333333333 0.003125 0.004166666666666667
1 0.99921875 0.8979166666666667 0.0015625 0.004166666666666667
1 0.875 0.896875 0.003125 0.0020833333333333333
1 0.86875 0.896875 0.00625 0.0020833333333333333
1 0.9078125 0.8947916666666667 0.003125 0.0020833333333333333
1 0.83984375 0.8947916666666667 0.0015625 0.0020833333333333333
1 0.8953125 0.8927083333333333 0.003125 0.0020833333333333333
1 0.90390625 0.8916666666666667 0.0015625 0.004166666666666667
1 0.83828125 0.890625 0.0015625 0.0020833333333333333
1 0.90078125 0.8885416666666667 0.0015625 0.0020833333333333333
1 0.853125 0.8864583333333333 0.003125 0.0020833333333333333
1 0.40859375 0.8875 0.0015625 0.004166666666666667
1 0.9953125 0.884375 0.003125 0.0020833333333333333
1 0.6515625 0.8854166666666666 0.003125 0.004166666666666667
1 0.4578125 0.8854166666666666 0.003125 0.004166666666666667
1 0.83203125 0.8802083333333334 0.0015625 0.0020833333333333333
1 0.82421875 0.8802083333333334 0.0015625 0.0020833333333333333
1 0.46015625 0.8802083333333334 0.0015625 0.0020833333333333333
1 0.9984375 0.878125 0.003125 0.00625
1 0.82421875 0.8760416666666667 0.0015625 0.0020833333333333333
1 0.99453125 0.8739583333333333 0.0015625 0.0020833333333333333
1 0.98984375 0.875 0.0046875 0.004166666666666667
1 0.6515625 0.8708333333333333 0.003125 0.004166666666666667
1 0.9921875 0.8677083333333333 0.003125 0.00625
1 0.72578125 0.8635416666666667 0.0015625 0.0020833333333333333
1 0.71171875 0.865625 0.0078125 0.00625
1 0.69296875 0.8635416666666667 0.0015625 0.0020833333333333333
1 0.584375 0.8635416666666667 0.003125 0.0020833333333333333
1 0.4625 0.8645833333333334 0.003125 0.004166666666666667
1 0.7140625 0.8614583333333333 0.003125 0.0020833333333333333
1 0.70078125 0.8614583333333333 0.0015625 0.0020833333333333333
1 0.5765625 0.8625 0.003125 0.004166666666666667
1 0.4296875 0.8614583333333333 0.003125 0.0020833333333333333
1 0.80546875 0.859375 0.0015625 0.0020833333333333333
1 0.79921875 0.859375 0.0015625 0.0020833333333333333
1 0.97578125 0.8625 0.0078125 0.0125
1 0.79609375 0.8572916666666667 0.0015625 0.0020833333333333333
1 0.72734375 0.8583333333333333 0.0015625 0.004166666666666667
1 0.734375 0.85625 0.003125 0.004166666666666667
1 0.72265625 0.853125 0.0015625 0.0020833333333333333
1 0.54765625 0.853125 0.0015625 0.0020833333333333333
1 0.43359375 0.8552083333333333 0.0015625 0.00625
1 0.79296875 0.853125 0.0015625 0.00625
1 0.55078125 0.8510416666666667 0.0015625 0.0020833333333333333
1 0.54453125 0.8510416666666667 0.0015625 0.0020833333333333333
1 0.95390625 0.8489583333333334 0.0015625 0.0020833333333333333
1 0.95078125 0.8489583333333334 0.0015625 0.0020833333333333333
1 0.75078125 0.8489583333333334 0.0015625 0.0020833333333333333
1 0.74453125 0.85 0.0046875 0.004166666666666667
1 0.77578125 0.8510416666666667 0.0046875 0.010416666666666666
1 0.540625 0.8479166666666667 0.003125 0.004166666666666667
1 0.95859375 0.8447916666666667 0.0015625 0.0020833333333333333
1 0.7828125 0.846875 0.00625 0.00625
1 0.53515625 0.8447916666666667 0.0015625 0.0020833333333333333
1 0.47109375 0.8447916666666667 0.0015625 0.0020833333333333333
1 0.96953125 0.846875 0.0109375 0.010416666666666666
1 0.96171875 0.8427083333333333 0.0015625 0.0020833333333333333
1 0.78828125 0.840625 0.0015625 0.0020833333333333333
1 0.93359375 0.840625 0.0109375 0.00625
1 0.5390625 0.8395833333333333 0.003125 0.004166666666666667
1 0.78671875 0.834375 0.0015625 0.0020833333333333333
1 0.76171875 0.834375 0.0015625 0.0020833333333333333
1 0.52578125 0.834375 0.0015625 0.0020833333333333333
1 0.43125 0.8395833333333333 0.009375 0.0125
1 0.9609375 0.8354166666666667 0.015625 0.008333333333333333
1 0.9203125 0.8354166666666667 0.0125 0.008333333333333333
1 0.76640625 0.8322916666666667 0.0015625 0.0020833333333333333
1 0.53046875 0.8333333333333334 0.0046875 0.004166666666666667
1 0.778125 0.83125 0.00625 0.004166666666666667
1 0.778125 0.8270833333333333 0.003125 0.004166666666666667
1 0.4796875 0.8229166666666666 0.00625 0.004166666666666667
1 0.89296875 0.8177083333333334 0.0015625 0.0020833333333333333
1 0.89765625 0.8135416666666667 0.0046875 0.00625
1 0.42890625 0.803125 0.0015625 0.0020833333333333333
1 0.89296875 0.803125 0.0015625 0.00625
1 0.50234375 0.80625 0.0046875 0.0125
1 0.87734375 0.7989583333333333 0.0015625 0.0020833333333333333
1 0.50390625 0.7989583333333333 0.0015625 0.0020833333333333333
1 0.49296875 0.7947916666666667 0.0015625 0.0020833333333333333
1 0.50546875 0.7927083333333333 0.0015625 0.0020833333333333333
1 0.4984375 0.7916666666666666 0.003125 0.004166666666666667
1 0.8734375 0.7729166666666667 0.00625 0.004166666666666667
1 0.51015625 0.7677083333333333 0.0015625 0.0020833333333333333
1 0.51328125 0.7614583333333333 0.0015625 0.0020833333333333333
1 0.53046875 0.7510416666666667 0.0015625 0.0020833333333333333
1 0.4421875 0.75 0.003125 0.008333333333333333
1 0.6015625 0.740625 0.003125 0.0020833333333333333
1 0.58125 0.740625 0.003125 0.0020833333333333333
1 0.52109375 0.740625 0.0015625 0.0020833333333333333
1 0.44140625 0.7416666666666667 0.0015625 0.004166666666666667
1 0.64921875 0.7385416666666667 0.0015625 0.0020833333333333333
1 0.54609375 0.7385416666666667 0.0015625 0.0020833333333333333
1 0.565625 0.7364583333333333 0.00625 0.0020833333333333333
1 0.43828125 0.7364583333333333 0.0015625 0.00625
1 0.42421875 0.734375 0.0015625 0.0020833333333333333
1 0.5875 0.7354166666666667 0.053125 0.008333333333333333
1 0.55859375 0.7322916666666667 0.0015625 0.0020833333333333333
1 0.43359375 0.7322916666666667 0.0015625 0.0020833333333333333
1 0.84609375 0.728125 0.0015625 0.0020833333333333333
1 0.43984375 0.728125 0.0015625 0.0020833333333333333
1 0.4265625 0.7260416666666667 0.003125 0.0020833333333333333
1 0.43828125 0.7239583333333334 0.0015625 0.0020833333333333333
1 0.434375 0.7229166666666667 0.003125 0.004166666666666667
1 0.684375 0.71875 0.00625 0.004166666666666667
1 0.86015625 0.715625 0.0015625 0.0020833333333333333
1 0.70078125 0.715625 0.0015625 0.0020833333333333333
1 0.69453125 0.7166666666666667 0.0046875 0.004166666666666667
1 0.86171875 0.709375 0.0015625 0.0020833333333333333
1 0.69921875 0.709375 0.0015625 0.0020833333333333333
1 0.71328125 0.7052083333333333 0.0015625 0.0020833333333333333
1 0.70546875 0.703125 0.0015625 0.0020833333333333333
1 0.67734375 0.7020833333333333 0.0046875 0.004166666666666667
1 0.52109375 0.7010416666666667 0.0015625 0.0020833333333333333
1 0.70859375 0.6989583333333333 0.0015625 0.0020833333333333333
1 0.70390625 0.6989583333333333 0.0015625 0.0020833333333333333
1 0.43046875 0.709375 0.0046875 0.03125
1 0.7046875 0.69375 0.003125 0.004166666666666667
1 0.86328125 0.6864583333333333 0.0015625 0.0020833333333333333
1 0.8640625 0.725 0.025 0.08333333333333333
1 0.71171875 0.6854166666666667 0.0015625 0.004166666666666667
1 0.71484375 0.678125 0.0015625 0.0020833333333333333
1 0.71171875 0.6770833333333334 0.0015625 0.004166666666666667
1 0.7015625 0.6760416666666667 0.003125 0.010416666666666666
1 0.71484375 0.671875 0.0015625 0.00625
1 0.5421875 0.7020833333333333 0.015625 0.07083333333333333
1 0.51953125 0.6677083333333333 0.0015625 0.0020833333333333333
1 0.86953125 0.665625 0.0015625 0.0020833333333333333
1 0.70234375 0.6635416666666667 0.0015625 0.00625
1 0.6890625 0.6583333333333333 0.003125 0.004166666666666667
1 0.40859375 0.659375 0.0109375 0.010416666666666666
1 0.87109375 0.6510416666666666 0.0015625 0.0020833333333333333
1 0.7046875 0.6520833333333333 0.003125 0.004166666666666667
1 0.63671875 0.6510416666666666 0.0015625 0.0020833333333333333
1 0.39921875 0.6520833333333333 0.0015625 0.004166666666666667
1 0.69921875 0.6489583333333333 0.0015625 0.0020833333333333333
1 0.40234375 0.6489583333333333 0.0015625 0.0020833333333333333
1 0.70234375 0.646875 0.0015625 0.0020833333333333333
1 0.5109375 0.6479166666666667 0.003125 0.004166666666666667
1 0.87265625 0.6458333333333334 0.0015625 0.004166666666666667
1 0.52265625 0.6447916666666667 0.0015625 0.00625
1 0.87421875 0.6354166666666666 0.0015625 0.004166666666666667
1 0.56015625 0.634375 0.0015625 0.0020833333333333333
1 0.5546875 0.6354166666666666 0.00625 0.004166666666666667
1 0.53828125 0.634375 0.0015625 0.0020833333333333333
1 0.52421875 0.634375 0.0015625 0.0020833333333333333
1 0.53359375 0.6322916666666667 0.0015625 0.0020833333333333333
1 0.55703125 0.6291666666666667 0.0015625 0.004166666666666667
1 0.53984375 0.6291666666666667 0.0046875 0.004166666666666667
1 0.70234375 0.6270833333333333 0.0015625 0.004166666666666667
1 0.69921875 0.628125 0.0015625 0.00625
1 0.70078125 0.621875 0.0015625 0.0020833333333333333
1 0.67421875 0.6229166666666667 0.0015625 0.004166666666666667
1 0.35859375 0.621875 0.0015625 0.0020833333333333333
1 0.55390625 0.6177083333333333 0.0015625 0.0020833333333333333
1 0.5484375 0.6177083333333333 0.003125 0.0020833333333333333
1 0.36796875 0.6229166666666667 0.0140625 0.0125
1 0.35703125 0.6177083333333333 0.0015625 0.0020833333333333333
1 0.87265625 0.6208333333333333 0.0015625 0.0125
1 0.57421875 0.6197916666666666 0.0046875 0.010416666666666666
1 0.35234375 0.6135416666666667 0.0015625 0.0020833333333333333
1 0.52578125 0.6114583333333333 0.0015625 0.0020833333333333333
1 0.54765625 0.609375 0.0015625 0.0020833333333333333
1 0.5046875 0.6104166666666667 0.00625 0.004166666666666667
1 0.8734375 0.60625 0.003125 0.008333333333333333
1 0.68984375 0.6010416666666667 0.0046875 0.0020833333333333333
1 0.69296875 0.5947916666666667 0.0015625 0.0020833333333333333
1 0.86796875 0.59375 0.0015625 0.004166666666666667
1 0.321875 0.5927083333333333 0.00625 0.00625
1 0.69140625 0.5885416666666666 0.0015625 0.0020833333333333333
1 0.675 0.5927083333333333 0.003125 0.014583333333333334
1 0.28828125 0.578125 0.0015625 0.0020833333333333333
1 0.87109375 0.5760416666666667 0.0015625 0.0020833333333333333
1 0.86796875 0.5760416666666667 0.0015625 0.0020833333333333333
1 0.79296875 0.5760416666666667 0.0015625 0.0020833333333333333
1 0.2796875 0.5760416666666667 0.00625 0.0020833333333333333
1 0.68828125 0.5854166666666667 0.0046875 0.025
1 0.47890625 0.5739583333333333 0.0015625 0.0020833333333333333
1 0.85859375 0.571875 0.0015625 0.0020833333333333333
1 0.86171875 0.5697916666666667 0.0015625 0.0020833333333333333
1 0.8546875 0.56875 0.003125 0.004166666666666667
1 0.6765625 0.5697916666666667 0.003125 0.00625
1 0.56640625 0.5677083333333334 0.0015625 0.0020833333333333333
1 0.80234375 0.5635416666666667 0.0015625 0.0020833333333333333
1 0.24921875 0.5635416666666667 0.0015625 0.0020833333333333333
1 0.67890625 0.5614583333333333 0.0015625 0.0020833333333333333
1 0.56171875 0.5583333333333333 0.0015625 0.004166666666666667
1 0.846875 0.55625 0.003125 0.004166666666666667
1 0.80234375 0.5552083333333333 0.0015625 0.0020833333333333333
1 0.78984375 0.5541666666666667 0.0015625 0.004166666666666667
1 0.68359375 0.5510416666666667 0.0015625 0.0020833333333333333
1 0.59765625 0.5583333333333333 0.0046875 0.016666666666666666
1 0.46796875 0.5510416666666667 0.0015625 0.0020833333333333333
1 0.2046875 0.5520833333333334 0.003125 0.004166666666666667
1 0.67890625 0.5510416666666667 0.0015625 0.00625
1 0.7984375 0.5520833333333334 0.003125 0.016666666666666666
1 0.57421875 0.5447916666666667 0.0015625 0.0020833333333333333
1 0.465625 0.5458333333333333 0.003125 0.004166666666666667
1 0.84609375 0.5427083333333333 0.0015625 0.0020833333333333333
1 0.80078125 0.5458333333333333 0.0015625 0.008333333333333333
1 0.46171875 0.5427083333333333 0.0015625 0.0020833333333333333
1 0.67890625 0.5395833333333333 0.0015625 0.004166666666666667
1 0.57578125 0.5395833333333333 0.0015625 0.004166666666666667
1 0.84453125 0.5322916666666667 0.0015625 0.0020833333333333333
1 0.67890625 0.5333333333333333 0.0015625 0.004166666666666667
1 0.67421875 0.5322916666666667 0.0015625 0.0020833333333333333
1 0.575 0.5333333333333333 0.003125 0.004166666666666667
1 0.77890625 0.5302083333333333 0.0015625 0.0020833333333333333
1 0.58515625 0.528125 0.0015625 0.0020833333333333333
1 0.77734375 0.5260416666666666 0.0015625 0.0020833333333333333
1 0.59609375 0.5291666666666667 0.0015625 0.008333333333333333
1 0.4734375 0.534375 0.00625 0.01875
1 0.44296875 0.5270833333333333 0.0015625 0.004166666666666667
1 0.8 0.5291666666666667 0.003125 0.0125
1 0.4828125 0.5239583333333333 0.003125 0.0020833333333333333
1 0.78203125 0.521875 0.0015625 0.0020833333333333333
1 0.60078125 0.5260416666666666 0.0015625 0.014583333333333334
1 0.78671875 0.5177083333333333 0.0015625 0.0020833333333333333
1 0.42109375 0.5177083333333333 0.0015625 0.0020833333333333333
1 0.58203125 0.515625 0.0015625 0.0020833333333333333
1 0.47890625 0.5135416666666667 0.0015625 0.0020833333333333333
1 0.43828125 0.5135416666666667 0.0015625 0.0020833333333333333
1 0.43359375 0.5166666666666667 0.0046875 0.008333333333333333
1 0.67421875 0.51875 0.0015625 0.016666666666666666
1 0.58515625 0.5114583333333333 0.0015625 0.0020833333333333333
1 0.58671875 0.5072916666666667 0.0015625 0.0020833333333333333
1 0.4171875 0.509375 0.003125 0.00625
1 0.4453125 0.50625 0.003125 0.004166666666666667
1 0.65859375 0.49895833333333334 0.0015625 0.0020833333333333333
1 0.44921875 0.5041666666666667 0.0046875 0.0125
1 0.40625 0.49895833333333334 0.009375 0.0020833333333333333
1 0.39375 0.49895833333333334 0.003125 0.0020833333333333333
1 0.20390625 0.49895833333333334 0.0015625 0.0020833333333333333
1 0.84765625 0.496875 0.0015625 0.0020833333333333333
1 0.47265625 0.5010416666666667 0.0109375 0.010416666666666666
1 0.37890625 0.49583333333333335 0.0046875 0.004166666666666667
1 0.46484375 0.49375 0.0015625 0.004166666666666667
1 0.4546875 0.49375 0.003125 0.004166666666666667
1 0.38671875 0.49270833333333336 0.0015625 0.0020833333333333333
1 0.46484375 0.48854166666666665 0.0015625 0.0020833333333333333
1 0.378125 0.48854166666666665 0.003125 0.0020833333333333333
1 0.5953125 0.48854166666666665 0.003125 0.00625
1 0.36640625 0.484375 0.0015625 0.0020833333333333333
1 0.62578125 0.4822916666666667 0.0015625 0.0020833333333333333
1 0.4625 0.48333333333333334 0.003125 0.004166666666666667
1 0.36171875 0.4822916666666667 0.0046875 0.0020833333333333333
1 0.2078125 0.4822916666666667 0.003125 0.0020833333333333333
1 0.60078125 0.48333333333333334 0.0015625 0.008333333333333333
1 0.45859375 0.48020833333333335 0.0015625 0.0020833333333333333
1 0.4546875 0.48020833333333335 0.003125 0.0020833333333333333
1 0.35625 0.48020833333333335 0.003125 0.0020833333333333333
1 0.6453125 0.4895833333333333 0.021875 0.025
1 0.21640625 0.484375 0.0109375 0.014583333333333334
1 0.7734375 0.478125 0.003125 0.00625
1 0.4515625 0.47708333333333336 0.003125 0.004166666666666667
1 0.83671875 0.4739583333333333 0.0015625 0.0020833333333333333
1 0.33515625 0.471875 0.0078125 0.0020833333333333333
1 0.321875 0.471875 0.00625 0.0020833333333333333
1 0.84453125 0.46770833333333334 0.0015625 0.0020833333333333333
1 0.6546875 0.46979166666666666 0.003125 0.00625
1 0.62421875 0.46770833333333334 0.0015625 0.0020833333333333333
1 0.60859375 0.46770833333333334 0.0046875 0.0020833333333333333
1 0.43125 0.46770833333333334 0.003125 0.0020833333333333333
1 0.33359375 0.46770833333333334 0.0015625 0.0020833333333333333
1 0.32578125 0.46770833333333334 0.0015625 0.0020833333333333333
1 0.62109375 0.465625 0.0015625 0.0020833333333333333
1 0.45 0.46979166666666666 0.003125 0.010416666666666666
1 0.66796875 0.4635416666666667 0.0015625 0.0020833333333333333
1 0.31953125 0.4635416666666667 0.0015625 0.0020833333333333333
1 0.62578125 0.4583333333333333 0.0015625 0.004166666666666667
1 0.62109375 0.4583333333333333 0.0015625 0.004166666666666667
1 0.83984375 0.45416666666666666 0.0015625 0.004166666666666667
1 0.43515625 0.45625 0.0140625 0.008333333333333333
1 0.85078125 0.4479166666666667 0.0015625 0.008333333333333333
1 0.84453125 0.44895833333333335 0.0078125 0.010416666666666666
1 0.43671875 0.44479166666666664 0.0015625 0.00625
1 0.80859375 0.440625 0.0015625 0.0020833333333333333
1 0.8015625 0.4427083333333333 0.003125 0.00625
1 0.76328125 0.440625 0.0015625 0.00625
1 0.84609375 0.4322916666666667 0.0015625 0.0020833333333333333
1 0.7734375 0.44166666666666665 0.00625 0.020833333333333332
1 0.7609375 0.43333333333333335 0.00625 0.004166666666666667
1 0.37578125 0.4322916666666667 0.0015625 0.0020833333333333333
1 0.34765625 0.4322916666666667 0.0015625 0.0020833333333333333
1 0.43046875 0.42916666666666664 0.0046875 0.004166666666666667
1 0.34609375 0.428125 0.0015625 0.0020833333333333333
1 0.35546875 0.42604166666666665 0.0015625 0.0020833333333333333
1 0.35234375 0.42604166666666665 0.0015625 0.0020833333333333333
1 0.80625 0.4322916666666667 0.00625 0.01875
1 0.640625 0.425 0.003125 0.004166666666666667
1 0.36015625 0.4239583333333333 0.0015625 0.0020833333333333333
1 0.6453125 0.4197916666666667 0.003125 0.00625
1 0.634375 0.42083333333333334 0.003125 0.008333333333333333
1 0.75078125 0.4166666666666667 0.0015625 0.004166666666666667
1 0.41328125 0.4354166666666667 0.0265625 0.05
1 0.43984375 0.4125 0.0015625 0.0125
1 0.43984375 0.4010416666666667 0.0015625 0.0020833333333333333
1 0.82109375 0.39895833333333336 0.0046875 0.0020833333333333333
1 0.6546875 0.39791666666666664 0.003125 0.004166666666666667
1 0.74765625 0.3958333333333333 0.0015625 0.004166666666666667
1 0.73671875 0.3927083333333333 0.0015625 0.0020833333333333333
1 0.66796875 0.390625 0.0015625 0.0020833333333333333
1 0.4296875 0.39166666666666666 0.003125 0.004166666666666667
1 0.38515625 0.390625 0.0015625 0.0020833333333333333
1 0.38203125 0.390625 0.0015625 0.0020833333333333333
1 0.37890625 0.390625 0.0015625 0.0020833333333333333
1 0.84453125 0.390625 0.0078125 0.00625
1 0.82421875 0.38958333333333334 0.0015625 0.004166666666666667
1 0.65390625 0.3885416666666667 0.0015625 0.0020833333333333333
1 0.83046875 0.38958333333333334 0.0046875 0.008333333333333333
1 0.84140625 0.384375 0.0015625 0.0020833333333333333
1 0.54609375 0.38229166666666664 0.0015625 0.0020833333333333333
1 0.84609375 0.3802083333333333 0.0015625 0.0020833333333333333
1 0.82890625 0.3802083333333333 0.0015625 0.0020833333333333333
1 0.6609375 0.38333333333333336 0.00625 0.008333333333333333
1 0.38046875 0.3802083333333333 0.0015625 0.0020833333333333333
1 0.7484375 0.3770833333333333 0.003125 0.004166666666666667
1 0.6703125 0.378125 0.003125 0.00625
1 0.54609375 0.37395833333333334 0.0015625 0.0020833333333333333
1 0.38515625 0.37395833333333334 0.0015625 0.0020833333333333333
1 0.2625 0.375 0.003125 0.004166666666666667
1 0.82421875 0.37395833333333334 0.0015625 0.00625
1 0.75078125 0.37083333333333335 0.0015625 0.004166666666666667
1 0.38671875 0.3697916666666667 0.0015625 0.0020833333333333333
1 0.71796875 0.36770833333333336 0.0015625 0.0020833333333333333
1 0.41640625 0.36770833333333336 0.0015625 0.0020833333333333333
1 0.39453125 0.36770833333333336 0.0015625 0.0020833333333333333
1 0.8375 0.365625 0.015625 0.0020833333333333333
1 0.728125 0.36666666666666664 0.003125 0.004166666666666667
1 0.68359375 0.365625 0.0015625 0.0020833333333333333
1 0.55234375 0.365625 0.0015625 0.0020833333333333333
1 0.44375 0.365625 0.003125 0.0020833333333333333
1 0.39921875 0.3614583333333333 0.0015625 0.0020833333333333333
1 0.39296875 0.3614583333333333 0.0015625 0.0020833333333333333
1 0.42109375 0.3625 0.0078125 0.008333333333333333
1 0.71953125 0.3572916666666667 0.0015625 0.0020833333333333333
1 0.7125 0.35833333333333334 0.003125 0.004166666666666667
1 0.6859375 0.35520833333333335 0.003125 0.0020833333333333333
1 0.27734375 0.35520833333333335 0.0015625 0.0020833333333333333
1 0.70859375 0.353125 0.0015625 0.0020833333333333333
1 0.39921875 0.353125 0.0015625 0.0020833333333333333
1 0.70625 0.3489583333333333 0.003125 0.0020833333333333333
1 0.2796875 0.3489583333333333 0.003125 0.00625
1 0.70703125 0.340625 0.0015625 0.0020833333333333333
1 0.69609375 0.3385416666666667 0.0015625 0.0020833333333333333
1 0.41953125 0.33645833333333336 0.0015625 0.0020833333333333333
1 0.5703125 0.33541666666666664 0.003125 0.004166666666666667
1 0.28984375 0.33229166666666665 0.0015625 0.0020833333333333333
1 0.45546875 0.3302083333333333 0.0015625 0.0020833333333333333
1 0.72421875 0.3302083333333333 0.0078125 0.00625
1 0.56875 0.32916666666666666 0.003125 0.004166666666666667
1 0.43203125 0.3260416666666667 0.0015625 0.0020833333333333333
1 0.45390625 0.32395833333333335 0.0015625 0.0020833333333333333
1 0.42890625 0.321875 0.0015625 0.0020833333333333333
1 0.45703125 0.31979166666666664 0.0015625 0.0020833333333333333
1 0.28828125 0.3177083333333333 0.0015625 0.0020833333333333333
1 0.578125 0.31666666666666665 0.003125 0.004166666666666667
1 0.740625 0.31666666666666665 0.003125 0.008333333333333333
1 0.44921875 0.31145833333333334 0.0015625 0.0020833333333333333
1 0.46328125 0.309375 0.0015625 0.0020833333333333333
1 0.296875 0.3125 0.0125 0.008333333333333333
1 0.30390625 0.30833333333333335 0.0015625 0.004166666666666667
1 0.73671875 0.30833333333333335 0.0078125 0.0125
1 0.44140625 0.3072916666666667 0.0046875 0.010416666666666666
1 0.30078125 0.303125 0.0015625 0.0020833333333333333
1 0.78515625 0.30104166666666665 0.0015625 0.0020833333333333333
1 0.78203125 0.30104166666666665 0.0015625 0.0020833333333333333
1 0.77890625 0.30104166666666665 0.0015625 0.0020833333333333333
1 0.775 0.30104166666666665 0.003125 0.0020833333333333333
1 0.77109375 0.30104166666666665 0.0015625 0.0020833333333333333
1 0.46171875 0.30104166666666665 0.0015625 0.0020833333333333333
1 0.7640625 0.3 0.009375 0.004166666666666667
1 0.74609375 0.2989583333333333 0.0015625 0.0020833333333333333
1 0.74921875 0.296875 0.0015625 0.0020833333333333333
1 0.75703125 0.2947916666666667 0.0015625 0.0020833333333333333
1 0.45703125 0.2947916666666667 0.0015625 0.0020833333333333333
1 0.76484375 0.29270833333333335 0.0078125 0.00625
1 0.4140625 0.290625 0.003125 0.0020833333333333333
1 0.43515625 0.2864583333333333 0.0015625 0.0020833333333333333
1 0.32734375 0.28125 0.0015625 0.004166666666666667
1 0.315625 0.28020833333333334 0.003125 0.0020833333333333333
1 0.3140625 0.2875 0.009375 0.016666666666666666
1 0.32890625 0.2760416666666667 0.0015625 0.0020833333333333333
1 0.33046875 0.271875 0.0015625 0.0020833333333333333
1 0.79609375 0.278125 0.0109375 0.01875
1 0.47890625 0.2708333333333333 0.0015625 0.004166666666666667
1 0.4125 0.26875 0.00625 0.004166666666666667
1 0.30546875 0.26979166666666665 0.0015625 0.00625
1 0.42265625 0.265625 0.0015625 0.0020833333333333333
1 0.41953125 0.265625 0.0015625 0.0020833333333333333
1 0.61171875 0.2635416666666667 0.0015625 0.0020833333333333333
1 0.43125 0.265625 0.003125 0.00625
1 0.86796875 0.26145833333333335 0.0015625 0.0020833333333333333
1 0.85546875 0.26145833333333335 0.0015625 0.0020833333333333333
1 0.61484375 0.26145833333333335 0.0015625 0.0020833333333333333
1 0.4421875 0.26145833333333335 0.003125 0.0020833333333333333
1 0.87421875 0.259375 0.0015625 0.0020833333333333333
1 0.61796875 0.259375 0.0015625 0.0020833333333333333
1 0.41484375 0.25729166666666664 0.0015625 0.0020833333333333333
1 0.87109375 0.25625 0.0046875 0.004166666666666667
1 0.8171875 0.2552083333333333 0.003125 0.0020833333333333333
1 0.81328125 0.2552083333333333 0.0015625 0.0020833333333333333
1 0.6234375 0.25833333333333336 0.00625 0.008333333333333333
1 0.85703125 0.2552083333333333 0.0046875 0.00625
1 0.85234375 0.253125 0.0015625 0.0020833333333333333
1 0.43828125 0.24895833333333334 0.0015625 0.0020833333333333333
1 0.840625 0.24479166666666666 0.00625 0.0020833333333333333
1 0.82734375 0.24479166666666666 0.0015625 0.0020833333333333333
1 0.8171875 0.24479166666666666 0.003125 0.0020833333333333333
1 0.63984375 0.24479166666666666 0.0015625 0.0020833333333333333
1 0.63359375 0.24479166666666666 0.0046875 0.00625
1 0.44375 0.24375 0.003125 0.004166666666666667
1 0.64765625 0.23854166666666668 0.0015625 0.0020833333333333333
1 0.36640625 0.23958333333333334 0.0015625 0.004166666666666667
1 0.34921875 0.25104166666666666 0.0265625 0.03125
1 0.925 0.22916666666666666 0.003125 0.004166666666666667
1 0.65703125 0.22604166666666667 0.0015625 0.0020833333333333333
1 0.65390625 0.221875 0.0015625 0.0020833333333333333
1 0.66484375 0.209375 0.0015625 0.0020833333333333333
1 0.68203125 0.20520833333333333 0.0015625 0.0020833333333333333
1 0.67890625 0.20104166666666667 0.0015625 0.0020833333333333333
1 0.68203125 0.196875 0.0015625 0.0020833333333333333
1 0.690625 0.19270833333333334 0.003125 0.0020833333333333333
1 0.84921875 0.190625 0.0015625 0.0020833333333333333
1 0.84609375 0.190625 0.0015625 0.0020833333333333333
1 0.84296875 0.190625 0.0015625 0.0020833333333333333
1 0.83984375 0.190625 0.0015625 0.0020833333333333333
1 0.83671875 0.190625 0.0015625 0.0020833333333333333
1 0.83359375 0.190625 0.0015625 0.0020833333333333333
1 0.83046875 0.190625 0.0015625 0.0020833333333333333
1 0.8265625 0.190625 0.003125 0.0020833333333333333
1 0.70234375 0.18854166666666666 0.0015625 0.0020833333333333333
1 0.68515625 0.18854166666666666 0.0015625 0.0020833333333333333
1 0.70546875 0.18645833333333334 0.0015625 0.0020833333333333333
1 0.4046875 0.18645833333333334 0.003125 0.0020833333333333333
1 0.92109375 0.18541666666666667 0.0078125 0.004166666666666667
1 0.68671875 0.184375 0.0015625 0.0020833333333333333
1 0.865625 0.18229166666666666 0.003125 0.0020833333333333333
1 0.86171875 0.18229166666666666 0.0015625 0.0020833333333333333
1 0.92578125 0.18020833333333333 0.0015625 0.0020833333333333333
1 0.88203125 0.18020833333333333 0.0015625 0.0020833333333333333
1 0.91328125 0.17395833333333333 0.0015625 0.0020833333333333333
1 0.91015625 0.17395833333333333 0.0015625 0.0020833333333333333
1 0.90625 0.17395833333333333 0.003125 0.0020833333333333333
1 0.90234375 0.17395833333333333 0.0015625 0.0020833333333333333
1 0.88984375 0.17604166666666668 0.0078125 0.00625
1 0.884375 0.17395833333333333 0.003125 0.0020833333333333333
1 0.8640625 0.17604166666666668 0.00625 0.00625
1 0.80234375 0.17395833333333333 0.0015625 0.0020833333333333333
1 0.88046875 0.171875 0.0015625 0.0020833333333333333
1 0.87421875 0.171875 0.0015625 0.0020833333333333333
1 0.85078125 0.171875 0.0015625 0.0020833333333333333
1 0.82578125 0.171875 0.0015625 0.0020833333333333333
1 0.81328125 0.175 0.0046875 0.008333333333333333
1 0.8078125 0.171875 0.003125 0.0020833333333333333
1 0.79765625 0.171875 0.0015625 0.0020833333333333333
1 0.79140625 0.16770833333333332 0.0015625 0.0020833333333333333
1 0.72109375 0.16770833333333332 0.0015625 0.0020833333333333333
1 0.71953125 0.15833333333333333 0.0046875 0.004166666666666667
1 0.715625 0.15625 0.003125 0.004166666666666667
1 0.57109375 0.14895833333333333 0.0015625 0.0020833333333333333
1 0.45703125 0.146875 0.0015625 0.0020833333333333333
1 0.57109375 0.14270833333333333 0.0015625 0.0020833333333333333
1 0.44921875 0.140625 0.0015625 0.0020833333333333333
1 0.57890625 0.13020833333333334 0.0015625 0.0020833333333333333
1 0.73515625 0.12395833333333334 0.0015625 0.0020833333333333333
1 0.4796875 0.11979166666666667 0.003125 0.0020833333333333333
1 0.59921875 0.11770833333333333 0.0015625 0.0020833333333333333
1 0.7421875 0.11770833333333333 0.003125 0.014583333333333334
1 0.49140625 0.11770833333333333 0.0171875 0.014583333333333334
1 0.6109375 0.11041666666666666 0.00625 0.004166666666666667
1 0.5953125 0.11041666666666666 0.003125 0.004166666666666667
1 0.50546875 0.10729166666666666 0.0046875 0.0020833333333333333
1 0.75078125 0.10625 0.0015625 0.004166666666666667
1 0.5140625 0.10520833333333333 0.003125 0.0020833333333333333
1 0.48359375 0.10520833333333333 0.0046875 0.0020833333333333333
1 0.59921875 0.10520833333333333 0.0015625 0.00625
1 0.50546875 0.103125 0.0015625 0.0020833333333333333
1 0.74453125 0.10104166666666667 0.0015625 0.0020833333333333333
1 0.6078125 0.10208333333333333 0.003125 0.004166666666666667
1 0.2375 0.11666666666666667 0.025 0.03333333333333333
1 0.60078125 0.09895833333333333 0.0015625 0.0020833333333333333
1 0.603125 0.09479166666666666 0.003125 0.0020833333333333333
1 0.63046875 0.09270833333333334 0.0015625 0.0020833333333333333
1 0.609375 0.09479166666666666 0.00625 0.00625
1 0.74921875 0.09166666666666666 0.0046875 0.004166666666666667
1 0.61015625 0.090625 0.0015625 0.0020833333333333333
1 0.63203125 0.0875 0.0046875 0.004166666666666667
1 0.61953125 0.084375 0.0015625 0.0020833333333333333
1 0.6390625 0.084375 0.00625 0.00625
1 0.64609375 0.08125 0.0046875 0.004166666666666667
1 0.56328125 0.078125 0.0015625 0.0020833333333333333
1 0.5671875 0.07395833333333333 0.003125 0.0020833333333333333
1 0.6328125 0.071875 0.003125 0.0020833333333333333
1 0.65703125 0.07083333333333333 0.0015625 0.004166666666666667
1 0.57265625 0.06979166666666667 0.0015625 0.0020833333333333333
1 0.62109375 0.06770833333333333 0.0015625 0.0020833333333333333
1 0.63359375 0.0625 0.0046875 0.008333333333333333
1 0.69296875 0.05520833333333333 0.0046875 0.0020833333333333333
1 0.70703125 0.051041666666666666 0.0015625 0.0020833333333333333
1 0.63828125 0.05 0.0046875 0.004166666666666667
1 0.68984375 0.046875 0.0015625 0.0020833333333333333
1 0.72421875 0.04479166666666667 0.0015625 0.0020833333333333333
1 0.71796875 0.04479166666666667 0.0046875 0.0020833333333333333
1 0.72734375 0.042708333333333334 0.0015625 0.0020833333333333333
1 0.58046875 0.04479166666666667 0.0046875 0.00625
1 0.73046875 0.040625 0.0015625 0.0020833333333333333
1 0.71015625 0.041666666666666664 0.0015625 0.004166666666666667
1 0.68671875 0.040625 0.0015625 0.0020833333333333333
1 0.715625 0.040625 0.00625 0.00625
1 0.63671875 0.035416666666666666 0.0015625 0.004166666666666667
1 0.63359375 0.03229166666666667 0.0015625 0.0020833333333333333
1 0.62734375 0.030208333333333334 0.0015625 0.0020833333333333333
1 0.64140625 0.029166666666666667 0.0015625 0.004166666666666667
1 0.98984375 0.026041666666666668 0.0015625 0.0020833333333333333
1 0.98046875 0.026041666666666668 0.0015625 0.0020833333333333333
1 0.6375 0.027083333333333334 0.003125 0.008333333333333333
1 0.61171875 0.023958333333333335 0.0015625 0.0020833333333333333
1 0.99765625 0.021875 0.0015625 0.0020833333333333333
1 0.62109375 0.021875 0.0046875 0.0020833333333333333
1 0.615625 0.021875 0.003125 0.0020833333333333333
1 0.94375 0.015625 0.003125 0.0020833333333333333
1 0.6125 0.015625 0.003125 0.0020833333333333333
1 0.8859375 0.010416666666666666 0.00625 0.004166666666666667
1 0.88046875 0.009375 0.0015625 0.0020833333333333333
1 0.875 0.4 0.25 0.8
1 0.73125 0.03333333333333333 0.1875 0.06666666666666667
1 0.6328125 0.010416666666666666 0.015625 0.020833333333333332
1 0.62109375 0.005208333333333333 0.0109375 0.010416666666666666
1 0.5 0.5 1.0 1.0
1 0.075 0.13333333333333333 0.15 0.26666666666666666
