0 0.46328125 0.825 0.0046875 0.004166666666666667
0 0.46640625 0.8208333333333333 0.0046875 0.004166666666666667
0 0.50703125 0.809375 0.0046875 0.00625
0 0.41796875 0.803125 0.0015625 0.0020833333333333333
0 0.49140625 0.796875 0.0046875 0.00625
0 0.41171875 0.7979166666666667 0.0078125 0.008333333333333333
0 0.40703125 0.7947916666666667 0.0015625 0.0020833333333333333
0 0.50234375 0.7916666666666666 0.0015625 0.004166666666666667
0 0.40234375 0.7875 0.0046875 0.008333333333333333
0 0.79921875 0.771875 0.0015625 0.0020833333333333333
0 0.79609375 0.76875 0.0015625 0.004166666666666667
0 0.80546875 0.7645833333333333 0.0015625 0.004166666666666667
0 0.890625 0.815625 0.203125 0.11458333333333333
0 0.80234375 0.759375 0.0078125 0.00625
0 0.80390625 0.7364583333333333 0.0015625 0.0020833333333333333
0 0.815625 0.7333333333333333 0.01875 0.016666666666666666
0 0.81796875 0.7239583333333334 0.0015625 0.0020833333333333333
0 0.79609375 0.7239583333333334 0.0015625 0.0020833333333333333
0 0.85703125 0.6708333333333333 0.0046875 0.004166666666666667
0 0.76640625 0.6114583333333333 0.0015625 0.0020833333333333333
0 0.77734375 0.5864583333333333 0.0015625 0.0020833333333333333
0 0.78984375 0.5697916666666667 0.0015625 0.0020833333333333333
0 0.775 0.575 0.009375 0.016666666666666666
0 0.79296875 0.565625 0.0015625 0.0020833333333333333
0 0.77734375 0.546875 0.0015625 0.0020833333333333333
0 0.78671875 0.5427083333333333 0.0015625 0.0020833333333333333
0 0.78046875 0.5447916666666667 0.0046875 0.00625
0 0.56484375 0.5427083333333333 0.0015625 0.0020833333333333333
0 0.87265625 0.55 0.0109375 0.029166666666666667
0 0.78359375 0.5375 0.0015625 0.004166666666666667
0 0.78046875 0.5375 0.0015625 0.004166666666666667
0 0.51328125 0.4947916666666667 0.0015625 0.0020833333333333333
0 0.50390625 0.4739583333333333 0.0015625 0.0020833333333333333
0 0.334375 0.4583333333333333 0.00625 0.0125
0 0.70390625 0.44895833333333335 0.0015625 0.0020833333333333333
0 0.76328125 0.43854166666666666 0.0015625 0.0020833333333333333
0 0.33828125 0.440625 0.0109375 0.01875
0 0.75703125 0.43020833333333336 0.0078125 0.027083333333333334
0 0.36484375 0.4041666666666667 0.0046875 0.004166666666666667
0 0.3515625 0.40729166666666666 0.003125 0.014583333333333334
0 0.3515625 0.39479166666666665 0.003125 0.00625
0 0.42734375 0.36770833333333336 0.0015625 0.0020833333333333333
0 0.62890625 0.3614583333333333 0.0015625 0.0020833333333333333
0 0.37734375 0.36770833333333336 0.0078125 0.022916666666666665
0 0.51484375 0.32916666666666666 0.0015625 0.004166666666666667
0 0.45078125 0.3302083333333333 0.0046875 0.00625
0 0.4015625 0.32083333333333336 0.003125 0.004166666666666667
0 0.51640625 0.3177083333333333 0.0015625 0.0020833333333333333
0 0.39453125 0.5427083333333333 0.1046875 0.45625
0 0.51328125 0.31354166666666666 0.0015625 0.0020833333333333333
0 0.3734375 0.3145833333333333 0.003125 0.004166666666666667
0 0.68671875 0.56875 0.3515625 0.525
0 0.3703125 0.30833333333333335 0.003125 0.008333333333333333
0 0.53203125 0.30104166666666665 0.0015625 0.0020833333333333333
0 0.409375 0.30104166666666665 0.003125 0.0020833333333333333
0 0.53359375 0.32083333333333336 0.0234375 0.05
0 0.32265625 0.296875 0.0015625 0.0020833333333333333
0 0.53828125 0.28854166666666664 0.0015625 0.0020833333333333333
0 0.40234375 0.2947916666666667 0.0078125 0.014583333333333334
0 0.33046875 0.278125 0.0015625 0.0020833333333333333
0 0.5546875 0.2791666666666667 0.00625 0.008333333333333333
0 0.33203125 0.27395833333333336 0.0015625 0.0020833333333333333
0 0.68515625 0.271875 0.0015625 0.0020833333333333333
0 0.5765625 0.25104166666666666 0.003125 0.0020833333333333333
0 0.58828125 0.234375 0.0015625 0.0020833333333333333
0 0.4265625 0.22604166666666667 0.00625 0.014583333333333334
0 0.45546875 0.21875 0.0015625 0.004166666666666667
0 0.459375 0.21666666666666667 0.003125 0.004166666666666667
0 0.47265625 0.20729166666666668 0.0015625 0.0020833333333333333
0 0.446875 0.215625 0.01875 0.022916666666666665
0 0.60546875 0.203125 0.0015625 0.0020833333333333333
0 0.61171875 0.20104166666666667 0.0015625 0.0020833333333333333
0 0.47890625 0.190625 0.0078125 0.014583333333333334
0 0.64296875 0.171875 0.0015625 0.0020833333333333333
0 0.7859375 0.16770833333333332 0.00625 0.00625
0 0.51328125 0.16354166666666667 0.0015625 0.0020833333333333333
0 0.65234375 0.159375 0.0015625 0.0020833333333333333
0 0.50390625 0.16666666666666666 0.0171875 0.016666666666666666
0 0.5203125 0.15 0.0125 0.016666666666666666
0 0.52734375 0.13541666666666666 0.0046875 0.004166666666666667
0 0.70625 0.2864583333333333 0.33125 0.4270833333333333
0 0.90234375 0.06979166666666667 0.0015625 0.0020833333333333333
0 0.6953125 0.071875 0.0125 0.010416666666666666
0 0.90234375 0.065625 0.0015625 0.0020833333333333333
0 0.70234375 0.06041666666666667 0.0015625 0.004166666666666667
0 0.6359375 0.05625 0.00625 0.004166666666666667
0 0.6421875 0.053125 0.003125 0.0020833333333333333
0 0.64453125 0.04895833333333333 0.0015625 0.0020833333333333333
0 0.47265625 0.30104166666666665 0.3828125 0.5104166666666666
0 0.7 0.03333333333333333 0.10625 0.06666666666666667
1 0.97421875 0.8947916666666667 0.0046875 0.0020833333333333333
1 0.95625 0.8958333333333334 0.003125 0.004166666666666667
1 0.94765625 0.8822916666666667 0.0015625 0.0020833333333333333
1 0.93671875 0.871875 0.0015625 0.0020833333333333333
1 0.928125 0.8833333333333333 0.009375 0.025
1 0.93203125 0.8677083333333333 0.0015625 0.0020833333333333333
1 0.909375 0.8635416666666667 0.003125 0.0020833333333333333
1 0.91484375 0.8645833333333334 0.0046875 0.008333333333333333
1 0.903125 0.8614583333333333 0.003125 0.0020833333333333333
1 0.82421875 0.8625 0.0015625 0.004166666666666667
1 0.89765625 0.859375 0.0015625 0.0020833333333333333
1 0.84765625 0.859375 0.0046875 0.0020833333333333333
1 0.83515625 0.859375 0.0015625 0.0020833333333333333
1 0.83203125 0.8604166666666667 0.0015625 0.004166666666666667
1 0.840625 0.8541666666666666 0.003125 0.004166666666666667
1 0.58046875 0.853125 0.0015625 0.0020833333333333333
1 0.56328125 0.8510416666666667 0.0015625 0.0020833333333333333
1 0.83046875 0.85 0.0046875 0.004166666666666667
1 0.57421875 0.8489583333333334 0.0015625 0.0020833333333333333
1 0.55390625 0.8489583333333334 0.0015625 0.0020833333333333333
1 0.57734375 0.846875 0.0015625 0.0020833333333333333
1 0.5328125 0.8479166666666667 0.0125 0.0125
1 0.99765625 0.8354166666666667 0.0046875 0.004166666666666667
1 0.27109375 0.834375 0.0015625 0.0020833333333333333
1 0.26796875 0.834375 0.0015625 0.0020833333333333333
1 0.26484375 0.834375 0.0015625 0.0020833333333333333
1 0.26171875 0.834375 0.0015625 0.0020833333333333333
1 0.25859375 0.834375 0.0015625 0.0020833333333333333
1 0.25546875 0.834375 0.0015625 0.0020833333333333333
1 0.81328125 0.8322916666666667 0.0015625 0.0020833333333333333
1 0.80078125 0.8322916666666667 0.0015625 0.0020833333333333333
1 0.47109375 0.8302083333333333 0.0015625 0.0020833333333333333
1 0.75 0.828125 0.003125 0.0020833333333333333
1 0.74609375 0.828125 0.0015625 0.0020833333333333333
1 0.7234375 0.828125 0.003125 0.0020833333333333333
1 0.99765625 0.8270833333333333 0.0046875 0.008333333333333333
1 0.7921875 0.8229166666666666 0.0125 0.004166666666666667
1 0.7375 0.821875 0.003125 0.0020833333333333333
1 0.73203125 0.825 0.0046875 0.008333333333333333
1 0.9734375 0.815625 0.003125 0.0020833333333333333
1 0.74765625 0.815625 0.0015625 0.0020833333333333333
1 0.796875 0.8166666666666667 0.00625 0.008333333333333333
1 0.75078125 0.8135416666666667 0.0015625 0.0020833333333333333
1 0.96171875 0.8114583333333333 0.0015625 0.0020833333333333333
1 0.95078125 0.809375 0.0015625 0.0020833333333333333
1 0.9921875 0.8083333333333333 0.003125 0.004166666666666667
1 0.98203125 0.8072916666666666 0.0015625 0.0020833333333333333
1 0.97421875 0.8072916666666666 0.0015625 0.0020833333333333333
1 0.96484375 0.8052083333333333 0.0046875 0.0020833333333333333
1 0.97578125 0.803125 0.0015625 0.0020833333333333333
1 0.9546875 0.8041666666666667 0.009375 0.004166666666666667
1 0.7890625 0.8052083333333333 0.003125 0.00625
1 0.40546875 0.8041666666666667 0.0015625 0.004166666666666667
1 0.78359375 0.8104166666666667 0.0046875 0.020833333333333332
1 0.771875 0.8010416666666667 0.003125 0.0020833333333333333
1 0.76796875 0.8010416666666667 0.0015625 0.0020833333333333333
1 0.99453125 0.7989583333333333 0.0015625 0.0020833333333333333
1 0.97890625 0.8 0.0015625 0.004166666666666667
1 0.97578125 0.7989583333333333 0.0015625 0.0020833333333333333
1 0.93671875 0.8041666666666667 0.0203125 0.0125
1 0.92578125 0.7989583333333333 0.0015625 0.0020833333333333333
1 0.53046875 0.796875 0.0015625 0.0020833333333333333
1 0.91875 0.7947916666666667 0.00625 0.010416666666666666
1 0.51796875 0.790625 0.0015625 0.0020833333333333333
1 0.91015625 0.7875 0.0046875 0.004166666666666667
1 0.91328125 0.778125 0.0046875 0.0020833333333333333
1 0.90859375 0.7760416666666666 0.0015625 0.0020833333333333333
1 0.90546875 0.7739583333333333 0.0015625 0.0020833333333333333
1 0.92578125 0.7729166666666667 0.0015625 0.004166666666666667
1 0.92109375 0.7729166666666667 0.0015625 0.004166666666666667
1 0.38046875 0.775 0.0078125 0.008333333333333333
1 0.90078125 0.7708333333333334 0.0015625 0.004166666666666667
1 0.49921875 0.7697916666666667 0.0015625 0.0020833333333333333
1 0.49140625 0.7677083333333333 0.0015625 0.0020833333333333333
1 0.378125 0.7666666666666667 0.003125 0.004166666666666667
1 0.89453125 0.7625 0.0015625 0.004166666666666667
1 0.88984375 0.7614583333333333 0.0046875 0.010416666666666666
1 0.49453125 0.7614583333333333 0.0015625 0.010416666666666666
1 0.484375 0.7520833333333333 0.003125 0.004166666666666667
1 0.36484375 0.7552083333333334 0.0078125 0.010416666666666666
1 0.87734375 0.740625 0.0015625 0.0020833333333333333
1 0.88046875 0.7395833333333334 0.0015625 0.004166666666666667
1 0.48203125 0.7395833333333334 0.0046875 0.004166666666666667
1 0.878125 0.7322916666666667 0.003125 0.0020833333333333333
1 0.49296875 0.7395833333333334 0.0140625 0.016666666666666666
1 0.87109375 0.7260416666666667 0.0015625 0.0020833333333333333
1 0.86953125 0.721875 0.0015625 0.0020833333333333333
1 0.47265625 0.7239583333333334 0.0078125 0.00625
1 0.5078125 0.7177083333333333 0.003125 0.0020833333333333333
1 0.86640625 0.7114583333333333 0.0015625 0.0020833333333333333
1 0.52265625 0.709375 0.0015625 0.0020833333333333333
1 0.50625 0.7114583333333333 0.00625 0.00625
1 0.46015625 0.7104166666666667 0.0015625 0.004166666666666667
1 0.53984375 0.70625 0.0078125 0.004166666666666667
1 0.52265625 0.7052083333333333 0.0015625 0.0020833333333333333
1 0.62734375 0.703125 0.0015625 0.0020833333333333333
1 0.56328125 0.703125 0.0015625 0.0020833333333333333
1 0.54296875 0.7010416666666667 0.0015625 0.0020833333333333333
1 0.47578125 0.7020833333333333 0.0015625 0.004166666666666667
1 0.63671875 0.6989583333333333 0.0015625 0.0020833333333333333
1 0.62421875 0.7 0.0015625 0.004166666666666667
1 0.5828125 0.7 0.0375 0.004166666666666667
1 0.87578125 0.6958333333333333 0.0015625 0.004166666666666667
1 0.67578125 0.690625 0.0015625 0.0020833333333333333
1 0.6109375 0.6927083333333334 0.003125 0.00625
1 0.68046875 0.6885416666666667 0.0015625 0.0020833333333333333
1 0.68515625 0.684375 0.0015625 0.0020833333333333333
1 0.44921875 0.6854166666666667 0.0046875 0.008333333333333333
1 0.86484375 0.6802083333333333 0.0015625 0.0020833333333333333
1 0.69296875 0.6802083333333333 0.0015625 0.0020833333333333333
1 0.6609375 0.6875 0.009375 0.020833333333333332
1 0.68359375 0.678125 0.0046875 0.00625
1 0.67109375 0.6791666666666667 0.0078125 0.008333333333333333
1 0.44921875 0.6760416666666667 0.0015625 0.0020833333333333333
1 0.44296875 0.6760416666666667 0.0015625 0.0020833333333333333
1 0.70546875 0.671875 0.0015625 0.0020833333333333333
1 0.69921875 0.671875 0.0015625 0.0020833333333333333
1 0.56328125 0.6708333333333333 0.0015625 0.004166666666666667
1 0.6515625 0.66875 0.003125 0.004166666666666667
1 0.69453125 0.665625 0.0015625 0.0020833333333333333
1 0.59921875 0.6645833333333333 0.0015625 0.004166666666666667
1 0.59921875 0.6510416666666666 0.0015625 0.0020833333333333333
1 0.43984375 0.6510416666666666 0.0015625 0.0020833333333333333
1 0.72421875 0.6489583333333333 0.0015625 0.0020833333333333333
1 0.5875 0.65 0.009375 0.0125
1 0.55390625 0.665625 0.0515625 0.04375
1 0.66328125 0.640625 0.0015625 0.0020833333333333333
1 0.584375 0.6385416666666667 0.00625 0.0020833333333333333
1 0.87578125 0.6364583333333333 0.0015625 0.0020833333333333333
1 0.55078125 0.6364583333333333 0.0015625 0.0020833333333333333
1 0.67265625 0.634375 0.0046875 0.0020833333333333333
1 0.59375 0.634375 0.003125 0.0020833333333333333
1 0.33515625 0.634375 0.0015625 0.0020833333333333333
1 0.025 0.7 0.05 0.13333333333333333
1 0.71953125 0.6322916666666667 0.0015625 0.0020833333333333333
1 0.71171875 0.6322916666666667 0.0015625 0.0020833333333333333
1 0.44140625 0.6291666666666667 0.0015625 0.004166666666666667
1 0.90078125 0.6270833333333333 0.0015625 0.008333333333333333
1 0.43984375 0.621875 0.0015625 0.0020833333333333333
1 0.71328125 0.6197916666666666 0.0015625 0.00625
1 0.6953125 0.6177083333333333 0.003125 0.0020833333333333333
1 0.45078125 0.6239583333333333 0.0015625 0.01875
1 0.8875 0.615625 0.003125 0.00625
1 0.71015625 0.615625 0.0015625 0.00625
1 0.71484375 0.6125 0.0015625 0.004166666666666667
1 0.47578125 0.6135416666666667 0.0015625 0.00625
1 0.43203125 0.6114583333333333 0.0015625 0.0020833333333333333
1 0.89765625 0.6104166666666667 0.0015625 0.016666666666666666
1 0.95 0.6833333333333333 0.1 0.16666666666666666
1 0.70078125 0.603125 0.0046875 0.00625
1 0.66171875 0.5989583333333334 0.0015625 0.0020833333333333333
1 0.65546875 0.5989583333333334 0.0015625 0.0020833333333333333
1 0.71171875 0.5947916666666667 0.0015625 0.0020833333333333333
1 0.56953125 0.5947916666666667 0.0015625 0.0020833333333333333
1 0.56875 0.5979166666666667 0.0125 0.008333333333333333
1 0.70234375 0.59375 0.0015625 0.004166666666666667
1 0.5578125 0.5927083333333333 0.003125 0.0020833333333333333
1 0.54921875 0.5927083333333333 0.0015625 0.0020833333333333333
1 0.67421875 0.5927083333333333 0.0015625 0.00625
1 0.70390625 0.5864583333333333 0.0015625 0.0020833333333333333
1 0.89375 0.590625 0.003125 0.014583333333333334
1 0.6640625 0.5854166666666667 0.003125 0.004166666666666667
1 0.56796875 0.584375 0.0015625 0.0020833333333333333
1 0.55859375 0.5875 0.0078125 0.008333333333333333
1 0.55234375 0.5854166666666667 0.0015625 0.004166666666666667
1 0.54140625 0.5822916666666667 0.0015625 0.0020833333333333333
1 0.7015625 0.5822916666666667 0.003125 0.00625
1 0.58671875 0.5895833333333333 0.0265625 0.020833333333333332
1 0.56796875 0.5760416666666667 0.0015625 0.0020833333333333333
1 0.5484375 0.578125 0.003125 0.00625
1 0.53984375 0.5770833333333333 0.0015625 0.004166666666666667
1 0.54453125 0.5739583333333333 0.0015625 0.0020833333333333333
1 0.56953125 0.571875 0.0015625 0.0020833333333333333
1 0.32734375 0.5833333333333334 0.0015625 0.025
1 0.5984375 0.578125 0.00625 0.01875
1 0.54140625 0.5697916666666667 0.0015625 0.0020833333333333333
1 0.53828125 0.5708333333333333 0.0015625 0.004166666666666667
1 0.43203125 0.5833333333333334 0.0015625 0.029166666666666667
1 0.546875 0.5697916666666667 0.003125 0.00625
1 0.534375 0.5677083333333334 0.003125 0.0020833333333333333
1 0.5296875 0.5677083333333334 0.003125 0.0020833333333333333
1 0.51328125 0.5677083333333334 0.0015625 0.0020833333333333333
1 0.44609375 0.5677083333333334 0.0015625 0.0020833333333333333
1 0.32734375 0.5677083333333334 0.0015625 0.0020833333333333333
1 0.68671875 0.565625 0.0015625 0.0020833333333333333
1 0.52265625 0.565625 0.0078125 0.00625
1 0.88828125 0.55625 0.0015625 0.004166666666666667
1 0.68203125 0.55625 0.0046875 0.004166666666666667
1 0.59921875 0.5583333333333333 0.0046875 0.008333333333333333
1 0.33671875 0.553125 0.0015625 0.0020833333333333333
1 0.45 0.5572916666666666 0.003125 0.01875
1 0.43984375 0.5479166666666667 0.0015625 0.004166666666666667
1 0.3375 0.546875 0.003125 0.00625
1 0.33203125 0.5552083333333333 0.0046875 0.022916666666666665
1 0.88046875 0.5427083333333333 0.0015625 0.0020833333333333333
1 0.44765625 0.5447916666666667 0.0015625 0.00625
1 0.69609375 0.534375 0.0015625 0.0020833333333333333
1 0.5109375 0.5447916666666667 0.009375 0.022916666666666665
1 0.89921875 0.5447916666666667 0.0046875 0.027083333333333334
1 0.8828125 0.5364583333333334 0.009375 0.010416666666666666
1 0.3046875 0.5302083333333333 0.003125 0.0020833333333333333
1 0.80390625 0.528125 0.0015625 0.0020833333333333333
1 0.33515625 0.5364583333333334 0.0109375 0.01875
1 0.59765625 0.5291666666666667 0.0078125 0.008333333333333333
1 0.31796875 0.5270833333333333 0.0046875 0.004166666666666667
1 0.590625 0.5239583333333333 0.003125 0.0020833333333333333
1 0.44765625 0.5270833333333333 0.0015625 0.008333333333333333
1 0.33984375 0.5239583333333333 0.0015625 0.0020833333333333333
1 0.3328125 0.5260416666666666 0.003125 0.00625
1 0.43828125 0.5270833333333333 0.0046875 0.0125
1 0.87109375 0.5197916666666667 0.0015625 0.0020833333333333333
1 0.3265625 0.5239583333333333 0.003125 0.010416666666666666
1 0.58984375 0.51875 0.0046875 0.004166666666666667
1 0.43671875 0.5177083333333333 0.0015625 0.0020833333333333333
1 0.584375 0.5177083333333333 0.003125 0.00625
1 0.68828125 0.515625 0.0046875 0.00625
1 0.33515625 0.515625 0.0015625 0.00625
1 0.67734375 0.5125 0.0015625 0.004166666666666667
1 0.5125 0.6197916666666666 0.075 0.21875
1 0.45078125 0.5145833333333333 0.0015625 0.008333333333333333
1 0.87265625 0.5104166666666666 0.0078125 0.008333333333333333
1 0.34140625 0.5072916666666667 0.0015625 0.0020833333333333333
1 0.87109375 0.5052083333333334 0.0015625 0.0020833333333333333
1 0.50234375 0.5083333333333333 0.0015625 0.008333333333333333
1 0.86015625 0.5010416666666667 0.0015625 0.0020833333333333333
1 0.68515625 0.5010416666666667 0.0015625 0.0020833333333333333
1 0.50078125 0.5010416666666667 0.0015625 0.0020833333333333333
1 0.44453125 0.5010416666666667 0.0046875 0.0020833333333333333
1 0.80078125 0.49895833333333334 0.0015625 0.0020833333333333333
1 0.67734375 0.49895833333333334 0.0015625 0.0020833333333333333
1 0.67421875 0.5052083333333334 0.0015625 0.014583333333333334
1 0.34765625 0.49895833333333334 0.0015625 0.0020833333333333333
1 0.27734375 0.49895833333333334 0.0015625 0.0020833333333333333
1 0.50390625 0.490625 0.0015625 0.0020833333333333333
1 0.68671875 0.4895833333333333 0.0015625 0.004166666666666667
1 0.49921875 0.48854166666666665 0.0015625 0.0020833333333333333
1 0.27890625 0.4895833333333333 0.0015625 0.004166666666666667
1 0.79453125 0.4875 0.0015625 0.004166666666666667
1 0.44140625 0.4864583333333333 0.0015625 0.0020833333333333333
1 0.49921875 0.4822916666666667 0.0015625 0.0020833333333333333
1 0.86484375 0.48020833333333335 0.0015625 0.0020833333333333333
1 0.79609375 0.48125 0.0015625 0.004166666666666667
1 0.59609375 0.48020833333333335 0.0015625 0.0020833333333333333
1 0.44296875 0.48125 0.0015625 0.004166666666666667
1 0.68125 0.478125 0.00625 0.00625
1 0.85625 0.47604166666666664 0.003125 0.00625
1 0.85234375 0.4739583333333333 0.0015625 0.0020833333333333333
1 0.60078125 0.475 0.0015625 0.004166666666666667
1 0.8578125 0.46875 0.003125 0.004166666666666667
1 0.68046875 0.46770833333333334 0.0015625 0.0020833333333333333
1 0.0625 0.48333333333333334 0.025 0.03333333333333333
1 0.85390625 0.465625 0.0015625 0.0020833333333333333
1 0.80078125 0.465625 0.0015625 0.0020833333333333333
1 0.790625 0.465625 0.003125 0.0020833333333333333
1 0.60546875 0.46458333333333335 0.0015625 0.004166666666666667
1 0.61015625 0.46145833333333336 0.0015625 0.0020833333333333333
1 0.48984375 0.46145833333333336 0.0015625 0.0020833333333333333
1 0.78671875 0.45625 0.0015625 0.004166666666666667
1 0.67890625 0.45625 0.0015625 0.004166666666666667
1 0.62421875 0.46145833333333336 0.0046875 0.014583333333333334
1 0.78515625 0.44895833333333335 0.0015625 0.0020833333333333333
1 0.67578125 0.4552083333333333 0.0046875 0.01875
1 0.68046875 0.44583333333333336 0.0015625 0.004166666666666667
1 0.67890625 0.43854166666666666 0.0015625 0.0020833333333333333
1 0.6234375 0.4395833333333333 0.003125 0.008333333333333333
1 0.85078125 0.434375 0.0015625 0.0020833333333333333
1 0.45234375 0.434375 0.0015625 0.0020833333333333333
1 0.79765625 0.4322916666666667 0.0015625 0.0020833333333333333
1 0.7875 0.4322916666666667 0.003125 0.0020833333333333333
1 0.67734375 0.4322916666666667 0.0015625 0.0020833333333333333
1 0.46484375 0.43020833333333336 0.0015625 0.0020833333333333333
1 0.67734375 0.42604166666666665 0.0015625 0.0020833333333333333
1 0.615625 0.4270833333333333 0.003125 0.004166666666666667
1 0.46328125 0.42604166666666665 0.0015625 0.0020833333333333333
1 0.67109375 0.428125 0.0078125 0.010416666666666666
1 0.45859375 0.4239583333333333 0.0015625 0.0020833333333333333
1 0.80546875 0.4197916666666667 0.0015625 0.0020833333333333333
1 0.81328125 0.415625 0.0015625 0.0020833333333333333
1 0.62109375 0.41354166666666664 0.0015625 0.0020833333333333333
1 0.81484375 0.4114583333333333 0.0015625 0.0020833333333333333
1 0.79921875 0.4125 0.0015625 0.004166666666666667
1 0.80234375 0.409375 0.0015625 0.0020833333333333333
1 0.62578125 0.40729166666666666 0.0015625 0.00625
1 0.86015625 0.4010416666666667 0.0015625 0.0020833333333333333
1 0.63359375 0.4010416666666667 0.0046875 0.0020833333333333333
1 0.2828125 0.4041666666666667 0.003125 0.008333333333333333
1 0.81015625 0.39895833333333336 0.0015625 0.0020833333333333333
1 0.8046875 0.39895833333333336 0.003125 0.0020833333333333333
1 0.28515625 0.4 0.0015625 0.004166666666666667
1 0.28671875 0.3927083333333333 0.0015625 0.0020833333333333333
1 0.79921875 0.39375 0.0015625 0.008333333333333333
1 0.63046875 0.390625 0.0015625 0.0020833333333333333
1 0.8046875 0.38958333333333334 0.003125 0.008333333333333333
1 0.28828125 0.38645833333333335 0.0015625 0.0020833333333333333
1 0.86328125 0.38125 0.0015625 0.004166666666666667
1 0.77578125 0.38229166666666664 0.0015625 0.00625
1 0.82265625 0.38333333333333336 0.0046875 0.0125
1 0.76953125 0.378125 0.0046875 0.010416666666666666
1 0.63828125 0.37395833333333334 0.0015625 0.0020833333333333333
1 0.28828125 0.3770833333333333 0.0109375 0.0125
1 0.67421875 0.3729166666666667 0.0015625 0.008333333333333333
1 0.63984375 0.3697916666666667 0.0015625 0.0020833333333333333
1 0.86484375 0.36354166666666665 0.0015625 0.0020833333333333333
1 0.7734375 0.3645833333333333 0.003125 0.004166666666666667
1 0.86953125 0.3572916666666667 0.0015625 0.0020833333333333333
1 0.82890625 0.3572916666666667 0.0015625 0.0020833333333333333
1 0.82421875 0.36354166666666665 0.0015625 0.014583333333333334
1 0.653125 0.3614583333333333 0.00625 0.010416666666666666
1 0.64609375 0.3572916666666667 0.0015625 0.0020833333333333333
1 0.29609375 0.3572916666666667 0.0015625 0.0020833333333333333
1 0.87109375 0.35 0.0015625 0.008333333333333333
1 0.75625 0.35104166666666664 0.009375 0.010416666666666666
1 0.828125 0.346875 0.00625 0.00625
1 0.83671875 0.34270833333333334 0.0015625 0.0020833333333333333
1 0.7625 0.34479166666666666 0.00625 0.00625
1 0.82421875 0.34270833333333334 0.0015625 0.00625
1 0.30234375 0.3416666666666667 0.0015625 0.004166666666666667
1 0.75 0.33958333333333335 0.003125 0.004166666666666667
1 0.74609375 0.33645833333333336 0.0015625 0.0020833333333333333
1 0.66953125 0.34791666666666665 0.0140625 0.025
1 0.82421875 0.334375 0.0015625 0.0020833333333333333
1 0.67421875 0.334375 0.0015625 0.0020833333333333333
1 0.8515625 0.33229166666666665 0.003125 0.0020833333333333333
1 0.83125 0.33229166666666665 0.00625 0.0020833333333333333
1 0.30390625 0.33229166666666665 0.0015625 0.0020833333333333333
1 0.66171875 0.3302083333333333 0.0015625 0.0020833333333333333
1 0.66953125 0.3302083333333333 0.0015625 0.00625
1 0.66640625 0.32395833333333335 0.0015625 0.0020833333333333333
1 0.74140625 0.3229166666666667 0.0046875 0.004166666666666667
1 0.66953125 0.321875 0.0015625 0.0020833333333333333
1 0.3046875 0.32395833333333335 0.00625 0.010416666666666666
1 0.7359375 0.31666666666666665 0.003125 0.004166666666666667
1 0.740625 0.3125 0.0125 0.008333333333333333
1 0.67734375 0.3104166666666667 0.0046875 0.004166666666666667
1 0.30703125 0.3104166666666667 0.0046875 0.004166666666666667
1 0.45390625 0.309375 0.0078125 0.00625
1 0.44453125 0.3072916666666667 0.0015625 0.0020833333333333333
1 0.30390625 0.30520833333333336 0.0015625 0.0020833333333333333
1 0.43828125 0.303125 0.0046875 0.0020833333333333333
1 0.46015625 0.30104166666666665 0.0015625 0.0020833333333333333
1 0.31171875 0.30416666666666664 0.0046875 0.008333333333333333
1 0.72578125 0.2989583333333333 0.0015625 0.0020833333333333333
1 0.71953125 0.2989583333333333 0.0015625 0.0020833333333333333
1 0.71171875 0.296875 0.0015625 0.0020833333333333333
1 0.70546875 0.29583333333333334 0.0078125 0.008333333333333333
1 0.31484375 0.290625 0.0046875 0.00625
1 0.31953125 0.284375 0.0015625 0.0020833333333333333
1 0.70078125 0.28020833333333334 0.0015625 0.0020833333333333333
1 0.45234375 0.28020833333333334 0.0015625 0.00625
1 0.32109375 0.278125 0.0015625 0.00625
1 0.31953125 0.271875 0.0015625 0.0020833333333333333
1 0.45703125 0.2635416666666667 0.0015625 0.0020833333333333333
1 0.7140625 0.26458333333333334 0.009375 0.008333333333333333
1 0.46015625 0.259375 0.0015625 0.0020833333333333333
1 0.4671875 0.25833333333333336 0.003125 0.004166666666666667
1 0.7296875 0.26145833333333335 0.009375 0.014583333333333334
1 0.71796875 0.2552083333333333 0.0015625 0.0020833333333333333
1 0.46953125 0.253125 0.0015625 0.0020833333333333333
1 0.33671875 0.24270833333333333 0.0046875 0.0020833333333333333
1 0.47421875 0.240625 0.0015625 0.0020833333333333333
1 0.46796875 0.23958333333333334 0.0015625 0.004166666666666667
1 0.74453125 0.23958333333333334 0.0140625 0.0125
1 0.47265625 0.23333333333333334 0.0046875 0.004166666666666667
1 0.48828125 0.22604166666666667 0.0015625 0.0020833333333333333
1 0.74921875 0.22395833333333334 0.0015625 0.0020833333333333333
1 0.35390625 0.21354166666666666 0.0015625 0.0020833333333333333
1 0.49609375 0.20729166666666668 0.0015625 0.0020833333333333333
1 0.49921875 0.20520833333333333 0.0015625 0.0020833333333333333
1 0.35703125 0.20729166666666668 0.0046875 0.00625
1 0.35390625 0.20520833333333333 0.0015625 0.0020833333333333333
1 0.7671875 0.20625 0.003125 0.008333333333333333
1 0.77890625 0.20104166666666667 0.0015625 0.0020833333333333333
1 0.77578125 0.20104166666666667 0.0015625 0.0020833333333333333
1 0.7859375 0.19270833333333334 0.003125 0.0020833333333333333
1 0.79296875 0.18020833333333333 0.0015625 0.0020833333333333333
1 0.79765625 0.17395833333333333 0.0015625 0.0020833333333333333
1 0.3640625 0.17291666666666666 0.003125 0.004166666666666667
1 0.80078125 0.171875 0.0015625 0.00625
1 0.81953125 0.16770833333333332 0.0015625 0.0020833333333333333
1 0.38203125 0.165625 0.0015625 0.0020833333333333333
1 0.82578125 0.16458333333333333 0.0015625 0.004166666666666667
1 0.80546875 0.16354166666666667 0.0015625 0.0020833333333333333
1 0.81015625 0.15520833333333334 0.0015625 0.0020833333333333333
1 0.83359375 0.153125 0.0140625 0.014583333333333334
1 0.83359375 0.14479166666666668 0.0046875 0.0020833333333333333
1 0.846875 0.13854166666666667 0.00625 0.0020833333333333333
1 0.125 0.13958333333333334 0.05 0.0125
1 0.91484375 0.13020833333333334 0.0015625 0.0020833333333333333
1 0.9203125 0.128125 0.003125 0.0020833333333333333
1 0.4140625 0.12291666666666666 0.003125 0.004166666666666667
1 0.9359375 0.11458333333333333 0.00625 0.008333333333333333
1 0.41796875 0.11354166666666667 0.0109375 0.010416666666666666
1 0.42578125 0.10729166666666666 0.0015625 0.0020833333333333333
1 0.1875 0.11666666666666667 0.025 0.03333333333333333
1 0.43671875 0.096875 0.0015625 0.0020833333333333333
1 0.840625 0.08229166666666667 0.003125 0.0020833333333333333
1 0.80859375 0.08020833333333334 0.0015625 0.0020833333333333333
1 0.453125 0.08125 0.003125 0.004166666666666667
1 0.44765625 0.08229166666666667 0.0046875 0.00625
1 0.8421875 0.078125 0.003125 0.0020833333333333333
1 0.84765625 0.07604166666666666 0.0015625 0.0020833333333333333
1 0.43828125 0.07395833333333333 0.0078125 0.0020833333333333333
1 0.4296875 0.07604166666666666 0.00625 0.00625
1 0.94453125 0.07604166666666666 0.0015625 0.010416666666666666
1 0.86171875 0.071875 0.0015625 0.0020833333333333333
1 0.8109375 0.07604166666666666 0.009375 0.010416666666666666
1 0.74765625 0.071875 0.0015625 0.0020833333333333333
1 0.75546875 0.06979166666666667 0.0015625 0.0020833333333333333
1 0.82421875 0.06770833333333333 0.0015625 0.0020833333333333333
1 0.79609375 0.06770833333333333 0.0015625 0.0020833333333333333
1 0.275 0.1 0.05 0.06666666666666667
1 0.92734375 0.065625 0.0015625 0.0020833333333333333
1 0.84453125 0.065625 0.0015625 0.0020833333333333333
1 0.83984375 0.065625 0.0015625 0.0020833333333333333
1 0.83671875 0.065625 0.0015625 0.0020833333333333333
1 0.79296875 0.065625 0.0015625 0.0020833333333333333
1 0.94453125 0.06145833333333333 0.0015625 0.0020833333333333333
1 0.88125 0.06145833333333333 0.003125 0.0020833333333333333
1 0.76015625 0.0625 0.0015625 0.004166666666666667
1 0.76171875 0.057291666666666664 0.0015625 0.0020833333333333333
1 0.75390625 0.057291666666666664 0.0015625 0.0020833333333333333
1 0.9 0.05520833333333333 0.003125 0.0020833333333333333
1 0.77421875 0.059375 0.0046875 0.010416666666666666
1 0.48046875 0.053125 0.0015625 0.0020833333333333333
1 0.91796875 0.04791666666666667 0.0078125 0.004166666666666667
1 0.63671875 0.046875 0.0015625 0.0020833333333333333
1 0.6328125 0.046875 0.003125 0.0020833333333333333
1 0.62109375 0.046875 0.0015625 0.0020833333333333333
1 0.59921875 0.046875 0.0015625 0.0020833333333333333
1 0.5859375 0.04895833333333333 0.021875 0.00625
1 0.94609375 0.04479166666666667 0.0015625 0.0020833333333333333
1 0.94296875 0.04479166666666667 0.0015625 0.0020833333333333333
1 0.50390625 0.04479166666666667 0.0046875 0.0020833333333333333
1 0.76015625 0.042708333333333334 0.0015625 0.0020833333333333333
1 0.63046875 0.042708333333333334 0.0015625 0.0020833333333333333
1 0.90546875 0.040625 0.0046875 0.0020833333333333333
1 0.903125 0.042708333333333334 0.015625 0.00625
1 0.89140625 0.040625 0.0015625 0.0020833333333333333
1 0.57578125 0.042708333333333334 0.0015625 0.00625
1 0.54140625 0.040625 0.0015625 0.0020833333333333333
1 0.48515625 0.041666666666666664 0.0015625 0.004166666666666667
1 0.63203125 0.03854166666666667 0.0015625 0.0020833333333333333
1 0.59375 0.03958333333333333 0.0125 0.004166666666666667
1 0.57265625 0.03854166666666667 0.0015625 0.0020833333333333333
1 0.5359375 0.03854166666666667 0.003125 0.0020833333333333333
1 0.64609375 0.036458333333333336 0.0015625 0.0020833333333333333
1 0.6171875 0.036458333333333336 0.00625 0.0020833333333333333
1 0.5421875 0.036458333333333336 0.003125 0.0020833333333333333
1 0.67421875 0.013541666666666667 0.0015625 0.0020833333333333333
1 0.68203125 0.007291666666666667 0.0015625 0.0020833333333333333
1 0.9125 0.2833333333333333 0.175 0.5666666666666667
1 0.7734375 0.008333333333333333 0.00625 0.016666666666666666
1 0.7703125 0.003125 0.003125 0.00625
1 0.6640625 0.005208333333333333 0.01875 0.010416666666666666
1 0.5625 0.023958333333333335 0.175 0.04791666666666667
1 0.5 0.5 1.0 1.0
1 0.275 0.022916666666666665 0.05 0.04583333333333333
1 0.0625 0.016666666666666666 0.025 0.03333333333333333
