0 0.41953125 0.6645833333333333 0.0078125 0.025
0 0.8046875 0.6135416666666667 0.009375 0.00625
0 0.81953125 0.6010416666666667 0.0015625 0.0020833333333333333
0 0.36640625 0.6010416666666667 0.0015625 0.0020833333333333333
0 0.4390625 0.596875 0.003125 0.0020833333333333333
0 0.44765625 0.584375 0.0015625 0.0020833333333333333
0 0.45859375 0.578125 0.0078125 0.00625
0 0.46875 0.56875 0.003125 0.004166666666666667
0 0.37578125 0.5677083333333334 0.0015625 0.0020833333333333333
0 0.4765625 0.55625 0.00625 0.008333333333333333
0 0.7734375 0.5364583333333334 0.003125 0.00625
0 0.8515625 0.5583333333333333 0.075 0.075
0 0.5265625 0.5166666666666667 0.003125 0.004166666666666667
0 0.77734375 0.5114583333333333 0.0078125 0.00625
0 0.12890625 0.490625 0.0015625 0.0020833333333333333
0 0.11171875 0.4822916666666667 0.0015625 0.0020833333333333333
0 0.10546875 0.478125 0.0015625 0.0020833333333333333
0 0.10234375 0.47604166666666664 0.0015625 0.0020833333333333333
0 0.41953125 0.45625 0.0046875 0.008333333333333333
0 0.1125 0.46458333333333335 0.025 0.03333333333333333
0 0.12109375 0.44583333333333336 0.0078125 0.008333333333333333
0 0.40234375 0.44479166666666664 0.0140625 0.010416666666666666
0 0.12734375 0.43854166666666666 0.0015625 0.0020833333333333333
0 0.39609375 0.4354166666666667 0.0046875 0.004166666666666667
0 0.66171875 0.36354166666666665 0.0046875 0.00625
0 0.6484375 0.3302083333333333 0.003125 0.00625
0 0.4640625 0.44166666666666665 0.66875 0.4125
1 0.14375 0.996875 0.00625 0.00625
1 0.46875 0.99375 0.00625 0.004166666666666667
1 0.44921875 0.9885416666666667 0.0015625 0.0020833333333333333
1 0.30546875 0.9885416666666667 0.0015625 0.00625
1 0.0203125 0.9864583333333333 0.003125 0.0020833333333333333
1 0.1453125 0.984375 0.00625 0.0020833333333333333
1 0.2359375 0.9770833333333333 0.075 0.016666666666666666
1 0.0046875 0.765625 0.003125 0.0020833333333333333
1 0.01171875 0.39375 0.0015625 0.004166666666666667
1 0.04609375 0.071875 0.0046875 0.00625
1 0.04921875 0.065625 0.0015625 0.0020833333333333333
1 0.01171875 0.013541666666666667 0.0015625 0.0020833333333333333
1 0.5 0.5 1.0 1.0
1 0.021875 0.005208333333333333 0.015625 0.010416666666666666
