0 0.81640625 0.8322916666666667 0.0015625 0.0020833333333333333
0 0.81171875 0.8322916666666667 0.0015625 0.0020833333333333333
0 0.8015625 0.8135416666666667 0.03125 0.03125
0 0.625 0.775 0.003125 0.004166666666666667
0 0.62109375 0.7729166666666667 0.0046875 0.004166666666666667
0 0.61953125 0.765625 0.0046875 0.00625
0 0.62421875 0.753125 0.0171875 0.035416666666666666
0 0.50078125 0.7302083333333333 0.0015625 0.0020833333333333333
0 0.590625 0.7270833333333333 0.009375 0.0125
0 0.584375 0.6947916666666667 0.046875 0.08958333333333333
0 0.76171875 0.5416666666666666 0.1015625 0.5041666666666667
0 0.63046875 0.240625 0.0015625 0.0020833333333333333
0 0.58125 0.43854166666666666 0.15 0.40208333333333335
0 0.64140625 0.234375 0.0015625 0.0020833333333333333
0 0.43671875 0.47708333333333336 0.1359375 0.5083333333333333
1 0.97578125 0.990625 0.0015625 0.0020833333333333333
1 0.9828125 0.9885416666666667 0.003125 0.0020833333333333333
1 0.9859375 0.984375 0.003125 0.0020833333333333333
1 0.99453125 0.978125 0.0078125 0.00625
1 0.85390625 0.8322916666666667 0.0015625 0.0020833333333333333
1 0.8609375 0.828125 0.003125 0.00625
1 0.85234375 0.8260416666666667 0.0015625 0.0020833333333333333
1 0.63828125 0.7802083333333333 0.0015625 0.0020833333333333333
1 0.64140625 0.775 0.0015625 0.004166666666666667
1 0.64765625 0.7614583333333333 0.0015625 0.0020833333333333333
1 0.521875 0.7302083333333333 0.003125 0.0020833333333333333
1 0.5234375 0.6302083333333334 0.003125 0.0020833333333333333
1 0.86953125 0.534375 0.0015625 0.0020833333333333333
1 0.86796875 0.5270833333333333 0.0015625 0.004166666666666667
1 0.86953125 0.5114583333333333 0.0015625 0.022916666666666665
1 0.6546875 0.475 0.009375 0.008333333333333333
1 0.86171875 0.46875 0.0015625 0.004166666666666667
1 0.88046875 0.45208333333333334 0.0015625 0.004166666666666667
1 0.87890625 0.4427083333333333 0.0015625 0.0020833333333333333
1 0.88046875 0.43645833333333334 0.0015625 0.00625
1 0.87890625 0.428125 0.0015625 0.00625
1 0.86015625 0.615625 0.0390625 0.3854166666666667
1 0.88046875 0.41875 0.0015625 0.004166666666666667
1 0.88203125 0.41354166666666664 0.0015625 0.0020833333333333333
1 0.87421875 0.41458333333333336 0.0015625 0.004166666666666667
1 0.88671875 0.4083333333333333 0.0015625 0.004166666666666667
1 0.959375 0.4083333333333333 0.00625 0.016666666666666666
1 0.88359375 0.4041666666666667 0.0015625 0.008333333333333333
1 0.94921875 0.36770833333333336 0.0015625 0.0020833333333333333
1 0.88359375 0.365625 0.0015625 0.0020833333333333333
1 0.88984375 0.35208333333333336 0.0046875 0.016666666666666666
1 0.88828125 0.34270833333333334 0.0015625 0.0020833333333333333
1 0.88828125 0.334375 0.0015625 0.0020833333333333333
1 0.89375 0.315625 0.003125 0.0020833333333333333
1 0.88203125 0.3145833333333333 0.0015625 0.004166666666666667
1 0.76328125 0.3104166666666667 0.0015625 0.004166666666666667
1 0.88203125 0.30520833333333336 0.0015625 0.0020833333333333333
1 0.87890625 0.30416666666666664 0.0015625 0.004166666666666667
1 0.87890625 0.29791666666666666 0.0015625 0.004166666666666667
1 0.884375 0.296875 0.003125 0.00625
1 0.884375 0.28958333333333336 0.003125 0.004166666666666667
1 0.87890625 0.28854166666666664 0.0015625 0.0020833333333333333
1 0.74921875 0.2916666666666667 0.0015625 0.0125
1 0.8765625 0.28541666666666665 0.003125 0.004166666666666667
1 0.78203125 0.28229166666666666 0.0015625 0.0020833333333333333
1 0.83671875 0.27395833333333336 0.0015625 0.0020833333333333333
1 0.7921875 0.26979166666666665 0.003125 0.0020833333333333333
1 0.86328125 0.2916666666666667 0.0234375 0.05
1 0.8484375 0.26875 0.003125 0.004166666666666667
1 0.83671875 0.2677083333333333 0.0015625 0.0020833333333333333
1 0.859375 0.2635416666666667 0.00625 0.0020833333333333333
1 0.828125 0.2677083333333333 0.0125 0.010416666666666666
1 0.81015625 0.2635416666666667 0.0015625 0.0020833333333333333
1 0.80390625 0.2625 0.0015625 0.004166666666666667
1 0.840625 0.25625 0.003125 0.004166666666666667
1 0.81796875 0.259375 0.0109375 0.010416666666666666
1 0.81171875 0.25729166666666664 0.0046875 0.00625
1 0.80078125 0.2552083333333333 0.0015625 0.0020833333333333333
1 0.83515625 0.25104166666666666 0.0046875 0.0020833333333333333
1 0.84765625 0.25416666666666665 0.0109375 0.0125
1 0.8234375 0.24895833333333334 0.009375 0.010416666666666666
1 0.81328125 0.24791666666666667 0.0015625 0.008333333333333333
1 0.83203125 0.24375 0.0046875 0.004166666666666667
1 0.8515625 0.24166666666666667 0.003125 0.004166666666666667
1 0.85859375 0.23854166666666668 0.0015625 0.0020833333333333333
1 0.8625 0.24479166666666666 0.003125 0.022916666666666665
1 0.47265625 0.234375 0.0015625 0.0020833333333333333
1 0.834375 0.23229166666666667 0.003125 0.0020833333333333333
1 0.50703125 0.23020833333333332 0.0015625 0.0020833333333333333
1 0.50078125 0.228125 0.0015625 0.0020833333333333333
1 0.49609375 0.228125 0.0015625 0.0020833333333333333
1 0.50546875 0.22604166666666667 0.0015625 0.0020833333333333333
1 0.4828125 0.22708333333333333 0.015625 0.0125
1 0.83359375 0.221875 0.0015625 0.00625
1 0.7203125 0.24583333333333332 0.0625 0.075
1 0.9953125 0.19270833333333334 0.009375 0.01875
1 0.9421875 0.19166666666666668 0.003125 0.016666666666666666
1 0.98203125 0.171875 0.0015625 0.0020833333333333333
1 0.984375 0.15 0.0125 0.03333333333333333
1 0.99609375 0.13229166666666667 0.0046875 0.0020833333333333333
1 0.99921875 0.12395833333333334 0.0015625 0.0020833333333333333
1 0.97265625 0.12395833333333334 0.0015625 0.0020833333333333333
1 0.996875 0.11041666666666666 0.003125 0.0125
1 0.9828125 0.11145833333333334 0.01875 0.022916666666666665
1 0.9828125 0.10104166666666667 0.00625 0.0020833333333333333
1 0.82421875 0.08229166666666667 0.0015625 0.0020833333333333333
1 0.96796875 0.08229166666666667 0.0109375 0.035416666666666666
1 0.76953125 0.06458333333333334 0.0015625 0.004166666666666667
1 0.821875 0.05416666666666667 0.00625 0.008333333333333333
1 0.68125 0.04895833333333333 0.003125 0.0020833333333333333
1 0.871875 0.041666666666666664 0.003125 0.016666666666666666
1 0.96640625 0.03229166666666667 0.0015625 0.0020833333333333333
1 0.96640625 0.025 0.0015625 0.008333333333333333
1 0.86953125 0.01875 0.0015625 0.004166666666666667
1 0.8421875 0.019791666666666666 0.003125 0.00625
1 0.62578125 0.013541666666666667 0.0015625 0.00625
1 0.96328125 0.003125 0.0015625 0.00625
1 0.96875 0.31666666666666665 0.0625 0.6333333333333333
1 0.7796875 0.051041666666666666 0.175 0.10208333333333333
1 0.6828125 0.003125 0.00625 0.00625
1 0.63203125 0.004166666666666667 0.0046875 0.008333333333333333
1 0.0125 0.06666666666666667 0.025 0.13333333333333333
