0 0.978125 0.9875 0.04375 0.025
0 0.3359375 0.9479166666666666 0.003125 0.004166666666666667
0 0.27421875 0.8541666666666666 0.0015625 0.004166666666666667
0 0.23671875 0.8052083333333333 0.0015625 0.0020833333333333333
0 0.25703125 0.8020833333333334 0.0140625 0.004166666666666667
0 0.2796875 0.8322916666666667 0.01875 0.09375
0 0.28515625 0.784375 0.0015625 0.0020833333333333333
0 0.28984375 0.7822916666666667 0.0015625 0.0020833333333333333
0 0.29921875 0.7635416666666667 0.0015625 0.0020833333333333333
0 0.30390625 0.7552083333333334 0.0015625 0.0020833333333333333
0 0.3015625 0.7489583333333333 0.003125 0.010416666666666666
0 0.309375 0.7375 0.00625 0.008333333333333333
0 0.31484375 0.7302083333333333 0.0015625 0.0020833333333333333
0 0.3234375 0.7145833333333333 0.003125 0.004166666666666667
0 0.3296875 0.70625 0.003125 0.004166666666666667
0 0.32109375 0.709375 0.0140625 0.01875
0 0.3390625 0.69375 0.003125 0.004166666666666667
0 0.34921875 0.6822916666666666 0.0015625 0.0020833333333333333
0 0.20546875 0.6395833333333333 0.0015625 0.004166666666666667
0 0.20234375 0.634375 0.0015625 0.0020833333333333333
0 0.2078125 0.6322916666666667 0.003125 0.00625
0 0.20546875 0.6260416666666667 0.0015625 0.0020833333333333333
0 0.2484375 0.5979166666666667 0.003125 0.004166666666666667
0 0.7546875 0.5927083333333333 0.003125 0.0020833333333333333
0 0.22265625 0.6072916666666667 0.0265625 0.03125
0 0.75078125 0.590625 0.0015625 0.0020833333333333333
0 0.24296875 0.590625 0.0015625 0.0020833333333333333
0 0.2390625 0.5864583333333333 0.00625 0.00625
0 0.6890625 0.5802083333333333 0.003125 0.0020833333333333333
0 0.67890625 0.5760416666666667 0.0015625 0.0020833333333333333
0 0.246875 0.578125 0.00625 0.010416666666666666
0 0.23359375 0.575 0.0015625 0.004166666666666667
0 0.67578125 0.571875 0.0015625 0.0020833333333333333
0 0.69765625 0.5625 0.0015625 0.004166666666666667
0 0.24921875 0.5520833333333334 0.0015625 0.004166666666666667
0 0.66640625 0.5260416666666666 0.0109375 0.00625
0 0.2765625 0.5229166666666667 0.003125 0.004166666666666667
0 0.28671875 0.5125 0.0109375 0.0125
0 0.69296875 0.503125 0.0015625 0.00625
0 0.76640625 0.5427083333333333 0.1453125 0.09375
0 0.728125 0.48020833333333335 0.003125 0.0020833333333333333
0 0.41171875 0.47604166666666664 0.0015625 0.0020833333333333333
0 0.78828125 0.47604166666666664 0.0078125 0.00625
0 0.59609375 0.46145833333333336 0.0015625 0.0020833333333333333
0 0.5328125 0.459375 0.003125 0.0020833333333333333
0 0.58125 0.45729166666666665 0.003125 0.0020833333333333333
0 0.5921875 0.4552083333333333 0.003125 0.0020833333333333333
0 0.4625 0.521875 0.425 0.13958333333333334
0 0.39609375 0.45208333333333334 0.0046875 0.004166666666666667
0 0.56796875 0.4510416666666667 0.0109375 0.00625
0 0.55859375 0.45 0.0046875 0.004166666666666667
0 0.4359375 0.4322916666666667 0.00625 0.0020833333333333333
0 0.6296875 0.43125 0.009375 0.004166666666666667
0 0.54765625 0.43020833333333336 0.0015625 0.0020833333333333333
0 0.67734375 0.42291666666666666 0.0109375 0.004166666666666667
0 0.55625 0.415625 0.003125 0.0020833333333333333
0 0.63984375 0.4166666666666667 0.0203125 0.008333333333333333
0 0.62734375 0.41354166666666664 0.0015625 0.0020833333333333333
0 0.56328125 0.4125 0.0046875 0.004166666666666667
1 0.62265625 0.99375 0.0046875 0.004166666666666667
1 0.6203125 0.9864583333333333 0.003125 0.0020833333333333333
1 0.80625 0.984375 0.003125 0.0020833333333333333
1 0.96484375 0.9802083333333333 0.0015625 0.0020833333333333333
1 0.96953125 0.978125 0.0015625 0.0020833333333333333
1 0.96171875 0.978125 0.0015625 0.0020833333333333333
1 0.95703125 0.9760416666666667 0.0015625 0.0020833333333333333
1 0.9546875 0.9822916666666667 0.0125 0.014583333333333334
1 0.97421875 0.975 0.0046875 0.004166666666666667
1 0.97890625 0.971875 0.0015625 0.0020833333333333333
1 0.97265625 0.9697916666666667 0.0015625 0.0020833333333333333
1 0.809375 0.9677083333333333 0.003125 0.0020833333333333333
1 0.0625 0.9833333333333333 0.025 0.03333333333333333
1 0.14765625 0.9666666666666667 0.0015625 0.004166666666666667
1 0.0296875 0.9822916666666667 0.021875 0.035416666666666666
1 0.5671875 0.9625 0.003125 0.004166666666666667
1 0.5578125 0.959375 0.003125 0.0020833333333333333
1 0.990625 0.9614583333333333 0.01875 0.01875
1 0.81484375 0.953125 0.0015625 0.0020833333333333333
1 0.1140625 0.975 0.028125 0.05
1 0.56171875 0.95 0.0046875 0.004166666666666667
1 0.15 0.9666666666666667 0.1 0.06666666666666667
1 0.55 0.9260416666666667 0.003125 0.0020833333333333333
1 0.78125 0.9208333333333333 0.00625 0.004166666666666667
1 0.15625 0.921875 0.0125 0.022916666666666665
1 0.82421875 0.9052083333333333 0.0015625 0.0020833333333333333
1 0.80078125 0.909375 0.0109375 0.010416666666666666
1 0.55625 0.90625 0.003125 0.004166666666666667
1 0.45703125 0.9052083333333333 0.0015625 0.0020833333333333333
1 0.56484375 0.903125 0.0046875 0.0020833333333333333
1 0.55234375 0.9020833333333333 0.0015625 0.004166666666666667
1 0.028125 0.928125 0.04375 0.05625
1 0.81640625 0.8989583333333333 0.0015625 0.0020833333333333333
1 0.8 0.8979166666666667 0.003125 0.004166666666666667
1 0.79140625 0.8989583333333333 0.0046875 0.00625
1 0.7859375 0.896875 0.003125 0.0020833333333333333
1 0.8296875 0.8947916666666667 0.003125 0.0020833333333333333
1 0.79921875 0.8895833333333333 0.0015625 0.004166666666666667
1 0.78828125 0.8895833333333333 0.0046875 0.004166666666666667
1 0.79765625 0.8822916666666667 0.0046875 0.0020833333333333333
1 0.81875 0.8833333333333333 0.015625 0.0125
1 0.80546875 0.8770833333333333 0.0046875 0.004166666666666667
1 0.29296875 0.8791666666666667 0.0046875 0.0125
1 0.8 0.8729166666666667 0.003125 0.004166666666666667
1 0.81796875 0.8697916666666666 0.0015625 0.0020833333333333333
1 0.81171875 0.871875 0.0046875 0.00625
1 0.29453125 0.8677083333333333 0.0015625 0.0020833333333333333
1 0.8203125 0.865625 0.009375 0.0020833333333333333
1 0.7953125 0.865625 0.003125 0.0020833333333333333
1 0.98671875 0.8635416666666667 0.0015625 0.0020833333333333333
1 0.290625 0.865625 0.003125 0.00625
1 0.290625 0.8541666666666666 0.003125 0.0125
1 0.7953125 0.8458333333333333 0.003125 0.004166666666666667
1 0.83359375 0.8416666666666667 0.0046875 0.004166666666666667
1 0.29296875 0.8385416666666666 0.0015625 0.00625
1 0.8296875 0.8208333333333333 0.003125 0.004166666666666667
1 0.8 0.8166666666666667 0.003125 0.004166666666666667
1 0.82890625 0.8145833333333333 0.0015625 0.004166666666666667
1 0.15078125 0.8135416666666667 0.0015625 0.0020833333333333333
1 0.83828125 0.8114583333333333 0.0015625 0.0020833333333333333
1 0.7890625 0.8041666666666667 0.00625 0.004166666666666667
1 0.025 0.8333333333333334 0.05 0.06666666666666667
1 0.28828125 0.8135416666666667 0.0046875 0.035416666666666666
1 0.83828125 0.7958333333333333 0.0015625 0.004166666666666667
1 0.21171875 0.7885416666666667 0.0015625 0.0020833333333333333
1 0.29296875 0.784375 0.0015625 0.0020833333333333333
1 0.78828125 0.7822916666666667 0.0015625 0.0020833333333333333
1 0.77109375 0.7822916666666667 0.0015625 0.0020833333333333333
1 0.80703125 0.7760416666666666 0.0015625 0.0020833333333333333
1 0.80078125 0.775 0.0015625 0.004166666666666667
1 0.8140625 0.7708333333333334 0.003125 0.004166666666666667
1 0.81328125 0.765625 0.0015625 0.0020833333333333333
1 0.81875 0.7635416666666667 0.00625 0.00625
1 0.81875 0.75625 0.003125 0.004166666666666667
1 0.1796875 0.75625 0.015625 0.0125
1 0.7890625 0.7479166666666667 0.003125 0.004166666666666667
1 0.41328125 0.7447916666666666 0.0015625 0.0020833333333333333
1 0.00078125 0.7322916666666667 0.0015625 0.0020833333333333333
1 0.94140625 0.7177083333333333 0.0015625 0.0020833333333333333
1 0.9375 0.703125 0.003125 0.00625
1 0.184375 0.696875 0.003125 0.0020833333333333333
1 0.96640625 0.6885416666666667 0.0015625 0.0020833333333333333
1 0.96171875 0.6885416666666667 0.0015625 0.0020833333333333333
1 0.95234375 0.6927083333333334 0.0140625 0.010416666666666666
1 0.959375 0.684375 0.003125 0.0020833333333333333
1 0.9546875 0.684375 0.003125 0.0020833333333333333
1 0.17265625 0.6729166666666667 0.0046875 0.004166666666666667
1 0.37890625 0.6635416666666667 0.0078125 0.0020833333333333333
1 0.99921875 0.646875 0.0015625 0.0020833333333333333
1 0.19296875 0.6416666666666667 0.0015625 0.004166666666666667
1 0.1875 0.6416666666666667 0.003125 0.004166666666666667
1 0.46796875 0.6239583333333333 0.0015625 0.0020833333333333333
1 0.68125 0.6197916666666666 0.00625 0.0020833333333333333
1 0.45078125 0.6197916666666666 0.0015625 0.0020833333333333333
1 0.74453125 0.6177083333333333 0.0015625 0.0020833333333333333
1 0.71953125 0.6177083333333333 0.0015625 0.0020833333333333333
1 0.2046875 0.61875 0.003125 0.004166666666666667
1 0.465625 0.615625 0.00625 0.0020833333333333333
1 0.2140625 0.590625 0.003125 0.00625
1 0.21796875 0.5864583333333333 0.0015625 0.0020833333333333333
1 0.21171875 0.5854166666666667 0.0015625 0.004166666666666667
1 0.22109375 0.58125 0.0015625 0.004166666666666667
1 0.23984375 0.5510416666666667 0.0015625 0.0020833333333333333
1 0.24140625 0.5447916666666667 0.0015625 0.00625
1 0.24921875 0.5385416666666667 0.0015625 0.0020833333333333333
1 0.25234375 0.5364583333333334 0.0015625 0.0020833333333333333
1 0.25234375 0.5322916666666667 0.0015625 0.0020833333333333333
1 0.2484375 0.5322916666666667 0.003125 0.0020833333333333333
1 0.24453125 0.5333333333333333 0.0015625 0.004166666666666667
1 0.2671875 0.5145833333333333 0.0125 0.0125
1 0.27421875 0.5072916666666667 0.0015625 0.0020833333333333333
1 0.28125 0.5020833333333333 0.00625 0.008333333333333333
1 0.26328125 0.5041666666666667 0.0109375 0.0125
1 0.815625 0.49583333333333335 0.003125 0.004166666666666667
1 0.28515625 0.49270833333333336 0.0015625 0.0020833333333333333
1 0.28203125 0.49270833333333336 0.0015625 0.0020833333333333333
1 0.28984375 0.48854166666666665 0.0046875 0.00625
1 0.2828125 0.484375 0.003125 0.0020833333333333333
1 0.2765625 0.48854166666666665 0.00625 0.014583333333333334
1 0.30390625 0.48020833333333335 0.0015625 0.0020833333333333333
1 0.79921875 0.4739583333333333 0.0015625 0.0020833333333333333
1 0.31484375 0.471875 0.0015625 0.0020833333333333333
1 0.3078125 0.471875 0.003125 0.0020833333333333333
1 0.79375 0.46979166666666666 0.003125 0.0020833333333333333
1 0.79609375 0.465625 0.0015625 0.0020833333333333333
1 0.29765625 0.4666666666666667 0.0015625 0.004166666666666667
1 0.28359375 0.46979166666666666 0.0203125 0.010416666666666666
1 0.33359375 0.4635416666666667 0.0015625 0.0020833333333333333
1 0.32890625 0.46145833333333336 0.0046875 0.0020833333333333333
1 0.32421875 0.4635416666666667 0.0015625 0.00625
1 0.33984375 0.45729166666666665 0.0015625 0.0020833333333333333
1 0.7921875 0.4583333333333333 0.003125 0.0125
1 0.35078125 0.4510416666666667 0.0015625 0.0020833333333333333
1 0.33203125 0.4510416666666667 0.0015625 0.0020833333333333333
1 0.77578125 0.44895833333333335 0.0015625 0.0020833333333333333
1 0.7703125 0.44895833333333335 0.003125 0.0020833333333333333
1 0.32421875 0.44895833333333335 0.0015625 0.0020833333333333333
1 0.3390625 0.4479166666666667 0.00625 0.004166666666666667
1 0.78515625 0.44375 0.0015625 0.004166666666666667
1 0.7609375 0.4427083333333333 0.003125 0.0020833333333333333
1 0.7796875 0.4427083333333333 0.00625 0.00625
1 0.76640625 0.440625 0.0015625 0.0020833333333333333
1 0.3671875 0.440625 0.003125 0.0020833333333333333
1 0.32421875 0.4427083333333333 0.0015625 0.00625
1 0.74453125 0.43645833333333334 0.0015625 0.0020833333333333333
1 0.36015625 0.4354166666666667 0.0015625 0.004166666666666667
1 0.7453125 0.4322916666666667 0.003125 0.0020833333333333333
1 0.34921875 0.4322916666666667 0.0015625 0.0020833333333333333
1 0.3375 0.43645833333333334 0.015625 0.010416666666666666
1 0.453125 0.4197916666666667 0.003125 0.0020833333333333333
1 0.69921875 0.41770833333333335 0.0015625 0.0020833333333333333
1 0.46171875 0.41770833333333335 0.0015625 0.0020833333333333333
1 0.45859375 0.41770833333333335 0.0015625 0.0020833333333333333
1 0.46484375 0.415625 0.0015625 0.0020833333333333333
1 0.709375 0.4125 0.003125 0.004166666666666667
1 0.70078125 0.4114583333333333 0.0015625 0.0020833333333333333
1 0.67265625 0.4114583333333333 0.0015625 0.0020833333333333333
1 0.66953125 0.4114583333333333 0.0015625 0.0020833333333333333
1 0.6875 0.4083333333333333 0.003125 0.004166666666666667
1 0.66484375 0.4083333333333333 0.0046875 0.004166666666666667
1 0.4765625 0.409375 0.003125 0.00625
1 0.68203125 0.40520833333333334 0.0078125 0.0020833333333333333
1 0.67578125 0.40520833333333334 0.0015625 0.0020833333333333333
1 0.65859375 0.40520833333333334 0.0015625 0.0020833333333333333
1 0.53671875 0.40625 0.0046875 0.004166666666666667
1 0.51171875 0.40520833333333334 0.0015625 0.0020833333333333333
1 0.48359375 0.40729166666666666 0.0078125 0.00625
1 0.425 0.40625 0.003125 0.004166666666666667
1 0.621875 0.403125 0.00625 0.0020833333333333333
1 0.65234375 0.40208333333333335 0.0015625 0.004166666666666667
1 0.63046875 0.40208333333333335 0.0046875 0.004166666666666667
1 0.60078125 0.4010416666666667 0.0015625 0.0020833333333333333
1 0.5359375 0.4010416666666667 0.003125 0.0020833333333333333
1 0.521875 0.4010416666666667 0.003125 0.0020833333333333333
1 0.7203125 0.4010416666666667 0.0125 0.00625
1 0.6203125 0.39895833333333336 0.009375 0.0020833333333333333
1 0.5546875 0.39895833333333336 0.00625 0.0020833333333333333
1 0.4984375 0.31875 0.003125 0.004166666666666667
1 0.47578125 0.31979166666666664 0.0015625 0.00625
1 0.996875 0.20729166666666668 0.00625 0.010416666666666666
1 0.98203125 0.178125 0.0015625 0.0020833333333333333
1 0.9796875 0.17395833333333333 0.003125 0.0020833333333333333
1 0.96953125 0.17291666666666666 0.0265625 0.04583333333333333
1 0.9984375 0.134375 0.003125 0.0020833333333333333
1 0.0375 0.2 0.075 0.13333333333333333
1 0.96328125 0.12604166666666666 0.0078125 0.01875
1 0.98828125 0.10520833333333333 0.0046875 0.010416666666666666
1 0.91796875 0.10104166666666667 0.0015625 0.0020833333333333333
1 0.94609375 0.12291666666666666 0.0171875 0.0625
1 0.94921875 0.08854166666666667 0.0015625 0.0020833333333333333
1 0.91484375 0.0875 0.0203125 0.041666666666666664
1 0.93359375 0.04583333333333333 0.0078125 0.0125
1 0.9296875 0.03333333333333333 0.003125 0.004166666666666667
1 0.88046875 0.03229166666666667 0.0015625 0.0020833333333333333
1 0.92265625 0.030208333333333334 0.0015625 0.0020833333333333333
1 0.92890625 0.027083333333333334 0.0015625 0.004166666666666667
1 0.925 0.021875 0.00625 0.00625
1 0.9875 0.052083333333333336 0.025 0.07083333333333333
1 0.90078125 0.016666666666666666 0.0015625 0.004166666666666667
1 0.878125 0.021875 0.00625 0.014583333333333334
1 0.92421875 0.007291666666666667 0.0015625 0.0020833333333333333
1 0.91875 0.009375 0.00625 0.00625
1 0.91015625 0.005208333333333333 0.0015625 0.0020833333333333333
1 0.91875 0.004166666666666667 0.003125 0.004166666666666667
1 0.92265625 0.0020833333333333333 0.0015625 0.004166666666666667
1 0.90703125 0.0010416666666666667 0.0015625 0.0020833333333333333
1 0.90234375 0.0010416666666666667 0.0015625 0.0020833333333333333
1 0.8828125 0.016666666666666666 0.015625 0.03333333333333333
1 0.5 0.5 1.0 1.0
1 0.025 0.05 0.05 0.1
