0 0.3203125 0.7708333333333334 0.003125 0.008333333333333333
0 0.70390625 0.7510416666666667 0.0015625 0.0020833333333333333
0 0.31328125 0.75 0.0015625 0.004166666666666667
0 0.34609375 0.746875 0.0015625 0.0020833333333333333
0 0.35078125 0.7364583333333333 0.0015625 0.0020833333333333333
0 0.696875 0.6958333333333333 0.003125 0.008333333333333333
0 0.26640625 0.6697916666666667 0.0015625 0.0020833333333333333
0 0.17890625 0.615625 0.0015625 0.0020833333333333333
0 0.1078125 0.596875 0.003125 0.0020833333333333333
0 0.06875 0.5885416666666666 0.003125 0.0020833333333333333
0 0.03984375 0.5697916666666667 0.0015625 0.0020833333333333333
0 0.73984375 0.565625 0.0015625 0.0020833333333333333
0 0.72734375 0.5322916666666667 0.0015625 0.0020833333333333333
0 0.72578125 0.5260416666666666 0.0015625 0.0020833333333333333
0 0.70078125 0.5239583333333333 0.0015625 0.0020833333333333333
0 0.35234375 0.5177083333333333 0.0015625 0.0020833333333333333
0 0.34921875 0.5114583333333333 0.0015625 0.0020833333333333333
0 0.34296875 0.5 0.0015625 0.004166666666666667
0 0.32578125 0.4979166666666667 0.0015625 0.004166666666666667
0 0.7140625 0.496875 0.003125 0.00625
0 0.73984375 0.6572916666666667 0.0859375 0.35208333333333336
0 0.69296875 0.4864583333333333 0.0078125 0.010416666666666666
0 0.70234375 0.471875 0.0015625 0.0020833333333333333
0 0.49609375 0.3802083333333333 0.0015625 0.0020833333333333333
0 0.49140625 0.38125 0.0046875 0.004166666666666667
0 0.22578125 0.578125 0.3890625 0.45208333333333334
0 0.5890625 0.5885416666666666 0.228125 0.48125
0 0.6578125 0.3802083333333333 0.403125 0.32708333333333334
1 0.01796875 0.9760416666666667 0.0078125 0.010416666666666666
1 0.02265625 0.9697916666666667 0.0046875 0.00625
1 0.01875 0.9572916666666667 0.003125 0.00625
1 0.01171875 0.915625 0.0078125 0.035416666666666666
1 0.6125 0.8833333333333333 0.025 0.03333333333333333
1 0.0234375 0.8677083333333333 0.003125 0.0020833333333333333
1 0.76484375 0.8645833333333334 0.0109375 0.008333333333333333
1 0.32578125 0.8572916666666667 0.0015625 0.0020833333333333333
1 0.7515625 0.8520833333333333 0.003125 0.004166666666666667
1 0.3234375 0.8510416666666667 0.003125 0.00625
1 0.30234375 0.8510416666666667 0.0046875 0.00625
1 0.3375 0.8520833333333333 0.015625 0.016666666666666666
1 0.3453125 0.8385416666666666 0.003125 0.00625
1 0.7859375 0.8510416666666667 0.028125 0.035416666666666666
1 0.65234375 0.834375 0.0015625 0.0020833333333333333
1 0.34765625 0.834375 0.0015625 0.0020833333333333333
1 0.31484375 0.8416666666666667 0.0109375 0.016666666666666666
1 0.6875 0.8333333333333334 0.003125 0.004166666666666667
1 0.68359375 0.8333333333333334 0.0015625 0.004166666666666667
1 0.66953125 0.8322916666666667 0.0015625 0.0020833333333333333
1 0.7453125 0.83125 0.003125 0.004166666666666667
1 0.73984375 0.83125 0.0046875 0.008333333333333333
1 0.653125 0.8260416666666667 0.003125 0.0020833333333333333
1 0.64921875 0.828125 0.0015625 0.00625
1 0.72890625 0.821875 0.0015625 0.0020833333333333333
1 0.79921875 0.8177083333333334 0.0015625 0.0020833333333333333
1 0.69921875 0.8197916666666667 0.0046875 0.00625
1 0.66015625 0.8177083333333334 0.0015625 0.0020833333333333333
1 0.3046875 0.8166666666666667 0.003125 0.008333333333333333
1 0.7265625 0.8145833333333333 0.003125 0.008333333333333333
1 0.65234375 0.8072916666666666 0.0015625 0.0020833333333333333
1 0.31015625 0.81875 0.0046875 0.025
1 0.80078125 0.80625 0.0015625 0.004166666666666667
1 0.30078125 0.8125 0.0046875 0.016666666666666666
1 0.72421875 0.8010416666666667 0.0015625 0.0020833333333333333
1 0.65078125 0.8010416666666667 0.0015625 0.0020833333333333333
1 0.35703125 0.8010416666666667 0.0015625 0.0020833333333333333
1 0.80078125 0.7989583333333333 0.0015625 0.0020833333333333333
1 0.79765625 0.7989583333333333 0.0015625 0.0020833333333333333
1 0.73359375 0.7989583333333333 0.0015625 0.0020833333333333333
1 0.52421875 0.7989583333333333 0.0015625 0.0020833333333333333
1 0.72578125 0.7947916666666667 0.0015625 0.0020833333333333333
1 0.71171875 0.79375 0.0015625 0.0125
1 0.3578125 0.7927083333333333 0.003125 0.010416666666666666
1 0.72265625 0.7864583333333334 0.0015625 0.010416666666666666
1 0.64296875 0.790625 0.0078125 0.01875
1 0.36015625 0.78125 0.0015625 0.004166666666666667
1 0.30546875 0.7916666666666666 0.0140625 0.025
1 0.6375 0.7760416666666666 0.003125 0.00625
1 0.49453125 0.7677083333333333 0.0015625 0.0020833333333333333
1 0.48828125 0.7833333333333333 0.0078125 0.03333333333333333
1 0.63515625 0.765625 0.0015625 0.0020833333333333333
1 0.79765625 0.7645833333333333 0.0015625 0.004166666666666667
1 0.70859375 0.7625 0.0015625 0.004166666666666667
1 0.30234375 0.7614583333333333 0.0015625 0.0020833333333333333
1 0.31015625 0.759375 0.0015625 0.010416666666666666
1 0.80078125 0.7708333333333334 0.0015625 0.0375
1 0.79765625 0.7552083333333334 0.0015625 0.00625
1 0.63125 0.753125 0.003125 0.00625
1 0.3734375 0.7520833333333333 0.003125 0.004166666666666667
1 0.62890625 0.746875 0.0015625 0.0020833333333333333
1 0.3078125 0.7416666666666667 0.003125 0.004166666666666667
1 0.3859375 0.734375 0.003125 0.0020833333333333333
1 0.79453125 0.7322916666666667 0.0015625 0.0020833333333333333
1 0.30078125 0.7354166666666667 0.0046875 0.008333333333333333
1 0.39453125 0.73125 0.0015625 0.004166666666666667
1 0.38515625 0.7302083333333333 0.0015625 0.0020833333333333333
1 0.62734375 0.728125 0.0015625 0.00625
1 0.62421875 0.7239583333333334 0.0015625 0.0020833333333333333
1 0.3890625 0.7239583333333334 0.003125 0.0020833333333333333
1 0.62578125 0.7197916666666667 0.0015625 0.0020833333333333333
1 0.28046875 0.7260416666666667 0.0109375 0.014583333333333334
1 0.28515625 0.7197916666666667 0.0203125 0.027083333333333334
1 0.80078125 0.7041666666666667 0.0015625 0.004166666666666667
1 0.79140625 0.7010416666666667 0.0015625 0.0020833333333333333
1 0.62265625 0.7010416666666667 0.0015625 0.0020833333333333333
1 0.61171875 0.7010416666666667 0.0015625 0.0020833333333333333
1 0.5078125 0.7322916666666667 0.015625 0.06458333333333334
1 0.27265625 0.7010416666666667 0.0015625 0.0020833333333333333
1 0.2640625 0.7010416666666667 0.0125 0.0020833333333333333
1 0.796875 0.7 0.003125 0.004166666666666667
1 0.28671875 0.7 0.0046875 0.004166666666666667
1 0.62265625 0.696875 0.0015625 0.0020833333333333333
1 0.27265625 0.6947916666666667 0.0015625 0.0020833333333333333
1 0.26328125 0.6958333333333333 0.0140625 0.004166666666666667
1 0.25234375 0.6947916666666667 0.0046875 0.0020833333333333333
1 0.27890625 0.6885416666666667 0.0015625 0.0020833333333333333
1 0.79296875 0.6864583333333333 0.0046875 0.00625
1 0.61328125 0.6854166666666667 0.0015625 0.004166666666666667
1 0.26953125 0.6822916666666666 0.0015625 0.0020833333333333333
1 0.25546875 0.6822916666666666 0.0046875 0.0020833333333333333
1 0.25 0.6833333333333333 0.003125 0.004166666666666667
1 0.43984375 0.6739583333333333 0.0015625 0.00625
1 0.6078125 0.6854166666666667 0.009375 0.03333333333333333
1 0.80078125 0.6697916666666667 0.0015625 0.00625
1 0.590625 0.7333333333333333 0.08125 0.13333333333333333
1 0.2515625 0.6697916666666667 0.003125 0.00625
1 0.44765625 0.665625 0.0015625 0.0020833333333333333
1 0.2296875 0.665625 0.003125 0.0020833333333333333
1 0.615625 0.665625 0.003125 0.00625
1 0.2546875 0.6635416666666667 0.003125 0.0020833333333333333
1 0.24140625 0.6614583333333334 0.0015625 0.0020833333333333333
1 0.2375 0.659375 0.003125 0.0020833333333333333
1 0.22265625 0.6625 0.0078125 0.008333333333333333
1 0.45078125 0.6572916666666667 0.0015625 0.0020833333333333333
1 0.21640625 0.6572916666666667 0.0015625 0.0020833333333333333
1 0.78515625 0.6625 0.0015625 0.016666666666666666
1 0.21328125 0.653125 0.0015625 0.0020833333333333333
1 0.4484375 0.6520833333333333 0.003125 0.004166666666666667
1 0.24375 0.6552083333333333 0.0125 0.010416666666666666
1 0.23515625 0.6489583333333333 0.0015625 0.0020833333333333333
1 0.7984375 0.6510416666666666 0.003125 0.010416666666666666
1 0.22421875 0.6447916666666667 0.0015625 0.0020833333333333333
1 0.78828125 0.64375 0.0015625 0.004166666666666667
1 0.60234375 0.6479166666666667 0.0046875 0.016666666666666666
1 0.61171875 0.6416666666666667 0.0015625 0.0125
1 0.203125 0.640625 0.00625 0.010416666666666666
1 0.60078125 0.6385416666666667 0.0046875 0.010416666666666666
1 0.5375 0.65 0.025 0.03333333333333333
1 0.21484375 0.6395833333333333 0.0140625 0.0125
1 0.79765625 0.6322916666666667 0.0015625 0.0020833333333333333
1 0.7828125 0.6333333333333333 0.009375 0.004166666666666667
1 0.44609375 0.6322916666666667 0.0015625 0.0020833333333333333
1 0.15078125 0.6322916666666667 0.0015625 0.0020833333333333333
1 0.61015625 0.63125 0.0015625 0.004166666666666667
1 0.19921875 0.628125 0.0046875 0.0020833333333333333
1 0.190625 0.628125 0.00625 0.0020833333333333333
1 0.18203125 0.63125 0.0140625 0.008333333333333333
1 0.15625 0.6291666666666667 0.0125 0.008333333333333333
1 0.1328125 0.621875 0.01875 0.0020833333333333333
1 0.17421875 0.6197916666666666 0.0015625 0.0020833333333333333
1 0.14765625 0.6208333333333333 0.0078125 0.004166666666666667
1 0.603125 0.6197916666666666 0.009375 0.00625
1 0.60703125 0.615625 0.0015625 0.0020833333333333333
1 0.16015625 0.6166666666666667 0.0109375 0.008333333333333333
1 0.60234375 0.6114583333333333 0.0015625 0.0020833333333333333
1 0.146875 0.6104166666666667 0.009375 0.004166666666666667
1 0.6046875 0.6083333333333333 0.003125 0.004166666666666667
1 0.13359375 0.6072916666666667 0.0015625 0.0020833333333333333
1 0.11171875 0.6177083333333333 0.0234375 0.03125
1 0.44453125 0.6010416666666667 0.0015625 0.0020833333333333333
1 0.0640625 0.5979166666666667 0.003125 0.004166666666666667
1 0.071875 0.5947916666666667 0.003125 0.0020833333333333333
1 0.02578125 0.5947916666666667 0.0015625 0.0020833333333333333
1 0.76640625 0.5885416666666666 0.0015625 0.0020833333333333333
1 0.05859375 0.5916666666666667 0.0046875 0.008333333333333333
1 0.05390625 0.5864583333333333 0.0015625 0.0020833333333333333
1 0.028125 0.584375 0.00625 0.0020833333333333333
1 0.77578125 0.578125 0.0015625 0.0020833333333333333
1 0.771875 0.5791666666666667 0.003125 0.0125
1 0.040625 0.584375 0.015625 0.022916666666666665
1 0.44375 0.5697916666666667 0.003125 0.00625
1 0.45078125 0.565625 0.0015625 0.0020833333333333333
1 0.784375 0.565625 0.00625 0.00625
1 0.7640625 0.5604166666666667 0.003125 0.008333333333333333
1 0.58125 0.5604166666666667 0.009375 0.008333333333333333
1 0.7984375 0.5552083333333333 0.003125 0.00625
1 0.4421875 0.553125 0.003125 0.00625
1 0.77578125 0.546875 0.0015625 0.0020833333333333333
1 0.43984375 0.546875 0.0015625 0.0020833333333333333
1 0.57421875 0.5510416666666667 0.0015625 0.014583333333333334
1 0.45 0.5520833333333334 0.003125 0.016666666666666666
1 0.81640625 0.5447916666666667 0.0046875 0.00625
1 0.44609375 0.5427083333333333 0.0015625 0.0020833333333333333
1 0.43828125 0.5427083333333333 0.0015625 0.0020833333333333333
1 0.5796875 0.5395833333333333 0.003125 0.004166666666666667
1 0.7796875 0.5364583333333334 0.003125 0.00625
1 0.5859375 0.540625 0.00625 0.014583333333333334
1 0.525 0.5666666666666667 0.05 0.06666666666666667
1 0.44609375 0.534375 0.0015625 0.0020833333333333333
1 0.2625 0.5364583333333334 0.003125 0.00625
1 0.75234375 0.5322916666666667 0.0015625 0.0020833333333333333
1 0.57734375 0.5322916666666667 0.0015625 0.0020833333333333333
1 0.24453125 0.5322916666666667 0.0015625 0.0020833333333333333
1 0.009375 0.5458333333333333 0.015625 0.029166666666666667
1 0.57421875 0.53125 0.0015625 0.004166666666666667
1 0.25390625 0.5302083333333333 0.0015625 0.0020833333333333333
1 0.58515625 0.528125 0.0015625 0.0020833333333333333
1 0.74609375 0.5302083333333333 0.0015625 0.014583333333333334
1 0.234375 0.5239583333333333 0.00625 0.0020833333333333333
1 0.03671875 0.5239583333333333 0.0015625 0.0020833333333333333
1 0.43515625 0.5260416666666666 0.0015625 0.010416666666666666
1 0.58203125 0.5197916666666667 0.0015625 0.0020833333333333333
1 0.24296875 0.5197916666666667 0.0015625 0.0020833333333333333
1 0.22421875 0.5197916666666667 0.0015625 0.0020833333333333333
1 0.74453125 0.5166666666666667 0.0015625 0.004166666666666667
1 0.23984375 0.515625 0.0015625 0.0020833333333333333
1 0.44921875 0.5229166666666667 0.0046875 0.020833333333333332
1 0.23515625 0.5135416666666667 0.0015625 0.0020833333333333333
1 0.046875 0.5135416666666667 0.003125 0.0020833333333333333
1 0.43828125 0.5104166666666666 0.0015625 0.004166666666666667
1 0.228125 0.509375 0.003125 0.0020833333333333333
1 0.04296875 0.509375 0.0015625 0.0020833333333333333
1 0.7484375 0.5083333333333333 0.003125 0.004166666666666667
1 0.05390625 0.5072916666666667 0.0046875 0.0020833333333333333
1 0.196875 0.5083333333333333 0.01875 0.008333333333333333
1 0.21484375 0.5114583333333333 0.0171875 0.01875
1 0.15859375 0.503125 0.0046875 0.0020833333333333333
1 0.07421875 0.503125 0.0015625 0.0020833333333333333
1 0.0671875 0.503125 0.003125 0.0020833333333333333
1 0.03359375 0.503125 0.0015625 0.0020833333333333333
1 0.84453125 0.5010416666666667 0.0046875 0.0020833333333333333
1 0.82109375 0.5010416666666667 0.0015625 0.0020833333333333333
1 0.15234375 0.5010416666666667 0.0015625 0.0020833333333333333
1 0.13828125 0.5010416666666667 0.0046875 0.0020833333333333333
1 0.4484375 0.49895833333333334 0.003125 0.0020833333333333333
1 0.4328125 0.5 0.009375 0.004166666666666667
1 0.14609375 0.49895833333333334 0.0078125 0.0020833333333333333
1 0.86796875 0.4979166666666667 0.0015625 0.004166666666666667
1 0.8390625 0.4979166666666667 0.003125 0.004166666666666667
1 0.57109375 0.496875 0.0015625 0.0020833333333333333
1 0.73984375 0.4947916666666667 0.0015625 0.0020833333333333333
1 0.73515625 0.4947916666666667 0.0046875 0.0020833333333333333
1 0.5515625 0.49583333333333335 0.003125 0.004166666666666667
1 0.56484375 0.49270833333333336 0.0015625 0.0020833333333333333
1 0.56796875 0.49166666666666664 0.0015625 0.004166666666666667
1 0.18984375 0.490625 0.0015625 0.0020833333333333333
1 0.74453125 0.4895833333333333 0.0046875 0.004166666666666667
1 0.72890625 0.48854166666666665 0.0015625 0.0020833333333333333
1 0.08828125 0.4947916666666667 0.0234375 0.014583333333333334
1 0.1828125 0.4864583333333333 0.003125 0.0020833333333333333
1 0.82265625 0.4864583333333333 0.0015625 0.00625
1 0.83046875 0.48333333333333334 0.0109375 0.004166666666666667
1 0.85078125 0.48020833333333335 0.0015625 0.0020833333333333333
1 0.83984375 0.48020833333333335 0.0015625 0.0020833333333333333
1 0.73203125 0.48125 0.0015625 0.004166666666666667
1 0.54921875 0.48541666666666666 0.0015625 0.0125
1 0.87421875 0.4822916666666667 0.0046875 0.010416666666666666
1 0.17734375 0.48020833333333335 0.0046875 0.00625
1 0.86953125 0.47604166666666664 0.0015625 0.0020833333333333333
1 0.86328125 0.47604166666666664 0.0015625 0.0020833333333333333
1 0.559375 0.4791666666666667 0.00625 0.008333333333333333
1 0.82578125 0.471875 0.0015625 0.0020833333333333333
1 0.7203125 0.47291666666666665 0.003125 0.004166666666666667
1 0.55390625 0.4739583333333333 0.0015625 0.00625
1 0.73984375 0.46979166666666666 0.0015625 0.0020833333333333333
1 0.47421875 0.46979166666666666 0.0015625 0.0020833333333333333
1 0.87109375 0.46770833333333334 0.0015625 0.0020833333333333333
1 0.73046875 0.46770833333333334 0.0015625 0.0020833333333333333
1 0.44453125 0.46770833333333334 0.0015625 0.0020833333333333333
1 0.428125 0.46770833333333334 0.003125 0.0020833333333333333
1 0.53125 0.4666666666666667 0.003125 0.004166666666666667
1 0.45625 0.4666666666666667 0.003125 0.004166666666666667
1 0.5421875 0.465625 0.00625 0.00625
1 0.53984375 0.46145833333333336 0.0015625 0.0020833333333333333
1 0.73515625 0.459375 0.0015625 0.0020833333333333333
1 0.72890625 0.459375 0.0046875 0.0020833333333333333
1 0.16484375 0.4625 0.0015625 0.008333333333333333
1 0.52578125 0.45729166666666665 0.0015625 0.0020833333333333333
1 0.45234375 0.4552083333333333 0.0015625 0.0020833333333333333
1 0.4484375 0.45416666666666666 0.003125 0.004166666666666667
1 0.42578125 0.4552083333333333 0.0015625 0.00625
1 0.49375 0.45208333333333334 0.003125 0.004166666666666667
1 0.49765625 0.44895833333333335 0.0015625 0.0020833333333333333
1 0.46953125 0.45 0.0015625 0.004166666666666667
1 0.45078125 0.44895833333333335 0.0015625 0.0020833333333333333
1 0.73046875 0.446875 0.0015625 0.0020833333333333333
1 0.875 0.44895833333333335 0.003125 0.010416666666666666
1 0.5140625 0.44479166666666664 0.003125 0.0020833333333333333
1 0.51953125 0.4479166666666667 0.0171875 0.0125
1 0.4359375 0.44583333333333336 0.003125 0.008333333333333333
1 0.4078125 0.44479166666666664 0.003125 0.00625
1 0.72734375 0.440625 0.0015625 0.0020833333333333333
1 0.40390625 0.440625 0.0015625 0.0020833333333333333
1 0.87109375 0.4395833333333333 0.0015625 0.004166666666666667
1 0.1625 0.46875 0.025 0.0625
1 0.86953125 0.434375 0.0015625 0.0020833333333333333
1 0.44453125 0.434375 0.0015625 0.0020833333333333333
1 0.434375 0.434375 0.003125 0.0020833333333333333
1 0.16328125 0.434375 0.0015625 0.0020833333333333333
1 0.15234375 0.434375 0.0046875 0.0020833333333333333
1 0.42578125 0.4322916666666667 0.0015625 0.0020833333333333333
1 0.39921875 0.4322916666666667 0.0015625 0.0020833333333333333
1 0.71953125 0.43020833333333336 0.0015625 0.0020833333333333333
1 0.3984375 0.428125 0.003125 0.0020833333333333333
1 0.42578125 0.42604166666666665 0.0046875 0.00625
1 0.71484375 0.421875 0.0015625 0.0020833333333333333
1 0.42890625 0.4197916666666667 0.0015625 0.0020833333333333333
1 0.17578125 0.4197916666666667 0.0015625 0.0020833333333333333
1 0.440625 0.42291666666666666 0.003125 0.0125
1 0.1796875 0.41875 0.003125 0.004166666666666667
1 0.86015625 0.415625 0.0015625 0.0020833333333333333
1 0.44296875 0.4114583333333333 0.0015625 0.0020833333333333333
1 0.434375 0.41458333333333336 0.003125 0.008333333333333333
1 0.85859375 0.409375 0.0015625 0.0020833333333333333
1 0.24921875 0.409375 0.0015625 0.0020833333333333333
1 0.2359375 0.409375 0.021875 0.0020833333333333333
1 0.378125 0.40729166666666666 0.003125 0.0020833333333333333
1 0.25859375 0.409375 0.0078125 0.00625
1 0.25234375 0.40729166666666666 0.0015625 0.0020833333333333333
1 0.871875 0.40625 0.003125 0.004166666666666667
1 0.221875 0.40625 0.003125 0.004166666666666667
1 0.2 0.40625 0.003125 0.004166666666666667
1 0.19296875 0.40729166666666666 0.0046875 0.00625
1 0.18046875 0.40520833333333334 0.0015625 0.0020833333333333333
1 0.87109375 0.4010416666666667 0.0015625 0.0020833333333333333
1 0.85859375 0.4010416666666667 0.0015625 0.0020833333333333333
1 0.19296875 0.4010416666666667 0.0015625 0.0020833333333333333
1 0.703125 0.4 0.003125 0.004166666666666667
1 0.68203125 0.39895833333333336 0.0015625 0.0020833333333333333
1 0.3953125 0.40208333333333335 0.003125 0.008333333333333333
1 0.4484375 0.39895833333333336 0.003125 0.00625
1 0.22734375 0.396875 0.0015625 0.0020833333333333333
1 0.67421875 0.39479166666666665 0.0015625 0.0020833333333333333
1 0.44609375 0.3958333333333333 0.0015625 0.004166666666666667
1 0.44296875 0.39166666666666666 0.0015625 0.004166666666666667
1 0.24609375 0.39479166666666665 0.0078125 0.010416666666666666
1 0.45625 0.3854166666666667 0.003125 0.004166666666666667
1 0.3625 0.3854166666666667 0.00625 0.004166666666666667
1 0.4515625 0.38125 0.003125 0.004166666666666667
1 0.34765625 0.3802083333333333 0.0015625 0.0020833333333333333
1 0.2125 0.38645833333333335 0.025 0.014583333333333334
1 0.84296875 0.37604166666666666 0.0015625 0.0020833333333333333
1 0.63828125 0.37604166666666666 0.0015625 0.0020833333333333333
1 0.3734375 0.37604166666666666 0.003125 0.0020833333333333333
1 0.24140625 0.3802083333333333 0.0015625 0.010416666666666666
1 0.34140625 0.37395833333333334 0.0015625 0.0020833333333333333
1 0.22578125 0.37395833333333334 0.0015625 0.0020833333333333333
1 0.84609375 0.371875 0.0015625 0.0020833333333333333
1 0.65078125 0.371875 0.0015625 0.0020833333333333333
1 0.64140625 0.371875 0.0015625 0.0020833333333333333
1 0.33828125 0.371875 0.0015625 0.0020833333333333333
1 0.65078125 0.36770833333333336 0.0015625 0.0020833333333333333
1 0.44453125 0.36770833333333336 0.0015625 0.0020833333333333333
1 0.43828125 0.38333333333333336 0.0078125 0.03333333333333333
1 0.3671875 0.36875 0.003125 0.004166666666666667
1 0.45859375 0.365625 0.0015625 0.0020833333333333333
1 0.35390625 0.36875 0.0015625 0.008333333333333333
1 0.334375 0.36666666666666664 0.003125 0.004166666666666667
1 0.61171875 0.3645833333333333 0.0234375 0.004166666666666667
1 0.6640625 0.3802083333333333 0.025 0.03958333333333333
1 0.6453125 0.3614583333333333 0.009375 0.0020833333333333333
1 0.83984375 0.359375 0.0015625 0.0020833333333333333
1 0.83671875 0.3572916666666667 0.0015625 0.0020833333333333333
1 0.32578125 0.3572916666666667 0.0015625 0.0020833333333333333
1 0.321875 0.3572916666666667 0.003125 0.0020833333333333333
1 0.84375 0.35520833333333335 0.003125 0.0020833333333333333
1 0.25390625 0.35520833333333335 0.0015625 0.0020833333333333333
1 0.3171875 0.3541666666666667 0.003125 0.004166666666666667
1 0.834375 0.35208333333333336 0.003125 0.004166666666666667
1 0.63515625 0.35208333333333336 0.0046875 0.004166666666666667
1 0.61171875 0.35104166666666664 0.0234375 0.00625
1 0.27109375 0.346875 0.0046875 0.0020833333333333333
1 0.84375 0.34791666666666665 0.00625 0.008333333333333333
1 0.8234375 0.3416666666666667 0.003125 0.004166666666666667
1 0.00625 0.346875 0.009375 0.014583333333333334
1 0.309375 0.3385416666666667 0.003125 0.0020833333333333333
1 0.25234375 0.3385416666666667 0.0015625 0.0020833333333333333
1 0.3015625 0.3385416666666667 0.003125 0.00625
1 0.81796875 0.33541666666666664 0.0046875 0.004166666666666667
1 0.27578125 0.33541666666666664 0.0015625 0.004166666666666667
1 0.28671875 0.334375 0.0046875 0.00625
1 0.01796875 0.33541666666666664 0.0046875 0.0125
1 0.48203125 0.3302083333333333 0.0015625 0.00625
1 0.47734375 0.328125 0.0015625 0.00625
1 0.81328125 0.328125 0.0046875 0.010416666666666666
1 0.80390625 0.3177083333333333 0.0015625 0.0020833333333333333
1 0.79609375 0.315625 0.0015625 0.0020833333333333333
1 0.0203125 0.32083333333333336 0.003125 0.0125
1 0.48359375 0.3125 0.0015625 0.004166666666666667
1 0.78671875 0.30520833333333336 0.0015625 0.0020833333333333333
1 0.47890625 0.29583333333333334 0.0015625 0.008333333333333333
1 0.48515625 0.2947916666666667 0.0015625 0.010416666666666666
1 0.0234375 0.2989583333333333 0.003125 0.022916666666666665
1 0.4765625 0.28541666666666665 0.003125 0.004166666666666667
1 0.76328125 0.28229166666666666 0.0015625 0.0020833333333333333
1 0.02578125 0.278125 0.0015625 0.010416666666666666
1 0.75078125 0.26979166666666665 0.0015625 0.0020833333333333333
1 0.74375 0.26145833333333335 0.003125 0.0020833333333333333
1 0.74921875 0.259375 0.0015625 0.0020833333333333333
1 0.02890625 0.2625 0.0046875 0.008333333333333333
1 0.73203125 0.253125 0.0015625 0.0020833333333333333
1 0.7484375 0.2520833333333333 0.003125 0.004166666666666667
1 0.74140625 0.24895833333333334 0.0015625 0.0020833333333333333
1 0.03125 0.2520833333333333 0.003125 0.008333333333333333
1 0.50390625 0.24895833333333334 0.0046875 0.00625
1 0.50859375 0.24479166666666666 0.0015625 0.0020833333333333333
1 0.034375 0.24479166666666666 0.003125 0.0020833333333333333
1 0.7125 0.240625 0.003125 0.0020833333333333333
1 0.51171875 0.240625 0.0015625 0.0020833333333333333
1 0.7265625 0.23854166666666668 0.003125 0.0020833333333333333
1 0.7171875 0.23958333333333334 0.003125 0.004166666666666667
1 0.73359375 0.2375 0.0046875 0.004166666666666667
1 0.70625 0.2375 0.003125 0.004166666666666667
1 0.70234375 0.234375 0.0015625 0.0020833333333333333
1 0.52421875 0.23229166666666667 0.0015625 0.0020833333333333333
1 0.5203125 0.23333333333333334 0.003125 0.004166666666666667
1 0.52890625 0.228125 0.0046875 0.0020833333333333333
1 0.68125 0.22395833333333334 0.00625 0.0020833333333333333
1 0.675 0.22083333333333333 0.003125 0.004166666666666667
1 0.55 0.21875 0.003125 0.004166666666666667
1 0.65703125 0.21354166666666666 0.0015625 0.0020833333333333333
1 0.65390625 0.21354166666666666 0.0015625 0.0020833333333333333
1 0.58828125 0.21145833333333333 0.0015625 0.0020833333333333333
1 0.56328125 0.2125 0.0046875 0.004166666666666667
1 0.62578125 0.209375 0.0015625 0.0020833333333333333
1 0.68515625 0.20729166666666668 0.0015625 0.0020833333333333333
1 0.68046875 0.20520833333333333 0.0015625 0.0020833333333333333
1 0.67734375 0.20520833333333333 0.0015625 0.0020833333333333333
1 0.58203125 0.20520833333333333 0.0015625 0.0020833333333333333
1 0.57890625 0.20520833333333333 0.0015625 0.0020833333333333333
1 0.55 0.20520833333333333 0.00625 0.0020833333333333333
1 0.53984375 0.20833333333333334 0.0046875 0.008333333333333333
1 0.59453125 0.203125 0.0015625 0.0020833333333333333
1 0.559375 0.20416666666666666 0.003125 0.004166666666666667
1 0.6453125 0.20208333333333334 0.003125 0.004166666666666667
1 0.62578125 0.20104166666666667 0.0015625 0.0020833333333333333
1 0.64921875 0.19895833333333332 0.0015625 0.0020833333333333333
1 0.6359375 0.20104166666666667 0.009375 0.00625
1 0.59765625 0.20104166666666667 0.0015625 0.00625
1 0.55078125 0.19895833333333332 0.0015625 0.0020833333333333333
1 0.046875 0.19895833333333332 0.003125 0.0020833333333333333
1 0.04921875 0.19479166666666667 0.0015625 0.0020833333333333333
1 0.05546875 0.17604166666666668 0.0078125 0.014583333333333334
1 0.06484375 0.16354166666666667 0.0015625 0.0020833333333333333
1 0.0640625 0.159375 0.003125 0.0020833333333333333
1 0.06796875 0.14895833333333333 0.0078125 0.014583333333333334
1 0.0734375 0.13020833333333334 0.003125 0.00625
1 0.0796875 0.11770833333333333 0.00625 0.010416666666666666
1 0.084375 0.11041666666666666 0.003125 0.008333333333333333
1 0.08515625 0.103125 0.0015625 0.0020833333333333333
1 0.996875 0.09583333333333334 0.00625 0.008333333333333333
1 0.11953125 0.09583333333333334 0.0078125 0.008333333333333333
1 0.353125 0.09166666666666666 0.00625 0.016666666666666666
1 0.37421875 0.08854166666666667 0.0078125 0.014583333333333334
1 0.1015625 0.0875 0.028125 0.016666666666666666
1 0.3875 0.084375 0.0125 0.014583333333333334
1 0.11796875 0.078125 0.0015625 0.0020833333333333333
1 0.39765625 0.07395833333333333 0.0046875 0.00625
1 0.14921875 0.071875 0.0015625 0.0020833333333333333
1 0.14453125 0.06979166666666667 0.0015625 0.0020833333333333333
1 0.13203125 0.07604166666666666 0.0203125 0.014583333333333334
1 0.36796875 0.06770833333333333 0.0015625 0.0020833333333333333
1 0.98046875 0.07604166666666666 0.0109375 0.022916666666666665
1 0.36015625 0.06770833333333333 0.0015625 0.00625
1 0.36484375 0.06145833333333333 0.0015625 0.0020833333333333333
1 0.1734375 0.06145833333333333 0.003125 0.0020833333333333333
1 0.15859375 0.06458333333333334 0.0234375 0.008333333333333333
1 0.35703125 0.059375 0.0015625 0.0020833333333333333
1 0.2265625 0.06041666666666667 0.05 0.008333333333333333
1 0.1890625 0.059375 0.021875 0.00625
1 0.47421875 0.057291666666666664 0.0015625 0.00625
1 0.3625 0.05625 0.003125 0.004166666666666667
1 0.4671875 0.05625 0.009375 0.008333333333333333
1 0.3140625 0.057291666666666664 0.078125 0.010416666666666666
1 0.35390625 0.051041666666666666 0.0015625 0.0020833333333333333
1 0.42734375 0.057291666666666664 0.0421875 0.022916666666666665
1 0.43828125 0.04479166666666667 0.0046875 0.0020833333333333333
1 0.4453125 0.042708333333333334 0.003125 0.0020833333333333333
1 0.4703125 0.041666666666666664 0.009375 0.004166666666666667
1 0.45703125 0.040625 0.0046875 0.0020833333333333333
1 0.46875 0.03854166666666667 0.003125 0.0020833333333333333
1 0.47578125 0.036458333333333336 0.0015625 0.0020833333333333333
1 0.48359375 0.034375 0.0015625 0.0020833333333333333
1 0.48984375 0.030208333333333334 0.0015625 0.0020833333333333333
1 0.55546875 0.028125 0.0015625 0.0020833333333333333
1 0.55234375 0.028125 0.0015625 0.0020833333333333333
1 0.5 0.028125 0.003125 0.00625
1 0.50859375 0.026041666666666668 0.0078125 0.00625
1 0.53515625 0.019791666666666666 0.0015625 0.0020833333333333333
1 0.521875 0.022916666666666665 0.01875 0.008333333333333333
1 0.52578125 0.017708333333333333 0.0015625 0.0020833333333333333
1 0.53046875 0.015625 0.0015625 0.0020833333333333333
1 0.53671875 0.013541666666666667 0.0015625 0.0020833333333333333
1 0.54140625 0.011458333333333333 0.0015625 0.0020833333333333333
1 0.54921875 0.010416666666666666 0.0109375 0.008333333333333333
1 0.571875 0.005208333333333333 0.00625 0.0020833333333333333
1 0.55859375 0.005208333333333333 0.0015625 0.0020833333333333333
1 0.5640625 0.005208333333333333 0.00625 0.00625
