0 0.43671875 0.8979166666666667 0.0046875 0.004166666666666667
0 0.44140625 0.8947916666666667 0.0015625 0.0020833333333333333
0 0.44765625 0.8916666666666667 0.0046875 0.004166666666666667
0 0.43125 0.89375 0.0125 0.008333333333333333
0 0.45703125 0.8864583333333333 0.0015625 0.0020833333333333333
0 0.40078125 0.8739583333333333 0.0015625 0.0020833333333333333
0 0.39453125 0.8708333333333333 0.0046875 0.008333333333333333
0 0.37890625 0.86875 0.0015625 0.004166666666666667
0 0.19140625 0.6416666666666667 0.0015625 0.004166666666666667
0 0.73359375 0.553125 0.0015625 0.0020833333333333333
0 0.7421875 0.5447916666666667 0.00625 0.00625
0 0.74921875 0.5364583333333334 0.0015625 0.0020833333333333333
0 0.82890625 0.496875 0.0015625 0.0020833333333333333
0 0.790625 0.509375 0.075 0.052083333333333336
0 0.78828125 0.48020833333333335 0.0078125 0.00625
0 0.79453125 0.46979166666666666 0.0015625 0.0020833333333333333
0 0.79765625 0.46770833333333334 0.0015625 0.0020833333333333333
0 0.81328125 0.4635416666666667 0.0078125 0.00625
0 0.90078125 0.4354166666666667 0.0015625 0.004166666666666667
0 0.484375 0.6489583333333333 0.13125 0.46041666666666664
0 0.92734375 0.415625 0.0015625 0.0020833333333333333
0 0.19296875 0.409375 0.0015625 0.0020833333333333333
0 0.9109375 0.403125 0.00625 0.00625
0 0.85078125 0.20729166666666668 0.0015625 0.0020833333333333333
0 0.84140625 0.18645833333333334 0.0015625 0.0020833333333333333
0 0.8328125 0.16354166666666667 0.003125 0.00625
0 0.83046875 0.15520833333333334 0.0015625 0.0020833333333333333
0 0.321875 0.153125 0.003125 0.0020833333333333333
0 0.23984375 0.39375 0.2140625 0.4875
0 0.82734375 0.13854166666666667 0.0015625 0.0020833333333333333
0 0.90234375 0.13020833333333334 0.0015625 0.0020833333333333333
0 0.82265625 0.11979166666666667 0.0015625 0.0020833333333333333
0 0.8921875 0.2947916666666667 0.11875 0.41458333333333336
1 0.71328125 0.9979166666666667 0.0046875 0.004166666666666667
1 0.4984375 0.99375 0.0125 0.0125
1 0.65078125 0.9739583333333334 0.0015625 0.0020833333333333333
1 0.6484375 0.9635416666666666 0.003125 0.0020833333333333333
1 0.41640625 0.9135416666666667 0.0015625 0.0020833333333333333
1 0.42109375 0.909375 0.0015625 0.0020833333333333333
1 0.02421875 0.9083333333333333 0.0015625 0.004166666666666667
1 0.415625 0.9083333333333333 0.009375 0.008333333333333333
1 0.48359375 0.8979166666666667 0.0078125 0.004166666666666667
1 0.4875 0.946875 0.071875 0.10625
1 0.98203125 0.8916666666666667 0.0015625 0.004166666666666667
1 0.51640625 0.88125 0.0078125 0.008333333333333333
1 0.5359375 0.846875 0.003125 0.0020833333333333333
1 0.54453125 0.8354166666666667 0.0015625 0.004166666666666667
1 0.54921875 0.825 0.0046875 0.004166666666666667
1 0.46328125 0.8010416666666667 0.0015625 0.0020833333333333333
1 0.47734375 0.790625 0.0015625 0.0020833333333333333
1 0.4734375 0.7947916666666667 0.00625 0.010416666666666666
1 0.01875 0.7895833333333333 0.003125 0.004166666666666667
1 0.47421875 0.7854166666666667 0.0015625 0.004166666666666667
1 0.00234375 0.7791666666666667 0.0046875 0.004166666666666667
1 0.44609375 0.7760416666666666 0.0234375 0.01875
1 0.46640625 0.7697916666666667 0.0109375 0.022916666666666665
1 0.57578125 0.7541666666666667 0.0015625 0.004166666666666667
1 0.57421875 0.74375 0.0046875 0.0125
1 0.4703125 0.7364583333333333 0.00625 0.00625
1 0.46328125 0.73125 0.0046875 0.008333333333333333
1 0.46328125 0.6979166666666666 0.0140625 0.016666666666666666
1 0.4640625 0.6895833333333333 0.003125 0.004166666666666667
1 0.46484375 0.684375 0.0015625 0.0020833333333333333
1 0.46953125 0.671875 0.0015625 0.0020833333333333333
1 0.45546875 0.6572916666666667 0.0078125 0.00625
1 0.4484375 0.6520833333333333 0.003125 0.004166666666666667
1 0.16328125 0.6375 0.0015625 0.004166666666666667
1 0.15859375 0.6322916666666667 0.0015625 0.0020833333333333333
1 0.1015625 0.6322916666666667 0.003125 0.0020833333333333333
1 0.44140625 0.6375 0.0109375 0.016666666666666666
1 0.15078125 0.6302083333333334 0.0015625 0.0020833333333333333
1 0.55078125 0.628125 0.0015625 0.0020833333333333333
1 0.54765625 0.6260416666666667 0.0015625 0.0020833333333333333
1 0.44140625 0.6260416666666667 0.0015625 0.0020833333333333333
1 0.15234375 0.6260416666666667 0.0015625 0.0020833333333333333
1 0.19296875 0.6197916666666666 0.0015625 0.0020833333333333333
1 0.19765625 0.6166666666666667 0.0015625 0.004166666666666667
1 0.53984375 0.609375 0.0015625 0.0020833333333333333
1 0.5328125 0.6052083333333333 0.003125 0.0020833333333333333
1 0.04140625 0.60625 0.0015625 0.004166666666666667
1 0.54609375 0.6041666666666666 0.0015625 0.004166666666666667
1 0.19296875 0.603125 0.0015625 0.0020833333333333333
1 0.10703125 0.6041666666666666 0.0015625 0.004166666666666667
1 0.53359375 0.6010416666666667 0.0015625 0.0020833333333333333
1 0.18828125 0.6020833333333333 0.0046875 0.004166666666666667
1 0.17421875 0.5947916666666667 0.0015625 0.0020833333333333333
1 0.16796875 0.5875 0.0046875 0.004166666666666667
1 0.55078125 0.5854166666666667 0.0015625 0.004166666666666667
1 0.04765625 0.584375 0.0015625 0.0020833333333333333
1 0.52578125 0.5802083333333333 0.0015625 0.0020833333333333333
1 0.0609375 0.5895833333333333 0.015625 0.025
1 0.16484375 0.5791666666666667 0.0015625 0.008333333333333333
1 0.12578125 0.571875 0.0015625 0.0020833333333333333
1 0.125 0.5635416666666667 0.003125 0.0020833333333333333
1 0.7421875 0.5614583333333333 0.003125 0.0020833333333333333
1 0.521875 0.5635416666666667 0.00625 0.00625
1 0.7296875 0.5604166666666667 0.003125 0.004166666666666667
1 0.52109375 0.5572916666666666 0.0015625 0.0020833333333333333
1 0.73828125 0.553125 0.0015625 0.0020833333333333333
1 0.16015625 0.553125 0.0015625 0.0020833333333333333
1 0.51875 0.55 0.003125 0.004166666666666667
1 0.51796875 0.5447916666666667 0.0015625 0.0020833333333333333
1 0.5125 0.54375 0.003125 0.004166666666666667
1 0.51015625 0.5385416666666667 0.0015625 0.0020833333333333333
1 0.075 0.7020833333333333 0.15 0.32916666666666666
1 0.51015625 0.534375 0.0015625 0.0020833333333333333
1 0.16484375 0.5510416666666667 0.0140625 0.035416666666666666
1 0.17421875 0.534375 0.0078125 0.00625
1 0.78359375 0.5322916666666667 0.0171875 0.00625
1 0.76796875 0.528125 0.0046875 0.00625
1 0.41328125 0.521875 0.0015625 0.0020833333333333333
1 0.1734375 0.521875 0.003125 0.0020833333333333333
1 0.7703125 0.5208333333333334 0.003125 0.004166666666666667
1 0.77890625 0.5145833333333333 0.0046875 0.004166666666666667
1 0.171875 0.5145833333333333 0.00625 0.008333333333333333
1 0.49765625 0.509375 0.0015625 0.0020833333333333333
1 0.846875 0.5145833333333333 0.04375 0.020833333333333332
1 0.79609375 0.5041666666666667 0.0046875 0.004166666666666667
1 0.82109375 0.5 0.0046875 0.004166666666666667
1 0.81171875 0.5 0.0109375 0.004166666666666667
1 0.534375 0.49895833333333334 0.009375 0.0020833333333333333
1 0.17578125 0.49895833333333334 0.0015625 0.0020833333333333333
1 0.8140625 0.496875 0.00625 0.0020833333333333333
1 0.49296875 0.49583333333333335 0.0046875 0.004166666666666667
1 0.17578125 0.4947916666666667 0.0015625 0.0020833333333333333
1 0.88828125 0.49375 0.0140625 0.008333333333333333
1 0.49921875 0.48854166666666665 0.0015625 0.0020833333333333333
1 0.8984375 0.4875 0.00625 0.008333333333333333
1 0.89453125 0.4822916666666667 0.0015625 0.0020833333333333333
1 0.50078125 0.4822916666666667 0.0015625 0.0020833333333333333
1 0.084375 0.5010416666666667 0.0125 0.03958333333333333
1 0.41171875 0.4822916666666667 0.0046875 0.014583333333333334
1 0.76875 0.47604166666666664 0.003125 0.00625
1 0.48671875 0.4739583333333333 0.0078125 0.0020833333333333333
1 0.0828125 0.4739583333333333 0.003125 0.0020833333333333333
1 0.95234375 0.471875 0.0015625 0.0020833333333333333
1 0.7671875 0.46979166666666666 0.003125 0.0020833333333333333
1 0.78125 0.4708333333333333 0.0125 0.008333333333333333
1 0.49140625 0.46979166666666666 0.0046875 0.00625
1 0.91640625 0.465625 0.0015625 0.0020833333333333333
1 0.47578125 0.465625 0.0046875 0.00625
1 0.20078125 0.4635416666666667 0.0015625 0.0020833333333333333
1 0.96171875 0.46145833333333336 0.0015625 0.0020833333333333333
1 0.91171875 0.4625 0.0046875 0.008333333333333333
1 0.41171875 0.459375 0.0015625 0.0020833333333333333
1 0.19921875 0.45729166666666665 0.0015625 0.0020833333333333333
1 0.1890625 0.4552083333333333 0.003125 0.0020833333333333333
1 0.92109375 0.4552083333333333 0.0078125 0.010416666666666666
1 0.46875 0.4510416666666667 0.003125 0.0020833333333333333
1 0.08984375 0.4510416666666667 0.0015625 0.0020833333333333333
1 0.19140625 0.45 0.0046875 0.004166666666666667
1 0.91953125 0.44479166666666664 0.0015625 0.0020833333333333333
1 0.46171875 0.44479166666666664 0.0015625 0.0020833333333333333
1 0.19609375 0.4427083333333333 0.0015625 0.0020833333333333333
1 0.45703125 0.440625 0.0015625 0.0020833333333333333
1 0.92421875 0.4395833333333333 0.0046875 0.004166666666666667
1 0.46171875 0.4395833333333333 0.0015625 0.004166666666666667
1 0.92578125 0.434375 0.0015625 0.0020833333333333333
1 0.19921875 0.434375 0.0015625 0.0020833333333333333
1 0.94921875 0.43020833333333336 0.0015625 0.0020833333333333333
1 0.93359375 0.428125 0.0015625 0.0020833333333333333
1 0.19921875 0.4239583333333333 0.0015625 0.0020833333333333333
1 0.93671875 0.4197916666666667 0.0046875 0.010416666666666666
1 0.81796875 0.41354166666666664 0.0015625 0.0020833333333333333
1 0.20703125 0.41354166666666664 0.0015625 0.0020833333333333333
1 0.09609375 0.4114583333333333 0.0046875 0.0020833333333333333
1 0.21015625 0.4125 0.0109375 0.016666666666666666
1 0.81875 0.403125 0.003125 0.0020833333333333333
1 0.10703125 0.4010416666666667 0.0015625 0.0020833333333333333
1 0.94375 0.396875 0.003125 0.00625
1 0.20859375 0.396875 0.0046875 0.00625
1 0.225 0.39375 0.003125 0.004166666666666667
1 0.21640625 0.3927083333333333 0.0015625 0.0020833333333333333
1 0.21953125 0.38645833333333335 0.0015625 0.0020833333333333333
1 0.11484375 0.384375 0.0015625 0.0020833333333333333
1 0.11640625 0.3802083333333333 0.0015625 0.0020833333333333333
1 0.9484375 0.378125 0.003125 0.010416666666666666
1 0.0515625 0.47708333333333336 0.103125 0.20833333333333334
1 0.23515625 0.36770833333333336 0.0015625 0.0020833333333333333
1 0.109375 0.36354166666666665 0.0125 0.014583333333333334
1 0.246875 0.35104166666666664 0.003125 0.0020833333333333333
1 0.25078125 0.346875 0.0015625 0.0020833333333333333
1 0.13359375 0.34479166666666666 0.0015625 0.0020833333333333333
1 0.86484375 0.3385416666666667 0.0015625 0.0020833333333333333
1 0.12578125 0.3458333333333333 0.0140625 0.016666666666666666
1 0.27421875 0.33229166666666665 0.0046875 0.00625
1 0.14140625 0.3302083333333333 0.0015625 0.0020833333333333333
1 0.14140625 0.32395833333333335 0.0015625 0.0020833333333333333
1 0.13828125 0.32395833333333335 0.0015625 0.0020833333333333333
1 0.9734375 0.32708333333333334 0.003125 0.0125
1 0.9984375 0.3229166666666667 0.003125 0.008333333333333333
1 0.14140625 0.31979166666666664 0.0015625 0.0020833333333333333
1 0.14453125 0.3177083333333333 0.0015625 0.0020833333333333333
1 0.27265625 0.315625 0.0015625 0.0020833333333333333
1 0.27578125 0.31354166666666666 0.0015625 0.0020833333333333333
1 0.15078125 0.31354166666666666 0.0046875 0.00625
1 0.14609375 0.309375 0.0046875 0.00625
1 0.2875 0.3 0.003125 0.004166666666666667
1 0.15078125 0.2989583333333333 0.0015625 0.0020833333333333333
1 0.296875 0.29791666666666666 0.003125 0.008333333333333333
1 0.2921875 0.2947916666666667 0.003125 0.0020833333333333333
1 0.3078125 0.2916666666666667 0.015625 0.008333333333333333
1 0.29453125 0.28854166666666664 0.0015625 0.0020833333333333333
1 0.0453125 0.35520833333333335 0.071875 0.13541666666666666
1 0.30078125 0.284375 0.0015625 0.0020833333333333333
1 0.02109375 0.315625 0.0421875 0.06458333333333334
1 0.0984375 0.2833333333333333 0.003125 0.004166666666666667
1 0.08515625 0.2833333333333333 0.0140625 0.008333333333333333
1 0.99765625 0.28541666666666665 0.0046875 0.016666666666666666
1 0.13671875 0.28125 0.0015625 0.008333333333333333
1 0.02578125 0.26979166666666665 0.0015625 0.0020833333333333333
1 0.96953125 0.2833333333333333 0.0046875 0.03333333333333333
1 0.9578125 0.271875 0.003125 0.010416666666666666
1 0.12890625 0.2677083333333333 0.0015625 0.0020833333333333333
1 0.99453125 0.265625 0.0046875 0.0020833333333333333
1 0.11015625 0.271875 0.0171875 0.014583333333333334
1 0.07578125 0.265625 0.0015625 0.0020833333333333333
1 0.0546875 0.29791666666666666 0.034375 0.07083333333333333
1 0.134375 0.271875 0.01875 0.027083333333333334
1 0.11328125 0.259375 0.0015625 0.0020833333333333333
1 0.31953125 0.25729166666666664 0.0015625 0.0020833333333333333
1 0.13984375 0.2552083333333333 0.0015625 0.0020833333333333333
1 0.98671875 0.25104166666666666 0.0015625 0.0020833333333333333
1 0.1953125 0.25416666666666665 0.00625 0.008333333333333333
1 0.98515625 0.24479166666666666 0.0046875 0.0020833333333333333
1 0.3484375 0.234375 0.003125 0.0020833333333333333
1 0.13359375 0.24479166666666666 0.0203125 0.022916666666666665
1 0.85234375 0.23229166666666667 0.0015625 0.0020833333333333333
1 0.98359375 0.22604166666666667 0.0078125 0.00625
1 0.2140625 0.22708333333333333 0.009375 0.008333333333333333
1 0.20078125 0.22395833333333334 0.0015625 0.0020833333333333333
1 0.09375 0.221875 0.003125 0.0020833333333333333
1 0.08671875 0.22395833333333334 0.0046875 0.00625
1 0.99453125 0.24583333333333332 0.0109375 0.05416666666666667
1 0.13828125 0.221875 0.0046875 0.00625
1 0.2140625 0.21875 0.003125 0.004166666666666667
1 0.99921875 0.215625 0.0015625 0.0020833333333333333
1 0.34609375 0.21666666666666667 0.0015625 0.004166666666666667
1 0.21171875 0.215625 0.0015625 0.0020833333333333333
1 0.14140625 0.215625 0.0015625 0.0020833333333333333
1 0.06484375 0.21354166666666666 0.0046875 0.00625
1 0.3484375 0.209375 0.003125 0.00625
1 0.2296875 0.2125 0.009375 0.0125
1 0.94765625 0.20520833333333333 0.0015625 0.0020833333333333333
1 0.23671875 0.20520833333333333 0.0015625 0.0020833333333333333
1 0.9859375 0.20416666666666666 0.003125 0.004166666666666667
1 0.34921875 0.20104166666666667 0.0015625 0.0020833333333333333
1 0.94453125 0.19895833333333332 0.0015625 0.0020833333333333333
1 0.80078125 0.19895833333333332 0.0015625 0.0020833333333333333
1 0.94375 0.19270833333333334 0.003125 0.00625
1 0.98359375 0.19270833333333334 0.0078125 0.014583333333333334
1 0.9484375 0.18229166666666666 0.003125 0.00625
1 0.93515625 0.18020833333333333 0.0015625 0.0020833333333333333
1 0.9875 0.17916666666666667 0.003125 0.004166666666666667
1 0.09609375 0.17291666666666666 0.0046875 0.004166666666666667
1 0.11171875 0.17083333333333334 0.0015625 0.004166666666666667
1 0.9390625 0.17395833333333333 0.009375 0.014583333333333334
1 0.82578125 0.16666666666666666 0.0015625 0.004166666666666667
1 0.09765625 0.16666666666666666 0.0046875 0.004166666666666667
1 0.1203125 0.15104166666666666 0.003125 0.0020833333333333333
1 0.32734375 0.146875 0.0015625 0.0020833333333333333
1 0.1203125 0.14479166666666668 0.00625 0.00625
1 0.959375 0.14791666666666667 0.009375 0.016666666666666666
1 0.9203125 0.14375 0.00625 0.008333333333333333
1 0.0265625 0.13645833333333332 0.003125 0.0020833333333333333
1 0.94375 0.140625 0.0125 0.01875
1 0.02421875 0.13229166666666667 0.0046875 0.00625
1 0.009375 0.13229166666666667 0.00625 0.00625
1 0.13671875 0.11770833333333333 0.0015625 0.0020833333333333333
1 0.9046875 0.115625 0.028125 0.027083333333333334
1 0.93515625 0.10104166666666667 0.0078125 0.0020833333333333333
1 0.01328125 0.103125 0.0265625 0.052083333333333336
1 0.01875 0.07291666666666667 0.003125 0.004166666666666667
1 0.00078125 0.065625 0.0015625 0.0020833333333333333
1 0.01171875 0.06354166666666666 0.0015625 0.0020833333333333333
1 0.13671875 0.023958333333333335 0.0015625 0.0020833333333333333
1 0.134375 0.017708333333333333 0.003125 0.0020833333333333333
1 0.12421875 0.013541666666666667 0.0015625 0.0020833333333333333
1 0.1171875 0.014583333333333334 0.009375 0.0125
1 0.07265625 0.00625 0.0046875 0.004166666666666667
1 0.6265625 0.0010416666666666667 0.003125 0.0020833333333333333
1 0.57421875 0.0010416666666666667 0.0015625 0.0020833333333333333
1 0.15625 0.003125 0.003125 0.00625
1 0.1328125 0.0010416666666666667 0.003125 0.0020833333333333333
1 0.13125 0.013541666666666667 0.0125 0.027083333333333334
1 0.11875 0.004166666666666667 0.009375 0.008333333333333333
1 0.5 0.5 1.0 1.0
1 0.071875 0.0010416666666666667 0.003125 0.0020833333333333333
1 0.01640625 0.003125 0.0203125 0.00625
