0 0.57734375 0.8760416666666667 0.0015625 0.0020833333333333333
0 0.56015625 0.8635416666666667 0.0015625 0.0020833333333333333
0 0.50703125 0.7989583333333333 0.0015625 0.0020833333333333333
0 0.48984375 0.7635416666666667 0.0015625 0.0020833333333333333
0 0.48828125 0.759375 0.0015625 0.0020833333333333333
0 0.48671875 0.7552083333333334 0.0015625 0.0020833333333333333
0 0.48203125 0.7427083333333333 0.0015625 0.0020833333333333333
0 0.47734375 0.728125 0.0015625 0.0020833333333333333
0 0.47578125 0.721875 0.0015625 0.0020833333333333333
0 0.47109375 0.7010416666666667 0.0015625 0.0020833333333333333
0 0.46953125 0.6947916666666667 0.0015625 0.0020833333333333333
0 0.46640625 0.678125 0.0015625 0.0020833333333333333
0 0.46328125 0.6614583333333334 0.0015625 0.0020833333333333333
0 0.45859375 0.628125 0.0015625 0.0020833333333333333
0 0.45703125 0.615625 0.0015625 0.0020833333333333333
0 0.45390625 0.584375 0.0015625 0.0020833333333333333
0 0.45390625 0.5364583333333334 0.0015625 0.0020833333333333333
0 0.559375 0.49270833333333336 0.00625 0.00625
0 0.571875 0.4895833333333333 0.00625 0.004166666666666667
0 0.59375 0.6864583333333333 0.25625 0.40625
0 0.46796875 0.484375 0.0046875 0.0020833333333333333
0 0.625 0.46041666666666664 0.003125 0.004166666666666667
0 0.81875 0.4270833333333333 0.003125 0.004166666666666667
0 0.19140625 0.4083333333333333 0.0078125 0.016666666666666666
0 0.2125 0.36770833333333336 0.0125 0.010416666666666666
0 0.64453125 0.359375 0.0015625 0.0020833333333333333
0 0.2234375 0.353125 0.003125 0.010416666666666666
0 0.64296875 0.34479166666666666 0.0015625 0.0020833333333333333
0 0.2328125 0.340625 0.009375 0.014583333333333334
0 0.64296875 0.3302083333333333 0.0046875 0.010416666666666666
0 0.63984375 0.3260416666666667 0.0015625 0.0020833333333333333
0 0.63828125 0.31979166666666664 0.0015625 0.0020833333333333333
0 0.2453125 0.3229166666666667 0.009375 0.008333333333333333
0 0.28046875 0.28229166666666666 0.0015625 0.0020833333333333333
0 0.6234375 0.2625 0.00625 0.008333333333333333
0 0.2984375 0.25833333333333336 0.009375 0.0125
0 0.86953125 0.24791666666666667 0.0015625 0.004166666666666667
0 0.61328125 0.246875 0.0015625 0.0020833333333333333
0 0.61796875 0.24895833333333334 0.0046875 0.010416666666666666
0 0.61171875 0.24270833333333333 0.0015625 0.0020833333333333333
0 0.86796875 0.240625 0.0015625 0.0020833333333333333
0 0.640625 0.26666666666666666 0.021875 0.06666666666666667
0 0.6109375 0.23645833333333333 0.00625 0.00625
0 0.31640625 0.23541666666666666 0.0046875 0.004166666666666667
0 0.60546875 0.23020833333333332 0.0015625 0.0020833333333333333
0 0.628125 0.228125 0.003125 0.00625
0 0.60234375 0.22395833333333334 0.0015625 0.0020833333333333333
0 0.6015625 0.21875 0.003125 0.004166666666666667
0 0.59296875 0.20520833333333333 0.0015625 0.0020833333333333333
0 0.59765625 0.203125 0.0015625 0.0020833333333333333
0 0.58984375 0.19895833333333332 0.0015625 0.0020833333333333333
0 0.6 0.16666666666666666 0.00625 0.008333333333333333
0 0.57421875 0.165625 0.0078125 0.010416666666666666
0 0.56796875 0.15520833333333334 0.0015625 0.0020833333333333333
0 0.28203125 0.15520833333333334 0.0015625 0.0020833333333333333
0 0.56796875 0.14895833333333333 0.0046875 0.00625
0 0.56015625 0.13854166666666667 0.0015625 0.0020833333333333333
0 0.240625 0.38125 0.215625 0.49166666666666664
0 0.55859375 0.134375 0.0015625 0.0020833333333333333
0 0.55703125 0.13020833333333334 0.0015625 0.0020833333333333333
0 0.55546875 0.12604166666666666 0.0015625 0.0020833333333333333
0 0.55234375 0.11145833333333334 0.0015625 0.0020833333333333333
0 0.55078125 0.103125 0.0015625 0.0020833333333333333
0 0.82265625 0.09479166666666666 0.0015625 0.0020833333333333333
0 0.84140625 0.30104166666666665 0.2203125 0.46458333333333335
0 0.54609375 0.05520833333333333 0.0015625 0.0020833333333333333
0 0.6296875 0.27395833333333336 0.165625 0.47291666666666665
1 0.26640625 0.9989583333333333 0.0015625 0.0020833333333333333
1 0.48515625 0.9177083333333333 0.0015625 0.0020833333333333333
1 0.47578125 0.9010416666666666 0.0015625 0.0020833333333333333
1 0.9890625 0.94375 0.021875 0.1125
1 0.4640625 0.8260416666666667 0.003125 0.0020833333333333333
1 0.46953125 0.8145833333333333 0.0046875 0.004166666666666667
1 0.16328125 0.634375 0.0015625 0.0020833333333333333
1 0.02421875 0.6354166666666666 0.0015625 0.004166666666666667
1 0.15390625 0.628125 0.0015625 0.0020833333333333333
1 0.16484375 0.6260416666666667 0.0015625 0.0020833333333333333
1 0.17265625 0.625 0.0046875 0.004166666666666667
1 0.16953125 0.6208333333333333 0.0015625 0.004166666666666667
1 0.02109375 0.6208333333333333 0.0015625 0.004166666666666667
1 0.20859375 0.6177083333333333 0.0015625 0.0020833333333333333
1 0.20546875 0.6072916666666667 0.0015625 0.0020833333333333333
1 0.19921875 0.603125 0.0015625 0.0020833333333333333
1 0.19453125 0.6010416666666667 0.0015625 0.0020833333333333333
1 0.034375 0.603125 0.003125 0.00625
1 0.19765625 0.5989583333333334 0.0015625 0.0020833333333333333
1 0.1953125 0.59375 0.003125 0.004166666666666667
1 0.19375 0.5875 0.003125 0.004166666666666667
1 0.21171875 0.55625 0.0015625 0.004166666666666667
1 0.16328125 0.5395833333333333 0.0015625 0.004166666666666667
1 0.16796875 0.534375 0.0015625 0.0020833333333333333
1 0.17109375 0.5333333333333333 0.0015625 0.004166666666666667
1 0.1640625 0.5333333333333333 0.003125 0.004166666666666667
1 0.7546875 0.528125 0.003125 0.0020833333333333333
1 0.71171875 0.528125 0.0015625 0.0020833333333333333
1 0.16484375 0.5270833333333333 0.0015625 0.004166666666666667
1 0.76171875 0.5229166666666667 0.0015625 0.004166666666666667
1 0.71484375 0.521875 0.0046875 0.00625
1 0.1703125 0.521875 0.003125 0.00625
1 0.76328125 0.5177083333333333 0.0015625 0.0020833333333333333
1 0.0796875 0.6916666666666667 0.159375 0.3541666666666667
1 0.72578125 0.5052083333333334 0.0015625 0.0020833333333333333
1 0.76953125 0.5041666666666667 0.0015625 0.004166666666666667
1 0.73203125 0.5010416666666667 0.0015625 0.0020833333333333333
1 0.79453125 0.496875 0.0015625 0.0020833333333333333
1 0.77734375 0.4947916666666667 0.0015625 0.0020833333333333333
1 0.78984375 0.49270833333333336 0.0046875 0.00625
1 0.78125 0.490625 0.003125 0.0020833333333333333
1 0.84921875 0.48854166666666665 0.0015625 0.0020833333333333333
1 0.84453125 0.490625 0.0078125 0.00625
1 0.87109375 0.4864583333333333 0.0015625 0.0020833333333333333
1 0.7921875 0.4864583333333333 0.003125 0.0020833333333333333
1 0.8328125 0.48541666666666666 0.00625 0.004166666666666667
1 0.80078125 0.484375 0.0015625 0.0020833333333333333
1 0.8703125 0.4822916666666667 0.003125 0.0020833333333333333
1 0.82265625 0.48333333333333334 0.0046875 0.004166666666666667
1 0.8109375 0.48333333333333334 0.0125 0.008333333333333333
1 0.19453125 0.46770833333333334 0.0015625 0.0020833333333333333
1 0.75390625 0.465625 0.0015625 0.0020833333333333333
1 0.19921875 0.4666666666666667 0.0046875 0.004166666666666667
1 0.89765625 0.4635416666666667 0.0015625 0.0020833333333333333
1 0.903125 0.4583333333333333 0.003125 0.004166666666666667
1 0.89609375 0.45729166666666665 0.0015625 0.0020833333333333333
1 0.76015625 0.46041666666666664 0.0078125 0.008333333333333333
1 0.1953125 0.45729166666666665 0.003125 0.0020833333333333333
1 0.76875 0.4552083333333333 0.003125 0.0020833333333333333
1 0.775 0.45416666666666666 0.003125 0.004166666666666667
1 0.18671875 0.45625 0.0046875 0.008333333333333333
1 0.77265625 0.4510416666666667 0.0015625 0.0020833333333333333
1 0.78203125 0.44895833333333335 0.0015625 0.00625
1 0.19140625 0.4479166666666667 0.0015625 0.004166666666666667
1 0.79609375 0.44479166666666664 0.0046875 0.0020833333333333333
1 0.20078125 0.4427083333333333 0.0015625 0.0020833333333333333
1 0.90625 0.446875 0.0125 0.014583333333333334
1 0.7921875 0.44166666666666665 0.003125 0.004166666666666667
1 0.80078125 0.43854166666666666 0.0015625 0.0020833333333333333
1 0.80703125 0.43645833333333334 0.0015625 0.0020833333333333333
1 0.00234375 0.41875 0.0046875 0.0125
1 0.93125 0.4125 0.003125 0.008333333333333333
1 0.10390625 0.409375 0.0015625 0.0020833333333333333
1 0.10546875 0.40520833333333334 0.0015625 0.0020833333333333333
1 0.92734375 0.4041666666666667 0.0015625 0.004166666666666667
1 0.828125 0.4041666666666667 0.003125 0.004166666666666667
1 0.00078125 0.40625 0.0015625 0.008333333333333333
1 0.94609375 0.4010416666666667 0.0015625 0.0020833333333333333
1 0.93203125 0.40208333333333335 0.0046875 0.004166666666666667
1 0.22265625 0.4010416666666667 0.0046875 0.0020833333333333333
1 0.20234375 0.4010416666666667 0.0015625 0.0020833333333333333
1 0.10625 0.4 0.003125 0.004166666666666667
1 0.215625 0.39895833333333336 0.003125 0.00625
1 0.20234375 0.396875 0.0015625 0.0020833333333333333
1 0.93203125 0.39479166666666665 0.0015625 0.0020833333333333333
1 0.94609375 0.3885416666666667 0.0015625 0.0020833333333333333
1 0.93828125 0.38645833333333335 0.0015625 0.0020833333333333333
1 0.11328125 0.38645833333333335 0.0015625 0.0020833333333333333
1 0.23828125 0.3854166666666667 0.0046875 0.008333333333333333
1 0.11484375 0.38229166666666664 0.0015625 0.0020833333333333333
1 0.21953125 0.3802083333333333 0.0015625 0.0020833333333333333
1 0.2125 0.38125 0.003125 0.004166666666666667
1 0.94296875 0.3802083333333333 0.0046875 0.010416666666666666
1 0.22421875 0.3770833333333333 0.0046875 0.004166666666666667
1 0.11796875 0.37395833333333334 0.0015625 0.0020833333333333333
1 0.0015625 0.3697916666666667 0.003125 0.0020833333333333333
1 0.85 0.36875 0.003125 0.004166666666666667
1 0.2484375 0.36770833333333336 0.003125 0.0020833333333333333
1 0.05703125 0.36770833333333336 0.0046875 0.0020833333333333333
1 0.84375 0.365625 0.003125 0.0020833333333333333
1 0.23046875 0.365625 0.0015625 0.0020833333333333333
1 0.1203125 0.36770833333333336 0.003125 0.00625
1 0.07734375 0.36666666666666664 0.0046875 0.004166666666666667
1 0.8328125 0.36354166666666665 0.003125 0.0020833333333333333
1 0.82578125 0.36354166666666665 0.0015625 0.0020833333333333333
1 0.23671875 0.3614583333333333 0.0015625 0.0020833333333333333
1 0.12421875 0.359375 0.0015625 0.0020833333333333333
1 0.9484375 0.35208333333333336 0.003125 0.004166666666666667
1 0.090625 0.353125 0.00625 0.00625
1 0.8421875 0.35104166666666664 0.00625 0.00625
1 0.00078125 0.3489583333333333 0.0015625 0.0020833333333333333
1 0.94921875 0.346875 0.0015625 0.0020833333333333333
1 0.24375 0.34791666666666665 0.003125 0.004166666666666667
1 0.85078125 0.34270833333333334 0.0015625 0.0020833333333333333
1 0.85078125 0.3385416666666667 0.0015625 0.0020833333333333333
1 0.86328125 0.334375 0.0015625 0.0020833333333333333
1 0.82578125 0.3416666666666667 0.0015625 0.016666666666666666
1 0.8453125 0.33229166666666665 0.003125 0.0020833333333333333
1 0.82578125 0.32916666666666666 0.0015625 0.004166666666666667
1 0.8390625 0.3260416666666667 0.00625 0.00625
1 0.10703125 0.328125 0.0140625 0.01875
1 0.0671875 0.446875 0.134375 0.2604166666666667
1 0.09921875 0.31875 0.0015625 0.004166666666666667
1 0.26484375 0.32083333333333336 0.0109375 0.0125
1 0.11484375 0.315625 0.0015625 0.0020833333333333333
1 0.13359375 0.309375 0.0015625 0.0020833333333333333
1 0.1171875 0.309375 0.003125 0.0020833333333333333
1 0.99921875 0.30833333333333335 0.0015625 0.004166666666666667
1 0.12578125 0.30416666666666664 0.0046875 0.004166666666666667
1 0.29921875 0.30104166666666665 0.0015625 0.0020833333333333333
1 0.27734375 0.30104166666666665 0.0015625 0.0020833333333333333
1 0.15703125 0.296875 0.0015625 0.0020833333333333333
1 0.15234375 0.296875 0.0015625 0.0020833333333333333
1 0.29453125 0.29270833333333335 0.0046875 0.0020833333333333333
1 0.1140625 0.2947916666666667 0.003125 0.00625
1 0.10546875 0.2916666666666667 0.0046875 0.004166666666666667
1 0.29453125 0.2864583333333333 0.0015625 0.0020833333333333333
1 0.8671875 0.2989583333333333 0.003125 0.03125
1 0.2875 0.2833333333333333 0.003125 0.004166666666666667
1 0.00078125 0.27395833333333336 0.0015625 0.0020833333333333333
1 0.9609375 0.2833333333333333 0.003125 0.029166666666666667
1 0.86796875 0.26979166666666665 0.0015625 0.0020833333333333333
1 0.2984375 0.26979166666666665 0.003125 0.0020833333333333333
1 0.12578125 0.2708333333333333 0.0015625 0.004166666666666667
1 0.31640625 0.2677083333333333 0.0046875 0.0020833333333333333
1 0.30234375 0.2677083333333333 0.0015625 0.0020833333333333333
1 0.00078125 0.26666666666666666 0.0015625 0.004166666666666667
1 0.31640625 0.26145833333333335 0.0015625 0.0020833333333333333
1 0.31328125 0.259375 0.0015625 0.0020833333333333333
1 0.32109375 0.2552083333333333 0.0015625 0.0020833333333333333
1 0.32578125 0.2552083333333333 0.0015625 0.00625
1 0.96796875 0.25104166666666666 0.0015625 0.0020833333333333333
1 0.96484375 0.25833333333333336 0.0046875 0.016666666666666666
1 0.31953125 0.25104166666666666 0.0015625 0.0020833333333333333
1 0.190625 0.24270833333333333 0.003125 0.00625
1 0.32578125 0.23645833333333333 0.0015625 0.0020833333333333333
1 0.32265625 0.23645833333333333 0.0015625 0.0020833333333333333
1 0.99921875 0.234375 0.0015625 0.0020833333333333333
1 0.32734375 0.23229166666666667 0.0015625 0.0020833333333333333
1 0.3421875 0.23125 0.003125 0.004166666666666667
1 0.3375 0.22708333333333333 0.003125 0.004166666666666667
1 0.9984375 0.21875 0.003125 0.004166666666666667
1 0.8515625 0.21875 0.00625 0.016666666666666666
1 0.95078125 0.203125 0.0015625 0.0020833333333333333
1 0.94765625 0.203125 0.0015625 0.0020833333333333333
1 0.35078125 0.19479166666666667 0.0015625 0.0020833333333333333
1 0.94765625 0.19166666666666668 0.0046875 0.016666666666666666
1 0.98046875 0.165625 0.0015625 0.0020833333333333333
1 0.99453125 0.15104166666666666 0.0015625 0.0020833333333333333
1 0.9859375 0.15208333333333332 0.003125 0.004166666666666667
1 0.97578125 0.14895833333333333 0.0015625 0.0020833333333333333
1 0.9390625 0.16458333333333333 0.0125 0.03333333333333333
1 0.8359375 0.17395833333333333 0.01875 0.052083333333333336
1 0.28984375 0.14479166666666668 0.0015625 0.0020833333333333333
1 0.94921875 0.15 0.0046875 0.016666666666666666
1 0.92734375 0.14375 0.0015625 0.004166666666666667
1 0.29296875 0.14270833333333333 0.0015625 0.0020833333333333333
1 0.35 0.140625 0.003125 0.00625
1 0.28984375 0.13854166666666667 0.0046875 0.0020833333333333333
1 0.825 0.13854166666666667 0.003125 0.00625
1 0.92265625 0.134375 0.0015625 0.0020833333333333333
1 0.00234375 0.13541666666666666 0.0046875 0.004166666666666667
1 0.00078125 0.13020833333333334 0.0015625 0.0020833333333333333
1 0.01015625 0.125 0.0109375 0.020833333333333332
1 0.91328125 0.1125 0.0015625 0.004166666666666667
1 0.91171875 0.10729166666666666 0.0015625 0.0020833333333333333
1 0.896875 0.09791666666666667 0.003125 0.004166666666666667
1 0.89140625 0.0875 0.0046875 0.004166666666666667
1 0.88671875 0.08645833333333333 0.0015625 0.0020833333333333333
1 0.9890625 0.125 0.021875 0.08333333333333333
1 0.815625 0.08333333333333333 0.00625 0.008333333333333333
1 0.89375 0.075 0.003125 0.004166666666666667
1 0.8796875 0.07604166666666666 0.003125 0.00625
1 0.828125 0.07291666666666667 0.003125 0.004166666666666667
1 0.98125 0.00625 0.003125 0.004166666666666667
1 0.9875 0.003125 0.003125 0.00625
1 0.5 0.5 1.0 1.0
