0 0.44921875 0.6635416666666667 0.0015625 0.0020833333333333333
0 0.54921875 0.4166666666666667 0.0015625 0.004166666666666667
0 0.52734375 0.40520833333333334 0.0046875 0.010416666666666666
0 0.5625 0.403125 0.009375 0.010416666666666666
0 0.56328125 0.3885416666666667 0.0015625 0.0020833333333333333
0 0.57890625 0.3697916666666667 0.0046875 0.0020833333333333333
0 0.5515625 0.371875 0.003125 0.00625
0 0.91640625 0.36770833333333336 0.0046875 0.010416666666666666
0 0.50234375 0.36354166666666665 0.0015625 0.0020833333333333333
0 0.50390625 0.35520833333333335 0.0015625 0.0020833333333333333
0 0.609375 0.35520833333333335 0.015625 0.010416666666666666
0 0.52265625 0.35625 0.0046875 0.020833333333333332
0 0.92421875 0.33645833333333336 0.0015625 0.0020833333333333333
0 0.63359375 0.334375 0.0015625 0.0020833333333333333
0 0.6015625 0.33645833333333336 0.009375 0.00625
0 0.64296875 0.33229166666666665 0.0015625 0.0020833333333333333
0 0.53828125 0.32916666666666666 0.0046875 0.008333333333333333
0 0.53125 0.32916666666666666 0.00625 0.008333333333333333
0 0.61875 0.31979166666666664 0.01875 0.03958333333333333
0 0.54296875 0.3020833333333333 0.0109375 0.008333333333333333
0 0.56171875 0.2833333333333333 0.0265625 0.020833333333333332
0 0.5796875 0.26145833333333335 0.00625 0.00625
0 0.58984375 0.253125 0.0015625 0.0020833333333333333
0 0.915625 0.228125 0.003125 0.00625
0 0.62265625 0.221875 0.0015625 0.0020833333333333333
0 0.72109375 0.26875 0.2578125 0.125
0 0.80546875 0.20520833333333333 0.0046875 0.0020833333333333333
0 0.90703125 0.20416666666666666 0.0015625 0.004166666666666667
0 0.78515625 0.19895833333333332 0.0015625 0.0020833333333333333
0 0.79296875 0.19791666666666666 0.0109375 0.008333333333333333
0 0.76328125 0.190625 0.0015625 0.0020833333333333333
0 0.88203125 0.16354166666666667 0.0015625 0.0020833333333333333
1 0.428125 0.9989583333333333 0.003125 0.0020833333333333333
1 0.42421875 0.9979166666666667 0.0015625 0.004166666666666667
1 0.42890625 0.99375 0.0015625 0.004166666666666667
1 0.38671875 0.9947916666666666 0.0109375 0.010416666666666666
1 0.43515625 0.9916666666666667 0.0046875 0.016666666666666666
1 0.41875 0.984375 0.003125 0.0020833333333333333
1 0.40078125 0.9885416666666667 0.0046875 0.010416666666666666
1 0.39765625 0.984375 0.0015625 0.0020833333333333333
1 0.42421875 0.975 0.0046875 0.016666666666666666
1 0.41640625 0.971875 0.0046875 0.010416666666666666
1 0.40390625 0.971875 0.0078125 0.010416666666666666
1 0.43671875 0.959375 0.0015625 0.0020833333333333333
1 0.39921875 0.9489583333333333 0.0015625 0.0020833333333333333
1 0.421875 0.9385416666666667 0.003125 0.00625
1 0.409375 0.9260416666666667 0.00625 0.014583333333333334
1 0.39765625 0.915625 0.0015625 0.010416666666666666
1 0.4015625 0.8895833333333333 0.00625 0.008333333333333333
1 0.4015625 0.8822916666666667 0.003125 0.0020833333333333333
1 0.3765625 0.8791666666666667 0.003125 0.008333333333333333
1 0.62890625 0.665625 0.0015625 0.0020833333333333333
1 0.6015625 0.6614583333333334 0.003125 0.0020833333333333333
1 0.59609375 0.6572916666666667 0.0015625 0.0020833333333333333
1 0.59296875 0.6552083333333333 0.0015625 0.0020833333333333333
1 0.58828125 0.653125 0.0015625 0.0020833333333333333
1 0.584375 0.65 0.003125 0.004166666666666667
1 0.58046875 0.646875 0.0015625 0.0020833333333333333
1 0.57734375 0.6447916666666667 0.0015625 0.0020833333333333333
1 0.65234375 0.615625 0.0015625 0.0020833333333333333
1 0.71953125 0.584375 0.0140625 0.014583333333333334
1 0.71875 0.5770833333333333 0.003125 0.004166666666666667
1 0.728125 0.5729166666666666 0.003125 0.008333333333333333
1 0.67109375 0.571875 0.0046875 0.010416666666666666
1 0.3234375 0.7833333333333333 0.1125 0.43333333333333335
1 0.79765625 0.5635416666666667 0.0015625 0.0020833333333333333
1 0.7734375 0.5666666666666667 0.00625 0.008333333333333333
1 0.76328125 0.5645833333333333 0.0046875 0.004166666666666667
1 0.77578125 0.55625 0.0015625 0.004166666666666667
1 0.71875 0.5510416666666667 0.003125 0.0020833333333333333
1 0.78671875 0.559375 0.0140625 0.022916666666666665
1 0.64765625 0.5489583333333333 0.0046875 0.00625
1 0.86875 0.7677083333333333 0.028125 0.46458333333333335
1 0.71953125 0.5385416666666667 0.0078125 0.010416666666666666
1 0.6734375 0.5322916666666667 0.003125 0.0020833333333333333
1 0.71640625 0.5239583333333333 0.0015625 0.0020833333333333333
1 0.721875 0.525 0.003125 0.008333333333333333
1 0.71484375 0.5197916666666667 0.0015625 0.0020833333333333333
1 0.78046875 0.5208333333333334 0.0078125 0.008333333333333333
1 0.765625 0.5229166666666667 0.01875 0.0125
1 0.70546875 0.5177083333333333 0.0109375 0.010416666666666666
1 0.85234375 0.503125 0.0015625 0.0020833333333333333
1 0.51328125 0.496875 0.0015625 0.0020833333333333333
1 0.88828125 0.49583333333333335 0.0078125 0.008333333333333333
1 0.89765625 0.4791666666666667 0.0015625 0.004166666666666667
1 0.70234375 0.459375 0.0015625 0.0020833333333333333
1 0.32890625 0.4583333333333333 0.0015625 0.004166666666666667
1 0.33203125 0.453125 0.0015625 0.0020833333333333333
1 0.33359375 0.44895833333333335 0.0015625 0.0020833333333333333
1 0.7171875 0.4395833333333333 0.021875 0.029166666666666667
1 0.89765625 0.403125 0.0015625 0.0020833333333333333
1 0.32109375 0.4739583333333333 0.0671875 0.16875
1 0.87109375 0.39375 0.0078125 0.0125
1 0.34921875 0.384375 0.0015625 0.0020833333333333333
1 0.75078125 0.371875 0.0015625 0.00625
1 0.3625 0.38333333333333336 0.0125 0.029166666666666667
1 0.90546875 0.35104166666666664 0.0015625 0.0020833333333333333
1 0.3828125 0.35208333333333336 0.003125 0.004166666666666667
1 0.89140625 0.34791666666666665 0.0046875 0.004166666666666667
1 0.37890625 0.35 0.0078125 0.008333333333333333
1 0.771875 0.33125 0.003125 0.004166666666666667
1 0.88515625 0.325 0.0015625 0.004166666666666667
1 0.78671875 0.32083333333333336 0.0078125 0.008333333333333333
1 0.40859375 0.31875 0.0296875 0.041666666666666664
1 0.89765625 0.296875 0.0015625 0.0020833333333333333
1 0.890625 0.29791666666666666 0.00625 0.004166666666666667
1 0.81953125 0.290625 0.0015625 0.0020833333333333333
1 0.42734375 0.28020833333333334 0.0015625 0.0020833333333333333
1 0.44296875 0.2760416666666667 0.0046875 0.00625
1 0.44765625 0.271875 0.0015625 0.0020833333333333333
1 0.55078125 0.2677083333333333 0.0015625 0.0020833333333333333
1 0.43203125 0.28020833333333334 0.0171875 0.027083333333333334
1 0.90859375 0.2635416666666667 0.0046875 0.00625
1 0.9 0.2520833333333333 0.00625 0.004166666666666667
1 0.47109375 0.246875 0.0015625 0.0020833333333333333
1 0.57578125 0.24479166666666666 0.0015625 0.0020833333333333333
1 0.47421875 0.24479166666666666 0.0015625 0.0020833333333333333
1 0.45390625 0.25104166666666666 0.0109375 0.014583333333333334
1 0.48203125 0.23854166666666668 0.0015625 0.0020833333333333333
1 0.58828125 0.234375 0.0015625 0.0020833333333333333
1 0.50546875 0.221875 0.0015625 0.0020833333333333333
1 0.50859375 0.21979166666666666 0.0015625 0.0020833333333333333
1 0.51171875 0.21770833333333334 0.0015625 0.0020833333333333333
1 0.5171875 0.215625 0.003125 0.0020833333333333333
1 0.52265625 0.2125 0.0046875 0.004166666666666667
1 0.5359375 0.20520833333333333 0.003125 0.0020833333333333333
1 0.8921875 0.2125 0.0125 0.020833333333333332
1 0.8328125 0.203125 0.01875 0.010416666666666666
1 0.87265625 0.19583333333333333 0.0046875 0.008333333333333333
1 0.84609375 0.19583333333333333 0.0046875 0.008333333333333333
1 0.85078125 0.18541666666666667 0.0046875 0.008333333333333333
1 0.85546875 0.17604166666666668 0.0015625 0.0020833333333333333
1 0.86328125 0.15729166666666666 0.0015625 0.0020833333333333333
