0 0.63671875 0.934375 0.0015625 0.0020833333333333333
0 0.62890625 0.9177083333333333 0.0078125 0.01875
0 0.63359375 0.8958333333333334 0.0046875 0.008333333333333333
0 0.65390625 0.7229166666666667 0.0015625 0.004166666666666667
0 0.90390625 0.7135416666666666 0.0046875 0.010416666666666666
0 0.76796875 0.6947916666666667 0.0015625 0.0020833333333333333
0 0.77734375 0.6947916666666667 0.0140625 0.010416666666666666
0 0.76328125 0.6885416666666667 0.0015625 0.0020833333333333333
0 0.76171875 0.684375 0.0015625 0.0020833333333333333
0 0.78359375 0.6677083333333333 0.0015625 0.0020833333333333333
0 0.67421875 0.665625 0.0015625 0.0020833333333333333
0 0.6265625 0.6625 0.00625 0.008333333333333333
0 0.86015625 0.6552083333333333 0.0015625 0.0020833333333333333
0 0.63359375 0.6489583333333333 0.0078125 0.014583333333333334
0 0.68984375 0.6239583333333333 0.0015625 0.0020833333333333333
0 0.6515625 0.615625 0.003125 0.00625
0 0.6609375 0.6020833333333333 0.003125 0.004166666666666667
0 0.69921875 0.584375 0.0015625 0.0020833333333333333
0 0.69296875 0.590625 0.0046875 0.01875
0 0.60703125 0.49270833333333336 0.0015625 0.0020833333333333333
0 0.62265625 0.27395833333333336 0.0015625 0.0020833333333333333
0 0.63203125 0.5770833333333333 0.5921875 0.65
1 0.69375 0.9989583333333333 0.00625 0.0020833333333333333
1 0.7 0.996875 0.003125 0.0020833333333333333
1 0.71953125 0.996875 0.0046875 0.00625
1 0.69609375 0.9947916666666666 0.0015625 0.0020833333333333333
1 0.690625 0.9947916666666666 0.003125 0.0020833333333333333
1 0.68515625 0.990625 0.0046875 0.00625
1 0.67890625 0.9864583333333333 0.0015625 0.0020833333333333333
1 0.67578125 0.984375 0.0015625 0.0020833333333333333
1 0.6671875 0.984375 0.003125 0.0020833333333333333
1 0.71484375 0.9822916666666667 0.0015625 0.0020833333333333333
1 0.67265625 0.9864583333333333 0.0078125 0.010416666666666666
1 0.66328125 0.9822916666666667 0.0015625 0.0020833333333333333
1 0.66953125 0.9802083333333333 0.0015625 0.0020833333333333333
1 0.66484375 0.9760416666666667 0.0015625 0.0020833333333333333
1 0.6609375 0.9729166666666667 0.003125 0.004166666666666667
1 0.65625 0.975 0.00625 0.008333333333333333
1 0.7171875 0.978125 0.00625 0.01875
1 0.8625 0.9833333333333333 0.025 0.03333333333333333
1 0.2375 0.9833333333333333 0.025 0.03333333333333333
1 0.715625 0.9666666666666667 0.003125 0.004166666666666667
1 0.71171875 0.965625 0.0015625 0.0020833333333333333
1 0.7078125 0.965625 0.003125 0.0020833333333333333
1 0.62890625 0.965625 0.0015625 0.0020833333333333333
1 0.69140625 0.959375 0.0015625 0.0020833333333333333
1 0.653125 0.9645833333333333 0.009375 0.0125
1 0.70078125 0.9614583333333333 0.0078125 0.010416666666666666
1 0.6765625 0.9583333333333334 0.003125 0.004166666666666667
1 0.64453125 0.9583333333333334 0.0046875 0.008333333333333333
1 0.6390625 0.953125 0.003125 0.00625
1 0.68671875 0.946875 0.0265625 0.014583333333333334
1 0.68671875 0.9385416666666667 0.0015625 0.0020833333333333333
1 0.6640625 0.9447916666666667 0.0125 0.01875
1 0.6265625 0.940625 0.00625 0.010416666666666666
1 0.62421875 0.9322916666666666 0.0015625 0.0020833333333333333
1 0.61015625 0.93125 0.0078125 0.004166666666666667
1 0.6734375 0.9291666666666667 0.00625 0.004166666666666667
1 0.6234375 0.928125 0.003125 0.0020833333333333333
1 0.61953125 0.928125 0.0015625 0.0020833333333333333
1 0.65703125 0.9239583333333333 0.0015625 0.0020833333333333333
1 0.9625 0.9604166666666667 0.075 0.07916666666666666
1 0.6015625 0.9177083333333333 0.00625 0.0020833333333333333
1 0.65546875 0.9166666666666666 0.0078125 0.008333333333333333
1 0.65078125 0.9114583333333334 0.0015625 0.0020833333333333333
1 0.4453125 0.9385416666666667 0.059375 0.05625
1 0.6140625 0.9125 0.00625 0.008333333333333333
1 0.60546875 0.9072916666666667 0.0015625 0.0020833333333333333
1 0.64609375 0.9052083333333333 0.0015625 0.0020833333333333333
1 0.825 0.9333333333333333 0.05 0.06666666666666667
1 0.6640625 0.9020833333333333 0.003125 0.004166666666666667
1 0.98828125 0.9 0.0234375 0.008333333333333333
1 0.97578125 0.8916666666666667 0.0015625 0.004166666666666667
1 0.65078125 0.8885416666666667 0.0015625 0.0020833333333333333
1 0.64453125 0.8875 0.0015625 0.004166666666666667
1 0.63671875 0.8864583333333333 0.0015625 0.0020833333333333333
1 0.59140625 0.8895833333333333 0.0078125 0.008333333333333333
1 0.58515625 0.8833333333333333 0.0015625 0.004166666666666667
1 0.575 0.8770833333333333 0.003125 0.004166666666666667
1 0.646875 0.875 0.003125 0.004166666666666667
1 0.6359375 0.8708333333333333 0.003125 0.004166666666666667
1 0.54765625 0.8677083333333333 0.0015625 0.0020833333333333333
1 0.56015625 0.865625 0.0015625 0.0020833333333333333
1 0.55390625 0.8614583333333333 0.0015625 0.0020833333333333333
1 0.5390625 0.8635416666666667 0.003125 0.00625
1 0.54453125 0.8635416666666667 0.0046875 0.010416666666666666
1 0.54921875 0.8552083333333333 0.0015625 0.0020833333333333333
1 0.6671875 0.8510416666666667 0.003125 0.0020833333333333333
1 0.5453125 0.85 0.003125 0.004166666666666667
1 0.62109375 0.846875 0.0015625 0.0020833333333333333
1 0.53046875 0.846875 0.0015625 0.0020833333333333333
1 0.68671875 0.834375 0.0015625 0.0020833333333333333
1 0.53515625 0.8375 0.0078125 0.008333333333333333
1 0.4421875 0.8510416666666667 0.015625 0.035416666666666666
1 0.62265625 0.8322916666666667 0.0015625 0.0020833333333333333
1 0.52421875 0.8322916666666667 0.0015625 0.0020833333333333333
1 0.7140625 0.8302083333333333 0.009375 0.00625
1 0.6390625 0.846875 0.03125 0.03958333333333333
1 0.52421875 0.828125 0.0015625 0.0020833333333333333
1 0.528125 0.8291666666666667 0.003125 0.008333333333333333
1 0.69765625 0.8239583333333333 0.0015625 0.0020833333333333333
1 0.640625 0.8239583333333333 0.003125 0.0020833333333333333
1 0.52421875 0.8239583333333333 0.0015625 0.0020833333333333333
1 0.53046875 0.821875 0.0015625 0.00625
1 0.70859375 0.8177083333333334 0.0015625 0.0020833333333333333
1 0.7125 0.8145833333333333 0.003125 0.004166666666666667
1 0.52890625 0.8135416666666667 0.0015625 0.0020833333333333333
1 0.7171875 0.8114583333333333 0.003125 0.0020833333333333333
1 0.72265625 0.8135416666666667 0.0078125 0.022916666666666665
1 0.73515625 0.8010416666666667 0.0015625 0.0020833333333333333
1 0.4078125 0.85 0.034375 0.1
1 0.9484375 0.8 0.00625 0.004166666666666667
1 0.628125 0.8083333333333333 0.00625 0.020833333333333332
1 0.73671875 0.7958333333333333 0.0015625 0.004166666666666667
1 0.72265625 0.7947916666666667 0.0015625 0.0020833333333333333
1 0.9328125 0.7947916666666667 0.003125 0.00625
1 0.49921875 0.7927083333333333 0.0015625 0.0020833333333333333
1 0.93515625 0.784375 0.0015625 0.0020833333333333333
1 0.9390625 0.7833333333333333 0.003125 0.004166666666666667
1 0.62578125 0.7802083333333333 0.0015625 0.01875
1 0.74921875 0.7770833333333333 0.0046875 0.016666666666666666
1 0.91171875 0.7677083333333333 0.0015625 0.0020833333333333333
1 0.75078125 0.7677083333333333 0.0015625 0.0020833333333333333
1 0.63046875 0.7677083333333333 0.0015625 0.0020833333333333333
1 0.62578125 0.7677083333333333 0.0015625 0.0020833333333333333
1 0.94609375 0.765625 0.0015625 0.0020833333333333333
1 0.91953125 0.7666666666666667 0.0015625 0.004166666666666667
1 0.73828125 0.7635416666666667 0.0015625 0.0020833333333333333
1 0.91796875 0.7614583333333333 0.0015625 0.0020833333333333333
1 0.94140625 0.7625 0.0015625 0.008333333333333333
1 0.91015625 0.759375 0.0015625 0.0020833333333333333
1 0.75390625 0.7552083333333334 0.0015625 0.0020833333333333333
1 0.94140625 0.753125 0.0015625 0.0020833333333333333
1 0.91328125 0.7552083333333334 0.0046875 0.00625
1 0.759375 0.759375 0.015625 0.01875
1 0.74609375 0.7552083333333334 0.0078125 0.010416666666666666
1 0.6390625 0.75 0.003125 0.004166666666666667
1 0.51484375 0.7489583333333333 0.0015625 0.0020833333333333333
1 0.76015625 0.746875 0.0015625 0.0020833333333333333
1 0.75703125 0.7489583333333333 0.0046875 0.00625
1 0.74765625 0.7458333333333333 0.0046875 0.004166666666666667
1 0.64140625 0.7427083333333333 0.0015625 0.0020833333333333333
1 0.51484375 0.7416666666666667 0.0015625 0.004166666666666667
1 0.753125 0.7375 0.003125 0.004166666666666667
1 0.62734375 0.734375 0.0015625 0.0020833333333333333
1 0.50859375 0.7427083333333333 0.0015625 0.01875
1 0.4875 0.7770833333333333 0.075 0.0875
1 0.76796875 0.7322916666666667 0.0015625 0.0020833333333333333
1 0.64140625 0.7322916666666667 0.0015625 0.0020833333333333333
1 0.6375 0.7354166666666667 0.003125 0.008333333333333333
1 0.78203125 0.728125 0.0015625 0.0020833333333333333
1 0.64609375 0.7291666666666666 0.0015625 0.004166666666666667
1 0.93828125 0.725 0.0015625 0.004166666666666667
1 0.51484375 0.728125 0.0015625 0.010416666666666666
1 0.934375 0.71875 0.003125 0.004166666666666667
1 0.94375 0.7208333333333333 0.003125 0.016666666666666666
1 0.93359375 0.7135416666666666 0.0015625 0.0020833333333333333
1 0.50859375 0.7166666666666667 0.0015625 0.008333333333333333
1 0.79453125 0.7125 0.0015625 0.004166666666666667
1 0.94140625 0.709375 0.0015625 0.0020833333333333333
1 0.93203125 0.709375 0.0015625 0.0020833333333333333
1 0.62265625 0.7104166666666667 0.0015625 0.004166666666666667
1 0.64921875 0.7072916666666667 0.0015625 0.0020833333333333333
1 0.85703125 0.7010416666666667 0.0078125 0.0020833333333333333
1 0.62578125 0.703125 0.0015625 0.010416666666666666
1 0.50078125 0.7083333333333334 0.0046875 0.020833333333333332
1 0.8375 0.7645833333333333 0.125 0.1375
1 0.81875 0.6989583333333333 0.003125 0.00625
1 0.8578125 0.6947916666666667 0.003125 0.0020833333333333333
1 0.85078125 0.6927083333333334 0.0015625 0.0020833333333333333
1 0.6296875 0.69375 0.00625 0.004166666666666667
1 0.50234375 0.6927083333333334 0.0015625 0.0020833333333333333
1 0.88203125 0.690625 0.0015625 0.0020833333333333333
1 0.840625 0.6916666666666667 0.003125 0.004166666666666667
1 0.646875 0.6916666666666667 0.00625 0.004166666666666667
1 0.6375 0.690625 0.00625 0.00625
1 0.88046875 0.6864583333333333 0.0015625 0.0020833333333333333
1 0.86328125 0.6864583333333333 0.0015625 0.0020833333333333333
1 0.62734375 0.6864583333333333 0.0015625 0.0020833333333333333
1 0.50859375 0.6895833333333333 0.0015625 0.008333333333333333
1 0.65546875 0.684375 0.0015625 0.0020833333333333333
1 0.65078125 0.6854166666666667 0.0015625 0.004166666666666667
1 0.84765625 0.684375 0.0046875 0.00625
1 0.63203125 0.6833333333333333 0.0046875 0.004166666666666667
1 0.64296875 0.678125 0.0015625 0.0020833333333333333
1 0.50859375 0.6802083333333333 0.0015625 0.00625
1 0.91796875 0.678125 0.0046875 0.00625
1 0.85546875 0.6791666666666667 0.0046875 0.008333333333333333
1 0.92109375 0.6739583333333333 0.0015625 0.0020833333333333333
1 0.8578125 0.6739583333333333 0.003125 0.0020833333333333333
1 0.91484375 0.671875 0.0015625 0.0020833333333333333
1 0.52109375 0.6760416666666667 0.0046875 0.010416666666666666
1 0.64921875 0.6697916666666667 0.0015625 0.0020833333333333333
1 0.6453125 0.671875 0.003125 0.00625
1 0.65234375 0.6677083333333333 0.0015625 0.0020833333333333333
1 0.91796875 0.6635416666666667 0.0015625 0.0020833333333333333
1 0.66484375 0.6645833333333333 0.0015625 0.004166666666666667
1 0.91328125 0.6614583333333334 0.0046875 0.00625
1 0.63828125 0.659375 0.0015625 0.0020833333333333333
1 0.77109375 0.665625 0.0171875 0.01875
1 0.92109375 0.6552083333333333 0.0015625 0.0020833333333333333
1 0.91015625 0.6552083333333333 0.0015625 0.0020833333333333333
1 0.67109375 0.6427083333333333 0.0015625 0.0020833333333333333
1 0.66328125 0.6427083333333333 0.0015625 0.0020833333333333333
1 0.6515625 0.64375 0.003125 0.004166666666666667
1 0.64765625 0.6427083333333333 0.0015625 0.0020833333333333333
1 0.66484375 0.6385416666666667 0.0015625 0.0020833333333333333
1 0.9625 0.7 0.075 0.13333333333333333
1 0.66796875 0.634375 0.0015625 0.0020833333333333333
1 0.52890625 0.634375 0.0015625 0.0020833333333333333
1 0.90625 0.6385416666666667 0.003125 0.014583333333333334
1 0.65390625 0.628125 0.0015625 0.0020833333333333333
1 0.66015625 0.6260416666666667 0.0015625 0.0020833333333333333
1 0.67421875 0.6239583333333333 0.0015625 0.0020833333333333333
1 0.67109375 0.6239583333333333 0.0015625 0.0020833333333333333
1 0.53203125 0.6197916666666666 0.0015625 0.0020833333333333333
1 0.534375 0.6135416666666667 0.003125 0.00625
1 0.67109375 0.603125 0.0015625 0.0020833333333333333
1 0.45078125 0.6458333333333334 0.0515625 0.09166666666666666
1 0.19609375 0.6177083333333333 0.0078125 0.035416666666666666
1 0.1578125 0.7833333333333333 0.134375 0.36666666666666664
1 0.5296875 0.603125 0.003125 0.010416666666666666
1 0.2171875 0.615625 0.015625 0.035416666666666666
1 0.5359375 0.59375 0.003125 0.008333333333333333
1 0.54296875 0.5895833333333333 0.0015625 0.004166666666666667
1 0.52421875 0.5875 0.0015625 0.004166666666666667
1 0.52734375 0.584375 0.0015625 0.0020833333333333333
1 0.54765625 0.5802083333333333 0.0015625 0.0020833333333333333
1 0.54921875 0.5760416666666667 0.0015625 0.0020833333333333333
1 0.53203125 0.58125 0.0078125 0.0125
1 0.89609375 0.5739583333333333 0.0015625 0.0020833333333333333
1 0.55234375 0.571875 0.0015625 0.0020833333333333333
1 0.89609375 0.5666666666666667 0.0015625 0.008333333333333333
1 0.89296875 0.5604166666666667 0.0015625 0.004166666666666667
1 0.88828125 0.5510416666666667 0.0015625 0.0020833333333333333
1 0.89765625 0.5427083333333333 0.0015625 0.0020833333333333333
1 0.56171875 0.546875 0.0078125 0.010416666666666666
1 0.55390625 0.5447916666666667 0.0015625 0.00625
1 0.78828125 0.5385416666666667 0.0015625 0.0020833333333333333
1 0.89453125 0.5364583333333334 0.0015625 0.0020833333333333333
1 0.89609375 0.5322916666666667 0.0015625 0.0020833333333333333
1 0.88046875 0.5322916666666667 0.0015625 0.0020833333333333333
1 0.87578125 0.528125 0.0015625 0.0020833333333333333
1 0.80234375 0.528125 0.0015625 0.0020833333333333333
1 0.875 0.5229166666666667 0.003125 0.004166666666666667
1 0.87109375 0.521875 0.0015625 0.0020833333333333333
1 0.865625 0.5197916666666667 0.003125 0.0020833333333333333
1 0.86171875 0.5177083333333333 0.0015625 0.0020833333333333333
1 0.8578125 0.515625 0.003125 0.0020833333333333333
1 0.81484375 0.515625 0.0015625 0.0020833333333333333
1 0.79140625 0.5177083333333333 0.0015625 0.00625
1 0.85390625 0.5135416666666667 0.0015625 0.0020833333333333333
1 0.84765625 0.5114583333333333 0.0015625 0.0020833333333333333
1 0.8265625 0.5114583333333333 0.003125 0.0020833333333333333
1 0.84453125 0.509375 0.0015625 0.0020833333333333333
1 0.83125 0.509375 0.003125 0.0020833333333333333
1 0.80390625 0.5072916666666667 0.0015625 0.0020833333333333333
1 0.79921875 0.5083333333333333 0.0015625 0.004166666666666667
1 0.87265625 0.5052083333333334 0.0015625 0.0020833333333333333
1 0.85390625 0.5052083333333334 0.0078125 0.0020833333333333333
1 0.59140625 0.5052083333333334 0.0015625 0.0020833333333333333
1 0.9109375 0.575 0.028125 0.15
1 0.81875 0.5020833333333333 0.003125 0.004166666666666667
1 0.80546875 0.5010416666666667 0.0015625 0.0020833333333333333
1 0.86796875 0.5010416666666667 0.0046875 0.00625
1 0.79140625 0.5 0.0015625 0.004166666666666667
1 0.59453125 0.5 0.0015625 0.004166666666666667
1 0.58984375 0.49895833333333334 0.0015625 0.0020833333333333333
1 0.81171875 0.4979166666666667 0.0046875 0.004166666666666667
1 0.81875 0.49375 0.00625 0.004166666666666667
1 0.6 0.49270833333333336 0.003125 0.0020833333333333333
1 0.60390625 0.490625 0.0015625 0.0020833333333333333
1 0.796875 0.4895833333333333 0.003125 0.004166666666666667
1 0.81875 0.4864583333333333 0.003125 0.0020833333333333333
1 0.80546875 0.48333333333333334 0.0015625 0.004166666666666667
1 0.821875 0.4739583333333333 0.003125 0.0020833333333333333
1 0.60078125 0.471875 0.0046875 0.0020833333333333333
1 0.60546875 0.46979166666666666 0.0015625 0.0020833333333333333
1 0.6203125 0.46770833333333334 0.003125 0.0020833333333333333
1 0.2125 0.5166666666666667 0.025 0.1
1 0.62578125 0.465625 0.0015625 0.0020833333333333333
1 0.82578125 0.46145833333333336 0.0015625 0.0020833333333333333
1 0.82109375 0.46145833333333336 0.0015625 0.0020833333333333333
1 0.63203125 0.4552083333333333 0.0015625 0.0020833333333333333
1 0.615625 0.459375 0.015625 0.010416666666666666
1 0.83046875 0.45625 0.0046875 0.008333333333333333
1 0.63515625 0.453125 0.0015625 0.0020833333333333333
1 0.60234375 0.4583333333333333 0.0078125 0.0125
1 0.62578125 0.4510416666666667 0.0015625 0.0020833333333333333
1 0.63046875 0.44895833333333335 0.0015625 0.0020833333333333333
1 0.77734375 0.446875 0.0046875 0.00625
1 0.8359375 0.47291666666666665 0.028125 0.06666666666666667
1 0.6078125 0.44166666666666665 0.003125 0.0125
1 0.8421875 0.4354166666666667 0.003125 0.004166666666666667
1 0.590625 0.434375 0.003125 0.0020833333333333333
1 0.58203125 0.434375 0.0046875 0.0020833333333333333
1 0.59296875 0.43020833333333336 0.0015625 0.0020833333333333333
1 0.784375 0.43125 0.009375 0.008333333333333333
1 0.57734375 0.428125 0.0015625 0.0020833333333333333
1 0.559375 0.428125 0.003125 0.0020833333333333333
1 0.54140625 0.428125 0.0015625 0.0020833333333333333
1 0.52890625 0.428125 0.0015625 0.0020833333333333333
1 0.58828125 0.42604166666666665 0.0015625 0.0020833333333333333
1 0.54453125 0.42604166666666665 0.0015625 0.0020833333333333333
1 0.56484375 0.4239583333333333 0.0015625 0.0020833333333333333
1 0.97578125 0.4197916666666667 0.0015625 0.0020833333333333333
1 0.57578125 0.4197916666666667 0.0015625 0.0020833333333333333
1 0.56015625 0.4197916666666667 0.0015625 0.0020833333333333333
1 0.56875 0.415625 0.00625 0.0020833333333333333
1 0.54609375 0.41354166666666664 0.0046875 0.0020833333333333333
1 0.99765625 0.409375 0.0015625 0.0020833333333333333
1 0.97734375 0.4114583333333333 0.0046875 0.00625
1 0.55546875 0.409375 0.0015625 0.0020833333333333333
1 0.52890625 0.4125 0.0109375 0.008333333333333333
1 0.9953125 0.41458333333333336 0.009375 0.016666666666666666
1 0.53359375 0.40520833333333334 0.0015625 0.0020833333333333333
1 0.99375 0.40208333333333335 0.003125 0.004166666666666667
1 0.50859375 0.4010416666666667 0.0046875 0.0020833333333333333
1 0.45390625 0.4010416666666667 0.0015625 0.0020833333333333333
1 0.859375 0.4322916666666667 0.03125 0.06875
1 0.5015625 0.396875 0.003125 0.0020833333333333333
1 0.49453125 0.396875 0.0046875 0.0020833333333333333
1 0.5 0.5354166666666667 0.153125 0.2791666666666667
1 0.47421875 0.39375 0.0015625 0.004166666666666667
1 0.98046875 0.390625 0.0015625 0.0020833333333333333
1 0.85078125 0.3927083333333333 0.0015625 0.00625
1 0.4625 0.39479166666666665 0.0125 0.010416666666666666
1 0.45234375 0.390625 0.0015625 0.0020833333333333333
1 0.40078125 0.390625 0.0015625 0.0020833333333333333
1 0.3875 0.4114583333333333 0.025 0.04375
1 0.42109375 0.3885416666666667 0.0078125 0.0020833333333333333
1 0.4109375 0.390625 0.009375 0.00625
1 0.4375 0.38645833333333335 0.003125 0.0020833333333333333
1 0.8421875 0.3875 0.0125 0.008333333333333333
1 0.42890625 0.384375 0.0015625 0.0020833333333333333
1 0.98671875 0.39166666666666666 0.0078125 0.020833333333333332
1 0.41328125 0.38229166666666664 0.0015625 0.0020833333333333333
1 0.75703125 0.378125 0.0015625 0.0020833333333333333
1 0.74921875 0.378125 0.0015625 0.0020833333333333333
1 0.4078125 0.3770833333333333 0.003125 0.004166666666666667
1 0.78828125 0.371875 0.0046875 0.0020833333333333333
1 0.81328125 0.3697916666666667 0.0015625 0.0020833333333333333
1 0.3859375 0.37604166666666666 0.01875 0.01875
1 0.36484375 0.36770833333333336 0.0046875 0.0020833333333333333
1 0.74296875 0.36770833333333336 0.0015625 0.00625
1 0.98359375 0.36354166666666665 0.0015625 0.0020833333333333333
1 0.73828125 0.3614583333333333 0.0015625 0.0020833333333333333
1 0.73828125 0.3572916666666667 0.0015625 0.0020833333333333333
1 0.36953125 0.3572916666666667 0.0015625 0.0020833333333333333
1 0.759375 0.35208333333333336 0.03125 0.0375
1 0.71953125 0.33645833333333336 0.0046875 0.00625
1 0.3515625 0.36666666666666664 0.05 0.06666666666666667
1 0.2625 0.35 0.025 0.03333333333333333
1 0.3359375 0.3333333333333333 0.003125 0.004166666666666667
1 0.97734375 0.3260416666666667 0.0015625 0.0020833333333333333
1 0.71953125 0.3260416666666667 0.0015625 0.0020833333333333333
1 0.72265625 0.32395833333333335 0.0015625 0.0020833333333333333
1 0.709375 0.32395833333333335 0.003125 0.0020833333333333333
1 0.32890625 0.32395833333333335 0.0015625 0.0020833333333333333
1 0.96640625 0.36041666666666666 0.0328125 0.07916666666666666
1 0.70390625 0.321875 0.0015625 0.0020833333333333333
1 0.32578125 0.321875 0.0015625 0.0020833333333333333
1 0.6859375 0.3177083333333333 0.003125 0.0020833333333333333
1 0.72265625 0.31979166666666664 0.0078125 0.010416666666666666
1 0.67578125 0.315625 0.0015625 0.0020833333333333333
1 0.67109375 0.31354166666666666 0.0015625 0.0020833333333333333
1 0.68828125 0.31145833333333334 0.0015625 0.0020833333333333333
1 0.67578125 0.31145833333333334 0.0015625 0.0020833333333333333
1 0.7171875 0.3104166666666667 0.003125 0.004166666666666667
1 0.66640625 0.30833333333333335 0.0015625 0.004166666666666667
1 0.32734375 0.3072916666666667 0.0015625 0.0020833333333333333
1 0.72265625 0.30625 0.0046875 0.004166666666666667
1 0.71171875 0.30520833333333336 0.0015625 0.0020833333333333333
1 0.69609375 0.303125 0.0046875 0.0020833333333333333
1 0.65625 0.303125 0.003125 0.0020833333333333333
1 0.32890625 0.303125 0.0015625 0.0020833333333333333
1 0.715625 0.30104166666666665 0.003125 0.00625
1 0.971875 0.30520833333333336 0.00625 0.022916666666666665
1 0.97265625 0.29270833333333335 0.0015625 0.0020833333333333333
1 0.64453125 0.2864583333333333 0.0015625 0.0020833333333333333
1 0.33046875 0.2864583333333333 0.0015625 0.00625
1 0.6375 0.2833333333333333 0.003125 0.004166666666666667
1 0.5859375 0.27395833333333336 0.003125 0.0020833333333333333
1 0.578125 0.27291666666666664 0.00625 0.004166666666666667
1 0.56640625 0.26979166666666665 0.0015625 0.0020833333333333333
1 0.95703125 0.28229166666666666 0.0078125 0.03125
1 0.34140625 0.2677083333333333 0.0015625 0.0020833333333333333
1 0.3234375 0.2833333333333333 0.015625 0.03333333333333333
1 0.5890625 0.2677083333333333 0.003125 0.00625
1 0.346875 0.265625 0.003125 0.0020833333333333333
1 0.3328125 0.2708333333333333 0.0125 0.0125
1 0.95234375 0.2625 0.0046875 0.004166666666666667
1 0.54453125 0.26145833333333335 0.0046875 0.0020833333333333333
1 0.52890625 0.25729166666666664 0.0046875 0.0020833333333333333
1 0.38046875 0.25729166666666664 0.0015625 0.0020833333333333333
1 0.52265625 0.2552083333333333 0.0015625 0.0020833333333333333
1 0.51484375 0.2552083333333333 0.0078125 0.0020833333333333333
1 0.37734375 0.2552083333333333 0.0015625 0.0020833333333333333
1 0.3578125 0.25833333333333336 0.003125 0.008333333333333333
1 0.39921875 0.253125 0.0015625 0.0020833333333333333
1 0.38828125 0.253125 0.0015625 0.0020833333333333333
1 0.37109375 0.253125 0.0046875 0.0020833333333333333
1 0.4921875 0.25 0.003125 0.004166666666666667
1 0.47421875 0.24895833333333334 0.0015625 0.0020833333333333333
1 0.46640625 0.24895833333333334 0.0046875 0.0020833333333333333
1 0.58125 0.25104166666666666 0.00625 0.010416666666666666
1 0.515625 0.246875 0.003125 0.0020833333333333333
1 0.48671875 0.24791666666666667 0.0046875 0.004166666666666667
1 0.459375 0.246875 0.00625 0.0020833333333333333
1 0.33671875 0.25416666666666665 0.0234375 0.016666666666666666
1 0.9640625 0.265625 0.0125 0.04375
1 0.50703125 0.24583333333333332 0.0109375 0.004166666666666667
1 0.57890625 0.24270833333333333 0.0015625 0.0020833333333333333
1 0.53515625 0.24375 0.0046875 0.008333333333333333
1 0.390625 0.24375 0.01875 0.008333333333333333
1 0.37890625 0.240625 0.0015625 0.0020833333333333333
1 0.37578125 0.240625 0.0015625 0.0020833333333333333
1 0.96796875 0.23854166666666668 0.0015625 0.0020833333333333333
1 0.5296875 0.23854166666666668 0.00625 0.0020833333333333333
1 0.5234375 0.23854166666666668 0.003125 0.0020833333333333333
1 0.496875 0.23854166666666668 0.003125 0.0020833333333333333
1 0.425 0.24375 0.05 0.0125
1 0.36953125 0.23958333333333334 0.0078125 0.004166666666666667
1 0.58046875 0.2375 0.0046875 0.004166666666666667
1 0.5625 0.25104166666666666 0.025 0.035416666666666666
1 0.578125 0.23333333333333334 0.003125 0.004166666666666667
1 0.36484375 0.23229166666666667 0.0015625 0.0020833333333333333
1 0.36171875 0.23229166666666667 0.0015625 0.0020833333333333333
1 0.57421875 0.22395833333333334 0.0015625 0.0020833333333333333
1 0.95703125 0.22291666666666668 0.0046875 0.004166666666666667
1 0.9671875 0.225 0.009375 0.020833333333333332
1 0.96640625 0.215625 0.0015625 0.0020833333333333333
1 0.59296875 0.21354166666666666 0.0015625 0.0020833333333333333
1 0.98203125 0.209375 0.0015625 0.0020833333333333333
1 0.95234375 0.21041666666666667 0.0046875 0.004166666666666667
1 0.59140625 0.209375 0.0015625 0.0020833333333333333
1 0.57578125 0.21145833333333333 0.0046875 0.00625
1 0.95703125 0.20520833333333333 0.0015625 0.0020833333333333333
1 0.58203125 0.20625 0.0046875 0.004166666666666667
1 0.63515625 0.2520833333333333 0.0796875 0.10416666666666667
1 0.38359375 0.21770833333333334 0.0328125 0.035416666666666666
1 0.5890625 0.203125 0.0125 0.010416666666666666
1 0.97890625 0.20520833333333333 0.0109375 0.022916666666666665
1 0.97890625 0.19270833333333334 0.0015625 0.0020833333333333333
1 0.98515625 0.190625 0.0015625 0.0020833333333333333
1 0.98671875 0.18541666666666667 0.0015625 0.004166666666666667
1 0.98671875 0.175 0.0015625 0.008333333333333333
1 0.9859375 0.16770833333333332 0.003125 0.0020833333333333333
1 0.5 0.203125 0.05 0.07291666666666667
1 0.98125 0.165625 0.003125 0.0020833333333333333
1 0.97421875 0.165625 0.0015625 0.0020833333333333333
1 0.96328125 0.18125 0.0109375 0.041666666666666664
1 0.96953125 0.14791666666666667 0.0265625 0.029166666666666667
1 0.95546875 0.12604166666666666 0.0046875 0.010416666666666666
1 0.94921875 0.109375 0.0015625 0.0020833333333333333
1 0.95390625 0.11145833333333334 0.0046875 0.014583333333333334
1 0.94765625 0.07708333333333334 0.0015625 0.004166666666666667
1 0.928125 0.0875 0.009375 0.025
1 0.94609375 0.06979166666666667 0.0015625 0.0020833333333333333
1 0.9453125 0.08333333333333333 0.015625 0.0375
1 0.93984375 0.06145833333333333 0.0015625 0.0020833333333333333
1 0.9265625 0.0625 0.003125 0.008333333333333333
1 0.93984375 0.05520833333333333 0.0015625 0.0020833333333333333
1 0.9390625 0.036458333333333336 0.009375 0.03125
1 0.94140625 0.016666666666666666 0.0046875 0.004166666666666667
1 0.94453125 0.00625 0.0015625 0.004166666666666667
1 0.93359375 0.003125 0.0015625 0.00625
