0 0.28984375 0.9385416666666667 0.0015625 0.0020833333333333333
0 0.09453125 0.921875 0.0015625 0.0020833333333333333
0 0.1 0.9197916666666667 0.00625 0.0020833333333333333
0 0.28515625 0.925 0.0046875 0.016666666666666666
0 0.10703125 0.9177083333333333 0.0015625 0.0020833333333333333
0 0.3484375 0.9177083333333333 0.003125 0.00625
0 0.11484375 0.915625 0.0046875 0.0020833333333333333
0 0.121875 0.9135416666666667 0.003125 0.0020833333333333333
0 0.25390625 0.9072916666666667 0.0015625 0.0020833333333333333
0 0.59609375 0.9052083333333333 0.0015625 0.0020833333333333333
0 0.078125 0.90625 0.00625 0.004166666666666667
0 0.07265625 0.9052083333333333 0.0015625 0.0020833333333333333
0 0.06640625 0.9052083333333333 0.0015625 0.0020833333333333333
0 0.06171875 0.9052083333333333 0.0015625 0.0020833333333333333
0 0.05703125 0.9041666666666667 0.0046875 0.004166666666666667
0 0.0484375 0.903125 0.00625 0.0020833333333333333
0 0.10234375 0.9083333333333333 0.0546875 0.04583333333333333
0 0.51328125 0.8489583333333334 0.0015625 0.0020833333333333333
0 0.14765625 0.8427083333333333 0.0015625 0.0020833333333333333
0 0.65078125 0.834375 0.0015625 0.0020833333333333333
0 0.64453125 0.834375 0.0046875 0.00625
0 0.1515625 0.83125 0.003125 0.004166666666666667
0 0.75625 0.853125 0.28125 0.22708333333333333
0 0.9140625 0.7260416666666667 0.003125 0.00625
0 0.35 0.7322916666666667 0.121875 0.41875
0 0.8515625 0.503125 0.00625 0.0020833333333333333
0 0.83984375 0.496875 0.0015625 0.0020833333333333333
0 0.5515625 0.69375 0.109375 0.4041666666666667
0 0.82109375 0.4864583333333333 0.0015625 0.0020833333333333333
0 0.1765625 0.696875 0.071875 0.4354166666666667
0 0.17734375 0.47604166666666664 0.0015625 0.0020833333333333333
0 0.18359375 0.4739583333333333 0.0046875 0.0020833333333333333
0 0.3625 0.471875 0.003125 0.00625
0 0.5828125 0.46979166666666666 0.015625 0.010416666666666666
0 0.56171875 0.465625 0.0015625 0.0020833333333333333
0 0.35546875 0.4552083333333333 0.0015625 0.0020833333333333333
0 0.34453125 0.4510416666666667 0.0015625 0.0020833333333333333
0 0.34296875 0.446875 0.0015625 0.0020833333333333333
0 0.34765625 0.44583333333333336 0.0046875 0.008333333333333333
0 0.33828125 0.44166666666666665 0.0015625 0.004166666666666667
0 0.34453125 0.43854166666666666 0.0015625 0.0020833333333333333
0 0.32578125 0.428125 0.0296875 0.014583333333333334
0 0.19921875 0.3697916666666667 0.0015625 0.0020833333333333333
0 0.69921875 0.303125 0.1140625 0.35625
0 0.2203125 0.24375 0.084375 0.37916666666666665
0 0.5140625 0.25625 0.090625 0.4166666666666667
1 0.7125 0.9989583333333333 0.00625 0.0020833333333333333
1 0.78203125 0.996875 0.0015625 0.0020833333333333333
1 0.02890625 0.996875 0.0015625 0.0020833333333333333
1 0.7890625 0.9947916666666666 0.003125 0.0020833333333333333
1 0.696875 0.996875 0.00625 0.00625
1 0.02421875 0.9947916666666666 0.0015625 0.0020833333333333333
1 0.69453125 0.990625 0.0015625 0.0020833333333333333
1 0.69140625 0.990625 0.0015625 0.0020833333333333333
1 0.03046875 0.990625 0.0015625 0.0020833333333333333
1 0.67109375 0.9895833333333334 0.0078125 0.004166666666666667
1 0.74921875 0.9864583333333333 0.0015625 0.0020833333333333333
1 0.68515625 0.9864583333333333 0.0015625 0.0020833333333333333
1 0.46015625 0.9927083333333333 0.0140625 0.014583333333333334
1 0.73828125 0.9916666666666667 0.0234375 0.016666666666666666
1 0.62109375 0.9822916666666667 0.0015625 0.0020833333333333333
1 0.03203125 0.9822916666666667 0.0015625 0.0020833333333333333
1 0.77265625 0.9802083333333333 0.0015625 0.0020833333333333333
1 0.76953125 0.9802083333333333 0.0015625 0.0020833333333333333
1 0.76640625 0.9802083333333333 0.0015625 0.0020833333333333333
1 0.76328125 0.9802083333333333 0.0015625 0.0020833333333333333
1 0.76015625 0.9802083333333333 0.0015625 0.0020833333333333333
1 0.75703125 0.9802083333333333 0.0015625 0.0020833333333333333
1 0.75390625 0.9802083333333333 0.0015625 0.0020833333333333333
1 0.7234375 0.978125 0.003125 0.0020833333333333333
1 0.4796875 0.984375 0.009375 0.014583333333333334
1 0.78671875 0.9760416666666667 0.0015625 0.0020833333333333333
1 0.709375 0.9822916666666667 0.021875 0.014583333333333334
1 0.6078125 0.98125 0.015625 0.0125
1 0.03359375 0.9760416666666667 0.0015625 0.0020833333333333333
1 0.02734375 0.9822916666666667 0.0046875 0.014583333333333334
1 0.684375 0.975 0.00625 0.004166666666666667
1 0.44609375 0.978125 0.0078125 0.010416666666666666
1 0.45234375 0.971875 0.0015625 0.0020833333333333333
1 0.13515625 0.971875 0.0015625 0.0020833333333333333
1 0.13203125 0.971875 0.0015625 0.0020833333333333333
1 0.12890625 0.971875 0.0015625 0.0020833333333333333
1 0.12578125 0.971875 0.0015625 0.0020833333333333333
1 0.11796875 0.971875 0.0109375 0.0020833333333333333
1 0.11015625 0.971875 0.0015625 0.0020833333333333333
1 0.04609375 0.971875 0.0015625 0.0020833333333333333
1 0.0125 0.971875 0.025 0.0020833333333333333
1 0.73828125 0.9760416666666667 0.0234375 0.014583333333333334
1 0.64921875 0.984375 0.0796875 0.03125
1 0.5203125 0.9739583333333334 0.009375 0.010416666666666666
1 0.43359375 0.9708333333333333 0.0171875 0.004166666666666667
1 0.91171875 0.9822916666666667 0.1765625 0.035416666666666666
1 0.83671875 0.9635416666666666 0.0015625 0.0020833333333333333
1 0.81640625 0.9677083333333333 0.0296875 0.010416666666666666
1 0.8453125 0.9541666666666667 0.028125 0.016666666666666666
1 0.63515625 0.9385416666666667 0.0015625 0.0020833333333333333
1 0.6484375 0.9364583333333333 0.003125 0.0020833333333333333
1 0.63203125 0.9364583333333333 0.0015625 0.0020833333333333333
1 0.62890625 0.934375 0.0015625 0.0020833333333333333
1 0.871875 0.9322916666666666 0.00625 0.00625
1 0.653125 0.921875 0.003125 0.00625
1 0.19765625 0.8979166666666667 0.0046875 0.004166666666666667
1 0.8984375 0.896875 0.003125 0.00625
1 0.2046875 0.8947916666666667 0.003125 0.0020833333333333333
1 0.21171875 0.8885416666666667 0.0078125 0.00625
1 0.91484375 0.809375 0.0109375 0.04791666666666667
1 0.9140625 0.7697916666666667 0.003125 0.010416666666666666
1 0.48828125 0.7427083333333333 0.0015625 0.00625
1 0.48828125 0.7302083333333333 0.0015625 0.0020833333333333333
1 0.48828125 0.7260416666666667 0.0015625 0.0020833333333333333
1 0.2828125 0.59375 0.00625 0.0125
1 0.42578125 0.5479166666666667 0.0484375 0.0375
1 0.86796875 0.503125 0.0078125 0.010416666666666666
1 0.63125 0.63125 0.05 0.2708333333333333
1 0.65390625 0.49270833333333336 0.0015625 0.0020833333333333333
1 0.6578125 0.490625 0.003125 0.0020833333333333333
1 0.6203125 0.5010416666666667 0.015625 0.022916666666666665
1 0.25390625 0.5354166666666667 0.0515625 0.09583333333333334
1 0.66328125 0.4864583333333333 0.0015625 0.0020833333333333333
1 0.22578125 0.4864583333333333 0.0015625 0.0020833333333333333
1 0.21640625 0.484375 0.0078125 0.0020833333333333333
1 0.778125 0.48333333333333334 0.015625 0.004166666666666667
1 0.66484375 0.4822916666666667 0.0015625 0.0020833333333333333
1 0.66328125 0.478125 0.0015625 0.0020833333333333333
1 0.37578125 0.4739583333333333 0.0078125 0.0020833333333333333
1 0.65703125 0.46770833333333334 0.0015625 0.0020833333333333333
1 0.65234375 0.4635416666666667 0.0015625 0.0020833333333333333
1 0.62109375 0.45208333333333334 0.0046875 0.004166666666666667
1 0.596875 0.43645833333333334 0.00625 0.00625
1 0.36640625 0.44479166666666664 0.0359375 0.05625
1 0.34296875 0.4166666666666667 0.0046875 0.008333333333333333
1 0.78515625 0.41875 0.0171875 0.029166666666666667
1 0.62109375 0.4166666666666667 0.0078125 0.03333333333333333
1 0.77578125 0.39791666666666664 0.0015625 0.004166666666666667
1 0.29765625 0.38125 0.0015625 0.004166666666666667
1 0.76640625 0.3645833333333333 0.0015625 0.004166666666666667
1 0.7609375 0.35208333333333336 0.003125 0.004166666666666667
1 0.75703125 0.340625 0.0015625 0.0020833333333333333
1 0.6046875 0.3489583333333333 0.009375 0.03125
1 0.75546875 0.33229166666666665 0.0015625 0.0020833333333333333
1 0.75390625 0.3260416666666667 0.0015625 0.0020833333333333333
1 0.54921875 0.303125 0.0015625 0.0020833333333333333
1 0.75234375 0.2916666666666667 0.0015625 0.004166666666666667
1 0.75078125 0.27708333333333335 0.0015625 0.020833333333333332
1 0.75234375 0.2635416666666667 0.0015625 0.0020833333333333333
1 0.75234375 0.2552083333333333 0.0015625 0.0020833333333333333
1 0.75390625 0.23958333333333334 0.0015625 0.004166666666666667
1 0.27578125 0.21458333333333332 0.0015625 0.004166666666666667
1 0.75546875 0.1875 0.0015625 0.004166666666666667
1 0.75546875 0.17395833333333333 0.0015625 0.00625
1 0.75546875 0.165625 0.0015625 0.0020833333333333333
1 0.75390625 0.16145833333333334 0.0015625 0.0020833333333333333
1 0.73828125 0.14791666666666667 0.0296875 0.016666666666666666
1 0.25234375 0.06770833333333333 0.0015625 0.0020833333333333333
1 0.25078125 0.06145833333333333 0.0015625 0.0020833333333333333
1 0.5609375 0.04895833333333333 0.003125 0.0020833333333333333
1 0.23671875 0.04895833333333333 0.0015625 0.0020833333333333333
1 0.73046875 0.046875 0.0046875 0.00625
1 0.74140625 0.042708333333333334 0.0015625 0.0020833333333333333
1 0.74609375 0.040625 0.0015625 0.0020833333333333333
1 0.68671875 0.03958333333333333 0.0265625 0.004166666666666667
1 0.65078125 0.0375 0.0015625 0.004166666666666667
1 0.49453125 0.04375 0.0234375 0.020833333333333332
1 0.64765625 0.03333333333333333 0.0015625 0.004166666666666667
1 0.64453125 0.03333333333333333 0.0015625 0.004166666666666667
1 0.64140625 0.03333333333333333 0.0015625 0.004166666666666667
1 0.63828125 0.03333333333333333 0.0015625 0.004166666666666667
1 0.63515625 0.03333333333333333 0.0015625 0.004166666666666667
1 0.63203125 0.03333333333333333 0.0015625 0.004166666666666667
1 0.62890625 0.03333333333333333 0.0015625 0.004166666666666667
1 0.575 0.03229166666666667 0.05 0.0020833333333333333
1 0.54296875 0.03229166666666667 0.0046875 0.0020833333333333333
1 0.53671875 0.040625 0.0203125 0.01875
1 0.37578125 0.03229166666666667 0.0015625 0.0020833333333333333
1 0.37265625 0.03229166666666667 0.0015625 0.0020833333333333333
1 0.36953125 0.03229166666666667 0.0015625 0.0020833333333333333
1 0.36640625 0.03229166666666667 0.0015625 0.0020833333333333333
1 0.36328125 0.03229166666666667 0.0015625 0.0020833333333333333
1 0.36015625 0.03229166666666667 0.0015625 0.0020833333333333333
1 0.35703125 0.03229166666666667 0.0015625 0.0020833333333333333
1 0.35390625 0.03229166666666667 0.0015625 0.0020833333333333333
1 0.25078125 0.023958333333333335 0.0015625 0.0020833333333333333
1 0.4625 0.027083333333333334 0.025 0.0125
1 0.24765625 0.022916666666666665 0.0015625 0.004166666666666667
1 0.24453125 0.022916666666666665 0.0015625 0.004166666666666667
1 0.24140625 0.022916666666666665 0.0015625 0.004166666666666667
1 0.23828125 0.022916666666666665 0.0015625 0.004166666666666667
1 0.17265625 0.015625 0.0015625 0.00625
1 0.16953125 0.015625 0.0015625 0.00625
1 0.16640625 0.015625 0.0015625 0.00625
1 0.1484375 0.013541666666666667 0.003125 0.00625
1 0.12578125 0.010416666666666666 0.0015625 0.004166666666666667
1 0.80625 0.00625 0.0125 0.008333333333333333
1 0.04453125 0.003125 0.0015625 0.0020833333333333333
1 0.77109375 0.020833333333333332 0.0515625 0.041666666666666664
1 0.64296875 0.15833333333333333 0.1828125 0.31666666666666665
1 0.26484375 0.20416666666666666 0.4296875 0.4083333333333333
1 0.040625 0.0010416666666666667 0.003125 0.0020833333333333333
