0 0.26796875 0.921875 0.0109375 0.014583333333333334
0 0.31171875 0.909375 0.0015625 0.0020833333333333333
0 0.31796875 0.9072916666666667 0.0046875 0.0020833333333333333
0 0.27109375 0.9052083333333333 0.0015625 0.0020833333333333333
0 0.25390625 0.8989583333333333 0.0015625 0.0020833333333333333
0 0.24765625 0.896875 0.0015625 0.0020833333333333333
0 0.24140625 0.8979166666666667 0.0015625 0.004166666666666667
0 0.23515625 0.896875 0.0015625 0.0020833333333333333
0 0.3296875 0.85625 0.009375 0.016666666666666666
0 0.346875 0.8197916666666667 0.025 0.06458333333333334
0 0.3609375 0.7625 0.003125 0.016666666666666666
0 0.0515625 0.5645833333333333 0.003125 0.004166666666666667
0 0.02421875 0.553125 0.0015625 0.0020833333333333333
0 0.02109375 0.553125 0.0015625 0.0020833333333333333
0 0.01640625 0.553125 0.0015625 0.0020833333333333333
0 0.025 0.5447916666666667 0.05 0.01875
0 0.04296875 0.534375 0.0015625 0.0020833333333333333
0 0.49140625 0.5177083333333333 0.0078125 0.00625
0 0.09765625 0.4822916666666667 0.0015625 0.0020833333333333333
0 0.33984375 0.6927083333333334 0.1328125 0.45208333333333334
0 0.10703125 0.4635416666666667 0.0015625 0.0020833333333333333
0 0.37265625 0.46145833333333336 0.0015625 0.0020833333333333333
0 0.71953125 0.6208333333333333 0.1671875 0.35833333333333334
0 0.12265625 0.38125 0.1140625 0.4041666666666667
0 0.43046875 0.3385416666666667 0.2203125 0.34791666666666665
0 0.715625 0.24895833333333334 0.15625 0.38125
1 0.99296875 0.9989583333333333 0.0046875 0.0020833333333333333
1 0.98828125 0.9989583333333333 0.0015625 0.0020833333333333333
1 0.9640625 0.9989583333333333 0.003125 0.0020833333333333333
1 0.95078125 0.9989583333333333 0.0015625 0.0020833333333333333
1 0.94609375 0.9989583333333333 0.0046875 0.0020833333333333333
1 0.93671875 0.9989583333333333 0.0078125 0.0020833333333333333
1 0.92578125 0.9989583333333333 0.0015625 0.0020833333333333333
1 0.87265625 0.996875 0.0015625 0.0020833333333333333
1 0.86953125 0.996875 0.0015625 0.0020833333333333333
1 0.86640625 0.996875 0.0015625 0.0020833333333333333
1 0.86328125 0.996875 0.0015625 0.0020833333333333333
1 0.86015625 0.996875 0.0015625 0.0020833333333333333
1 0.85703125 0.996875 0.0015625 0.0020833333333333333
1 0.85390625 0.996875 0.0015625 0.0020833333333333333
1 0.840625 0.9979166666666667 0.021875 0.004166666666666667
1 0.82734375 0.996875 0.0015625 0.0020833333333333333
1 0.6890625 0.996875 0.003125 0.0020833333333333333
1 0.678125 0.9979166666666667 0.003125 0.004166666666666667
1 0.63671875 0.996875 0.0015625 0.0020833333333333333
1 0.146875 0.9979166666666667 0.003125 0.004166666666666667
1 0.14296875 0.9979166666666667 0.0015625 0.004166666666666667
1 0.8046875 0.996875 0.040625 0.00625
1 0.75078125 0.9947916666666666 0.0015625 0.0020833333333333333
1 0.74765625 0.9947916666666666 0.0015625 0.0020833333333333333
1 0.74453125 0.9947916666666666 0.0015625 0.0020833333333333333
1 0.74140625 0.9947916666666666 0.0015625 0.0020833333333333333
1 0.73828125 0.9947916666666666 0.0015625 0.0020833333333333333
1 0.73515625 0.9947916666666666 0.0015625 0.0020833333333333333
1 0.73203125 0.9947916666666666 0.0015625 0.0020833333333333333
1 0.72890625 0.9947916666666666 0.0015625 0.0020833333333333333
1 0.72578125 0.9947916666666666 0.0015625 0.0020833333333333333
1 0.72265625 0.9947916666666666 0.0015625 0.0020833333333333333
1 0.71953125 0.9947916666666666 0.0015625 0.0020833333333333333
1 0.71640625 0.9947916666666666 0.0015625 0.0020833333333333333
1 0.71328125 0.9947916666666666 0.0015625 0.0020833333333333333
1 0.71015625 0.9947916666666666 0.0015625 0.0020833333333333333
1 0.70703125 0.9947916666666666 0.0015625 0.0020833333333333333
1 0.70390625 0.9947916666666666 0.0015625 0.0020833333333333333
1 0.69921875 0.9947916666666666 0.0015625 0.0020833333333333333
1 0.7703125 0.9947916666666666 0.025 0.00625
1 0.65859375 0.9958333333333333 0.0171875 0.008333333333333333
1 0.1484375 0.99375 0.003125 0.004166666666666667
1 0.734375 0.990625 0.025 0.0020833333333333333
1 0.65078125 0.990625 0.0015625 0.0020833333333333333
1 0.69609375 0.9885416666666667 0.0234375 0.0020833333333333333
1 0.58828125 0.990625 0.0046875 0.00625
1 0.653125 0.990625 0.028125 0.010416666666666666
1 0.63828125 0.9864583333333333 0.0015625 0.0020833333333333333
1 0.14921875 0.9864583333333333 0.0015625 0.0020833333333333333
1 0.6109375 0.984375 0.015625 0.0020833333333333333
1 0.59375 0.984375 0.015625 0.0020833333333333333
1 0.1421875 0.9854166666666667 0.003125 0.004166666666666667
1 0.559375 0.9822916666666667 0.0125 0.0020833333333333333
1 0.51875 0.9802083333333333 0.003125 0.0020833333333333333
1 0.46953125 0.978125 0.0109375 0.0020833333333333333
1 0.15 0.9791666666666666 0.003125 0.004166666666666667
1 0.4234375 0.9760416666666667 0.009375 0.0020833333333333333
1 0.41640625 0.9760416666666667 0.0015625 0.0020833333333333333
1 0.37890625 0.9739583333333334 0.0109375 0.0020833333333333333
1 0.15234375 0.975 0.0015625 0.004166666666666667
1 0.3359375 0.971875 0.021875 0.0020833333333333333
1 0.284375 0.9697916666666667 0.01875 0.0020833333333333333
1 0.2328125 0.9677083333333333 0.009375 0.0020833333333333333
1 0.1546875 0.9697916666666667 0.003125 0.00625
1 0.14921875 0.9677083333333333 0.0015625 0.0020833333333333333
1 0.1671875 0.965625 0.01875 0.0020833333333333333
1 0.14453125 0.965625 0.0046875 0.0020833333333333333
1 0.13046875 0.9645833333333333 0.0109375 0.004166666666666667
1 0.04921875 0.959375 0.0015625 0.0020833333333333333
1 0.02421875 0.959375 0.0015625 0.0020833333333333333
1 0.371875 0.9083333333333333 0.003125 0.004166666666666667
1 0.23359375 0.8875 0.0046875 0.004166666666666667
1 0.23828125 0.8822916666666667 0.0015625 0.0020833333333333333
1 0.23515625 0.8822916666666667 0.0015625 0.0020833333333333333
1 0.4484375 0.7947916666666667 0.003125 0.00625
1 0.85390625 0.715625 0.0015625 0.0020833333333333333
1 0.85078125 0.7166666666666667 0.0015625 0.004166666666666667
1 0.88359375 0.75625 0.1171875 0.1
1 0.71015625 0.6697916666666667 0.0015625 0.0020833333333333333
1 0.50234375 0.653125 0.0015625 0.0020833333333333333
1 0.50078125 0.6166666666666667 0.0015625 0.004166666666666667
1 0.73984375 0.603125 0.0015625 0.0020833333333333333
1 0.74609375 0.6010416666666667 0.0015625 0.0020833333333333333
1 0.1328125 0.5802083333333333 0.003125 0.0020833333333333333
1 0.72421875 0.5697916666666667 0.0015625 0.0020833333333333333
1 0.77421875 0.5364583333333334 0.0015625 0.00625
1 0.50859375 0.5322916666666667 0.0015625 0.0020833333333333333
1 0.7140625 0.5270833333333333 0.003125 0.004166666666666667
1 0.01875 0.5208333333333334 0.009375 0.004166666666666667
1 0.00078125 0.5197916666666667 0.0015625 0.0020833333333333333
1 0.4203125 0.48541666666666666 0.003125 0.004166666666666667
1 0.43828125 0.684375 0.1265625 0.4479166666666667
1 0.80703125 0.45729166666666665 0.0015625 0.0020833333333333333
1 0.52109375 0.45729166666666665 0.0046875 0.00625
1 0.77109375 0.45208333333333334 0.0046875 0.004166666666666667
1 0.68046875 0.4510416666666667 0.0015625 0.0020833333333333333
1 0.76640625 0.5833333333333334 0.1671875 0.2791666666666667
1 0.6640625 0.43645833333333334 0.009375 0.00625
1 0.65703125 0.434375 0.0015625 0.0020833333333333333
1 0.89609375 0.43125 0.0046875 0.004166666666666667
1 0.91015625 0.4197916666666667 0.0015625 0.0020833333333333333
1 0.9 0.4197916666666667 0.009375 0.010416666666666666
1 0.85078125 0.4395833333333333 0.1359375 0.075
1 0.89140625 0.4010416666666667 0.0015625 0.00625
1 0.79921875 0.3416666666666667 0.0015625 0.004166666666666667
1 0.86015625 0.33229166666666665 0.0015625 0.0020833333333333333
1 0.7734375 0.31145833333333334 0.003125 0.00625
1 0.5484375 0.303125 0.003125 0.0020833333333333333
1 0.7625 0.28541666666666665 0.0125 0.020833333333333332
1 0.53984375 0.26875 0.0046875 0.004166666666666667
1 0.7484375 0.26145833333333335 0.003125 0.00625
1 0.7390625 0.215625 0.003125 0.00625
1 0.20390625 0.3885416666666667 0.1359375 0.3854166666666667
1 0.53125 0.3854166666666667 0.1625 0.42083333333333334
1 0.18984375 0.17395833333333333 0.0015625 0.0020833333333333333
1 0.7234375 0.17083333333333334 0.003125 0.008333333333333333
1 0.80078125 0.16041666666666668 0.0015625 0.004166666666666667
1 0.80703125 0.15833333333333333 0.0046875 0.0125
1 0.8078125 0.1375 0.003125 0.008333333333333333
1 0.71875 0.13645833333333332 0.00625 0.00625
1 0.71328125 0.12708333333333333 0.0015625 0.008333333333333333
1 0.71015625 0.11770833333333333 0.0015625 0.0020833333333333333
1 0.71015625 0.10833333333333334 0.0046875 0.0125
1 0.89609375 0.09895833333333333 0.0015625 0.0020833333333333333
1 0.89140625 0.090625 0.0015625 0.0020833333333333333
1 0.90078125 0.090625 0.0015625 0.00625
1 0.64140625 0.051041666666666666 0.0015625 0.0020833333333333333
1 0.84453125 0.030208333333333334 0.0015625 0.0020833333333333333
1 0.84140625 0.030208333333333334 0.0015625 0.0020833333333333333
1 0.83828125 0.030208333333333334 0.0015625 0.0020833333333333333
1 0.83515625 0.030208333333333334 0.0015625 0.0020833333333333333
1 0.83203125 0.030208333333333334 0.0015625 0.0020833333333333333
1 0.82890625 0.030208333333333334 0.0015625 0.0020833333333333333
1 0.84765625 0.026041666666666668 0.0015625 0.0020833333333333333
1 0.84453125 0.026041666666666668 0.0015625 0.0020833333333333333
1 0.84140625 0.026041666666666668 0.0015625 0.0020833333333333333
1 0.83828125 0.026041666666666668 0.0015625 0.0020833333333333333
1 0.83515625 0.026041666666666668 0.0015625 0.0020833333333333333
1 0.83203125 0.026041666666666668 0.0015625 0.0020833333333333333
1 0.82890625 0.026041666666666668 0.0015625 0.0020833333333333333
1 0.82265625 0.023958333333333335 0.0015625 0.0020833333333333333
1 0.81953125 0.023958333333333335 0.0015625 0.0020833333333333333
1 0.81640625 0.023958333333333335 0.0015625 0.0020833333333333333
1 0.81328125 0.023958333333333335 0.0015625 0.0020833333333333333
1 0.81015625 0.023958333333333335 0.0015625 0.0020833333333333333
1 0.82109375 0.019791666666666666 0.0015625 0.0020833333333333333
1 0.81796875 0.019791666666666666 0.0015625 0.0020833333333333333
1 0.81484375 0.019791666666666666 0.0015625 0.0020833333333333333
1 0.81171875 0.019791666666666666 0.0015625 0.0020833333333333333
1 0.80859375 0.019791666666666666 0.0015625 0.0020833333333333333
1 0.790625 0.021875 0.034375 0.00625
1 0.77421875 0.013541666666666667 0.0015625 0.0020833333333333333
1 0.69765625 0.011458333333333333 0.0015625 0.0020833333333333333
1 0.69453125 0.011458333333333333 0.0015625 0.0020833333333333333
1 0.69140625 0.011458333333333333 0.0015625 0.0020833333333333333
1 0.68828125 0.011458333333333333 0.0015625 0.0020833333333333333
1 0.68515625 0.011458333333333333 0.0015625 0.0020833333333333333
1 0.68203125 0.011458333333333333 0.0015625 0.0020833333333333333
1 0.67890625 0.011458333333333333 0.0015625 0.0020833333333333333
1 0.67578125 0.011458333333333333 0.0015625 0.0020833333333333333
1 0.67265625 0.011458333333333333 0.0015625 0.0020833333333333333
1 0.66953125 0.011458333333333333 0.0015625 0.0020833333333333333
1 0.66640625 0.011458333333333333 0.0015625 0.0020833333333333333
1 0.66328125 0.011458333333333333 0.0015625 0.0020833333333333333
1 0.66015625 0.011458333333333333 0.0015625 0.0020833333333333333
1 0.65703125 0.011458333333333333 0.0015625 0.0020833333333333333
1 0.65390625 0.011458333333333333 0.0015625 0.0020833333333333333
1 0.65078125 0.011458333333333333 0.0015625 0.0020833333333333333
1 0.64765625 0.011458333333333333 0.0015625 0.0020833333333333333
1 0.64453125 0.011458333333333333 0.0015625 0.0020833333333333333
1 0.64140625 0.011458333333333333 0.0015625 0.0020833333333333333
1 0.63828125 0.011458333333333333 0.0015625 0.0020833333333333333
1 0.63515625 0.0125 0.0015625 0.004166666666666667
1 0.63203125 0.0125 0.0015625 0.004166666666666667
1 0.62890625 0.0125 0.0015625 0.004166666666666667
1 0.62578125 0.0125 0.0015625 0.004166666666666667
1 0.62265625 0.011458333333333333 0.0015625 0.0020833333333333333
1 0.61953125 0.011458333333333333 0.0015625 0.0020833333333333333
1 0.61640625 0.011458333333333333 0.0015625 0.0020833333333333333
1 0.61328125 0.011458333333333333 0.0015625 0.0020833333333333333
1 0.61015625 0.0125 0.0015625 0.004166666666666667
1 0.60703125 0.0125 0.0015625 0.004166666666666667
1 0.60390625 0.0125 0.0015625 0.004166666666666667
1 0.60078125 0.0125 0.0015625 0.004166666666666667
1 0.59765625 0.011458333333333333 0.0015625 0.0020833333333333333
1 0.59453125 0.011458333333333333 0.0015625 0.0020833333333333333
1 0.59140625 0.011458333333333333 0.0015625 0.0020833333333333333
1 0.58828125 0.011458333333333333 0.0015625 0.0020833333333333333
1 0.58515625 0.011458333333333333 0.0015625 0.0020833333333333333
1 0.58203125 0.011458333333333333 0.0015625 0.0020833333333333333
1 0.57890625 0.0125 0.0015625 0.004166666666666667
1 0.57578125 0.0125 0.0015625 0.004166666666666667
1 0.57265625 0.0125 0.0015625 0.004166666666666667
1 0.56953125 0.0125 0.0015625 0.004166666666666667
1 0.56640625 0.0125 0.0015625 0.004166666666666667
1 0.56328125 0.0125 0.0015625 0.004166666666666667
1 0.56015625 0.0125 0.0015625 0.004166666666666667
1 0.55703125 0.0125 0.0015625 0.004166666666666667
1 0.55390625 0.0125 0.0015625 0.004166666666666667
1 0.93359375 0.011458333333333333 0.0046875 0.00625
1 0.50078125 0.004166666666666667 0.0015625 0.004166666666666667
1 0.965625 0.025 0.06875 0.05
1 0.62109375 0.20729166666666668 0.6515625 0.41458333333333336
