0 0.378125 0.659375 0.003125 0.00625
0 0.21640625 0.6447916666666667 0.0015625 0.0020833333333333333
0 0.61796875 0.6427083333333333 0.0015625 0.0020833333333333333
0 0.61328125 0.6447916666666667 0.0015625 0.00625
0 0.62890625 0.5947916666666667 0.0296875 0.07708333333333334
0 0.43359375 0.5864583333333333 0.1171875 0.14791666666666667
0 0.18828125 0.45416666666666666 0.0234375 0.020833333333333332
0 0.396875 0.44166666666666665 0.003125 0.004166666666666667
0 0.40234375 0.43020833333333336 0.0015625 0.0020833333333333333
0 0.41015625 0.40520833333333334 0.0015625 0.0020833333333333333
0 0.40546875 0.4041666666666667 0.0015625 0.004166666666666667
0 0.40859375 0.4010416666666667 0.0015625 0.0020833333333333333
0 0.3953125 0.40208333333333335 0.015625 0.008333333333333333
0 0.44921875 0.3614583333333333 0.0015625 0.0020833333333333333
0 0.50703125 0.24895833333333334 0.0015625 0.0020833333333333333
0 0.4953125 0.25104166666666666 0.003125 0.00625
0 0.50390625 0.24270833333333333 0.0078125 0.00625
0 0.51171875 0.23854166666666668 0.0015625 0.0020833333333333333
0 0.50859375 0.23541666666666666 0.0078125 0.004166666666666667
0 0.48359375 0.23020833333333332 0.0015625 0.0020833333333333333
0 0.50078125 0.228125 0.0046875 0.00625
0 0.51171875 0.16666666666666666 0.0078125 0.008333333333333333
0 0.51875 0.15416666666666667 0.009375 0.0125
0 0.4171875 0.3489583333333333 0.534375 0.54375
1 0.61640625 0.6822916666666666 0.0015625 0.0020833333333333333
1 0.42109375 0.6822916666666666 0.0015625 0.0020833333333333333
1 0.62265625 0.6802083333333333 0.0046875 0.00625
1 0.62578125 0.6770833333333334 0.0046875 0.004166666666666667
1 0.584375 0.675 0.003125 0.004166666666666667
1 0.51171875 0.6729166666666667 0.1265625 0.03333333333333333
1 0.6140625 0.6666666666666666 0.009375 0.025
1 0.60234375 0.6625 0.0078125 0.025
1 0.69296875 0.6510416666666666 0.0109375 0.014583333333333334
1 0.60625 0.634375 0.003125 0.0020833333333333333
1 0.35546875 0.6322916666666667 0.0015625 0.0020833333333333333
1 0.359375 0.6302083333333334 0.009375 0.010416666666666666
1 0.17265625 0.6239583333333333 0.0015625 0.0020833333333333333
1 0.78046875 0.5947916666666667 0.0109375 0.010416666666666666
1 0.75390625 0.5854166666666667 0.0046875 0.004166666666666667
1 0.8703125 0.584375 0.003125 0.010416666666666666
1 0.8625 0.5770833333333333 0.003125 0.020833333333333332
1 0.796875 0.5739583333333333 0.00625 0.014583333333333334
1 0.7984375 0.5541666666666667 0.003125 0.004166666666666667
1 0.82421875 0.5322916666666667 0.0015625 0.0020833333333333333
1 0.8171875 0.5302083333333333 0.003125 0.00625
1 0.81953125 0.5229166666666667 0.0046875 0.004166666666666667
1 0.89921875 0.509375 0.0015625 0.0020833333333333333
1 0.8484375 0.4947916666666667 0.003125 0.010416666666666666
1 0.84921875 0.415625 0.0015625 0.0020833333333333333
1 0.8484375 0.40208333333333335 0.003125 0.004166666666666667
1 0.9078125 0.39791666666666664 0.003125 0.004166666666666667
1 0.81796875 0.3385416666666667 0.0046875 0.010416666666666666
1 0.77734375 0.23854166666666668 0.0015625 0.0020833333333333333
1 0.8578125 0.228125 0.003125 0.010416666666666666
1 0.47578125 0.22395833333333334 0.0015625 0.0020833333333333333
1 0.7765625 0.46145833333333336 0.2625 0.48125
1 0.771875 0.22291666666666668 0.003125 0.004166666666666667
1 0.76875 0.21770833333333334 0.003125 0.0020833333333333333
1 0.47890625 0.21354166666666666 0.0046875 0.00625
1 0.48515625 0.19166666666666668 0.0046875 0.0125
1 0.48828125 0.18229166666666666 0.0015625 0.0020833333333333333
1 0.48984375 0.171875 0.0015625 0.0020833333333333333
1 0.96171875 0.034375 0.0015625 0.0020833333333333333
1 0.9875 0.005208333333333333 0.025 0.010416666666666666
1 0.946875 0.008333333333333333 0.053125 0.016666666666666666
1 0.8734375 0.005208333333333333 0.090625 0.010416666666666666
1 0.6171875 0.005208333333333333 0.415625 0.010416666666666666
1 0.403125 0.0010416666666666667 0.003125 0.0020833333333333333
