0 0.05390625 0.9927083333333333 0.0015625 0.0020833333333333333
0 0.1484375 0.9552083333333333 0.003125 0.0020833333333333333
0 0.15625 0.9510416666666667 0.003125 0.0020833333333333333
0 0.09609375 0.9489583333333333 0.0015625 0.0020833333333333333
0 0.1625 0.946875 0.003125 0.00625
0 0.1203125 0.9177083333333333 0.003125 0.0020833333333333333
0 0.41328125 0.878125 0.0015625 0.0020833333333333333
0 0.41484375 0.8697916666666666 0.0015625 0.0020833333333333333
0 0.41640625 0.8614583333333333 0.0015625 0.00625
0 0.43046875 0.7927083333333333 0.0015625 0.0020833333333333333
0 0.4328125 0.7854166666666667 0.003125 0.008333333333333333
0 0.43828125 0.759375 0.0015625 0.0020833333333333333
0 0.43984375 0.753125 0.0015625 0.0020833333333333333
0 0.44140625 0.7489583333333333 0.0015625 0.0020833333333333333
0 0.45390625 0.7052083333333333 0.0015625 0.0020833333333333333
0 0.3640625 0.6041666666666666 0.003125 0.004166666666666667
0 0.38203125 0.5864583333333333 0.0015625 0.0020833333333333333
0 0.37890625 0.584375 0.0078125 0.00625
0 0.36484375 0.5854166666666667 0.0171875 0.0125
0 0.378125 0.5770833333333333 0.003125 0.004166666666666667
0 0.375 0.5739583333333333 0.003125 0.00625
0 0.7265625 0.4625 0.003125 0.004166666666666667
0 0.33359375 0.4354166666666667 0.0015625 0.004166666666666667
0 0.37578125 0.41770833333333335 0.0015625 0.0020833333333333333
0 0.70859375 0.40729166666666666 0.0015625 0.0020833333333333333
0 0.3390625 0.403125 0.003125 0.00625
0 0.70546875 0.39895833333333336 0.0015625 0.0020833333333333333
0 0.54453125 0.6958333333333333 0.2734375 0.6083333333333333
0 0.33984375 0.3927083333333333 0.0015625 0.0020833333333333333
0 0.359375 0.38229166666666664 0.00625 0.0020833333333333333
0 0.3515625 0.38958333333333334 0.009375 0.020833333333333332
0 0.69453125 0.371875 0.0046875 0.010416666666666666
0 0.21875 0.6458333333333334 0.10625 0.6
0 0.6859375 0.3458333333333333 0.003125 0.008333333333333333
0 0.4296875 0.2677083333333333 0.003125 0.0020833333333333333
0 0.4171875 0.37083333333333335 0.175 0.42916666666666664
0 0.66171875 0.10625 0.0015625 0.004166666666666667
0 0.63203125 0.057291666666666664 0.0015625 0.0020833333333333333
0 0.9859375 0.03958333333333333 0.00625 0.0125
0 0.9671875 0.022916666666666665 0.003125 0.004166666666666667
0 0.965625 0.0125 0.003125 0.004166666666666667
0 0.66484375 0.25729166666666664 0.2765625 0.4979166666666667
0 0.96796875 0.0020833333333333333 0.0046875 0.004166666666666667
0 0.94921875 0.14791666666666667 0.1015625 0.29583333333333334
1 0.03203125 0.9989583333333333 0.0015625 0.0020833333333333333
1 0.04140625 0.9895833333333334 0.0015625 0.004166666666666667
1 0.0359375 0.9916666666666667 0.00625 0.0125
1 0.05078125 0.9697916666666667 0.0265625 0.027083333333333334
1 0.3546875 0.9354166666666667 0.003125 0.004166666666666667
1 0.66328125 0.9145833333333333 0.0015625 0.004166666666666667
1 0.659375 0.9083333333333333 0.00625 0.004166666666666667
1 0.36875 0.9010416666666666 0.003125 0.0020833333333333333
1 0.68671875 0.8947916666666667 0.0015625 0.0020833333333333333
1 0.31328125 0.8677083333333333 0.0015625 0.0020833333333333333
1 0.70078125 0.81875 0.0015625 0.004166666666666667
1 0.38671875 0.8114583333333333 0.0015625 0.0020833333333333333
1 0.38046875 0.8083333333333333 0.0046875 0.016666666666666666
1 0.3828125 0.7927083333333333 0.003125 0.010416666666666666
1 0.384375 0.775 0.00625 0.016666666666666666
1 0.7203125 0.7604166666666666 0.003125 0.004166666666666667
1 0.228125 0.8739583333333333 0.309375 0.2520833333333333
1 0.72734375 0.734375 0.0015625 0.0020833333333333333
1 0.59765625 0.7395833333333334 0.0046875 0.0125
1 0.58828125 0.721875 0.0015625 0.0020833333333333333
1 0.371875 0.7197916666666667 0.00625 0.027083333333333334
1 0.41328125 0.7229166666666667 0.0734375 0.0625
1 0.38125 0.68125 0.0125 0.016666666666666666
1 0.59765625 0.671875 0.0015625 0.0020833333333333333
1 0.36484375 0.6625 0.0109375 0.008333333333333333
1 0.74609375 0.6458333333333334 0.0015625 0.008333333333333333
1 0.3515625 0.634375 0.003125 0.010416666666666666
1 0.87890625 0.6083333333333333 0.0015625 0.016666666666666666
1 0.4765625 0.6010416666666667 0.003125 0.010416666666666666
1 0.33515625 0.5979166666666667 0.0015625 0.004166666666666667
1 0.76171875 0.5822916666666667 0.0015625 0.0020833333333333333
1 0.63984375 0.5822916666666667 0.0015625 0.0020833333333333333
1 0.75546875 0.5833333333333334 0.0046875 0.008333333333333333
1 0.62265625 0.7895833333333333 0.2578125 0.42083333333333334
1 0.48359375 0.578125 0.0015625 0.0020833333333333333
1 0.75703125 0.5739583333333333 0.0015625 0.0020833333333333333
1 0.92109375 0.5697916666666667 0.0015625 0.00625
1 0.7640625 0.5697916666666667 0.009375 0.00625
1 0.86875 0.5572916666666666 0.003125 0.0020833333333333333
1 0.91171875 0.5520833333333334 0.0015625 0.004166666666666667
1 0.884375 0.5489583333333333 0.00625 0.00625
1 0.87578125 0.5479166666666667 0.0015625 0.004166666666666667
1 0.921875 0.5447916666666667 0.00625 0.00625
1 0.70078125 0.5708333333333333 0.0515625 0.0625
1 0.90859375 0.534375 0.0015625 0.0020833333333333333
1 0.6796875 0.5375 0.003125 0.008333333333333333
1 0.80859375 0.5322916666666667 0.0015625 0.0020833333333333333
1 0.92578125 0.53125 0.0015625 0.004166666666666667
1 0.78515625 0.5302083333333333 0.0015625 0.0020833333333333333
1 0.70703125 0.5270833333333333 0.0046875 0.004166666666666667
1 0.82421875 0.5239583333333333 0.0015625 0.0020833333333333333
1 0.78984375 0.525 0.0046875 0.004166666666666667
1 0.6921875 0.521875 0.003125 0.0020833333333333333
1 0.803125 0.5208333333333334 0.00625 0.004166666666666667
1 0.91953125 0.5260416666666666 0.0046875 0.01875
1 0.69765625 0.5197916666666667 0.0046875 0.00625
1 0.69765625 0.4979166666666667 0.0015625 0.004166666666666667
1 0.72578125 0.509375 0.0328125 0.04375
1 0.7265625 0.48125 0.003125 0.004166666666666667
1 0.71640625 0.46458333333333335 0.0015625 0.004166666666666667
1 0.3265625 0.4635416666666667 0.003125 0.00625
1 0.32734375 0.434375 0.0015625 0.0020833333333333333
1 0.91796875 0.42604166666666665 0.0015625 0.0020833333333333333
1 0.91328125 0.41770833333333335 0.0015625 0.0020833333333333333
1 0.89296875 0.415625 0.0015625 0.0020833333333333333
1 0.85078125 0.415625 0.0015625 0.0020833333333333333
1 0.496875 0.421875 0.0125 0.022916666666666665
1 0.82421875 0.403125 0.0015625 0.0020833333333333333
1 0.8875 0.403125 0.003125 0.010416666666666666
1 0.284375 0.4197916666666667 0.08125 0.08125
1 0.2234375 0.378125 0.003125 0.0020833333333333333
1 0.82109375 0.35520833333333335 0.0015625 0.0020833333333333333
1 0.81796875 0.35520833333333335 0.0015625 0.0020833333333333333
1 0.80859375 0.334375 0.0015625 0.0020833333333333333
1 0.80390625 0.33541666666666664 0.0015625 0.004166666666666667
1 0.7875 0.2833333333333333 0.00625 0.008333333333333333
1 0.78828125 0.278125 0.0015625 0.0020833333333333333
1 0.57421875 0.234375 0.0015625 0.0020833333333333333
1 0.5421875 0.31979166666666664 0.0875 0.17708333333333334
1 0.47734375 0.23229166666666667 0.0015625 0.0020833333333333333
1 0.8328125 0.37916666666666665 0.171875 0.35
1 0.5734375 0.20520833333333333 0.003125 0.00625
1 0.50234375 0.19895833333333332 0.0015625 0.0020833333333333333
1 0.7375 0.190625 0.01875 0.027083333333333334
1 0.5515625 0.18541666666666667 0.015625 0.029166666666666667
1 0.73046875 0.165625 0.0015625 0.0020833333333333333
1 0.54453125 0.16354166666666667 0.0015625 0.0020833333333333333
1 0.71953125 0.16354166666666667 0.0078125 0.00625
1 0.54296875 0.159375 0.0015625 0.0020833333333333333
1 0.53828125 0.15520833333333334 0.0015625 0.0020833333333333333
1 0.53046875 0.15104166666666666 0.0046875 0.0020833333333333333
1 0.52421875 0.020833333333333332 0.0015625 0.004166666666666667
