0 0.31484375 0.9177083333333333 0.0015625 0.0020833333333333333
0 0.32109375 0.915625 0.0015625 0.0020833333333333333
0 0.33046875 0.9135416666666667 0.0015625 0.0020833333333333333
0 0.33984375 0.9114583333333334 0.0046875 0.0020833333333333333
0 0.30078125 0.903125 0.0015625 0.0020833333333333333
0 0.29453125 0.9010416666666666 0.0015625 0.0020833333333333333
0 0.28984375 0.9010416666666666 0.0015625 0.0020833333333333333
0 0.27109375 0.896875 0.0046875 0.0020833333333333333
0 0.3625 0.8510416666666667 0.00625 0.010416666666666666
0 0.371875 0.8302083333333333 0.00625 0.014583333333333334
0 0.37734375 0.8041666666666667 0.0015625 0.004166666666666667
0 0.39140625 0.7604166666666666 0.0046875 0.008333333333333333
0 0.39921875 0.6833333333333333 0.0015625 0.029166666666666667
0 0.09140625 0.5760416666666667 0.0015625 0.0020833333333333333
0 0.06484375 0.5541666666666667 0.0453125 0.020833333333333332
0 0.3640625 0.7010416666666667 0.140625 0.4479166666666667
0 0.74140625 0.6322916666666667 0.1671875 0.35208333333333336
0 0.1484375 0.46145833333333336 0.003125 0.010416666666666666
0 0.1578125 0.421875 0.0125 0.04375
0 0.1609375 0.39791666666666664 0.10625 0.39166666666666666
0 0.21171875 0.19895833333333332 0.0015625 0.0020833333333333333
0 0.45703125 0.36041666666666666 0.2203125 0.3458333333333333
0 0.73828125 0.26875 0.1578125 0.37916666666666665
1 0.8015625 0.9989583333333333 0.021875 0.0020833333333333333
1 0.15234375 0.9989583333333333 0.0015625 0.0020833333333333333
1 0.77890625 0.996875 0.0109375 0.0020833333333333333
1 0.77109375 0.996875 0.0015625 0.0020833333333333333
1 0.76796875 0.996875 0.0015625 0.0020833333333333333
1 0.76484375 0.996875 0.0015625 0.0020833333333333333
1 0.76171875 0.996875 0.0015625 0.0020833333333333333
1 0.72265625 0.996875 0.0015625 0.0020833333333333333
1 0.71953125 0.996875 0.0015625 0.0020833333333333333
1 0.71640625 0.996875 0.0015625 0.0020833333333333333
1 0.71328125 0.996875 0.0015625 0.0020833333333333333
1 0.70703125 0.996875 0.0015625 0.0020833333333333333
1 0.70390625 0.996875 0.0015625 0.0020833333333333333
1 0.75234375 0.9947916666666666 0.0046875 0.0020833333333333333
1 0.7484375 0.996875 0.003125 0.00625
1 0.74453125 0.9958333333333333 0.0015625 0.004166666666666667
1 0.74140625 0.9958333333333333 0.0015625 0.004166666666666667
1 0.73828125 0.9958333333333333 0.0015625 0.004166666666666667
1 0.73515625 0.9958333333333333 0.0015625 0.004166666666666667
1 0.73203125 0.9958333333333333 0.0015625 0.004166666666666667
1 0.72890625 0.9958333333333333 0.0015625 0.004166666666666667
1 0.70078125 0.996875 0.0015625 0.00625
1 0.69765625 0.9947916666666666 0.0015625 0.0020833333333333333
1 0.69453125 0.9947916666666666 0.0015625 0.0020833333333333333
1 0.69140625 0.9947916666666666 0.0015625 0.0020833333333333333
1 0.6828125 0.9958333333333333 0.0125 0.004166666666666667
1 0.71640625 0.9947916666666666 0.0203125 0.00625
1 0.59296875 0.9927083333333333 0.0015625 0.0020833333333333333
1 0.63671875 0.990625 0.0015625 0.0020833333333333333
1 0.66796875 0.990625 0.0546875 0.00625
1 0.57734375 0.9895833333333334 0.0015625 0.004166666666666667
1 0.6296875 0.9885416666666667 0.009375 0.00625
1 0.17265625 0.9875 0.0015625 0.004166666666666667
1 0.16875 0.9927083333333333 0.00625 0.014583333333333334
1 0.5875 0.9885416666666667 0.009375 0.010416666666666666
1 0.54765625 0.9822916666666667 0.0015625 0.0020833333333333333
1 0.54453125 0.9822916666666667 0.0015625 0.0020833333333333333
1 0.16953125 0.9822916666666667 0.0015625 0.0020833333333333333
1 0.51171875 0.9802083333333333 0.0015625 0.0020833333333333333
1 0.17421875 0.98125 0.0015625 0.004166666666666667
1 0.4765625 0.978125 0.00625 0.0020833333333333333
1 0.4421875 0.9760416666666667 0.003125 0.0020833333333333333
1 0.43828125 0.9760416666666667 0.0015625 0.0020833333333333333
1 0.40703125 0.9739583333333334 0.0015625 0.0020833333333333333
1 0.3734375 0.971875 0.003125 0.0020833333333333333
1 0.175 0.9729166666666667 0.003125 0.008333333333333333
1 0.30234375 0.9677083333333333 0.0015625 0.0020833333333333333
1 0.26171875 0.965625 0.0109375 0.0020833333333333333
1 0.18203125 0.965625 0.0015625 0.0020833333333333333
1 0.22734375 0.9635416666666666 0.0078125 0.0020833333333333333
1 0.2203125 0.9635416666666666 0.003125 0.0020833333333333333
1 0.21328125 0.9635416666666666 0.0015625 0.0020833333333333333
1 0.17734375 0.9635416666666666 0.0046875 0.00625
1 0.11171875 0.9572916666666667 0.0015625 0.0020833333333333333
1 0.10859375 0.9572916666666667 0.0015625 0.0020833333333333333
1 0.10546875 0.9572916666666667 0.0015625 0.0020833333333333333
1 0.10234375 0.9572916666666667 0.0015625 0.0020833333333333333
1 0.07578125 0.95625 0.0484375 0.004166666666666667
1 0.40078125 0.903125 0.0015625 0.0020833333333333333
1 0.40390625 0.9010416666666666 0.0015625 0.0020833333333333333
1 0.878125 0.7885416666666667 0.053125 0.03958333333333333
1 0.9296875 0.7572916666666667 0.05 0.052083333333333336
1 0.94921875 0.7302083333333333 0.0015625 0.0020833333333333333
1 0.7875 0.6697916666666667 0.003125 0.0020833333333333333
1 0.4734375 0.6041666666666666 0.003125 0.0125
1 0.515625 0.590625 0.003125 0.0020833333333333333
1 0.51328125 0.5864583333333333 0.0015625 0.0020833333333333333
1 0.74765625 0.5635416666666667 0.0015625 0.0020833333333333333
1 0.7484375 0.553125 0.003125 0.00625
1 0.06015625 0.534375 0.0015625 0.0020833333333333333
1 0.03359375 0.521875 0.0015625 0.0020833333333333333
1 0.4421875 0.5020833333333333 0.003125 0.004166666666666667
1 0.46171875 0.6895833333333333 0.1046875 0.42083333333333334
1 0.771875 0.5927083333333333 0.134375 0.24375
1 0.90390625 0.453125 0.0015625 0.0020833333333333333
1 0.90078125 0.4510416666666667 0.0015625 0.0020833333333333333
1 0.91484375 0.446875 0.0015625 0.0020833333333333333
1 0.91875 0.43854166666666666 0.003125 0.0020833333333333333
1 0.8703125 0.45625 0.121875 0.05
1 0.9234375 0.434375 0.003125 0.00625
1 0.91953125 0.4322916666666667 0.0046875 0.00625
1 0.92109375 0.4239583333333333 0.0109375 0.00625
1 0.90390625 0.421875 0.0015625 0.0020833333333333333
1 0.91015625 0.4197916666666667 0.0078125 0.0020833333333333333
1 0.79765625 0.33645833333333336 0.0046875 0.010416666666666666
1 0.5671875 0.3020833333333333 0.003125 0.004166666666666667
1 0.56796875 0.29375 0.0015625 0.004166666666666667
1 0.77421875 0.259375 0.0015625 0.0020833333333333333
1 0.76875 0.26875 0.0125 0.03333333333333333
1 0.81328125 0.24791666666666667 0.0015625 0.004166666666666667
1 0.23359375 0.403125 0.1171875 0.36041666666666666
1 0.56328125 0.4083333333333333 0.1234375 0.38333333333333336
1 0.22578125 0.20520833333333333 0.0015625 0.0020833333333333333
1 0.740625 0.17083333333333334 0.009375 0.0125
1 0.89453125 0.051041666666666666 0.0015625 0.0020833333333333333
1 0.89140625 0.051041666666666666 0.0015625 0.0020833333333333333
1 0.88828125 0.051041666666666666 0.0015625 0.0020833333333333333
1 0.88515625 0.051041666666666666 0.0015625 0.0020833333333333333
1 0.88203125 0.051041666666666666 0.0015625 0.0020833333333333333
1 0.87890625 0.051041666666666666 0.0015625 0.0020833333333333333
1 0.94921875 0.046875 0.0015625 0.0020833333333333333
1 0.94609375 0.046875 0.0015625 0.0020833333333333333
1 0.91953125 0.05 0.0015625 0.0125
1 0.91640625 0.05 0.0015625 0.0125
1 0.91328125 0.05 0.0015625 0.0125
1 0.90390625 0.05 0.0140625 0.0125
1 0.90078125 0.04583333333333333 0.0015625 0.004166666666666667
1 0.95078125 0.041666666666666664 0.0015625 0.004166666666666667
1 0.80078125 0.040625 0.0015625 0.0020833333333333333
1 0.74609375 0.034375 0.0015625 0.0020833333333333333
1 0.74296875 0.034375 0.0015625 0.0020833333333333333
1 0.73984375 0.034375 0.0015625 0.0020833333333333333
1 0.71953125 0.034375 0.0015625 0.0020833333333333333
1 0.71640625 0.034375 0.0015625 0.0020833333333333333
1 0.71328125 0.034375 0.0015625 0.0020833333333333333
1 0.71015625 0.034375 0.0015625 0.0020833333333333333
1 0.70703125 0.034375 0.0015625 0.0020833333333333333
1 0.70390625 0.034375 0.0015625 0.0020833333333333333
1 0.62265625 0.03229166666666667 0.0015625 0.0020833333333333333
1 0.61953125 0.03229166666666667 0.0015625 0.0020833333333333333
1 0.61640625 0.03229166666666667 0.0015625 0.0020833333333333333
1 0.61328125 0.03229166666666667 0.0015625 0.0020833333333333333
1 0.61015625 0.03229166666666667 0.0015625 0.0020833333333333333
1 0.60703125 0.03229166666666667 0.0015625 0.0020833333333333333
1 0.60390625 0.03229166666666667 0.0015625 0.0020833333333333333
1 0.31328125 0.011458333333333333 0.0015625 0.0020833333333333333
1 0.34765625 0.008333333333333333 0.0015625 0.004166666666666667
1 0.43359375 0.029166666666666667 0.2328125 0.04583333333333333
1 0.31640625 0.009375 0.0015625 0.00625
1 0.31328125 0.007291666666666667 0.0015625 0.0020833333333333333
1 0.31015625 0.007291666666666667 0.0015625 0.0020833333333333333
1 0.30703125 0.007291666666666667 0.0015625 0.0020833333333333333
1 0.775 0.2125 0.45 0.425
1 0.9609375 0.005208333333333333 0.003125 0.010416666666666666
1 0.30078125 0.0010416666666666667 0.0015625 0.0020833333333333333
1 0.2890625 0.003125 0.021875 0.00625
