0 0.69453125 0.7864583333333334 0.0015625 0.0020833333333333333
0 0.66640625 0.7739583333333333 0.0015625 0.0020833333333333333
0 0.6796875 0.7802083333333333 0.021875 0.01875
0 0.66171875 0.771875 0.0015625 0.0020833333333333333
0 0.65859375 0.771875 0.0015625 0.0020833333333333333
0 0.62578125 0.534375 0.1234375 0.45625
0 0.68203125 0.30104166666666665 0.0046875 0.00625
0 0.68671875 0.2947916666666667 0.0015625 0.0020833333333333333
1 0.09609375 0.9989583333333333 0.0015625 0.0020833333333333333
1 0.09296875 0.9989583333333333 0.0015625 0.0020833333333333333
1 0.06875 0.9958333333333333 0.0375 0.004166666666666667
1 0.03515625 0.9947916666666666 0.0015625 0.0020833333333333333
1 0.03203125 0.9947916666666666 0.0015625 0.0020833333333333333
1 0.02890625 0.9947916666666666 0.0015625 0.0020833333333333333
1 0.04296875 0.99375 0.0109375 0.004166666666666667
1 0.009375 0.990625 0.01875 0.00625
1 0.00078125 0.9864583333333333 0.0015625 0.0020833333333333333
1 0.728125 0.7989583333333333 0.003125 0.0020833333333333333
1 0.721875 0.7989583333333333 0.003125 0.0020833333333333333
1 0.75703125 0.7979166666666667 0.0078125 0.004166666666666667
1 0.74140625 0.796875 0.0015625 0.00625
1 0.76171875 0.7916666666666666 0.0015625 0.004166666666666667
1 0.74296875 0.7697916666666667 0.0015625 0.0020833333333333333
1 0.76015625 0.7635416666666667 0.0046875 0.00625
1 0.7546875 0.7541666666666667 0.00625 0.008333333333333333
1 0.69765625 0.7427083333333333 0.0015625 0.0020833333333333333
1 0.71171875 0.6635416666666667 0.0015625 0.00625
1 0.71640625 0.6489583333333333 0.0015625 0.0020833333333333333
1 0.75078125 0.5510416666666667 0.0015625 0.0020833333333333333
1 0.746875 0.51875 0.075 0.4375
1 0.71015625 0.303125 0.0015625 0.00625
1 0.87109375 0.036458333333333336 0.0046875 0.00625
1 0.86328125 0.028125 0.0078125 0.0020833333333333333
1 0.88671875 0.029166666666666667 0.0265625 0.008333333333333333
1 0.86484375 0.019791666666666666 0.0046875 0.0020833333333333333
1 0.85859375 0.019791666666666666 0.0015625 0.0020833333333333333
1 0.8515625 0.019791666666666666 0.003125 0.0020833333333333333
1 0.88671875 0.017708333333333333 0.0265625 0.00625
1 0.89375 0.011458333333333333 0.009375 0.0020833333333333333
1 0.84140625 0.011458333333333333 0.0015625 0.0020833333333333333
1 0.83359375 0.011458333333333333 0.0046875 0.0020833333333333333
1 0.88125 0.010416666666666666 0.0125 0.004166666666666667
1 0.76171875 0.003125 0.0015625 0.0020833333333333333
1 0.6953125 0.014583333333333334 0.321875 0.029166666666666667
1 0.52890625 0.0020833333333333333 0.0015625 0.004166666666666667
