0 0.696875 0.9979166666666667 0.0125 0.004166666666666667
0 0.4796875 0.9947916666666666 0.009375 0.010416666666666666
0 0.19296875 0.9739583333333334 0.0015625 0.0020833333333333333
0 0.19140625 0.9697916666666667 0.0015625 0.0020833333333333333
0 0.1859375 0.9614583333333333 0.009375 0.010416666666666666
0 0.39765625 0.9427083333333334 0.0015625 0.0020833333333333333
0 0.2 0.946875 0.0125 0.03958333333333333
0 0.19765625 0.9291666666666667 0.0046875 0.008333333333333333
0 0.2046875 0.91875 0.00625 0.0125
0 0.20078125 0.909375 0.0015625 0.0020833333333333333
0 0.98984375 0.8791666666666667 0.0015625 0.004166666666666667
0 0.52578125 0.5364583333333334 0.0015625 0.0020833333333333333
0 0.61171875 0.496875 0.0015625 0.0020833333333333333
0 0.58203125 0.5197916666666667 0.1015625 0.24791666666666667
0 0.59453125 0.39375 0.0015625 0.004166666666666667
0 0.61328125 0.39375 0.0109375 0.0125
0 0.59609375 0.384375 0.0015625 0.0020833333333333333
0 0.6 0.375 0.003125 0.004166666666666667
0 0.60703125 0.36354166666666665 0.0015625 0.0020833333333333333
0 0.60078125 0.36041666666666666 0.0015625 0.004166666666666667
0 0.59765625 0.33645833333333336 0.0015625 0.0020833333333333333
0 0.96796875 0.17916666666666667 0.0015625 0.004166666666666667
0 0.71796875 0.17604166666666668 0.0109375 0.00625
0 0.5375 0.359375 0.346875 0.3854166666666667
0 0.63828125 0.159375 0.0109375 0.014583333333333334
0 0.63828125 0.11979166666666667 0.0234375 0.01875
1 0.82109375 0.9989583333333333 0.0046875 0.0020833333333333333
1 0.61328125 0.984375 0.0015625 0.0020833333333333333
1 0.98515625 0.9822916666666667 0.0015625 0.00625
1 0.67734375 0.9760416666666667 0.0015625 0.0020833333333333333
1 0.6125 0.9729166666666667 0.00625 0.004166666666666667
1 0.45234375 0.9447916666666667 0.0015625 0.0020833333333333333
1 0.12890625 0.9447916666666667 0.0015625 0.0020833333333333333
1 0.46953125 0.9427083333333334 0.0078125 0.0020833333333333333
1 0.3015625 0.9395833333333333 0.003125 0.004166666666666667
1 0.29609375 0.9364583333333333 0.0015625 0.0020833333333333333
1 0.0234375 0.946875 0.046875 0.022916666666666665
1 0.1796875 0.9364583333333333 0.00625 0.00625
1 0.03203125 0.934375 0.0015625 0.0020833333333333333
1 0.02890625 0.934375 0.0015625 0.0020833333333333333
1 0.18203125 0.93125 0.0046875 0.004166666666666667
1 0.17578125 0.9302083333333333 0.0015625 0.0020833333333333333
1 0.13515625 0.9302083333333333 0.0015625 0.0020833333333333333
1 0.1296875 0.9260416666666667 0.003125 0.0020833333333333333
1 0.1828125 0.921875 0.003125 0.0020833333333333333
1 0.18984375 0.915625 0.0015625 0.0020833333333333333
1 0.1578125 0.915625 0.003125 0.0020833333333333333
1 0.1859375 0.909375 0.003125 0.0020833333333333333
1 0.18046875 0.9072916666666667 0.0046875 0.00625
1 0.0390625 0.9010416666666666 0.003125 0.0020833333333333333
1 0.13671875 0.884375 0.0015625 0.0020833333333333333
1 0.03515625 0.8541666666666666 0.0015625 0.004166666666666667
1 0.0234375 0.8604166666666667 0.00625 0.016666666666666666
1 0.17421875 0.834375 0.0015625 0.0020833333333333333
1 0.17109375 0.7989583333333333 0.0078125 0.0020833333333333333
1 0.17421875 0.790625 0.0015625 0.0020833333333333333
1 0.98515625 0.6854166666666667 0.0015625 0.004166666666666667
1 0.55546875 0.6510416666666666 0.0015625 0.0020833333333333333
1 0.53828125 0.6489583333333333 0.0015625 0.0020833333333333333
1 0.5625 0.64375 0.003125 0.004166666666666667
1 0.56328125 0.6364583333333333 0.0015625 0.0020833333333333333
1 0.56875 0.6375 0.00625 0.008333333333333333
1 0.57890625 0.6239583333333333 0.0015625 0.0020833333333333333
1 0.57265625 0.6260416666666667 0.0078125 0.010416666666666666
1 0.58359375 0.6114583333333333 0.0015625 0.0020833333333333333
1 0.58671875 0.6052083333333333 0.0015625 0.0020833333333333333
1 0.58671875 0.6010416666666667 0.0015625 0.0020833333333333333
1 0.50703125 0.6020833333333333 0.0015625 0.004166666666666667
1 0.59609375 0.596875 0.0015625 0.00625
1 0.58671875 0.5947916666666667 0.0015625 0.0020833333333333333
1 0.5953125 0.5895833333333333 0.003125 0.004166666666666667
1 0.58984375 0.5885416666666666 0.0015625 0.0020833333333333333
1 0.59765625 0.5614583333333333 0.0015625 0.0020833333333333333
1 0.0828125 0.5604166666666667 0.003125 0.004166666666666667
1 0.08671875 0.5552083333333333 0.0015625 0.0020833333333333333
1 0.6140625 0.5520833333333334 0.00625 0.008333333333333333
1 0.6046875 0.553125 0.009375 0.010416666666666666
1 0.60859375 0.5447916666666667 0.0015625 0.0020833333333333333
1 0.615625 0.5375 0.009375 0.0125
1 0.60703125 0.5322916666666667 0.0015625 0.0020833333333333333
1 0.41640625 0.525 0.0046875 0.004166666666666667
1 0.61953125 0.5197916666666667 0.0046875 0.010416666666666666
1 0.6125 0.5208333333333334 0.009375 0.0125
1 0.42578125 0.5135416666666667 0.0015625 0.0020833333333333333
1 0.61328125 0.5114583333333333 0.0015625 0.0020833333333333333
1 0.62578125 0.509375 0.0015625 0.0020833333333333333
1 0.5015625 0.5041666666666667 0.003125 0.004166666666666667
1 0.62109375 0.49895833333333334 0.0015625 0.0020833333333333333
1 0.50703125 0.5 0.0015625 0.004166666666666667
1 0.48515625 0.4979166666666667 0.0015625 0.004166666666666667
1 0.48203125 0.4979166666666667 0.0015625 0.004166666666666667
1 0.47890625 0.4979166666666667 0.0015625 0.004166666666666667
1 0.50078125 0.49583333333333335 0.0046875 0.008333333333333333
1 0.97890625 0.4947916666666667 0.0015625 0.010416666666666666
1 0.62109375 0.49166666666666664 0.0015625 0.004166666666666667
1 0.50703125 0.49166666666666664 0.0015625 0.008333333333333333
1 0.97890625 0.48541666666666666 0.0015625 0.004166666666666667
1 0.103125 0.484375 0.003125 0.0020833333333333333
1 0.4890625 0.48333333333333334 0.003125 0.004166666666666667
1 0.625 0.48854166666666665 0.003125 0.022916666666666665
1 0.62265625 0.478125 0.0015625 0.0020833333333333333
1 0.5 0.4822916666666667 0.003125 0.010416666666666666
1 0.4453125 0.478125 0.003125 0.0020833333333333333
1 0.984375 0.5135416666666667 0.009375 0.08958333333333333
1 0.97890625 0.471875 0.0015625 0.00625
1 0.50234375 0.471875 0.0015625 0.00625
1 0.44921875 0.46979166666666666 0.0015625 0.0020833333333333333
1 0.6421875 0.46770833333333334 0.00625 0.0020833333333333333
1 0.6265625 0.4666666666666667 0.00625 0.004166666666666667
1 0.45546875 0.4635416666666667 0.0078125 0.00625
1 0.628125 0.46041666666666664 0.003125 0.004166666666666667
1 0.4671875 0.4583333333333333 0.003125 0.004166666666666667
1 0.63515625 0.45416666666666666 0.0046875 0.004166666666666667
1 0.4640625 0.45 0.00625 0.008333333333333333
1 0.64921875 0.44375 0.0046875 0.008333333333333333
1 0.9859375 0.4666666666666667 0.00625 0.06666666666666667
1 0.65078125 0.434375 0.0015625 0.0020833333333333333
1 0.63671875 0.428125 0.0015625 0.0020833333333333333
1 0.64296875 0.421875 0.0015625 0.0020833333333333333
1 0.6390625 0.42604166666666665 0.003125 0.010416666666666666
1 0.64765625 0.41875 0.0046875 0.004166666666666667
1 0.63984375 0.409375 0.0015625 0.0020833333333333333
1 0.64765625 0.39479166666666665 0.0015625 0.00625
1 0.67421875 0.3645833333333333 0.0046875 0.008333333333333333
1 0.67578125 0.340625 0.0015625 0.0020833333333333333
1 0.67578125 0.334375 0.0015625 0.0020833333333333333
1 0.66953125 0.334375 0.0015625 0.0020833333333333333
1 0.42578125 0.328125 0.0015625 0.0020833333333333333
1 0.67265625 0.32395833333333335 0.0015625 0.0020833333333333333
1 0.98359375 0.321875 0.0015625 0.0020833333333333333
1 0.67578125 0.31979166666666664 0.0015625 0.0020833333333333333
1 0.98515625 0.31666666666666665 0.0015625 0.004166666666666667
1 0.67265625 0.31145833333333334 0.0015625 0.0020833333333333333
1 0.9859375 0.3072916666666667 0.003125 0.00625
1 0.6921875 0.29583333333333334 0.003125 0.008333333333333333
1 0.678125 0.2947916666666667 0.003125 0.010416666666666666
1 0.4640625 0.290625 0.003125 0.0020833333333333333
1 0.6859375 0.28854166666666664 0.003125 0.0020833333333333333
1 0.6984375 0.278125 0.003125 0.0020833333333333333
1 0.68671875 0.27395833333333336 0.0015625 0.0020833333333333333
1 0.70078125 0.271875 0.0015625 0.0020833333333333333
1 0.990625 0.26458333333333334 0.003125 0.008333333333333333
1 0.68515625 0.259375 0.0015625 0.0020833333333333333
1 0.6890625 0.2552083333333333 0.003125 0.010416666666666666
1 0.68828125 0.24270833333333333 0.0015625 0.00625
1 0.98125 0.24270833333333333 0.00625 0.014583333333333334
1 0.68984375 0.23645833333333333 0.0015625 0.0020833333333333333
1 0.0203125 0.24791666666666667 0.0125 0.025
1 0.69921875 0.23020833333333332 0.0046875 0.00625
1 0.68671875 0.228125 0.0015625 0.0020833333333333333
1 0.68984375 0.21979166666666666 0.0015625 0.0020833333333333333
1 0.51875 0.21145833333333333 0.003125 0.0020833333333333333
1 0.13046875 0.21145833333333333 0.0015625 0.0020833333333333333
1 0.69765625 0.21041666666666667 0.0078125 0.008333333333333333
1 0.43828125 0.20729166666666668 0.0015625 0.0020833333333333333
1 0.70078125 0.20104166666666667 0.0015625 0.0020833333333333333
1 0.72109375 0.19895833333333332 0.0109375 0.00625
1 0.709375 0.19895833333333332 0.009375 0.00625
1 0.70546875 0.196875 0.0015625 0.0020833333333333333
1 0.9609375 0.18958333333333333 0.003125 0.004166666666666667
1 0.7125 0.1875 0.00625 0.004166666666666667
1 0.71875 0.184375 0.003125 0.0020833333333333333
1 0.96015625 0.17916666666666667 0.0015625 0.004166666666666667
1 0.95625 0.18020833333333333 0.003125 0.010416666666666666
1 0.2421875 0.17395833333333333 0.003125 0.00625
1 0.7109375 0.16770833333333332 0.003125 0.0020833333333333333
1 0.7328125 0.165625 0.003125 0.0020833333333333333
1 0.95078125 0.16145833333333334 0.0015625 0.00625
1 0.95390625 0.159375 0.0015625 0.010416666666666666
1 0.73203125 0.15833333333333333 0.0046875 0.008333333333333333
1 0.94921875 0.15416666666666667 0.0015625 0.004166666666666667
1 0.7375 0.17708333333333334 0.01875 0.05
1 0.7359375 0.153125 0.00625 0.014583333333333334
1 0.40859375 0.14270833333333333 0.0015625 0.0020833333333333333
1 0.73515625 0.13854166666666667 0.0015625 0.0020833333333333333
1 0.0640625 0.13854166666666667 0.003125 0.00625
1 0.58359375 0.5666666666666667 0.8109375 0.8666666666666667
1 0.40703125 0.13229166666666667 0.0015625 0.0020833333333333333
1 0.12109375 0.13229166666666667 0.0015625 0.0020833333333333333
1 0.0765625 0.17083333333333334 0.06875 0.07916666666666666
1 0.12421875 0.13020833333333334 0.0015625 0.0020833333333333333
1 0.07109375 0.13125 0.0078125 0.008333333333333333
1 0.96328125 0.12708333333333333 0.0015625 0.004166666666666667
1 0.96484375 0.121875 0.0015625 0.0020833333333333333
1 0.94921875 0.12395833333333334 0.0015625 0.014583333333333334
1 0.41015625 0.115625 0.0015625 0.0020833333333333333
1 0.40546875 0.115625 0.0015625 0.0020833333333333333
1 0.66015625 0.11770833333333333 0.0265625 0.010416666666666666
1 0.96484375 0.11145833333333334 0.0015625 0.0020833333333333333
1 0.40390625 0.11145833333333334 0.0015625 0.0020833333333333333
1 0.63671875 0.10729166666666666 0.0015625 0.0020833333333333333
1 0.63203125 0.10520833333333333 0.0015625 0.0020833333333333333
1 0.40234375 0.10104166666666667 0.0015625 0.0020833333333333333
1 0.11484375 0.10104166666666667 0.0015625 0.0020833333333333333
1 0.375 0.10208333333333333 0.003125 0.0125
1 0.46015625 0.09166666666666666 0.0015625 0.004166666666666667
1 0.45703125 0.09166666666666666 0.0015625 0.004166666666666667
1 0.38046875 0.09583333333333334 0.0046875 0.0125
1 0.4421875 0.09270833333333334 0.0125 0.014583333333333334
1 0.45390625 0.08229166666666667 0.0015625 0.0020833333333333333
1 0.45078125 0.08020833333333334 0.0015625 0.0020833333333333333
1 0.45703125 0.078125 0.0015625 0.0020833333333333333
1 0.4640625 0.07708333333333334 0.00625 0.004166666666666667
1 0.08984375 0.07604166666666666 0.0046875 0.00625
1 0.46953125 0.07083333333333333 0.0015625 0.004166666666666667
1 0.46640625 0.07083333333333333 0.0015625 0.004166666666666667
1 0.09453125 0.06770833333333333 0.0046875 0.00625
1 0.55390625 0.06354166666666666 0.0015625 0.0020833333333333333
1 0.48203125 0.0625 0.0015625 0.004166666666666667
1 0.47890625 0.0625 0.0015625 0.004166666666666667
1 0.34375 0.053125 0.003125 0.0020833333333333333
1 0.34921875 0.051041666666666666 0.0015625 0.0020833333333333333
1 0.109375 0.053125 0.003125 0.00625
1 0.38515625 0.046875 0.0015625 0.0020833333333333333
1 0.94375 0.08020833333333334 0.0875 0.07708333333333334
1 0.42734375 0.03854166666666667 0.0015625 0.0020833333333333333
1 0.92734375 0.03229166666666667 0.0046875 0.0020833333333333333
1 0.7578125 0.030208333333333334 0.003125 0.0020833333333333333
1 0.70625 0.028125 0.003125 0.0020833333333333333
1 0.92578125 0.026041666666666668 0.0015625 0.0020833333333333333
1 0.39765625 0.026041666666666668 0.0046875 0.0020833333333333333
1 0.93203125 0.021875 0.0015625 0.0020833333333333333
1 0.92890625 0.021875 0.0015625 0.0020833333333333333
1 0.75390625 0.021875 0.0015625 0.0020833333333333333
1 0.74921875 0.021875 0.0046875 0.0020833333333333333
1 0.9125 0.01875 0.025 0.0125
1 0.9265625 0.010416666666666666 0.003125 0.004166666666666667
1 0.76953125 0.007291666666666667 0.0015625 0.0020833333333333333
1 0.9421875 0.003125 0.003125 0.00625
1 0.425 0.4708333333333333 0.85 0.9416666666666667
1 0.14765625 0.06770833333333333 0.1421875 0.13541666666666666
