0 0.8078125 0.7427083333333333 0.009375 0.022916666666666665
0 0.80703125 0.728125 0.0015625 0.0020833333333333333
0 0.7953125 0.7270833333333333 0.003125 0.004166666666666667
0 0.79296875 0.721875 0.0015625 0.0020833333333333333
0 0.7953125 0.71875 0.003125 0.004166666666666667
0 0.7890625 0.721875 0.003125 0.010416666666666666
0 0.7859375 0.7104166666666667 0.003125 0.008333333333333333
0 0.440625 0.7072916666666667 0.00625 0.010416666666666666
0 0.42421875 0.703125 0.0015625 0.0020833333333333333
0 0.78359375 0.6885416666666667 0.0109375 0.027083333333333334
0 0.77578125 0.6739583333333333 0.0015625 0.0020833333333333333
0 0.421875 0.6864583333333333 0.00625 0.03125
0 0.4421875 0.6729166666666667 0.00625 0.0125
0 0.78203125 0.6666666666666666 0.0046875 0.004166666666666667
0 0.78359375 0.6604166666666667 0.0015625 0.004166666666666667
0 0.76484375 0.659375 0.0015625 0.0020833333333333333
0 0.76875 0.6583333333333333 0.00625 0.008333333333333333
0 0.74609375 0.653125 0.0015625 0.0020833333333333333
0 0.75859375 0.6510416666666666 0.0015625 0.0020833333333333333
0 0.74296875 0.6489583333333333 0.0015625 0.0020833333333333333
0 0.7609375 0.6479166666666667 0.003125 0.004166666666666667
0 0.75859375 0.6427083333333333 0.0015625 0.0020833333333333333
0 0.75234375 0.6364583333333333 0.0015625 0.0020833333333333333
0 0.7765625 0.6416666666666667 0.00625 0.016666666666666666
0 0.771875 0.6 0.00625 0.016666666666666666
0 0.6359375 0.5385416666666667 0.01875 0.00625
0 0.0953125 0.521875 0.003125 0.0020833333333333333
0 0.08828125 0.5197916666666667 0.0015625 0.0020833333333333333
0 0.65390625 0.525 0.0078125 0.016666666666666666
0 0.653125 0.503125 0.00625 0.00625
0 0.096875 0.46875 0.00625 0.004166666666666667
0 0.2625 0.540625 0.3875 0.2520833333333333
0 0.80078125 0.31666666666666665 0.0140625 0.016666666666666666
0 0.6953125 0.55625 0.271875 0.675
0 0.53125 0.41354166666666664 0.225 0.6270833333333333
1 0.51171875 0.9989583333333333 0.0015625 0.0020833333333333333
1 0.996875 0.9697916666666667 0.00625 0.00625
1 0.43671875 0.9322916666666666 0.0015625 0.0020833333333333333
1 0.7859375 0.8989583333333333 0.00625 0.00625
1 0.79453125 0.8947916666666667 0.0015625 0.0020833333333333333
1 0.7765625 0.89375 0.00625 0.004166666666666667
1 0.7828125 0.8864583333333333 0.003125 0.0020833333333333333
1 0.83828125 0.8802083333333334 0.0015625 0.0020833333333333333
1 0.77578125 0.878125 0.0015625 0.0020833333333333333
1 0.83515625 0.86875 0.0015625 0.004166666666666667
1 0.76328125 0.859375 0.0015625 0.0020833333333333333
1 0.74921875 0.8364583333333333 0.0015625 0.0020833333333333333
1 0.84921875 0.840625 0.0015625 0.014583333333333334
1 0.99921875 0.8177083333333334 0.0015625 0.0020833333333333333
1 0.8375 0.83125 0.003125 0.029166666666666667
1 0.10078125 0.8145833333333333 0.0015625 0.004166666666666667
1 0.84921875 0.8125 0.0046875 0.025
1 0.83515625 0.80625 0.0015625 0.0125
1 0.84296875 0.7958333333333333 0.0046875 0.008333333333333333
1 0.8359375 0.7833333333333333 0.003125 0.008333333333333333
1 0.8875 0.7833333333333333 0.025 0.03333333333333333
1 0.84765625 0.76875 0.0078125 0.008333333333333333
1 0.825 0.7541666666666667 0.003125 0.0125
1 0.55 0.7479166666666667 0.003125 0.004166666666666667
1 0.82109375 0.7447916666666666 0.0015625 0.0020833333333333333
1 0.5609375 0.7447916666666666 0.003125 0.0020833333333333333
1 0.55703125 0.7447916666666666 0.0015625 0.0020833333333333333
1 0.56484375 0.7447916666666666 0.0234375 0.010416666666666666
1 0.56796875 0.7416666666666667 0.0078125 0.004166666666666667
1 0.70390625 0.7375 0.0015625 0.004166666666666667
1 0.56171875 0.7364583333333333 0.0015625 0.0020833333333333333
1 0.43984375 0.734375 0.0046875 0.0020833333333333333
1 0.79140625 0.8645833333333334 0.3703125 0.2708333333333333
1 0.5109375 0.7302083333333333 0.003125 0.0020833333333333333
1 0.42578125 0.7322916666666667 0.0109375 0.00625
1 0.51953125 0.7291666666666666 0.0015625 0.004166666666666667
1 0.51640625 0.728125 0.0015625 0.0020833333333333333
1 0.43828125 0.728125 0.0015625 0.0020833333333333333
1 0.53828125 0.7260416666666667 0.0015625 0.0020833333333333333
1 0.4859375 0.7270833333333333 0.003125 0.004166666666666667
1 0.4265625 0.7270833333333333 0.003125 0.004166666666666667
1 0.58359375 0.7239583333333334 0.0015625 0.0020833333333333333
1 0.42109375 0.7260416666666667 0.0046875 0.00625
1 0.52890625 0.725 0.0109375 0.008333333333333333
1 0.81484375 0.7260416666666667 0.0046875 0.014583333333333334
1 0.59609375 0.7270833333333333 0.0109375 0.016666666666666666
1 0.54140625 0.7197916666666667 0.0015625 0.0020833333333333333
1 0.5296875 0.7197916666666667 0.003125 0.0020833333333333333
1 0.59453125 0.715625 0.0015625 0.0020833333333333333
1 0.53828125 0.715625 0.0015625 0.0020833333333333333
1 0.41484375 0.715625 0.0015625 0.0020833333333333333
1 0.8140625 0.715625 0.003125 0.00625
1 0.67421875 0.7135416666666666 0.0015625 0.0020833333333333333
1 0.54296875 0.7135416666666666 0.0015625 0.0020833333333333333
1 0.55234375 0.7114583333333333 0.0015625 0.0020833333333333333
1 0.55078125 0.7072916666666667 0.0015625 0.0020833333333333333
1 0.60078125 0.70625 0.0015625 0.004166666666666667
1 0.48359375 0.70625 0.0015625 0.004166666666666667
1 0.95 0.8 0.1 0.2
1 0.81328125 0.7010416666666667 0.0015625 0.0020833333333333333
1 0.6375 0.8 0.1 0.2
1 0.48359375 0.7010416666666667 0.0015625 0.0020833333333333333
1 0.82421875 0.7020833333333333 0.0046875 0.008333333333333333
1 0.64296875 0.6989583333333333 0.0015625 0.0020833333333333333
1 0.60546875 0.7 0.0109375 0.004166666666666667
1 0.44921875 0.6989583333333333 0.0015625 0.0020833333333333333
1 0.70234375 0.696875 0.0015625 0.0020833333333333333
1 0.6953125 0.7135416666666666 0.028125 0.035416666666666666
1 0.40390625 0.6979166666666666 0.0015625 0.004166666666666667
1 0.69921875 0.6947916666666667 0.0015625 0.0020833333333333333
1 0.628125 0.6958333333333333 0.003125 0.004166666666666667
1 0.44921875 0.6947916666666667 0.0015625 0.0020833333333333333
1 0.4796875 0.6927083333333334 0.00625 0.014583333333333334
1 0.48203125 0.6822916666666666 0.0015625 0.0020833333333333333
1 0.4140625 0.678125 0.003125 0.00625
1 0.4078125 0.675 0.00625 0.008333333333333333
1 0.490625 0.6729166666666667 0.003125 0.008333333333333333
1 0.41171875 0.6677083333333333 0.0015625 0.0020833333333333333
1 0.46171875 0.665625 0.0015625 0.0020833333333333333
1 0.45703125 0.6645833333333333 0.0015625 0.004166666666666667
1 0.41484375 0.6645833333333333 0.0015625 0.004166666666666667
1 0.46171875 0.6614583333333334 0.0015625 0.0020833333333333333
1 0.48828125 0.6635416666666667 0.0015625 0.010416666666666666
1 0.79453125 0.6604166666666667 0.0015625 0.008333333333333333
1 0.48046875 0.6572916666666667 0.0015625 0.0020833333333333333
1 0.46015625 0.6583333333333333 0.0046875 0.004166666666666667
1 0.40625 0.6625 0.00625 0.0125
1 0.48984375 0.6520833333333333 0.0015625 0.004166666666666667
1 0.41796875 0.6520833333333333 0.0015625 0.004166666666666667
1 0.47265625 0.65 0.0015625 0.008333333333333333
1 0.41796875 0.646875 0.0015625 0.0020833333333333333
1 0.6078125 0.6458333333333334 0.003125 0.004166666666666667
1 0.41484375 0.65 0.0015625 0.0125
1 0.59609375 0.64375 0.0046875 0.004166666666666667
1 0.47265625 0.6427083333333333 0.0015625 0.0020833333333333333
1 0.46015625 0.6427083333333333 0.0046875 0.00625
1 0.41953125 0.6416666666666667 0.0015625 0.004166666666666667
1 0.48046875 0.6458333333333334 0.0046875 0.016666666666666666
1 0.46171875 0.6385416666666667 0.0015625 0.0020833333333333333
1 0.48359375 0.6364583333333333 0.0015625 0.0020833333333333333
1 0.45703125 0.6364583333333333 0.0015625 0.0020833333333333333
1 0.47890625 0.634375 0.0015625 0.0020833333333333333
1 0.4609375 0.634375 0.003125 0.0020833333333333333
1 0.41953125 0.634375 0.0015625 0.0020833333333333333
1 0.63046875 0.6322916666666667 0.0015625 0.0020833333333333333
1 0.60078125 0.6322916666666667 0.0015625 0.0020833333333333333
1 0.49296875 0.6322916666666667 0.0015625 0.0020833333333333333
1 0.59765625 0.6260416666666667 0.0015625 0.0020833333333333333
1 0.41640625 0.6291666666666667 0.0015625 0.008333333333333333
1 0.42109375 0.6270833333333333 0.0015625 0.008333333333333333
1 0.01484375 0.628125 0.0078125 0.010416666666666666
1 0.78984375 0.6208333333333333 0.0015625 0.004166666666666667
1 0.6265625 0.6135416666666667 0.003125 0.0020833333333333333
1 0.5046875 0.6135416666666667 0.003125 0.00625
1 0.64140625 0.609375 0.0015625 0.0020833333333333333
1 0.41796875 0.6135416666666667 0.0046875 0.014583333333333334
1 0.80078125 0.6041666666666666 0.0015625 0.004166666666666667
1 0.41640625 0.6010416666666667 0.0015625 0.0020833333333333333
1 0.40859375 0.603125 0.0078125 0.00625
1 0.41640625 0.596875 0.0015625 0.0020833333333333333
1 0.61328125 0.59375 0.0015625 0.004166666666666667
1 0.51015625 0.590625 0.0015625 0.0020833333333333333
1 0.4125 0.5916666666666667 0.003125 0.004166666666666667
1 0.40703125 0.590625 0.0015625 0.0020833333333333333
1 0.41171875 0.5864583333333333 0.0015625 0.0020833333333333333
1 0.61953125 0.5822916666666667 0.0015625 0.0020833333333333333
1 0.409375 0.58125 0.003125 0.004166666666666667
1 0.40546875 0.5802083333333333 0.0015625 0.0020833333333333333
1 0.65703125 0.578125 0.0015625 0.0020833333333333333
1 0.50234375 0.5864583333333333 0.0078125 0.022916666666666665
1 0.62109375 0.5697916666666667 0.0015625 0.0020833333333333333
1 0.7984375 0.5677083333333334 0.003125 0.0020833333333333333
1 0.5203125 0.5666666666666667 0.003125 0.004166666666666667
1 0.50859375 0.565625 0.0015625 0.0020833333333333333
1 0.5046875 0.565625 0.003125 0.0020833333333333333
1 0.36484375 0.565625 0.0015625 0.0020833333333333333
1 0.78515625 0.5625 0.0015625 0.004166666666666667
1 0.62421875 0.5614583333333333 0.0015625 0.0020833333333333333
1 0.45859375 0.5614583333333333 0.0015625 0.0020833333333333333
1 0.64453125 0.559375 0.0015625 0.0020833333333333333
1 0.38828125 0.559375 0.0015625 0.0020833333333333333
1 0.78671875 0.5572916666666666 0.0015625 0.0020833333333333333
1 0.77890625 0.5572916666666666 0.0015625 0.0020833333333333333
1 0.66484375 0.5572916666666666 0.0015625 0.0020833333333333333
1 0.65390625 0.5572916666666666 0.0015625 0.0020833333333333333
1 0.65078125 0.5572916666666666 0.0015625 0.0020833333333333333
1 0.7984375 0.55625 0.003125 0.004166666666666667
1 0.38359375 0.553125 0.0015625 0.0020833333333333333
1 0.38046875 0.5510416666666667 0.0015625 0.0020833333333333333
1 0.6609375 0.5479166666666667 0.003125 0.004166666666666667
1 0.37265625 0.546875 0.0015625 0.0020833333333333333
1 0.80078125 0.5447916666666667 0.0015625 0.0020833333333333333
1 0.16484375 0.5447916666666667 0.0015625 0.0020833333333333333
1 0.78515625 0.5427083333333333 0.0015625 0.0020833333333333333
1 0.36015625 0.5427083333333333 0.0015625 0.00625
1 0.52734375 0.5447916666666667 0.0046875 0.014583333333333334
1 0.79609375 0.5375 0.0015625 0.004166666666666667
1 0.80078125 0.534375 0.0015625 0.0020833333333333333
1 0.46171875 0.534375 0.0015625 0.0020833333333333333
1 0.78671875 0.5322916666666667 0.0015625 0.0020833333333333333
1 0.290625 0.765625 0.58125 0.46875
1 0.096875 0.5302083333333333 0.00625 0.0020833333333333333
1 0.33046875 0.528125 0.0015625 0.0020833333333333333
1 0.3265625 0.528125 0.003125 0.0020833333333333333
1 0.30234375 0.528125 0.0015625 0.0020833333333333333
1 0.2984375 0.528125 0.003125 0.0020833333333333333
1 0.29453125 0.528125 0.0015625 0.0020833333333333333
1 0.29140625 0.528125 0.0015625 0.0020833333333333333
1 0.28828125 0.528125 0.0015625 0.0020833333333333333
1 0.28515625 0.528125 0.0015625 0.0020833333333333333
1 0.28203125 0.528125 0.0015625 0.0020833333333333333
1 0.27890625 0.528125 0.0015625 0.0020833333333333333
1 0.78671875 0.5260416666666666 0.0015625 0.0020833333333333333
1 0.26796875 0.5260416666666666 0.0015625 0.0020833333333333333
1 0.26484375 0.5260416666666666 0.0015625 0.0020833333333333333
1 0.24609375 0.5260416666666666 0.0015625 0.0020833333333333333
1 0.23671875 0.5270833333333333 0.0046875 0.004166666666666667
1 0.22890625 0.528125 0.0078125 0.00625
1 0.309375 0.5260416666666666 0.009375 0.00625
1 0.25625 0.5270833333333333 0.0125 0.008333333333333333
1 0.290625 0.521875 0.03125 0.0020833333333333333
1 0.26953125 0.521875 0.0046875 0.0020833333333333333
1 0.53046875 0.5208333333333334 0.0046875 0.008333333333333333
1 0.1125 0.709375 0.225 0.3854166666666667
1 0.79296875 0.5135416666666667 0.0046875 0.00625
1 0.459375 0.5125 0.003125 0.004166666666666667
1 0.45703125 0.5072916666666667 0.0015625 0.0020833333333333333
1 0.46171875 0.5010416666666667 0.0015625 0.0020833333333333333
1 0.06484375 0.5010416666666667 0.0015625 0.0020833333333333333
1 0.06171875 0.5041666666666667 0.0015625 0.008333333333333333
1 0.52421875 0.503125 0.0015625 0.014583333333333334
1 0.06484375 0.496875 0.0015625 0.0020833333333333333
1 0.50390625 0.49270833333333336 0.0015625 0.0020833333333333333
1 0.0671875 0.49166666666666664 0.003125 0.004166666666666667
1 0.5171875 0.4947916666666667 0.009375 0.014583333333333334
1 0.79375 0.4895833333333333 0.003125 0.008333333333333333
1 0.49921875 0.48854166666666665 0.0015625 0.010416666666666666
1 0.0515625 0.48541666666666666 0.003125 0.004166666666666667
1 0.45078125 0.48125 0.0015625 0.008333333333333333
1 0.44609375 0.48020833333333335 0.0015625 0.00625
1 0.6671875 0.478125 0.003125 0.00625
1 0.653125 0.471875 0.003125 0.0020833333333333333
1 0.08359375 0.471875 0.0015625 0.0020833333333333333
1 0.67734375 0.465625 0.0015625 0.0020833333333333333
1 0.65078125 0.465625 0.0015625 0.0020833333333333333
1 0.4390625 0.4666666666666667 0.00625 0.008333333333333333
1 0.50234375 0.46145833333333336 0.0015625 0.0020833333333333333
1 0.42421875 0.453125 0.0015625 0.0020833333333333333
1 0.64609375 0.45 0.0015625 0.004166666666666667
1 0.67421875 0.4479166666666667 0.0015625 0.008333333333333333
1 0.67890625 0.4427083333333333 0.0015625 0.0020833333333333333
1 0.49140625 0.45416666666666666 0.0265625 0.029166666666666667
1 0.1296875 0.43854166666666666 0.003125 0.0020833333333333333
1 0.39921875 0.43645833333333334 0.0015625 0.0020833333333333333
1 0.1078125 0.45 0.034375 0.029166666666666667
1 0.67421875 0.4322916666666667 0.0015625 0.0020833333333333333
1 0.67890625 0.42604166666666665 0.0015625 0.0020833333333333333
1 0.67421875 0.42604166666666665 0.0015625 0.00625
1 0.18125 0.42291666666666666 0.0125 0.004166666666666667
1 0.47734375 0.434375 0.0078125 0.03125
1 0.38671875 0.415625 0.0015625 0.0020833333333333333
1 0.215625 0.415625 0.009375 0.0020833333333333333
1 0.23359375 0.41354166666666664 0.0046875 0.0020833333333333333
1 0.17109375 0.41354166666666664 0.0015625 0.0020833333333333333
1 0.33046875 0.4114583333333333 0.0109375 0.0020833333333333333
1 0.24296875 0.4114583333333333 0.0078125 0.0020833333333333333
1 0.21484375 0.4114583333333333 0.0015625 0.0020833333333333333
1 0.18671875 0.4114583333333333 0.0078125 0.0020833333333333333
1 0.37734375 0.41041666666666665 0.0015625 0.004166666666666667
1 0.2203125 0.409375 0.003125 0.0020833333333333333
1 0.32578125 0.40729166666666666 0.0015625 0.0020833333333333333
1 0.690625 0.40625 0.003125 0.004166666666666667
1 0.34609375 0.40625 0.0046875 0.004166666666666667
1 0.3375 0.40729166666666666 0.009375 0.00625
1 0.30078125 0.40520833333333334 0.0015625 0.0020833333333333333
1 0.2546875 0.40625 0.003125 0.004166666666666667
1 0.1828125 0.40520833333333334 0.009375 0.0020833333333333333
1 0.80078125 0.4166666666666667 0.0015625 0.029166666666666667
1 0.25078125 0.403125 0.0015625 0.0020833333333333333
1 0.20234375 0.41041666666666665 0.0078125 0.016666666666666666
1 0.9625 0.6052083333333333 0.075 0.41041666666666665
1 0.69296875 0.4010416666666667 0.0015625 0.0020833333333333333
1 0.44296875 0.4322916666666667 0.0328125 0.06458333333333334
1 0.37265625 0.4010416666666667 0.0015625 0.0020833333333333333
1 0.79921875 0.39895833333333336 0.0015625 0.0020833333333333333
1 0.46640625 0.39895833333333336 0.0015625 0.0020833333333333333
1 0.64765625 0.3958333333333333 0.0015625 0.008333333333333333
1 0.45859375 0.39375 0.0015625 0.004166666666666667
1 0.46796875 0.390625 0.0015625 0.0020833333333333333
1 0.4640625 0.390625 0.003125 0.00625
1 0.45390625 0.390625 0.0046875 0.00625
1 0.46328125 0.38229166666666664 0.0015625 0.0020833333333333333
1 0.44921875 0.37916666666666665 0.0015625 0.004166666666666667
1 0.79609375 0.36770833333333336 0.0015625 0.0020833333333333333
1 0.6859375 0.375 0.003125 0.016666666666666666
1 0.69140625 0.36041666666666666 0.0015625 0.004166666666666667
1 0.81875 0.35625 0.015625 0.0125
1 0.63828125 0.35625 0.0046875 0.020833333333333332
1 0.64921875 0.35 0.0046875 0.03333333333333333
1 0.63515625 0.334375 0.0015625 0.0020833333333333333
1 0.44609375 0.3333333333333333 0.0046875 0.004166666666666667
1 0.68828125 0.32916666666666666 0.0015625 0.004166666666666667
1 0.8453125 0.32708333333333334 0.003125 0.004166666666666667
1 0.846875 0.32916666666666666 0.009375 0.0125
1 0.68671875 0.325 0.0046875 0.004166666666666667
1 0.63828125 0.32708333333333334 0.0015625 0.008333333333333333
1 0.63359375 0.321875 0.0015625 0.0020833333333333333
1 0.63671875 0.31979166666666664 0.0015625 0.0020833333333333333
1 0.6484375 0.31875 0.003125 0.004166666666666667
1 0.4265625 0.3125 0.003125 0.004166666666666667
1 0.41640625 0.37083333333333335 0.0515625 0.13333333333333333
1 0.85078125 0.30625 0.0015625 0.008333333333333333
1 0.9625 0.3333333333333333 0.075 0.06666666666666667
1 0.80859375 0.30104166666666665 0.0015625 0.0020833333333333333
1 0.78828125 0.30104166666666665 0.0015625 0.0020833333333333333
1 0.64609375 0.303125 0.0015625 0.00625
1 0.80390625 0.2989583333333333 0.0015625 0.0020833333333333333
1 0.67734375 0.29583333333333334 0.0015625 0.004166666666666667
1 0.80078125 0.29270833333333335 0.0015625 0.0020833333333333333
1 0.85078125 0.29270833333333335 0.0015625 0.00625
1 0.83515625 0.2864583333333333 0.0015625 0.0020833333333333333
1 0.82421875 0.2864583333333333 0.0015625 0.0020833333333333333
1 0.68828125 0.2875 0.0015625 0.004166666666666667
1 0.8140625 0.28541666666666665 0.009375 0.004166666666666667
1 0.68984375 0.28229166666666666 0.0015625 0.0020833333333333333
1 0.8359375 0.28229166666666666 0.00625 0.00625
1 0.62578125 0.2791666666666667 0.0015625 0.004166666666666667
1 0.81875 0.27708333333333335 0.0125 0.004166666666666667
1 0.77421875 0.2760416666666667 0.0015625 0.0020833333333333333
1 0.62265625 0.2760416666666667 0.0015625 0.0020833333333333333
1 0.77578125 0.271875 0.0015625 0.0020833333333333333
1 0.52109375 0.271875 0.0015625 0.0020833333333333333
1 0.77109375 0.2677083333333333 0.0015625 0.0020833333333333333
1 0.328125 0.2677083333333333 0.003125 0.0020833333333333333
1 0.846875 0.26875 0.009375 0.008333333333333333
1 0.83828125 0.265625 0.0015625 0.0020833333333333333
1 0.83671875 0.2708333333333333 0.0109375 0.0125
1 0.796875 0.271875 0.0125 0.014583333333333334
1 0.53203125 0.265625 0.0015625 0.0020833333333333333
1 0.76953125 0.2625 0.0015625 0.004166666666666667
1 0.775 0.26145833333333335 0.003125 0.00625
1 0.68828125 0.26145833333333335 0.0015625 0.00625
1 0.42734375 0.2604166666666667 0.0015625 0.004166666666666667
1 0.52890625 0.25729166666666664 0.0015625 0.0020833333333333333
1 0.76640625 0.2552083333333333 0.0015625 0.0020833333333333333
1 0.68203125 0.25625 0.0015625 0.004166666666666667
1 0.6171875 0.25729166666666664 0.003125 0.00625
1 0.68984375 0.25416666666666665 0.0015625 0.004166666666666667
1 0.68359375 0.25 0.0015625 0.004166666666666667
1 0.51484375 0.24895833333333334 0.0015625 0.0020833333333333333
1 0.51953125 0.246875 0.0015625 0.0020833333333333333
1 0.76171875 0.24270833333333333 0.0015625 0.0020833333333333333
1 0.6921875 0.24479166666666666 0.003125 0.00625
1 0.61640625 0.24270833333333333 0.0015625 0.0020833333333333333
1 0.765625 0.240625 0.003125 0.0020833333333333333
1 0.7484375 0.23854166666666668 0.003125 0.0020833333333333333
1 0.3875 0.321875 0.0875 0.16875
1 0.41640625 0.234375 0.0015625 0.0020833333333333333
1 0.77265625 0.2375 0.0078125 0.0125
1 0.69453125 0.23229166666666667 0.0015625 0.0020833333333333333
1 0.68359375 0.23229166666666667 0.0015625 0.0020833333333333333
1 0.67890625 0.23229166666666667 0.0015625 0.0020833333333333333
1 0.62265625 0.23645833333333333 0.0078125 0.010416666666666666
1 0.73828125 0.23020833333333332 0.0015625 0.0020833333333333333
1 0.55234375 0.22604166666666667 0.0015625 0.0020833333333333333
1 0.73671875 0.22291666666666668 0.0015625 0.004166666666666667
1 0.70078125 0.22291666666666668 0.0015625 0.004166666666666667
1 0.56640625 0.221875 0.0015625 0.0020833333333333333
1 0.54765625 0.221875 0.0015625 0.0020833333333333333
1 0.57421875 0.21875 0.0015625 0.004166666666666667
1 0.56328125 0.21770833333333334 0.0046875 0.0020833333333333333
1 0.55546875 0.21770833333333334 0.0046875 0.0020833333333333333
1 0.5453125 0.21770833333333334 0.003125 0.0020833333333333333
1 0.75078125 0.21979166666666666 0.0015625 0.010416666666666666
1 0.74609375 0.215625 0.0015625 0.0020833333333333333
1 0.72890625 0.215625 0.0015625 0.0020833333333333333
1 0.41015625 0.21458333333333332 0.0046875 0.0125
1 0.56328125 0.20520833333333333 0.0015625 0.0020833333333333333
1 0.7328125 0.20416666666666666 0.003125 0.004166666666666667
1 0.5421875 0.20104166666666667 0.003125 0.0020833333333333333
1 0.74296875 0.20208333333333334 0.0046875 0.008333333333333333
1 0.73359375 0.19895833333333332 0.0046875 0.0020833333333333333
1 0.71171875 0.20520833333333333 0.0265625 0.014583333333333334
1 0.5796875 0.215625 0.04375 0.035416666666666666
1 0.55546875 0.19895833333333332 0.0015625 0.0020833333333333333
1 0.55234375 0.19895833333333332 0.0015625 0.0020833333333333333
1 0.5265625 0.19791666666666666 0.003125 0.004166666666666667
1 0.4125 0.20104166666666667 0.00625 0.010416666666666666
1 0.41328125 0.18854166666666666 0.0015625 0.0020833333333333333
1 0.5140625 0.18541666666666667 0.003125 0.004166666666666667
1 0.49609375 0.184375 0.0015625 0.0020833333333333333
1 0.49453125 0.18020833333333333 0.0015625 0.0020833333333333333
1 0.50234375 0.17604166666666668 0.0015625 0.0020833333333333333
1 0.5203125 0.175 0.003125 0.008333333333333333
1 0.50625 0.17291666666666666 0.003125 0.004166666666666667
1 0.50078125 0.171875 0.0015625 0.0020833333333333333
1 0.52109375 0.171875 0.0109375 0.014583333333333334
1 0.503125 0.165625 0.003125 0.0020833333333333333
1 0.490625 0.1625 0.003125 0.004166666666666667
1 0.4875 0.15520833333333334 0.003125 0.00625
1 0.49765625 0.14479166666666668 0.0015625 0.0020833333333333333
1 0.50078125 0.14270833333333333 0.0015625 0.0020833333333333333
1 0.48671875 0.140625 0.0015625 0.0020833333333333333
1 0.48046875 0.14166666666666666 0.0015625 0.004166666666666667
1 0.47890625 0.13541666666666666 0.0015625 0.004166666666666667
1 0.40703125 0.15 0.0046875 0.03333333333333333
1 0.4953125 0.13333333333333333 0.003125 0.004166666666666667
1 0.48359375 0.13333333333333333 0.0046875 0.004166666666666667
1 0.41171875 0.13229166666666667 0.0015625 0.0020833333333333333
1 0.47265625 0.13020833333333334 0.0015625 0.0020833333333333333
1 0.46953125 0.11979166666666667 0.0015625 0.0020833333333333333
1 0.47578125 0.12395833333333334 0.0015625 0.014583333333333334
1 0.40078125 0.12395833333333334 0.0046875 0.022916666666666665
1 0.41484375 0.134375 0.0046875 0.052083333333333336
1 0.45859375 0.10625 0.0046875 0.004166666666666667
1 0.55 0.1 0.1 0.06666666666666667
1 0.49765625 0.06458333333333334 0.0046875 0.004166666666666667
1 0.453125 0.078125 0.09375 0.08958333333333333
1 0.95 0.11666666666666667 0.1 0.23333333333333334
1 0.5375 0.016666666666666666 0.025 0.03333333333333333
1 0.3375 0.06666666666666667 0.075 0.13333333333333333
1 0.20234375 0.315625 0.4046875 0.63125
