0 0.37734375 0.815625 0.0015625 0.0020833333333333333
0 0.65703125 0.7822916666666667 0.0015625 0.0020833333333333333
0 0.65546875 0.778125 0.0015625 0.0020833333333333333
0 0.39921875 0.778125 0.0015625 0.00625
0 0.37109375 0.7802083333333333 0.0203125 0.027083333333333334
0 0.64453125 0.7489583333333333 0.0015625 0.0020833333333333333
0 0.40078125 0.7239583333333334 0.0015625 0.0020833333333333333
0 0.40234375 0.7197916666666667 0.0015625 0.0020833333333333333
0 0.40546875 0.709375 0.0015625 0.0020833333333333333
0 0.4546875 0.671875 0.009375 0.010416666666666666
0 0.4625 0.6489583333333333 0.003125 0.0020833333333333333
0 0.45234375 0.65 0.0046875 0.016666666666666666
0 0.46484375 0.6427083333333333 0.0015625 0.00625
0 0.40078125 0.640625 0.0015625 0.0020833333333333333
0 0.46484375 0.6364583333333333 0.0015625 0.0020833333333333333
0 0.39765625 0.6302083333333334 0.0015625 0.0020833333333333333
0 0.47734375 0.6239583333333333 0.0015625 0.0020833333333333333
0 0.39453125 0.6239583333333333 0.0015625 0.0020833333333333333
0 0.39296875 0.6197916666666666 0.0015625 0.0020833333333333333
0 0.38984375 0.6135416666666667 0.0015625 0.0020833333333333333
0 0.38671875 0.6072916666666667 0.0046875 0.00625
0 0.5453125 0.6020833333333333 0.003125 0.004166666666666667
0 0.46953125 0.584375 0.0015625 0.0020833333333333333
0 0.55078125 0.5822916666666667 0.0015625 0.0020833333333333333
0 0.3546875 0.5645833333333333 0.00625 0.008333333333333333
0 0.46640625 0.571875 0.0234375 0.09791666666666667
0 0.45390625 0.5083333333333333 0.0015625 0.004166666666666667
0 0.565625 0.49375 0.00625 0.016666666666666666
0 0.23359375 0.4864583333333333 0.0015625 0.0020833333333333333
0 0.56796875 0.4822916666666667 0.0015625 0.0020833333333333333
0 0.56640625 0.478125 0.0015625 0.0020833333333333333
0 0.45390625 0.46875 0.0015625 0.0125
0 0.18984375 0.4635416666666667 0.0015625 0.0020833333333333333
0 0.45546875 0.4510416666666667 0.0015625 0.00625
0 0.17265625 0.44895833333333335 0.0015625 0.0020833333333333333
0 0.45703125 0.44166666666666665 0.0015625 0.004166666666666667
0 0.45859375 0.434375 0.0015625 0.0020833333333333333
0 0.4609375 0.42916666666666664 0.003125 0.004166666666666667
0 0.46796875 0.41875 0.0015625 0.004166666666666667
0 0.46953125 0.41354166666666664 0.0015625 0.0020833333333333333
0 0.4671875 0.41041666666666665 0.003125 0.004166666666666667
0 0.30078125 0.5677083333333334 0.3265625 0.39375
0 0.49921875 0.36875 0.0015625 0.004166666666666667
0 0.49453125 0.309375 0.0015625 0.0020833333333333333
0 0.48671875 0.296875 0.0015625 0.0020833333333333333
0 0.71796875 0.29270833333333335 0.0015625 0.0020833333333333333
0 0.4921875 0.296875 0.00625 0.01875
0 0.48359375 0.284375 0.0015625 0.0020833333333333333
0 0.48203125 0.278125 0.0015625 0.0020833333333333333
0 0.48046875 0.27395833333333336 0.0015625 0.0020833333333333333
0 0.47734375 0.2635416666666667 0.0015625 0.0020833333333333333
0 0.484375 0.271875 0.00625 0.022916666666666665
0 0.47578125 0.259375 0.0015625 0.0020833333333333333
0 0.47421875 0.2552083333333333 0.0015625 0.0020833333333333333
0 0.46796875 0.240625 0.0015625 0.0020833333333333333
0 0.49140625 0.23645833333333333 0.0015625 0.0020833333333333333
0 0.97734375 0.23020833333333332 0.0078125 0.00625
0 0.46015625 0.22604166666666667 0.0015625 0.0020833333333333333
0 0.65859375 0.221875 0.0015625 0.0020833333333333333
0 0.49296875 0.21979166666666666 0.0015625 0.0020833333333333333
0 0.65546875 0.21770833333333334 0.0015625 0.0020833333333333333
0 0.97734375 0.21354166666666666 0.0046875 0.00625
0 0.92109375 0.20729166666666668 0.0015625 0.0020833333333333333
0 0.91796875 0.20729166666666668 0.0015625 0.0020833333333333333
0 0.91484375 0.20729166666666668 0.0015625 0.0020833333333333333
0 0.91171875 0.20729166666666668 0.0015625 0.0020833333333333333
0 0.90859375 0.20729166666666668 0.0015625 0.0020833333333333333
0 0.90546875 0.20729166666666668 0.0015625 0.0020833333333333333
0 0.48515625 0.20625 0.0046875 0.004166666666666667
0 0.84609375 0.20104166666666667 0.0015625 0.0020833333333333333
0 0.84296875 0.20104166666666667 0.0015625 0.0020833333333333333
0 0.83984375 0.20104166666666667 0.0015625 0.0020833333333333333
0 0.83671875 0.20104166666666667 0.0015625 0.0020833333333333333
0 0.83359375 0.20104166666666667 0.0015625 0.0020833333333333333
0 0.83046875 0.20104166666666667 0.0015625 0.0020833333333333333
0 0.92109375 0.19895833333333332 0.0015625 0.0020833333333333333
0 0.91796875 0.19895833333333332 0.0015625 0.0020833333333333333
0 0.91484375 0.19895833333333332 0.0015625 0.0020833333333333333
0 0.91171875 0.19895833333333332 0.0015625 0.0020833333333333333
0 0.90859375 0.19895833333333332 0.0015625 0.0020833333333333333
0 0.90546875 0.19895833333333332 0.0015625 0.0020833333333333333
0 0.90234375 0.19895833333333332 0.0015625 0.0020833333333333333
0 0.7875 0.2 0.025 0.008333333333333333
0 0.70390625 0.196875 0.0046875 0.00625
0 0.6875 0.196875 0.0125 0.00625
0 0.75 0.19895833333333332 0.025 0.014583333333333334
0 0.4671875 0.19479166666666667 0.00625 0.010416666666666666
0 0.721875 0.18958333333333333 0.025 0.008333333333333333
0 0.45390625 0.18229166666666666 0.0015625 0.0020833333333333333
0 0.53671875 0.18020833333333333 0.0015625 0.0020833333333333333
0 0.70234375 0.17916666666666667 0.0078125 0.008333333333333333
0 0.68359375 0.17604166666666668 0.0015625 0.0020833333333333333
0 0.59609375 0.178125 0.0078125 0.00625
0 0.69140625 0.17604166666666668 0.0109375 0.00625
0 0.66796875 0.165625 0.0015625 0.0020833333333333333
0 0.45078125 0.165625 0.0015625 0.0020833333333333333
0 0.678125 0.165625 0.009375 0.00625
0 0.57890625 0.16354166666666667 0.0015625 0.0020833333333333333
0 0.571875 0.16354166666666667 0.00625 0.0020833333333333333
0 0.5171875 0.16458333333333333 0.003125 0.004166666666666667
0 0.45390625 0.16354166666666667 0.0015625 0.0020833333333333333
0 0.60859375 0.15104166666666666 0.0015625 0.0020833333333333333
0 0.34140625 0.153125 0.0078125 0.010416666666666666
0 0.60703125 0.14479166666666668 0.0015625 0.0020833333333333333
0 0.45078125 0.140625 0.0015625 0.0020833333333333333
0 0.35078125 0.1375 0.0015625 0.004166666666666667
0 0.59765625 0.109375 0.0015625 0.0020833333333333333
0 0.59609375 0.103125 0.0015625 0.0020833333333333333
0 0.61484375 0.09479166666666666 0.0015625 0.0020833333333333333
0 0.61015625 0.07916666666666666 0.0015625 0.004166666666666667
0 0.6765625 0.45 0.646875 0.7666666666666667
1 0.62734375 0.8333333333333334 0.0109375 0.004166666666666667
1 0.62421875 0.8302083333333333 0.0015625 0.0020833333333333333
1 0.67265625 0.828125 0.0015625 0.0020833333333333333
1 0.603125 0.8177083333333334 0.003125 0.0020833333333333333
1 0.39296875 0.809375 0.0015625 0.0020833333333333333
1 0.67578125 0.8083333333333333 0.0015625 0.004166666666666667
1 0.67421875 0.796875 0.0015625 0.0020833333333333333
1 0.58515625 0.796875 0.0015625 0.0020833333333333333
1 0.57109375 0.7947916666666667 0.0015625 0.0020833333333333333
1 0.40703125 0.790625 0.0078125 0.010416666666666666
1 0.42421875 0.7822916666666667 0.0015625 0.0020833333333333333
1 0.66796875 0.7822916666666667 0.0046875 0.00625
1 0.4171875 0.7833333333333333 0.009375 0.008333333333333333
1 0.4171875 0.7770833333333333 0.003125 0.004166666666666667
1 0.68984375 0.7833333333333333 0.0203125 0.03333333333333333
1 0.56640625 0.778125 0.0171875 0.022916666666666665
1 0.66640625 0.7572916666666667 0.0015625 0.0020833333333333333
1 0.659375 0.75625 0.003125 0.004166666666666667
1 0.65234375 0.7489583333333333 0.0015625 0.0020833333333333333
1 0.65625 0.74375 0.003125 0.004166666666666667
1 0.64921875 0.7427083333333333 0.0015625 0.0020833333333333333
1 0.6734375 0.7375 0.003125 0.008333333333333333
1 0.5296875 0.7375 0.00625 0.008333333333333333
1 0.64453125 0.728125 0.0046875 0.00625
1 0.43203125 0.7260416666666667 0.0015625 0.0020833333333333333
1 0.43828125 0.7239583333333334 0.0015625 0.0020833333333333333
1 0.51640625 0.725 0.0078125 0.016666666666666666
1 0.44140625 0.7166666666666667 0.0015625 0.004166666666666667
1 0.63515625 0.7135416666666666 0.0015625 0.0020833333333333333
1 0.51328125 0.703125 0.0015625 0.0020833333333333333
1 0.62734375 0.703125 0.0046875 0.00625
1 0.509375 0.7052083333333333 0.009375 0.010416666666666666
1 0.44609375 0.696875 0.0015625 0.0020833333333333333
1 0.50703125 0.6947916666666667 0.0015625 0.0020833333333333333
1 0.6234375 0.69375 0.003125 0.004166666666666667
1 0.45078125 0.6947916666666667 0.0046875 0.00625
1 0.61953125 0.690625 0.0015625 0.0020833333333333333
1 0.01484375 0.6947916666666667 0.0046875 0.010416666666666666
1 0.02578125 0.6895833333333333 0.0015625 0.004166666666666667
1 0.61328125 0.6864583333333333 0.0046875 0.00625
1 0.02265625 0.6854166666666667 0.0015625 0.004166666666666667
1 0.02578125 0.6822916666666666 0.0015625 0.0020833333333333333
1 0.6078125 0.68125 0.003125 0.004166666666666667
1 0.03359375 0.678125 0.0015625 0.0020833333333333333
1 0.615625 0.6791666666666667 0.003125 0.008333333333333333
1 0.609375 0.6739583333333333 0.003125 0.0020833333333333333
1 0.48359375 0.6739583333333333 0.0015625 0.0020833333333333333
1 0.0265625 0.675 0.0125 0.008333333333333333
1 0.0125 0.6791666666666667 0.00625 0.016666666666666666
1 0.01015625 0.6677083333333333 0.0015625 0.0020833333333333333
1 0.48203125 0.6666666666666666 0.0046875 0.004166666666666667
1 0.4703125 0.6677083333333333 0.003125 0.00625
1 0.59140625 0.6614583333333334 0.0015625 0.0020833333333333333
1 0.47265625 0.6625 0.0046875 0.004166666666666667
1 0.59609375 0.6572916666666667 0.0015625 0.0020833333333333333
1 0.58828125 0.6552083333333333 0.0015625 0.0020833333333333333
1 0.62265625 0.653125 0.0046875 0.00625
1 0.5859375 0.65 0.003125 0.004166666666666667
1 0.59296875 0.6447916666666667 0.0015625 0.0020833333333333333
1 0.5890625 0.6447916666666667 0.003125 0.0020833333333333333
1 0.62109375 0.6385416666666667 0.0078125 0.010416666666666666
1 0.0328125 0.6385416666666667 0.00625 0.010416666666666666
1 0.56953125 0.6239583333333333 0.0015625 0.0020833333333333333
1 0.7109375 0.6197916666666666 0.003125 0.00625
1 0.03046875 0.6166666666666667 0.0046875 0.004166666666666667
1 0.00078125 0.6052083333333333 0.0015625 0.0020833333333333333
1 0.00078125 0.5989583333333334 0.0015625 0.0020833333333333333
1 0.56015625 0.5927083333333333 0.0015625 0.0020833333333333333
1 0.56953125 0.5864583333333333 0.0015625 0.0020833333333333333
1 0.6953125 0.5822916666666667 0.00625 0.0020833333333333333
1 0.27421875 0.5739583333333333 0.0015625 0.0020833333333333333
1 0.01796875 0.5677083333333334 0.0015625 0.0020833333333333333
1 0.74296875 0.5635416666666667 0.0015625 0.0020833333333333333
1 0.7015625 0.5645833333333333 0.003125 0.004166666666666667
1 0.56796875 0.5635416666666667 0.0015625 0.0020833333333333333
1 0.028125 0.5645833333333333 0.003125 0.004166666666666667
1 0.75859375 0.5614583333333333 0.0015625 0.0020833333333333333
1 0.03515625 0.5614583333333333 0.0015625 0.0020833333333333333
1 0.76171875 0.559375 0.0015625 0.0020833333333333333
1 0.73671875 0.559375 0.0015625 0.0020833333333333333
1 0.73515625 0.5552083333333333 0.0015625 0.0020833333333333333
1 0.69921875 0.55625 0.0015625 0.008333333333333333
1 0.73125 0.5520833333333334 0.003125 0.004166666666666667
1 0.7203125 0.5541666666666667 0.00625 0.008333333333333333
1 0.6953125 0.559375 0.00625 0.01875
1 0.03984375 0.5510416666666667 0.0015625 0.0020833333333333333
1 0.68125 0.5489583333333333 0.003125 0.0020833333333333333
1 0.78984375 0.5427083333333333 0.0046875 0.010416666666666666
1 0.44765625 0.5385416666666667 0.0015625 0.0020833333333333333
1 0.7109375 0.5458333333333333 0.009375 0.020833333333333332
1 0.69765625 0.5427083333333333 0.0015625 0.014583333333333334
1 0.80625 0.5364583333333334 0.009375 0.00625
1 0.7984375 0.5354166666666667 0.003125 0.004166666666666667
1 0.77578125 0.5354166666666667 0.0015625 0.004166666666666667
1 0.7046875 0.5291666666666667 0.003125 0.004166666666666667
1 0.69921875 0.528125 0.0015625 0.0020833333333333333
1 0.6828125 0.53125 0.00625 0.008333333333333333
1 0.57421875 0.528125 0.0015625 0.0020833333333333333
1 0.44453125 0.5291666666666667 0.0015625 0.004166666666666667
1 0.28671875 0.528125 0.0046875 0.0020833333333333333
1 0.77421875 0.528125 0.0015625 0.00625
1 0.29140625 0.521875 0.0015625 0.0020833333333333333
1 0.70234375 0.5197916666666667 0.0015625 0.0020833333333333333
1 0.69765625 0.515625 0.0015625 0.0020833333333333333
1 0.2703125 0.515625 0.009375 0.00625
1 0.26015625 0.5166666666666667 0.0046875 0.008333333333333333
1 0.6921875 0.5125 0.003125 0.004166666666666667
1 0.67421875 0.5145833333333333 0.0015625 0.008333333333333333
1 0.4359375 0.5114583333333333 0.00625 0.00625
1 0.68671875 0.503125 0.0015625 0.0020833333333333333
1 0.57890625 0.5010416666666667 0.0015625 0.0020833333333333333
1 0.44140625 0.503125 0.0046875 0.00625
1 0.42890625 0.49895833333333334 0.0015625 0.0020833333333333333
1 0.17890625 0.49895833333333334 0.0015625 0.0020833333333333333
1 0.175 0.4979166666666667 0.003125 0.004166666666666667
1 0.675 0.496875 0.003125 0.00625
1 0.67890625 0.48854166666666665 0.0015625 0.0020833333333333333
1 0.42578125 0.484375 0.0015625 0.0020833333333333333
1 0.7734375 0.490625 0.00625 0.01875
1 0.1859375 0.48125 0.003125 0.004166666666666667
1 0.18984375 0.478125 0.0015625 0.0020833333333333333
1 0.77109375 0.4739583333333333 0.0015625 0.00625
1 0.5890625 0.475 0.003125 0.008333333333333333
1 0.76796875 0.465625 0.0015625 0.0020833333333333333
1 0.590625 0.4666666666666667 0.003125 0.004166666666666667
1 0.39609375 0.4666666666666667 0.0078125 0.004166666666666667
1 0.65859375 0.46145833333333336 0.0015625 0.0020833333333333333
1 0.17578125 0.46145833333333336 0.0015625 0.0020833333333333333
1 0.77109375 0.4552083333333333 0.0015625 0.0020833333333333333
1 0.64921875 0.45625 0.0015625 0.004166666666666667
1 0.58984375 0.4552083333333333 0.0015625 0.0020833333333333333
1 0.39296875 0.453125 0.0015625 0.00625
1 0.37421875 0.4510416666666667 0.0015625 0.0020833333333333333
1 0.76171875 0.4510416666666667 0.0015625 0.00625
1 0.65390625 0.44895833333333335 0.0015625 0.0020833333333333333
1 0.58359375 0.4510416666666667 0.0015625 0.00625
1 0.77578125 0.4479166666666667 0.0015625 0.008333333333333333
1 0.77265625 0.440625 0.0015625 0.0020833333333333333
1 0.6515625 0.4427083333333333 0.00625 0.00625
1 0.45234375 0.44166666666666665 0.0015625 0.004166666666666667
1 0.384375 0.4427083333333333 0.0125 0.00625
1 0.36796875 0.440625 0.0015625 0.0020833333333333333
1 0.36484375 0.43854166666666666 0.0015625 0.0020833333333333333
1 0.35859375 0.43854166666666666 0.0015625 0.0020833333333333333
1 0.65859375 0.43645833333333334 0.0015625 0.0020833333333333333
1 0.75390625 0.434375 0.0015625 0.0020833333333333333
1 0.64765625 0.434375 0.0015625 0.0020833333333333333
1 0.64453125 0.434375 0.0015625 0.0020833333333333333
1 0.39453125 0.4354166666666667 0.0015625 0.004166666666666667
1 0.45546875 0.4322916666666667 0.0015625 0.0020833333333333333
1 0.6375 0.43020833333333336 0.00625 0.00625
1 0.64921875 0.42604166666666665 0.0015625 0.0020833333333333333
1 0.33828125 0.42291666666666666 0.0015625 0.004166666666666667
1 0.33828125 0.41770833333333335 0.0015625 0.0020833333333333333
1 0.33203125 0.415625 0.0015625 0.0020833333333333333
1 0.32578125 0.4166666666666667 0.0078125 0.004166666666666667
1 0.31484375 0.4125 0.0046875 0.004166666666666667
1 0.74609375 0.409375 0.0015625 0.0020833333333333333
1 0.73984375 0.40729166666666666 0.0015625 0.0020833333333333333
1 0.7453125 0.4041666666666667 0.003125 0.004166666666666667
1 0.628125 0.409375 0.00625 0.014583333333333334
1 0.63515625 0.390625 0.0015625 0.0020833333333333333
1 0.26796875 0.390625 0.0015625 0.0020833333333333333
1 0.26484375 0.3885416666666667 0.0015625 0.0020833333333333333
1 0.73125 0.3854166666666667 0.003125 0.004166666666666667
1 0.2734375 0.38229166666666664 0.003125 0.0020833333333333333
1 0.25703125 0.38333333333333336 0.0109375 0.008333333333333333
1 0.28671875 0.3729166666666667 0.0015625 0.004166666666666667
1 0.2015625 0.3697916666666667 0.003125 0.0020833333333333333
1 0.165625 0.3697916666666667 0.009375 0.0020833333333333333
1 0.621875 0.3697916666666667 0.00625 0.00625
1 0.75 0.365625 0.003125 0.0020833333333333333
1 0.74609375 0.365625 0.0015625 0.0020833333333333333
1 0.62109375 0.3614583333333333 0.0015625 0.0020833333333333333
1 0.60078125 0.3614583333333333 0.0015625 0.0020833333333333333
1 0.59296875 0.3625 0.0015625 0.004166666666666667
1 0.71796875 0.3572916666666667 0.0046875 0.00625
1 0.58359375 0.3489583333333333 0.0015625 0.0020833333333333333
1 0.6078125 0.3416666666666667 0.003125 0.004166666666666667
1 0.60078125 0.340625 0.0015625 0.0020833333333333333
1 0.8375 0.334375 0.025 0.0020833333333333333
1 0.59921875 0.334375 0.0015625 0.00625
1 0.8796875 0.33229166666666665 0.009375 0.00625
1 0.84921875 0.3302083333333333 0.0015625 0.0020833333333333333
1 0.74921875 0.33125 0.0015625 0.004166666666666667
1 0.74375 0.3302083333333333 0.00625 0.0020833333333333333
1 0.915625 0.328125 0.00625 0.0020833333333333333
1 0.87265625 0.328125 0.0015625 0.0020833333333333333
1 0.86953125 0.328125 0.0015625 0.0020833333333333333
1 0.93203125 0.3260416666666667 0.0015625 0.0020833333333333333
1 0.82265625 0.3260416666666667 0.0015625 0.0020833333333333333
1 0.81953125 0.3260416666666667 0.0015625 0.0020833333333333333
1 0.81640625 0.3260416666666667 0.0015625 0.0020833333333333333
1 0.81328125 0.3260416666666667 0.0015625 0.0020833333333333333
1 0.81015625 0.3260416666666667 0.0015625 0.0020833333333333333
1 0.80703125 0.3260416666666667 0.0015625 0.0020833333333333333
1 0.80390625 0.3260416666666667 0.0015625 0.0020833333333333333
1 0.80078125 0.3260416666666667 0.0015625 0.0020833333333333333
1 0.775 0.32708333333333334 0.003125 0.004166666666666667
1 0.60078125 0.3260416666666667 0.0015625 0.0020833333333333333
1 0.925 0.325 0.003125 0.004166666666666667
1 0.91796875 0.32395833333333335 0.0015625 0.0020833333333333333
1 0.59453125 0.32395833333333335 0.0015625 0.0020833333333333333
1 0.9125 0.321875 0.003125 0.0020833333333333333
1 0.75546875 0.321875 0.0078125 0.0020833333333333333
1 0.82265625 0.31979166666666664 0.0015625 0.0020833333333333333
1 0.81953125 0.31979166666666664 0.0015625 0.0020833333333333333
1 0.81640625 0.31979166666666664 0.0015625 0.0020833333333333333
1 0.81328125 0.31979166666666664 0.0015625 0.0020833333333333333
1 0.81015625 0.31979166666666664 0.0015625 0.0020833333333333333
1 0.80703125 0.31979166666666664 0.0015625 0.0020833333333333333
1 0.80390625 0.31979166666666664 0.0015625 0.0020833333333333333
1 0.86953125 0.3177083333333333 0.0015625 0.0020833333333333333
1 0.86640625 0.3177083333333333 0.0015625 0.0020833333333333333
1 0.92890625 0.315625 0.0015625 0.0020833333333333333
1 0.88203125 0.3177083333333333 0.0171875 0.00625
1 0.73671875 0.315625 0.0015625 0.0020833333333333333
1 0.4859375 0.321875 0.003125 0.014583333333333334
1 0.8984375 0.3145833333333333 0.00625 0.004166666666666667
1 0.90859375 0.31145833333333334 0.0015625 0.0020833333333333333
1 0.92421875 0.309375 0.0015625 0.0020833333333333333
1 0.69296875 0.3072916666666667 0.0015625 0.0020833333333333333
1 0.96328125 0.30104166666666665 0.0015625 0.0020833333333333333
1 0.975 0.3 0.003125 0.004166666666666667
1 0.9671875 0.2989583333333333 0.003125 0.0020833333333333333
1 0.959375 0.2989583333333333 0.003125 0.0020833333333333333
1 0.971875 0.2947916666666667 0.003125 0.0020833333333333333
1 0.78984375 0.6458333333333334 0.4203125 0.7083333333333334
1 0.98984375 0.29270833333333335 0.0015625 0.0020833333333333333
1 0.98203125 0.2916666666666667 0.0015625 0.004166666666666667
1 0.68828125 0.28854166666666664 0.0015625 0.0020833333333333333
1 0.47734375 0.278125 0.0015625 0.0020833333333333333
1 0.99921875 0.27395833333333336 0.0015625 0.0020833333333333333
1 0.46796875 0.25104166666666666 0.0015625 0.0020833333333333333
1 0.46171875 0.24479166666666666 0.0015625 0.0020833333333333333
1 0.99375 0.2125 0.003125 0.004166666666666667
1 0.99296875 0.20729166666666668 0.0015625 0.0020833333333333333
1 0.98046875 0.203125 0.0015625 0.0020833333333333333
1 0.97109375 0.20104166666666667 0.0015625 0.0020833333333333333
1 0.99765625 0.20208333333333334 0.0046875 0.008333333333333333
1 0.98046875 0.19895833333333332 0.0015625 0.0020833333333333333
1 0.97421875 0.19895833333333332 0.0015625 0.0020833333333333333
1 0.95859375 0.196875 0.0015625 0.0020833333333333333
1 0.4359375 0.19375 0.003125 0.004166666666666667
1 0.8234375 0.190625 0.003125 0.0020833333333333333
1 0.80078125 0.18854166666666666 0.0015625 0.0020833333333333333
1 0.77890625 0.18854166666666666 0.0171875 0.0020833333333333333
1 0.7609375 0.18645833333333334 0.00625 0.0020833333333333333
1 0.4171875 0.184375 0.003125 0.0020833333333333333
1 0.8859375 0.18645833333333334 0.078125 0.010416666666666666
1 0.809375 0.18541666666666667 0.0125 0.008333333333333333
1 0.42734375 0.18229166666666666 0.0015625 0.0020833333333333333
1 0.77578125 0.18020833333333333 0.0015625 0.0020833333333333333
1 0.7546875 0.18229166666666666 0.0125 0.00625
1 0.92109375 0.178125 0.0015625 0.0020833333333333333
1 0.91796875 0.178125 0.0015625 0.0020833333333333333
1 0.91484375 0.178125 0.0015625 0.0020833333333333333
1 0.91171875 0.178125 0.0015625 0.0020833333333333333
1 0.90859375 0.178125 0.0015625 0.0020833333333333333
1 0.90546875 0.178125 0.0015625 0.0020833333333333333
1 0.90234375 0.178125 0.0015625 0.0020833333333333333
1 0.79140625 0.17916666666666667 0.0171875 0.004166666666666667
1 0.41953125 0.178125 0.0015625 0.0020833333333333333
1 0.94453125 0.17395833333333333 0.0015625 0.0020833333333333333
1 0.94140625 0.17395833333333333 0.0015625 0.0020833333333333333
1 0.89921875 0.17395833333333333 0.0015625 0.0020833333333333333
1 0.93515625 0.17291666666666666 0.0078125 0.004166666666666667
1 0.93359375 0.17916666666666667 0.0203125 0.016666666666666666
1 0.86171875 0.171875 0.0078125 0.0020833333333333333
1 0.71953125 0.171875 0.0015625 0.0020833333333333333
1 0.71640625 0.171875 0.0015625 0.0020833333333333333
1 0.603125 0.17291666666666666 0.003125 0.004166666666666667
1 0.70234375 0.16979166666666667 0.0015625 0.0020833333333333333
1 0.89765625 0.16666666666666666 0.0015625 0.004166666666666667
1 0.89453125 0.16666666666666666 0.0015625 0.004166666666666667
1 0.89140625 0.16666666666666666 0.0015625 0.004166666666666667
1 0.88828125 0.16666666666666666 0.0015625 0.004166666666666667
1 0.88515625 0.16666666666666666 0.0015625 0.004166666666666667
1 0.88203125 0.16666666666666666 0.0015625 0.004166666666666667
1 0.87890625 0.16666666666666666 0.0015625 0.004166666666666667
1 0.84453125 0.17604166666666668 0.0640625 0.022916666666666665
1 0.81015625 0.165625 0.0015625 0.0020833333333333333
1 0.80546875 0.165625 0.0046875 0.0020833333333333333
1 0.59765625 0.165625 0.0015625 0.0020833333333333333
1 0.703125 0.16666666666666666 0.015625 0.008333333333333333
1 0.52578125 0.16354166666666667 0.0015625 0.0020833333333333333
1 0.36640625 0.16354166666666667 0.0015625 0.0020833333333333333
1 0.35546875 0.16354166666666667 0.0015625 0.0020833333333333333
1 0.33828125 0.16354166666666667 0.0015625 0.0020833333333333333
1 0.5296875 0.1625 0.003125 0.004166666666666667
1 0.69140625 0.16145833333333334 0.0046875 0.00625
1 0.59296875 0.16041666666666668 0.0078125 0.004166666666666667
1 0.58515625 0.15729166666666666 0.0015625 0.0020833333333333333
1 0.6 0.15833333333333333 0.003125 0.008333333333333333
1 0.54140625 0.15520833333333334 0.0015625 0.0020833333333333333
1 0.5203125 0.15625 0.003125 0.004166666666666667
1 0.59375 0.15208333333333332 0.003125 0.004166666666666667
1 0.5796875 0.153125 0.009375 0.00625
1 0.5203125 0.15104166666666666 0.003125 0.0020833333333333333
1 0.33125 0.15416666666666667 0.00625 0.008333333333333333
1 0.5484375 0.15 0.003125 0.004166666666666667
1 0.54375 0.14895833333333333 0.003125 0.0020833333333333333
1 0.6921875 0.14479166666666668 0.015625 0.010416666666666666
1 0.6578125 0.140625 0.003125 0.0020833333333333333
1 0.5703125 0.140625 0.003125 0.0020833333333333333
1 0.32890625 0.14166666666666666 0.0015625 0.004166666666666667
1 0.60078125 0.14479166666666668 0.0046875 0.014583333333333334
1 0.59296875 0.13854166666666667 0.0046875 0.0020833333333333333
1 0.50546875 0.13854166666666667 0.0015625 0.0020833333333333333
1 0.68046875 0.13645833333333332 0.0015625 0.0020833333333333333
1 0.64453125 0.13645833333333332 0.0015625 0.0020833333333333333
1 0.51484375 0.140625 0.0140625 0.010416666666666666
1 0.44140625 0.13645833333333332 0.0015625 0.0020833333333333333
1 0.43828125 0.13645833333333332 0.0015625 0.0020833333333333333
1 0.78046875 0.15625 0.0890625 0.04583333333333333
1 0.58984375 0.134375 0.0046875 0.0020833333333333333
1 0.67109375 0.1375 0.0265625 0.0125
1 0.33046875 0.12395833333333334 0.0015625 0.0020833333333333333
1 0.3859375 0.121875 0.009375 0.0020833333333333333
1 0.36796875 0.121875 0.0015625 0.0020833333333333333
1 0.34296875 0.11770833333333333 0.0046875 0.00625
1 0.32890625 0.115625 0.0015625 0.0020833333333333333
1 0.6359375 0.11770833333333333 0.00625 0.010416666666666666
1 0.37109375 0.11354166666666667 0.0046875 0.0020833333333333333
1 0.63671875 0.109375 0.0015625 0.0020833333333333333
1 0.59140625 0.109375 0.0015625 0.0020833333333333333
1 0.64609375 0.10729166666666666 0.0015625 0.0020833333333333333
1 0.65078125 0.10729166666666666 0.0015625 0.00625
1 0.63046875 0.10833333333333334 0.0015625 0.008333333333333333
1 0.58984375 0.1 0.0046875 0.0125
1 0.0109375 0.09375 0.003125 0.008333333333333333
1 0.01015625 0.084375 0.0015625 0.0020833333333333333
1 0.61953125 0.078125 0.0015625 0.0020833333333333333
1 0.57890625 0.07395833333333333 0.0015625 0.0020833333333333333
1 0.6203125 0.06875 0.003125 0.004166666666666667
1 0.58359375 0.065625 0.0015625 0.0020833333333333333
1 0.61953125 0.059375 0.0015625 0.0020833333333333333
1 0.5890625 0.05625 0.003125 0.004166666666666667
1 0.58359375 0.05416666666666667 0.0015625 0.0125
1 0.49921875 0.04895833333333333 0.0015625 0.0020833333333333333
1 0.57734375 0.046875 0.0015625 0.0020833333333333333
1 0.57890625 0.042708333333333334 0.0015625 0.0020833333333333333
1 0.975 0.10833333333333334 0.05 0.15
1 0.58359375 0.03854166666666667 0.0015625 0.010416666666666666
1 0.61953125 0.03333333333333333 0.0015625 0.004166666666666667
1 0.38984375 0.03229166666666667 0.0046875 0.0020833333333333333
1 0.58359375 0.029166666666666667 0.0015625 0.004166666666666667
1 0.62421875 0.026041666666666668 0.0046875 0.0020833333333333333
1 0.6140625 0.020833333333333332 0.003125 0.004166666666666667
1 0.5953125 0.009375 0.003125 0.00625
1 0.60234375 0.00625 0.0015625 0.004166666666666667
1 0.8375 0.016666666666666666 0.025 0.03333333333333333
1 0.775 0.016666666666666666 0.05 0.03333333333333333
1 0.6625 0.016666666666666666 0.025 0.03333333333333333
1 0.3046875 0.5 0.609375 1.0
1 0.03203125 0.0010416666666666667 0.0046875 0.0020833333333333333
