0 0.73671875 0.621875 0.0015625 0.0020833333333333333
0 0.76328125 0.6010416666666667 0.0015625 0.0020833333333333333
0 0.8671875 0.459375 0.015625 0.01875
0 0.88359375 0.43645833333333334 0.0015625 0.0020833333333333333
0 0.87734375 0.43645833333333334 0.0078125 0.00625
0 0.89140625 0.428125 0.0046875 0.010416666666666666
0 0.90078125 0.3958333333333333 0.0046875 0.008333333333333333
0 0.91640625 0.340625 0.0046875 0.014583333333333334
0 0.91953125 0.303125 0.0015625 0.0020833333333333333
0 0.90859375 0.28125 0.0015625 0.004166666666666667
0 0.9140625 0.2760416666666667 0.009375 0.01875
0 0.34140625 0.16770833333333332 0.0015625 0.0020833333333333333
0 0.61875 0.39479166666666665 0.5875 0.5104166666666666
0 0.77265625 0.121875 0.0453125 0.01875
1 0.63671875 0.9989583333333333 0.0015625 0.0020833333333333333
1 0.98984375 0.9958333333333333 0.0078125 0.008333333333333333
1 0.309375 0.99375 0.003125 0.004166666666666667
1 0.77734375 0.9875 0.0046875 0.004166666666666667
1 0.77265625 0.9864583333333333 0.0015625 0.0020833333333333333
1 0.76953125 0.9864583333333333 0.0015625 0.0020833333333333333
1 0.76953125 0.9802083333333333 0.0015625 0.0020833333333333333
1 0.33671875 0.9489583333333333 0.0015625 0.0020833333333333333
1 0.56328125 0.878125 0.0015625 0.0020833333333333333
1 0.62421875 0.8416666666666667 0.0015625 0.004166666666666667
1 0.6109375 0.815625 0.003125 0.0020833333333333333
1 0.73671875 0.7854166666666667 0.0015625 0.004166666666666667
1 0.7484375 0.7604166666666666 0.003125 0.008333333333333333
1 0.515625 0.6895833333333333 0.003125 0.004166666666666667
1 0.51875 0.675 0.003125 0.004166666666666667
1 0.92265625 0.6677083333333333 0.0046875 0.0020833333333333333
1 0.72265625 0.665625 0.0078125 0.00625
1 0.7125 0.6635416666666667 0.00625 0.0020833333333333333
1 0.66796875 0.659375 0.0015625 0.0020833333333333333
1 0.63828125 0.6604166666666667 0.0015625 0.004166666666666667
1 0.68359375 0.659375 0.0078125 0.00625
1 0.5046875 0.828125 0.346875 0.34375
1 0.63671875 0.6552083333333333 0.0015625 0.0020833333333333333
1 0.62578125 0.6614583333333334 0.0046875 0.014583333333333334
1 0.69921875 0.653125 0.0015625 0.0020833333333333333
1 0.93046875 0.6489583333333333 0.0015625 0.0020833333333333333
1 0.72578125 0.6489583333333333 0.0015625 0.0020833333333333333
1 0.72265625 0.6489583333333333 0.0015625 0.0020833333333333333
1 0.7140625 0.6489583333333333 0.003125 0.0020833333333333333
1 0.71875 0.6458333333333334 0.003125 0.004166666666666667
1 0.62421875 0.6364583333333333 0.0015625 0.0020833333333333333
1 0.7625 0.634375 0.009375 0.0020833333333333333
1 0.63125 0.634375 0.003125 0.0020833333333333333
1 0.6203125 0.634375 0.003125 0.0020833333333333333
1 0.61015625 0.6416666666666667 0.0046875 0.020833333333333332
1 0.62109375 0.6302083333333334 0.0015625 0.0020833333333333333
1 0.76484375 0.628125 0.0015625 0.0020833333333333333
1 0.60546875 0.6260416666666667 0.0015625 0.0020833333333333333
1 0.76171875 0.6177083333333333 0.0046875 0.0020833333333333333
1 0.60234375 0.6104166666666667 0.0046875 0.008333333333333333
1 0.77265625 0.6052083333333333 0.0015625 0.0020833333333333333
1 0.584375 0.6072916666666667 0.003125 0.00625
1 0.77890625 0.8 0.4421875 0.4
1 0.58828125 0.6010416666666667 0.0015625 0.0020833333333333333
1 0.78984375 0.5947916666666667 0.0015625 0.0020833333333333333
1 0.80078125 0.590625 0.0015625 0.0020833333333333333
1 0.80625 0.5895833333333333 0.003125 0.004166666666666667
1 0.7984375 0.5864583333333333 0.003125 0.0020833333333333333
1 0.60546875 0.5875 0.0015625 0.004166666666666667
1 0.60859375 0.578125 0.0015625 0.0020833333333333333
1 0.61953125 0.5760416666666667 0.0015625 0.0020833333333333333
1 0.60078125 0.5760416666666667 0.0015625 0.0020833333333333333
1 0.8171875 0.5729166666666666 0.003125 0.004166666666666667
1 0.58046875 0.5729166666666666 0.0046875 0.004166666666666667
1 0.63046875 0.5697916666666667 0.0015625 0.0020833333333333333
1 0.5421875 0.5666666666666667 0.003125 0.004166666666666667
1 0.84453125 0.5645833333333333 0.0015625 0.004166666666666667
1 0.815625 0.565625 0.003125 0.00625
1 0.53828125 0.5635416666666667 0.0015625 0.0020833333333333333
1 0.84765625 0.559375 0.0046875 0.0020833333333333333
1 0.82734375 0.5604166666666667 0.0046875 0.004166666666666667
1 0.5296875 0.559375 0.003125 0.0020833333333333333
1 0.52578125 0.5572916666666666 0.0015625 0.0020833333333333333
1 0.82578125 0.5552083333333333 0.0015625 0.0020833333333333333
1 0.8359375 0.5489583333333333 0.009375 0.00625
1 0.51796875 0.55 0.0046875 0.008333333333333333
1 0.85078125 0.5322916666666667 0.0015625 0.0020833333333333333
1 0.85078125 0.528125 0.0015625 0.0020833333333333333
1 0.8703125 0.5208333333333334 0.003125 0.008333333333333333
1 0.8625 0.51875 0.00625 0.008333333333333333
1 0.86484375 0.509375 0.0015625 0.0020833333333333333
1 0.50078125 0.49583333333333335 0.0015625 0.004166666666666667
1 0.48515625 0.49270833333333336 0.0203125 0.010416666666666666
1 0.47421875 0.4895833333333333 0.0046875 0.004166666666666667
1 0.46328125 0.46979166666666666 0.0015625 0.0020833333333333333
1 0.89296875 0.465625 0.0015625 0.0020833333333333333
1 0.89609375 0.45729166666666665 0.0015625 0.0020833333333333333
1 0.90078125 0.446875 0.0015625 0.00625
1 0.90390625 0.434375 0.0015625 0.0020833333333333333
1 0.91328125 0.421875 0.0015625 0.0020833333333333333
1 0.90859375 0.415625 0.0015625 0.0020833333333333333
1 0.91328125 0.4125 0.0015625 0.004166666666666667
1 0.91171875 0.4010416666666667 0.0015625 0.0020833333333333333
1 0.37734375 0.39791666666666664 0.0046875 0.004166666666666667
1 0.36328125 0.3885416666666667 0.0015625 0.0020833333333333333
1 0.35546875 0.38645833333333335 0.0078125 0.00625
1 0.91953125 0.38333333333333336 0.0046875 0.008333333333333333
1 0.3390625 0.37916666666666665 0.021875 0.020833333333333332
1 0.35078125 0.28958333333333336 0.0015625 0.004166666666666667
1 0.42578125 0.284375 0.0015625 0.0020833333333333333
1 0.42109375 0.284375 0.0015625 0.0020833333333333333
1 0.41796875 0.284375 0.0015625 0.0020833333333333333
1 0.4109375 0.28541666666666665 0.009375 0.004166666666666667
1 0.3796875 0.2864583333333333 0.05 0.010416666666666666
1 0.37421875 0.278125 0.0015625 0.0020833333333333333
1 0.39453125 0.27395833333333336 0.0359375 0.010416666666666666
1 0.39453125 0.26979166666666665 0.0015625 0.0020833333333333333
1 0.39609375 0.265625 0.0046875 0.0020833333333333333
1 0.37890625 0.25416666666666665 0.0171875 0.020833333333333332
1 0.36171875 0.23854166666666668 0.0015625 0.0020833333333333333
1 0.3640625 0.2375 0.009375 0.008333333333333333
1 0.921875 0.24375 0.009375 0.025
1 0.3546875 0.22291666666666668 0.003125 0.004166666666666667
1 0.91015625 0.209375 0.0015625 0.0020833333333333333
1 0.90703125 0.209375 0.0015625 0.0020833333333333333
1 0.90390625 0.209375 0.0015625 0.0020833333333333333
1 0.89140625 0.209375 0.0015625 0.0020833333333333333
1 0.90078125 0.20833333333333334 0.0015625 0.004166666666666667
1 0.33828125 0.20625 0.0015625 0.004166666666666667
1 0.88046875 0.203125 0.0015625 0.0020833333333333333
1 0.65703125 0.203125 0.0015625 0.0020833333333333333
1 0.65390625 0.203125 0.0015625 0.0020833333333333333
1 0.65078125 0.203125 0.0015625 0.0020833333333333333
1 0.88359375 0.19895833333333332 0.0078125 0.0020833333333333333
1 0.8765625 0.2 0.003125 0.004166666666666667
1 0.87265625 0.19895833333333332 0.0015625 0.0020833333333333333
1 0.7125 0.2 0.021875 0.004166666666666667
1 0.66484375 0.19895833333333332 0.0015625 0.0020833333333333333
1 0.33515625 0.196875 0.0015625 0.0020833333333333333
1 0.72578125 0.19479166666666667 0.0015625 0.00625
1 0.3328125 0.190625 0.003125 0.00625
1 0.5671875 0.18854166666666666 0.003125 0.00625
1 0.53203125 0.18645833333333334 0.0171875 0.00625
1 0.865625 0.190625 0.009375 0.01875
1 0.72578125 0.18229166666666666 0.0015625 0.0020833333333333333
1 0.51875 0.18229166666666666 0.003125 0.0020833333333333333
1 0.8609375 0.18125 0.003125 0.004166666666666667
1 0.57109375 0.18125 0.0046875 0.004166666666666667
1 0.86328125 0.178125 0.0015625 0.0020833333333333333
1 0.84453125 0.178125 0.0015625 0.0020833333333333333
1 0.86015625 0.17604166666666668 0.0015625 0.0020833333333333333
1 0.85703125 0.17604166666666668 0.0015625 0.0020833333333333333
1 0.50859375 0.17916666666666667 0.0046875 0.008333333333333333
1 0.84140625 0.17395833333333333 0.0015625 0.0020833333333333333
1 0.53046875 0.171875 0.0015625 0.0020833333333333333
1 0.51953125 0.171875 0.0015625 0.0020833333333333333
1 0.84765625 0.16770833333333332 0.0015625 0.0020833333333333333
1 0.725 0.17291666666666666 0.003125 0.0125
1 0.33671875 0.16770833333333332 0.0015625 0.0020833333333333333
1 0.33203125 0.16354166666666667 0.0015625 0.0020833333333333333
1 0.73046875 0.16354166666666667 0.0046875 0.00625
1 0.72890625 0.15729166666666666 0.0015625 0.0020833333333333333
1 0.3546875 0.153125 0.003125 0.0020833333333333333
1 0.340625 0.15625 0.01875 0.008333333333333333
1 0.9875 0.15833333333333333 0.025 0.016666666666666666
1 0.359375 0.15104166666666666 0.003125 0.0020833333333333333
1 0.840625 0.15625 0.00625 0.016666666666666666
1 0.37421875 0.14895833333333333 0.0015625 0.0020833333333333333
1 0.3671875 0.14895833333333333 0.00625 0.0020833333333333333
1 0.99765625 0.14791666666666667 0.0046875 0.004166666666666667
1 0.4125 0.14791666666666667 0.0125 0.004166666666666667
1 0.34921875 0.146875 0.0015625 0.0020833333333333333
1 0.73046875 0.14479166666666668 0.0015625 0.0020833333333333333
1 0.83203125 0.14895833333333333 0.0140625 0.014583333333333334
1 0.73671875 0.14270833333333333 0.0015625 0.0020833333333333333
1 0.74140625 0.14166666666666666 0.0015625 0.004166666666666667
1 0.72890625 0.13854166666666667 0.0015625 0.0020833333333333333
1 0.42109375 0.13854166666666667 0.0015625 0.0020833333333333333
1 0.4078125 0.13854166666666667 0.003125 0.0020833333333333333
1 0.8484375 0.1375 0.003125 0.008333333333333333
1 0.73359375 0.12708333333333333 0.0015625 0.008333333333333333
1 0.73046875 0.128125 0.0015625 0.010416666666666666
1 0.7515625 0.115625 0.003125 0.0020833333333333333
1 0.75703125 0.11354166666666667 0.0015625 0.0020833333333333333
1 0.73515625 0.11354166666666667 0.0078125 0.010416666666666666
1 0.79453125 0.10625 0.0046875 0.004166666666666667
1 0.78203125 0.10625 0.0015625 0.004166666666666667
1 0.74453125 0.10833333333333334 0.0078125 0.008333333333333333
1 0.8125 0.11770833333333333 0.025 0.035416666666666666
1 0.728125 0.10208333333333333 0.00625 0.004166666666666667
1 0.70390625 0.10625 0.0078125 0.0125
1 0.76640625 0.1 0.0015625 0.004166666666666667
1 0.76328125 0.1 0.0015625 0.004166666666666667
1 0.76015625 0.1 0.0015625 0.004166666666666667
1 0.75703125 0.1 0.0015625 0.004166666666666667
1 0.75390625 0.1 0.0015625 0.004166666666666667
1 0.75 0.1 0.003125 0.004166666666666667
1 0.590625 0.06354166666666666 0.003125 0.0020833333333333333
1 0.58671875 0.06354166666666666 0.0015625 0.0020833333333333333
1 0.74375 0.058333333333333334 0.003125 0.004166666666666667
1 0.090625 0.053125 0.003125 0.0020833333333333333
1 0.67421875 0.051041666666666666 0.0015625 0.0020833333333333333
1 0.67109375 0.04895833333333333 0.0015625 0.0020833333333333333
1 0.725 0.052083333333333336 0.025 0.0125
1 0.709375 0.046875 0.003125 0.0020833333333333333
1 0.675 0.04479166666666667 0.003125 0.0020833333333333333
1 0.74453125 0.04583333333333333 0.0046875 0.008333333333333333
1 0.7046875 0.04375 0.003125 0.008333333333333333
1 0.70078125 0.041666666666666664 0.0015625 0.004166666666666667
1 0.7109375 0.040625 0.00625 0.00625
1 0.74921875 0.036458333333333336 0.0015625 0.0020833333333333333
1 0.71015625 0.034375 0.0015625 0.0020833333333333333
1 0.61875 0.03958333333333333 0.00625 0.0125
1 0.73671875 0.03229166666666667 0.0015625 0.0020833333333333333
1 0.63515625 0.11770833333333333 0.1015625 0.17291666666666666
1 0.9625 0.06979166666666667 0.075 0.13958333333333334
1 0.78203125 0.016666666666666666 0.0140625 0.03333333333333333
1 0.71484375 0.029166666666666667 0.0703125 0.058333333333333334
1 0.30078125 0.5 0.6015625 1.0
