0 0.20078125 0.8760416666666667 0.0078125 0.04791666666666667
0 0.20546875 0.846875 0.0015625 0.00625
0 0.20703125 0.8302083333333333 0.0015625 0.00625
0 0.20859375 0.815625 0.0015625 0.0020833333333333333
0 0.21015625 0.8083333333333333 0.0015625 0.004166666666666667
0 0.21171875 0.803125 0.0015625 0.0020833333333333333
0 0.2515625 0.7677083333333333 0.003125 0.0020833333333333333
0 0.34453125 0.746875 0.0015625 0.0020833333333333333
0 0.65078125 0.7322916666666667 0.0015625 0.0020833333333333333
0 0.42578125 0.7354166666666667 0.1359375 0.08333333333333333
0 0.36640625 0.665625 0.0015625 0.0020833333333333333
0 0.59296875 0.6552083333333333 0.0015625 0.0020833333333333333
0 0.58671875 0.6447916666666667 0.0015625 0.0020833333333333333
0 0.55078125 0.609375 0.0015625 0.0020833333333333333
0 0.54765625 0.6072916666666667 0.0015625 0.0020833333333333333
0 0.6484375 0.634375 0.2875 0.19791666666666666
0 0.49921875 0.5177083333333333 0.0015625 0.0020833333333333333
0 0.621875 0.55 0.109375 0.08333333333333333
0 0.44609375 0.4947916666666667 0.0015625 0.00625
0 0.7890625 0.5010416666666667 0.028125 0.07708333333333334
0 0.79296875 0.4635416666666667 0.0015625 0.0020833333333333333
0 0.32421875 0.3927083333333333 0.0171875 0.0020833333333333333
0 0.303125 0.3927083333333333 0.003125 0.0020833333333333333
0 0.27109375 0.4 0.0171875 0.020833333333333332
0 0.25546875 0.38229166666666664 0.0015625 0.0020833333333333333
0 0.25234375 0.38229166666666664 0.0015625 0.0020833333333333333
0 0.36953125 0.434375 0.1609375 0.11875
0 0.44921875 0.3697916666666667 0.0015625 0.0020833333333333333
0 0.24453125 0.3697916666666667 0.0015625 0.0020833333333333333
0 0.44453125 0.3645833333333333 0.0015625 0.004166666666666667
0 0.44609375 0.35520833333333335 0.0015625 0.0020833333333333333
0 0.44765625 0.34479166666666666 0.0015625 0.0020833333333333333
0 0.45234375 0.3260416666666667 0.0015625 0.0020833333333333333
0 0.45390625 0.31979166666666664 0.0015625 0.0020833333333333333
0 0.45546875 0.31354166666666666 0.0015625 0.0020833333333333333
0 0.25234375 0.31354166666666666 0.0015625 0.0020833333333333333
0 0.2484375 0.31354166666666666 0.003125 0.0020833333333333333
0 0.21328125 0.29583333333333334 0.0265625 0.016666666666666666
0 0.20390625 0.284375 0.0015625 0.0020833333333333333
0 0.37734375 0.49375 0.3296875 0.6125
0 0.8890625 0.14895833333333333 0.003125 0.0020833333333333333
0 0.87578125 0.15520833333333334 0.0109375 0.01875
0 0.88984375 0.11770833333333333 0.0015625 0.0020833333333333333
0 0.71328125 0.19479166666666667 0.3390625 0.16875
0 0.378125 0.24479166666666666 0.2375 0.26875
0 0.50390625 0.103125 0.0015625 0.0020833333333333333
0 0.90234375 0.09895833333333333 0.0015625 0.0020833333333333333
0 0.8921875 0.12083333333333333 0.021875 0.04583333333333333
1 0.2125 0.9364583333333333 0.003125 0.0020833333333333333
1 0.2078125 0.9364583333333333 0.003125 0.0020833333333333333
1 0.22265625 0.9333333333333333 0.0046875 0.004166666666666667
1 0.20625 0.9322916666666666 0.003125 0.0020833333333333333
1 0.20078125 0.9302083333333333 0.0015625 0.0020833333333333333
1 0.22890625 0.928125 0.0015625 0.0020833333333333333
1 0.19609375 0.91875 0.0046875 0.008333333333333333
1 0.19140625 0.915625 0.0015625 0.0020833333333333333
1 0.2375 0.9020833333333333 0.0125 0.04583333333333333
1 0.23515625 0.8302083333333333 0.0015625 0.0020833333333333333
1 0.24765625 0.7979166666666667 0.0015625 0.004166666666666667
1 0.2953125 0.7895833333333333 0.003125 0.0125
1 0.25625 0.825 0.040625 0.0875
1 0.2859375 0.7760416666666666 0.003125 0.0020833333333333333
1 0.29453125 0.771875 0.0015625 0.0020833333333333333
1 0.546875 0.7291666666666666 0.021875 0.0375
1 0.77890625 0.6760416666666667 0.0015625 0.0020833333333333333
1 0.7625 0.6875 0.025 0.025
1 0.78359375 0.6697916666666667 0.0015625 0.0020833333333333333
1 0.7859375 0.6645833333333333 0.003125 0.004166666666666667
1 0.79375 0.6520833333333333 0.003125 0.004166666666666667
1 0.80390625 0.6385416666666667 0.0078125 0.010416666666666666
1 0.81640625 0.6104166666666667 0.0078125 0.020833333333333332
1 0.63125 0.5979166666666667 0.0125 0.004166666666666667
1 0.82578125 0.5854166666666667 0.0015625 0.004166666666666667
1 0.66484375 0.5875 0.0078125 0.008333333333333333
1 0.8234375 0.5822916666666667 0.00625 0.035416666666666666
1 0.68671875 0.5645833333333333 0.0046875 0.004166666666666667
1 0.82109375 0.553125 0.0015625 0.0020833333333333333
1 0.684375 0.5447916666666667 0.003125 0.00625
1 0.81875 0.5395833333333333 0.003125 0.0125
1 0.68671875 0.5447916666666667 0.0078125 0.03125
1 0.68671875 0.521875 0.0015625 0.0020833333333333333
1 0.67421875 0.5135416666666667 0.0015625 0.0020833333333333333
1 0.81953125 0.5010416666666667 0.0015625 0.0020833333333333333
1 0.56484375 0.5010416666666667 0.0015625 0.0020833333333333333
1 0.81875 0.4947916666666667 0.003125 0.00625
1 0.82109375 0.4822916666666667 0.0015625 0.0020833333333333333
1 0.61328125 0.45208333333333334 0.0015625 0.004166666666666667
1 0.82890625 0.4510416666666667 0.0078125 0.035416666666666666
1 0.82265625 0.4114583333333333 0.0015625 0.0020833333333333333
1 0.42265625 0.37604166666666666 0.0015625 0.0020833333333333333
1 0.43515625 0.3697916666666667 0.0046875 0.0020833333333333333
1 0.24921875 0.30104166666666665 0.0015625 0.0020833333333333333
1 0.2359375 0.29270833333333335 0.01875 0.01875
1 0.84453125 0.27708333333333335 0.0359375 0.016666666666666666
1 0.64765625 0.38958333333333334 0.0546875 0.24166666666666667
1 0.62421875 0.2677083333333333 0.0015625 0.0020833333333333333
1 0.871875 0.2625 0.00625 0.004166666666666667
1 0.59140625 0.22604166666666667 0.0046875 0.010416666666666666
1 0.53515625 0.171875 0.0171875 0.014583333333333334
1 0.70703125 0.16145833333333334 0.0109375 0.00625
1 0.5328125 0.14479166666666668 0.003125 0.0020833333333333333
1 0.678125 0.146875 0.04375 0.022916666666666665
1 0.53125 0.13854166666666667 0.003125 0.00625
1 0.64296875 0.13125 0.0171875 0.016666666666666666
1 0.62578125 0.12395833333333334 0.0015625 0.0020833333333333333
1 0.6234375 0.11979166666666667 0.003125 0.0020833333333333333
1 0.55078125 0.10416666666666667 0.0015625 0.004166666666666667
1 0.54765625 0.103125 0.0015625 0.0020833333333333333
1 0.534375 0.109375 0.01875 0.014583333333333334
1 0.67109375 0.051041666666666666 0.0015625 0.0020833333333333333
1 0.64453125 0.04895833333333333 0.0015625 0.0020833333333333333
1 0.26328125 0.046875 0.0015625 0.0020833333333333333
1 0.50078125 0.042708333333333334 0.0015625 0.0020833333333333333
1 0.24453125 0.04375 0.0046875 0.004166666666666667
1 0.54765625 0.03854166666666667 0.0015625 0.0020833333333333333
1 0.54453125 0.03854166666666667 0.0015625 0.0020833333333333333
1 0.54140625 0.03854166666666667 0.0015625 0.0020833333333333333
1 0.53828125 0.03854166666666667 0.0015625 0.0020833333333333333
1 0.53515625 0.03854166666666667 0.0015625 0.0020833333333333333
1 0.53203125 0.03854166666666667 0.0015625 0.0020833333333333333
1 0.52890625 0.03854166666666667 0.0015625 0.0020833333333333333
1 0.52578125 0.03854166666666667 0.0015625 0.0020833333333333333
1 0.52265625 0.03854166666666667 0.0015625 0.0020833333333333333
1 0.51953125 0.03854166666666667 0.0015625 0.0020833333333333333
1 0.51640625 0.03854166666666667 0.0015625 0.0020833333333333333
1 0.51328125 0.03854166666666667 0.0015625 0.0020833333333333333
1 0.51015625 0.03854166666666667 0.0015625 0.0020833333333333333
1 0.50703125 0.03854166666666667 0.0015625 0.0020833333333333333
1 0.50390625 0.03854166666666667 0.0015625 0.0020833333333333333
1 0.34765625 0.03854166666666667 0.0015625 0.0020833333333333333
1 0.34453125 0.03854166666666667 0.0015625 0.0020833333333333333
1 0.34140625 0.03854166666666667 0.0015625 0.0020833333333333333
1 0.33828125 0.03854166666666667 0.0015625 0.0020833333333333333
1 0.33515625 0.03854166666666667 0.0015625 0.0020833333333333333
1 0.33203125 0.03854166666666667 0.0015625 0.0020833333333333333
1 0.32890625 0.03854166666666667 0.0015625 0.0020833333333333333
1 0.77421875 0.0375 0.0046875 0.008333333333333333
1 0.73125 0.0375 0.0125 0.008333333333333333
1 0.6875 0.035416666666666666 0.021875 0.004166666666666667
1 0.78203125 0.028125 0.0015625 0.0020833333333333333
1 0.78359375 0.023958333333333335 0.0015625 0.0020833333333333333
1 0.75390625 0.022916666666666665 0.0015625 0.008333333333333333
1 0.09765625 0.019791666666666666 0.0015625 0.0020833333333333333
1 0.09453125 0.019791666666666666 0.0015625 0.0020833333333333333
1 0.10078125 0.017708333333333333 0.0015625 0.0020833333333333333
1 0.11328125 0.016666666666666666 0.0015625 0.008333333333333333
1 0.16796875 0.028125 0.1234375 0.03125
1 0.10390625 0.015625 0.0015625 0.00625
1 0.09765625 0.009375 0.0015625 0.0020833333333333333
1 0.09453125 0.009375 0.0015625 0.0020833333333333333
1 0.09140625 0.009375 0.0015625 0.0020833333333333333
1 0.08828125 0.009375 0.0015625 0.0020833333333333333
1 0.08515625 0.009375 0.0015625 0.0020833333333333333
1 0.08203125 0.009375 0.0015625 0.0020833333333333333
1 0.07890625 0.009375 0.0015625 0.0020833333333333333
1 0.0671875 0.009375 0.015625 0.00625
1 0.05703125 0.008333333333333333 0.0015625 0.004166666666666667
1 0.05390625 0.008333333333333333 0.0015625 0.004166666666666667
1 0.04765625 0.007291666666666667 0.0015625 0.0020833333333333333
1 0.04453125 0.007291666666666667 0.0015625 0.0020833333333333333
1 0.04140625 0.007291666666666667 0.0015625 0.0020833333333333333
1 0.03828125 0.007291666666666667 0.0015625 0.0020833333333333333
1 0.05078125 0.007291666666666667 0.0015625 0.00625
1 0.79765625 0.010416666666666666 0.0453125 0.020833333333333332
1 0.50625 0.03958333333333333 0.515625 0.07916666666666666
1 0.01875 0.003125 0.015625 0.00625
