0 0.8203125 0.9729166666666667 0.003125 0.004166666666666667
0 0.9125 0.9770833333333333 0.025 0.04583333333333333
0 0.9046875 0.9270833333333334 0.009375 0.0125
0 0.86953125 0.8635416666666667 0.0078125 0.00625
0 0.50859375 0.8427083333333333 0.0015625 0.0020833333333333333
0 0.85234375 0.840625 0.0046875 0.014583333333333334
0 0.8359375 0.821875 0.021875 0.027083333333333334
0 0.48359375 0.7927083333333333 0.0015625 0.0020833333333333333
0 0.48203125 0.784375 0.0015625 0.0020833333333333333
0 0.60078125 0.7697916666666667 0.0015625 0.0020833333333333333
0 0.4875 0.7385416666666667 0.009375 0.014583333333333334
0 0.48671875 0.728125 0.0015625 0.0020833333333333333
0 0.4828125 0.725 0.003125 0.004166666666666667
0 0.58984375 0.715625 0.0015625 0.0020833333333333333
0 0.5859375 0.7166666666666667 0.003125 0.008333333333333333
0 0.81796875 0.709375 0.0015625 0.0020833333333333333
0 0.86328125 0.7010416666666667 0.0015625 0.0020833333333333333
0 0.58203125 0.6989583333333333 0.0015625 0.0020833333333333333
0 0.58203125 0.6927083333333334 0.0015625 0.0020833333333333333
0 0.80859375 0.690625 0.0015625 0.0020833333333333333
0 0.57890625 0.6864583333333333 0.0015625 0.0020833333333333333
0 0.49765625 0.684375 0.0015625 0.0020833333333333333
0 0.57578125 0.6833333333333333 0.0015625 0.004166666666666667
0 0.39296875 0.6822916666666666 0.0015625 0.0020833333333333333
0 0.5578125 0.6635416666666667 0.003125 0.0020833333333333333
0 0.490625 0.665625 0.00625 0.00625
0 0.784375 0.6635416666666667 0.003125 0.00625
0 0.7265625 0.6604166666666667 0.003125 0.008333333333333333
0 0.37421875 0.65625 0.0046875 0.008333333333333333
0 0.36875 0.646875 0.009375 0.00625
0 0.36796875 0.6427083333333333 0.0015625 0.0020833333333333333
0 0.540625 0.6302083333333334 0.003125 0.0020833333333333333
0 0.35546875 0.6260416666666667 0.0015625 0.0020833333333333333
0 0.55234375 0.6239583333333333 0.0015625 0.0020833333333333333
0 0.35859375 0.621875 0.0015625 0.0020833333333333333
0 0.5265625 0.625 0.003125 0.0125
0 0.35546875 0.6208333333333333 0.0015625 0.004166666666666667
0 0.35390625 0.6270833333333333 0.0171875 0.020833333333333332
0 0.52734375 0.615625 0.0015625 0.0020833333333333333
0 0.8234375 0.6166666666666667 0.003125 0.0125
0 0.72265625 0.6114583333333333 0.0015625 0.0020833333333333333
0 0.3375 0.6104166666666667 0.009375 0.008333333333333333
0 0.83359375 0.60625 0.0015625 0.004166666666666667
0 0.54140625 0.60625 0.0015625 0.004166666666666667
0 0.72265625 0.603125 0.0015625 0.0020833333333333333
0 0.328125 0.6020833333333333 0.00625 0.004166666666666667
0 0.53046875 0.59375 0.0078125 0.0125
0 0.909375 0.6 0.0125 0.029166666666666667
0 0.81796875 0.5822916666666667 0.0015625 0.0020833333333333333
0 0.47265625 0.5802083333333333 0.0046875 0.0020833333333333333
0 0.52578125 0.5760416666666667 0.0015625 0.0020833333333333333
0 0.3046875 0.5760416666666667 0.009375 0.010416666666666666
0 0.29140625 0.56875 0.0046875 0.004166666666666667
0 0.8171875 0.5635416666666667 0.00625 0.022916666666666665
0 0.28046875 0.5552083333333333 0.0078125 0.010416666666666666
0 0.81796875 0.5458333333333333 0.0015625 0.004166666666666667
0 0.27109375 0.54375 0.0046875 0.004166666666666667
0 0.80234375 0.5364583333333334 0.0015625 0.0020833333333333333
0 0.478125 0.5395833333333333 0.00625 0.0125
0 0.2875 0.5354166666666667 0.003125 0.004166666666666667
0 0.25078125 0.5354166666666667 0.0046875 0.004166666666666667
0 0.2359375 0.525 0.003125 0.004166666666666667
0 0.23828125 0.521875 0.0015625 0.0020833333333333333
0 0.26796875 0.5177083333333333 0.0015625 0.0020833333333333333
0 0.25859375 0.5177083333333333 0.0015625 0.0020833333333333333
0 0.821875 0.528125 0.00625 0.03958333333333333
0 0.69609375 0.509375 0.0015625 0.0020833333333333333
0 0.221875 0.5125 0.00625 0.008333333333333333
0 0.6984375 0.5052083333333334 0.003125 0.00625
0 0.86796875 0.5041666666666667 0.0140625 0.0125
0 0.85859375 0.49895833333333334 0.0015625 0.0020833333333333333
0 0.85546875 0.49895833333333334 0.0015625 0.0020833333333333333
0 0.85234375 0.49895833333333334 0.0015625 0.0020833333333333333
0 0.21015625 0.5020833333333333 0.0078125 0.008333333333333333
0 0.54609375 0.496875 0.0078125 0.00625
0 0.1984375 0.496875 0.003125 0.00625
0 0.43828125 0.5020833333333333 0.0265625 0.020833333333333332
0 0.39921875 0.49270833333333336 0.0015625 0.0020833333333333333
0 0.22109375 0.49270833333333336 0.0078125 0.010416666666666666
0 0.23828125 0.49375 0.0234375 0.020833333333333332
0 0.18671875 0.48125 0.0078125 0.0125
0 0.17109375 0.47708333333333336 0.0078125 0.004166666666666667
0 0.79921875 0.4739583333333333 0.0015625 0.0020833333333333333
0 0.44609375 0.471875 0.0015625 0.0020833333333333333
0 0.80546875 0.471875 0.0015625 0.00625
0 0.79921875 0.46979166666666666 0.0015625 0.0020833333333333333
0 0.79609375 0.46979166666666666 0.0015625 0.0020833333333333333
0 0.16015625 0.46875 0.0078125 0.004166666666666667
0 0.8640625 0.46875 0.003125 0.008333333333333333
0 0.19296875 0.465625 0.0015625 0.0020833333333333333
0 0.42734375 0.46458333333333335 0.0046875 0.004166666666666667
0 0.196875 0.46458333333333335 0.009375 0.0125
0 0.1453125 0.45729166666666665 0.009375 0.00625
0 0.1953125 0.45208333333333334 0.00625 0.004166666666666667
0 0.134375 0.45208333333333334 0.009375 0.004166666666666667
0 0.41953125 0.44479166666666664 0.0015625 0.0020833333333333333
0 0.54765625 0.4427083333333333 0.0015625 0.0020833333333333333
0 0.503125 0.44166666666666665 0.003125 0.004166666666666667
0 0.88046875 0.45 0.0046875 0.03333333333333333
0 0.5015625 0.434375 0.003125 0.0020833333333333333
0 0.11484375 0.4395833333333333 0.0203125 0.0125
0 0.10234375 0.434375 0.0015625 0.0020833333333333333
0 0.703125 0.43125 0.00625 0.004166666666666667
0 0.14609375 0.43020833333333336 0.0265625 0.01875
0 0.08671875 0.42291666666666666 0.0140625 0.008333333333333333
0 0.390625 0.42083333333333334 0.01875 0.020833333333333332
0 0.85859375 0.421875 0.0203125 0.027083333333333334
0 0.07109375 0.4114583333333333 0.0078125 0.00625
0 0.76328125 0.703125 0.2703125 0.59375
0 0.79921875 0.4166666666666667 0.0015625 0.029166666666666667
0 0.36015625 0.403125 0.0015625 0.0020833333333333333
0 0.51640625 0.4010416666666667 0.0015625 0.0020833333333333333
0 0.0515625 0.40208333333333335 0.003125 0.004166666666666667
0 0.5 0.41354166666666664 0.009375 0.035416666666666666
0 0.33671875 0.396875 0.0015625 0.0020833333333333333
0 0.12109375 0.4010416666666667 0.0078125 0.010416666666666666
0 0.51171875 0.39479166666666665 0.0015625 0.0020833333333333333
0 0.78671875 0.3927083333333333 0.0015625 0.0020833333333333333
0 0.0859375 0.396875 0.028125 0.01875
0 0.79765625 0.390625 0.0046875 0.010416666666666666
0 0.04765625 0.3854166666666667 0.0046875 0.0125
0 0.878125 0.3729166666666667 0.00625 0.0125
0 0.28046875 0.36875 0.0078125 0.004166666666666667
0 0.02421875 0.37395833333333334 0.0109375 0.014583333333333334
0 0.309375 0.3645833333333333 0.003125 0.004166666666666667
0 0.30390625 0.3645833333333333 0.0015625 0.004166666666666667
0 0.79296875 0.36770833333333336 0.0140625 0.014583333333333334
0 0.2546875 0.36354166666666665 0.009375 0.00625
0 0.78125 0.35625 0.003125 0.004166666666666667
0 0.2796875 0.35833333333333334 0.009375 0.008333333333333333
0 0.04375 0.3645833333333333 0.0375 0.020833333333333332
0 0.30234375 0.35104166666666664 0.0015625 0.0020833333333333333
0 0.72265625 0.3875 0.0484375 0.08333333333333333
0 0.2296875 0.3375 0.009375 0.016666666666666666
0 0.246875 0.32916666666666666 0.003125 0.004166666666666667
0 0.22734375 0.3260416666666667 0.0015625 0.0020833333333333333
0 0.890625 0.32916666666666666 0.003125 0.0125
0 0.0015625 0.32395833333333335 0.003125 0.00625
0 0.49140625 0.3541666666666667 0.0171875 0.07083333333333333
0 0.79453125 0.3302083333333333 0.0140625 0.027083333333333334
0 0.23671875 0.31979166666666664 0.0109375 0.010416666666666666
0 0.77578125 0.31145833333333334 0.0015625 0.0020833333333333333
0 0.77109375 0.31145833333333334 0.0015625 0.0020833333333333333
0 0.88359375 0.309375 0.0015625 0.0020833333333333333
0 0.8140625 0.31354166666666666 0.003125 0.010416666666666666
0 0.51015625 0.3375 0.0171875 0.06666666666666667
0 0.88359375 0.30416666666666664 0.0015625 0.004166666666666667
0 0.81875 0.30416666666666664 0.00625 0.008333333333333333
0 0.775 0.30416666666666664 0.003125 0.008333333333333333
0 0.8765625 0.29583333333333334 0.003125 0.004166666666666667
0 0.80625 0.2989583333333333 0.00625 0.010416666666666666
0 0.78359375 0.2947916666666667 0.0015625 0.0020833333333333333
0 0.79921875 0.290625 0.0015625 0.0020833333333333333
0 0.87734375 0.28854166666666664 0.0015625 0.0020833333333333333
0 0.7796875 0.2916666666666667 0.009375 0.008333333333333333
0 0.19375 0.28854166666666664 0.015625 0.00625
0 0.76796875 0.2916666666666667 0.0078125 0.016666666666666666
0 0.17578125 0.278125 0.0015625 0.0020833333333333333
0 0.49453125 0.278125 0.0203125 0.022916666666666665
0 0.13046875 0.2635416666666667 0.0015625 0.0020833333333333333
0 0.86640625 0.2625 0.0015625 0.004166666666666667
0 0.8515625 0.2625 0.003125 0.008333333333333333
0 0.128125 0.2604166666666667 0.00625 0.004166666666666667
0 0.10546875 0.26145833333333335 0.0015625 0.00625
0 0.11328125 0.25729166666666664 0.0015625 0.0020833333333333333
0 0.10703125 0.25729166666666664 0.0046875 0.00625
0 0.82109375 0.24895833333333334 0.0015625 0.0020833333333333333
0 0.2921875 0.6229166666666667 0.584375 0.7541666666666667
0 0.85859375 0.2375 0.0046875 0.008333333333333333
0 0.81953125 0.234375 0.0203125 0.027083333333333334
0 0.79921875 0.20416666666666666 0.0015625 0.004166666666666667
0 0.80234375 0.17083333333333334 0.0015625 0.004166666666666667
0 0.46484375 0.24270833333333333 0.0453125 0.14791666666666667
0 0.46328125 0.165625 0.0015625 0.0020833333333333333
0 0.778125 0.16458333333333333 0.00625 0.004166666666666667
0 0.78671875 0.14479166666666668 0.0015625 0.0020833333333333333
0 0.421875 0.121875 0.003125 0.0020833333333333333
0 0.41953125 0.13854166666666667 0.0359375 0.035416666666666666
0 0.40078125 0.11875 0.0015625 0.004166666666666667
0 0.78515625 0.4114583333333333 0.2703125 0.59375
0 0.64609375 0.115625 0.0015625 0.0020833333333333333
0 0.64296875 0.115625 0.0015625 0.0020833333333333333
0 0.2984375 0.090625 0.003125 0.0020833333333333333
0 0.446875 0.0875 0.003125 0.004166666666666667
0 0.29765625 0.058333333333333334 0.0296875 0.029166666666666667
1 0.50859375 0.99375 0.0015625 0.008333333333333333
1 0.6515625 0.9916666666666667 0.003125 0.008333333333333333
1 0.51171875 0.9927083333333333 0.0015625 0.014583333333333334
1 0.81484375 0.9802083333333333 0.0171875 0.022916666666666665
1 0.58515625 0.9708333333333333 0.0015625 0.004166666666666667
1 0.60078125 0.959375 0.0015625 0.014583333333333334
1 0.5046875 0.9760416666666667 0.00625 0.04791666666666667
1 0.5953125 0.959375 0.003125 0.01875
1 0.50859375 0.9510416666666667 0.0015625 0.0020833333333333333
1 0.51171875 0.9510416666666667 0.0015625 0.00625
1 0.58671875 0.946875 0.0015625 0.0020833333333333333
1 0.51015625 0.9427083333333334 0.0015625 0.00625
1 0.78046875 0.9385416666666667 0.0046875 0.00625
1 0.50234375 0.934375 0.0015625 0.0020833333333333333
1 0.50546875 0.9302083333333333 0.0046875 0.00625
1 0.76796875 0.9197916666666667 0.0015625 0.0020833333333333333
1 0.76328125 0.915625 0.0015625 0.0020833333333333333
1 0.59921875 0.91875 0.0046875 0.008333333333333333
1 0.6578125 0.9177083333333333 0.00625 0.010416666666666666
1 0.76015625 0.909375 0.0015625 0.0020833333333333333
1 0.99609375 0.9114583333333334 0.0078125 0.014583333333333334
1 0.75546875 0.8989583333333333 0.0015625 0.0020833333333333333
1 0.61015625 0.8989583333333333 0.0015625 0.0020833333333333333
1 0.75078125 0.8927083333333333 0.0015625 0.0020833333333333333
1 0.7390625 0.89375 0.003125 0.004166666666666667
1 0.72734375 0.8927083333333333 0.0015625 0.0020833333333333333
1 0.746875 0.8916666666666667 0.003125 0.004166666666666667
1 0.48671875 0.8895833333333333 0.0046875 0.004166666666666667
1 0.6234375 0.89375 0.00625 0.016666666666666666
1 0.62578125 0.8875 0.0015625 0.0125
1 0.48046875 0.8822916666666667 0.0015625 0.00625
1 0.73671875 0.878125 0.0015625 0.0020833333333333333
1 0.96484375 0.875 0.0078125 0.004166666666666667
1 0.48046875 0.8729166666666667 0.0015625 0.004166666666666667
1 0.95703125 0.8697916666666666 0.0015625 0.0020833333333333333
1 0.61171875 0.8677083333333333 0.0015625 0.0020833333333333333
1 0.73359375 0.8635416666666667 0.0015625 0.0020833333333333333
1 0.4765625 0.8604166666666667 0.003125 0.004166666666666667
1 0.4703125 0.8604166666666667 0.003125 0.004166666666666667
1 0.7234375 0.85625 0.003125 0.004166666666666667
1 0.7203125 0.853125 0.003125 0.0020833333333333333
1 0.7109375 0.853125 0.003125 0.0020833333333333333
1 0.71015625 0.8489583333333334 0.0015625 0.0020833333333333333
1 0.9390625 0.8489583333333334 0.003125 0.00625
1 0.61796875 0.85625 0.0078125 0.020833333333333332
1 0.94296875 0.8447916666666667 0.0015625 0.0020833333333333333
1 0.46328125 0.853125 0.0109375 0.01875
1 0.7078125 0.8416666666666667 0.003125 0.004166666666666667
1 0.45546875 0.846875 0.0046875 0.014583333333333334
1 0.92109375 0.834375 0.0015625 0.0020833333333333333
1 0.7078125 0.834375 0.003125 0.0020833333333333333
1 0.45390625 0.834375 0.0015625 0.0020833333333333333
1 0.46171875 0.8322916666666667 0.0015625 0.0020833333333333333
1 0.46484375 0.83125 0.0015625 0.004166666666666667
1 0.71015625 0.828125 0.0015625 0.0020833333333333333
1 0.46171875 0.8270833333333333 0.0015625 0.004166666666666667
1 0.91953125 0.8239583333333333 0.0015625 0.0020833333333333333
1 0.70546875 0.825 0.0046875 0.004166666666666667
1 0.72734375 0.9083333333333333 0.1453125 0.18333333333333332
1 0.91640625 0.815625 0.0015625 0.0020833333333333333
1 0.91015625 0.8166666666666667 0.0046875 0.004166666666666667
1 0.90546875 0.8135416666666667 0.0015625 0.0020833333333333333
1 0.7046875 0.8135416666666667 0.003125 0.0020833333333333333
1 0.91328125 0.8114583333333333 0.0015625 0.0020833333333333333
1 0.89921875 0.8072916666666666 0.0015625 0.0020833333333333333
1 0.6765625 0.809375 0.003125 0.00625
1 0.65859375 0.8083333333333333 0.0078125 0.008333333333333333
1 0.69453125 0.8135416666666667 0.0109375 0.027083333333333334
1 0.62109375 0.8166666666666667 0.0015625 0.03333333333333333
1 0.68671875 0.7979166666666667 0.0046875 0.0125
1 0.44609375 0.7927083333333333 0.0015625 0.0020833333333333333
1 0.6234375 0.79375 0.003125 0.008333333333333333
1 0.4296875 0.7895833333333333 0.003125 0.004166666666666667
1 0.41875 0.7895833333333333 0.00625 0.004166666666666667
1 0.88515625 0.784375 0.0015625 0.0020833333333333333
1 0.68671875 0.7854166666666667 0.0015625 0.004166666666666667
1 0.6703125 0.7885416666666667 0.009375 0.010416666666666666
1 0.66328125 0.7822916666666667 0.0015625 0.0020833333333333333
1 0.43984375 0.7822916666666667 0.0046875 0.00625
1 0.67265625 0.7770833333333333 0.0046875 0.008333333333333333
1 0.61328125 0.775 0.0015625 0.004166666666666667
1 0.88828125 0.7791666666666667 0.0265625 0.025
1 0.66328125 0.7708333333333334 0.0078125 0.008333333333333333
1 0.42734375 0.7677083333333333 0.0015625 0.0020833333333333333
1 0.62578125 0.7666666666666667 0.0015625 0.004166666666666667
1 0.43046875 0.765625 0.0015625 0.0020833333333333333
1 0.42890625 0.759375 0.0015625 0.0020833333333333333
1 0.88828125 0.7583333333333333 0.0234375 0.004166666666666667
1 0.67890625 0.7572916666666667 0.0015625 0.0020833333333333333
1 0.87109375 0.7552083333333334 0.0015625 0.0020833333333333333
1 0.6609375 0.7583333333333333 0.003125 0.008333333333333333
1 0.43125 0.75625 0.003125 0.004166666666666667
1 0.62578125 0.75625 0.0015625 0.008333333333333333
1 0.62265625 0.7520833333333333 0.0015625 0.004166666666666667
1 0.42890625 0.7510416666666667 0.0015625 0.0020833333333333333
1 0.85703125 0.746875 0.0015625 0.0020833333333333333
1 0.42734375 0.746875 0.0015625 0.0020833333333333333
1 0.853125 0.7447916666666666 0.003125 0.0020833333333333333
1 0.86484375 0.74375 0.0078125 0.004166666666666667
1 0.84921875 0.740625 0.0015625 0.0020833333333333333
1 0.90078125 0.7364583333333333 0.0015625 0.0020833333333333333
1 0.6703125 0.753125 0.0125 0.035416666666666666
1 0.85546875 0.7375 0.0078125 0.008333333333333333
1 0.66171875 0.7260416666666667 0.0015625 0.0020833333333333333
1 0.92265625 0.725 0.0078125 0.004166666666666667
1 0.84140625 0.7239583333333334 0.0015625 0.0020833333333333333
1 0.8515625 0.721875 0.003125 0.0020833333333333333
1 0.84609375 0.721875 0.0015625 0.0020833333333333333
1 0.4109375 0.721875 0.003125 0.00625
1 0.6578125 0.71875 0.003125 0.004166666666666667
1 0.83125 0.7083333333333334 0.003125 0.004166666666666667
1 0.8390625 0.703125 0.003125 0.0020833333333333333
1 0.82734375 0.703125 0.0015625 0.0020833333333333333
1 0.59609375 0.703125 0.0015625 0.0020833333333333333
1 0.93125 0.6989583333333333 0.00625 0.00625
1 0.83046875 0.696875 0.0015625 0.00625
1 0.59140625 0.6947916666666667 0.0015625 0.0020833333333333333
1 0.93046875 0.690625 0.0015625 0.0020833333333333333
1 0.64921875 0.690625 0.0015625 0.0020833333333333333
1 0.38125 0.6927083333333334 0.00625 0.00625
1 0.83203125 0.6885416666666667 0.0015625 0.0020833333333333333
1 0.82265625 0.6916666666666667 0.0046875 0.008333333333333333
1 0.93515625 0.6875 0.0015625 0.004166666666666667
1 0.81640625 0.684375 0.0015625 0.0020833333333333333
1 0.94921875 0.6895833333333333 0.0046875 0.016666666666666666
1 0.64921875 0.6802083333333333 0.0015625 0.0020833333333333333
1 0.38203125 0.68125 0.0046875 0.004166666666666667
1 0.58671875 0.6739583333333333 0.0015625 0.0020833333333333333
1 0.93515625 0.675 0.0015625 0.0125
1 0.82265625 0.6697916666666667 0.0015625 0.0020833333333333333
1 0.96171875 0.784375 0.0765625 0.23541666666666666
1 0.94609375 0.6708333333333333 0.0015625 0.0125
1 0.63671875 0.665625 0.0015625 0.0020833333333333333
1 0.80390625 0.6614583333333334 0.0015625 0.00625
1 0.81953125 0.6572916666666667 0.0015625 0.0020833333333333333
1 0.63671875 0.6572916666666667 0.0015625 0.0020833333333333333
1 0.36328125 0.6572916666666667 0.0015625 0.00625
1 0.3578125 0.6510416666666666 0.003125 0.0020833333333333333
1 0.81640625 0.646875 0.0015625 0.0020833333333333333
1 0.5671875 0.6395833333333333 0.003125 0.004166666666666667
1 0.81015625 0.6395833333333333 0.0015625 0.008333333333333333
1 0.96875 0.646875 0.0125 0.027083333333333334
1 0.94375 0.6427083333333333 0.00625 0.01875
1 0.79609375 0.6354166666666666 0.0015625 0.004166666666666667
1 0.62265625 0.6354166666666666 0.0015625 0.004166666666666667
1 0.60390625 0.640625 0.0078125 0.014583333333333334
1 0.56953125 0.634375 0.0015625 0.0020833333333333333
1 0.34765625 0.634375 0.0015625 0.0020833333333333333
1 0.57265625 0.6302083333333334 0.0015625 0.0020833333333333333
1 0.78828125 0.6260416666666667 0.0015625 0.0020833333333333333
1 0.80390625 0.6239583333333333 0.0015625 0.0020833333333333333
1 0.81015625 0.621875 0.0015625 0.0020833333333333333
1 0.3328125 0.6239583333333333 0.009375 0.010416666666666666
1 0.94453125 0.6177083333333333 0.0015625 0.0020833333333333333
1 0.80859375 0.6177083333333333 0.0015625 0.0020833333333333333
1 0.56171875 0.6145833333333334 0.0015625 0.004166666666666667
1 0.325 0.6166666666666667 0.003125 0.008333333333333333
1 0.55703125 0.6114583333333333 0.0015625 0.0020833333333333333
1 0.80234375 0.609375 0.0015625 0.0020833333333333333
1 0.62890625 0.6104166666666667 0.0015625 0.008333333333333333
1 0.32265625 0.603125 0.0015625 0.0020833333333333333
1 0.625 0.6052083333333333 0.003125 0.010416666666666666
1 0.79765625 0.5989583333333334 0.0015625 0.0020833333333333333
1 0.784375 0.6010416666666667 0.00625 0.00625
1 0.54609375 0.5958333333333333 0.0015625 0.004166666666666667
1 0.77578125 0.590625 0.0015625 0.00625
1 0.62578125 0.5895833333333333 0.0015625 0.004166666666666667
1 0.9484375 0.5916666666666667 0.003125 0.016666666666666666
1 0.62421875 0.5833333333333334 0.0015625 0.004166666666666667
1 0.54375 0.5833333333333334 0.003125 0.004166666666666667
1 0.2875 0.5802083333333333 0.0125 0.010416666666666666
1 0.76875 0.5739583333333333 0.003125 0.00625
1 0.53828125 0.5729166666666666 0.0015625 0.004166666666666667
1 0.53046875 0.571875 0.0015625 0.0020833333333333333
1 0.9484375 0.5739583333333333 0.003125 0.014583333333333334
1 0.76328125 0.5614583333333333 0.0015625 0.00625
1 0.62421875 0.5614583333333333 0.0015625 0.010416666666666666
1 0.94609375 0.559375 0.0015625 0.014583333333333334
1 0.77421875 0.553125 0.0015625 0.0020833333333333333
1 0.79609375 0.5489583333333333 0.0015625 0.0020833333333333333
1 0.25546875 0.55 0.0015625 0.004166666666666667
1 0.77265625 0.5479166666666667 0.0015625 0.004166666666666667
1 0.56171875 0.5479166666666667 0.0015625 0.004166666666666667
1 0.55234375 0.54375 0.0046875 0.004166666666666667
1 0.51875 0.54375 0.003125 0.004166666666666667
1 0.75546875 0.540625 0.0015625 0.0020833333333333333
1 0.55625 0.5395833333333333 0.003125 0.004166666666666667
1 0.94609375 0.5364583333333334 0.0015625 0.0020833333333333333
1 0.79765625 0.5375 0.0015625 0.004166666666666667
1 0.9875 0.55 0.025 0.03333333333333333
1 0.75390625 0.534375 0.0015625 0.0020833333333333333
1 0.23046875 0.5333333333333333 0.0015625 0.004166666666666667
1 0.77578125 0.5364583333333334 0.0109375 0.014583333333333334
1 0.21875 0.528125 0.003125 0.0020833333333333333
1 0.51171875 0.5260416666666666 0.0015625 0.0020833333333333333
1 0.50859375 0.5260416666666666 0.0015625 0.0020833333333333333
1 0.94140625 0.515625 0.0015625 0.0020833333333333333
1 0.77578125 0.5104166666666666 0.0015625 0.004166666666666667
1 0.496875 0.5145833333333333 0.00625 0.0125
1 0.9390625 0.509375 0.003125 0.00625
1 0.74921875 0.50625 0.0015625 0.004166666666666667
1 0.6 0.5010416666666667 0.003125 0.0020833333333333333
1 0.4890625 0.5052083333333334 0.009375 0.010416666666666666
1 0.94140625 0.50625 0.0078125 0.016666666666666666
1 0.4859375 0.49895833333333334 0.003125 0.0020833333333333333
1 0.49140625 0.496875 0.0015625 0.0020833333333333333
1 0.79140625 0.49583333333333335 0.0015625 0.004166666666666667
1 0.18359375 0.4979166666666667 0.0078125 0.008333333333333333
1 0.17421875 0.4947916666666667 0.0015625 0.0020833333333333333
1 0.50078125 0.49375 0.0015625 0.004166666666666667
1 0.16875 0.49375 0.00625 0.004166666666666667
1 0.1609375 0.490625 0.003125 0.0020833333333333333
1 0.75078125 0.48854166666666665 0.0015625 0.0020833333333333333
1 0.74765625 0.4864583333333333 0.0015625 0.0020833333333333333
1 0.4703125 0.48541666666666666 0.003125 0.004166666666666667
1 0.15703125 0.484375 0.0046875 0.00625
1 0.78515625 0.48020833333333335 0.0015625 0.0020833333333333333
1 0.59140625 0.48020833333333335 0.0015625 0.0020833333333333333
1 0.9484375 0.4875 0.00625 0.025
1 0.9375 0.478125 0.003125 0.00625
1 0.93203125 0.47604166666666664 0.0015625 0.00625
1 0.4703125 0.47708333333333336 0.01875 0.016666666666666666
1 0.46171875 0.46770833333333334 0.0015625 0.0020833333333333333
1 0.93671875 0.4666666666666667 0.0015625 0.004166666666666667
1 0.93203125 0.465625 0.0015625 0.0020833333333333333
1 0.59609375 0.465625 0.0015625 0.0020833333333333333
1 0.78671875 0.4635416666666667 0.0015625 0.0020833333333333333
1 0.49140625 0.46145833333333336 0.0015625 0.0020833333333333333
1 0.12578125 0.46145833333333336 0.0015625 0.0020833333333333333
1 0.47890625 0.459375 0.0015625 0.0020833333333333333
1 0.44921875 0.45729166666666665 0.0015625 0.0020833333333333333
1 0.09765625 0.4552083333333333 0.0015625 0.0020833333333333333
1 0.74296875 0.453125 0.0015625 0.0020833333333333333
1 0.63203125 0.45208333333333334 0.0015625 0.004166666666666667
1 0.1015625 0.4510416666666667 0.003125 0.0020833333333333333
1 0.48359375 0.4510416666666667 0.0015625 0.00625
1 0.10625 0.45 0.003125 0.004166666666666667
1 0.59765625 0.4479166666666667 0.0015625 0.004166666666666667
1 0.78125 0.4552083333333333 0.003125 0.022916666666666665
1 0.48515625 0.44479166666666664 0.0015625 0.0020833333333333333
1 0.62890625 0.4427083333333333 0.0015625 0.0020833333333333333
1 0.62421875 0.44375 0.0015625 0.004166666666666667
1 0.47890625 0.440625 0.0015625 0.0020833333333333333
1 0.78515625 0.44583333333333336 0.0015625 0.016666666666666666
1 0.77890625 0.4375 0.0015625 0.004166666666666667
1 0.60078125 0.44166666666666665 0.0015625 0.0125
1 0.42421875 0.4322916666666667 0.0046875 0.0020833333333333333
1 0.42421875 0.428125 0.0015625 0.0020833333333333333
1 0.41796875 0.428125 0.0015625 0.0020833333333333333
1 0.41328125 0.42604166666666665 0.0015625 0.0020833333333333333
1 0.41015625 0.4239583333333333 0.0015625 0.0020833333333333333
1 0.921875 0.425 0.003125 0.016666666666666666
1 0.4203125 0.41770833333333335 0.003125 0.0020833333333333333
1 0.778125 0.415625 0.003125 0.0020833333333333333
1 0.65078125 0.41770833333333335 0.0046875 0.00625
1 0.05078125 0.4166666666666667 0.0046875 0.004166666666666667
1 0.65625 0.415625 0.003125 0.00625
1 0.40703125 0.41354166666666664 0.0046875 0.0020833333333333333
1 0.92578125 0.41875 0.0015625 0.025
1 0.40078125 0.40729166666666666 0.0015625 0.0020833333333333333
1 0.39140625 0.40729166666666666 0.0015625 0.0020833333333333333
1 0.41953125 0.40520833333333334 0.0015625 0.0020833333333333333
1 0.415625 0.40520833333333334 0.003125 0.0020833333333333333
1 0.39453125 0.40520833333333334 0.0015625 0.0020833333333333333
1 0.38671875 0.40520833333333334 0.0015625 0.0020833333333333333
1 0.67578125 0.403125 0.0015625 0.0020833333333333333
1 0.6828125 0.4 0.00625 0.004166666666666667
1 0.67265625 0.4010416666666667 0.0078125 0.00625
1 0.53984375 0.39895833333333336 0.0015625 0.0020833333333333333
1 0.390625 0.4 0.003125 0.004166666666666667
1 0.384375 0.39895833333333336 0.003125 0.0020833333333333333
1 0.77265625 0.396875 0.0015625 0.00625
1 0.38984375 0.3885416666666667 0.0046875 0.0020833333333333333
1 0.77109375 0.3875 0.0015625 0.004166666666666667
1 0.9171875 0.38645833333333335 0.00625 0.00625
1 0.36171875 0.384375 0.0015625 0.0020833333333333333
1 0.35859375 0.38229166666666664 0.0015625 0.0020833333333333333
1 0.3765625 0.3885416666666667 0.00625 0.01875
1 0.35703125 0.378125 0.0015625 0.0020833333333333333
1 0.91171875 0.37604166666666666 0.0015625 0.0020833333333333333
1 0.60078125 0.375 0.0015625 0.004166666666666667
1 0.35078125 0.371875 0.0015625 0.0020833333333333333
1 0.759375 0.371875 0.003125 0.00625
1 0.25234375 0.684375 0.5046875 0.63125
1 0.92578125 0.37083333333333335 0.0015625 0.008333333333333333
1 0.6609375 0.36770833333333336 0.003125 0.0020833333333333333
1 0.37109375 0.36770833333333336 0.0015625 0.0020833333333333333
1 0.9109375 0.365625 0.003125 0.0020833333333333333
1 0.78046875 0.365625 0.0015625 0.0020833333333333333
1 0.37265625 0.375 0.0078125 0.020833333333333332
1 0.353125 0.36875 0.00625 0.008333333333333333
1 0.3421875 0.36666666666666664 0.00625 0.004166666666666667
1 0.32734375 0.36354166666666665 0.0015625 0.0020833333333333333
1 0.00234375 0.36354166666666665 0.0046875 0.00625
1 0.46796875 0.359375 0.0015625 0.0020833333333333333
1 0.38046875 0.35625 0.0046875 0.004166666666666667
1 0.46796875 0.3541666666666667 0.0015625 0.004166666666666667
1 0.31796875 0.353125 0.0015625 0.0020833333333333333
1 0.76328125 0.35208333333333336 0.0015625 0.004166666666666667
1 0.77265625 0.3541666666666667 0.0015625 0.0125
1 0.38828125 0.3489583333333333 0.0046875 0.0020833333333333333
1 0.75703125 0.3458333333333333 0.0015625 0.004166666666666667
1 0.31640625 0.34270833333333334 0.0015625 0.0020833333333333333
1 0.309375 0.34479166666666666 0.003125 0.00625
1 0.90390625 0.340625 0.0015625 0.0020833333333333333
1 0.77421875 0.3385416666666667 0.0015625 0.0020833333333333333
1 0.75703125 0.334375 0.0015625 0.0020833333333333333
1 0.29453125 0.334375 0.0046875 0.00625
1 0.753125 0.33125 0.003125 0.004166666666666667
1 0.7640625 0.328125 0.003125 0.0020833333333333333
1 0.2984375 0.328125 0.003125 0.00625
1 0.7609375 0.321875 0.003125 0.00625
1 0.6 0.321875 0.003125 0.00625
1 0.321875 0.321875 0.00625 0.00625
1 0.26875 0.31979166666666664 0.003125 0.0020833333333333333
1 0.76640625 0.3177083333333333 0.0015625 0.0020833333333333333
1 0.76328125 0.31354166666666666 0.0015625 0.0020833333333333333
1 0.58671875 0.31145833333333334 0.0015625 0.0020833333333333333
1 0.60078125 0.31145833333333334 0.0015625 0.00625
1 0.7546875 0.31145833333333334 0.003125 0.010416666666666666
1 0.596875 0.30833333333333335 0.003125 0.004166666666666667
1 0.26171875 0.3072916666666667 0.0015625 0.0020833333333333333
1 0.81171875 0.303125 0.0015625 0.0020833333333333333
1 0.58984375 0.30416666666666664 0.0015625 0.004166666666666667
1 0.24140625 0.303125 0.0015625 0.0020833333333333333
1 0.45390625 0.30104166666666665 0.0015625 0.0020833333333333333
1 0.59296875 0.2989583333333333 0.0015625 0.0020833333333333333
1 0.44921875 0.2989583333333333 0.0015625 0.0020833333333333333
1 0.75390625 0.296875 0.0015625 0.0020833333333333333
1 0.58671875 0.29583333333333334 0.0015625 0.004166666666666667
1 0.44765625 0.290625 0.0015625 0.0020833333333333333
1 0.44453125 0.290625 0.0015625 0.0020833333333333333
1 0.75546875 0.2864583333333333 0.0015625 0.0020833333333333333
1 0.21796875 0.2864583333333333 0.0015625 0.0020833333333333333
1 0.21171875 0.2864583333333333 0.0015625 0.0020833333333333333
1 0.58984375 0.2875 0.0046875 0.008333333333333333
1 0.3421875 0.2864583333333333 0.0125 0.00625
1 0.88828125 0.278125 0.0015625 0.0020833333333333333
1 0.21953125 0.2791666666666667 0.0046875 0.004166666666666667
1 0.75234375 0.27708333333333335 0.0015625 0.004166666666666667
1 0.5921875 0.278125 0.003125 0.00625
1 0.88828125 0.27395833333333336 0.0015625 0.0020833333333333333
1 0.2015625 0.271875 0.003125 0.0020833333333333333
1 0.19375 0.271875 0.003125 0.0020833333333333333
1 0.74921875 0.2760416666666667 0.0015625 0.014583333333333334
1 0.18046875 0.26979166666666665 0.0015625 0.0020833333333333333
1 0.5828125 0.26875 0.003125 0.004166666666666667
1 0.88515625 0.265625 0.0046875 0.0020833333333333333
1 0.74453125 0.26666666666666666 0.0078125 0.004166666666666667
1 0.73984375 0.2625 0.0015625 0.004166666666666667
1 0.17890625 0.2635416666666667 0.0140625 0.010416666666666666
1 0.14609375 0.253125 0.0015625 0.0020833333333333333
1 0.875 0.2520833333333333 0.003125 0.004166666666666667
1 0.56953125 0.2520833333333333 0.0015625 0.004166666666666667
1 0.43046875 0.25104166666666666 0.0015625 0.0020833333333333333
1 0.134375 0.2520833333333333 0.01875 0.008333333333333333
1 0.1171875 0.246875 0.003125 0.0020833333333333333
1 0.00390625 0.246875 0.0046875 0.0020833333333333333
1 0.1109375 0.24479166666666666 0.003125 0.0020833333333333333
1 0.8703125 0.240625 0.003125 0.00625
1 0.12109375 0.23854166666666668 0.0046875 0.0020833333333333333
1 0.07890625 0.23854166666666668 0.0046875 0.0020833333333333333
1 0.11484375 0.23645833333333333 0.0015625 0.0020833333333333333
1 0.740625 0.24791666666666667 0.0125 0.029166666666666667
1 0.87109375 0.23333333333333334 0.0015625 0.004166666666666667
1 0.87421875 0.23020833333333332 0.0015625 0.0020833333333333333
1 0.73046875 0.23125 0.0015625 0.004166666666666667
1 0.72890625 0.22291666666666668 0.0015625 0.004166666666666667
1 0.565625 0.22708333333333333 0.009375 0.0125
1 0.86328125 0.22291666666666668 0.0015625 0.008333333333333333
1 0.403125 0.22083333333333333 0.003125 0.004166666666666667
1 0.40703125 0.21770833333333334 0.0015625 0.0020833333333333333
1 0.8578125 0.21666666666666667 0.003125 0.004166666666666667
1 0.72578125 0.215625 0.0015625 0.0020833333333333333
1 0.55546875 0.21041666666666667 0.0015625 0.004166666666666667
1 0.8546875 0.20833333333333334 0.003125 0.008333333333333333
1 0.715625 0.20104166666666667 0.003125 0.0020833333333333333
1 0.228125 0.19791666666666666 0.00625 0.004166666666666667
1 0.84609375 0.19583333333333333 0.0015625 0.004166666666666667
1 0.84453125 0.190625 0.0015625 0.0020833333333333333
1 0.54609375 0.19166666666666668 0.0015625 0.004166666666666667
1 0.38671875 0.19270833333333334 0.0046875 0.00625
1 0.84140625 0.18645833333333334 0.0015625 0.0020833333333333333
1 0.37265625 0.18645833333333334 0.0015625 0.0020833333333333333
1 0.53984375 0.184375 0.0015625 0.0020833333333333333
1 0.8375 0.18333333333333332 0.003125 0.004166666666666667
1 0.70703125 0.18020833333333333 0.0015625 0.0020833333333333333
1 0.53671875 0.17708333333333334 0.0015625 0.004166666666666667
1 0.53828125 0.171875 0.0015625 0.0020833333333333333
1 0.36015625 0.16979166666666667 0.0015625 0.0020833333333333333
1 0.66875 0.165625 0.00625 0.0020833333333333333
1 0.82109375 0.16354166666666667 0.0015625 0.0020833333333333333
1 0.66484375 0.16145833333333334 0.0015625 0.0020833333333333333
1 0.6421875 0.16145833333333334 0.003125 0.0020833333333333333
1 0.63828125 0.16145833333333334 0.0015625 0.0020833333333333333
1 0.63046875 0.16145833333333334 0.0015625 0.0020833333333333333
1 0.34140625 0.16145833333333334 0.0015625 0.0020833333333333333
1 0.82265625 0.159375 0.0015625 0.0020833333333333333
1 0.13515625 0.16041666666666668 0.0015625 0.004166666666666667
1 0.97890625 0.16041666666666668 0.0046875 0.008333333333333333
1 0.96640625 0.15833333333333333 0.0015625 0.004166666666666667
1 0.68046875 0.15729166666666666 0.0015625 0.0020833333333333333
1 0.66171875 0.15520833333333334 0.0015625 0.0020833333333333333
1 0.33203125 0.15520833333333334 0.0015625 0.0020833333333333333
1 0.6546875 0.15104166666666666 0.003125 0.0020833333333333333
1 0.6359375 0.14895833333333333 0.003125 0.0020833333333333333
1 0.80703125 0.146875 0.0015625 0.0020833333333333333
1 0.6453125 0.15 0.0125 0.008333333333333333
1 0.0796875 0.14791666666666667 0.003125 0.004166666666666667
1 0.81875 0.15104166666666666 0.003125 0.014583333333333334
1 0.11796875 0.14479166666666668 0.0046875 0.0020833333333333333
1 0.80546875 0.14270833333333333 0.0015625 0.0020833333333333333
1 0.63046875 0.14270833333333333 0.0015625 0.0020833333333333333
1 0.31640625 0.146875 0.0078125 0.010416666666666666
1 0.13046875 0.14583333333333334 0.0078125 0.008333333333333333
1 0.95390625 0.14270833333333333 0.0015625 0.00625
1 0.81875 0.140625 0.003125 0.0020833333333333333
1 0.8 0.140625 0.003125 0.0020833333333333333
1 0.81328125 0.13854166666666667 0.0015625 0.0020833333333333333
1 0.515625 0.140625 0.003125 0.00625
1 0.9671875 0.14375 0.015625 0.020833333333333332
1 0.340625 0.30104166666666665 0.278125 0.33541666666666664
1 0.30234375 0.13020833333333334 0.0015625 0.0020833333333333333
1 0.60546875 0.12916666666666668 0.0015625 0.004166666666666667
1 0.29296875 0.12604166666666666 0.0015625 0.0020833333333333333
1 0.2796875 0.12604166666666666 0.003125 0.0020833333333333333
1 0.6015625 0.12395833333333334 0.003125 0.0020833333333333333
1 0.76171875 0.12291666666666666 0.0046875 0.004166666666666667
1 0.14765625 0.121875 0.0015625 0.0020833333333333333
1 0.28515625 0.11979166666666667 0.0015625 0.0020833333333333333
1 0.1375 0.12291666666666666 0.003125 0.008333333333333333
1 0.70625 0.11770833333333333 0.009375 0.0020833333333333333
1 0.26953125 0.11666666666666667 0.0015625 0.004166666666666667
1 0.26484375 0.11770833333333333 0.0046875 0.00625
1 0.10234375 0.115625 0.0015625 0.0020833333333333333
1 0.68984375 0.11145833333333334 0.0015625 0.0020833333333333333
1 0.68671875 0.109375 0.0015625 0.0020833333333333333
1 0.103125 0.13229166666666667 0.04375 0.04791666666666667
1 0.67734375 0.10729166666666666 0.0078125 0.00625
1 0.63359375 0.103125 0.0046875 0.0020833333333333333
1 0.11171875 0.103125 0.0015625 0.0020833333333333333
1 0.60625 0.1 0.00625 0.004166666666666667
1 0.47109375 0.090625 0.0015625 0.0020833333333333333
1 0.13125 0.09166666666666666 0.003125 0.004166666666666667
1 0.46796875 0.08645833333333333 0.0015625 0.0020833333333333333
1 0.13203125 0.084375 0.0015625 0.0020833333333333333
1 0.13671875 0.07708333333333334 0.0046875 0.004166666666666667
1 0.4609375 0.07708333333333334 0.01875 0.008333333333333333
1 0.17265625 0.07395833333333333 0.0015625 0.0020833333333333333
1 0.44375 0.071875 0.003125 0.0020833333333333333
1 0.18359375 0.06979166666666667 0.0046875 0.0020833333333333333
1 0.4375 0.065625 0.003125 0.0020833333333333333
1 0.42734375 0.06354166666666666 0.0015625 0.0020833333333333333
1 0.4296875 0.059375 0.003125 0.0020833333333333333
1 0.24609375 0.05520833333333333 0.0078125 0.0020833333333333333
1 0.26171875 0.053125 0.0015625 0.0020833333333333333
1 0.4109375 0.04895833333333333 0.0125 0.00625
1 0.2375 0.04895833333333333 0.025 0.00625
1 0.41640625 0.042708333333333334 0.0015625 0.0020833333333333333
1 0.4203125 0.040625 0.003125 0.0020833333333333333
1 0.4078125 0.0375 0.003125 0.004166666666666667
1 0.28671875 0.036458333333333336 0.0015625 0.0020833333333333333
1 0.37265625 0.034375 0.0015625 0.0020833333333333333
1 0.28359375 0.035416666666666666 0.0015625 0.004166666666666667
1 0.24609375 0.03229166666666667 0.0015625 0.0020833333333333333
1 0.24140625 0.03229166666666667 0.0046875 0.0020833333333333333
1 0.87578125 0.01875 0.0015625 0.004166666666666667
1 0.86171875 0.015625 0.0015625 0.0020833333333333333
1 0.32890625 0.014583333333333334 0.0078125 0.004166666666666667
1 0.30078125 0.014583333333333334 0.0015625 0.004166666666666667
1 0.88828125 0.0010416666666666667 0.0015625 0.0020833333333333333
1 0.7359375 0.23333333333333334 0.528125 0.4666666666666667
1 0.44921875 0.027083333333333334 0.0515625 0.05416666666666667
1 0.4 0.022916666666666665 0.05 0.04583333333333333
1 0.3828125 0.0010416666666666667 0.003125 0.0020833333333333333
1 0.37734375 0.003125 0.0046875 0.00625
1 0.284375 0.016666666666666666 0.06875 0.03333333333333333
1 0.13046875 0.13020833333333334 0.2609375 0.2604166666666667
