0 0.61953125 0.828125 0.0046875 0.00625
0 0.58203125 0.8052083333333333 0.0140625 0.010416666666666666
0 0.528125 0.7770833333333333 0.003125 0.004166666666666667
0 0.6296875 0.7395833333333334 0.025 0.0375
0 0.63125 0.675 0.015625 0.025
0 0.596875 0.6583333333333333 0.025 0.029166666666666667
0 0.453125 0.58125 0.015625 0.025
0 0.47578125 0.31666666666666665 0.0015625 0.004166666666666667
0 0.29609375 0.18645833333333334 0.0015625 0.0020833333333333333
0 0.38984375 0.17395833333333333 0.0078125 0.010416666666666666
0 0.49296875 0.35208333333333336 0.2078125 0.7041666666666667
1 0.3375 0.99375 0.025 0.0125
1 0.6328125 0.98125 0.015625 0.016666666666666666
1 0.64296875 0.9677083333333333 0.0015625 0.0020833333333333333
1 0.56796875 0.8625 0.0171875 0.008333333333333333
1 0.59609375 0.8583333333333333 0.0109375 0.008333333333333333
1 0.53828125 0.8479166666666667 0.0046875 0.004166666666666667
1 0.5296875 0.8447916666666667 0.003125 0.00625
1 0.51328125 0.8427083333333333 0.0265625 0.014583333333333334
1 0.47265625 0.8302083333333333 0.0015625 0.0020833333333333333
1 0.63125 0.8239583333333333 0.00625 0.014583333333333334
1 0.471875 0.8135416666666667 0.00625 0.00625
1 0.46640625 0.8114583333333333 0.0015625 0.0020833333333333333
1 0.646875 0.790625 0.00625 0.00625
1 0.65234375 0.771875 0.0015625 0.0020833333333333333
1 0.42265625 0.7697916666666667 0.0015625 0.0020833333333333333
1 0.38828125 0.7677083333333333 0.0015625 0.0020833333333333333
1 0.58984375 0.7625 0.0078125 0.004166666666666667
1 0.34296875 0.7614583333333333 0.0859375 0.014583333333333334
1 0.65703125 0.7572916666666667 0.0078125 0.010416666666666666
1 0.790625 0.7541666666666667 0.0125 0.016666666666666666
1 0.4 0.765625 0.0375 0.04375
1 0.59296875 0.74375 0.0046875 0.008333333333333333
1 0.59453125 0.734375 0.0015625 0.0020833333333333333
1 0.6046875 0.7364583333333333 0.003125 0.010416666666666666
1 0.79453125 0.7302083333333333 0.0015625 0.0020833333333333333
1 0.60703125 0.728125 0.0015625 0.0020833333333333333
1 0.5984375 0.7291666666666666 0.00625 0.008333333333333333
1 0.6046875 0.7239583333333334 0.003125 0.0020833333333333333
1 0.3625 0.7270833333333333 0.025 0.0125
1 0.65859375 0.715625 0.0046875 0.00625
1 0.66171875 0.7104166666666667 0.0015625 0.004166666666666667
1 0.8125 0.7135416666666666 0.00625 0.014583333333333334
1 0.34609375 0.6979166666666666 0.0046875 0.004166666666666667
1 0.34921875 0.6927083333333334 0.0015625 0.0020833333333333333
1 0.34296875 0.6875 0.0046875 0.004166666666666667
1 0.675 0.7041666666666667 0.028125 0.09583333333333334
1 0.30546875 0.65625 0.0109375 0.016666666666666666
1 0.66875 0.6364583333333333 0.003125 0.0020833333333333333
1 0.31484375 0.6489583333333333 0.0171875 0.027083333333333334
1 0.68359375 0.6427083333333333 0.0171875 0.01875
1 0.67421875 0.6260416666666667 0.0015625 0.0020833333333333333
1 0.6671875 0.615625 0.015625 0.014583333333333334
1 0.6546875 0.6041666666666666 0.00625 0.008333333333333333
1 0.64609375 0.596875 0.0046875 0.00625
1 0.8921875 0.5895833333333333 0.003125 0.004166666666666667
1 0.628125 0.58125 0.003125 0.004166666666666667
1 0.61640625 0.5802083333333333 0.0078125 0.00625
1 0.29375 0.6114583333333333 0.021875 0.06875
1 0.28203125 0.571875 0.0015625 0.0020833333333333333
1 0.60625 0.5625 0.00625 0.0125
1 0.2796875 0.5604166666666667 0.003125 0.008333333333333333
1 0.5953125 0.5552083333333333 0.003125 0.0020833333333333333
1 0.27890625 0.5489583333333333 0.0015625 0.0020833333333333333
1 0.58203125 0.546875 0.0015625 0.0020833333333333333
1 0.27421875 0.5479166666666667 0.0015625 0.004166666666666667
1 0.58046875 0.5427083333333333 0.0015625 0.0020833333333333333
1 0.27578125 0.5427083333333333 0.0046875 0.00625
1 0.56796875 0.5364583333333334 0.0046875 0.00625
1 0.2640625 0.534375 0.00625 0.0020833333333333333
1 0.25546875 0.5197916666666667 0.0015625 0.00625
1 0.2703125 0.5229166666666667 0.003125 0.020833333333333332
1 0.55625 0.5135416666666667 0.009375 0.010416666666666666
1 0.54765625 0.5072916666666667 0.0046875 0.00625
1 0.25546875 0.503125 0.0015625 0.0020833333333333333
1 0.54140625 0.49895833333333334 0.0015625 0.0020833333333333333
1 0.53671875 0.48854166666666665 0.0046875 0.010416666666666666
1 0.5296875 0.47708333333333336 0.00625 0.008333333333333333
1 0.1171875 0.46770833333333334 0.003125 0.0020833333333333333
1 0.52109375 0.465625 0.0015625 0.0020833333333333333
1 0.1109375 0.46458333333333335 0.003125 0.004166666666666667
1 0.51953125 0.459375 0.0015625 0.0020833333333333333
1 0.5140625 0.453125 0.00625 0.00625
1 0.51015625 0.446875 0.0015625 0.0020833333333333333
1 0.509375 0.4395833333333333 0.003125 0.004166666666666667
1 0.8234375 0.7166666666666667 0.353125 0.5666666666666667
1 0.10390625 0.44375 0.0109375 0.020833333333333332
1 0.50703125 0.43333333333333335 0.0015625 0.004166666666666667
1 0.17734375 0.4322916666666667 0.0015625 0.0020833333333333333
1 0.09921875 0.425 0.0015625 0.008333333333333333
1 0.07578125 0.4239583333333333 0.0015625 0.00625
1 0.25703125 0.465625 0.0109375 0.10208333333333333
1 0.26640625 0.45625 0.0078125 0.10833333333333334
1 0.49921875 0.40208333333333335 0.0015625 0.004166666666666667
1 0.1703125 0.7 0.340625 0.6
1 0.1421875 0.42291666666666666 0.065625 0.05
1 0.22578125 0.3958333333333333 0.0015625 0.004166666666666667
1 0.49375 0.3854166666666667 0.003125 0.004166666666666667
1 0.25703125 0.3885416666666667 0.0078125 0.01875
1 0.19921875 0.40729166666666666 0.0515625 0.05625
1 0.4984375 0.3729166666666667 0.003125 0.004166666666666667
1 0.496875 0.36354166666666665 0.00625 0.00625
1 0.48984375 0.3645833333333333 0.0046875 0.008333333333333333
1 0.48828125 0.3572916666666667 0.0015625 0.0020833333333333333
1 0.48671875 0.353125 0.0015625 0.0020833333333333333
1 0.48515625 0.3458333333333333 0.0015625 0.004166666666666667
1 0.26171875 0.35833333333333334 0.0015625 0.04583333333333333
1 0.2375 0.35 0.025 0.03333333333333333
1 0.48515625 0.328125 0.0015625 0.010416666666666666
1 0.49921875 0.3260416666666667 0.0015625 0.010416666666666666
1 0.2671875 0.32395833333333335 0.003125 0.022916666666666665
1 0.49921875 0.31354166666666666 0.0015625 0.00625
1 0.49921875 0.303125 0.0015625 0.0020833333333333333
1 0.48046875 0.3 0.0015625 0.004166666666666667
1 0.26875 0.3020833333333333 0.003125 0.008333333333333333
1 0.25625 0.3145833333333333 0.0125 0.03333333333333333
1 0.48046875 0.2864583333333333 0.0015625 0.00625
1 0.26953125 0.2864583333333333 0.0078125 0.014583333333333334
1 0.27421875 0.2604166666666667 0.0015625 0.0125
1 0.27734375 0.24375 0.0015625 0.004166666666666667
1 0.47890625 0.25104166666666666 0.0046875 0.035416666666666666
1 0.47734375 0.20833333333333334 0.0015625 0.0125
1 0.27578125 0.21145833333333333 0.0046875 0.022916666666666665
1 0.47890625 0.19895833333333332 0.0015625 0.0020833333333333333
1 0.27890625 0.19375 0.0015625 0.004166666666666667
1 0.26796875 0.19375 0.0109375 0.0125
1 0.48046875 0.18645833333333334 0.0015625 0.0020833333333333333
1 0.27890625 0.184375 0.0015625 0.0020833333333333333
1 0.27421875 0.184375 0.0015625 0.0020833333333333333
1 0.278125 0.175 0.00625 0.0125
1 0.48203125 0.16875 0.0015625 0.004166666666666667
1 0.48515625 0.13958333333333334 0.0015625 0.004166666666666667
1 0.48984375 0.121875 0.0015625 0.0020833333333333333
1 0.49140625 0.11770833333333333 0.0015625 0.0020833333333333333
1 0.49296875 0.11145833333333334 0.0015625 0.0020833333333333333
1 0.49453125 0.10520833333333333 0.0015625 0.0020833333333333333
1 0.49453125 0.09895833333333333 0.0015625 0.0020833333333333333
1 0.26171875 0.11458333333333333 0.0265625 0.07083333333333333
1 0.25703125 0.065625 0.0015625 0.0020833333333333333
1 0.27109375 0.059375 0.0015625 0.0020833333333333333
1 0.50078125 0.057291666666666664 0.0015625 0.00625
1 0.26796875 0.053125 0.0015625 0.0020833333333333333
1 0.72109375 0.021875 0.0015625 0.0020833333333333333
1 0.71796875 0.021875 0.0015625 0.0020833333333333333
1 0.71484375 0.021875 0.0015625 0.0020833333333333333
1 0.71171875 0.021875 0.0015625 0.0020833333333333333
1 0.70859375 0.021875 0.0015625 0.0020833333333333333
1 0.70546875 0.021875 0.0015625 0.0020833333333333333
1 0.70234375 0.021875 0.0015625 0.0020833333333333333
1 0.5234375 0.022916666666666665 0.00625 0.008333333333333333
1 0.54921875 0.007291666666666667 0.0015625 0.0020833333333333333
1 0.5328125 0.007291666666666667 0.003125 0.00625
1 0.52734375 0.00625 0.0015625 0.004166666666666667
1 0.86171875 0.2 0.2765625 0.4
1 0.675 0.00625 0.05 0.0125
1 0.60078125 0.0010416666666666667 0.0015625 0.0020833333333333333
1 0.1375 0.21666666666666667 0.275 0.43333333333333335
