0 0.5234375 0.584375 0.003125 0.0020833333333333333
0 0.42265625 0.56875 0.0015625 0.004166666666666667
0 0.57109375 0.5260416666666666 0.0046875 0.01875
0 0.63671875 0.5135416666666667 0.0046875 0.00625
0 0.65078125 0.46770833333333334 0.0015625 0.0020833333333333333
0 0.678125 0.4322916666666667 0.00625 0.010416666666666666
0 0.6796875 0.42291666666666666 0.003125 0.004166666666666667
0 0.775 0.33958333333333335 0.0125 0.016666666666666666
0 0.78671875 0.328125 0.0015625 0.0020833333333333333
0 0.8109375 0.2875 0.00625 0.0125
0 0.65546875 0.26979166666666665 0.0015625 0.0020833333333333333
0 0.66875 0.26875 0.009375 0.004166666666666667
0 0.703125 0.26458333333333334 0.003125 0.004166666666666667
0 0.75234375 0.259375 0.0015625 0.010416666666666666
0 0.71328125 0.24479166666666666 0.0109375 0.014583333333333334
0 0.64921875 0.22604166666666667 0.0015625 0.0020833333333333333
0 0.76171875 0.22916666666666666 0.0046875 0.016666666666666666
0 0.675 0.2375 0.05 0.041666666666666664
0 0.77265625 0.203125 0.0015625 0.0020833333333333333
0 0.71875 0.21666666666666667 0.0125 0.03333333333333333
0 0.72265625 0.15833333333333333 0.0421875 0.05
0 0.74609375 0.13229166666666667 0.0015625 0.0020833333333333333
0 0.74296875 0.13229166666666667 0.0015625 0.0020833333333333333
0 0.73984375 0.13229166666666667 0.0015625 0.0020833333333333333
0 0.73671875 0.13229166666666667 0.0015625 0.0020833333333333333
0 0.87734375 0.096875 0.0015625 0.0020833333333333333
0 0.784375 0.04895833333333333 0.003125 0.0020833333333333333
0 0.82734375 0.040625 0.0078125 0.01875
0 0.78125 0.084375 0.0875 0.16458333333333333
0 0.85234375 0.0020833333333333333 0.0015625 0.004166666666666667
1 0.6203125 0.9979166666666667 0.003125 0.004166666666666667
1 0.65546875 0.9947916666666666 0.0015625 0.0020833333333333333
1 0.61484375 0.9947916666666666 0.0015625 0.0020833333333333333
1 0.69140625 0.9927083333333333 0.0015625 0.0020833333333333333
1 0.6734375 0.9927083333333333 0.003125 0.0020833333333333333
1 0.66171875 0.99375 0.0015625 0.004166666666666667
1 0.65859375 0.99375 0.0015625 0.004166666666666667
1 0.64921875 0.99375 0.0046875 0.004166666666666667
1 0.6875 0.9916666666666667 0.003125 0.004166666666666667
1 0.68359375 0.990625 0.0015625 0.0020833333333333333
1 0.64453125 0.9864583333333333 0.0078125 0.00625
1 0.65078125 0.9822916666666667 0.0015625 0.0020833333333333333
1 0.68671875 0.9802083333333333 0.0015625 0.0020833333333333333
1 0.68359375 0.9802083333333333 0.0015625 0.0020833333333333333
1 0.6640625 0.9802083333333333 0.003125 0.0020833333333333333
1 0.6921875 0.9791666666666666 0.00625 0.004166666666666667
1 0.74140625 0.9635416666666666 0.0015625 0.0020833333333333333
1 0.78984375 0.9614583333333333 0.0015625 0.0020833333333333333
1 0.75859375 0.9614583333333333 0.0015625 0.0020833333333333333
1 0.7484375 0.9614583333333333 0.003125 0.0020833333333333333
1 0.8 0.959375 0.003125 0.0020833333333333333
1 0.76796875 0.9604166666666667 0.0140625 0.004166666666666667
1 0.81171875 0.9572916666666667 0.0015625 0.0020833333333333333
1 0.77734375 0.9552083333333333 0.0015625 0.0020833333333333333
1 0.79296875 0.9520833333333333 0.0109375 0.004166666666666667
1 0.80546875 0.9489583333333333 0.0046875 0.0020833333333333333
1 0.80078125 0.9489583333333333 0.0015625 0.0020833333333333333
1 0.08046875 0.95 0.0015625 0.004166666666666667
1 0.81484375 0.946875 0.0015625 0.0020833333333333333
1 0.81171875 0.946875 0.0015625 0.0020833333333333333
1 0.08828125 0.94375 0.0078125 0.020833333333333332
1 0.86953125 0.93125 0.0046875 0.004166666666666667
1 0.934375 0.9270833333333334 0.00625 0.004166666666666667
1 0.92890625 0.9260416666666667 0.0015625 0.0020833333333333333
1 0.92578125 0.9260416666666667 0.0015625 0.0020833333333333333
1 0.9125 0.9229166666666667 0.00625 0.004166666666666667
1 0.93515625 0.9197916666666667 0.0015625 0.0020833333333333333
1 0.91796875 0.9197916666666667 0.0015625 0.0020833333333333333
1 0.8484375 0.9510416666666667 0.303125 0.09791666666666667
1 0.07421875 0.8635416666666667 0.0015625 0.00625
1 0.05625 0.81875 0.00625 0.016666666666666666
1 0.04765625 0.7614583333333333 0.0015625 0.0020833333333333333
1 0.04375 0.75625 0.003125 0.004166666666666667
1 0.0296875 0.7489583333333333 0.003125 0.00625
1 0.03125 0.709375 0.003125 0.00625
1 0.03046875 0.696875 0.0015625 0.00625
1 0.0515625 0.8322916666666667 0.103125 0.33541666666666664
1 0.44921875 0.6541666666666667 0.0046875 0.004166666666666667
1 0.45390625 0.6510416666666666 0.0015625 0.0020833333333333333
1 0.0140625 0.6552083333333333 0.003125 0.010416666666666666
1 0.48359375 0.6364583333333333 0.0015625 0.0020833333333333333
1 0.01484375 0.6364583333333333 0.0015625 0.00625
1 0.00390625 0.6322916666666667 0.0015625 0.0020833333333333333
1 0.49296875 0.6302083333333334 0.0015625 0.0020833333333333333
1 0.49765625 0.628125 0.0015625 0.0020833333333333333
1 0.50859375 0.6229166666666667 0.0046875 0.004166666666666667
1 0.51328125 0.6197916666666666 0.0015625 0.0020833333333333333
1 0.51640625 0.6177083333333333 0.0015625 0.0020833333333333333
1 0.51953125 0.615625 0.0015625 0.0020833333333333333
1 0.5234375 0.6135416666666667 0.003125 0.0020833333333333333
1 0.0078125 0.6197916666666666 0.009375 0.014583333333333334
1 0.5453125 0.5989583333333334 0.009375 0.00625
1 0.0046875 0.5885416666666666 0.003125 0.00625
1 0.0015625 0.58125 0.003125 0.004166666666666667
1 0.5703125 0.5822916666666667 0.0125 0.010416666666666666
1 0.58203125 0.575 0.0078125 0.004166666666666667
1 0.59375 0.565625 0.003125 0.0020833333333333333
1 0.59765625 0.5635416666666667 0.0015625 0.0020833333333333333
1 0.625 0.5427083333333333 0.00625 0.00625
1 0.63515625 0.5322916666666667 0.0015625 0.0020833333333333333
1 0.64453125 0.5239583333333333 0.0015625 0.0020833333333333333
1 0.64921875 0.5197916666666667 0.0015625 0.0020833333333333333
1 0.67265625 0.4979166666666667 0.0046875 0.004166666666666667
1 0.72734375 0.4375 0.0109375 0.0125
1 0.74609375 0.409375 0.0015625 0.0020833333333333333
1 0.74921875 0.40729166666666666 0.0015625 0.0020833333333333333
1 0.7578125 0.39375 0.009375 0.0125
1 0.99453125 0.390625 0.0046875 0.022916666666666665
1 0.765625 0.38125 0.003125 0.004166666666666667
1 0.76796875 0.37604166666666666 0.0015625 0.0020833333333333333
1 0.99453125 0.3625 0.0015625 0.008333333333333333
1 0.984375 0.34479166666666666 0.003125 0.014583333333333334
1 0.9796875 0.334375 0.003125 0.00625
1 0.79453125 0.33229166666666665 0.0015625 0.0020833333333333333
1 0.79765625 0.3302083333333333 0.0015625 0.0020833333333333333
1 0.40078125 0.31145833333333334 0.0015625 0.0020833333333333333
1 0.96015625 0.24479166666666666 0.0015625 0.0020833333333333333
1 0.50546875 0.22395833333333334 0.0015625 0.0020833333333333333
1 0.86875 0.18125 0.003125 0.004166666666666667
1 0.86953125 0.17604166666666668 0.0015625 0.0020833333333333333
1 0.871875 0.16875 0.003125 0.004166666666666667
1 0.87265625 0.16354166666666667 0.0015625 0.0020833333333333333
1 0.9359375 0.14166666666666666 0.003125 0.008333333333333333
1 0.88203125 0.13125 0.0015625 0.004166666666666667
1 0.88359375 0.12395833333333334 0.0015625 0.0020833333333333333
1 0.8859375 0.11458333333333333 0.003125 0.004166666666666667
1 0.88671875 0.10833333333333334 0.0015625 0.004166666666666667
1 0.88828125 0.1 0.0015625 0.008333333333333333
1 0.07734375 0.084375 0.0015625 0.0020833333333333333
1 0.10234375 0.07708333333333334 0.0015625 0.004166666666666667
1 0.9171875 0.06770833333333333 0.003125 0.0020833333333333333
1 0.64140625 0.06145833333333333 0.0015625 0.0020833333333333333
1 0.19609375 0.053125 0.0015625 0.0020833333333333333
1 0.19296875 0.053125 0.0015625 0.0020833333333333333
1 0.18984375 0.053125 0.0015625 0.0020833333333333333
1 0.18671875 0.053125 0.0015625 0.0020833333333333333
1 0.18359375 0.053125 0.0015625 0.0020833333333333333
1 0.18046875 0.053125 0.0015625 0.0020833333333333333
1 0.17734375 0.053125 0.0015625 0.0020833333333333333
1 0.23984375 0.040625 0.0015625 0.0020833333333333333
1 0.23671875 0.040625 0.0015625 0.0020833333333333333
1 0.175 0.041666666666666664 0.003125 0.004166666666666667
1 0.90859375 0.04375 0.0015625 0.0125
1 0.24609375 0.03854166666666667 0.0078125 0.0020833333333333333
1 0.91953125 0.0375 0.0015625 0.004166666666666667
1 0.25546875 0.036458333333333336 0.0015625 0.0020833333333333333
1 0.3578125 0.013541666666666667 0.00625 0.010416666666666666
1 0.35546875 0.007291666666666667 0.0015625 0.0020833333333333333
1 0.38984375 0.005208333333333333 0.0015625 0.0020833333333333333
1 0.38671875 0.005208333333333333 0.0015625 0.0020833333333333333
1 0.9578125 0.165625 0.084375 0.33125
1 0.91171875 0.017708333333333333 0.0078125 0.035416666666666666
1 0.89921875 0.003125 0.0015625 0.00625
1 0.3171875 0.00625 0.015625 0.0125
1 0.15 0.04479166666666667 0.3 0.08958333333333333
