1 0.28671875 0.9989583333333333 0.0234375 0.0020833333333333333
1 0.159375 0.9989583333333333 0.00625 0.0020833333333333333
1 0.15078125 0.9989583333333333 0.0015625 0.0020833333333333333
1 0.2125 0.996875 0.021875 0.0020833333333333333
1 0.1859375 0.996875 0.003125 0.0020833333333333333
1 0.16953125 0.996875 0.0078125 0.0020833333333333333
1 0.13515625 0.9979166666666667 0.0015625 0.004166666666666667
1 0.89609375 0.996875 0.0078125 0.00625
1 0.12421875 0.9958333333333333 0.0015625 0.004166666666666667
1 0.81171875 0.99375 0.0234375 0.004166666666666667
1 0.84921875 0.990625 0.0015625 0.0020833333333333333
1 0.82578125 0.9916666666666667 0.0015625 0.004166666666666667
1 0.11640625 0.990625 0.0015625 0.0020833333333333333
1 0.85703125 0.9885416666666667 0.0015625 0.0020833333333333333
1 0.853125 0.9885416666666667 0.003125 0.0020833333333333333
1 0.82578125 0.9864583333333333 0.0015625 0.0020833333333333333
1 0.87890625 0.984375 0.0015625 0.0020833333333333333
1 0.8828125 0.9833333333333333 0.003125 0.004166666666666667
1 0.86015625 0.9822916666666667 0.0015625 0.0020833333333333333
1 0.8421875 0.9822916666666667 0.03125 0.0020833333333333333
1 0.87109375 0.98125 0.0109375 0.004166666666666667
1 0.89375 0.9802083333333333 0.015625 0.00625
1 0.10625 0.978125 0.00625 0.01875
1 0.96171875 0.9822916666666667 0.0765625 0.035416666666666666
1 0.99453125 0.946875 0.0046875 0.022916666666666665
1 0.0859375 0.9260416666666667 0.003125 0.0020833333333333333
1 0.0890625 0.9208333333333333 0.003125 0.004166666666666667
1 0.99453125 0.91875 0.0015625 0.008333333333333333
1 0.0890625 0.9125 0.003125 0.008333333333333333
1 0.99296875 0.9052083333333333 0.0015625 0.010416666666666666
1 0.084375 0.903125 0.00625 0.00625
1 0.08671875 0.8927083333333333 0.0015625 0.0020833333333333333
1 0.9953125 0.8854166666666666 0.003125 0.016666666666666666
1 0.08046875 0.8677083333333333 0.0015625 0.0020833333333333333
1 0.99609375 0.834375 0.0015625 0.0020833333333333333
1 0.0578125 0.8145833333333333 0.003125 0.004166666666666667
1 0.46875 0.7739583333333333 0.003125 0.0020833333333333333
1 0.99609375 0.7645833333333333 0.0015625 0.008333333333333333
1 0.43046875 0.7572916666666667 0.0015625 0.0020833333333333333
1 0.99921875 0.7427083333333333 0.0015625 0.0020833333333333333
1 0.04296875 0.74375 0.0015625 0.004166666666666667
1 0.99765625 0.7354166666666667 0.0015625 0.004166666666666667
1 0.04296875 0.734375 0.0015625 0.0020833333333333333
1 0.0375 0.725 0.00625 0.016666666666666666
1 0.99765625 0.7166666666666667 0.0015625 0.004166666666666667
1 0.921875 0.7145833333333333 0.003125 0.004166666666666667
1 0.03359375 0.70625 0.0015625 0.008333333333333333
1 0.03203125 0.6989583333333333 0.0015625 0.0020833333333333333
1 0.0296875 0.6927083333333334 0.003125 0.00625
1 0.025 0.6791666666666667 0.003125 0.020833333333333332
1 0.0078125 0.6677083333333333 0.003125 0.0020833333333333333
1 0.05 0.8291666666666667 0.1 0.3416666666666667
1 0.9265625 0.6583333333333333 0.003125 0.004166666666666667
1 0.93203125 0.653125 0.0015625 0.0020833333333333333
1 0.9125 0.65 0.003125 0.008333333333333333
1 0.01171875 0.6427083333333333 0.0078125 0.01875
1 0.89765625 0.6260416666666667 0.0046875 0.0020833333333333333
1 0.00703125 0.6239583333333333 0.0015625 0.00625
1 0.00546875 0.6114583333333333 0.0015625 0.0020833333333333333
1 0.0015625 0.5989583333333334 0.003125 0.0020833333333333333
1 0.99453125 0.3645833333333333 0.0046875 0.008333333333333333
1 0.99609375 0.33229166666666665 0.0046875 0.0020833333333333333
1 0.98828125 0.325 0.0078125 0.020833333333333332
1 0.98203125 0.31145833333333334 0.0015625 0.0020833333333333333
1 0.99375 0.30416666666666664 0.003125 0.0125
1 0.971875 0.2875 0.009375 0.025
1 0.00390625 0.26666666666666666 0.0015625 0.004166666666666667
1 0.96484375 0.26145833333333335 0.0015625 0.00625
1 0.96328125 0.2552083333333333 0.0015625 0.0020833333333333333
1 0.96171875 0.25 0.0015625 0.004166666666666667
1 0.96015625 0.240625 0.0015625 0.0020833333333333333
1 0.95859375 0.23229166666666667 0.0015625 0.0020833333333333333
1 0.00390625 0.24375 0.0015625 0.025
1 0.00390625 0.20104166666666667 0.0015625 0.0020833333333333333
1 0.940625 0.17291666666666666 0.003125 0.008333333333333333
1 0.00546875 0.18333333333333332 0.0015625 0.029166666666666667
1 0.00546875 0.165625 0.0015625 0.0020833333333333333
1 0.94453125 0.15104166666666666 0.0015625 0.0020833333333333333
1 0.0078125 0.128125 0.003125 0.027083333333333334
1 0.91484375 0.08229166666666667 0.0015625 0.0020833333333333333
1 0.0046875 0.096875 0.009375 0.03125
1 0.00234375 0.07083333333333333 0.0046875 0.0125
1 0.9125 0.06770833333333333 0.003125 0.01875
1 0.909375 0.053125 0.003125 0.00625
1 0.89375 0.013541666666666667 0.003125 0.0020833333333333333
1 0.79765625 0.005208333333333333 0.0015625 0.0020833333333333333
1 0.79453125 0.005208333333333333 0.0015625 0.0020833333333333333
1 0.79140625 0.005208333333333333 0.0015625 0.0020833333333333333
1 0.78828125 0.005208333333333333 0.0015625 0.0020833333333333333
1 0.78515625 0.005208333333333333 0.0015625 0.0020833333333333333
1 0.78203125 0.005208333333333333 0.0015625 0.0020833333333333333
1 0.77890625 0.005208333333333333 0.0015625 0.0020833333333333333
1 0.77578125 0.005208333333333333 0.0015625 0.0020833333333333333
1 0.7625 0.003125 0.021875 0.0020833333333333333
1 0.74921875 0.003125 0.0015625 0.0020833333333333333
1 0.95859375 0.13333333333333333 0.0828125 0.26666666666666666
1 0.91328125 0.016666666666666666 0.0078125 0.03333333333333333
1 0.8765625 0.004166666666666667 0.01875 0.008333333333333333
1 0.85546875 0.0020833333333333333 0.0109375 0.004166666666666667
1 0.01171875 0.016666666666666666 0.0015625 0.03333333333333333
