0 0.3390625 0.7614583333333333 0.003125 0.0020833333333333333
0 0.45546875 0.759375 0.0015625 0.0020833333333333333
0 0.37421875 0.8010416666666667 0.1265625 0.08541666666666667
0 0.31015625 0.7489583333333333 0.0078125 0.022916666666666665
0 0.37109375 0.7416666666666667 0.0140625 0.016666666666666666
0 0.3328125 0.7375 0.009375 0.03333333333333333
0 0.35703125 0.725 0.0109375 0.020833333333333332
0 0.30234375 0.71875 0.0078125 0.0125
0 0.38828125 0.715625 0.0109375 0.01875
0 0.546875 0.7010416666666667 0.003125 0.0020833333333333333
0 0.55234375 0.6947916666666667 0.0015625 0.0020833333333333333
0 0.47109375 0.6979166666666666 0.0265625 0.03333333333333333
0 0.5140625 0.7052083333333333 0.040625 0.05625
0 0.47734375 0.6760416666666667 0.0046875 0.0020833333333333333
0 0.49375 0.6697916666666667 0.003125 0.00625
0 0.57734375 0.659375 0.0015625 0.0020833333333333333
0 0.29140625 0.6645833333333333 0.0140625 0.016666666666666666
0 0.49921875 0.6552083333333333 0.0015625 0.0020833333333333333
0 0.50078125 0.65 0.0046875 0.004166666666666667
0 0.62265625 0.6572916666666667 0.0234375 0.03125
0 0.50625 0.6447916666666667 0.003125 0.00625
0 0.65078125 0.603125 0.0015625 0.0020833333333333333
0 0.32109375 0.6041666666666666 0.0078125 0.008333333333333333
0 0.65859375 0.5854166666666667 0.0046875 0.0125
0 0.3546875 0.5760416666666667 0.003125 0.0020833333333333333
0 0.4984375 0.596875 0.03125 0.04791666666666667
0 0.56015625 0.6270833333333333 0.0796875 0.13333333333333333
0 0.4109375 0.5364583333333334 0.003125 0.0020833333333333333
0 0.425 0.5166666666666667 0.00625 0.008333333333333333
0 0.42734375 0.509375 0.0015625 0.0020833333333333333
0 0.66796875 0.5385416666666667 0.0171875 0.07291666666666667
0 0.634375 0.471875 0.003125 0.00625
0 0.63125 0.46770833333333334 0.003125 0.0020833333333333333
0 0.48984375 0.3614583333333333 0.0015625 0.0020833333333333333
0 0.49140625 0.35520833333333335 0.0015625 0.00625
0 0.49453125 0.33645833333333336 0.0015625 0.00625
0 0.584375 0.275 0.003125 0.008333333333333333
0 0.66015625 0.240625 0.0015625 0.010416666666666666
0 0.65234375 0.209375 0.0015625 0.0020833333333333333
0 0.6796875 0.271875 0.015625 0.14375
0 0.58359375 0.20833333333333334 0.0171875 0.020833333333333332
0 0.65078125 0.190625 0.0046875 0.022916666666666665
0 0.65078125 0.16354166666666667 0.0015625 0.0020833333333333333
0 0.665625 0.15729166666666666 0.00625 0.01875
0 0.6609375 0.13854166666666667 0.00625 0.010416666666666666
0 0.61875 0.27708333333333335 0.053125 0.42916666666666664
0 0.58828125 0.05 0.0015625 0.004166666666666667
0 0.4734375 0.03854166666666667 0.00625 0.00625
0 0.45078125 0.359375 0.2859375 0.71875
1 0.26484375 0.8979166666666667 0.0015625 0.004166666666666667
1 0.26171875 0.890625 0.0046875 0.00625
1 0.41015625 0.846875 0.0015625 0.0020833333333333333
1 0.3453125 0.8510416666666667 0.028125 0.010416666666666666
1 0.49921875 0.8447916666666667 0.0015625 0.0020833333333333333
1 0.41015625 0.8427083333333333 0.0015625 0.0020833333333333333
1 0.3203125 0.8302083333333333 0.009375 0.010416666666666666
1 0.45703125 0.8229166666666666 0.0390625 0.020833333333333332
1 0.49921875 0.809375 0.0015625 0.0020833333333333333
1 0.5375 0.8020833333333334 0.021875 0.004166666666666667
1 0.48984375 0.8083333333333333 0.0203125 0.016666666666666666
1 0.57109375 0.7989583333333333 0.0046875 0.0020833333333333333
1 0.30625 0.7979166666666667 0.00625 0.0125
1 0.5203125 0.7791666666666667 0.003125 0.004166666666666667
1 0.3484375 0.7635416666666667 0.003125 0.0020833333333333333
1 0.54296875 0.7697916666666667 0.0390625 0.03125
1 0.55390625 0.7489583333333333 0.0015625 0.0020833333333333333
1 0.55859375 0.746875 0.0015625 0.0020833333333333333
1 0.5625 0.74375 0.003125 0.004166666666666667
1 0.34140625 0.7364583333333333 0.0015625 0.0020833333333333333
1 0.2875 0.75 0.015625 0.03333333333333333
1 0.27734375 0.7322916666666667 0.0015625 0.0020833333333333333
1 0.34140625 0.73125 0.0015625 0.004166666666666667
1 0.57734375 0.7270833333333333 0.0015625 0.004166666666666667
1 0.34609375 0.7229166666666667 0.0046875 0.004166666666666667
1 0.15859375 0.721875 0.0015625 0.0020833333333333333
1 0.2734375 0.71875 0.003125 0.004166666666666667
1 0.60703125 0.696875 0.0015625 0.0020833333333333333
1 0.28046875 0.7114583333333333 0.0203125 0.035416666666666666
1 0.6140625 0.6885416666666667 0.0125 0.010416666666666666
1 0.26484375 0.68125 0.0015625 0.004166666666666667
1 0.62578125 0.6760416666666667 0.0015625 0.0020833333333333333
1 0.64140625 0.6552083333333333 0.0015625 0.0020833333333333333
1 0.6328125 0.6614583333333334 0.0125 0.014583333333333334
1 0.26953125 0.671875 0.0109375 0.052083333333333336
1 0.28984375 0.6385416666666667 0.0015625 0.0020833333333333333
1 0.25234375 0.6197916666666666 0.0015625 0.0020833333333333333
1 0.67109375 0.621875 0.0046875 0.010416666666666666
1 0.52421875 0.6177083333333333 0.0015625 0.0020833333333333333
1 0.2796875 0.6322916666666667 0.021875 0.035416666666666666
1 0.3109375 0.5989583333333334 0.003125 0.0020833333333333333
1 0.29921875 0.6052083333333333 0.0171875 0.014583333333333334
1 0.67265625 0.5947916666666667 0.0015625 0.0020833333333333333
1 0.315625 0.5947916666666667 0.003125 0.00625
1 0.08046875 0.590625 0.0046875 0.00625
1 0.6703125 0.5729166666666666 0.003125 0.0125
1 0.3421875 0.575 0.046875 0.03333333333333333
1 0.384375 0.54375 0.034375 0.029166666666666667
1 0.4140625 0.5145833333333333 0.025 0.029166666666666667
1 0.42890625 0.48854166666666665 0.0015625 0.0020833333333333333
1 0.43828125 0.484375 0.0046875 0.00625
1 0.4265625 0.48333333333333334 0.003125 0.004166666666666667
1 0.85078125 0.465625 0.0015625 0.0020833333333333333
1 0.43203125 0.465625 0.0015625 0.0020833333333333333
1 0.1515625 0.725 0.303125 0.55
1 0.45234375 0.4583333333333333 0.0203125 0.0375
1 0.4265625 0.44166666666666665 0.003125 0.008333333333333333
1 0.46328125 0.43645833333333334 0.0015625 0.0020833333333333333
1 0.45390625 0.4375 0.0015625 0.004166666666666667
1 0.46484375 0.4322916666666667 0.0015625 0.0020833333333333333
1 0.46640625 0.42083333333333334 0.0015625 0.0125
1 0.4703125 0.4083333333333333 0.00625 0.008333333333333333
1 0.4765625 0.390625 0.00625 0.014583333333333334
1 0.47890625 0.375 0.0046875 0.0125
1 0.45234375 0.36354166666666665 0.0015625 0.0020833333333333333
1 0.4859375 0.353125 0.00625 0.022916666666666665
1 0.6953125 0.35 0.00625 0.020833333333333332
1 0.69765625 0.3385416666666667 0.0015625 0.00625
1 0.49140625 0.321875 0.0015625 0.010416666666666666
1 0.05859375 0.31145833333333334 0.0015625 0.0020833333333333333
1 0.49140625 0.3104166666666667 0.0015625 0.004166666666666667
1 0.69296875 0.3177083333333333 0.0015625 0.03125
1 0.69140625 0.2989583333333333 0.0015625 0.0020833333333333333
1 0.49140625 0.29375 0.0015625 0.004166666666666667
1 0.49296875 0.2864583333333333 0.0015625 0.0020833333333333333
1 0.69765625 0.3072916666666667 0.0015625 0.052083333333333336
1 0.4953125 0.2760416666666667 0.003125 0.014583333333333334
1 0.69921875 0.265625 0.0015625 0.0020833333333333333
1 0.69140625 0.259375 0.0015625 0.014583333333333334
1 0.49921875 0.253125 0.0015625 0.0020833333333333333
1 0.6984375 0.2520833333333333 0.003125 0.0125
1 0.68984375 0.246875 0.0015625 0.00625
1 0.10546875 0.24479166666666666 0.0015625 0.0020833333333333333
1 0.11171875 0.240625 0.0015625 0.0020833333333333333
1 0.1046875 0.240625 0.003125 0.0020833333333333333
1 0.59765625 0.234375 0.0015625 0.010416666666666666
1 0.68984375 0.23020833333333332 0.0046875 0.00625
1 0.50078125 0.22708333333333333 0.0015625 0.0125
1 0.49921875 0.209375 0.0015625 0.00625
1 0.70078125 0.209375 0.0171875 0.052083333333333336
1 0.15859375 0.178125 0.0015625 0.0020833333333333333
1 0.70859375 0.17083333333333334 0.0015625 0.004166666666666667
1 0.59765625 0.16354166666666667 0.0015625 0.0020833333333333333
1 0.49296875 0.153125 0.0015625 0.0020833333333333333
1 0.49140625 0.1375 0.0015625 0.008333333333333333
1 0.48984375 0.125 0.0015625 0.0125
1 0.4875 0.11666666666666667 0.003125 0.004166666666666667
1 0.70078125 0.115625 0.0015625 0.00625
1 0.7109375 0.10729166666666666 0.009375 0.014583333333333334
1 0.48828125 0.08229166666666667 0.0015625 0.0020833333333333333
1 0.715625 0.08125 0.003125 0.004166666666666667
1 0.71171875 0.07604166666666666 0.0015625 0.0020833333333333333
1 0.4859375 0.07708333333333334 0.003125 0.004166666666666667
1 0.70859375 0.06770833333333333 0.0015625 0.0020833333333333333
1 0.72265625 0.065625 0.0015625 0.0020833333333333333
1 0.4828125 0.0625 0.00625 0.004166666666666667
1 0.47109375 0.05520833333333333 0.0046875 0.00625
1 0.69921875 0.04895833333333333 0.0015625 0.0020833333333333333
1 0.46796875 0.04895833333333333 0.0015625 0.0020833333333333333
1 0.6921875 0.041666666666666664 0.003125 0.004166666666666667
1 0.46171875 0.041666666666666664 0.0078125 0.008333333333333333
1 0.684375 0.040625 0.00625 0.010416666666666666
1 0.46015625 0.034375 0.0015625 0.0020833333333333333
1 0.66796875 0.011458333333333333 0.0015625 0.0020833333333333333
1 0.4453125 0.01875 0.009375 0.020833333333333332
1 0.43828125 0.009375 0.0015625 0.0020833333333333333
1 0.61171875 0.007291666666666667 0.0015625 0.0020833333333333333
1 0.42734375 0.007291666666666667 0.0015625 0.0020833333333333333
1 0.67109375 0.005208333333333333 0.0015625 0.0020833333333333333
1 0.45078125 0.008333333333333333 0.0109375 0.008333333333333333
1 0.43046875 0.00625 0.0015625 0.004166666666666667
1 0.37109375 0.005208333333333333 0.0015625 0.0020833333333333333
1 0.61171875 0.003125 0.0015625 0.0020833333333333333
1 0.7828125 0.5 0.434375 1.0
1 0.43203125 0.0010416666666666667 0.0015625 0.0020833333333333333
1 0.42421875 0.004166666666666667 0.0015625 0.008333333333333333
1 0.33671875 0.005208333333333333 0.0765625 0.010416666666666666
1 0.2890625 0.00625 0.009375 0.0125
1 0.1375 0.18333333333333332 0.275 0.36666666666666664
