0 0.325 0.7708333333333334 0.003125 0.004166666666666667
0 0.3296875 0.7677083333333333 0.003125 0.0020833333333333333
0 0.35625 0.765625 0.009375 0.00625
0 0.03359375 0.6322916666666667 0.0015625 0.0020833333333333333
0 0.09765625 0.6010416666666667 0.0015625 0.0020833333333333333
0 0.0890625 0.6010416666666667 0.003125 0.0020833333333333333
0 0.19296875 0.5802083333333333 0.0015625 0.0020833333333333333
0 0.18984375 0.578125 0.0015625 0.0020833333333333333
0 0.18671875 0.578125 0.0015625 0.0020833333333333333
0 0.18046875 0.578125 0.0078125 0.00625
0 0.36171875 0.5260416666666666 0.0015625 0.0020833333333333333
0 0.353125 0.5260416666666666 0.003125 0.0020833333333333333
0 0.40859375 0.49583333333333335 0.0046875 0.004166666666666667
0 0.83359375 0.46458333333333335 0.0046875 0.004166666666666667
0 0.828125 0.4510416666666667 0.003125 0.0020833333333333333
0 0.84296875 0.446875 0.0015625 0.0020833333333333333
0 0.83984375 0.43854166666666666 0.0078125 0.010416666666666666
0 0.85859375 0.41354166666666664 0.0015625 0.0020833333333333333
0 0.865625 0.39479166666666665 0.003125 0.00625
0 0.871875 0.375 0.00625 0.016666666666666666
0 0.86484375 0.3614583333333333 0.0015625 0.0020833333333333333
0 0.7703125 0.29270833333333335 0.009375 0.014583333333333334
0 0.68828125 0.25104166666666666 0.0015625 0.0020833333333333333
0 0.79609375 0.20729166666666668 0.0015625 0.0020833333333333333
0 0.79296875 0.20729166666666668 0.0015625 0.0020833333333333333
0 0.78984375 0.20729166666666668 0.0015625 0.0020833333333333333
0 0.78671875 0.20729166666666668 0.0015625 0.0020833333333333333
0 0.78359375 0.20729166666666668 0.0015625 0.0020833333333333333
0 0.78046875 0.20729166666666668 0.0015625 0.0020833333333333333
0 0.77734375 0.20729166666666668 0.0015625 0.0020833333333333333
0 0.79453125 0.20833333333333334 0.0359375 0.016666666666666666
0 0.7796875 0.19791666666666666 0.009375 0.004166666666666667
0 0.74609375 0.19791666666666666 0.0078125 0.008333333333333333
0 0.81640625 0.16145833333333334 0.0015625 0.0020833333333333333
0 0.828125 0.159375 0.009375 0.010416666666666666
0 0.803125 0.12916666666666668 0.00625 0.008333333333333333
0 0.59453125 0.08645833333333333 0.0140625 0.010416666666666666
0 0.44921875 0.41041666666666665 0.8671875 0.7333333333333333
1 0.15 0.9729166666666667 0.3 0.05416666666666667
1 0.28671875 0.7885416666666667 0.0015625 0.0020833333333333333
1 0.37421875 0.7864583333333334 0.0015625 0.0020833333333333333
1 0.33828125 0.7864583333333334 0.0015625 0.0020833333333333333
1 0.35703125 0.7864583333333334 0.0140625 0.00625
1 0.3421875 0.784375 0.003125 0.0020833333333333333
1 0.40546875 0.7802083333333333 0.0015625 0.0020833333333333333
1 0.36171875 0.7802083333333333 0.0015625 0.0020833333333333333
1 0.4 0.7770833333333333 0.003125 0.004166666666666667
1 0.39375 0.7760416666666666 0.00625 0.0020833333333333333
1 0.415625 0.7760416666666666 0.015625 0.014583333333333334
1 0.43203125 0.7677083333333333 0.0046875 0.0020833333333333333
1 0.42578125 0.7677083333333333 0.0015625 0.0020833333333333333
1 0.49921875 0.7645833333333333 0.0015625 0.004166666666666667
1 0.49453125 0.7645833333333333 0.0046875 0.004166666666666667
1 0.5234375 0.759375 0.003125 0.0020833333333333333
1 0.4484375 0.7625 0.01875 0.008333333333333333
1 0.06953125 0.7489583333333333 0.0015625 0.0020833333333333333
1 0.07421875 0.746875 0.0015625 0.0020833333333333333
1 0.48203125 0.7510416666666667 0.0359375 0.014583333333333334
1 0.5046875 0.7427083333333333 0.003125 0.0020833333333333333
1 0.5140625 0.7416666666666667 0.00625 0.004166666666666667
1 0.51953125 0.7385416666666667 0.0046875 0.0020833333333333333
1 0.87890625 0.7375 0.0046875 0.008333333333333333
1 0.04921875 0.725 0.0015625 0.004166666666666667
1 0.64453125 0.6979166666666666 0.0015625 0.004166666666666667
1 0.64921875 0.6958333333333333 0.0015625 0.004166666666666667
1 0.65703125 0.6927083333333334 0.0046875 0.0020833333333333333
1 0.66875 0.6895833333333333 0.0125 0.0125
1 0.578125 0.709375 0.109375 0.05625
1 0.00703125 0.684375 0.0046875 0.00625
1 0.00078125 0.678125 0.0015625 0.0020833333333333333
1 0.65546875 0.6739583333333333 0.0015625 0.0020833333333333333
1 0.6609375 0.671875 0.003125 0.0020833333333333333
1 0.6421875 0.675 0.01875 0.016666666666666666
1 0.703125 0.6625 0.00625 0.008333333333333333
1 0.0046875 0.6395833333333333 0.009375 0.008333333333333333
1 0.9703125 0.8166666666666667 0.059375 0.36666666666666664
1 0.73671875 0.63125 0.0078125 0.004166666666666667
1 0.69375 0.6447916666666667 0.0625 0.052083333333333336
1 0.74765625 0.615625 0.0015625 0.010416666666666666
1 0.0421875 0.6145833333333334 0.009375 0.008333333333333333
1 0.05703125 0.609375 0.0015625 0.0020833333333333333
1 0.06171875 0.6052083333333333 0.0015625 0.0020833333333333333
1 0.746875 0.6010416666666667 0.003125 0.00625
1 0.7375 0.6041666666666666 0.0125 0.016666666666666666
1 0.74921875 0.5947916666666667 0.0015625 0.0020833333333333333
1 0.08984375 0.59375 0.0140625 0.008333333333333333
1 0.09921875 0.5885416666666666 0.0015625 0.0020833333333333333
1 0.1046875 0.5854166666666667 0.00625 0.004166666666666667
1 0.1109375 0.5822916666666667 0.003125 0.0020833333333333333
1 0.12421875 0.578125 0.0171875 0.00625
1 0.13515625 0.5739583333333333 0.0015625 0.0020833333333333333
1 0.14921875 0.5697916666666667 0.0015625 0.0020833333333333333
1 0.14296875 0.5708333333333333 0.0078125 0.004166666666666667
1 0.15390625 0.5677083333333334 0.0046875 0.0020833333333333333
1 0.1671875 0.565625 0.003125 0.0020833333333333333
1 0.16796875 0.5614583333333333 0.0015625 0.0020833333333333333
1 0.1859375 0.5614583333333333 0.03125 0.010416666666666666
1 0.21484375 0.5541666666666667 0.0140625 0.004166666666666667
1 0.82421875 0.5322916666666667 0.0015625 0.0020833333333333333
1 0.26640625 0.540625 0.0859375 0.022916666666666665
1 0.84921875 0.5291666666666667 0.0015625 0.004166666666666667
1 0.81953125 0.53125 0.0109375 0.008333333333333333
1 0.78125 0.5583333333333333 0.0625 0.06666666666666667
1 0.321875 0.5270833333333333 0.01875 0.008333333333333333
1 0.334375 0.521875 0.003125 0.0020833333333333333
1 0.31640625 0.515625 0.0015625 0.0020833333333333333
1 0.31015625 0.5114583333333333 0.0109375 0.00625
1 0.29609375 0.509375 0.0015625 0.0020833333333333333
1 0.2828125 0.5114583333333333 0.015625 0.010416666666666666
1 0.30078125 0.50625 0.0046875 0.004166666666666667
1 0.33671875 0.5010416666666667 0.0015625 0.0020833333333333333
1 0.84375 0.4947916666666667 0.009375 0.00625
1 0.82109375 0.4979166666666667 0.0390625 0.0625
1 0.396875 0.48854166666666665 0.11875 0.06458333333333334
1 0.45859375 0.4552083333333333 0.0015625 0.0020833333333333333
1 0.45234375 0.44583333333333336 0.0015625 0.004166666666666667
1 0.471875 0.4479166666666667 0.01875 0.0125
1 0.47109375 0.43854166666666666 0.0015625 0.0020833333333333333
1 0.46015625 0.43854166666666666 0.0015625 0.0020833333333333333
1 0.87734375 0.44583333333333336 0.0203125 0.025
1 0.49765625 0.42604166666666665 0.0015625 0.0020833333333333333
1 0.48984375 0.4270833333333333 0.0109375 0.0125
1 0.88828125 0.4166666666666667 0.0234375 0.008333333333333333
1 0.51171875 0.40729166666666666 0.0078125 0.010416666666666666
1 0.52265625 0.3927083333333333 0.0078125 0.010416666666666666
1 0.89296875 0.39166666666666666 0.0078125 0.016666666666666666
1 0.52578125 0.38229166666666664 0.0015625 0.0020833333333333333
1 0.88828125 0.384375 0.0015625 0.010416666666666666
1 0.89609375 0.375 0.0015625 0.008333333333333333
1 0.5140625 0.36875 0.003125 0.004166666666666667
1 0.89765625 0.3625 0.0015625 0.004166666666666667
1 0.52890625 0.3572916666666667 0.0015625 0.0020833333333333333
1 0.89609375 0.35208333333333336 0.0015625 0.008333333333333333
1 0.86328125 0.40520833333333334 0.0484375 0.11875
1 0.52734375 0.34479166666666666 0.0015625 0.0020833333333333333
1 0.53203125 0.34270833333333334 0.0015625 0.0020833333333333333
1 0.54296875 0.3614583333333333 0.0296875 0.04791666666666667
1 0.89453125 0.3385416666666667 0.0015625 0.00625
1 0.9203125 0.35 0.009375 0.03333333333333333
1 0.55703125 0.3302083333333333 0.0015625 0.0020833333333333333
1 0.55078125 0.321875 0.0015625 0.0020833333333333333
1 0.56484375 0.31979166666666664 0.0015625 0.0020833333333333333
1 0.5671875 0.3145833333333333 0.003125 0.004166666666666667
1 0.56796875 0.3072916666666667 0.0015625 0.0020833333333333333
1 0.55078125 0.3072916666666667 0.0015625 0.0020833333333333333
1 0.57734375 0.29583333333333334 0.0109375 0.025
1 0.58515625 0.27708333333333335 0.0046875 0.008333333333333333
1 0.00390625 0.26666666666666666 0.0078125 0.004166666666666667
1 0.58984375 0.25833333333333336 0.0078125 0.025
1 0.98828125 0.25 0.0234375 0.03333333333333333
1 0.5953125 0.234375 0.003125 0.01875
1 0.89453125 0.21770833333333334 0.0015625 0.0020833333333333333
1 0.89453125 0.228125 0.0109375 0.022916666666666665
1 0.884375 0.2625 0.03125 0.14166666666666666
1 0.87578125 0.18645833333333334 0.0015625 0.0020833333333333333
1 0.86328125 0.18333333333333332 0.0015625 0.004166666666666667
1 0.86015625 0.17708333333333334 0.0015625 0.004166666666666667
1 0.86015625 0.171875 0.0015625 0.0020833333333333333
1 0.95 0.2 0.05 0.06666666666666667
1 0.8546875 0.16041666666666668 0.009375 0.016666666666666666
1 0.8671875 0.15208333333333332 0.003125 0.004166666666666667
1 0.60703125 0.17083333333333334 0.0109375 0.05416666666666667
1 0.60859375 0.13958333333333334 0.0046875 0.004166666666666667
1 0.8375 0.14270833333333333 0.009375 0.014583333333333334
1 0.60859375 0.134375 0.0015625 0.0020833333333333333
1 0.83359375 0.13229166666666667 0.0015625 0.0020833333333333333
1 0.83046875 0.13229166666666667 0.0015625 0.0020833333333333333
1 0.8265625 0.13229166666666667 0.003125 0.0020833333333333333
1 0.825 0.115625 0.003125 0.00625
1 0.5984375 0.10520833333333333 0.009375 0.014583333333333334
1 0.77109375 0.09479166666666666 0.0078125 0.00625
1 0.74453125 0.08541666666666667 0.0109375 0.004166666666666667
1 0.73515625 0.08020833333333334 0.0015625 0.0020833333333333333
1 0.74453125 0.07395833333333333 0.0015625 0.0020833333333333333
1 0.77421875 0.06979166666666667 0.0015625 0.0020833333333333333
1 0.73671875 0.07083333333333333 0.0078125 0.004166666666666667
1 0.71640625 0.065625 0.0140625 0.00625
1 0.69296875 0.042708333333333334 0.0015625 0.0020833333333333333
1 0.57421875 0.03854166666666667 0.0015625 0.00625
1 0.72734375 0.03958333333333333 0.0203125 0.0125
1 0.65390625 0.028125 0.0015625 0.0020833333333333333
1 0.6765625 0.021875 0.003125 0.0020833333333333333
1 0.68828125 0.029166666666666667 0.0171875 0.020833333333333332
1 0.6640625 0.019791666666666666 0.00625 0.0020833333333333333
1 0.58671875 0.015625 0.0015625 0.0020833333333333333
1 0.840625 0.08333333333333333 0.31875 0.16666666666666666
1 0.62578125 0.004166666666666667 0.0015625 0.008333333333333333
1 0.57421875 0.0010416666666666667 0.0015625 0.0020833333333333333
1 0.62109375 0.046875 0.1109375 0.09375
1 0.0296875 0.22291666666666668 0.059375 0.44583333333333336
