0 0.6875 0.6885416666666667 0.04375 0.01875
0 0.66640625 0.6708333333333333 0.0015625 0.004166666666666667
0 0.6546875 0.6697916666666667 0.003125 0.0020833333333333333
0 0.66171875 0.66875 0.0046875 0.004166666666666667
0 0.6078125 0.6552083333333333 0.053125 0.03125
0 0.62265625 0.6354166666666666 0.0015625 0.004166666666666667
0 0.5625 0.640625 0.028125 0.014583333333333334
0 0.534375 0.6354166666666666 0.01875 0.004166666666666667
0 0.15234375 0.6322916666666667 0.0015625 0.0020833333333333333
0 0.5125 0.6302083333333334 0.021875 0.0020833333333333333
0 0.55859375 0.6197916666666666 0.0015625 0.0020833333333333333
0 0.55546875 0.6197916666666666 0.0015625 0.0020833333333333333
0 0.55234375 0.6197916666666666 0.0015625 0.0020833333333333333
0 0.484375 0.6177083333333333 0.01875 0.010416666666666666
0 0.14296875 0.6135416666666667 0.0015625 0.0020833333333333333
0 0.5828125 0.6052083333333333 0.00625 0.00625
0 0.60546875 0.60625 0.0140625 0.0125
0 0.4921875 0.603125 0.015625 0.00625
0 0.56328125 0.6083333333333333 0.0265625 0.025
0 0.54140625 0.5625 0.1359375 0.041666666666666664
0 0.3625 0.49583333333333335 0.00625 0.008333333333333333
0 0.1390625 0.46979166666666666 0.00625 0.00625
0 0.14296875 0.46145833333333336 0.0015625 0.0020833333333333333
0 0.14765625 0.4625 0.0046875 0.008333333333333333
0 0.28359375 0.5416666666666666 0.3828125 0.18333333333333332
0 0.15703125 0.453125 0.0171875 0.010416666666666666
0 0.18046875 0.43333333333333335 0.0109375 0.008333333333333333
0 0.39296875 0.41875 0.0078125 0.004166666666666667
1 0.33046875 0.9979166666666667 0.0078125 0.004166666666666667
1 0.29921875 0.996875 0.0015625 0.0020833333333333333
1 0.1375 0.9947916666666666 0.025 0.0020833333333333333
1 0.1484375 0.9885416666666667 0.003125 0.0020833333333333333
1 0.14453125 0.9885416666666667 0.0015625 0.0020833333333333333
1 0.14140625 0.9885416666666667 0.0015625 0.0020833333333333333
1 0.13828125 0.9885416666666667 0.0015625 0.0020833333333333333
1 0.13515625 0.9885416666666667 0.0015625 0.0020833333333333333
1 0.13203125 0.9885416666666667 0.0015625 0.0020833333333333333
1 0.12890625 0.9885416666666667 0.0015625 0.0020833333333333333
1 0.121875 0.9885416666666667 0.009375 0.0020833333333333333
1 0.1 0.99375 0.046875 0.0125
1 0.059375 0.99375 0.0125 0.0125
1 0.0203125 0.99375 0.040625 0.0125
1 0.9953125 0.9625 0.003125 0.0125
1 0.99453125 0.9479166666666666 0.0015625 0.008333333333333333
1 0.99296875 0.9375 0.0015625 0.004166666666666667
1 0.996875 0.9166666666666666 0.00625 0.03333333333333333
1 0.99921875 0.8677083333333333 0.0015625 0.0020833333333333333
1 0.99453125 0.8770833333333333 0.0109375 0.020833333333333332
1 0.98828125 0.8604166666666667 0.0015625 0.004166666666666667
1 0.98984375 0.8541666666666666 0.0015625 0.004166666666666667
1 0.9984375 0.8479166666666667 0.003125 0.004166666666666667
1 0.99609375 0.825 0.0078125 0.016666666666666666
1 0.99609375 0.8052083333333333 0.0015625 0.010416666666666666
1 0.9375 0.7979166666666667 0.0125 0.008333333333333333
1 0.99609375 0.765625 0.0015625 0.0020833333333333333
1 0.89609375 0.771875 0.0078125 0.014583333333333334
1 0.9984375 0.7510416666666667 0.003125 0.010416666666666666
1 0.85 0.74375 0.003125 0.0125
1 0.8578125 0.7375 0.003125 0.0125
1 0.7875 0.7177083333333333 0.00625 0.0020833333333333333
1 0.77109375 0.7135416666666666 0.0015625 0.0020833333333333333
1 0.7625 0.7145833333333333 0.009375 0.004166666666666667
1 0.75390625 0.7135416666666666 0.0046875 0.0020833333333333333
1 0.85625 0.7166666666666667 0.00625 0.0125
1 0.8203125 0.7291666666666666 0.05625 0.0625
1 0.9984375 0.7114583333333333 0.003125 0.04791666666666667
1 0.81953125 0.6802083333333333 0.0015625 0.0020833333333333333
1 0.08828125 0.6041666666666666 0.0015625 0.004166666666666667
1 0.084375 0.584375 0.00625 0.03125
1 0.08359375 0.5510416666666667 0.0046875 0.022916666666666665
1 0.08671875 0.5322916666666667 0.0046875 0.010416666666666666
1 0.15625 0.434375 0.003125 0.0020833333333333333
1 0.15234375 0.434375 0.0015625 0.0020833333333333333
1 0.16484375 0.428125 0.0015625 0.0020833333333333333
1 0.34453125 0.4197916666666667 0.0015625 0.0020833333333333333
1 0.17890625 0.41770833333333335 0.0015625 0.0020833333333333333
1 0.35703125 0.41875 0.0203125 0.008333333333333333
1 0.18515625 0.41354166666666664 0.0015625 0.0020833333333333333
1 0.19296875 0.409375 0.0046875 0.0020833333333333333
1 0.20703125 0.403125 0.0015625 0.0020833333333333333
1 0.2125 0.4 0.00625 0.004166666666666667
1 0.00234375 0.3489583333333333 0.0015625 0.03125
1 0.0078125 0.23333333333333334 0.003125 0.004166666666666667
1 0.00078125 0.16770833333333332 0.0015625 0.0020833333333333333
1 0.01171875 0.14895833333333333 0.0015625 0.0020833333333333333
1 0.00234375 0.15104166666666666 0.0046875 0.010416666666666666
1 0.01328125 0.14479166666666668 0.0015625 0.0020833333333333333
1 0.00546875 0.140625 0.0015625 0.0020833333333333333
1 0.00546875 0.12708333333333333 0.0015625 0.008333333333333333
1 0.00390625 0.11979166666666667 0.0015625 0.0020833333333333333
1 0.0125 0.11041666666666666 0.003125 0.016666666666666666
1 0.0140625 0.08645833333333333 0.003125 0.00625
1 0.01328125 0.07916666666666666 0.0015625 0.004166666666666667
1 0.00390625 0.07916666666666666 0.0015625 0.004166666666666667
1 0.00390625 0.06770833333333333 0.0015625 0.0020833333333333333
1 0.01171875 0.065625 0.0015625 0.0020833333333333333
1 0.00234375 0.04583333333333333 0.0015625 0.004166666666666667
1 0.01328125 0.04583333333333333 0.0015625 0.008333333333333333
1 0.00390625 0.03854166666666667 0.0015625 0.0020833333333333333
1 0.0140625 0.035416666666666666 0.003125 0.008333333333333333
1 0.003125 0.03229166666666667 0.003125 0.0020833333333333333
1 0.91015625 0.013541666666666667 0.0328125 0.00625
1 0.94453125 0.005208333333333333 0.0015625 0.0020833333333333333
1 0.94140625 0.005208333333333333 0.0015625 0.0020833333333333333
1 0.93828125 0.005208333333333333 0.0015625 0.0020833333333333333
1 0.93515625 0.005208333333333333 0.0015625 0.0020833333333333333
1 0.93203125 0.005208333333333333 0.0015625 0.0020833333333333333
1 0.92890625 0.005208333333333333 0.0015625 0.0020833333333333333
1 0.87109375 0.009375 0.0421875 0.010416666666666666
1 0.69609375 0.005208333333333333 0.0015625 0.0020833333333333333
1 0.69296875 0.005208333333333333 0.0015625 0.0020833333333333333
1 0.68984375 0.005208333333333333 0.0015625 0.0020833333333333333
1 0.68671875 0.005208333333333333 0.0015625 0.0020833333333333333
1 0.68359375 0.005208333333333333 0.0015625 0.0020833333333333333
1 0.68046875 0.005208333333333333 0.0015625 0.0020833333333333333
1 0.67734375 0.005208333333333333 0.0015625 0.0020833333333333333
1 0.925 0.004166666666666667 0.003125 0.004166666666666667
1 0.67265625 0.003125 0.0015625 0.0020833333333333333
1 0.66953125 0.003125 0.0015625 0.0020833333333333333
1 0.66640625 0.003125 0.0015625 0.0020833333333333333
1 0.66328125 0.003125 0.0015625 0.0020833333333333333
1 0.66015625 0.003125 0.0015625 0.0020833333333333333
1 0.65703125 0.003125 0.0015625 0.0020833333333333333
1 0.65390625 0.003125 0.0015625 0.0020833333333333333
1 0.65078125 0.003125 0.0015625 0.0020833333333333333
1 0.975 0.010416666666666666 0.05 0.020833333333333332
1 0.9484375 0.003125 0.003125 0.00625
1 0.83828125 0.0020833333333333333 0.0265625 0.004166666666666667
1 0.80859375 0.004166666666666667 0.0203125 0.008333333333333333
1 0.7625 0.0020833333333333333 0.025 0.004166666666666667
