0 0.42421875 0.9947916666666666 0.0015625 0.0020833333333333333
0 0.525 0.9697916666666667 0.00625 0.00625
0 0.4859375 0.921875 0.003125 0.0020833333333333333
0 0.42734375 0.846875 0.0015625 0.0020833333333333333
0 0.28046875 0.7416666666666667 0.0046875 0.004166666666666667
0 0.44921875 0.6302083333333334 0.0109375 0.00625
0 0.17421875 0.5697916666666667 0.0015625 0.010416666666666666
0 0.1765625 0.5333333333333333 0.00625 0.008333333333333333
0 0.54375 0.34791666666666665 0.003125 0.004166666666666667
0 0.23671875 0.30104166666666665 0.0015625 0.0020833333333333333
0 0.23984375 0.2947916666666667 0.0015625 0.0020833333333333333
0 0.49921875 0.24895833333333334 0.0015625 0.0020833333333333333
0 0.52578125 0.18020833333333333 0.0046875 0.00625
0 0.53046875 0.15729166666666666 0.0359375 0.035416666666666666
0 0.36328125 0.5572916666666666 0.3796875 0.8854166666666666
1 0.34296875 0.9989583333333333 0.0109375 0.0020833333333333333
1 0.0515625 0.9989583333333333 0.003125 0.0020833333333333333
1 0.01875 0.9989583333333333 0.003125 0.0020833333333333333
1 0.2734375 0.996875 0.003125 0.0020833333333333333
1 0.25546875 0.996875 0.0015625 0.0020833333333333333
1 0.16171875 0.996875 0.0015625 0.0020833333333333333
1 0.2171875 0.996875 0.003125 0.00625
1 0.1765625 0.9958333333333333 0.009375 0.004166666666666667
1 0.16953125 0.9947916666666666 0.0015625 0.0020833333333333333
1 0.14765625 0.9947916666666666 0.0015625 0.0020833333333333333
1 0.14453125 0.9947916666666666 0.0015625 0.0020833333333333333
1 0.14140625 0.9947916666666666 0.0015625 0.0020833333333333333
1 0.13828125 0.9947916666666666 0.0015625 0.0020833333333333333
1 0.13515625 0.9947916666666666 0.0015625 0.0020833333333333333
1 0.13203125 0.9947916666666666 0.0015625 0.0020833333333333333
1 0.12890625 0.9947916666666666 0.0015625 0.0020833333333333333
1 0.12578125 0.9947916666666666 0.0015625 0.0020833333333333333
1 0.09921875 0.9947916666666666 0.0015625 0.0020833333333333333
1 0.07421875 0.9947916666666666 0.0015625 0.0020833333333333333
1 0.025 0.9958333333333333 0.003125 0.004166666666666667
1 0.05 0.99375 0.003125 0.004166666666666667
1 0.04609375 0.9927083333333333 0.0015625 0.0020833333333333333
1 0.04296875 0.9927083333333333 0.0015625 0.0020833333333333333
1 0.03984375 0.9927083333333333 0.0015625 0.0020833333333333333
1 0.03671875 0.9927083333333333 0.0015625 0.0020833333333333333
1 0.03359375 0.9927083333333333 0.0015625 0.0020833333333333333
1 0.03046875 0.9927083333333333 0.0015625 0.0020833333333333333
1 0.02734375 0.9927083333333333 0.0015625 0.0020833333333333333
1 0.7140625 0.9854166666666667 0.003125 0.029166666666666667
1 0.99296875 0.91875 0.0015625 0.03333333333333333
1 0.68359375 0.9479166666666666 0.0515625 0.10416666666666667
1 0.6546875 0.878125 0.0125 0.022916666666666665
1 0.4953125 0.8729166666666667 0.009375 0.0125
1 0.5078125 0.8625 0.003125 0.008333333333333333
1 0.52109375 0.8708333333333333 0.0234375 0.041666666666666664
1 0.99609375 0.8489583333333334 0.0015625 0.03125
1 0.99921875 0.8322916666666667 0.0015625 0.0020833333333333333
1 0.18828125 0.83125 0.0078125 0.0125
1 0.68046875 0.83125 0.0109375 0.020833333333333332
1 0.99921875 0.8052083333333333 0.0015625 0.010416666666666666
1 0.2828125 0.8041666666666667 0.003125 0.008333333333333333
1 0.328125 0.7927083333333333 0.00625 0.010416666666666666
1 0.33125 0.7833333333333333 0.003125 0.004166666666666667
1 0.30390625 0.778125 0.0015625 0.0020833333333333333
1 0.29609375 0.79375 0.0171875 0.0375
1 0.33046875 0.7760416666666666 0.0015625 0.00625
1 0.29765625 0.7739583333333333 0.0015625 0.0020833333333333333
1 0.32890625 0.7677083333333333 0.0015625 0.0020833333333333333
1 0.3203125 0.7760416666666666 0.0125 0.022916666666666665
1 0.9984375 0.7541666666666667 0.003125 0.0375
1 0.64765625 0.7583333333333333 0.0265625 0.15
1 0.9984375 0.6739583333333333 0.003125 0.010416666666666666
1 0.49921875 0.646875 0.0015625 0.0020833333333333333
1 0.63984375 0.6489583333333333 0.0046875 0.01875
1 0.68203125 0.6385416666666667 0.0015625 0.00625
1 0.49921875 0.634375 0.0015625 0.0020833333333333333
1 0.6421875 0.6177083333333333 0.003125 0.035416666666666666
1 0.64296875 0.5895833333333333 0.0109375 0.020833333333333332
1 0.5078125 0.5729166666666666 0.009375 0.0125
1 0.49765625 0.5489583333333333 0.0015625 0.0020833333333333333
1 0.64765625 0.5364583333333334 0.0015625 0.0020833333333333333
1 0.515625 0.54375 0.0125 0.020833333333333332
1 0.69609375 0.5427083333333333 0.0046875 0.022916666666666665
1 0.5109375 0.5333333333333333 0.003125 0.004166666666666667
1 0.7015625 0.5145833333333333 0.00625 0.016666666666666666
1 0.52421875 0.5166666666666667 0.0015625 0.029166666666666667
1 0.5171875 0.5145833333333333 0.009375 0.025
1 0.65234375 0.5010416666666667 0.0015625 0.0020833333333333333
1 0.53515625 0.4875 0.0078125 0.020833333333333332
1 0.72421875 0.459375 0.0015625 0.0020833333333333333
1 0.54140625 0.465625 0.0046875 0.01875
1 0.53125 0.4625 0.003125 0.0125
1 0.7265625 0.45416666666666666 0.003125 0.004166666666666667
1 0.54609375 0.453125 0.0015625 0.0020833333333333333
1 0.53203125 0.4510416666666667 0.0015625 0.0020833333333333333
1 0.53359375 0.446875 0.0015625 0.0020833333333333333
1 0.55 0.4395833333333333 0.00625 0.0125
1 0.54296875 0.434375 0.0046875 0.0020833333333333333
1 0.678125 0.4479166666666667 0.00625 0.03333333333333333
1 0.56328125 0.41770833333333335 0.0015625 0.0020833333333333333
1 0.56484375 0.41354166666666664 0.0015625 0.0020833333333333333
1 0.74609375 0.403125 0.0015625 0.0020833333333333333
1 0.55546875 0.41354166666666664 0.0109375 0.027083333333333334
1 0.69609375 0.4 0.0078125 0.016666666666666666
1 0.56875 0.3854166666666667 0.025 0.025
1 0.58203125 0.3697916666666667 0.0015625 0.0020833333333333333
1 0.565625 0.3697916666666667 0.003125 0.00625
1 0.58359375 0.365625 0.0015625 0.0020833333333333333
1 0.56953125 0.365625 0.0015625 0.0020833333333333333
1 0.58828125 0.36041666666666666 0.0046875 0.008333333333333333
1 0.59296875 0.353125 0.0015625 0.0020833333333333333
1 0.75625 0.36875 0.01875 0.041666666666666664
1 0.57109375 0.35208333333333336 0.0015625 0.008333333333333333
1 0.575 0.34375 0.003125 0.004166666666666667
1 0.58125 0.3416666666666667 0.00625 0.008333333333333333
1 0.60390625 0.334375 0.0015625 0.0020833333333333333
1 0.58515625 0.334375 0.0015625 0.0020833333333333333
1 0.5890625 0.32708333333333334 0.003125 0.008333333333333333
1 0.62109375 0.321875 0.0015625 0.0020833333333333333
1 0.746875 0.31666666666666665 0.00625 0.008333333333333333
1 0.63515625 0.30520833333333336 0.0046875 0.00625
1 0.62421875 0.30833333333333335 0.0078125 0.016666666666666666
1 0.5953125 0.309375 0.009375 0.022916666666666665
1 0.7515625 0.3 0.00625 0.008333333333333333
1 0.61640625 0.3020833333333333 0.0140625 0.0125
1 0.63671875 0.296875 0.0015625 0.00625
1 0.63984375 0.290625 0.0015625 0.0020833333333333333
1 0.80390625 0.29270833333333335 0.0265625 0.027083333333333334
1 0.62421875 0.2791666666666667 0.0296875 0.016666666666666666
1 0.64609375 0.2635416666666667 0.0046875 0.0020833333333333333
1 0.65625 0.27395833333333336 0.021875 0.03125
1 0.8453125 0.25625 0.009375 0.0125
1 0.67578125 0.25 0.0015625 0.004166666666666667
1 0.67265625 0.24375 0.0015625 0.004166666666666667
1 0.66953125 0.24375 0.0015625 0.004166666666666667
1 0.8046875 0.23854166666666668 0.00625 0.00625
1 0.80390625 0.23229166666666667 0.0015625 0.0020833333333333333
1 0.89609375 0.21145833333333333 0.0015625 0.0020833333333333333
1 0.72734375 0.20208333333333334 0.0046875 0.004166666666666667
1 0.72734375 0.190625 0.0078125 0.014583333333333334
1 0.73203125 0.18125 0.0015625 0.004166666666666667
1 0.92734375 0.17916666666666667 0.0046875 0.004166666666666667
1 0.93203125 0.17604166666666668 0.0015625 0.0020833333333333333
1 0.88671875 0.2125 0.0734375 0.07916666666666666
1 0.9359375 0.17291666666666666 0.003125 0.004166666666666667
1 0.85234375 0.16979166666666667 0.0015625 0.0020833333333333333
1 0.83671875 0.18333333333333332 0.0109375 0.03333333333333333
1 0.76015625 0.175 0.0140625 0.016666666666666666
1 0.00546875 0.18229166666666666 0.0015625 0.035416666666666666
1 0.73828125 0.16875 0.0265625 0.020833333333333332
1 0.9453125 0.15833333333333333 0.009375 0.016666666666666666
1 0.96875 0.134375 0.00625 0.0020833333333333333
1 0.959375 0.1375 0.01875 0.008333333333333333
1 0.878125 0.13541666666666666 0.00625 0.004166666666666667
1 0.97421875 0.13229166666666667 0.0015625 0.0020833333333333333
1 0.71015625 0.1375 0.0109375 0.0125
1 0.7015625 0.13333333333333333 0.003125 0.004166666666666667
1 0.77421875 0.12604166666666666 0.0015625 0.0020833333333333333
1 0.7125 0.12916666666666668 0.025 0.008333333333333333
1 0.67890625 0.128125 0.0078125 0.00625
1 0.82578125 0.14270833333333333 0.0515625 0.06041666666666667
1 0.00859375 0.11145833333333334 0.0015625 0.00625
1 0.9921875 0.10416666666666667 0.015625 0.008333333333333333
1 0.75234375 0.11666666666666667 0.0234375 0.03333333333333333
1 0.67265625 0.1 0.0015625 0.004166666666666667
1 0.40625 0.10520833333333333 0.0125 0.014583333333333334
1 0.42734375 0.096875 0.0203125 0.010416666666666666
1 0.6765625 0.08854166666666667 0.003125 0.00625
1 0.39140625 0.08645833333333333 0.0015625 0.0020833333333333333
1 0.37578125 0.09270833333333334 0.0140625 0.014583333333333334
1 0.62421875 0.084375 0.0015625 0.0020833333333333333
1 0.39453125 0.084375 0.0015625 0.0020833333333333333
1 0.62109375 0.08125 0.0046875 0.004166666666666667
1 0.9875 0.08229166666666667 0.025 0.010416666666666666
1 0.41015625 0.084375 0.0265625 0.014583333333333334
1 0.9640625 0.065625 0.003125 0.0020833333333333333
1 0.69609375 0.065625 0.0015625 0.0020833333333333333
1 0.97421875 0.05520833333333333 0.0015625 0.0020833333333333333
1 0.56484375 0.053125 0.0046875 0.0020833333333333333
1 0.925 0.08958333333333333 0.1 0.07916666666666666
1 0.85625 0.059375 0.0125 0.01875
1 0.96328125 0.034375 0.0015625 0.0020833333333333333
1 0.6453125 0.029166666666666667 0.009375 0.008333333333333333
1 0.55078125 0.04583333333333333 0.0953125 0.041666666666666664
1 0.98671875 0.04479166666666667 0.0265625 0.04791666666666667
1 0.94296875 0.008333333333333333 0.0109375 0.004166666666666667
1 0.6453125 0.00625 0.009375 0.004166666666666667
1 0.62109375 0.00625 0.0109375 0.004166666666666667
1 0.90546875 0.004166666666666667 0.0609375 0.004166666666666667
1 0.97578125 0.004166666666666667 0.0484375 0.008333333333333333
1 0.7703125 0.052083333333333336 0.190625 0.10416666666666667
1 0.65078125 0.0010416666666666667 0.0015625 0.0020833333333333333
1 0.53828125 0.003125 0.0265625 0.00625
1 0.47734375 0.04583333333333333 0.0765625 0.09166666666666666
1 0.00390625 0.016666666666666666 0.0015625 0.03333333333333333
