0 0.09453125 0.584375 0.0015625 0.0020833333333333333
0 0.09921875 0.571875 0.0015625 0.0020833333333333333
0 0.0953125 0.5739583333333333 0.00625 0.010416666666666666
0 0.0984375 0.565625 0.003125 0.00625
1 0.33671875 0.9979166666666667 0.0234375 0.004166666666666667
1 0.30703125 0.996875 0.0015625 0.0020833333333333333
1 0.25234375 0.996875 0.0015625 0.0020833333333333333
1 0.16640625 0.9979166666666667 0.0046875 0.004166666666666667
1 0.31015625 0.9947916666666666 0.0015625 0.0020833333333333333
1 0.2640625 0.9947916666666666 0.003125 0.0020833333333333333
1 0.2984375 0.9927083333333333 0.003125 0.0020833333333333333
1 0.29453125 0.9927083333333333 0.0015625 0.0020833333333333333
1 0.29140625 0.9927083333333333 0.0015625 0.0020833333333333333
1 0.28828125 0.9927083333333333 0.0015625 0.0020833333333333333
1 0.28515625 0.9927083333333333 0.0015625 0.0020833333333333333
1 0.28203125 0.9927083333333333 0.0015625 0.0020833333333333333
1 0.27890625 0.9927083333333333 0.0015625 0.0020833333333333333
1 0.27578125 0.9927083333333333 0.0015625 0.0020833333333333333
1 0.27265625 0.9927083333333333 0.0015625 0.0020833333333333333
1 0.29921875 0.9885416666666667 0.0015625 0.0020833333333333333
1 0.23671875 0.9885416666666667 0.0015625 0.0020833333333333333
1 0.22890625 0.9885416666666667 0.0109375 0.0020833333333333333
1 0.22109375 0.9895833333333334 0.0015625 0.004166666666666667
1 0.07421875 0.9875 0.0015625 0.004166666666666667
1 0.97109375 0.9916666666666667 0.0015625 0.016666666666666666
1 0.20625 0.9875 0.00625 0.008333333333333333
1 0.2 0.9864583333333333 0.003125 0.010416666666666666
1 0.1359375 0.98125 0.003125 0.004166666666666667
1 0.18828125 0.978125 0.0015625 0.0020833333333333333
1 0.18515625 0.978125 0.0015625 0.0020833333333333333
1 0.18203125 0.978125 0.0015625 0.0020833333333333333
1 0.09921875 0.984375 0.0515625 0.03125
1 0.025 0.984375 0.05 0.03125
1 0.121875 0.9614583333333333 0.01875 0.01875
1 0.9734375 0.9510416666666667 0.003125 0.010416666666666666
1 0.10078125 0.9416666666666667 0.0046875 0.004166666666666667
1 0.9859375 0.9666666666666667 0.028125 0.06666666666666667
1 0.97578125 0.934375 0.0015625 0.0020833333333333333
1 0.99609375 0.9322916666666666 0.0015625 0.0020833333333333333
1 0.18515625 0.91875 0.0015625 0.004166666666666667
1 0.1875 0.9125 0.003125 0.004166666666666667
1 0.07890625 0.9145833333333333 0.0046875 0.008333333333333333
1 0.1953125 0.9104166666666667 0.009375 0.004166666666666667
1 0.21796875 0.9072916666666667 0.0015625 0.0020833333333333333
1 0.2234375 0.8927083333333333 0.003125 0.00625
1 0.0609375 0.8760416666666667 0.003125 0.00625
1 0.228125 0.8791666666666667 0.00625 0.016666666666666666
1 0.99375 0.88125 0.003125 0.03333333333333333
1 0.05859375 0.865625 0.0015625 0.0020833333333333333
1 0.23515625 0.8604166666666667 0.0015625 0.004166666666666667
1 0.97578125 0.8583333333333333 0.0015625 0.004166666666666667
1 0.23671875 0.8552083333333333 0.0015625 0.0020833333333333333
1 0.9875 0.85 0.00625 0.004166666666666667
1 0.23828125 0.8489583333333334 0.0015625 0.0020833333333333333
1 0.05234375 0.8395833333333333 0.0015625 0.004166666666666667
1 0.99453125 0.834375 0.0015625 0.0020833333333333333
1 0.984375 0.8208333333333333 0.003125 0.0125
1 0.05234375 0.7958333333333333 0.0015625 0.004166666666666667
1 0.99765625 0.7833333333333333 0.0046875 0.03333333333333333
1 0.2671875 0.7635416666666667 0.003125 0.00625
1 0.9875 0.7760416666666666 0.003125 0.04375
1 0.05859375 0.7520833333333333 0.0015625 0.004166666666666667
1 0.9953125 0.7458333333333333 0.003125 0.008333333333333333
1 0.99453125 0.734375 0.0015625 0.0020833333333333333
1 0.98828125 0.7322916666666667 0.0015625 0.0020833333333333333
1 0.99140625 0.7197916666666667 0.0046875 0.014583333333333334
1 0.05703125 0.6979166666666666 0.0015625 0.004166666666666667
1 0.9921875 0.690625 0.003125 0.00625
1 0.99453125 0.6833333333333333 0.0015625 0.004166666666666667
1 0.05859375 0.6822916666666666 0.0015625 0.00625
1 0.06015625 0.66875 0.0015625 0.004166666666666667
1 0.99609375 0.6625 0.0015625 0.004166666666666667
1 0.06171875 0.6625 0.0015625 0.004166666666666667
1 0.321875 0.6520833333333333 0.003125 0.004166666666666667
1 0.0640625 0.6520833333333333 0.003125 0.008333333333333333
1 0.0671875 0.6395833333333333 0.003125 0.004166666666666667
1 0.06796875 0.63125 0.0015625 0.004166666666666667
1 0.06953125 0.625 0.0015625 0.004166666666666667
1 0.07109375 0.6197916666666666 0.0015625 0.0020833333333333333
1 0.99765625 0.6177083333333333 0.0015625 0.0020833333333333333
1 0.99921875 0.6135416666666667 0.0015625 0.0020833333333333333
1 0.0734375 0.6083333333333333 0.00625 0.016666666666666666
1 0.078125 0.59375 0.003125 0.008333333333333333
1 0.08359375 0.5760416666666667 0.0015625 0.0020833333333333333
1 0.09453125 0.5447916666666667 0.0015625 0.0020833333333333333
1 0.10234375 0.5260416666666666 0.0015625 0.0020833333333333333
1 0.10546875 0.5197916666666667 0.0015625 0.0020833333333333333
1 0.11171875 0.5072916666666667 0.0015625 0.0020833333333333333
1 0.11328125 0.5020833333333333 0.0015625 0.004166666666666667
1 0.11796875 0.49375 0.0046875 0.008333333333333333
1 0.12578125 0.4822916666666667 0.0015625 0.0020833333333333333
1 0.13515625 0.46770833333333334 0.0015625 0.0020833333333333333
1 0.140625 0.45729166666666665 0.003125 0.00625
1 0.1515625 0.440625 0.003125 0.00625
1 0.165625 0.42083333333333334 0.009375 0.0125
1 0.0015625 0.4197916666666667 0.003125 0.010416666666666666
1 0.00390625 0.4010416666666667 0.0015625 0.0020833333333333333
1 0.69921875 0.396875 0.0015625 0.0020833333333333333
1 0.18046875 0.396875 0.0046875 0.00625
1 0.1921875 0.384375 0.015625 0.01875
1 0.0046875 0.37083333333333335 0.003125 0.008333333333333333
1 0.00546875 0.36354166666666665 0.0015625 0.0020833333333333333
1 0.209375 0.359375 0.003125 0.0020833333333333333
1 0.0046875 0.32916666666666666 0.003125 0.008333333333333333
1 0.0109375 0.3104166666666667 0.003125 0.004166666666666667
1 0.2515625 0.3020833333333333 0.003125 0.004166666666666667
1 0.25390625 0.2989583333333333 0.0015625 0.0020833333333333333
1 0.25703125 0.296875 0.0015625 0.0020833333333333333
1 0.26328125 0.290625 0.0015625 0.0020833333333333333
1 0.296875 0.25833333333333336 0.00625 0.004166666666666667
1 0.01484375 0.23229166666666667 0.0015625 0.0020833333333333333
1 0.00625 0.26458333333333334 0.003125 0.06666666666666667
1 0.36640625 0.21145833333333333 0.0015625 0.0020833333333333333
1 0.02578125 0.14895833333333333 0.0015625 0.010416666666666666
1 0.0125 0.16666666666666666 0.025 0.07083333333333333
1 0.02734375 0.12916666666666668 0.0015625 0.008333333333333333
1 0.003125 0.128125 0.00625 0.014583333333333334
1 0.02578125 0.11666666666666667 0.0015625 0.004166666666666667
1 0.0125 0.11666666666666667 0.009375 0.020833333333333332
1 0.021875 0.10625 0.00625 0.0125
1 0.03046875 0.07916666666666666 0.0015625 0.004166666666666667
1 0.03046875 0.051041666666666666 0.0046875 0.035416666666666666
1 0.03359375 0.03229166666666667 0.0015625 0.0020833333333333333
1 0.94609375 0.026041666666666668 0.0015625 0.0020833333333333333
1 0.9421875 0.025 0.003125 0.004166666666666667
1 0.84921875 0.019791666666666666 0.0015625 0.0020833333333333333
1 0.81484375 0.017708333333333333 0.0046875 0.0020833333333333333
1 0.7875 0.015625 0.021875 0.0020833333333333333
1 0.8859375 0.014583333333333334 0.028125 0.004166666666666667
1 0.86953125 0.013541666666666667 0.0015625 0.0020833333333333333
1 0.86640625 0.013541666666666667 0.0015625 0.0020833333333333333
1 0.86328125 0.013541666666666667 0.0015625 0.0020833333333333333
1 0.86015625 0.013541666666666667 0.0015625 0.0020833333333333333
1 0.85703125 0.013541666666666667 0.0015625 0.0020833333333333333
1 0.85390625 0.013541666666666667 0.0015625 0.0020833333333333333
1 0.03515625 0.016666666666666666 0.0015625 0.008333333333333333
1 0.85078125 0.011458333333333333 0.0015625 0.0020833333333333333
1 0.7125 0.011458333333333333 0.021875 0.0020833333333333333
1 0.94453125 0.009375 0.0015625 0.0020833333333333333
1 0.75078125 0.009375 0.0015625 0.0020833333333333333
1 0.93984375 0.007291666666666667 0.0015625 0.0020833333333333333
1 0.84453125 0.007291666666666667 0.0015625 0.0020833333333333333
1 0.84140625 0.007291666666666667 0.0015625 0.0020833333333333333
1 0.83828125 0.007291666666666667 0.0015625 0.0020833333333333333
1 0.83515625 0.007291666666666667 0.0015625 0.0020833333333333333
1 0.83203125 0.007291666666666667 0.0015625 0.0020833333333333333
1 0.82890625 0.007291666666666667 0.0015625 0.0020833333333333333
1 0.82578125 0.007291666666666667 0.0015625 0.0020833333333333333
1 0.80078125 0.007291666666666667 0.0015625 0.0020833333333333333
1 0.90078125 0.005208333333333333 0.0015625 0.0020833333333333333
1 0.84921875 0.00625 0.0046875 0.004166666666666667
1 0.78671875 0.00625 0.0234375 0.004166666666666667
1 0.7640625 0.008333333333333333 0.009375 0.008333333333333333
1 0.7328125 0.005208333333333333 0.00625 0.0020833333333333333
1 0.67578125 0.005208333333333333 0.0015625 0.0020833333333333333
1 0.65 0.003125 0.003125 0.0020833333333333333
1 0.64296875 0.003125 0.0046875 0.0020833333333333333
1 0.9734375 0.016666666666666666 0.053125 0.03333333333333333
1 0.0125 0.051041666666666666 0.025 0.10208333333333333
