0 0.60546875 0.23645833333333333 0.0015625 0.0020833333333333333
0 0.58671875 0.221875 0.0078125 0.00625
1 0.34921875 0.9979166666666667 0.0015625 0.004166666666666667
1 0.37421875 0.99375 0.0015625 0.004166666666666667
1 0.3703125 0.9916666666666667 0.003125 0.004166666666666667
1 0.33671875 0.990625 0.0265625 0.01875
1 0.22265625 0.9635416666666666 0.0015625 0.0020833333333333333
1 0.21640625 0.9614583333333333 0.0046875 0.0020833333333333333
1 0.209375 0.959375 0.00625 0.0020833333333333333
1 0.17421875 0.959375 0.0015625 0.0020833333333333333
1 0.17109375 0.959375 0.0015625 0.0020833333333333333
1 0.16796875 0.959375 0.0015625 0.0020833333333333333
1 0.18203125 0.953125 0.0046875 0.0020833333333333333
1 0.17578125 0.9541666666666667 0.0015625 0.004166666666666667
1 0.15859375 0.953125 0.0015625 0.0020833333333333333
1 0.15546875 0.953125 0.0015625 0.0020833333333333333
1 0.12578125 0.946875 0.0015625 0.0020833333333333333
1 0.16640625 0.9479166666666666 0.0140625 0.008333333333333333
1 0.14921875 0.9447916666666667 0.0015625 0.0020833333333333333
1 0.15234375 0.9427083333333334 0.0015625 0.0020833333333333333
1 0.92578125 0.9302083333333333 0.0015625 0.0020833333333333333
1 0.13828125 0.9645833333333333 0.2765625 0.07083333333333333
1 0.05703125 0.9302083333333333 0.0015625 0.0020833333333333333
1 0.07421875 0.928125 0.0015625 0.0020833333333333333
1 0.06484375 0.928125 0.0046875 0.0020833333333333333
1 0.02421875 0.928125 0.0015625 0.0020833333333333333
1 0.00625 0.925 0.0125 0.004166666666666667
1 0.034375 0.921875 0.0125 0.00625
1 0.0125 0.9177083333333333 0.00625 0.0020833333333333333
1 0.94453125 0.9041666666666667 0.0015625 0.0125
1 0.93515625 0.8916666666666667 0.0015625 0.004166666666666667
1 0.94453125 0.890625 0.0015625 0.010416666666666666
1 0.93671875 0.8864583333333333 0.0015625 0.0020833333333333333
1 0.9390625 0.88125 0.003125 0.004166666666666667
1 0.946875 0.8458333333333333 0.003125 0.0125
1 0.61328125 0.784375 0.0015625 0.0020833333333333333
1 0.60546875 0.7604166666666666 0.0015625 0.004166666666666667
1 0.96953125 0.73125 0.0015625 0.004166666666666667
1 0.60859375 0.7291666666666666 0.0046875 0.008333333333333333
1 0.97265625 0.721875 0.0046875 0.010416666666666666
1 0.58203125 0.7135416666666666 0.0015625 0.0020833333333333333
1 0.6109375 0.709375 0.003125 0.010416666666666666
1 0.95703125 0.85 0.0859375 0.3
1 0.98203125 0.7010416666666667 0.0015625 0.0020833333333333333
1 0.98125 0.6895833333333333 0.003125 0.004166666666666667
1 0.61171875 0.6864583333333333 0.0046875 0.00625
1 0.57578125 0.6822916666666666 0.0015625 0.0020833333333333333
1 0.57421875 0.6729166666666667 0.0015625 0.004166666666666667
1 0.98671875 0.6760416666666667 0.0046875 0.01875
1 0.99296875 0.6625 0.0015625 0.004166666666666667
1 0.98828125 0.65 0.0015625 0.004166666666666667
1 0.57265625 0.6427083333333333 0.0015625 0.0020833333333333333
1 0.98828125 0.63125 0.0015625 0.004166666666666667
1 0.99453125 0.63125 0.0078125 0.025
1 0.56953125 0.6177083333333333 0.0015625 0.0020833333333333333
1 0.99609375 0.5947916666666667 0.0015625 0.0020833333333333333
1 0.9984375 0.5895833333333333 0.003125 0.004166666666666667
1 0.85078125 0.56875 0.0015625 0.004166666666666667
1 0.55390625 0.540625 0.0015625 0.0020833333333333333
1 0.55234375 0.5364583333333334 0.0015625 0.0020833333333333333
1 0.55078125 0.5322916666666667 0.0015625 0.0020833333333333333
1 0.54453125 0.515625 0.0015625 0.0020833333333333333
1 0.54296875 0.5114583333333333 0.0015625 0.0020833333333333333
1 0.54140625 0.5072916666666667 0.0015625 0.0020833333333333333
1 0.8328125 0.5010416666666667 0.003125 0.00625
1 0.53671875 0.49583333333333335 0.0046875 0.008333333333333333
1 0.5328125 0.4875 0.003125 0.004166666666666667
1 0.52578125 0.47708333333333336 0.0078125 0.0125
1 0.8109375 0.4479166666666667 0.00625 0.0125
1 0.503125 0.4427083333333333 0.00625 0.010416666666666666
1 0.00390625 0.4322916666666667 0.0015625 0.0020833333333333333
1 0.49453125 0.43020833333333336 0.0015625 0.0020833333333333333
1 0.80546875 0.43020833333333336 0.0046875 0.010416666666666666
1 0.80078125 0.421875 0.0015625 0.0020833333333333333
1 0.48359375 0.415625 0.0015625 0.0020833333333333333
1 0.475 0.4083333333333333 0.009375 0.008333333333333333
1 0.78984375 0.4041666666666667 0.0015625 0.004166666666666667
1 0.00390625 0.4083333333333333 0.0046875 0.0125
1 0.00703125 0.39791666666666664 0.0015625 0.004166666666666667
1 0.459375 0.3958333333333333 0.003125 0.004166666666666667
1 0.44921875 0.38645833333333335 0.0015625 0.0020833333333333333
1 0.0078125 0.3854166666666667 0.003125 0.008333333333333333
1 0.00078125 0.3802083333333333 0.0015625 0.0020833333333333333
1 0.44296875 0.38125 0.0078125 0.008333333333333333
1 0.0046875 0.3770833333333333 0.003125 0.004166666666666667
1 0.4359375 0.375 0.003125 0.004166666666666667
1 0.77578125 0.384375 0.0203125 0.03125
1 0.00703125 0.365625 0.0015625 0.0020833333333333333
1 0.00625 0.353125 0.003125 0.00625
1 0.4015625 0.34791666666666665 0.003125 0.004166666666666667
1 0.39453125 0.34270833333333334 0.0015625 0.0020833333333333333
1 0.39140625 0.340625 0.0015625 0.0020833333333333333
1 0.37578125 0.3302083333333333 0.0015625 0.0020833333333333333
1 0.36953125 0.3260416666666667 0.0015625 0.0020833333333333333
1 0.74140625 0.3375 0.0421875 0.05
1 0.34453125 0.309375 0.0015625 0.0020833333333333333
1 0.33203125 0.303125 0.0171875 0.010416666666666666
1 0.31796875 0.29583333333333334 0.0078125 0.004166666666666667
1 0.29375 0.284375 0.0125 0.00625
1 0.28515625 0.28020833333333334 0.0015625 0.0020833333333333333
1 0.27578125 0.2760416666666667 0.0015625 0.0020833333333333333
1 0.26640625 0.271875 0.0015625 0.0020833333333333333
1 0.25390625 0.265625 0.0015625 0.0020833333333333333
1 0.23984375 0.259375 0.0015625 0.0020833333333333333
1 0.23359375 0.25625 0.0078125 0.004166666666666667
1 0.03828125 0.24895833333333334 0.0015625 0.0020833333333333333
1 0.21796875 0.24895833333333334 0.0171875 0.010416666666666666
1 0.2046875 0.24166666666666667 0.00625 0.004166666666666667
1 0.1953125 0.2375 0.009375 0.004166666666666667
1 0.17890625 0.23229166666666667 0.0015625 0.0020833333333333333
1 0.17421875 0.23020833333333332 0.0015625 0.0020833333333333333
1 0.1515625 0.22604166666666667 0.003125 0.0020833333333333333
1 0.19296875 0.221875 0.0046875 0.01875
1 0.65234375 0.253125 0.1265625 0.10625
1 0.10390625 0.20104166666666667 0.0015625 0.0020833333333333333
1 0.58515625 0.19791666666666666 0.0046875 0.004166666666666667
1 0.57734375 0.19166666666666668 0.0046875 0.004166666666666667
1 0.053125 0.184375 0.003125 0.0020833333333333333
1 0.25234375 0.17604166666666668 0.0015625 0.0020833333333333333
1 0.5609375 0.18125 0.025 0.016666666666666666
1 0.54609375 0.171875 0.0015625 0.0020833333333333333
1 0.05859375 0.165625 0.0015625 0.0020833333333333333
1 0.53203125 0.16354166666666667 0.0015625 0.0020833333333333333
1 0.52734375 0.16145833333333334 0.0015625 0.0020833333333333333
1 0.1 0.18020833333333333 0.025 0.03958333333333333
1 0.1265625 0.159375 0.00625 0.0020833333333333333
1 0.12109375 0.159375 0.0015625 0.0020833333333333333
1 0.13671875 0.15729166666666666 0.0015625 0.0020833333333333333
1 0.14453125 0.15520833333333334 0.0046875 0.0020833333333333333
1 0.50234375 0.15104166666666666 0.0015625 0.0020833333333333333
1 0.06171875 0.15104166666666666 0.0015625 0.00625
1 0.490625 0.146875 0.003125 0.0020833333333333333
1 0.06328125 0.14270833333333333 0.0015625 0.0020833333333333333
1 0.48125 0.14375 0.0125 0.008333333333333333
1 0.47265625 0.140625 0.0015625 0.0020833333333333333
1 0.46875 0.13854166666666667 0.003125 0.0020833333333333333
1 0.16953125 0.13958333333333334 0.0140625 0.0125
1 0.18046875 0.13229166666666667 0.0015625 0.0020833333333333333
1 0.4375 0.12604166666666666 0.025 0.010416666666666666
1 0.1921875 0.121875 0.00625 0.00625
1 0.40390625 0.11875 0.0390625 0.0125
1 0.37265625 0.11354166666666667 0.0015625 0.0020833333333333333
1 0.36953125 0.11354166666666667 0.0015625 0.0020833333333333333
1 0.20625 0.11458333333333333 0.01875 0.008333333333333333
1 0.21953125 0.109375 0.0046875 0.0020833333333333333
1 0.2265625 0.10729166666666666 0.00625 0.0020833333333333333
1 0.234375 0.10520833333333333 0.003125 0.0020833333333333333
1 0.2421875 0.103125 0.003125 0.0020833333333333333
1 0.33515625 0.10833333333333334 0.0640625 0.016666666666666666
1 0.253125 0.10104166666666667 0.00625 0.0020833333333333333
1 0.29609375 0.09895833333333333 0.0078125 0.0020833333333333333
1 0.28984375 0.09895833333333333 0.0015625 0.0020833333333333333
1 0.27734375 0.09895833333333333 0.0015625 0.0020833333333333333
1 0.97421875 0.084375 0.0015625 0.0020833333333333333
1 0.9890625 0.08229166666666667 0.003125 0.0020833333333333333
1 0.9953125 0.071875 0.009375 0.0020833333333333333
1 0.83828125 0.05416666666666667 0.0046875 0.004166666666666667
1 0.84296875 0.040625 0.0015625 0.0020833333333333333
1 0.78046875 0.041666666666666664 0.0109375 0.004166666666666667
1 0.76484375 0.03854166666666667 0.0015625 0.0020833333333333333
1 0.07890625 0.03229166666666667 0.0015625 0.0020833333333333333
1 0.69453125 0.019791666666666666 0.0015625 0.0020833333333333333
1 0.66796875 0.019791666666666666 0.0046875 0.0020833333333333333
1 0.6625 0.017708333333333333 0.003125 0.0020833333333333333
1 0.65078125 0.014583333333333334 0.0015625 0.004166666666666667
1 0.08125 0.016666666666666666 0.003125 0.008333333333333333
1 0.6734375 0.009375 0.003125 0.0020833333333333333
1 0.66953125 0.009375 0.0015625 0.0020833333333333333
1 0.68828125 0.008333333333333333 0.0046875 0.004166666666666667
1 0.6625 0.008333333333333333 0.009375 0.004166666666666667
1 0.65546875 0.007291666666666667 0.0015625 0.0020833333333333333
1 0.6390625 0.008333333333333333 0.0125 0.008333333333333333
1 0.6140625 0.005208333333333333 0.003125 0.0020833333333333333
1 0.59921875 0.003125 0.0015625 0.0020833333333333333
1 0.8484375 0.03958333333333333 0.303125 0.07916666666666666
1 0.65078125 0.004166666666666667 0.0046875 0.008333333333333333
1 0.6171875 0.0010416666666666667 0.003125 0.0020833333333333333
1 0.590625 0.0010416666666666667 0.00625 0.0020833333333333333
1 0.58125 0.0010416666666666667 0.00625 0.0020833333333333333
1 0.09296875 0.0020833333333333333 0.0015625 0.004166666666666667
1 0.040625 0.17604166666666668 0.08125 0.35208333333333336
