0 0.22421875 0.7989583333333333 0.0046875 0.00625
0 0.43671875 0.5833333333333334 0.0078125 0.008333333333333333
0 0.43203125 0.5145833333333333 0.0046875 0.008333333333333333
0 0.36484375 0.36770833333333336 0.0109375 0.010416666666666666
0 0.37265625 0.3614583333333333 0.0015625 0.0020833333333333333
0 0.37578125 0.359375 0.0015625 0.0020833333333333333
0 0.43828125 0.303125 0.0015625 0.0020833333333333333
0 0.44140625 0.30104166666666665 0.0015625 0.0020833333333333333
0 0.44609375 0.296875 0.0015625 0.0020833333333333333
0 0.44921875 0.2947916666666667 0.0015625 0.0020833333333333333
0 0.45390625 0.290625 0.0015625 0.0020833333333333333
0 0.684375 0.2125 0.028125 0.008333333333333333
0 0.47109375 0.5010416666666667 0.5578125 0.5895833333333333
1 0.634375 0.9979166666666667 0.00625 0.004166666666666667
1 0.234375 0.996875 0.00625 0.00625
1 0.7671875 0.8947916666666667 0.003125 0.00625
1 0.76640625 0.8885416666666667 0.0015625 0.0020833333333333333
1 0.18359375 0.8552083333333333 0.0046875 0.00625
1 0.24609375 0.840625 0.0078125 0.010416666666666666
1 0.2578125 0.834375 0.003125 0.0020833333333333333
1 0.27265625 0.8302083333333333 0.0109375 0.00625
1 0.23359375 0.8302083333333333 0.0046875 0.00625
1 0.2890625 0.8114583333333333 0.00625 0.00625
1 0.20546875 0.803125 0.0046875 0.010416666666666666
1 0.20234375 0.7947916666666667 0.0015625 0.0020833333333333333
1 0.31171875 0.7885416666666667 0.0015625 0.0020833333333333333
1 0.31328125 0.784375 0.0015625 0.0020833333333333333
1 0.32109375 0.778125 0.0015625 0.0020833333333333333
1 0.196875 0.7833333333333333 0.009375 0.0125
1 0.33203125 0.765625 0.0015625 0.0020833333333333333
1 0.33515625 0.759375 0.0015625 0.0020833333333333333
1 0.33984375 0.75 0.0046875 0.004166666666666667
1 0.94609375 0.7479166666666667 0.0046875 0.004166666666666667
1 0.38515625 0.7114583333333333 0.0015625 0.0020833333333333333
1 0.36328125 0.728125 0.0390625 0.035416666666666666
1 0.8203125 0.8541666666666666 0.359375 0.2916666666666667
1 0.33203125 0.6854166666666667 0.0046875 0.004166666666666667
1 0.325 0.684375 0.003125 0.00625
1 0.42578125 0.6541666666666667 0.0296875 0.025
1 0.45546875 0.6291666666666667 0.0015625 0.004166666666666667
1 0.45859375 0.6239583333333333 0.0015625 0.0020833333333333333
1 0.45390625 0.6197916666666666 0.0015625 0.0020833333333333333
1 0.446875 0.6208333333333333 0.00625 0.008333333333333333
1 0.47265625 0.6125 0.0046875 0.008333333333333333
1 0.47421875 0.5958333333333333 0.0046875 0.008333333333333333
1 0.48046875 0.5875 0.0046875 0.008333333333333333
1 0.390625 0.5708333333333333 0.003125 0.004166666666666667
1 0.4015625 0.5635416666666667 0.00625 0.00625
1 0.99921875 0.5510416666666667 0.0015625 0.0020833333333333333
1 0.9953125 0.5520833333333334 0.009375 0.020833333333333332
1 0.98984375 0.5375 0.0015625 0.004166666666666667
1 0.56953125 0.5375 0.0078125 0.008333333333333333
1 0.615625 0.515625 0.003125 0.0020833333333333333
1 0.828125 0.515625 0.003125 0.00625
1 0.62109375 0.5135416666666667 0.0046875 0.0020833333333333333
1 0.8484375 0.5145833333333333 0.00625 0.008333333333333333
1 0.82578125 0.509375 0.0015625 0.0020833333333333333
1 0.87734375 0.503125 0.0015625 0.0020833333333333333
1 0.75390625 0.49895833333333334 0.0078125 0.0020833333333333333
1 0.67265625 0.49895833333333334 0.0015625 0.0020833333333333333
1 0.66953125 0.49895833333333334 0.0015625 0.0020833333333333333
1 0.66328125 0.49895833333333334 0.0015625 0.0020833333333333333
1 0.84921875 0.496875 0.0015625 0.00625
1 0.825 0.496875 0.00625 0.00625
1 0.8640625 0.5010416666666667 0.015625 0.022916666666666665
1 0.878125 0.48854166666666665 0.0125 0.00625
1 0.84765625 0.48020833333333335 0.0015625 0.0020833333333333333
1 0.8265625 0.48125 0.003125 0.004166666666666667
1 0.84375 0.47708333333333336 0.003125 0.004166666666666667
1 0.834375 0.47604166666666664 0.009375 0.00625
1 0.8140625 0.47291666666666665 0.0125 0.0125
1 0.38046875 0.440625 0.0109375 0.014583333333333334
1 0.7828125 0.4427083333333333 0.03125 0.022916666666666665
1 0.76796875 0.4322916666666667 0.0015625 0.0020833333333333333
1 0.38828125 0.4375 0.0046875 0.0125
1 0.38359375 0.4322916666666667 0.0015625 0.0020833333333333333
1 0.83984375 0.43125 0.0015625 0.004166666666666667
1 0.7578125 0.43125 0.003125 0.004166666666666667
1 0.11484375 0.7135416666666666 0.2296875 0.5729166666666666
1 0.83359375 0.42604166666666665 0.0015625 0.0020833333333333333
1 0.83671875 0.4197916666666667 0.0046875 0.00625
1 0.78359375 0.421875 0.0140625 0.01875
1 0.6796875 0.41354166666666664 0.009375 0.0020833333333333333
1 0.8828125 0.41458333333333336 0.003125 0.008333333333333333
1 0.7 0.4125 0.003125 0.004166666666666667
1 0.65625 0.4114583333333333 0.00625 0.0020833333333333333
1 0.7734375 0.41041666666666665 0.003125 0.004166666666666667
1 0.0046875 0.41458333333333336 0.009375 0.0125
1 0.69765625 0.40729166666666666 0.0015625 0.0020833333333333333
1 0.69453125 0.40729166666666666 0.0015625 0.0020833333333333333
1 0.93984375 0.40520833333333334 0.0015625 0.0020833333333333333
1 0.8796875 0.40520833333333334 0.003125 0.00625
1 0.00234375 0.4010416666666667 0.0046875 0.0020833333333333333
1 0.8265625 0.39791666666666664 0.00625 0.008333333333333333
1 0.8046875 0.390625 0.003125 0.00625
1 0.84375 0.384375 0.028125 0.027083333333333334
1 0.91953125 0.353125 0.0015625 0.0020833333333333333
1 0.91640625 0.34791666666666665 0.0015625 0.004166666666666667
1 0.8390625 0.35625 0.071875 0.0875
1 0.7765625 0.29270833333333335 0.009375 0.014583333333333334
1 0.8453125 0.28125 0.00625 0.008333333333333333
1 0.00546875 0.278125 0.0015625 0.0020833333333333333
1 0.01171875 0.27395833333333336 0.0015625 0.0020833333333333333
1 0.8171875 0.27291666666666664 0.009375 0.0125
1 0.82109375 0.2833333333333333 0.0390625 0.0375
1 0.81328125 0.2635416666666667 0.0015625 0.0020833333333333333
1 0.7640625 0.2708333333333333 0.009375 0.016666666666666666
1 0.81640625 0.259375 0.0015625 0.0020833333333333333
1 0.81640625 0.25104166666666666 0.0015625 0.0020833333333333333
1 0.053125 0.246875 0.00625 0.00625
1 0.79921875 0.2520833333333333 0.0296875 0.025
1 0.79765625 0.240625 0.0046875 0.00625
1 0.78203125 0.23645833333333333 0.0015625 0.0020833333333333333
1 0.77890625 0.234375 0.0015625 0.0020833333333333333
1 0.7625 0.234375 0.025 0.00625
1 0.7359375 0.23854166666666668 0.04375 0.03125
1 0.734375 0.21875 0.0125 0.004166666666666667
1 0.7203125 0.21770833333333334 0.009375 0.00625
1 0.71328125 0.20833333333333334 0.0078125 0.004166666666666667
1 0.84140625 0.1625 0.0015625 0.004166666666666667
1 0.153125 0.16041666666666668 0.003125 0.004166666666666667
1 0.20625 0.11875 0.00625 0.004166666666666667
1 0.821875 0.10833333333333334 0.003125 0.004166666666666667
1 0.81953125 0.10104166666666667 0.0015625 0.0020833333333333333
1 0.22578125 0.10208333333333333 0.0015625 0.004166666666666667
1 0.33984375 0.011458333333333333 0.0015625 0.0020833333333333333
1 0.8953125 0.25625 0.209375 0.5125
1 0.1625 0.13333333333333333 0.325 0.26666666666666666
