0 0.49296875 0.8510416666666667 0.0015625 0.0020833333333333333
0 0.6515625 0.8364583333333333 0.003125 0.00625
0 0.68125 0.8229166666666666 0.0125 0.004166666666666667
0 0.68203125 0.8145833333333333 0.0140625 0.008333333333333333
0 0.68515625 0.784375 0.0046875 0.0020833333333333333
0 0.6828125 0.70625 0.003125 0.008333333333333333
0 0.50078125 0.659375 0.0109375 0.014583333333333334
0 0.4859375 0.6510416666666666 0.003125 0.0020833333333333333
0 0.40390625 0.615625 0.0015625 0.0020833333333333333
0 0.38984375 0.5802083333333333 0.0078125 0.00625
0 0.42421875 0.41770833333333335 0.0015625 0.00625
0 0.4953125 0.39375 0.003125 0.004166666666666667
0 0.49921875 0.35104166666666664 0.0015625 0.03125
0 0.45078125 0.3416666666666667 0.0484375 0.041666666666666664
0 0.6265625 0.32395833333333335 0.003125 0.01875
0 0.61640625 0.31666666666666665 0.0046875 0.03333333333333333
0 0.58046875 0.23229166666666667 0.0015625 0.0020833333333333333
0 0.58984375 0.21145833333333333 0.0015625 0.0020833333333333333
0 0.5921875 0.20520833333333333 0.003125 0.00625
0 0.5984375 0.20104166666666667 0.009375 0.014583333333333334
0 0.5484375 0.18125 0.003125 0.004166666666666667
0 0.5390625 0.18229166666666666 0.009375 0.010416666666666666
0 0.54453125 0.5197916666666667 0.2984375 0.7104166666666667
0 0.61328125 0.15104166666666666 0.0015625 0.0020833333333333333
0 0.6046875 0.15104166666666666 0.003125 0.0020833333333333333
0 0.60078125 0.14895833333333333 0.0015625 0.0020833333333333333
1 0.6359375 0.9947916666666666 0.003125 0.0020833333333333333
1 0.671875 0.9927083333333333 0.00625 0.0020833333333333333
1 0.62890625 0.9927083333333333 0.0015625 0.0020833333333333333
1 0.62578125 0.990625 0.0015625 0.0020833333333333333
1 0.65703125 0.9864583333333333 0.0109375 0.0020833333333333333
1 0.634375 0.9864583333333333 0.003125 0.0020833333333333333
1 0.6734375 0.9708333333333333 0.003125 0.004166666666666667
1 0.66953125 0.9697916666666667 0.0015625 0.0020833333333333333
1 0.715625 0.9625 0.00625 0.004166666666666667
1 0.72421875 0.9604166666666667 0.0078125 0.004166666666666667
1 0.8921875 0.928125 0.003125 0.0020833333333333333
1 0.92421875 0.9260416666666667 0.0015625 0.0020833333333333333
1 0.915625 0.921875 0.003125 0.0020833333333333333
1 0.8375 0.959375 0.325 0.08125
1 0.9546875 0.9177083333333333 0.00625 0.0020833333333333333
1 0.96640625 0.915625 0.0015625 0.0020833333333333333
1 0.9625 0.915625 0.003125 0.0020833333333333333
1 0.984375 0.9125 0.03125 0.004166666666666667
1 0.47265625 0.8333333333333334 0.0140625 0.020833333333333332
1 0.46328125 0.8177083333333334 0.0046875 0.00625
1 0.46328125 0.8114583333333333 0.0015625 0.0020833333333333333
1 0.05234375 0.796875 0.0015625 0.00625
1 0.4515625 0.7958333333333333 0.01875 0.03333333333333333
1 0.03984375 0.7552083333333334 0.0015625 0.0020833333333333333
1 0.43203125 0.7604166666666666 0.0140625 0.025
1 0.0328125 0.7364583333333333 0.009375 0.03125
1 0.4203125 0.73125 0.009375 0.029166666666666667
1 0.41484375 0.7125 0.0015625 0.004166666666666667
1 0.41484375 0.7041666666666667 0.0015625 0.004166666666666667
1 0.4046875 0.684375 0.009375 0.014583333333333334
1 0.39921875 0.671875 0.0015625 0.0020833333333333333
1 0.04453125 0.8291666666666667 0.0890625 0.3416666666666667
1 0.01328125 0.653125 0.0015625 0.010416666666666666
1 0.39296875 0.6541666666666667 0.0078125 0.020833333333333332
1 0.38828125 0.640625 0.0015625 0.0020833333333333333
1 0.01484375 0.640625 0.0015625 0.010416666666666666
1 0.38671875 0.6322916666666667 0.0015625 0.0020833333333333333
1 0.38515625 0.628125 0.0015625 0.0020833333333333333
1 0.00859375 0.6197916666666666 0.0015625 0.0020833333333333333
1 0.38046875 0.609375 0.0015625 0.0020833333333333333
1 0.37890625 0.6010416666666667 0.0015625 0.0020833333333333333
1 0.00546875 0.596875 0.0015625 0.0020833333333333333
1 0.37578125 0.5947916666666667 0.0015625 0.0020833333333333333
1 0.00234375 0.5895833333333333 0.0046875 0.004166666666666667
1 0.37421875 0.5833333333333334 0.0015625 0.004166666666666667
1 0.37265625 0.578125 0.0015625 0.0020833333333333333
1 0.36484375 0.5270833333333333 0.0015625 0.004166666666666667
1 0.36328125 0.49895833333333334 0.0015625 0.0020833333333333333
1 0.36328125 0.4947916666666667 0.0015625 0.0020833333333333333
1 0.36171875 0.484375 0.0015625 0.0020833333333333333
1 0.36171875 0.4322916666666667 0.0015625 0.0020833333333333333
1 0.36171875 0.4239583333333333 0.0015625 0.0020833333333333333
1 0.36171875 0.4041666666666667 0.0015625 0.004166666666666667
1 0.99765625 0.39895833333333336 0.0015625 0.0020833333333333333
1 0.9953125 0.3875 0.009375 0.016666666666666666
1 0.36328125 0.3770833333333333 0.0015625 0.004166666666666667
1 0.98515625 0.3625 0.0015625 0.004166666666666667
1 0.9890625 0.34375 0.009375 0.020833333333333332
1 0.37109375 0.321875 0.0015625 0.0020833333333333333
1 0.45078125 0.16145833333333334 0.0015625 0.0020833333333333333
1 0.94375 0.15833333333333333 0.00625 0.016666666666666666
1 0.48359375 0.13854166666666667 0.0015625 0.0020833333333333333
1 0.49921875 0.13020833333333334 0.0015625 0.0020833333333333333
1 0.50390625 0.128125 0.0015625 0.0020833333333333333
1 0.60234375 0.12708333333333333 0.0046875 0.004166666666666667
1 0.50703125 0.12604166666666666 0.0015625 0.0020833333333333333
1 0.51171875 0.12395833333333334 0.0015625 0.0020833333333333333
1 0.51484375 0.121875 0.0015625 0.0020833333333333333
1 0.58046875 0.11979166666666667 0.0015625 0.0020833333333333333
1 0.56796875 0.115625 0.0015625 0.0020833333333333333
1 0.52734375 0.11354166666666667 0.0015625 0.0020833333333333333
1 0.56484375 0.109375 0.0078125 0.010416666666666666
1 0.534375 0.10729166666666666 0.00625 0.00625
1 0.56953125 0.103125 0.0015625 0.0020833333333333333
1 0.5984375 0.109375 0.046875 0.01875
1 0.5390625 0.10104166666666667 0.003125 0.0020833333333333333
1 0.6265625 0.1 0.003125 0.008333333333333333
1 0.5734375 0.09583333333333334 0.003125 0.004166666666666667
1 0.03125 0.08645833333333333 0.00625 0.0020833333333333333
1 0.07421875 0.08020833333333334 0.0015625 0.0020833333333333333
1 0.05078125 0.08020833333333334 0.0015625 0.0020833333333333333
1 0.546875 0.08541666666666667 0.0125 0.025
1 0.64140625 0.07604166666666666 0.0140625 0.014583333333333334
1 0.08828125 0.06979166666666667 0.0078125 0.0020833333333333333
1 0.56953125 0.07083333333333333 0.0390625 0.0125
1 0.5953125 0.06458333333333334 0.009375 0.008333333333333333
1 0.61953125 0.06354166666666666 0.0296875 0.014583333333333334
1 0.56796875 0.051041666666666666 0.0015625 0.0020833333333333333
1 0.1734375 0.052083333333333336 0.003125 0.004166666666666667
1 0.57578125 0.05 0.0046875 0.004166666666666667
1 0.58359375 0.046875 0.0015625 0.0020833333333333333
1 0.19609375 0.040625 0.0015625 0.0020833333333333333
1 0.19296875 0.040625 0.0015625 0.0020833333333333333
1 0.19921875 0.03958333333333333 0.0015625 0.004166666666666667
1 0.1828125 0.03958333333333333 0.015625 0.004166666666666667
1 0.65078125 0.0375 0.0015625 0.004166666666666667
1 0.61640625 0.04895833333333333 0.0734375 0.027083333333333334
1 0.32734375 0.023958333333333335 0.0015625 0.0020833333333333333
1 0.32421875 0.021875 0.0015625 0.0020833333333333333
1 0.3375 0.020833333333333332 0.00625 0.004166666666666667
1 0.34296875 0.017708333333333333 0.0015625 0.0020833333333333333
1 0.33671875 0.015625 0.0015625 0.0020833333333333333
1 0.35859375 0.013541666666666667 0.0015625 0.0020833333333333333
1 0.35546875 0.013541666666666667 0.0015625 0.0020833333333333333
1 0.35078125 0.013541666666666667 0.0015625 0.0020833333333333333
1 0.33359375 0.013541666666666667 0.0015625 0.0020833333333333333
1 0.33046875 0.013541666666666667 0.0015625 0.0020833333333333333
1 0.36640625 0.011458333333333333 0.0015625 0.0020833333333333333
1 0.36328125 0.011458333333333333 0.0015625 0.0020833333333333333
1 0.32578125 0.010416666666666666 0.0046875 0.008333333333333333
1 0.40078125 0.005208333333333333 0.0015625 0.0020833333333333333
1 0.390625 0.005208333333333333 0.00625 0.0020833333333333333
1 0.9546875 0.15104166666666666 0.090625 0.3020833333333333
1 0.63359375 0.00625 0.0140625 0.0125
1 0.16171875 0.042708333333333334 0.3234375 0.08541666666666667
