0 0.8671875 0.7083333333333334 0.01875 0.0125
0 0.84375 0.7010416666666667 0.003125 0.0020833333333333333
0 0.83984375 0.6989583333333333 0.0015625 0.0020833333333333333
0 0.83203125 0.6979166666666666 0.0109375 0.004166666666666667
0 0.87578125 0.6895833333333333 0.0015625 0.004166666666666667
0 0.896875 0.6729166666666667 0.0125 0.004166666666666667
0 0.87734375 0.6677083333333333 0.0140625 0.00625
0 0.746875 0.6166666666666667 0.00625 0.004166666666666667
0 0.94375 0.5916666666666667 0.003125 0.004166666666666667
0 0.909375 0.5510416666666667 0.00625 0.00625
0 0.88671875 0.5489583333333333 0.0015625 0.0020833333333333333
0 0.8984375 0.5458333333333333 0.00625 0.008333333333333333
0 0.88671875 0.540625 0.0015625 0.0020833333333333333
0 0.46875 0.484375 0.003125 0.0020833333333333333
0 0.43828125 0.471875 0.0015625 0.0020833333333333333
0 0.49609375 0.45729166666666665 0.0015625 0.0020833333333333333
0 0.49296875 0.45729166666666665 0.0015625 0.0020833333333333333
0 0.52109375 0.446875 0.0015625 0.0020833333333333333
0 0.51796875 0.446875 0.0015625 0.0020833333333333333
0 0.51484375 0.446875 0.0015625 0.0020833333333333333
0 0.51171875 0.446875 0.0015625 0.0020833333333333333
0 0.50859375 0.446875 0.0015625 0.0020833333333333333
0 0.50546875 0.446875 0.0015625 0.0020833333333333333
0 0.50234375 0.446875 0.0015625 0.0020833333333333333
0 0.59609375 0.4197916666666667 0.0015625 0.0020833333333333333
0 0.59296875 0.4197916666666667 0.0015625 0.0020833333333333333
0 0.58984375 0.4197916666666667 0.0015625 0.0020833333333333333
0 0.58671875 0.4197916666666667 0.0015625 0.0020833333333333333
0 0.58359375 0.4197916666666667 0.0015625 0.0020833333333333333
0 0.58046875 0.4197916666666667 0.0015625 0.0020833333333333333
0 0.57734375 0.4197916666666667 0.0015625 0.0020833333333333333
0 0.59921875 0.403125 0.0015625 0.0020833333333333333
0 0.63671875 0.403125 0.0234375 0.010416666666666666
0 0.5171875 0.36354166666666665 0.003125 0.0020833333333333333
0 0.47109375 0.353125 0.0015625 0.0020833333333333333
0 0.46796875 0.353125 0.0015625 0.0020833333333333333
0 0.46484375 0.353125 0.0015625 0.0020833333333333333
0 0.46171875 0.353125 0.0015625 0.0020833333333333333
0 0.45859375 0.353125 0.0015625 0.0020833333333333333
0 0.45546875 0.353125 0.0015625 0.0020833333333333333
0 0.4984375 0.35104166666666664 0.009375 0.00625
0 0.45234375 0.3302083333333333 0.0015625 0.0020833333333333333
0 0.1234375 0.32708333333333334 0.00625 0.008333333333333333
0 0.5375 0.478125 0.840625 0.4270833333333333
1 0.89765625 0.9979166666666667 0.0015625 0.004166666666666667
1 0.40234375 0.996875 0.0015625 0.0020833333333333333
1 0.371875 0.9958333333333333 0.00625 0.004166666666666667
1 0.35859375 0.9947916666666666 0.0015625 0.0020833333333333333
1 0.89921875 0.9927083333333333 0.0015625 0.0020833333333333333
1 0.32421875 0.9927083333333333 0.0015625 0.0020833333333333333
1 0.32109375 0.9927083333333333 0.0015625 0.0020833333333333333
1 0.31796875 0.9927083333333333 0.0015625 0.0020833333333333333
1 0.31484375 0.9927083333333333 0.0015625 0.0020833333333333333
1 0.31171875 0.9927083333333333 0.0015625 0.0020833333333333333
1 0.9015625 0.9875 0.003125 0.004166666666666667
1 0.35703125 0.9822916666666667 0.0015625 0.0020833333333333333
1 0.34453125 0.9802083333333333 0.0015625 0.0020833333333333333
1 0.34140625 0.9802083333333333 0.0015625 0.0020833333333333333
1 0.33828125 0.9802083333333333 0.0015625 0.0020833333333333333
1 0.33515625 0.9802083333333333 0.0015625 0.0020833333333333333
1 0.33203125 0.9802083333333333 0.0015625 0.0020833333333333333
1 0.32890625 0.9802083333333333 0.0015625 0.0020833333333333333
1 0.32578125 0.9802083333333333 0.0015625 0.0020833333333333333
1 0.32109375 0.978125 0.0015625 0.0020833333333333333
1 0.31796875 0.978125 0.0015625 0.0020833333333333333
1 0.30859375 0.978125 0.0015625 0.0020833333333333333
1 0.30546875 0.978125 0.0015625 0.0020833333333333333
1 0.26171875 0.9635416666666666 0.0015625 0.0020833333333333333
1 0.24921875 0.9635416666666666 0.0015625 0.0020833333333333333
1 0.296875 0.9625 0.00625 0.004166666666666667
1 0.23515625 0.9604166666666667 0.0109375 0.004166666666666667
1 0.33515625 0.971875 0.0453125 0.035416666666666666
1 0.22109375 0.9552083333333333 0.0015625 0.0020833333333333333
1 0.21796875 0.9552083333333333 0.0015625 0.0020833333333333333
1 0.26640625 0.9552083333333333 0.0171875 0.00625
1 0.20859375 0.9520833333333333 0.0078125 0.004166666666666667
1 0.91171875 0.9479166666666666 0.0015625 0.004166666666666667
1 0.24453125 0.9489583333333333 0.0140625 0.00625
1 0.2 0.9479166666666666 0.00625 0.004166666666666667
1 0.19453125 0.946875 0.0015625 0.0020833333333333333
1 0.19140625 0.946875 0.0015625 0.0020833333333333333
1 0.18828125 0.946875 0.0015625 0.0020833333333333333
1 0.18515625 0.946875 0.0015625 0.0020833333333333333
1 0.18203125 0.946875 0.0015625 0.0020833333333333333
1 0.17890625 0.946875 0.0015625 0.0020833333333333333
1 0.36953125 0.9447916666666667 0.0078125 0.0020833333333333333
1 0.35703125 0.9510416666666667 0.0140625 0.014583333333333334
1 0.23359375 0.9447916666666667 0.0015625 0.0020833333333333333
1 0.23046875 0.9447916666666667 0.0015625 0.0020833333333333333
1 0.92109375 0.934375 0.0015625 0.0020833333333333333
1 0.3875 0.9354166666666667 0.00625 0.004166666666666667
1 0.196875 0.9375 0.034375 0.008333333333333333
1 0.13515625 0.9239583333333333 0.0015625 0.0020833333333333333
1 0.13203125 0.9197916666666667 0.0015625 0.0020833333333333333
1 0.12890625 0.9197916666666667 0.0015625 0.0020833333333333333
1 0.07421875 0.91875 0.0015625 0.004166666666666667
1 0.20859375 0.9072916666666667 0.0171875 0.010416666666666666
1 0.15078125 0.95 0.3015625 0.1
1 0.08828125 0.8979166666666667 0.0765625 0.04583333333333333
1 0.1875 0.8760416666666667 0.009375 0.00625
1 0.146875 0.8791666666666667 0.009375 0.020833333333333332
1 0.18359375 0.8677083333333333 0.0015625 0.0020833333333333333
1 0.3078125 0.8666666666666667 0.03125 0.016666666666666666
1 0.08828125 0.8614583333333333 0.0265625 0.010416666666666666
1 0.13359375 0.8583333333333333 0.0578125 0.0375
1 0.16640625 0.8385416666666666 0.0015625 0.0020833333333333333
1 0.37890625 0.846875 0.0265625 0.022916666666666665
1 0.16953125 0.8364583333333333 0.0015625 0.0020833333333333333
1 0.17265625 0.834375 0.0015625 0.0020833333333333333
1 0.1609375 0.8291666666666667 0.00625 0.008333333333333333
1 0.16875 0.8239583333333333 0.003125 0.0020833333333333333
1 0.37734375 0.8208333333333333 0.0046875 0.008333333333333333
1 0.93828125 0.8166666666666667 0.0015625 0.004166666666666667
1 0.9421875 0.8135416666666667 0.003125 0.0020833333333333333
1 0.13359375 0.7822916666666667 0.0015625 0.0020833333333333333
1 0.1984375 0.80625 0.053125 0.05416666666666667
1 0.14296875 0.7791666666666667 0.0015625 0.004166666666666667
1 0.93671875 0.7760416666666666 0.0015625 0.0020833333333333333
1 0.909375 0.75 0.03125 0.0125
1 0.40078125 0.721875 0.0015625 0.0020833333333333333
1 0.29609375 0.7177083333333333 0.0015625 0.0020833333333333333
1 0.90625 0.7229166666666667 0.046875 0.025
1 0.33046875 0.709375 0.0015625 0.0020833333333333333
1 0.271875 0.7104166666666667 0.003125 0.004166666666666667
1 0.96015625 0.8489583333333334 0.0796875 0.3020833333333333
1 0.58046875 0.6854166666666667 0.0078125 0.004166666666666667
1 0.55703125 0.684375 0.0140625 0.00625
1 0.5578125 0.671875 0.003125 0.0020833333333333333
1 0.99375 0.6729166666666667 0.003125 0.0125
1 0.55546875 0.665625 0.0046875 0.0020833333333333333
1 0.99296875 0.6604166666666667 0.0015625 0.004166666666666667
1 0.0765625 0.653125 0.003125 0.0020833333333333333
1 0.07265625 0.653125 0.0015625 0.0020833333333333333
1 0.99453125 0.6427083333333333 0.0015625 0.0020833333333333333
1 0.99296875 0.6385416666666667 0.0015625 0.0020833333333333333
1 0.45078125 0.615625 0.0015625 0.0020833333333333333
1 0.0546875 0.6114583333333333 0.003125 0.0020833333333333333
1 0.3921875 0.6020833333333333 0.00625 0.004166666666666667
1 0.9546875 0.5958333333333333 0.003125 0.004166666666666667
1 0.65234375 0.590625 0.0015625 0.0020833333333333333
1 0.9984375 0.5947916666666667 0.003125 0.014583333333333334
1 0.64921875 0.5885416666666666 0.0015625 0.0020833333333333333
1 0.3359375 0.5791666666666667 0.028125 0.0125
1 0.3828125 0.5635416666666667 0.003125 0.00625
1 0.60078125 0.5572916666666666 0.0015625 0.0020833333333333333
1 0.93203125 0.5520833333333334 0.0046875 0.008333333333333333
1 0.9796875 0.5489583333333333 0.00625 0.03125
1 0.4859375 0.5229166666666667 0.003125 0.004166666666666667
1 0.9859375 0.56875 0.028125 0.1
1 0.48828125 0.5197916666666667 0.0015625 0.0020833333333333333
1 0.48515625 0.515625 0.0015625 0.0020833333333333333
1 0.48203125 0.515625 0.0015625 0.0020833333333333333
1 0.98515625 0.5177083333333333 0.0078125 0.010416666666666666
1 0.5265625 0.5125 0.003125 0.004166666666666667
1 0.4828125 0.5104166666666666 0.003125 0.004166666666666667
1 0.47890625 0.5104166666666666 0.0015625 0.004166666666666667
1 0.98359375 0.5041666666666667 0.0015625 0.004166666666666667
1 0.88671875 0.5020833333333333 0.0046875 0.004166666666666667
1 0.46953125 0.50625 0.0140625 0.0125
1 0.48046875 0.4947916666666667 0.0015625 0.0020833333333333333
1 0.87890625 0.49583333333333335 0.0078125 0.008333333333333333
1 0.45234375 0.49583333333333335 0.0171875 0.0125
1 0.45 0.4864583333333333 0.003125 0.0020833333333333333
1 0.4359375 0.4822916666666667 0.003125 0.0020833333333333333
1 0.85859375 0.478125 0.0078125 0.00625
1 0.3984375 0.4666666666666667 0.00625 0.004166666666666667
1 0.41015625 0.5354166666666667 0.0828125 0.15833333333333333
1 0.021875 0.45729166666666665 0.003125 0.0020833333333333333
1 0.834375 0.4552083333333333 0.00625 0.00625
1 0.3625 0.45625 0.025 0.0125
1 0.34765625 0.44895833333333335 0.0015625 0.0020833333333333333
1 0.33203125 0.446875 0.0015625 0.0020833333333333333
1 0.33984375 0.4479166666666667 0.0109375 0.008333333333333333
1 0.27734375 0.4239583333333333 0.0015625 0.0020833333333333333
1 0.7890625 0.421875 0.0125 0.010416666666666666
1 0.26015625 0.41770833333333335 0.0015625 0.0020833333333333333
1 0.23359375 0.41875 0.0078125 0.004166666666666667
1 0.2546875 0.415625 0.003125 0.0020833333333333333
1 0.25078125 0.41354166666666664 0.0015625 0.0020833333333333333
1 0.20078125 0.41354166666666664 0.0015625 0.0020833333333333333
1 0.253125 0.421875 0.03125 0.022916666666666665
1 0.771875 0.409375 0.00625 0.0020833333333333333
1 0.23515625 0.409375 0.0015625 0.0020833333333333333
1 0.76484375 0.40729166666666666 0.0015625 0.0020833333333333333
1 0.22890625 0.40520833333333334 0.0078125 0.00625
1 0.19921875 0.4010416666666667 0.0015625 0.0020833333333333333
1 0.0046875 0.4166666666666667 0.009375 0.03333333333333333
1 0.20703125 0.39791666666666664 0.0046875 0.004166666666666667
1 0.74765625 0.39479166666666665 0.0015625 0.0020833333333333333
1 0.00234375 0.390625 0.0015625 0.0020833333333333333
1 0.1953125 0.39166666666666666 0.015625 0.008333333333333333
1 0.7375 0.3885416666666667 0.009375 0.00625
1 0.184375 0.3854166666666667 0.003125 0.004166666666666667
1 0.00390625 0.384375 0.0015625 0.0020833333333333333
1 0.0078125 0.38125 0.003125 0.004166666666666667
1 0.16484375 0.378125 0.0015625 0.0020833333333333333
1 0.16015625 0.375 0.0046875 0.004166666666666667
1 0.7109375 0.3729166666666667 0.01875 0.0125
1 0.15234375 0.3697916666666667 0.0078125 0.00625
1 0.00859375 0.365625 0.0015625 0.0020833333333333333
1 0.00546875 0.365625 0.0015625 0.0020833333333333333
1 0.14296875 0.3645833333333333 0.0078125 0.008333333333333333
1 0.69453125 0.3625 0.0109375 0.008333333333333333
1 0.12890625 0.36041666666666666 0.0078125 0.0125
1 0.11484375 0.34270833333333334 0.0015625 0.0020833333333333333
1 0.6640625 0.3458333333333333 0.01875 0.0125
1 0.10859375 0.340625 0.0015625 0.0020833333333333333
1 0.64765625 0.3385416666666667 0.0046875 0.0020833333333333333
1 0.64140625 0.33645833333333336 0.0015625 0.0020833333333333333
1 0.09609375 0.328125 0.0015625 0.0020833333333333333
1 0.6265625 0.32916666666666666 0.0125 0.008333333333333333
1 0.61328125 0.321875 0.0078125 0.00625
1 0.6046875 0.3177083333333333 0.00625 0.0020833333333333333
1 0.03359375 0.31875 0.0078125 0.004166666666666667
1 0.27734375 0.5177083333333333 0.5546875 0.41458333333333336
1 0.5921875 0.31145833333333334 0.015625 0.010416666666666666
1 0.578125 0.3072916666666667 0.003125 0.0020833333333333333
1 0.56796875 0.303125 0.0140625 0.00625
1 0.071875 0.30104166666666665 0.003125 0.0020833333333333333
1 0.55625 0.2989583333333333 0.00625 0.0020833333333333333
1 0.99921875 0.2989583333333333 0.0015625 0.00625
1 0.07578125 0.29791666666666666 0.0015625 0.004166666666666667
1 0.54453125 0.2947916666666667 0.0140625 0.00625
1 0.52890625 0.28854166666666664 0.0015625 0.0020833333333333333
1 0.0734375 0.2875 0.003125 0.004166666666666667
1 0.52265625 0.2833333333333333 0.0015625 0.004166666666666667
1 0.51796875 0.28229166666666666 0.0015625 0.0020833333333333333
1 0.51328125 0.28020833333333334 0.0015625 0.0020833333333333333
1 0.48671875 0.2708333333333333 0.0078125 0.004166666666666667
1 0.0765625 0.271875 0.00625 0.00625
1 0.03046875 0.27708333333333335 0.0046875 0.016666666666666666
1 0.03515625 0.2677083333333333 0.0015625 0.0020833333333333333
1 0.47734375 0.26666666666666666 0.0078125 0.004166666666666667
1 0.03125 0.265625 0.003125 0.0020833333333333333
1 0.08203125 0.2635416666666667 0.0046875 0.00625
1 0.45625 0.2604166666666667 0.03125 0.0125
1 0.43828125 0.2552083333333333 0.0015625 0.0020833333333333333
1 0.43203125 0.253125 0.0015625 0.0020833333333333333
1 0.42265625 0.24895833333333334 0.0015625 0.0020833333333333333
1 0.4171875 0.24895833333333334 0.003125 0.0020833333333333333
1 0.03671875 0.25 0.0015625 0.004166666666666667
1 0.40859375 0.24583333333333332 0.0046875 0.004166666666666667
1 0.40234375 0.24479166666666666 0.0015625 0.0020833333333333333
1 0.03203125 0.246875 0.0046875 0.010416666666666666
1 0.11015625 0.240625 0.0046875 0.0020833333333333333
1 0.09296875 0.24375 0.0109375 0.008333333333333333
1 0.3859375 0.23958333333333334 0.003125 0.004166666666666667
1 0.38203125 0.23854166666666668 0.0015625 0.0020833333333333333
1 0.11484375 0.23854166666666668 0.0015625 0.0020833333333333333
1 0.37421875 0.2375 0.0078125 0.004166666666666667
1 0.365625 0.23541666666666666 0.00625 0.004166666666666667
1 0.35703125 0.234375 0.0078125 0.0020833333333333333
1 0.34765625 0.23020833333333332 0.0015625 0.0020833333333333333
1 0.3421875 0.23020833333333332 0.003125 0.0020833333333333333
1 0.33671875 0.228125 0.0015625 0.0020833333333333333
1 0.32578125 0.22604166666666667 0.0015625 0.0020833333333333333
1 0.3109375 0.22395833333333334 0.015625 0.00625
1 0.2953125 0.221875 0.009375 0.0020833333333333333
1 0.15 0.225 0.040625 0.0125
1 0.175 0.21770833333333334 0.003125 0.0020833333333333333
1 0.26953125 0.21770833333333334 0.0390625 0.00625
1 0.23515625 0.215625 0.0015625 0.0020833333333333333
1 0.22265625 0.215625 0.0015625 0.0020833333333333333
1 0.20390625 0.215625 0.0140625 0.0020833333333333333
1 0.18671875 0.21666666666666667 0.0171875 0.004166666666666667
1 0.05234375 0.18854166666666666 0.0015625 0.010416666666666666
1 0.05703125 0.17395833333333333 0.0015625 0.0020833333333333333
1 0.95859375 0.08854166666666667 0.0015625 0.0020833333333333333
1 0.95546875 0.08854166666666667 0.0015625 0.0020833333333333333
1 0.95234375 0.08854166666666667 0.0015625 0.0020833333333333333
1 0.9359375 0.08645833333333333 0.003125 0.0020833333333333333
1 0.94921875 0.08020833333333334 0.0015625 0.0020833333333333333
1 0.9 0.075 0.00625 0.004166666666666667
1 0.08515625 0.075 0.0046875 0.004166666666666667
1 0.93671875 0.071875 0.0015625 0.0020833333333333333
1 0.890625 0.071875 0.003125 0.0020833333333333333
1 0.9453125 0.07083333333333333 0.0125 0.004166666666666667
1 0.0875 0.052083333333333336 0.003125 0.008333333333333333
1 0.809375 0.046875 0.003125 0.0020833333333333333
1 0.82578125 0.04375 0.0015625 0.004166666666666667
1 0.8 0.042708333333333334 0.00625 0.00625
1 0.79453125 0.040625 0.0015625 0.0020833333333333333
1 0.790625 0.040625 0.003125 0.0020833333333333333
1 0.0890625 0.042708333333333334 0.003125 0.00625
1 0.82421875 0.03854166666666667 0.0015625 0.0020833333333333333
1 0.77265625 0.03854166666666667 0.0015625 0.0020833333333333333
1 0.759375 0.03854166666666667 0.003125 0.0020833333333333333
1 0.75546875 0.03854166666666667 0.0015625 0.0020833333333333333
1 0.7515625 0.03854166666666667 0.003125 0.0020833333333333333
1 0.8109375 0.0375 0.009375 0.004166666666666667
1 0.80390625 0.036458333333333336 0.0015625 0.0020833333333333333
1 0.70078125 0.019791666666666666 0.0015625 0.0020833333333333333
1 0.68828125 0.019791666666666666 0.0015625 0.0020833333333333333
1 0.68515625 0.017708333333333333 0.0015625 0.0020833333333333333
1 0.7 0.008333333333333333 0.003125 0.004166666666666667
1 0.69296875 0.00625 0.0078125 0.004166666666666667
1 0.62265625 0.005208333333333333 0.0015625 0.0020833333333333333
1 0.675 0.004166666666666667 0.003125 0.004166666666666667
1 0.61328125 0.003125 0.0015625 0.0020833333333333333
1 0.6078125 0.003125 0.00625 0.0020833333333333333
1 0.8625 0.03958333333333333 0.275 0.07916666666666666
1 0.66015625 0.004166666666666667 0.0234375 0.008333333333333333
1 0.10078125 0.0010416666666666667 0.0015625 0.0020833333333333333
1 0.0953125 0.00625 0.009375 0.0125
1 0.04375 0.16666666666666666 0.0875 0.3333333333333333
