0 0.90859375 0.6427083333333333 0.0015625 0.0020833333333333333
0 0.90234375 0.64375 0.0078125 0.0125
0 0.88984375 0.6364583333333333 0.0015625 0.0020833333333333333
0 0.9234375 0.6354166666666666 0.003125 0.004166666666666667
0 0.86953125 0.6375 0.0359375 0.0125
0 0.62734375 0.6322916666666667 0.0015625 0.0020833333333333333
0 0.84609375 0.6302083333333334 0.0015625 0.0020833333333333333
0 0.93515625 0.628125 0.0015625 0.0020833333333333333
0 0.84921875 0.6302083333333334 0.0015625 0.00625
0 0.92890625 0.6291666666666667 0.0078125 0.008333333333333333
0 0.88984375 0.6239583333333333 0.0015625 0.0020833333333333333
0 0.6515625 0.6302083333333334 0.034375 0.022916666666666665
0 0.8546875 0.6197916666666666 0.0125 0.010416666666666666
0 0.58203125 0.615625 0.0203125 0.010416666666666666
0 0.93046875 0.6072916666666667 0.0015625 0.0020833333333333333
0 0.8140625 0.6010416666666667 0.003125 0.0020833333333333333
0 0.8046875 0.5947916666666667 0.0125 0.010416666666666666
0 0.53046875 0.5916666666666667 0.0109375 0.008333333333333333
0 0.4546875 0.5895833333333333 0.009375 0.008333333333333333
0 0.4140625 0.5854166666666667 0.021875 0.008333333333333333
0 0.96484375 0.5739583333333333 0.0078125 0.014583333333333334
0 0.26796875 0.5635416666666667 0.0109375 0.0020833333333333333
0 0.78828125 0.5479166666666667 0.0046875 0.004166666666666667
0 0.77734375 0.55 0.0078125 0.008333333333333333
0 0.86328125 0.5864583333333333 0.1296875 0.08541666666666667
0 0.57109375 0.5333333333333333 0.0078125 0.004166666666666667
0 0.56484375 0.5322916666666667 0.0015625 0.0020833333333333333
0 0.7640625 0.5364583333333334 0.01875 0.027083333333333334
0 0.53671875 0.5145833333333333 0.0109375 0.008333333333333333
0 0.43359375 0.509375 0.0015625 0.0020833333333333333
0 0.7140625 0.5270833333333333 0.053125 0.041666666666666664
0 0.39765625 0.5010416666666667 0.0015625 0.0020833333333333333
0 0.3703125 0.5010416666666667 0.00625 0.0020833333333333333
0 0.359375 0.49895833333333334 0.009375 0.00625
0 0.271875 0.4947916666666667 0.009375 0.00625
0 0.65234375 0.515625 0.0265625 0.06875
0 0.1171875 0.4395833333333333 0.034375 0.020833333333333332
0 0.071875 0.43645833333333334 0.025 0.03125
0 0.86953125 0.46041666666666664 0.1703125 0.19166666666666668
0 0.4375 0.3625 0.025 0.004166666666666667
0 0.62734375 0.36666666666666664 0.0328125 0.025
0 0.69921875 0.35104166666666664 0.0015625 0.0020833333333333333
0 0.74453125 0.35208333333333336 0.0109375 0.008333333333333333
0 0.66640625 0.3385416666666667 0.0328125 0.022916666666666665
0 0.10078125 0.30416666666666664 0.0234375 0.008333333333333333
0 0.4046875 0.3302083333333333 0.309375 0.07291666666666667
0 0.1203125 0.296875 0.009375 0.00625
0 0.22890625 0.25 0.0109375 0.0125
1 0.9125 0.9583333333333334 0.025 0.004166666666666667
1 0.84921875 0.9510416666666667 0.0046875 0.0020833333333333333
1 0.87265625 0.9489583333333333 0.0015625 0.0020833333333333333
1 0.86953125 0.9489583333333333 0.0015625 0.0020833333333333333
1 0.86640625 0.9489583333333333 0.0015625 0.0020833333333333333
1 0.86328125 0.9489583333333333 0.0015625 0.0020833333333333333
1 0.86015625 0.9489583333333333 0.0015625 0.0020833333333333333
1 0.85703125 0.9489583333333333 0.0015625 0.0020833333333333333
1 0.85390625 0.9489583333333333 0.0015625 0.0020833333333333333
1 0.88515625 0.946875 0.0046875 0.00625
1 0.840625 0.9489583333333333 0.009375 0.010416666666666666
1 0.90078125 0.940625 0.0015625 0.0020833333333333333
1 0.8640625 0.940625 0.003125 0.0020833333333333333
1 0.87421875 0.9385416666666667 0.0015625 0.0020833333333333333
1 0.88671875 0.9364583333333333 0.0046875 0.0020833333333333333
1 0.825 0.9666666666666667 0.35 0.06666666666666667
1 0.92890625 0.934375 0.0015625 0.0020833333333333333
1 0.89921875 0.934375 0.0046875 0.0020833333333333333
1 0.95078125 0.9322916666666666 0.0015625 0.0020833333333333333
1 0.9359375 0.9322916666666666 0.003125 0.0020833333333333333
1 0.91015625 0.9322916666666666 0.0015625 0.0020833333333333333
1 0.96328125 0.9302083333333333 0.0015625 0.0020833333333333333
1 0.95703125 0.93125 0.0078125 0.004166666666666667
1 0.9203125 0.9302083333333333 0.00625 0.0020833333333333333
1 0.984375 0.9291666666666667 0.00625 0.004166666666666667
1 0.9328125 0.928125 0.00625 0.0020833333333333333
1 0.93984375 0.9260416666666667 0.0046875 0.0020833333333333333
1 0.95078125 0.9239583333333333 0.0046875 0.0020833333333333333
1 0.9609375 0.921875 0.003125 0.0020833333333333333
1 0.99453125 0.9197916666666667 0.0015625 0.0020833333333333333
1 0.9734375 0.9197916666666667 0.003125 0.0020833333333333333
1 0.98359375 0.9177083333333333 0.0046875 0.0020833333333333333
1 0.99140625 0.915625 0.0046875 0.0020833333333333333
1 0.9109375 0.7322916666666667 0.028125 0.052083333333333336
1 0.94765625 0.7052083333333333 0.0046875 0.0020833333333333333
1 0.93125 0.7177083333333333 0.015625 0.027083333333333334
1 0.93046875 0.7 0.0046875 0.008333333333333333
1 0.04140625 0.8052083333333333 0.0828125 0.38958333333333334
1 0.00625 0.59375 0.00625 0.0125
1 0.99921875 0.43854166666666666 0.0015625 0.0020833333333333333
1 0.996875 0.42916666666666664 0.003125 0.0125
1 0.9625 0.2 0.075 0.4
1 0.1875 0.035416666666666666 0.375 0.07083333333333333
