0 0.21953125 0.6760416666666667 0.0046875 0.0020833333333333333
0 0.1890625 0.6729166666666667 0.003125 0.004166666666666667
0 0.1546875 0.6583333333333333 0.003125 0.004166666666666667
0 0.1359375 0.6427083333333333 0.003125 0.0020833333333333333
0 0.78671875 0.6239583333333333 0.0015625 0.0020833333333333333
0 0.11953125 0.6166666666666667 0.0015625 0.004166666666666667
0 0.77421875 0.5760416666666667 0.0046875 0.010416666666666666
0 0.11953125 0.5770833333333333 0.0078125 0.016666666666666666
0 0.76796875 0.5677083333333334 0.0015625 0.0020833333333333333
0 0.71875 0.5677083333333334 0.003125 0.0020833333333333333
0 0.7296875 0.5635416666666667 0.009375 0.014583333333333334
0 0.76484375 0.5479166666666667 0.0078125 0.0125
0 0.78046875 0.5416666666666666 0.0046875 0.008333333333333333
0 0.690625 0.49375 0.003125 0.004166666666666667
0 0.6859375 0.49270833333333336 0.003125 0.0020833333333333333
0 0.67890625 0.49375 0.0046875 0.004166666666666667
0 0.53046875 0.484375 0.0015625 0.0020833333333333333
0 0.43828125 0.48020833333333335 0.0015625 0.0020833333333333333
0 0.3984375 0.48125 0.00625 0.004166666666666667
0 0.56171875 0.478125 0.0015625 0.0020833333333333333
0 0.475 0.47604166666666664 0.0125 0.0020833333333333333
0 0.4609375 0.47604166666666664 0.009375 0.00625
0 0.32265625 0.471875 0.0015625 0.0020833333333333333
0 0.378125 0.4708333333333333 0.003125 0.004166666666666667
0 0.45234375 0.4635416666666667 0.0046875 0.0020833333333333333
0 0.52421875 0.4635416666666667 0.0015625 0.00625
0 0.2328125 0.4479166666666667 0.00625 0.004166666666666667
0 0.35546875 0.44583333333333336 0.0015625 0.004166666666666667
0 0.32109375 0.44479166666666664 0.0015625 0.0020833333333333333
0 0.3625 0.44583333333333336 0.00625 0.008333333333333333
0 0.2359375 0.440625 0.003125 0.0020833333333333333
0 0.23203125 0.440625 0.0015625 0.0020833333333333333
0 0.328125 0.43645833333333334 0.003125 0.0020833333333333333
0 0.45234375 0.5520833333333334 0.6703125 0.24583333333333332
0 0.25859375 0.43020833333333336 0.0015625 0.0020833333333333333
0 0.240625 0.434375 0.01875 0.014583333333333334
0 0.2625 0.41770833333333335 0.003125 0.0020833333333333333
0 0.25 0.41875 0.003125 0.004166666666666667
0 0.2671875 0.415625 0.003125 0.0020833333333333333
0 0.2546875 0.415625 0.003125 0.0020833333333333333
0 0.36328125 0.41458333333333336 0.0015625 0.004166666666666667
0 0.328125 0.41458333333333336 0.00625 0.008333333333333333
0 0.2984375 0.4125 0.003125 0.004166666666666667
0 0.2734375 0.4114583333333333 0.003125 0.0020833333333333333
0 0.4734375 0.39791666666666664 0.003125 0.004166666666666667
0 0.31015625 0.39791666666666664 0.0109375 0.004166666666666667
0 0.409375 0.4083333333333333 0.084375 0.029166666666666667
0 0.378125 0.3958333333333333 0.003125 0.004166666666666667
0 0.33828125 0.4010416666666667 0.0234375 0.014583333333333334
0 0.29921875 0.39895833333333336 0.0078125 0.010416666666666666
0 0.4265625 0.3927083333333333 0.003125 0.0020833333333333333
0 0.41484375 0.3927083333333333 0.0046875 0.0020833333333333333
0 0.403125 0.3927083333333333 0.003125 0.0020833333333333333
0 0.43828125 0.3875 0.0046875 0.004166666666666667
0 0.428125 0.384375 0.003125 0.0020833333333333333
0 0.3984375 0.3885416666666667 0.0125 0.010416666666666666
0 0.38359375 0.375 0.0015625 0.004166666666666667
0 0.378125 0.37395833333333334 0.00625 0.00625
0 0.38046875 0.36770833333333336 0.0015625 0.0020833333333333333
0 0.40703125 0.3645833333333333 0.0046875 0.004166666666666667
1 0.65703125 0.9979166666666667 0.0109375 0.004166666666666667
1 0.6359375 0.996875 0.003125 0.0020833333333333333
1 0.725 0.996875 0.05 0.00625
1 0.62578125 0.9947916666666666 0.0015625 0.0020833333333333333
1 0.06484375 0.9958333333333333 0.0015625 0.008333333333333333
1 0.653125 0.990625 0.003125 0.0020833333333333333
1 0.659375 0.9885416666666667 0.003125 0.0020833333333333333
1 0.76171875 0.9895833333333334 0.0265625 0.008333333333333333
1 0.6875 0.9927083333333333 0.025 0.014583333333333334
1 0.66484375 0.9864583333333333 0.0015625 0.0020833333333333333
1 0.7359375 0.9822916666666667 0.0125 0.00625
1 0.7265625 0.98125 0.003125 0.004166666666666667
1 0.06328125 0.984375 0.0015625 0.010416666666666666
1 0.7625 0.9791666666666666 0.025 0.004166666666666667
1 0.7375 0.978125 0.003125 0.0020833333333333333
1 0.74375 0.9760416666666667 0.003125 0.0020833333333333333
1 0.06171875 0.9708333333333333 0.0015625 0.008333333333333333
1 0.85390625 0.9635416666666666 0.0078125 0.0020833333333333333
1 0.825 0.9635416666666666 0.00625 0.0020833333333333333
1 0.9546875 0.9614583333333333 0.009375 0.00625
1 0.88046875 0.9583333333333334 0.0109375 0.004166666666666667
1 0.88828125 0.9552083333333333 0.0015625 0.0020833333333333333
1 0.94921875 0.953125 0.0171875 0.0020833333333333333
1 0.90390625 0.953125 0.0015625 0.0020833333333333333
1 0.89296875 0.953125 0.0015625 0.0020833333333333333
1 0.9625 0.9510416666666667 0.00625 0.0020833333333333333
1 0.91015625 0.9510416666666667 0.0046875 0.0020833333333333333
1 0.89609375 0.9510416666666667 0.0015625 0.0020833333333333333
1 0.92734375 0.9489583333333333 0.0171875 0.00625
1 0.9390625 0.9447916666666667 0.003125 0.0020833333333333333
1 0.9609375 0.9427083333333334 0.003125 0.0020833333333333333
1 0.9671875 0.940625 0.003125 0.0020833333333333333
1 0.9 0.9677083333333333 0.2 0.06458333333333334
1 0.03828125 0.8291666666666667 0.0015625 0.004166666666666667
1 0.03671875 0.815625 0.0015625 0.00625
1 0.03515625 0.8052083333333333 0.0015625 0.010416666666666666
1 0.03359375 0.7677083333333333 0.0015625 0.0020833333333333333
1 0.02890625 0.765625 0.0015625 0.0020833333333333333
1 0.02578125 0.7239583333333334 0.0015625 0.0020833333333333333
1 0.02734375 0.7052083333333333 0.0015625 0.0020833333333333333
1 0.0296875 0.8479166666666667 0.059375 0.30416666666666664
1 0.97734375 0.6947916666666667 0.0015625 0.0020833333333333333
1 0.95234375 0.684375 0.0015625 0.0020833333333333333
1 0.01484375 0.6833333333333333 0.0015625 0.0125
1 0.984375 0.6770833333333334 0.03125 0.020833333333333332
1 0.86953125 0.6604166666666667 0.0046875 0.008333333333333333
1 0.94453125 0.6625 0.0296875 0.03333333333333333
1 0.003125 0.65625 0.00625 0.020833333333333332
1 0.92578125 0.64375 0.0046875 0.004166666666666667
1 0.92109375 0.6427083333333333 0.0015625 0.0020833333333333333
1 0.00078125 0.634375 0.0015625 0.0020833333333333333
1 0.00859375 0.6375 0.0015625 0.0125
1 0.00234375 0.6260416666666667 0.0015625 0.0020833333333333333
1 0.00390625 0.621875 0.0015625 0.0020833333333333333
1 0.88828125 0.609375 0.0015625 0.0020833333333333333
1 0.00546875 0.603125 0.0015625 0.0020833333333333333
1 0.9 0.6010416666666667 0.003125 0.0020833333333333333
1 0.83828125 0.6104166666666667 0.0203125 0.04583333333333333
1 0.89609375 0.5885416666666666 0.0015625 0.00625
1 0.87890625 0.6135416666666667 0.0421875 0.07708333333333334
1 0.84609375 0.58125 0.0078125 0.016666666666666666
1 0.84921875 0.540625 0.0015625 0.0020833333333333333
1 0.8296875 0.5020833333333333 0.003125 0.004166666666666667
1 0.18359375 0.446875 0.0015625 0.0020833333333333333
1 0.19296875 0.440625 0.0109375 0.010416666666666666
1 0.2125 0.4270833333333333 0.015625 0.0125
1 0.22421875 0.4197916666666667 0.0015625 0.0020833333333333333
1 0.2296875 0.4166666666666667 0.00625 0.004166666666666667
1 0.2390625 0.4114583333333333 0.003125 0.0020833333333333333
1 0.24296875 0.409375 0.0015625 0.0020833333333333333
1 0.25078125 0.40520833333333334 0.0015625 0.0020833333333333333
1 0.2703125 0.39166666666666666 0.00625 0.004166666666666667
1 0.27890625 0.3885416666666667 0.0046875 0.0020833333333333333
1 0.28515625 0.38645833333333335 0.0015625 0.0020833333333333333
1 0.99453125 0.384375 0.0015625 0.0020833333333333333
1 0.2890625 0.384375 0.003125 0.0020833333333333333
1 0.29921875 0.3802083333333333 0.0015625 0.0020833333333333333
1 0.99453125 0.375 0.0015625 0.0125
1 0.32734375 0.3697916666666667 0.0015625 0.0020833333333333333
1 0.3390625 0.36770833333333336 0.003125 0.0020833333333333333
1 0.99140625 0.346875 0.0015625 0.0020833333333333333
1 0.99609375 0.346875 0.0015625 0.00625
1 0.99453125 0.33229166666666665 0.0015625 0.0020833333333333333
1 0.99765625 0.30833333333333335 0.0046875 0.016666666666666666
1 0.96796875 0.21458333333333332 0.0046875 0.004166666666666667
1 0.97109375 0.20833333333333334 0.0015625 0.008333333333333333
1 0.96015625 0.16041666666666668 0.0046875 0.0125
1 0.95703125 0.146875 0.0015625 0.0020833333333333333
1 0.1109375 0.051041666666666666 0.003125 0.0020833333333333333
1 0.1390625 0.04375 0.003125 0.004166666666666667
1 0.94296875 0.03958333333333333 0.0046875 0.0125
1 0.27421875 0.023958333333333335 0.0015625 0.0020833333333333333
1 0.29921875 0.017708333333333333 0.0015625 0.0020833333333333333
1 0.28828125 0.015625 0.0078125 0.0020833333333333333
1 0.31953125 0.014583333333333334 0.0359375 0.004166666666666667
1 0.93671875 0.010416666666666666 0.0015625 0.004166666666666667
1 0.36484375 0.009375 0.0015625 0.0020833333333333333
1 0.35078125 0.009375 0.0015625 0.0020833333333333333
1 0.38515625 0.007291666666666667 0.0015625 0.0020833333333333333
1 0.38203125 0.007291666666666667 0.0015625 0.0020833333333333333
1 0.37578125 0.007291666666666667 0.0015625 0.0020833333333333333
1 0.3609375 0.008333333333333333 0.003125 0.004166666666666667
1 0.28046875 0.005208333333333333 0.0078125 0.0020833333333333333
1 0.40234375 0.003125 0.0046875 0.0020833333333333333
1 0.97265625 0.16666666666666666 0.0546875 0.3333333333333333
1 0.409375 0.0010416666666666667 0.003125 0.0020833333333333333
1 0.37421875 0.0010416666666666667 0.0015625 0.0020833333333333333
1 0.31875 0.004166666666666667 0.0375 0.008333333333333333
1 0.13671875 0.03333333333333333 0.2734375 0.06666666666666667
