1 0.3421875 0.9989583333333333 0.00625 0.0020833333333333333
1 0.3265625 0.9989583333333333 0.003125 0.0020833333333333333
1 0.3796875 0.996875 0.003125 0.0020833333333333333
1 0.37578125 0.996875 0.0015625 0.0020833333333333333
1 0.36328125 0.996875 0.0015625 0.0020833333333333333
1 0.33671875 0.996875 0.0015625 0.0020833333333333333
1 0.33359375 0.996875 0.0015625 0.0020833333333333333
1 0.33046875 0.996875 0.0015625 0.0020833333333333333
1 0.3171875 0.9958333333333333 0.0125 0.004166666666666667
1 0.2125 0.9927083333333333 0.025 0.00625
1 0.2546875 0.9916666666666667 0.009375 0.008333333333333333
1 0.23203125 0.984375 0.0015625 0.0020833333333333333
1 0.1953125 0.984375 0.009375 0.0020833333333333333
1 0.18671875 0.9916666666666667 0.0265625 0.016666666666666666
1 0.228125 0.9833333333333333 0.003125 0.004166666666666667
1 0.15078125 0.9791666666666666 0.0015625 0.004166666666666667
1 0.13515625 0.9760416666666667 0.0015625 0.0020833333333333333
1 0.96015625 0.971875 0.0015625 0.00625
1 0.97109375 0.9833333333333333 0.0015625 0.03333333333333333
1 0.07109375 0.9635416666666666 0.0015625 0.0020833333333333333
1 0.06796875 0.9635416666666666 0.0015625 0.0020833333333333333
1 0.06484375 0.9635416666666666 0.0015625 0.0020833333333333333
1 0.06171875 0.9635416666666666 0.0015625 0.0020833333333333333
1 0.05859375 0.9635416666666666 0.0015625 0.0020833333333333333
1 0.05546875 0.9635416666666666 0.0015625 0.0020833333333333333
1 0.05234375 0.9635416666666666 0.0015625 0.0020833333333333333
1 0.04921875 0.9635416666666666 0.0015625 0.0020833333333333333
1 0.04609375 0.9635416666666666 0.0015625 0.0020833333333333333
1 0.04296875 0.9635416666666666 0.0015625 0.0020833333333333333
1 0.03984375 0.9635416666666666 0.0015625 0.0020833333333333333
1 0.03671875 0.9635416666666666 0.0015625 0.0020833333333333333
1 0.03359375 0.9635416666666666 0.0015625 0.0020833333333333333
1 0.03046875 0.9635416666666666 0.0015625 0.0020833333333333333
1 0.0625 0.98125 0.125 0.0375
1 0.96171875 0.9635416666666666 0.0015625 0.00625
1 0.97109375 0.9395833333333333 0.0046875 0.0125
1 0.96484375 0.9302083333333333 0.0015625 0.00625
1 0.9703125 0.9166666666666666 0.003125 0.008333333333333333
1 0.39921875 0.8739583333333333 0.0015625 0.0020833333333333333
1 0.39140625 0.8739583333333333 0.0015625 0.0020833333333333333
1 0.97265625 0.8697916666666666 0.0015625 0.0020833333333333333
1 0.23359375 0.865625 0.0015625 0.0020833333333333333
1 0.22109375 0.8635416666666667 0.0078125 0.0020833333333333333
1 0.21015625 0.8635416666666667 0.0015625 0.0020833333333333333
1 0.98125 0.834375 0.003125 0.0020833333333333333
1 0.98671875 0.815625 0.0078125 0.035416666666666666
1 0.9875 0.8770833333333333 0.025 0.24583333333333332
1 0.00234375 0.7364583333333333 0.0046875 0.0020833333333333333
1 0.996875 0.7333333333333333 0.00625 0.004166666666666667
1 0.9984375 0.7260416666666667 0.003125 0.00625
1 0.09765625 0.709375 0.0046875 0.0020833333333333333
1 0.98984375 0.7041666666666667 0.0015625 0.004166666666666667
1 0.10546875 0.703125 0.0015625 0.0020833333333333333
1 0.99140625 0.6989583333333333 0.0015625 0.0020833333333333333
1 0.99609375 0.6791666666666667 0.0078125 0.020833333333333332
1 0.99921875 0.6145833333333334 0.0015625 0.004166666666666667
1 0.01171875 0.33229166666666665 0.0015625 0.0020833333333333333
1 0.00625 0.34479166666666666 0.0125 0.07291666666666667
1 0.01015625 0.2989583333333333 0.0015625 0.0020833333333333333
1 0.00859375 0.28958333333333336 0.0015625 0.0125
1 0.01328125 0.28125 0.0015625 0.008333333333333333
1 0.01328125 0.2708333333333333 0.0015625 0.004166666666666667
1 0.0296875 0.11354166666666667 0.003125 0.00625
1 0.034375 0.07604166666666666 0.00625 0.022916666666666665
1 0.97109375 0.040625 0.0015625 0.0020833333333333333
1 0.96796875 0.040625 0.0015625 0.0020833333333333333
1 0.96484375 0.03854166666666667 0.0015625 0.0020833333333333333
1 0.99921875 0.036458333333333336 0.0015625 0.0020833333333333333
1 0.99609375 0.036458333333333336 0.0015625 0.0020833333333333333
1 0.98828125 0.0375 0.0078125 0.004166666666666667
1 0.8375 0.020833333333333332 0.025 0.004166666666666667
1 0.728125 0.013541666666666667 0.00625 0.0020833333333333333
1 0.8375 0.010416666666666666 0.025 0.008333333333333333
1 0.75546875 0.011458333333333333 0.0109375 0.010416666666666666
1 0.67890625 0.007291666666666667 0.0015625 0.0020833333333333333
1 0.6625 0.008333333333333333 0.00625 0.004166666666666667
1 0.81328125 0.005208333333333333 0.0234375 0.0020833333333333333
1 0.70703125 0.008333333333333333 0.0140625 0.008333333333333333
1 0.67578125 0.005208333333333333 0.0015625 0.0020833333333333333
1 0.6390625 0.005208333333333333 0.009375 0.0020833333333333333
1 0.78671875 0.003125 0.0015625 0.0020833333333333333
1 0.9375 0.017708333333333333 0.125 0.035416666666666666
1 0.78125 0.0020833333333333333 0.00625 0.004166666666666667
1 0.7328125 0.0020833333333333333 0.003125 0.004166666666666667
1 0.6046875 0.0010416666666666667 0.009375 0.0020833333333333333
1 0.03125 0.016666666666666666 0.003125 0.03333333333333333
1 0.0140625 0.134375 0.028125 0.26875
