0 0.69921875 0.9677083333333333 0.0015625 0.0020833333333333333
0 0.69609375 0.9677083333333333 0.0015625 0.0020833333333333333
0 0.68515625 0.9677083333333333 0.0171875 0.0020833333333333333
0 0.66484375 0.953125 0.0015625 0.0020833333333333333
0 0.66171875 0.953125 0.0015625 0.0020833333333333333
0 0.66484375 0.9489583333333333 0.0015625 0.0020833333333333333
0 0.6546875 0.9479166666666666 0.015625 0.0125
0 0.63671875 0.9322916666666666 0.0015625 0.0020833333333333333
0 0.63359375 0.9322916666666666 0.0015625 0.0020833333333333333
0 0.62890625 0.93125 0.0046875 0.004166666666666667
0 0.2859375 0.8145833333333333 0.003125 0.004166666666666667
0 0.62265625 0.8010416666666667 0.1421875 0.06458333333333334
0 0.69375 0.7458333333333333 0.028125 0.025
0 0.0484375 0.7135416666666666 0.003125 0.00625
0 0.71171875 0.6895833333333333 0.0453125 0.020833333333333332
0 0.5796875 0.7 0.15625 0.13333333333333333
0 0.1015625 0.7020833333333333 0.178125 0.1375
0 0.3 0.4625 0.28125 0.31666666666666665
0 0.14140625 0.25416666666666665 0.0296875 0.016666666666666666
0 0.0171875 0.26458333333333334 0.034375 0.0875
0 0.128125 0.153125 0.01875 0.01875
1 0.94765625 0.996875 0.0015625 0.0020833333333333333
1 0.88515625 0.996875 0.0015625 0.0020833333333333333
1 0.6875 0.996875 0.021875 0.0020833333333333333
1 0.65078125 0.996875 0.0015625 0.0020833333333333333
1 0.62578125 0.9979166666666667 0.0015625 0.004166666666666667
1 0.0875 0.9979166666666667 0.025 0.004166666666666667
1 0.95078125 0.9947916666666666 0.0015625 0.0020833333333333333
1 0.92109375 0.9947916666666666 0.0015625 0.0020833333333333333
1 0.91796875 0.9947916666666666 0.0015625 0.0020833333333333333
1 0.91484375 0.9947916666666666 0.0015625 0.0020833333333333333
1 0.91171875 0.9947916666666666 0.0015625 0.0020833333333333333
1 0.90859375 0.9947916666666666 0.0015625 0.0020833333333333333
1 0.90546875 0.9947916666666666 0.0015625 0.0020833333333333333
1 0.90234375 0.9947916666666666 0.0015625 0.0020833333333333333
1 0.89921875 0.9947916666666666 0.0015625 0.0020833333333333333
1 0.66328125 0.9947916666666666 0.0015625 0.0020833333333333333
1 0.5671875 0.9947916666666666 0.009375 0.0020833333333333333
1 0.56015625 0.9947916666666666 0.0015625 0.0020833333333333333
1 0.55 0.9947916666666666 0.003125 0.0020833333333333333
1 0.509375 0.9947916666666666 0.0125 0.0020833333333333333
1 0.84375 0.9958333333333333 0.0125 0.008333333333333333
1 0.590625 0.99375 0.00625 0.004166666666666667
1 0.884375 0.990625 0.00625 0.0020833333333333333
1 0.74609375 0.990625 0.0015625 0.0020833333333333333
1 0.18984375 0.9927083333333333 0.0015625 0.00625
1 0.890625 0.9885416666666667 0.003125 0.0020833333333333333
1 0.59765625 0.9885416666666667 0.0015625 0.0020833333333333333
1 0.59453125 0.9885416666666667 0.0015625 0.0020833333333333333
1 0.54609375 0.9895833333333334 0.0046875 0.004166666666666667
1 0.97109375 0.9864583333333333 0.0015625 0.0020833333333333333
1 0.96796875 0.9864583333333333 0.0015625 0.0020833333333333333
1 0.96484375 0.9864583333333333 0.0015625 0.0020833333333333333
1 0.83046875 0.9885416666666667 0.0109375 0.00625
1 0.78671875 0.9875 0.0015625 0.004166666666666667
1 0.5890625 0.9864583333333333 0.003125 0.0020833333333333333
1 0.58359375 0.9864583333333333 0.0015625 0.0020833333333333333
1 0.5671875 0.9864583333333333 0.003125 0.0020833333333333333
1 0.5390625 0.9875 0.00625 0.004166666666666667
1 0.9875 0.984375 0.025 0.0020833333333333333
1 0.58046875 0.984375 0.0015625 0.0020833333333333333
1 0.56328125 0.984375 0.0015625 0.0020833333333333333
1 0.53046875 0.9854166666666667 0.0046875 0.004166666666666667
1 0.51875 0.9822916666666667 0.00625 0.0020833333333333333
1 0.10078125 0.9802083333333333 0.0015625 0.0020833333333333333
1 0.92421875 0.978125 0.0015625 0.0020833333333333333
1 0.92109375 0.978125 0.0015625 0.0020833333333333333
1 0.91796875 0.978125 0.0015625 0.0020833333333333333
1 0.91484375 0.978125 0.0015625 0.0020833333333333333
1 0.91171875 0.978125 0.0015625 0.0020833333333333333
1 0.90859375 0.978125 0.0015625 0.0020833333333333333
1 0.90546875 0.978125 0.0015625 0.0020833333333333333
1 0.90234375 0.978125 0.0015625 0.0020833333333333333
1 0.5484375 0.978125 0.003125 0.0020833333333333333
1 0.53671875 0.9760416666666667 0.0015625 0.0020833333333333333
1 0.53359375 0.9760416666666667 0.0015625 0.0020833333333333333
1 0.5203125 0.9739583333333334 0.003125 0.0020833333333333333
1 0.49296875 0.9677083333333333 0.0015625 0.0020833333333333333
1 0.49765625 0.965625 0.0015625 0.0020833333333333333
1 0.4078125 0.9604166666666667 0.00625 0.004166666666666667
1 0.40078125 0.959375 0.0015625 0.0020833333333333333
1 0.46015625 0.9583333333333334 0.0046875 0.004166666666666667
1 0.39765625 0.9583333333333334 0.0015625 0.004166666666666667
1 0.39453125 0.9583333333333334 0.0015625 0.004166666666666667
1 0.39140625 0.9583333333333334 0.0015625 0.004166666666666667
1 0.38828125 0.9583333333333334 0.0015625 0.004166666666666667
1 0.38515625 0.9583333333333334 0.0015625 0.004166666666666667
1 0.38203125 0.9583333333333334 0.0015625 0.004166666666666667
1 0.37890625 0.9583333333333334 0.0015625 0.004166666666666667
1 0.42890625 0.953125 0.0015625 0.0020833333333333333
1 0.425 0.95625 0.003125 0.008333333333333333
1 0.440625 0.9520833333333333 0.015625 0.008333333333333333
1 0.41953125 0.95 0.0046875 0.004166666666666667
1 0.42421875 0.946875 0.0015625 0.0020833333333333333
1 0.41484375 0.946875 0.0015625 0.0020833333333333333
1 0.40625 0.9427083333333334 0.003125 0.0020833333333333333
1 0.39921875 0.9416666666666667 0.0046875 0.004166666666666667
1 0.39453125 0.9416666666666667 0.0015625 0.004166666666666667
1 0.39140625 0.9416666666666667 0.0015625 0.004166666666666667
1 0.38828125 0.9416666666666667 0.0015625 0.004166666666666667
1 0.38515625 0.9416666666666667 0.0015625 0.004166666666666667
1 0.38203125 0.9416666666666667 0.0015625 0.004166666666666667
1 0.37890625 0.9416666666666667 0.0015625 0.004166666666666667
1 0.38203125 0.9302083333333333 0.0015625 0.0020833333333333333
1 0.378125 0.928125 0.003125 0.0020833333333333333
1 0.33046875 0.9260416666666667 0.0015625 0.0020833333333333333
1 0.3265625 0.9270833333333334 0.003125 0.004166666666666667
1 0.35390625 0.9177083333333333 0.0015625 0.0020833333333333333
1 0.3109375 0.91875 0.003125 0.004166666666666667
1 0.34140625 0.9208333333333333 0.0171875 0.0125
1 0.3078125 0.9104166666666667 0.003125 0.004166666666666667
1 0.31484375 0.9072916666666667 0.0015625 0.0020833333333333333
1 0.91328125 0.9052083333333333 0.0046875 0.0020833333333333333
1 0.30859375 0.9010416666666666 0.0015625 0.0020833333333333333
1 0.2890625 0.89375 0.003125 0.004166666666666667
1 0.27265625 0.890625 0.0015625 0.0020833333333333333
1 0.2375 0.8916666666666667 0.003125 0.004166666666666667
1 0.26484375 0.8895833333333333 0.0109375 0.004166666666666667
1 0.2734375 0.8833333333333333 0.00625 0.004166666666666667
1 0.22421875 0.8833333333333333 0.0015625 0.004166666666666667
1 0.26640625 0.8802083333333334 0.0015625 0.0020833333333333333
1 0.25390625 0.878125 0.0015625 0.0020833333333333333
1 0.23828125 0.8791666666666667 0.0078125 0.004166666666666667
1 0.23203125 0.878125 0.0015625 0.0020833333333333333
1 0.24765625 0.8770833333333333 0.0015625 0.004166666666666667
1 0.24453125 0.8770833333333333 0.0015625 0.004166666666666667
1 0.2328125 0.865625 0.003125 0.0020833333333333333
1 0.19296875 0.859375 0.0015625 0.0020833333333333333
1 0.18984375 0.859375 0.0015625 0.0020833333333333333
1 0.215625 0.85625 0.003125 0.004166666666666667
1 0.21171875 0.853125 0.0015625 0.0020833333333333333
1 0.20703125 0.8489583333333334 0.0015625 0.0020833333333333333
1 0.20390625 0.846875 0.0015625 0.0020833333333333333
1 0.19296875 0.846875 0.0015625 0.0020833333333333333
1 0.9765625 0.8395833333333333 0.003125 0.004166666666666667
1 0.97421875 0.834375 0.0015625 0.0020833333333333333
1 0.16953125 0.834375 0.0078125 0.0020833333333333333
1 0.16328125 0.834375 0.0015625 0.0020833333333333333
1 0.17890625 0.8322916666666667 0.0015625 0.0020833333333333333
1 0.1578125 0.8291666666666667 0.00625 0.008333333333333333
1 0.1421875 0.8270833333333333 0.015625 0.004166666666666667
1 0.14765625 0.821875 0.0015625 0.0020833333333333333
1 0.1265625 0.8177083333333334 0.003125 0.0020833333333333333
1 0.8796875 0.8177083333333334 0.009375 0.014583333333333334
1 0.89453125 0.7989583333333333 0.0015625 0.0020833333333333333
1 0.11640625 0.7947916666666667 0.0015625 0.0020833333333333333
1 0.903125 0.79375 0.00625 0.004166666666666667
1 0.0921875 0.7916666666666666 0.003125 0.004166666666666667
1 0.084375 0.7916666666666666 0.00625 0.004166666666666667
1 0.87265625 0.7885416666666667 0.0015625 0.0020833333333333333
1 0.1078125 0.790625 0.009375 0.00625
1 0.10234375 0.7864583333333334 0.0015625 0.0020833333333333333
1 0.096875 0.7833333333333333 0.00625 0.004166666666666667
1 0.86171875 0.778125 0.0015625 0.0020833333333333333
1 0.846875 0.7802083333333333 0.0125 0.00625
1 0.03828125 0.7645833333333333 0.0078125 0.004166666666666667
1 0.071875 0.7614583333333333 0.003125 0.0020833333333333333
1 0.03203125 0.7614583333333333 0.0015625 0.0020833333333333333
1 0.87578125 0.759375 0.0015625 0.0020833333333333333
1 0.06640625 0.759375 0.0015625 0.0020833333333333333
1 0.9328125 0.8020833333333334 0.134375 0.1
1 0.06171875 0.7552083333333334 0.0046875 0.00625
1 0.90078125 0.7489583333333333 0.0015625 0.0020833333333333333
1 0.05625 0.75 0.003125 0.004166666666666667
1 0.05078125 0.746875 0.0015625 0.0020833333333333333
1 0.03671875 0.7375 0.0046875 0.004166666666666667
1 0.25 0.8666666666666667 0.5 0.26666666666666666
1 0.03046875 0.7322916666666667 0.0015625 0.0020833333333333333
1 0.88515625 0.7354166666666667 0.0265625 0.025
1 0.85703125 0.7239583333333334 0.0078125 0.00625
1 0.02109375 0.7229166666666667 0.0078125 0.008333333333333333
1 0.01484375 0.7177083333333333 0.0015625 0.0020833333333333333
1 0.003125 0.7197916666666667 0.00625 0.010416666666666666
1 0.01328125 0.7135416666666666 0.0015625 0.0020833333333333333
1 0.98984375 0.709375 0.0015625 0.0020833333333333333
1 0.99921875 0.709375 0.0015625 0.00625
1 0.99609375 0.709375 0.0015625 0.00625
1 0.95546875 0.7052083333333333 0.0015625 0.0020833333333333333
1 0.95234375 0.7052083333333333 0.0015625 0.0020833333333333333
1 0.946875 0.7083333333333334 0.025 0.008333333333333333
1 0.96796875 0.7052083333333333 0.0140625 0.00625
1 0.00390625 0.703125 0.0015625 0.0020833333333333333
1 0.96171875 0.7010416666666667 0.0015625 0.0020833333333333333
1 0.95859375 0.7010416666666667 0.0015625 0.0020833333333333333
1 0.90078125 0.6989583333333333 0.0015625 0.0020833333333333333
1 0.953125 0.6979166666666666 0.00625 0.004166666666666667
1 0.01015625 0.690625 0.0015625 0.0020833333333333333
1 0.91171875 0.6895833333333333 0.0265625 0.004166666666666667
1 0.89609375 0.6864583333333333 0.0015625 0.0020833333333333333
1 0.89296875 0.6864583333333333 0.0015625 0.0020833333333333333
1 0.87421875 0.6864583333333333 0.0015625 0.0020833333333333333
1 0.84609375 0.6822916666666666 0.0015625 0.0020833333333333333
1 0.00390625 0.6791666666666667 0.0015625 0.008333333333333333
1 0.81640625 0.6739583333333333 0.0015625 0.0020833333333333333
1 0.83984375 0.6729166666666667 0.0078125 0.008333333333333333
1 0.85078125 0.6677083333333333 0.0015625 0.0020833333333333333
1 0.77578125 0.6625 0.0015625 0.004166666666666667
1 0.68359375 0.6520833333333333 0.0171875 0.004166666666666667
1 0.72109375 0.646875 0.0015625 0.0020833333333333333
1 0.71796875 0.646875 0.0015625 0.0020833333333333333
1 0.71484375 0.646875 0.0015625 0.0020833333333333333
1 0.71171875 0.646875 0.0015625 0.0020833333333333333
1 0.70859375 0.646875 0.0015625 0.0020833333333333333
1 0.70546875 0.646875 0.0015625 0.0020833333333333333
1 0.67578125 0.646875 0.0015625 0.0020833333333333333
1 0.74453125 0.6395833333333333 0.0078125 0.004166666666666667
1 0.7125 0.6427083333333333 0.025 0.010416666666666666
1 0.68046875 0.6354166666666666 0.0015625 0.004166666666666667
1 0.61953125 0.6239583333333333 0.0015625 0.0020833333333333333
1 0.62890625 0.6197916666666666 0.0046875 0.0020833333333333333
1 0.59296875 0.615625 0.0046875 0.00625
1 0.58046875 0.6083333333333333 0.0078125 0.004166666666666667
1 0.57421875 0.6072916666666667 0.0015625 0.0020833333333333333
1 0.56640625 0.603125 0.0015625 0.0020833333333333333
1 0.5421875 0.5989583333333334 0.009375 0.00625
1 0.84453125 0.6104166666666667 0.0609375 0.04583333333333333
1 0.51796875 0.5760416666666667 0.0015625 0.0020833333333333333
1 0.50703125 0.5697916666666667 0.0109375 0.00625
1 0.48984375 0.5552083333333333 0.0015625 0.0020833333333333333
1 0.4859375 0.5520833333333334 0.003125 0.004166666666666667
1 0.49296875 0.5416666666666666 0.0046875 0.004166666666666667
1 0.43984375 0.525 0.0140625 0.008333333333333333
1 0.1890625 0.515625 0.0125 0.00625
1 0.41953125 0.509375 0.0015625 0.0020833333333333333
1 0.434375 0.5052083333333334 0.003125 0.0020833333333333333
1 0.38359375 0.4822916666666667 0.0015625 0.0020833333333333333
1 0.3953125 0.471875 0.003125 0.00625
1 0.4703125 0.5041666666666667 0.059375 0.075
1 0.38828125 0.46041666666666664 0.0078125 0.0125
1 0.34921875 0.4510416666666667 0.0015625 0.0020833333333333333
1 0.35859375 0.446875 0.0015625 0.0020833333333333333
1 0.353125 0.44479166666666664 0.00625 0.00625
1 0.34609375 0.44375 0.0015625 0.004166666666666667
1 0.36875 0.43645833333333334 0.0125 0.00625
1 0.34453125 0.43645833333333334 0.0015625 0.00625
1 0.38515625 0.44375 0.0109375 0.025
1 0.35234375 0.4322916666666667 0.0015625 0.0020833333333333333
1 0.34453125 0.42604166666666665 0.0015625 0.0020833333333333333
1 0.32421875 0.40729166666666666 0.0015625 0.0020833333333333333
1 0.3140625 0.4 0.003125 0.004166666666666667
1 0.315625 0.3802083333333333 0.003125 0.0020833333333333333
1 0.31015625 0.37604166666666666 0.0015625 0.0020833333333333333
1 0.3421875 0.3927083333333333 0.015625 0.052083333333333336
1 0.29296875 0.365625 0.0015625 0.0020833333333333333
1 0.29609375 0.340625 0.0015625 0.0020833333333333333
1 0.26484375 0.30625 0.0015625 0.004166666666666667
1 0.09921875 0.30520833333333336 0.0015625 0.0020833333333333333
1 0.3125 0.3333333333333333 0.075 0.06666666666666667
1 0.10859375 0.296875 0.0015625 0.0020833333333333333
1 0.09296875 0.3 0.0078125 0.016666666666666666
1 0.25625 0.275 0.00625 0.008333333333333333
1 0.28515625 0.2864583333333333 0.0296875 0.03958333333333333
1 0.253125 0.26145833333333335 0.00625 0.010416666666666666
1 0.24921875 0.25 0.0015625 0.004166666666666667
1 0.08359375 0.23854166666666668 0.0015625 0.0020833333333333333
1 0.24609375 0.228125 0.0015625 0.0020833333333333333
1 0.07109375 0.22708333333333333 0.0015625 0.008333333333333333
1 0.103125 0.221875 0.00625 0.01875
1 0.24296875 0.209375 0.0015625 0.0020833333333333333
1 0.09921875 0.20416666666666666 0.0015625 0.004166666666666667
1 0.24765625 0.18958333333333333 0.0015625 0.004166666666666667
1 0.24609375 0.184375 0.0015625 0.0020833333333333333
1 0.24609375 0.17708333333333334 0.0015625 0.004166666666666667
1 0.23203125 0.165625 0.0015625 0.0020833333333333333
1 0.22578125 0.16354166666666667 0.0015625 0.0020833333333333333
1 0.23203125 0.15625 0.0015625 0.008333333333333333
1 0.08515625 0.14270833333333333 0.0015625 0.0020833333333333333
1 0.23046875 0.14375 0.0015625 0.008333333333333333
1 0.078125 0.18958333333333333 0.0375 0.10416666666666667
1 0.084375 0.1375 0.00625 0.004166666666666667
1 0.2234375 0.13645833333333332 0.003125 0.00625
1 0.21640625 0.13125 0.0046875 0.004166666666666667
1 0.82265625 0.11145833333333334 0.0015625 0.0020833333333333333
1 0.81953125 0.11145833333333334 0.0015625 0.0020833333333333333
1 0.81640625 0.11145833333333334 0.0015625 0.0020833333333333333
1 0.81328125 0.11145833333333334 0.0015625 0.0020833333333333333
1 0.81015625 0.11145833333333334 0.0015625 0.0020833333333333333
1 0.80703125 0.11145833333333334 0.0015625 0.0020833333333333333
1 0.79765625 0.11145833333333334 0.0015625 0.0020833333333333333
1 0.2203125 0.1125 0.003125 0.004166666666666667
1 0.21640625 0.11145833333333334 0.0015625 0.0020833333333333333
1 0.80234375 0.11041666666666666 0.0046875 0.004166666666666667
1 0.79453125 0.10729166666666666 0.0015625 0.0020833333333333333
1 0.20703125 0.10729166666666666 0.0015625 0.0020833333333333333
1 0.13046875 0.10729166666666666 0.0015625 0.0020833333333333333
1 0.1265625 0.10833333333333334 0.003125 0.004166666666666667
1 0.20234375 0.10729166666666666 0.0046875 0.00625
1 0.79609375 0.10104166666666667 0.0015625 0.0020833333333333333
1 0.1921875 0.09479166666666666 0.01875 0.014583333333333334
1 0.115625 0.078125 0.003125 0.0020833333333333333
1 0.16953125 0.07604166666666666 0.0015625 0.0020833333333333333
1 0.16640625 0.07604166666666666 0.0015625 0.0020833333333333333
1 0.16328125 0.07604166666666666 0.0015625 0.0020833333333333333
1 0.16015625 0.07604166666666666 0.0015625 0.0020833333333333333
1 0.15703125 0.07604166666666666 0.0015625 0.0020833333333333333
1 0.15390625 0.07604166666666666 0.0015625 0.0020833333333333333
1 0.12109375 0.07395833333333333 0.0015625 0.0020833333333333333
1 0.12109375 0.08541666666666667 0.1203125 0.0625
1 0.11953125 0.05520833333333333 0.0015625 0.0020833333333333333
1 0.06015625 0.04895833333333333 0.0015625 0.0020833333333333333
1 0.0546875 0.04375 0.009375 0.004166666666666667
1 0.07421875 0.040625 0.0015625 0.0020833333333333333
1 0.9875 0.2 0.025 0.4
1 0.3875 0.00625 0.025 0.0125
1 0.1625 0.020833333333333332 0.325 0.041666666666666664
