1 0.98828125 0.9989583333333333 0.0234375 0.0020833333333333333
1 0.753125 0.9989583333333333 0.00625 0.0020833333333333333
1 0.72421875 0.9989583333333333 0.0015625 0.0020833333333333333
1 0.7375 0.9979166666666667 0.00625 0.004166666666666667
1 0.73203125 0.996875 0.0015625 0.0020833333333333333
1 0.00390625 0.95 0.0078125 0.008333333333333333
1 0.00234375 0.9322916666666666 0.0046875 0.0020833333333333333
1 0.00078125 0.8677083333333333 0.0015625 0.0020833333333333333
1 0.00390625 0.85 0.0015625 0.004166666666666667
1 0.003125 0.7833333333333333 0.003125 0.03333333333333333
1 0.99921875 0.37604166666666666 0.0015625 0.014583333333333334
1 0.99765625 0.29583333333333334 0.0015625 0.058333333333333334
1 0.996875 0.22395833333333334 0.003125 0.022916666666666665
1 0.996875 0.20520833333333333 0.003125 0.00625
1 0.99765625 0.18958333333333333 0.0046875 0.004166666666666667
1 0.99765625 0.16875 0.0046875 0.004166666666666667
1 0.99765625 0.12708333333333333 0.0046875 0.0125
1 0.9953125 0.09375 0.003125 0.0125
1 0.996875 0.08125 0.00625 0.004166666666666667
1 0.01875 0.005208333333333333 0.00625 0.0020833333333333333
1 0.37578125 0.003125 0.0015625 0.0020833333333333333
1 0.21328125 0.003125 0.0015625 0.0020833333333333333
1 0.20390625 0.003125 0.0015625 0.0020833333333333333
1 0.01171875 0.003125 0.0015625 0.0020833333333333333
1 0.52421875 0.0010416666666666667 0.0484375 0.0020833333333333333
1 0.4828125 0.0010416666666666667 0.015625 0.0020833333333333333
1 0.22421875 0.0010416666666666667 0.0015625 0.0020833333333333333
1 0.20078125 0.0020833333333333333 0.0015625 0.004166666666666667
1 0.05 0.0020833333333333333 0.05 0.004166666666666667
