0 0.72109375 0.6104166666666667 0.0234375 0.020833333333333332
0 0.70546875 0.6010416666666667 0.0046875 0.0020833333333333333
0 0.828125 0.5739583333333333 0.003125 0.010416666666666666
0 0.70234375 0.5833333333333334 0.0328125 0.029166666666666667
0 0.89375 0.5677083333333334 0.003125 0.0020833333333333333
0 0.77734375 0.5677083333333334 0.0046875 0.00625
0 0.66328125 0.5635416666666667 0.0078125 0.00625
0 0.65390625 0.5604166666666667 0.0046875 0.004166666666666667
0 0.525 0.509375 0.0125 0.010416666666666666
0 0.51953125 0.503125 0.0078125 0.00625
0 0.5984375 0.525 0.109375 0.058333333333333334
0 0.065625 0.490625 0.003125 0.0020833333333333333
0 0.1390625 0.4895833333333333 0.003125 0.004166666666666667
0 0.46171875 0.48125 0.0734375 0.0375
0 0.4390625 0.46145833333333336 0.003125 0.0020833333333333333
0 0.096875 0.4791666666666667 0.115625 0.0375
0 0.36328125 0.475 0.1453125 0.041666666666666664
0 0.284375 0.4510416666666667 0.009375 0.00625
0 0.26953125 0.44895833333333335 0.0015625 0.0020833333333333333
0 0.8828125 0.4375 0.03125 0.029166666666666667
0 0.48203125 0.41770833333333335 0.0015625 0.0020833333333333333
0 0.61640625 0.2760416666666667 0.0015625 0.0020833333333333333
0 0.60234375 0.271875 0.0046875 0.0020833333333333333
0 0.59765625 0.271875 0.0015625 0.0020833333333333333
0 0.5828125 0.2677083333333333 0.021875 0.00625
0 0.56640625 0.2635416666666667 0.0015625 0.0020833333333333333
0 0.56328125 0.2635416666666667 0.0015625 0.0020833333333333333
0 0.55390625 0.26145833333333335 0.0078125 0.0020833333333333333
0 0.4625 0.409375 0.86875 0.33125
1 0.32265625 0.9916666666666667 0.0015625 0.004166666666666667
1 0.31953125 0.9916666666666667 0.0015625 0.004166666666666667
1 0.31640625 0.9916666666666667 0.0015625 0.004166666666666667
1 0.31328125 0.9916666666666667 0.0015625 0.004166666666666667
1 0.31015625 0.9916666666666667 0.0015625 0.004166666666666667
1 0.30703125 0.9916666666666667 0.0015625 0.004166666666666667
1 0.30390625 0.9916666666666667 0.0015625 0.004166666666666667
1 0.32578125 0.9885416666666667 0.0015625 0.0020833333333333333
1 0.16875 0.95625 0.3375 0.0875
1 0.8625 0.8479166666666667 0.00625 0.004166666666666667
1 0.8984375 0.8427083333333333 0.003125 0.00625
1 0.87734375 0.834375 0.0015625 0.0020833333333333333
1 0.92109375 0.828125 0.0046875 0.00625
1 0.84609375 0.8260416666666667 0.0046875 0.010416666666666666
1 0.8171875 0.8052083333333333 0.015625 0.00625
1 0.80703125 0.803125 0.0015625 0.0020833333333333333
1 0.93984375 0.7989583333333333 0.0015625 0.0020833333333333333
1 0.80234375 0.7979166666666667 0.0015625 0.004166666666666667
1 0.875 0.8083333333333333 0.05 0.058333333333333334
1 0.93984375 0.7677083333333333 0.0015625 0.0020833333333333333
1 0.840625 0.7854166666666667 0.03125 0.0625
1 0.83828125 0.734375 0.0015625 0.0020833333333333333
1 0.875 0.7427083333333333 0.03125 0.022916666666666665
1 0.803125 0.73125 0.01875 0.020833333333333332
1 0.8453125 0.7239583333333334 0.009375 0.022916666666666665
1 0.83125 0.7239583333333334 0.009375 0.022916666666666665
1 0.76875 0.7354166666666667 0.03125 0.05416666666666667
1 0.7703125 0.70625 0.003125 0.008333333333333333
1 0.91328125 0.7302083333333333 0.0453125 0.06041666666666667
1 0.846875 0.6885416666666667 0.009375 0.010416666666666666
1 0.88125 0.6833333333333333 0.0125 0.03333333333333333
1 0.81015625 0.6708333333333333 0.0203125 0.020833333333333332
1 0.703125 0.6447916666666667 0.003125 0.0020833333333333333
1 0.7078125 0.64375 0.003125 0.004166666666666667
1 0.85390625 0.6489583333333333 0.0390625 0.035416666666666666
1 0.69375 0.6354166666666666 0.0125 0.008333333333333333
1 0.68203125 0.6239583333333333 0.0015625 0.0020833333333333333
1 0.78515625 0.625 0.0140625 0.016666666666666666
1 0.85625 0.6208333333333333 0.009375 0.016666666666666666
1 0.99453125 0.6166666666666667 0.0109375 0.03333333333333333
1 0.665625 0.6135416666666667 0.01875 0.027083333333333334
1 0.98515625 0.5979166666666667 0.0046875 0.004166666666666667
1 0.8921875 0.6041666666666666 0.015625 0.016666666666666666
1 0.76796875 0.60625 0.0171875 0.025
1 0.77109375 0.5947916666666667 0.0015625 0.0020833333333333333
1 0.76015625 0.59375 0.0015625 0.004166666666666667
1 0.74765625 0.59375 0.0046875 0.004166666666666667
1 0.76796875 0.5885416666666666 0.0015625 0.0020833333333333333
1 0.76171875 0.5885416666666666 0.0015625 0.0020833333333333333
1 0.76640625 0.584375 0.0015625 0.0020833333333333333
1 0.75078125 0.584375 0.0015625 0.0020833333333333333
1 0.73984375 0.584375 0.0078125 0.010416666666666666
1 0.7625 0.5802083333333333 0.003125 0.00625
1 0.621875 0.5854166666666667 0.025 0.016666666666666666
1 0.73671875 0.5739583333333333 0.0015625 0.00625
1 0.75390625 0.575 0.0046875 0.0125
1 0.53828125 0.565625 0.0015625 0.0020833333333333333
1 0.53203125 0.5645833333333333 0.0078125 0.004166666666666667
1 0.9453125 0.7739583333333333 0.109375 0.45208333333333334
1 0.52734375 0.5458333333333333 0.0171875 0.008333333333333333
1 0.42265625 0.540625 0.0015625 0.0020833333333333333
1 0.41953125 0.540625 0.0015625 0.0020833333333333333
1 0.41640625 0.540625 0.0015625 0.0020833333333333333
1 0.41328125 0.540625 0.0015625 0.0020833333333333333
1 0.41015625 0.540625 0.0015625 0.0020833333333333333
1 0.40703125 0.540625 0.0015625 0.0020833333333333333
1 0.40390625 0.540625 0.0015625 0.0020833333333333333
1 0.91796875 0.5375 0.0078125 0.008333333333333333
1 0.43515625 0.5354166666666667 0.0296875 0.004166666666666667
1 0.39296875 0.5385416666666667 0.0171875 0.010416666666666666
1 0.50390625 0.5395833333333333 0.0234375 0.016666666666666666
1 0.47578125 0.5302083333333333 0.0015625 0.0020833333333333333
1 0.3375 0.53125 0.025 0.004166666666666667
1 0.95 0.5375 0.01875 0.020833333333333332
1 0.7171875 0.5489583333333333 0.06875 0.04375
1 0.25625 0.5302083333333333 0.0625 0.00625
1 0.19765625 0.5197916666666667 0.0015625 0.0020833333333333333
1 0.19453125 0.5197916666666667 0.0015625 0.0020833333333333333
1 0.190625 0.5197916666666667 0.003125 0.0020833333333333333
1 0.18671875 0.5197916666666667 0.0015625 0.0020833333333333333
1 0.3875 0.5239583333333333 0.075 0.01875
1 0.165625 0.5166666666666667 0.034375 0.004166666666666667
1 0.14609375 0.515625 0.0015625 0.0020833333333333333
1 0.14296875 0.515625 0.0015625 0.0020833333333333333
1 0.13984375 0.515625 0.0015625 0.0020833333333333333
1 0.13671875 0.515625 0.0015625 0.0020833333333333333
1 0.13359375 0.515625 0.0015625 0.0020833333333333333
1 0.13046875 0.515625 0.0015625 0.0020833333333333333
1 0.6625 0.51875 0.025 0.0125
1 0.07890625 0.5135416666666667 0.0015625 0.0020833333333333333
1 0.07578125 0.5135416666666667 0.0015625 0.0020833333333333333
1 0.28671875 0.5145833333333333 0.0734375 0.008333333333333333
1 0.1046875 0.5135416666666667 0.046875 0.010416666666666666
1 0.046875 0.509375 0.009375 0.014583333333333334
1 0.92890625 0.5145833333333333 0.0421875 0.029166666666666667
1 0.0375 0.5010416666666667 0.003125 0.0020833333333333333
1 0.9171875 0.49895833333333334 0.003125 0.0020833333333333333
1 0.62734375 0.5 0.0046875 0.008333333333333333
1 0.02421875 0.49270833333333336 0.0015625 0.0020833333333333333
1 0.915625 0.4875 0.003125 0.004166666666666667
1 0.62734375 0.49583333333333335 0.0296875 0.020833333333333332
1 0.9296875 0.490625 0.009375 0.014583333333333334
1 0.909375 0.4739583333333333 0.03125 0.027083333333333334
1 0.01953125 0.4708333333333333 0.0109375 0.020833333333333332
1 0.5609375 0.46458333333333335 0.021875 0.016666666666666666
1 0.09765625 0.4552083333333333 0.0453125 0.00625
1 0.51015625 0.453125 0.0046875 0.00625
1 0.54296875 0.45208333333333334 0.0078125 0.0125
1 0.20859375 0.46041666666666664 0.0609375 0.0375
1 0.3765625 0.434375 0.003125 0.010416666666666666
1 0.359375 0.4322916666666667 0.01875 0.010416666666666666
1 0.35078125 0.428125 0.0015625 0.0020833333333333333
1 0.01328125 0.42291666666666666 0.0015625 0.004166666666666667
1 0.3453125 0.42604166666666665 0.028125 0.01875
1 0.01171875 0.434375 0.0046875 0.03958333333333333
1 0.015625 0.39375 0.0125 0.0125
1 0.01953125 0.384375 0.0015625 0.0020833333333333333
1 0.0015625 0.37604166666666666 0.003125 0.014583333333333334
1 0.0046875 0.35833333333333334 0.009375 0.008333333333333333
1 0.0046875 0.3416666666666667 0.009375 0.008333333333333333
1 0.00859375 0.334375 0.0015625 0.0020833333333333333
1 0.38515625 0.3302083333333333 0.0109375 0.00625
1 0.421875 0.328125 0.003125 0.00625
1 0.42578125 0.31145833333333334 0.0265625 0.022916666666666665
1 0.01953125 0.315625 0.0078125 0.035416666666666666
1 0.02890625 0.28020833333333334 0.0078125 0.010416666666666666
1 0.03359375 0.2677083333333333 0.0015625 0.0020833333333333333
1 0.82421875 0.04479166666666667 0.0015625 0.0020833333333333333
1 0.67578125 0.014583333333333334 0.0015625 0.008333333333333333
1 0.6140625 0.004166666666666667 0.003125 0.004166666666666667
1 0.8609375 0.041666666666666664 0.278125 0.08333333333333333
1 0.70078125 0.010416666666666666 0.0390625 0.020833333333333332
1 0.6359375 0.0020833333333333333 0.009375 0.004166666666666667
1 0.62109375 0.003125 0.0109375 0.00625
1 0.04140625 0.16666666666666666 0.0828125 0.3333333333333333
