0 0.42890625 0.9489583333333333 0.0015625 0.0020833333333333333
0 0.51171875 0.9291666666666667 0.0015625 0.004166666666666667
0 0.43203125 0.896875 0.0078125 0.00625
0 0.43671875 0.8041666666666667 0.0046875 0.004166666666666667
0 0.4375 0.784375 0.003125 0.010416666666666666
0 0.66015625 0.37604166666666666 0.0015625 0.00625
0 0.66171875 0.36770833333333336 0.0015625 0.0020833333333333333
0 0.54296875 0.47708333333333336 0.2296875 0.9541666666666667
1 0.47421875 0.9979166666666667 0.0015625 0.004166666666666667
1 0.4203125 0.9947916666666666 0.003125 0.0020833333333333333
1 0.42734375 0.99375 0.0046875 0.004166666666666667
1 0.3875 0.9947916666666666 0.025 0.010416666666666666
1 0.328125 0.98125 0.003125 0.004166666666666667
1 0.35625 0.9760416666666667 0.00625 0.01875
1 0.3515625 0.9697916666666667 0.003125 0.00625
1 0.46796875 0.9802083333333333 0.0546875 0.03958333333333333
1 0.22109375 0.9614583333333333 0.0015625 0.0020833333333333333
1 0.14921875 0.959375 0.0015625 0.0020833333333333333
1 0.13671875 0.959375 0.0015625 0.0020833333333333333
1 0.12578125 0.959375 0.0015625 0.0020833333333333333
1 0.1109375 0.9583333333333334 0.009375 0.008333333333333333
1 0.384375 0.9677083333333333 0.015625 0.03958333333333333
1 0.34921875 0.934375 0.0015625 0.0020833333333333333
1 0.30078125 0.9322916666666666 0.0015625 0.0020833333333333333
1 0.240625 0.93125 0.003125 0.004166666666666667
1 0.33515625 0.9395833333333333 0.0234375 0.029166666666666667
1 0.24296875 0.9239583333333333 0.0046875 0.00625
1 0.24765625 0.9177083333333333 0.0015625 0.0020833333333333333
1 0.35390625 0.9166666666666666 0.0046875 0.008333333333333333
1 0.0296875 0.9104166666666667 0.003125 0.020833333333333332
1 0.25703125 0.8989583333333333 0.0015625 0.0020833333333333333
1 0.26015625 0.8979166666666667 0.0015625 0.004166666666666667
1 0.271875 0.8947916666666667 0.003125 0.00625
1 0.346875 0.896875 0.00625 0.014583333333333334
1 0.309375 0.9104166666666667 0.01875 0.04583333333333333
1 0.25703125 0.8895833333333333 0.0015625 0.004166666666666667
1 0.2828125 0.8614583333333333 0.003125 0.00625
1 0.284375 0.8541666666666666 0.003125 0.004166666666666667
1 0.29375 0.8458333333333333 0.0125 0.016666666666666666
1 0.29609375 0.834375 0.0015625 0.0020833333333333333
1 0.39609375 0.8197916666666667 0.0015625 0.0020833333333333333
1 0.3890625 0.8208333333333333 0.00625 0.004166666666666667
1 0.40078125 0.815625 0.0046875 0.00625
1 0.38984375 0.8114583333333333 0.0046875 0.00625
1 0.39453125 0.8072916666666666 0.0015625 0.0020833333333333333
1 0.41015625 0.7979166666666667 0.0046875 0.008333333333333333
1 0.40703125 0.7885416666666667 0.0015625 0.0020833333333333333
1 0.42734375 0.7552083333333334 0.0015625 0.0020833333333333333
1 0.4375 0.728125 0.003125 0.00625
1 0.05625 0.7302083333333333 0.00625 0.06458333333333334
1 0.3703125 0.7020833333333333 0.009375 0.0125
1 0.8625 0.6635416666666667 0.003125 0.00625
1 0.38046875 0.6677083333333333 0.0078125 0.01875
1 0.47734375 0.6114583333333333 0.0015625 0.0020833333333333333
1 0.078125 0.6020833333333333 0.003125 0.004166666666666667
1 0.48671875 0.578125 0.0015625 0.0020833333333333333
1 0.42578125 0.5697916666666667 0.0015625 0.0020833333333333333
1 0.41171875 0.56875 0.0078125 0.020833333333333332
1 0.49609375 0.5479166666666667 0.0046875 0.008333333333333333
1 0.50234375 0.5197916666666667 0.0015625 0.0020833333333333333
1 0.5046875 0.5166666666666667 0.00625 0.008333333333333333
1 0.44453125 0.46979166666666666 0.0015625 0.00625
1 0.43203125 0.4625 0.0109375 0.03333333333333333
1 0.10703125 0.37604166666666666 0.0015625 0.0020833333333333333
1 0.45703125 0.353125 0.0015625 0.0020833333333333333
1 0.109375 0.359375 0.003125 0.01875
1 0.4578125 0.3489583333333333 0.003125 0.0020833333333333333
1 0.1109375 0.33958333333333335 0.003125 0.004166666666666667
1 0.6078125 0.3458333333333333 0.015625 0.025
1 0.52734375 0.2708333333333333 0.0046875 0.008333333333333333
1 0.52734375 0.253125 0.0109375 0.010416666666666666
1 0.45 0.290625 0.0125 0.11041666666666666
1 0.1296875 0.23229166666666667 0.003125 0.0020833333333333333
1 0.1296875 0.22291666666666668 0.003125 0.004166666666666667
1 0.4640625 0.215625 0.003125 0.03125
1 0.4640625 0.18645833333333334 0.003125 0.022916666666666665
1 0.46015625 0.15729166666666666 0.0015625 0.0020833333333333333
1 0.9359375 0.15833333333333333 0.003125 0.0125
1 0.4625 0.15104166666666666 0.003125 0.010416666666666666
1 0.46015625 0.13958333333333334 0.0015625 0.004166666666666667
1 0.46015625 0.13229166666666667 0.0015625 0.0020833333333333333
1 0.94453125 0.125 0.0046875 0.016666666666666666
1 0.46328125 0.1125 0.0046875 0.025
1 0.50859375 0.08645833333333333 0.0109375 0.027083333333333334
1 0.92421875 0.04895833333333333 0.0015625 0.0020833333333333333
1 0.90078125 0.04791666666666667 0.0015625 0.004166666666666667
1 0.8625 0.041666666666666664 0.025 0.008333333333333333
1 0.4671875 0.04791666666666667 0.003125 0.03333333333333333
1 0.65625 0.030208333333333334 0.003125 0.00625
1 0.72109375 0.019791666666666666 0.0015625 0.0020833333333333333
1 0.71796875 0.019791666666666666 0.0015625 0.0020833333333333333
1 0.71484375 0.019791666666666666 0.0015625 0.0020833333333333333
1 0.71171875 0.019791666666666666 0.0015625 0.0020833333333333333
1 0.70859375 0.019791666666666666 0.0015625 0.0020833333333333333
1 0.70546875 0.019791666666666666 0.0015625 0.0020833333333333333
1 0.70234375 0.019791666666666666 0.0015625 0.0020833333333333333
1 0.65546875 0.019791666666666666 0.0015625 0.0020833333333333333
1 0.69296875 0.019791666666666666 0.0078125 0.00625
1 0.64296875 0.011458333333333333 0.0015625 0.0020833333333333333
1 0.62421875 0.005208333333333333 0.0015625 0.0020833333333333333
1 0.60078125 0.005208333333333333 0.0015625 0.0020833333333333333
1 0.875 0.5 0.25 1.0
1 0.70078125 0.010416666666666666 0.0515625 0.020833333333333332
1 0.65859375 0.010416666666666666 0.0140625 0.020833333333333332
1 0.46953125 0.004166666666666667 0.0015625 0.008333333333333333
1 0.175 0.5 0.35 1.0
