0 0.10390625 0.5989583333333334 0.0015625 0.0020833333333333333
0 0.13515625 0.5947916666666667 0.0046875 0.0020833333333333333
0 0.39375 0.5177083333333333 0.0125 0.0020833333333333333
0 0.41640625 0.5135416666666667 0.0046875 0.0020833333333333333
0 0.41171875 0.5135416666666667 0.0015625 0.00625
0 0.49921875 0.496875 0.0015625 0.0020833333333333333
0 0.48125 0.49166666666666664 0.0125 0.004166666666666667
0 0.5953125 0.490625 0.009375 0.00625
0 0.90625 0.471875 0.003125 0.0020833333333333333
0 0.5078125 0.42604166666666665 0.003125 0.0020833333333333333
0 0.50078125 0.42604166666666665 0.0015625 0.0020833333333333333
0 0.88515625 0.34791666666666665 0.0109375 0.004166666666666667
0 0.87265625 0.34479166666666666 0.0109375 0.010416666666666666
0 0.85234375 0.3302083333333333 0.0078125 0.00625
0 0.41953125 0.265625 0.0109375 0.0020833333333333333
0 0.44296875 0.2635416666666667 0.0109375 0.0020833333333333333
0 0.43125 0.2635416666666667 0.00625 0.0020833333333333333
0 0.48359375 0.41354166666666664 0.8765625 0.31875
0 0.553125 0.2552083333333333 0.009375 0.0020833333333333333
1 0.925 0.996875 0.003125 0.00625
1 0.92109375 0.9958333333333333 0.0015625 0.004166666666666667
1 0.91796875 0.9958333333333333 0.0015625 0.004166666666666667
1 0.91484375 0.9958333333333333 0.0015625 0.004166666666666667
1 0.91171875 0.9947916666666666 0.0015625 0.0020833333333333333
1 0.90859375 0.9958333333333333 0.0015625 0.004166666666666667
1 0.90546875 0.9958333333333333 0.0015625 0.004166666666666667
1 0.90234375 0.9958333333333333 0.0015625 0.004166666666666667
1 0.89921875 0.9958333333333333 0.0015625 0.004166666666666667
1 0.89609375 0.9958333333333333 0.0015625 0.004166666666666667
1 0.89296875 0.9958333333333333 0.0015625 0.004166666666666667
1 0.88828125 0.996875 0.0046875 0.00625
1 0.88359375 0.9958333333333333 0.0015625 0.004166666666666667
1 0.88046875 0.9958333333333333 0.0015625 0.004166666666666667
1 0.87734375 0.9958333333333333 0.0015625 0.004166666666666667
1 0.87421875 0.9958333333333333 0.0015625 0.004166666666666667
1 0.87109375 0.9958333333333333 0.0015625 0.004166666666666667
1 0.86796875 0.9958333333333333 0.0015625 0.004166666666666667
1 0.86328125 0.996875 0.0046875 0.00625
1 0.85859375 0.9958333333333333 0.0015625 0.004166666666666667
1 0.85546875 0.9958333333333333 0.0015625 0.004166666666666667
1 0.85234375 0.9958333333333333 0.0015625 0.004166666666666667
1 0.00625 0.965625 0.003125 0.0020833333333333333
1 0.003125 0.9 0.00625 0.13333333333333333
1 0.9921875 0.7229166666666667 0.015625 0.0125
1 0.91328125 0.703125 0.0234375 0.03125
1 0.87265625 0.6875 0.0046875 0.004166666666666667
1 0.865625 0.684375 0.00625 0.00625
1 0.86953125 0.6802083333333333 0.0078125 0.00625
1 0.86328125 0.678125 0.0015625 0.0020833333333333333
1 0.85859375 0.6802083333333333 0.0046875 0.00625
1 0.8671875 0.6739583333333333 0.003125 0.0020833333333333333
1 0.85703125 0.6739583333333333 0.0015625 0.0020833333333333333
1 0.8765625 0.6729166666666667 0.003125 0.004166666666666667
1 0.8515625 0.6708333333333333 0.00625 0.008333333333333333
1 0.8359375 0.6427083333333333 0.003125 0.0020833333333333333
1 0.83515625 0.6510416666666666 0.0203125 0.01875
1 0.97578125 0.6375 0.0015625 0.004166666666666667
1 0.8453125 0.6395833333333333 0.009375 0.0125
1 0.08828125 0.6322916666666667 0.0015625 0.0020833333333333333
1 0.13203125 0.6239583333333333 0.0015625 0.0020833333333333333
1 0.82265625 0.621875 0.0015625 0.0020833333333333333
1 0.8 0.6260416666666667 0.0125 0.010416666666666666
1 0.11796875 0.6260416666666667 0.0171875 0.010416666666666666
1 0.0796875 0.6229166666666667 0.021875 0.0125
1 0.84765625 0.615625 0.0015625 0.0020833333333333333
1 0.84453125 0.615625 0.0015625 0.0020833333333333333
1 0.14140625 0.6197916666666666 0.0234375 0.010416666666666666
1 0.18203125 0.6104166666666667 0.0015625 0.004166666666666667
1 0.17890625 0.6104166666666667 0.0015625 0.004166666666666667
1 0.78125 0.6052083333333333 0.0125 0.00625
1 0.19296875 0.6072916666666667 0.0171875 0.010416666666666666
1 0.18515625 0.603125 0.0015625 0.0020833333333333333
1 0.88671875 0.6333333333333333 0.0765625 0.06666666666666667
1 0.7609375 0.5979166666666667 0.021875 0.008333333333333333
1 0.24375 0.6 0.0375 0.0125
1 0.87109375 0.5927083333333333 0.0109375 0.014583333333333334
1 0.29453125 0.5864583333333333 0.0015625 0.0020833333333333333
1 0.05078125 0.5947916666666667 0.0203125 0.027083333333333334
1 0.36640625 0.5802083333333333 0.0015625 0.0020833333333333333
1 0.8453125 0.5833333333333334 0.009375 0.0125
1 0.73515625 0.5885416666666666 0.0484375 0.022916666666666665
1 0.8875 0.5770833333333333 0.021875 0.004166666666666667
1 0.37265625 0.5770833333333333 0.0015625 0.004166666666666667
1 0.3203125 0.584375 0.046875 0.027083333333333334
1 0.03515625 0.575 0.0015625 0.0125
1 0.03828125 0.5739583333333333 0.0015625 0.014583333333333334
1 0.85234375 0.5645833333333333 0.0046875 0.004166666666666667
1 0.846875 0.5625 0.003125 0.004166666666666667
1 0.13046875 0.5635416666666667 0.0109375 0.00625
1 0.51171875 0.5604166666666667 0.0234375 0.004166666666666667
1 0.36640625 0.559375 0.0015625 0.0020833333333333333
1 0.11640625 0.5625 0.0140625 0.008333333333333333
1 0.59375 0.5604166666666667 0.0375 0.008333333333333333
1 0.70390625 0.5635416666666667 0.0453125 0.022916666666666665
1 0.8875 0.5604166666666667 0.021875 0.020833333333333332
1 0.67890625 0.5510416666666667 0.0015625 0.0020833333333333333
1 0.66328125 0.5520833333333334 0.0265625 0.008333333333333333
1 0.9078125 0.5427083333333333 0.003125 0.0020833333333333333
1 0.82890625 0.5489583333333333 0.0265625 0.014583333333333334
1 0.4171875 0.559375 0.115625 0.035416666666666666
1 0.9078125 0.5385416666666667 0.003125 0.0020833333333333333
1 0.9140625 0.5354166666666667 0.003125 0.004166666666666667
1 0.9 0.5364583333333334 0.009375 0.00625
1 0.79296875 0.534375 0.0015625 0.0020833333333333333
1 0.5375 0.5385416666666667 0.075 0.010416666666666666
1 0.02890625 0.5375 0.0015625 0.008333333333333333
1 0.9625 0.6333333333333333 0.075 0.20833333333333334
1 0.78515625 0.528125 0.0015625 0.0020833333333333333
1 0.7890625 0.5291666666666667 0.003125 0.008333333333333333
1 0.0328125 0.528125 0.003125 0.00625
1 0.78203125 0.525 0.0046875 0.004166666666666667
1 0.95703125 0.5270833333333333 0.0328125 0.0125
1 0.909375 0.5270833333333333 0.00625 0.0125
1 0.2296875 0.5395833333333333 0.059375 0.0375
1 0.79765625 0.5177083333333333 0.0015625 0.0020833333333333333
1 0.80078125 0.515625 0.0015625 0.0020833333333333333
1 0.91796875 0.5114583333333333 0.0109375 0.01875
1 0.7796875 0.5125 0.034375 0.025
1 0.76640625 0.49895833333333334 0.0046875 0.0020833333333333333
1 0.74609375 0.5020833333333333 0.0171875 0.008333333333333333
1 0.93671875 0.5 0.0265625 0.025
1 0.72109375 0.4864583333333333 0.0828125 0.022916666666666665
1 0.371875 0.47604166666666664 0.00625 0.010416666666666666
1 0.9984375 0.48333333333333334 0.003125 0.029166666666666667
1 0.38359375 0.475 0.0078125 0.0125
1 0.95234375 0.46875 0.0015625 0.004166666666666667
1 0.37421875 0.46770833333333334 0.0015625 0.0020833333333333333
1 0.36484375 0.46770833333333334 0.0046875 0.0020833333333333333
1 0.35078125 0.47604166666666664 0.0109375 0.01875
1 0.65390625 0.46875 0.0296875 0.008333333333333333
1 0.65390625 0.4635416666666667 0.0015625 0.0020833333333333333
1 0.5921875 0.4635416666666667 0.00625 0.0020833333333333333
1 0.97421875 0.46145833333333336 0.0015625 0.0020833333333333333
1 0.6453125 0.46145833333333336 0.009375 0.0020833333333333333
1 0.36171875 0.4625 0.0078125 0.004166666666666667
1 0.3609375 0.45729166666666665 0.00625 0.0020833333333333333
1 0.5875 0.45208333333333334 0.015625 0.0125
1 0.99453125 0.44895833333333335 0.0109375 0.010416666666666666
1 0.5625 0.446875 0.025 0.01875
1 0.94609375 0.434375 0.0015625 0.0020833333333333333
1 0.9703125 0.4270833333333333 0.00625 0.004166666666666667
1 0.9703125 0.42291666666666666 0.040625 0.03333333333333333
1 0.94609375 0.40729166666666666 0.0015625 0.0020833333333333333
1 0.92578125 0.37395833333333334 0.0015625 0.0020833333333333333
1 0.36484375 0.371875 0.0046875 0.010416666666666666
1 0.92109375 0.3614583333333333 0.0015625 0.0020833333333333333
1 0.91640625 0.35833333333333334 0.0046875 0.004166666666666667
1 0.9234375 0.39375 0.05625 0.07916666666666666
1 0.40390625 0.340625 0.0265625 0.022916666666666665
1 0.86328125 0.32395833333333335 0.0015625 0.0020833333333333333
1 0.24140625 0.31354166666666666 0.0015625 0.0020833333333333333
1 0.24765625 0.31145833333333334 0.0015625 0.0020833333333333333
1 0.37890625 0.271875 0.0015625 0.0020833333333333333
1 0.9984375 0.11666666666666667 0.003125 0.03333333333333333
1 0.9984375 0.03333333333333333 0.003125 0.004166666666666667
1 0.08984375 0.005208333333333333 0.0015625 0.0020833333333333333
1 0.17109375 0.003125 0.0015625 0.0020833333333333333
1 0.16796875 0.003125 0.0015625 0.0020833333333333333
1 0.16484375 0.003125 0.0015625 0.0020833333333333333
1 0.16171875 0.003125 0.0015625 0.0020833333333333333
1 0.15859375 0.003125 0.0015625 0.0020833333333333333
1 0.15546875 0.003125 0.0015625 0.0020833333333333333
1 0.15234375 0.003125 0.0015625 0.0020833333333333333
1 0.12109375 0.004166666666666667 0.0015625 0.004166666666666667
1 0.11796875 0.004166666666666667 0.0015625 0.004166666666666667
1 0.11484375 0.004166666666666667 0.0015625 0.004166666666666667
1 0.10234375 0.004166666666666667 0.0015625 0.004166666666666667
1 0.09921875 0.004166666666666667 0.0015625 0.004166666666666667
1 0.09609375 0.004166666666666667 0.0015625 0.004166666666666667
1 0.08359375 0.004166666666666667 0.0015625 0.004166666666666667
1 0.08046875 0.004166666666666667 0.0015625 0.004166666666666667
1 0.075 0.004166666666666667 0.00625 0.004166666666666667
1 0.06953125 0.003125 0.0015625 0.0020833333333333333
1 0.06640625 0.003125 0.0015625 0.0020833333333333333
1 0.06328125 0.003125 0.0015625 0.0020833333333333333
1 0.18671875 0.0020833333333333333 0.0265625 0.004166666666666667
1 0.13671875 0.003125 0.0265625 0.00625
1 0.10859375 0.003125 0.0078125 0.00625
1 0.08984375 0.003125 0.0078125 0.00625
1 0.02578125 0.003125 0.0515625 0.00625
