0 0.38046875 0.975 0.0015625 0.004166666666666667
0 0.27421875 0.928125 0.0015625 0.0020833333333333333
0 0.31953125 0.8739583333333333 0.0046875 0.0020833333333333333
0 0.34453125 0.7989583333333333 0.0078125 0.00625
0 0.35625 0.7916666666666666 0.003125 0.004166666666666667
0 0.3484375 0.7895833333333333 0.003125 0.008333333333333333
0 0.70703125 0.7572916666666667 0.0015625 0.0020833333333333333
0 0.70546875 0.753125 0.0015625 0.0020833333333333333
0 0.69921875 0.8197916666666667 0.0609375 0.20625
0 0.73046875 0.7125 0.0015625 0.004166666666666667
0 0.73203125 0.7 0.0015625 0.004166666666666667
0 0.73359375 0.69375 0.0015625 0.004166666666666667
0 0.73515625 0.6864583333333333 0.0015625 0.0020833333333333333
0 0.37421875 0.6760416666666667 0.0015625 0.0020833333333333333
0 0.3921875 0.6760416666666667 0.00625 0.010416666666666666
0 0.38046875 0.6645833333333333 0.0046875 0.004166666666666667
0 0.39296875 0.6625 0.0171875 0.0125
0 0.40078125 0.653125 0.0015625 0.0020833333333333333
0 0.74140625 0.6291666666666667 0.0015625 0.008333333333333333
0 0.509375 0.55 0.009375 0.008333333333333333
0 0.4140625 0.5260416666666666 0.003125 0.00625
0 0.41640625 0.5052083333333334 0.0078125 0.010416666666666666
0 0.43359375 0.49375 0.0015625 0.004166666666666667
0 0.4265625 0.49375 0.009375 0.020833333333333332
0 0.49296875 0.484375 0.0046875 0.00625
0 0.403125 0.3854166666666667 0.01875 0.0375
0 0.3984375 0.35625 0.003125 0.004166666666666667
0 0.37578125 0.315625 0.0015625 0.0020833333333333333
0 0.3765625 0.28229166666666666 0.003125 0.0020833333333333333
0 0.72578125 0.271875 0.0015625 0.0020833333333333333
0 0.3828125 0.275 0.003125 0.016666666666666666
0 0.37265625 0.25625 0.0078125 0.016666666666666666
0 0.70390625 0.115625 0.0015625 0.0020833333333333333
0 0.60859375 0.115625 0.0015625 0.0020833333333333333
0 0.38125 0.027083333333333334 0.00625 0.004166666666666667
0 0.37734375 0.013541666666666667 0.0140625 0.014583333333333334
0 0.55703125 0.5 0.3984375 1.0
0 0.37265625 0.0020833333333333333 0.0046875 0.004166666666666667
1 0.38359375 0.9989583333333333 0.0015625 0.0020833333333333333
1 0.36171875 0.996875 0.0015625 0.0020833333333333333
1 0.27578125 0.9979166666666667 0.0015625 0.004166666666666667
1 0.35546875 0.9947916666666666 0.0015625 0.0020833333333333333
1 0.2609375 0.996875 0.003125 0.00625
1 0.228125 0.9958333333333333 0.009375 0.004166666666666667
1 0.22109375 0.9958333333333333 0.0015625 0.004166666666666667
1 0.328125 0.9927083333333333 0.00625 0.0020833333333333333
1 0.27578125 0.9927083333333333 0.0015625 0.0020833333333333333
1 0.24140625 0.9927083333333333 0.0015625 0.0020833333333333333
1 0.23828125 0.9927083333333333 0.0015625 0.0020833333333333333
1 0.2125 0.99375 0.003125 0.004166666666666667
1 0.29140625 0.9916666666666667 0.0015625 0.004166666666666667
1 0.20625 0.9916666666666667 0.00625 0.004166666666666667
1 0.2 0.9916666666666667 0.003125 0.004166666666666667
1 0.19609375 0.9916666666666667 0.0015625 0.004166666666666667
1 0.19296875 0.9916666666666667 0.0015625 0.004166666666666667
1 0.18984375 0.9916666666666667 0.0015625 0.004166666666666667
1 0.18671875 0.9916666666666667 0.0015625 0.004166666666666667
1 0.18359375 0.9916666666666667 0.0015625 0.004166666666666667
1 0.18046875 0.9916666666666667 0.0015625 0.004166666666666667
1 0.17734375 0.9916666666666667 0.0015625 0.004166666666666667
1 0.33046875 0.984375 0.0046875 0.0020833333333333333
1 0.2453125 0.984375 0.00625 0.0020833333333333333
1 0.31015625 0.9833333333333333 0.0015625 0.004166666666666667
1 0.2359375 0.9822916666666667 0.00625 0.0020833333333333333
1 0.21015625 0.9802083333333333 0.0015625 0.0020833333333333333
1 0.17578125 0.978125 0.0015625 0.0020833333333333333
1 0.19765625 0.9770833333333333 0.0015625 0.004166666666666667
1 0.19453125 0.9770833333333333 0.0015625 0.004166666666666667
1 0.19140625 0.9770833333333333 0.0015625 0.004166666666666667
1 0.18828125 0.9770833333333333 0.0015625 0.004166666666666667
1 0.18515625 0.9770833333333333 0.0015625 0.004166666666666667
1 0.18203125 0.9770833333333333 0.0015625 0.004166666666666667
1 0.17890625 0.9770833333333333 0.0015625 0.004166666666666667
1 0.29296875 0.9739583333333334 0.0015625 0.0020833333333333333
1 0.17265625 0.975 0.0015625 0.004166666666666667
1 0.16953125 0.975 0.0015625 0.004166666666666667
1 0.16640625 0.975 0.0015625 0.004166666666666667
1 0.16328125 0.975 0.0015625 0.004166666666666667
1 0.16015625 0.975 0.0015625 0.004166666666666667
1 0.15703125 0.975 0.0015625 0.004166666666666667
1 0.15390625 0.975 0.0015625 0.004166666666666667
1 0.1984375 0.9708333333333333 0.003125 0.004166666666666667
1 0.19453125 0.9708333333333333 0.0015625 0.004166666666666667
1 0.1734375 0.9666666666666667 0.00625 0.004166666666666667
1 0.15703125 0.965625 0.0015625 0.0020833333333333333
1 0.33671875 0.9614583333333333 0.0015625 0.0020833333333333333
1 0.1640625 0.9635416666666666 0.009375 0.00625
1 0.07734375 0.9791666666666666 0.1546875 0.041666666666666664
1 0.31640625 0.9552083333333333 0.0015625 0.0020833333333333333
1 0.31953125 0.9510416666666667 0.0015625 0.0020833333333333333
1 0.3234375 0.9666666666666667 0.021875 0.0375
1 0.325 0.9447916666666667 0.003125 0.0020833333333333333
1 0.9703125 0.934375 0.003125 0.0020833333333333333
1 0.34375 0.9395833333333333 0.0125 0.0375
1 0.34140625 0.9197916666666667 0.0015625 0.0020833333333333333
1 0.35390625 0.9177083333333333 0.0015625 0.0020833333333333333
1 0.2984375 0.9520833333333333 0.05 0.07083333333333333
1 0.2 0.91875 0.003125 0.008333333333333333
1 0.18125 0.934375 0.03125 0.03958333333333333
1 0.22109375 0.9083333333333333 0.0296875 0.03333333333333333
1 0.24765625 0.871875 0.0015625 0.00625
1 0.25390625 0.865625 0.0015625 0.0020833333333333333
1 0.26171875 0.8427083333333333 0.0015625 0.0020833333333333333
1 0.22265625 0.859375 0.0203125 0.03958333333333333
1 0.35703125 0.8791666666666667 0.0671875 0.08333333333333333
1 0.2390625 0.834375 0.00625 0.01875
1 0.39296875 0.8260416666666667 0.0171875 0.01875
1 0.26015625 0.8291666666666667 0.0171875 0.029166666666666667
1 0.9828125 0.9 0.034375 0.2
1 0.24140625 0.8052083333333333 0.0078125 0.010416666666666666
1 0.25078125 0.790625 0.0015625 0.0020833333333333333
1 0.9953125 0.7666666666666667 0.009375 0.004166666666666667
1 0.29765625 0.7552083333333334 0.0078125 0.010416666666666666
1 0.4078125 0.7791666666666667 0.0375 0.06666666666666667
1 0.42265625 0.7260416666666667 0.0015625 0.0020833333333333333
1 0.29453125 0.75 0.0296875 0.058333333333333334
1 0.434375 0.7322916666666667 0.009375 0.035416666666666666
1 0.3109375 0.7104166666666667 0.003125 0.004166666666666667
1 0.43828125 0.7072916666666667 0.0015625 0.00625
1 0.43515625 0.703125 0.0015625 0.0020833333333333333
1 0.4296875 0.7072916666666667 0.003125 0.010416666666666666
1 0.99375 0.7166666666666667 0.003125 0.03333333333333333
1 0.99921875 0.6989583333333333 0.0015625 0.0020833333333333333
1 0.42890625 0.6885416666666667 0.0015625 0.0020833333333333333
1 0.42578125 0.6885416666666667 0.0015625 0.0020833333333333333
1 0.428125 0.684375 0.003125 0.0020833333333333333
1 0.44140625 0.6760416666666667 0.0015625 0.0020833333333333333
1 0.46640625 0.6625 0.0015625 0.004166666666666667
1 0.9984375 0.659375 0.003125 0.010416666666666666
1 0.99375 0.6583333333333333 0.003125 0.0125
1 0.32421875 0.6520833333333333 0.0109375 0.0375
1 0.45546875 0.65625 0.0359375 0.08333333333333333
1 0.28046875 0.6947916666666667 0.0609375 0.17291666666666666
1 0.33515625 0.5833333333333334 0.0015625 0.029166666666666667
1 0.35234375 0.5552083333333333 0.0015625 0.0020833333333333333
1 0.4609375 0.5645833333333333 0.015625 0.041666666666666664
1 0.31171875 0.5520833333333334 0.0234375 0.1
1 0.65234375 0.42291666666666666 0.0328125 0.05
1 0.62109375 0.425 0.0234375 0.05416666666666667
1 0.0046875 0.40729166666666666 0.009375 0.01875
1 0.671875 0.39791666666666664 0.003125 0.004166666666666667
1 0.33828125 0.49270833333333336 0.0390625 0.2520833333333333
1 0.32890625 0.36041666666666666 0.0078125 0.0125
1 0.60390625 0.346875 0.0015625 0.0020833333333333333
1 0.615625 0.3541666666666667 0.01875 0.025
1 0.47890625 0.3385416666666667 0.0015625 0.0020833333333333333
1 0.46640625 0.334375 0.0015625 0.0020833333333333333
1 0.46171875 0.334375 0.0015625 0.0020833333333333333
1 0.34609375 0.3375 0.0046875 0.008333333333333333
1 0.00390625 0.36666666666666664 0.0078125 0.06666666666666667
1 0.35390625 0.32916666666666666 0.0015625 0.004166666666666667
1 0.35078125 0.328125 0.0015625 0.00625
1 0.74453125 0.36041666666666666 0.0171875 0.08333333333333333
1 0.35390625 0.32083333333333336 0.0015625 0.004166666666666667
1 0.65859375 0.309375 0.0140625 0.01875
1 0.35234375 0.2947916666666667 0.0015625 0.0020833333333333333
1 0.47734375 0.33125 0.0578125 0.09583333333333334
1 0.315625 0.27291666666666664 0.00625 0.0125
1 0.0046875 0.2833333333333333 0.009375 0.03333333333333333
1 0.73515625 0.24895833333333334 0.0015625 0.0020833333333333333
1 0.62890625 0.24791666666666667 0.0078125 0.008333333333333333
1 0.64453125 0.24791666666666667 0.0140625 0.0125
1 0.73359375 0.23958333333333334 0.0015625 0.008333333333333333
1 0.7234375 0.19895833333333332 0.0125 0.03958333333333333
1 0.32578125 0.17291666666666666 0.0015625 0.008333333333333333
1 0.71484375 0.13229166666666667 0.0015625 0.0020833333333333333
1 0.02890625 0.13229166666666667 0.0015625 0.0020833333333333333
1 0.71328125 0.128125 0.0015625 0.0020833333333333333
1 0.30859375 0.115625 0.0015625 0.0020833333333333333
1 0.32578125 0.20520833333333333 0.0484375 0.19791666666666666
1 0.37265625 0.08333333333333333 0.0015625 0.008333333333333333
1 0.31640625 0.08333333333333333 0.0015625 0.029166666666666667
1 0.40390625 0.12083333333333333 0.0578125 0.1125
1 0.96796875 0.042708333333333334 0.0015625 0.0020833333333333333
1 0.96484375 0.042708333333333334 0.0015625 0.0020833333333333333
1 0.96015625 0.040625 0.0015625 0.0020833333333333333
1 0.69296875 0.04791666666666667 0.0109375 0.025
1 0.31328125 0.06666666666666667 0.0015625 0.0625
1 0.68671875 0.03229166666666667 0.0015625 0.0020833333333333333
1 0.32265625 0.03229166666666667 0.0015625 0.0020833333333333333
1 0.82109375 0.023958333333333335 0.0015625 0.0020833333333333333
1 0.81796875 0.023958333333333335 0.0015625 0.0020833333333333333
1 0.81484375 0.023958333333333335 0.0015625 0.0020833333333333333
1 0.81171875 0.023958333333333335 0.0015625 0.0020833333333333333
1 0.80859375 0.023958333333333335 0.0015625 0.0020833333333333333
1 0.80546875 0.023958333333333335 0.0015625 0.0020833333333333333
1 0.80234375 0.023958333333333335 0.0015625 0.0020833333333333333
1 0.79921875 0.023958333333333335 0.0015625 0.0020833333333333333
1 0.3203125 0.026041666666666668 0.003125 0.00625
1 0.8296875 0.021875 0.025 0.00625
1 0.809375 0.019791666666666666 0.003125 0.0020833333333333333
1 0.79609375 0.020833333333333332 0.0015625 0.004166666666666667
1 0.79296875 0.020833333333333332 0.0015625 0.004166666666666667
1 0.78984375 0.020833333333333332 0.0015625 0.004166666666666667
1 0.78671875 0.020833333333333332 0.0015625 0.004166666666666667
1 0.68671875 0.019791666666666666 0.0046875 0.0020833333333333333
1 0.81328125 0.017708333333333333 0.0015625 0.0020833333333333333
1 0.32265625 0.015625 0.0015625 0.0020833333333333333
1 0.684375 0.014583333333333334 0.003125 0.004166666666666667
1 0.67421875 0.011458333333333333 0.0015625 0.0020833333333333333
1 0.82109375 0.009375 0.0015625 0.0020833333333333333
1 0.81796875 0.009375 0.0015625 0.0020833333333333333
1 0.81484375 0.009375 0.0015625 0.0020833333333333333
1 0.81171875 0.009375 0.0015625 0.0020833333333333333
1 0.80859375 0.009375 0.0015625 0.0020833333333333333
1 0.80546875 0.009375 0.0015625 0.0020833333333333333
1 0.80234375 0.009375 0.0015625 0.0020833333333333333
1 0.6796875 0.010416666666666666 0.003125 0.004166666666666667
1 0.30546875 0.009375 0.0015625 0.0020833333333333333
1 0.640625 0.005208333333333333 0.003125 0.0020833333333333333
1 0.61875 0.005208333333333333 0.003125 0.0020833333333333333
1 0.6078125 0.005208333333333333 0.003125 0.0020833333333333333
1 0.6953125 0.004166666666666667 0.003125 0.004166666666666667
1 0.63046875 0.003125 0.0015625 0.0020833333333333333
1 0.58671875 0.003125 0.0015625 0.0020833333333333333
1 0.91171875 0.020833333333333332 0.1765625 0.041666666666666664
1 0.740625 0.011458333333333333 0.0875 0.022916666666666665
1 0.6546875 0.004166666666666667 0.009375 0.008333333333333333
1 0.62734375 0.0010416666666666667 0.0015625 0.0020833333333333333
1 0.3140625 0.016666666666666666 0.015625 0.03333333333333333
1 0.0171875 0.11770833333333333 0.034375 0.23541666666666666
