0 0.25234375 0.8760416666666667 0.0015625 0.0020833333333333333
0 0.24296875 0.8760416666666667 0.0015625 0.0020833333333333333
0 0.33984375 0.8697916666666666 0.0015625 0.0020833333333333333
0 0.33671875 0.8697916666666666 0.0015625 0.0020833333333333333
0 0.3296875 0.8708333333333333 0.009375 0.004166666666666667
0 0.1890625 0.8708333333333333 0.01875 0.008333333333333333
0 0.30703125 0.8697916666666666 0.0296875 0.010416666666666666
0 0.17578125 0.865625 0.0015625 0.0020833333333333333
0 0.38359375 0.8635416666666667 0.0328125 0.01875
0 0.42109375 0.85 0.0046875 0.004166666666666667
0 0.40859375 0.85 0.0171875 0.008333333333333333
0 0.428125 0.8447916666666667 0.00625 0.00625
0 0.14453125 0.828125 0.0140625 0.010416666666666666
0 0.121875 0.821875 0.00625 0.0020833333333333333
0 0.234375 0.796875 0.003125 0.0020833333333333333
0 0.45390625 0.7916666666666666 0.0046875 0.004166666666666667
0 0.42421875 0.784375 0.0015625 0.0020833333333333333
0 0.19921875 0.7864583333333334 0.0328125 0.014583333333333334
0 0.42109375 0.771875 0.0015625 0.0020833333333333333
0 0.3765625 0.753125 0.003125 0.0020833333333333333
0 0.2953125 0.7583333333333333 0.015625 0.016666666666666666
0 0.52109375 0.7385416666666667 0.0015625 0.0020833333333333333
0 0.11484375 0.7177083333333333 0.0015625 0.0020833333333333333
0 0.11953125 0.7145833333333333 0.0046875 0.004166666666666667
0 0.15234375 0.6927083333333334 0.0015625 0.0020833333333333333
0 0.1984375 0.6697916666666667 0.003125 0.0020833333333333333
0 0.52109375 0.6552083333333333 0.0015625 0.0020833333333333333
0 0.253125 0.66875 0.065625 0.041666666666666664
0 0.48046875 0.640625 0.0015625 0.0020833333333333333
0 0.63828125 0.6177083333333333 0.0015625 0.0020833333333333333
0 0.45234375 0.6041666666666666 0.0046875 0.004166666666666667
0 0.40390625 0.5979166666666667 0.0046875 0.004166666666666667
0 0.41953125 0.5989583333333334 0.0234375 0.014583333333333334
0 0.68203125 0.5760416666666667 0.0015625 0.0020833333333333333
0 0.71796875 0.5697916666666667 0.0015625 0.0020833333333333333
0 0.7125 0.5833333333333334 0.009375 0.029166666666666667
0 0.71796875 0.565625 0.0015625 0.0020833333333333333
0 0.3046875 0.6854166666666667 0.471875 0.26666666666666666
0 0.4421875 0.5604166666666667 0.034375 0.025
0 0.72265625 0.546875 0.0109375 0.027083333333333334
0 0.55234375 0.5375 0.0015625 0.008333333333333333
0 0.4296875 0.5270833333333333 0.01875 0.025
0 0.58046875 0.5052083333333334 0.0109375 0.010416666666666666
0 0.64609375 0.43854166666666666 0.0046875 0.00625
0 0.65546875 0.44166666666666665 0.0078125 0.016666666666666666
0 0.52890625 0.47708333333333336 0.1234375 0.12083333333333333
0 0.66484375 0.40520833333333334 0.0015625 0.010416666666666666
0 0.59765625 0.36875 0.0046875 0.008333333333333333
0 0.62578125 0.3958333333333333 0.1015625 0.125
0 0.56484375 0.33645833333333336 0.0203125 0.01875
0 0.59140625 0.3145833333333333 0.0171875 0.0125
0 0.6609375 0.30416666666666664 0.003125 0.008333333333333333
0 0.51328125 0.31979166666666664 0.0234375 0.07291666666666667
0 0.68125 0.28958333333333336 0.009375 0.020833333333333332
0 0.67265625 0.26979166666666665 0.0015625 0.0020833333333333333
0 0.6625 0.2760416666666667 0.009375 0.01875
0 0.67578125 0.24895833333333334 0.0015625 0.00625
0 0.65078125 0.24479166666666666 0.0203125 0.01875
0 0.5078125 0.23333333333333334 0.025 0.025
0 0.66328125 0.190625 0.0015625 0.0020833333333333333
0 0.65390625 0.17604166666666668 0.0140625 0.027083333333333334
0 0.53359375 0.17083333333333334 0.0140625 0.025
0 0.6390625 0.16145833333333334 0.00625 0.010416666666666666
0 0.440625 0.5041666666666667 0.571875 0.7583333333333333
1 0.5140625 0.9989583333333333 0.003125 0.0020833333333333333
1 0.48203125 0.99375 0.0046875 0.004166666666666667
1 0.4671875 0.9885416666666667 0.00625 0.00625
1 0.5 0.9854166666666667 0.003125 0.008333333333333333
1 0.48828125 0.984375 0.0046875 0.00625
1 0.7453125 0.9854166666666667 0.009375 0.0125
1 0.54765625 0.9770833333333333 0.0046875 0.004166666666666667
1 0.50078125 0.9760416666666667 0.0015625 0.0020833333333333333
1 0.478125 0.9791666666666666 0.009375 0.008333333333333333
1 0.5078125 0.9708333333333333 0.00625 0.008333333333333333
1 0.4953125 0.9729166666666667 0.015625 0.0125
1 0.47734375 0.9677083333333333 0.0078125 0.0020833333333333333
1 0.46875 0.971875 0.00625 0.010416666666666666
1 0.45703125 0.9739583333333334 0.0140625 0.014583333333333334
1 0.54921875 0.9645833333333333 0.0015625 0.008333333333333333
1 0.28359375 0.9614583333333333 0.0046875 0.0020833333333333333
1 0.25703125 0.9614583333333333 0.0046875 0.0020833333333333333
1 0.7375 0.9625 0.03125 0.008333333333333333
1 0.275 0.959375 0.00625 0.0020833333333333333
1 0.76484375 0.9614583333333333 0.0203125 0.010416666666666666
1 0.26796875 0.9572916666666667 0.0046875 0.0020833333333333333
1 0.2421875 0.959375 0.01875 0.00625
1 0.2609375 0.9552083333333333 0.003125 0.0020833333333333333
1 0.5265625 0.9697916666666667 0.028125 0.035416666666666666
1 0.37578125 0.9552083333333333 0.0015625 0.00625
1 0.2515625 0.953125 0.003125 0.0020833333333333333
1 0.2421875 0.9510416666666667 0.003125 0.0020833333333333333
1 0.2328125 0.9489583333333333 0.003125 0.0020833333333333333
1 0.2234375 0.946875 0.003125 0.0020833333333333333
1 0.3640625 0.9489583333333333 0.003125 0.010416666666666666
1 0.3234375 0.9385416666666667 0.003125 0.0020833333333333333
1 0.1828125 0.9364583333333333 0.003125 0.0020833333333333333
1 0.165625 0.9322916666666666 0.00625 0.0020833333333333333
1 0.78671875 0.9302083333333333 0.0015625 0.0020833333333333333
1 0.4859375 0.93125 0.003125 0.004166666666666667
1 0.4609375 0.93125 0.003125 0.004166666666666667
1 0.33671875 0.9302083333333333 0.0015625 0.0020833333333333333
1 0.1578125 0.9302083333333333 0.00625 0.0020833333333333333
1 0.78046875 0.928125 0.0015625 0.0020833333333333333
1 0.471875 0.9291666666666667 0.003125 0.004166666666666667
1 0.3984375 0.928125 0.003125 0.00625
1 0.49453125 0.9239583333333333 0.0015625 0.0020833333333333333
1 0.37578125 0.9239583333333333 0.0015625 0.0020833333333333333
1 0.1421875 0.9260416666666667 0.01875 0.00625
1 0.5125 0.9208333333333333 0.00625 0.004166666666666667
1 0.12734375 0.9208333333333333 0.0046875 0.004166666666666667
1 0.5 0.9197916666666667 0.003125 0.00625
1 0.47265625 0.9197916666666667 0.0078125 0.00625
1 0.3875 0.91875 0.00625 0.004166666666666667
1 0.36484375 0.9197916666666667 0.0109375 0.00625
1 0.48671875 0.915625 0.0015625 0.0020833333333333333
1 0.4625 0.9145833333333333 0.00625 0.004166666666666667
1 0.3734375 0.909375 0.003125 0.0020833333333333333
1 0.3890625 0.909375 0.003125 0.00625
1 0.7828125 0.9114583333333334 0.01875 0.014583333333333334
1 0.14765625 0.903125 0.0015625 0.0020833333333333333
1 0.75390625 0.9010416666666666 0.0015625 0.0020833333333333333
1 0.75 0.9 0.003125 0.004166666666666667
1 0.44609375 0.8989583333333333 0.0015625 0.0020833333333333333
1 0.07265625 0.8989583333333333 0.0015625 0.0020833333333333333
1 0.06953125 0.8989583333333333 0.0015625 0.0020833333333333333
1 0.06640625 0.8989583333333333 0.0015625 0.0020833333333333333
1 0.06328125 0.8989583333333333 0.0015625 0.0020833333333333333
1 0.06015625 0.8989583333333333 0.0015625 0.0020833333333333333
1 0.05703125 0.8989583333333333 0.0015625 0.0020833333333333333
1 0.05390625 0.8989583333333333 0.0015625 0.0020833333333333333
1 0.42734375 0.8979166666666667 0.0046875 0.004166666666666667
1 0.1375 0.9072916666666667 0.025 0.022916666666666665
1 0.803125 0.8947916666666667 0.003125 0.0020833333333333333
1 0.15703125 0.8947916666666667 0.0015625 0.0020833333333333333
1 0.48671875 0.8927083333333333 0.0015625 0.0020833333333333333
1 0.41640625 0.89375 0.0015625 0.004166666666666667
1 0.78359375 0.8916666666666667 0.0015625 0.004166666666666667
1 0.42109375 0.8916666666666667 0.0046875 0.004166666666666667
1 0.4890625 0.8885416666666667 0.003125 0.0020833333333333333
1 0.2125 0.94375 0.425 0.1125
1 0.17109375 0.8864583333333333 0.0015625 0.0020833333333333333
1 0.0109375 0.8864583333333333 0.009375 0.0020833333333333333
1 0.77734375 0.8854166666666666 0.0046875 0.004166666666666667
1 0.15859375 0.8854166666666666 0.0046875 0.004166666666666667
1 0.00390625 0.8864583333333333 0.0015625 0.00625
1 0.00078125 0.8864583333333333 0.0015625 0.00625
1 0.17734375 0.8822916666666667 0.0015625 0.0020833333333333333
1 0.01015625 0.8822916666666667 0.0015625 0.0020833333333333333
1 0.00703125 0.8822916666666667 0.0015625 0.0020833333333333333
1 0.45859375 0.8833333333333333 0.0078125 0.008333333333333333
1 0.79375 0.878125 0.00625 0.00625
1 0.4375 0.8822916666666667 0.025 0.035416666666666666
1 0.39921875 0.8833333333333333 0.0421875 0.0375
1 0.13203125 0.865625 0.0015625 0.0020833333333333333
1 0.03046875 0.86875 0.0078125 0.008333333333333333
1 0.66328125 0.8614583333333333 0.0046875 0.0020833333333333333
1 0.1453125 0.86875 0.021875 0.016666666666666666
1 0.7125 0.8614583333333333 0.01875 0.014583333333333334
1 0.65390625 0.8604166666666667 0.0078125 0.0125
1 0.4609375 0.8541666666666666 0.003125 0.004166666666666667
1 0.75078125 0.8489583333333334 0.0015625 0.0020833333333333333
1 0.51328125 0.8489583333333334 0.0015625 0.0020833333333333333
1 0.02578125 0.85 0.0015625 0.004166666666666667
1 0.01640625 0.8489583333333334 0.0015625 0.0020833333333333333
1 0.68359375 0.85625 0.0296875 0.020833333333333332
1 0.49453125 0.8447916666666667 0.0015625 0.0020833333333333333
1 0.48203125 0.8458333333333333 0.0015625 0.004166666666666667
1 0.1296875 0.8458333333333333 0.009375 0.008333333333333333
1 0.48125 0.8385416666666666 0.00625 0.00625
1 0.50078125 0.834375 0.0015625 0.0020833333333333333
1 0.10546875 0.8364583333333333 0.0140625 0.010416666666666666
1 0.0953125 0.8322916666666667 0.003125 0.0020833333333333333
1 0.509375 0.8302083333333333 0.00625 0.00625
1 0.090625 0.8302083333333333 0.003125 0.00625
1 0.42734375 0.8260416666666667 0.0015625 0.0020833333333333333
1 0.44375 0.8145833333333333 0.003125 0.004166666666666667
1 0.05859375 0.8208333333333333 0.0296875 0.016666666666666666
1 0.090625 0.8125 0.015625 0.0125
1 0.08046875 0.8052083333333333 0.0015625 0.0020833333333333333
1 0.15390625 0.6822916666666666 0.0015625 0.0020833333333333333
1 0.16484375 0.6739583333333333 0.0015625 0.0020833333333333333
1 0.13984375 0.6770833333333334 0.0234375 0.016666666666666666
1 0.17734375 0.66875 0.0046875 0.004166666666666667
1 0.18359375 0.665625 0.0015625 0.0020833333333333333
1 0.21796875 0.6572916666666667 0.0078125 0.0020833333333333333
1 0.21171875 0.6572916666666667 0.0015625 0.0020833333333333333
1 0.23671875 0.6510416666666666 0.0015625 0.0020833333333333333
1 0.24140625 0.6489583333333333 0.0015625 0.0020833333333333333
1 0.665625 0.6427083333333333 0.003125 0.0020833333333333333
1 0.07734375 0.6520833333333333 0.0421875 0.020833333333333332
1 0.05703125 0.64375 0.0015625 0.004166666666666667
1 0.03984375 0.6427083333333333 0.0015625 0.0020833333333333333
1 0.05078125 0.640625 0.0015625 0.0020833333333333333
1 0.03046875 0.6385416666666667 0.0109375 0.00625
1 0.9453125 0.8166666666666667 0.109375 0.36666666666666664
1 0.31328125 0.6135416666666667 0.0015625 0.0020833333333333333
1 0.33828125 0.5885416666666666 0.0015625 0.0020833333333333333
1 0.73671875 0.55 0.0015625 0.004166666666666667
1 0.73671875 0.5364583333333334 0.0015625 0.0020833333333333333
1 0.77578125 0.5322916666666667 0.0015625 0.0020833333333333333
1 0.753125 0.5302083333333333 0.003125 0.00625
1 0.74921875 0.5260416666666666 0.0015625 0.0020833333333333333
1 0.77109375 0.5197916666666667 0.0015625 0.0020833333333333333
1 0.75078125 0.5197916666666667 0.0015625 0.0020833333333333333
1 0.78046875 0.51875 0.0046875 0.004166666666666667
1 0.77109375 0.5125 0.0015625 0.004166666666666667
1 0.77421875 0.5114583333333333 0.0015625 0.00625
1 0.77734375 0.50625 0.0015625 0.004166666666666667
1 0.77578125 0.49895833333333334 0.0015625 0.0020833333333333333
1 0.77578125 0.48854166666666665 0.0015625 0.0020833333333333333
1 0.77578125 0.47604166666666664 0.0015625 0.0020833333333333333
1 0.75625 0.465625 0.003125 0.00625
1 0.7609375 0.4635416666666667 0.003125 0.00625
1 0.7546875 0.45416666666666666 0.00625 0.004166666666666667
1 0.7578125 0.41875 0.003125 0.004166666666666667
1 0.7609375 0.4125 0.003125 0.008333333333333333
1 0.74765625 0.403125 0.0015625 0.0020833333333333333
1 0.7734375 0.39166666666666666 0.003125 0.008333333333333333
1 0.76015625 0.3875 0.0015625 0.004166666666666667
1 0.76328125 0.375 0.0015625 0.004166666666666667
1 0.76484375 0.37083333333333335 0.0046875 0.008333333333333333
1 0.74375 0.315625 0.0125 0.035416666666666666
1 0.7390625 0.290625 0.003125 0.0020833333333333333
1 0.73828125 0.28125 0.0015625 0.004166666666666667
1 0.7421875 0.27708333333333335 0.00625 0.008333333333333333
1 0.74453125 0.26145833333333335 0.0078125 0.027083333333333334
1 0.73125 0.20416666666666666 0.003125 0.008333333333333333
1 0.73984375 0.21458333333333332 0.0109375 0.0375
1 0.72890625 0.19270833333333334 0.0015625 0.0020833333333333333
1 0.7265625 0.16979166666666667 0.009375 0.022916666666666665
1 0.71328125 0.146875 0.0015625 0.0020833333333333333
1 0.06328125 0.13958333333333334 0.0015625 0.004166666666666667
1 0.76953125 0.04479166666666667 0.0015625 0.0020833333333333333
1 0.76640625 0.04479166666666667 0.0015625 0.0020833333333333333
1 0.75390625 0.04479166666666667 0.0015625 0.0020833333333333333
1 0.76171875 0.04375 0.0046875 0.004166666666666667
1 0.7421875 0.041666666666666664 0.03125 0.008333333333333333
1 0.59765625 0.005208333333333333 0.0015625 0.0020833333333333333
1 0.59453125 0.005208333333333333 0.0015625 0.0020833333333333333
1 0.59140625 0.005208333333333333 0.0015625 0.0020833333333333333
1 0.58828125 0.005208333333333333 0.0015625 0.0020833333333333333
1 0.58515625 0.005208333333333333 0.0015625 0.0020833333333333333
1 0.57890625 0.005208333333333333 0.0015625 0.0020833333333333333
1 0.58203125 0.004166666666666667 0.0015625 0.004166666666666667
1 0.80625 0.05 0.3875 0.1
1 0.05 0.2 0.1 0.4
