0 0.52265625 0.5885416666666666 0.0015625 0.0020833333333333333
0 0.51015625 0.5322916666666667 0.0015625 0.0020833333333333333
0 0.52421875 0.421875 0.0015625 0.0020833333333333333
0 0.53671875 0.38229166666666664 0.0015625 0.0020833333333333333
0 0.53984375 0.371875 0.0109375 0.010416666666666666
0 0.55546875 0.365625 0.0046875 0.0020833333333333333
0 0.6046875 0.28958333333333336 0.003125 0.004166666666666667
0 0.61328125 0.28229166666666666 0.0015625 0.0020833333333333333
0 0.62578125 0.275 0.0015625 0.004166666666666667
0 0.61875 0.28125 0.015625 0.020833333333333332
0 0.6328125 0.2677083333333333 0.003125 0.0020833333333333333
0 0.63671875 0.265625 0.0015625 0.0020833333333333333
0 0.64453125 0.25729166666666664 0.0015625 0.0020833333333333333
1 0.4125 0.9979166666666667 0.021875 0.004166666666666667
1 0.51640625 0.9875 0.0328125 0.020833333333333332
1 0.54609375 0.9770833333333333 0.0078125 0.0125
1 0.54765625 0.9677083333333333 0.0015625 0.0020833333333333333
1 0.50390625 0.9614583333333333 0.0015625 0.0020833333333333333
1 0.4953125 0.9677083333333333 0.0125 0.014583333333333334
1 0.43359375 0.9625 0.0046875 0.008333333333333333
1 0.42265625 0.9583333333333334 0.0046875 0.008333333333333333
1 0.49921875 0.9541666666666667 0.0046875 0.008333333333333333
1 0.5625 0.9510416666666667 0.01875 0.022916666666666665
1 0.48359375 0.9447916666666667 0.0140625 0.022916666666666665
1 0.57421875 0.9333333333333333 0.0015625 0.004166666666666667
1 0.49453125 0.9354166666666667 0.0078125 0.025
1 0.484375 0.9166666666666666 0.0125 0.008333333333333333
1 0.9203125 0.9145833333333333 0.00625 0.020833333333333332
1 0.553125 0.9104166666666667 0.00625 0.016666666666666666
1 0.34140625 0.9020833333333333 0.0046875 0.004166666666666667
1 0.175 0.95 0.35 0.1
1 0.55234375 0.896875 0.0015625 0.0020833333333333333
1 0.58125 0.9072916666666667 0.0125 0.03958333333333333
1 0.321875 0.878125 0.00625 0.00625
1 0.56875 0.8739583333333333 0.0125 0.01875
1 0.3109375 0.8625 0.00625 0.008333333333333333
1 0.4453125 0.846875 0.009375 0.010416666666666666
1 0.3 0.840625 0.003125 0.00625
1 0.4171875 0.8385416666666666 0.003125 0.00625
1 0.43984375 0.8322916666666667 0.0046875 0.0020833333333333333
1 0.43515625 0.821875 0.0015625 0.0020833333333333333
1 0.57890625 0.8427083333333333 0.0140625 0.04791666666666667
1 0.44375 0.821875 0.00625 0.00625
1 0.44921875 0.8166666666666667 0.0015625 0.0125
1 0.94375 0.8177083333333334 0.00625 0.01875
1 0.44375 0.8114583333333333 0.00625 0.00625
1 0.57421875 0.796875 0.0015625 0.00625
1 0.3828125 0.7947916666666667 0.003125 0.00625
1 0.57265625 0.790625 0.0015625 0.0020833333333333333
1 0.278125 0.7875 0.003125 0.0125
1 0.36484375 0.78125 0.0046875 0.004166666666666667
1 0.4390625 0.7885416666666667 0.009375 0.027083333333333334
1 0.36171875 0.7760416666666666 0.0015625 0.0020833333333333333
1 0.28359375 0.7927083333333333 0.0078125 0.03958333333333333
1 0.278125 0.7697916666666667 0.009375 0.01875
1 0.42421875 0.753125 0.0015625 0.0020833333333333333
1 0.41953125 0.740625 0.0015625 0.0020833333333333333
1 0.42734375 0.7458333333333333 0.0078125 0.016666666666666666
1 0.4140625 0.7364583333333333 0.003125 0.0020833333333333333
1 0.43984375 0.734375 0.0015625 0.0020833333333333333
1 0.26640625 0.75 0.0109375 0.03333333333333333
1 0.36796875 0.725 0.0015625 0.004166666666666667
1 0.38203125 0.71875 0.0046875 0.004166666666666667
1 0.371875 0.7177083333333333 0.00625 0.00625
1 0.440625 0.7208333333333333 0.00625 0.020833333333333332
1 0.40390625 0.7260416666666667 0.0390625 0.03125
1 0.41015625 0.709375 0.0015625 0.0020833333333333333
1 0.44921875 0.6979166666666666 0.0015625 0.004166666666666667
1 0.39140625 0.6833333333333333 0.0140625 0.008333333333333333
1 0.38828125 0.678125 0.0015625 0.0020833333333333333
1 0.24296875 0.6677083333333333 0.0015625 0.0020833333333333333
1 0.246875 0.6666666666666666 0.003125 0.004166666666666667
1 0.95078125 0.8260416666666667 0.0984375 0.34791666666666665
1 0.5546875 0.7052083333333333 0.021875 0.11041666666666666
1 0.38671875 0.6583333333333333 0.0078125 0.016666666666666666
1 0.4375 0.6697916666666667 0.01875 0.052083333333333336
1 0.43671875 0.6427083333333333 0.0015625 0.0020833333333333333
1 0.4296875 0.6458333333333334 0.003125 0.016666666666666666
1 0.4375 0.6354166666666666 0.003125 0.004166666666666667
1 0.24296875 0.6458333333333334 0.0046875 0.029166666666666667
1 0.43359375 0.628125 0.0015625 0.0020833333333333333
1 0.41796875 0.6260416666666667 0.0015625 0.0020833333333333333
1 0.55234375 0.6270833333333333 0.0015625 0.008333333333333333
1 0.99375 0.61875 0.0125 0.029166666666666667
1 0.99765625 0.6 0.0046875 0.004166666666666667
1 0.23828125 0.6114583333333333 0.0046875 0.03125
1 0.55234375 0.5947916666666667 0.0015625 0.0020833333333333333
1 0.434375 0.6 0.0125 0.020833333333333332
1 0.99609375 0.59375 0.0078125 0.0125
1 0.23671875 0.5875 0.0015625 0.008333333333333333
1 0.4171875 0.6364583333333333 0.034375 0.13125
1 0.553125 0.5760416666666667 0.003125 0.014583333333333334
1 0.55546875 0.565625 0.0015625 0.0020833333333333333
1 0.55546875 0.5552083333333333 0.0015625 0.0020833333333333333
1 0.44765625 0.55625 0.0078125 0.041666666666666664
1 0.428125 0.5458333333333333 0.00625 0.041666666666666664
1 0.2359375 0.5458333333333333 0.003125 0.041666666666666664
1 0.42265625 0.5229166666666667 0.0046875 0.004166666666666667
1 0.55859375 0.5322916666666667 0.0046875 0.03958333333333333
1 0.44296875 0.5114583333333333 0.0015625 0.0020833333333333333
1 0.38125 0.5125 0.003125 0.004166666666666667
1 0.56171875 0.509375 0.0015625 0.0020833333333333333
1 0.41796875 0.5072916666666667 0.0015625 0.0020833333333333333
1 0.415625 0.5104166666666666 0.0125 0.020833333333333332
1 0.38203125 0.5010416666666667 0.0015625 0.0020833333333333333
1 0.36953125 0.5041666666666667 0.0109375 0.008333333333333333
1 0.35546875 0.5020833333333333 0.0015625 0.004166666666666667
1 0.425 0.496875 0.003125 0.00625
1 0.56796875 0.4822916666666667 0.0015625 0.0020833333333333333
1 0.36015625 0.4864583333333333 0.0046875 0.010416666666666666
1 0.36640625 0.48541666666666666 0.0078125 0.0125
1 0.45234375 0.5041666666666667 0.0171875 0.05416666666666667
1 0.35546875 0.47291666666666665 0.0078125 0.016666666666666666
1 0.459375 0.46458333333333335 0.003125 0.004166666666666667
1 0.24296875 0.47604166666666664 0.0140625 0.04791666666666667
1 0.5671875 0.45208333333333334 0.003125 0.004166666666666667
1 0.578125 0.45625 0.01875 0.04583333333333333
1 0.5890625 0.42916666666666664 0.003125 0.004166666666666667
1 0.27421875 0.42916666666666664 0.0015625 0.004166666666666667
1 0.59296875 0.421875 0.0046875 0.00625
1 0.25546875 0.42291666666666666 0.0078125 0.0125
1 0.47890625 0.409375 0.0078125 0.014583333333333334
1 0.36328125 0.4010416666666667 0.0046875 0.0020833333333333333
1 0.003125 0.39375 0.003125 0.008333333333333333
1 0.41796875 0.44375 0.1140625 0.1125
1 0.29609375 0.378125 0.0015625 0.0020833333333333333
1 0.48515625 0.38645833333333335 0.0078125 0.027083333333333334
1 0.3046875 0.3729166666666667 0.009375 0.0125
1 0.36953125 0.365625 0.0015625 0.0020833333333333333
1 0.36640625 0.365625 0.0015625 0.0020833333333333333
1 0.36328125 0.365625 0.0015625 0.0020833333333333333
1 0.36015625 0.365625 0.0015625 0.0020833333333333333
1 0.35703125 0.365625 0.0015625 0.0020833333333333333
1 0.35390625 0.365625 0.0015625 0.0020833333333333333
1 0.27734375 0.365625 0.0015625 0.0020833333333333333
1 0.35078125 0.3645833333333333 0.0015625 0.004166666666666667
1 0.3796875 0.359375 0.015625 0.014583333333333334
1 0.3921875 0.35208333333333336 0.00625 0.004166666666666667
1 0.39921875 0.3489583333333333 0.0015625 0.0020833333333333333
1 0.37421875 0.3489583333333333 0.0015625 0.0020833333333333333
1 0.37109375 0.3489583333333333 0.0015625 0.0020833333333333333
1 0.36796875 0.3489583333333333 0.0015625 0.0020833333333333333
1 0.28359375 0.3489583333333333 0.0015625 0.0020833333333333333
1 0.4421875 0.353125 0.034375 0.014583333333333334
1 0.36484375 0.34791666666666665 0.0015625 0.004166666666666667
1 0.33515625 0.37604166666666666 0.0546875 0.06041666666666667
1 0.49765625 0.346875 0.0203125 0.01875
1 0.4125 0.3489583333333333 0.00625 0.03125
1 0.40078125 0.3375 0.0015625 0.0125
1 0.30390625 0.31666666666666665 0.0046875 0.008333333333333333
1 0.5265625 0.303125 0.003125 0.0020833333333333333
1 0.6375 0.3541666666666667 0.075 0.10833333333333334
1 0.28515625 0.38229166666666664 0.0703125 0.16875
1 0.52578125 0.29791666666666666 0.0046875 0.004166666666666667
1 0.52890625 0.29270833333333335 0.0015625 0.0020833333333333333
1 0.42109375 0.28854166666666664 0.0015625 0.0020833333333333333
1 0.41796875 0.28854166666666664 0.0015625 0.0020833333333333333
1 0.4203125 0.27708333333333335 0.003125 0.004166666666666667
1 0.31953125 0.2791666666666667 0.0109375 0.016666666666666666
1 0.33046875 0.26145833333333335 0.0015625 0.0020833333333333333
1 0.4546875 0.30625 0.159375 0.10416666666666667
1 0.72265625 0.24479166666666666 0.0015625 0.0020833333333333333
1 0.696875 0.27291666666666664 0.04375 0.058333333333333334
1 0.578125 0.23645833333333333 0.00625 0.00625
1 0.33515625 0.24479166666666666 0.0265625 0.027083333333333334
1 0.54453125 0.228125 0.0015625 0.0020833333333333333
1 0.60625 0.22291666666666668 0.003125 0.004166666666666667
1 0.56015625 0.22083333333333333 0.0015625 0.004166666666666667
1 0.55078125 0.22083333333333333 0.0015625 0.004166666666666667
1 0.36015625 0.22083333333333333 0.0015625 0.004166666666666667
1 0.35546875 0.22083333333333333 0.0046875 0.004166666666666667
1 0.61171875 0.21875 0.0046875 0.004166666666666667
1 0.62109375 0.215625 0.0046875 0.0020833333333333333
1 0.61640625 0.215625 0.0015625 0.0020833333333333333
1 0.55078125 0.21458333333333332 0.0015625 0.004166666666666667
1 0.36484375 0.21354166666666666 0.0015625 0.0020833333333333333
1 0.3859375 0.20520833333333333 0.003125 0.0020833333333333333
1 0.38203125 0.20520833333333333 0.0015625 0.0020833333333333333
1 0.365625 0.20729166666666668 0.003125 0.00625
1 0.62890625 0.203125 0.0015625 0.0020833333333333333
1 0.57265625 0.20104166666666667 0.0015625 0.0020833333333333333
1 0.3875 0.18854166666666666 0.003125 0.0020833333333333333
1 0.3828125 0.18854166666666666 0.003125 0.0020833333333333333
1 0.634375 0.18541666666666667 0.0125 0.004166666666666667
1 0.3921875 0.18541666666666667 0.003125 0.004166666666666667
1 0.396875 0.18125 0.003125 0.004166666666666667
1 0.58046875 0.19895833333333332 0.0421875 0.052083333333333336
1 0.4046875 0.17604166666666668 0.00625 0.00625
1 0.6609375 0.17604166666666668 0.009375 0.010416666666666666
1 0.71171875 0.171875 0.0046875 0.00625
1 0.41796875 0.17291666666666666 0.0171875 0.0125
1 0.684375 0.165625 0.003125 0.0020833333333333333
1 0.625 0.184375 0.05 0.03958333333333333
1 0.6609375 0.1625 0.009375 0.008333333333333333
1 0.64140625 0.159375 0.0015625 0.0020833333333333333
1 0.70703125 0.16145833333333334 0.0078125 0.010416666666666666
1 0.43984375 0.165625 0.0234375 0.01875
1 0.54765625 0.15208333333333332 0.0046875 0.004166666666666667
1 0.715625 0.14895833333333333 0.00625 0.00625
1 0.7 0.15625 0.025 0.020833333333333332
1 0.72109375 0.14583333333333334 0.0015625 0.004166666666666667
1 0.61953125 0.153125 0.0390625 0.01875
1 0.725 0.14479166666666668 0.003125 0.00625
1 0.6625 0.14375 0.00625 0.004166666666666667
1 0.64765625 0.14375 0.0015625 0.004166666666666667
1 0.64453125 0.14375 0.0015625 0.004166666666666667
1 0.64140625 0.14375 0.0015625 0.004166666666666667
1 0.634375 0.14479166666666668 0.009375 0.00625
1 0.75859375 0.1875 0.0640625 0.09583333333333334
1 0.459375 0.14583333333333334 0.01875 0.0125
1 0.65625 0.13958333333333334 0.00625 0.008333333333333333
1 0.67421875 0.13229166666666667 0.0015625 0.0020833333333333333
1 0.54453125 0.13020833333333334 0.0015625 0.0020833333333333333
1 0.70078125 0.12604166666666666 0.0015625 0.0020833333333333333
1 0.7078125 0.11666666666666667 0.015625 0.020833333333333332
1 0.51328125 0.10520833333333333 0.0015625 0.0020833333333333333
1 0.6453125 0.10208333333333333 0.009375 0.0125
1 0.55703125 0.090625 0.0015625 0.0020833333333333333
1 0.59453125 0.08020833333333334 0.0015625 0.0020833333333333333
1 0.59140625 0.08020833333333334 0.0015625 0.0020833333333333333
1 0.60078125 0.07604166666666666 0.0015625 0.0020833333333333333
1 0.68359375 0.08020833333333334 0.0140625 0.014583333333333334
1 0.67578125 0.07395833333333333 0.0015625 0.0020833333333333333
1 0.5703125 0.10729166666666666 0.19375 0.07291666666666667
1 0.87421875 0.06979166666666667 0.0015625 0.0020833333333333333
1 0.86171875 0.06979166666666667 0.0015625 0.0020833333333333333
1 0.85859375 0.06979166666666667 0.0015625 0.0020833333333333333
1 0.85546875 0.06979166666666667 0.0015625 0.0020833333333333333
1 0.67421875 0.019791666666666666 0.0015625 0.0020833333333333333
1 0.66796875 0.019791666666666666 0.0015625 0.0020833333333333333
1 0.67578125 0.013541666666666667 0.0015625 0.0020833333333333333
1 0.67109375 0.009375 0.0015625 0.0020833333333333333
1 0.66796875 0.009375 0.0015625 0.0020833333333333333
1 0.66484375 0.009375 0.0015625 0.0020833333333333333
1 0.66171875 0.009375 0.0015625 0.0020833333333333333
1 0.65859375 0.009375 0.0015625 0.0020833333333333333
1 0.65546875 0.009375 0.0015625 0.0020833333333333333
1 0.67421875 0.007291666666666667 0.0015625 0.0020833333333333333
1 0.85 0.05 0.3 0.1
1 0.634375 0.010416666666666666 0.034375 0.020833333333333332
1 0.6140625 0.0020833333333333333 0.003125 0.004166666666666667
1 0.05 0.19895833333333332 0.1 0.39791666666666664
