1 0.9 0.996875 0.003125 0.0020833333333333333
1 0.74609375 0.996875 0.0015625 0.0020833333333333333
1 0.74296875 0.996875 0.0015625 0.0020833333333333333
1 0.73984375 0.996875 0.0015625 0.0020833333333333333
1 0.73671875 0.996875 0.0015625 0.0020833333333333333
1 0.7296875 0.9979166666666667 0.009375 0.004166666666666667
1 0.87421875 0.9947916666666666 0.0015625 0.0020833333333333333
1 0.85 0.9958333333333333 0.003125 0.004166666666666667
1 0.82265625 0.9947916666666666 0.0015625 0.0020833333333333333
1 0.81953125 0.9947916666666666 0.0015625 0.0020833333333333333
1 0.81640625 0.9947916666666666 0.0015625 0.0020833333333333333
1 0.81328125 0.9947916666666666 0.0015625 0.0020833333333333333
1 0.965625 0.99375 0.00625 0.004166666666666667
1 0.9359375 0.9916666666666667 0.028125 0.008333333333333333
1 0.91953125 0.9885416666666667 0.0015625 0.0020833333333333333
1 0.91640625 0.9885416666666667 0.0015625 0.0020833333333333333
1 0.91328125 0.9885416666666667 0.0015625 0.0020833333333333333
1 0.91015625 0.9885416666666667 0.0015625 0.0020833333333333333
1 0.90703125 0.9885416666666667 0.0015625 0.0020833333333333333
1 0.90390625 0.9885416666666667 0.0015625 0.0020833333333333333
1 0.98203125 0.984375 0.0359375 0.0020833333333333333
1 0.00625 0.9833333333333333 0.003125 0.03333333333333333
1 0.00625 0.9260416666666667 0.003125 0.014583333333333334
1 0.01484375 0.9229166666666667 0.0015625 0.020833333333333332
1 0.00390625 0.8947916666666667 0.0015625 0.010416666666666666
1 0.01328125 0.8822916666666667 0.0015625 0.0020833333333333333
1 0.00546875 0.865625 0.0015625 0.0020833333333333333
1 0.01171875 0.8666666666666667 0.0046875 0.020833333333333332
1 0.003125 0.85 0.003125 0.004166666666666667
1 0.01171875 0.8489583333333334 0.0015625 0.00625
1 0.01015625 0.840625 0.0015625 0.00625
1 0.01015625 0.8166666666666667 0.0015625 0.03333333333333333
1 0.0015625 0.8166666666666667 0.003125 0.03333333333333333
1 0.00390625 0.7572916666666667 0.0015625 0.014583333333333334
1 0.0015625 0.7166666666666667 0.003125 0.03333333333333333
1 0.003125 0.6833333333333333 0.003125 0.0125
1 0.00390625 0.659375 0.0015625 0.0020833333333333333
1 0.00234375 0.6489583333333333 0.0015625 0.0020833333333333333
1 0.00078125 0.6270833333333333 0.0015625 0.004166666666666667
1 0.78359375 0.584375 0.0015625 0.0020833333333333333
1 0.78671875 0.5760416666666667 0.0046875 0.010416666666666666
1 0.79921875 0.553125 0.0015625 0.0020833333333333333
1 0.82421875 0.49270833333333336 0.0015625 0.0020833333333333333
1 0.82890625 0.478125 0.0015625 0.0020833333333333333
1 0.83046875 0.4739583333333333 0.0015625 0.0020833333333333333
1 0.84140625 0.43020833333333336 0.0015625 0.00625
1 0.84296875 0.41770833333333335 0.0015625 0.010416666666666666
1 0.84453125 0.39895833333333336 0.0015625 0.0020833333333333333
1 0.84921875 0.3645833333333333 0.0015625 0.0125
1 0.99609375 0.284375 0.0015625 0.03125
1 0.66484375 0.203125 0.0015625 0.0020833333333333333
1 0.9984375 0.23020833333333332 0.003125 0.07291666666666667
1 0.99375 0.175 0.003125 0.0125
1 0.67109375 0.16979166666666667 0.0015625 0.0020833333333333333
1 0.996875 0.165625 0.003125 0.0020833333333333333
1 0.67265625 0.16041666666666668 0.0015625 0.004166666666666667
1 0.67421875 0.15104166666666666 0.0015625 0.00625
1 0.99296875 0.146875 0.0078125 0.014583333333333334
1 0.67578125 0.14270833333333333 0.0015625 0.00625
1 0.99453125 0.134375 0.0015625 0.0020833333333333333
1 0.696875 0.13541666666666666 0.009375 0.008333333333333333
1 0.77265625 0.08854166666666667 0.0015625 0.0020833333333333333
1 0.74921875 0.06979166666666667 0.0046875 0.00625
1 0.9953125 0.08125 0.003125 0.03333333333333333
1 0.74140625 0.0625 0.0015625 0.004166666666666667
1 0.98671875 0.059375 0.0015625 0.01875
1 0.7375 0.052083333333333336 0.00625 0.008333333333333333
1 0.68828125 0.040625 0.0015625 0.0020833333333333333
1 0.99296875 0.03229166666666667 0.0015625 0.0020833333333333333
1 0.69296875 0.03229166666666667 0.0015625 0.0020833333333333333
1 0.7 0.029166666666666667 0.009375 0.004166666666666667
1 0.00625 0.019791666666666666 0.0125 0.0020833333333333333
1 0.71328125 0.017708333333333333 0.0015625 0.0020833333333333333
1 0.10234375 0.017708333333333333 0.0015625 0.0020833333333333333
1 0.0609375 0.017708333333333333 0.028125 0.0020833333333333333
1 0.7234375 0.023958333333333335 0.0125 0.01875
1 0.24921875 0.011458333333333333 0.0015625 0.0020833333333333333
1 0.2625 0.007291666666666667 0.025 0.0020833333333333333
1 0.24765625 0.007291666666666667 0.0015625 0.0020833333333333333
1 0.24453125 0.007291666666666667 0.0015625 0.0020833333333333333
1 0.24140625 0.007291666666666667 0.0015625 0.0020833333333333333
1 0.23828125 0.007291666666666667 0.0015625 0.0020833333333333333
1 0.23515625 0.007291666666666667 0.0015625 0.0020833333333333333
1 0.23203125 0.007291666666666667 0.0015625 0.0020833333333333333
1 0.22890625 0.007291666666666667 0.0015625 0.0020833333333333333
1 0.22578125 0.007291666666666667 0.0015625 0.0020833333333333333
1 0.19765625 0.007291666666666667 0.0015625 0.0020833333333333333
1 0.19453125 0.007291666666666667 0.0015625 0.0020833333333333333
1 0.19140625 0.007291666666666667 0.0015625 0.0020833333333333333
1 0.18828125 0.007291666666666667 0.0015625 0.0020833333333333333
1 0.18515625 0.007291666666666667 0.0015625 0.0020833333333333333
1 0.18203125 0.007291666666666667 0.0015625 0.0020833333333333333
1 0.17890625 0.007291666666666667 0.0015625 0.0020833333333333333
1 0.04609375 0.007291666666666667 0.0015625 0.0020833333333333333
1 0.04296875 0.007291666666666667 0.0015625 0.0020833333333333333
1 0.29453125 0.005208333333333333 0.0015625 0.0020833333333333333
1 0.29140625 0.005208333333333333 0.0015625 0.0020833333333333333
1 0.16328125 0.00625 0.0265625 0.004166666666666667
1 0.13125 0.009375 0.0375 0.010416666666666666
1 0.0625 0.00625 0.028125 0.004166666666666667
1 0.02109375 0.005208333333333333 0.0015625 0.0020833333333333333
1 0.01796875 0.005208333333333333 0.0015625 0.0020833333333333333
1 0.01484375 0.005208333333333333 0.0015625 0.0020833333333333333
1 0.01171875 0.005208333333333333 0.0015625 0.0020833333333333333
1 0.00859375 0.005208333333333333 0.0015625 0.0020833333333333333
1 0.00546875 0.005208333333333333 0.0015625 0.0020833333333333333
1 0.00234375 0.005208333333333333 0.0015625 0.0020833333333333333
1 0.31171875 0.004166666666666667 0.0296875 0.004166666666666667
1 0.98515625 0.016666666666666666 0.0015625 0.03333333333333333
1 0.4296875 0.0010416666666666667 0.009375 0.0020833333333333333
1 0.34609375 0.0010416666666666667 0.0078125 0.0020833333333333333
1 0.33515625 0.0010416666666666667 0.0046875 0.0020833333333333333
