1 0.65078125 0.9927083333333333 0.0015625 0.0020833333333333333
1 0.66015625 0.990625 0.0140625 0.010416666666666666
1 0.72578125 0.9864583333333333 0.0015625 0.00625
1 0.67265625 0.984375 0.0015625 0.0020833333333333333
1 0.74140625 0.9802083333333333 0.0015625 0.0020833333333333333
1 0.73515625 0.98125 0.0078125 0.004166666666666667
1 0.72890625 0.9802083333333333 0.0015625 0.0020833333333333333
1 0.69921875 0.9802083333333333 0.0015625 0.0020833333333333333
1 0.72578125 0.978125 0.0015625 0.0020833333333333333
1 0.82421875 0.9614583333333333 0.0015625 0.0020833333333333333
1 0.7953125 0.9614583333333333 0.003125 0.0020833333333333333
1 0.87578125 0.959375 0.0015625 0.0020833333333333333
1 0.85078125 0.959375 0.0015625 0.0020833333333333333
1 0.815625 0.9604166666666667 0.00625 0.004166666666666667
1 0.87421875 0.9552083333333333 0.0015625 0.0020833333333333333
1 0.82578125 0.9552083333333333 0.0015625 0.0020833333333333333
1 0.87109375 0.953125 0.0015625 0.0020833333333333333
1 0.86796875 0.953125 0.0015625 0.0020833333333333333
1 0.86484375 0.953125 0.0015625 0.0020833333333333333
1 0.83984375 0.953125 0.0015625 0.0020833333333333333
1 0.8359375 0.9541666666666667 0.003125 0.004166666666666667
1 0.85390625 0.9489583333333333 0.0046875 0.0020833333333333333
1 0.859375 0.9479166666666666 0.003125 0.004166666666666667
1 0.871875 0.9666666666666667 0.25625 0.06666666666666667
1 0.99375 0.928125 0.00625 0.0020833333333333333
1 0.97421875 0.928125 0.0015625 0.0020833333333333333
1 0.96796875 0.9291666666666667 0.0078125 0.004166666666666667
1 0.98125 0.925 0.009375 0.004166666666666667
1 0.9921875 0.9197916666666667 0.003125 0.0020833333333333333
1 0.05625 0.8770833333333333 0.00625 0.020833333333333332
1 0.77421875 0.7916666666666666 0.0046875 0.004166666666666667
1 0.0390625 0.7895833333333333 0.003125 0.008333333333333333
1 0.7546875 0.765625 0.00625 0.00625
1 0.74296875 0.7239583333333334 0.0078125 0.010416666666666666
1 0.0375 0.85 0.075 0.3
1 0.73671875 0.696875 0.0078125 0.01875
1 0.01171875 0.6833333333333333 0.0109375 0.0375
1 0.725 0.6666666666666666 0.009375 0.0125
1 0.00625 0.65 0.003125 0.0125
1 0.0078125 0.6197916666666666 0.00625 0.010416666666666666
1 0.64921875 0.6114583333333333 0.0015625 0.0020833333333333333
1 0.64609375 0.6052083333333333 0.0015625 0.0020833333333333333
1 0.61796875 0.553125 0.0015625 0.0020833333333333333
1 0.590625 0.5125 0.003125 0.004166666666666667
1 0.57734375 0.496875 0.0015625 0.0020833333333333333
1 0.5578125 0.47291666666666665 0.003125 0.004166666666666667
1 0.55234375 0.46770833333333334 0.0046875 0.00625
1 0.94765625 0.434375 0.0015625 0.0020833333333333333
1 0.9453125 0.42916666666666664 0.003125 0.004166666666666667
1 0.50390625 0.4239583333333333 0.0015625 0.0020833333333333333
1 0.93359375 0.40729166666666666 0.0015625 0.0020833333333333333
1 0.99609375 0.40625 0.0015625 0.004166666666666667
1 0.93203125 0.403125 0.0015625 0.0020833333333333333
1 0.4671875 0.39791666666666664 0.00625 0.004166666666666667
1 0.45234375 0.38645833333333335 0.0015625 0.0020833333333333333
1 0.9234375 0.38645833333333335 0.003125 0.00625
1 0.4453125 0.38229166666666664 0.003125 0.0020833333333333333
1 0.42578125 0.37604166666666666 0.0015625 0.0020833333333333333
1 0.39609375 0.36354166666666665 0.0015625 0.0020833333333333333
1 0.9953125 0.36666666666666664 0.009375 0.029166666666666667
1 0.36796875 0.353125 0.0015625 0.0020833333333333333
1 0.3625 0.35104166666666664 0.003125 0.0020833333333333333
1 0.8984375 0.35 0.003125 0.004166666666666667
1 0.35625 0.3489583333333333 0.003125 0.0020833333333333333
1 0.35078125 0.346875 0.0015625 0.0020833333333333333
1 0.98828125 0.3458333333333333 0.0015625 0.004166666666666667
1 0.34453125 0.34479166666666666 0.0015625 0.0020833333333333333
1 0.33203125 0.340625 0.0015625 0.0020833333333333333
1 0.315625 0.33645833333333336 0.003125 0.0020833333333333333
1 0.30703125 0.334375 0.0046875 0.0020833333333333333
1 0.29921875 0.33229166666666665 0.0046875 0.0020833333333333333
1 0.29140625 0.3302083333333333 0.0046875 0.0020833333333333333
1 0.27890625 0.3260416666666667 0.0015625 0.0020833333333333333
1 0.2671875 0.32395833333333335 0.003125 0.0020833333333333333
1 0.25546875 0.321875 0.0078125 0.0020833333333333333
1 0.24765625 0.31979166666666664 0.0046875 0.0020833333333333333
1 0.23828125 0.3177083333333333 0.0046875 0.0020833333333333333
1 0.99296875 0.32708333333333334 0.0140625 0.025
1 0.21796875 0.315625 0.0078125 0.0020833333333333333
1 0.21171875 0.315625 0.0015625 0.0020833333333333333
1 0.87109375 0.31666666666666665 0.0078125 0.008333333333333333
1 0.18515625 0.3125 0.0421875 0.004166666666666667
1 0.09921875 0.30625 0.0859375 0.008333333333333333
1 0.05078125 0.30104166666666665 0.0046875 0.0020833333333333333
1 0.034375 0.2989583333333333 0.00625 0.0020833333333333333
1 0.02109375 0.29583333333333334 0.0109375 0.008333333333333333
1 0.85859375 0.29583333333333334 0.0078125 0.0125
1 0.03671875 0.28229166666666666 0.0015625 0.0020833333333333333
1 0.03984375 0.27708333333333335 0.0015625 0.004166666666666667
1 0.0203125 0.278125 0.009375 0.010416666666666666
1 0.03046875 0.2677083333333333 0.0015625 0.0020833333333333333
1 0.02578125 0.265625 0.0015625 0.0020833333333333333
1 0.82890625 0.2635416666666667 0.0046875 0.00625
1 0.96875 0.25625 0.003125 0.004166666666666667
1 0.8203125 0.253125 0.009375 0.00625
1 0.80703125 0.23854166666666668 0.0015625 0.0020833333333333333
1 0.96875 0.240625 0.003125 0.010416666666666666
1 0.8046875 0.234375 0.003125 0.0020833333333333333
1 0.80078125 0.23229166666666667 0.0015625 0.0020833333333333333
1 0.9640625 0.21770833333333334 0.003125 0.00625
1 0.78046875 0.215625 0.0109375 0.00625
1 0.9703125 0.2125 0.003125 0.008333333333333333
1 0.96171875 0.209375 0.0015625 0.00625
1 0.0765625 0.19375 0.003125 0.004166666666666667
1 0.05078125 0.18541666666666667 0.0015625 0.004166666666666667
1 0.03359375 0.1875 0.0140625 0.0125
1 0.053125 0.178125 0.00625 0.00625
1 0.04375 0.17916666666666667 0.009375 0.008333333333333333
1 0.04453125 0.17395833333333333 0.0015625 0.0020833333333333333
1 0.7125 0.17083333333333334 0.121875 0.08333333333333333
1 0.003125 0.12395833333333334 0.00625 0.00625
1 0.946875 0.11770833333333333 0.003125 0.010416666666666666
1 0.01484375 0.11458333333333333 0.0140625 0.0125
1 0.0265625 0.10416666666666667 0.003125 0.004166666666666667
1 0.93828125 0.10104166666666667 0.0015625 0.0020833333333333333
1 0.60078125 0.11354166666666667 0.1015625 0.052083333333333336
1 0.54296875 0.08854166666666667 0.0078125 0.0020833333333333333
1 0.5328125 0.08229166666666667 0.003125 0.0020833333333333333
1 0.10703125 0.08020833333333334 0.0015625 0.0020833333333333333
1 0.10390625 0.07604166666666666 0.0015625 0.0020833333333333333
1 0.05703125 0.0875 0.0484375 0.025
1 0.14140625 0.07395833333333333 0.0015625 0.0020833333333333333
1 0.13671875 0.07395833333333333 0.0015625 0.0020833333333333333
1 0.1234375 0.07291666666666667 0.00625 0.004166666666666667
1 0.0921875 0.07604166666666666 0.01875 0.010416666666666666
1 0.0515625 0.071875 0.003125 0.0020833333333333333
1 0.03046875 0.07291666666666667 0.0109375 0.004166666666666667
1 0.51953125 0.07604166666666666 0.0203125 0.014583333333333334
1 0.06953125 0.06979166666666667 0.0015625 0.0020833333333333333
1 0.06640625 0.06979166666666667 0.0015625 0.0020833333333333333
1 0.06171875 0.07083333333333333 0.0046875 0.004166666666666667
1 0.05703125 0.06979166666666667 0.0015625 0.0020833333333333333
1 0.18515625 0.059375 0.0015625 0.0020833333333333333
1 0.16953125 0.057291666666666664 0.0015625 0.0020833333333333333
1 0.20234375 0.05520833333333333 0.0046875 0.0020833333333333333
1 0.14609375 0.05520833333333333 0.0015625 0.0020833333333333333
1 0.14296875 0.05520833333333333 0.0015625 0.0020833333333333333
1 0.13984375 0.05520833333333333 0.0015625 0.0020833333333333333
1 0.13671875 0.05520833333333333 0.0015625 0.0020833333333333333
1 0.13359375 0.05520833333333333 0.0015625 0.0020833333333333333
1 0.13046875 0.05520833333333333 0.0015625 0.0020833333333333333
1 0.19453125 0.053125 0.0015625 0.0020833333333333333
1 0.18828125 0.053125 0.0015625 0.0020833333333333333
1 0.1984375 0.051041666666666666 0.003125 0.0020833333333333333
1 0.18203125 0.046875 0.0015625 0.0020833333333333333
1 0.16796875 0.04791666666666667 0.0140625 0.004166666666666667
1 0.22265625 0.04895833333333333 0.0328125 0.010416666666666666
1 0.20234375 0.042708333333333334 0.0015625 0.0020833333333333333
1 0.1875 0.04375 0.00625 0.004166666666666667
1 0.25703125 0.041666666666666664 0.0109375 0.004166666666666667
1 0.24765625 0.040625 0.0015625 0.0020833333333333333
1 0.209375 0.040625 0.003125 0.0020833333333333333
1 0.27578125 0.03854166666666667 0.0015625 0.0020833333333333333
1 0.15390625 0.03958333333333333 0.0046875 0.004166666666666667
1 0.21796875 0.036458333333333336 0.0015625 0.0020833333333333333
1 0.43515625 0.05416666666666667 0.1421875 0.041666666666666664
1 0.29296875 0.035416666666666666 0.0046875 0.004166666666666667
1 0.30390625 0.03229166666666667 0.0015625 0.0020833333333333333
1 0.30078125 0.03229166666666667 0.0015625 0.0020833333333333333
1 0.29765625 0.03333333333333333 0.0015625 0.004166666666666667
1 0.28515625 0.026041666666666668 0.0015625 0.0020833333333333333
1 0.290625 0.016666666666666666 0.0125 0.008333333333333333
1 0.38046875 0.008333333333333333 0.0109375 0.004166666666666667
1 0.35625 0.007291666666666667 0.0125 0.0020833333333333333
1 0.3125 0.008333333333333333 0.025 0.004166666666666667
1 0.37265625 0.005208333333333333 0.0015625 0.0020833333333333333
1 0.32578125 0.005208333333333333 0.0015625 0.0020833333333333333
1 0.390625 0.003125 0.003125 0.0020833333333333333
1 0.9625 0.15104166666666666 0.075 0.3020833333333333
1 0.41171875 0.0020833333333333333 0.0078125 0.004166666666666667
1 0.1375 0.03958333333333333 0.275 0.07916666666666666
