0 0.67734375 0.5203125 0.0171875 0.03046875
0 0.7921875 0.33359375 0.0328125 0.03828125
0 0.6109375 0.41015625 0.03359375 0.0359375
0 0.5296875 0.50546875 0.0390625 0.0578125
0 0.45625 0.61015625 0.03828125 0.0296875
1 0.26953125 0.52734375 0.01953125 0.02421875
0 0.27734375 0.4890625 0.0171875 0.0359375
1 0.290625 0.53203125 0.0234375 0.02734375
0 0.3046875 0.49375 0.01875 0.034375
0 0.3453125 0.8015625 0.0203125 0.025
0 0.36484375 0.77578125 0.04609375 0.03203125
0 0.103125 0.81171875 0.0546875 0.03671875
0 0.1953125 0.8296875 0.02265625 0.02734375
0 0.0296875 0.8421875 0.05078125 0.040625
0 0.3671875 0.85 0.03125 0.0328125
0 0.3875 0.640625 0.025 0.02265625
0 0.4703125 0.4109375 0.03203125 0.0234375
0 0.5125 0.3640625 0.0234375 0.04296875
0 0.60625 0.34140625 0.0375 0.02265625
0 0.65390625 0.3421875 0.01484375 0.01640625
0 0.3 0.37109375 0.021875 0.0234375
0 0.7296875 0.4109375 0.0171875 0.02578125
0 0.7640625 0.475 0.01484375 0.02421875
1 0.59375 0.61015625 0.02421875 0.01796875
0 0.5921875 0.58203125 0.02578125 0.01015625
1 0.590625 0.56953125 0.021875 0.00859375
1 0.590625 0.5578125 0.021875 0.0125
1 0.49296875 0.496875 0.03125 0.0125
1 0.409375 0.50625 0.01640625 0.01875
1 0.5015625 0.61484375 0.01015625 0.01875
1 0.52421875 0.61875 0.0125 0.025
0 0.54375 0.62109375 0.01328125 0.02421875
0 0.5640625 0.61640625 0.015625 0.02578125
0 0.290625 0.76796875 0.028125 0.0328125
0 0.296875 0.73203125 0.01953125 0.01796875
0 0.3328125 0.70390625 0.01796875 0.01875
0 0.30703125 0.6765625 0.015625 0.02578125
0 0.3125 0.64609375 0.0203125 0.02265625