0 0.7609375 0.46953125 0.08671875 0.1421875
1 0.38984375 0.56640625 0.0265625 0.05390625
0 0.4265625 0.50859375 0.0890625 0.05390625
0 0.2640625 0.5078125 0.11796875 0.06875
0 0.28671875 0.8109375 0.11015625 0.14609375
0 0.60390625 0.75546875 0.0609375 0.07265625
0 0.5921875 0.63203125 0.03984375 0.096875
0 0.53984375 0.55859375 0.06015625 0.05390625
0 0.2640625 0.93515625 0.0390625 0.08671875
0 0.3125 0.9296875 0.02734375 0.06171875
1 0.6046875 0.8796875 0.05546875 0.034375
0 0.38203125 0.6578125 0.03515625 0.0609375
0 0.43125 0.65234375 0.04921875 0.075
0 0.28515625 0.58125 0.0859375 0.03203125
1 0.6546875 0.47890625 0.04921875 0.01953125
1 0.65078125 0.44921875 0.05703125 0.02578125
1 0.44375 0.55390625 0.05625 0.02890625