0 0.66640625 0.11796875 0.04375 0.10078125
0 0.3796875 0.47890625 0.0953125 0.06328125
0 0.37734375 0.3859375 0.1140625 0.07578125
0 0.38046875 0.3 0.1140625 0.0765625
0 0.1796875 0.46640625 0.12578125 0.08046875
0 0.17734375 0.38515625 0.125 0.059375
0 0.1734375 0.30859375 0.12421875 0.075
1 0.55 0.559375 0.01953125 0.06875
0 0.61875 0.5578125 0.03203125 0.07734375
1 0.55 0.6890625 0.025 0.078125
0 0.61875 0.68359375 0.03828125 0.08984375
1 0.54921875 0.82109375 0.02734375 0.07734375
0 0.615625 0.81796875 0.040625 0.09296875
1 0.52265625 0.92734375 0.02734375 0.0703125
1 0.54765625 0.928125 0.0203125 0.07578125
0 0.61484375 0.92578125 0.0359375 0.09609375
1 0.5265625 0.5625 0.0234375 0.07421875