1 0.92890625 0.315625 0.0578125 0.052083333333333336
0 0.31015625 0.17083333333333334 0.0734375 0.034375
0 0.309375 0.28020833333333334 0.07734375 0.042708333333333334
0 0.31015625 0.378125 0.084375 0.04375
0 0.315625 0.47708333333333336 0.075 0.04375
0 0.28125 0.6791666666666667 0.0671875 0.04479166666666667
0 0.2953125 0.8208333333333333 0.06796875 0.058333333333333334
0 0.31640625 0.9604166666666667 0.1109375 0.07916666666666666
0 0.4609375 0.48541666666666666 0.046875 0.040625
0 0.45234375 0.446875 0.06015625 0.030208333333333334
0 0.425 0.6489583333333333 0.05234375 0.05
0 0.446875 0.89375 0.0234375 0.06979166666666667
0 0.465625 0.796875 0.06484375 0.026041666666666668
0 0.4890625 0.8802083333333334 0.0375 0.07083333333333333
0 0.52265625 0.81875 0.03828125 0.08645833333333333
0 0.55 0.8229166666666666 0.028125 0.065625
0 0.5984375 0.8114583333333333 0.04375 0.084375
0 0.63828125 0.8177083333333334 0.03203125 0.0625
0 0.6203125 0.8197916666666667 0.02109375 0.051041666666666666
0 0.68046875 0.8010416666666667 0.0296875 0.071875
0 0.72265625 0.8041666666666667 0.02890625 0.075
0 0.74140625 0.803125 0.0328125 0.071875
0 0.8703125 0.853125 0.04609375 0.04375
0 0.60078125 0.446875 0.0265625 0.05625
0 0.65859375 0.3770833333333333 0.06015625 0.057291666666666664
0 0.66484375 0.6072916666666667 0.0484375 0.13333333333333333
0 0.490625 0.725 0.03359375 0.06458333333333334
0 0.52109375 0.7302083333333333 0.02265625 0.07291666666666667
0 0.528125 0.6552083333333333 0.05 0.034375
0 0.5140625 0.6208333333333333 0.05859375 0.04479166666666667
0 0.584375 0.5458333333333333 0.0375 0.07291666666666667
0 0.6125 0.5604166666666667 0.03125 0.08229166666666667
0 0.703125 0.6854166666666667 0.025 0.08229166666666667
0 0.759375 0.6833333333333333 0.03359375 0.06145833333333333
0 0.7609375 0.603125 0.01796875 0.041666666666666664
0 0.775 0.525 0.04375 0.06979166666666667
0 0.73125 0.4479166666666667 0.05625 0.04895833333333333
0 0.784375 0.4395833333333333 0.05 0.05416666666666667
0 0.82109375 0.359375 0.0484375 0.03854166666666667
0 0.490625 0.35 0.0359375 0.0625
0 0.45859375 0.30625 0.04140625 0.08229166666666667
0 0.50078125 0.25729166666666664 0.03828125 0.030208333333333334
0 0.65078125 0.28854166666666664 0.0421875 0.084375
0 0.57734375 0.33958333333333335 0.0609375 0.03333333333333333
0 0.5609375 0.271875 0.021875 0.042708333333333334
0 0.69296875 0.596875 0.02265625 0.07083333333333333
0 0.72265625 0.59375 0.03203125 0.07916666666666666
0 0.825 0.528125 0.028125 0.06041666666666667
1 0.8421875 0.7125 0.03046875 0.03229166666666667
1 0.87265625 0.753125 0.05703125 0.027083333333333334
1 0.95703125 0.8 0.025 0.05416666666666667
0 0.47734375 0.5489583333333333 0.01640625 0.1
0 0.55390625 0.734375 0.0359375 0.07916666666666666
0 0.61953125 0.7125 0.07265625 0.04479166666666667
0 0.58046875 0.68125 0.0453125 0.057291666666666664
0 0.70390625 0.40729166666666666 0.05078125 0.03854166666666667
0 0.73984375 0.3958333333333333 0.04765625 0.041666666666666664