0 0.83515625 0.6375 0.08828125 0.11171875
0 0.59765625 0.621875 0.06875 0.059375
0 0.44453125 0.6484375 0.02421875 0.03359375
0 0.51328125 0.63125 0.0546875 0.065625
0 0.32734375 0.77578125 0.03984375 0.0796875
0 0.3984375 0.7 0.04765625 0.06640625
1 0.3390625 0.82734375 0.03046875 0.02890625
1 0.35703125 0.81015625 0.01953125 0.0234375
0 0.4328125 0.8109375 0.04140625 0.05859375
1 0.37734375 0.7890625 0.02890625 0.03203125
0 0.42578125 0.7375 0.0453125 0.04921875
0 0.459375 0.7703125 0.02109375 0.040625
0 0.39921875 0.96953125 0.0609375 0.0609375
0 0.896875 0.94453125 0.1125 0.1109375
0 0.90234375 0.05546875 0.1109375 0.0890625
1 0.46328125 0.49765625 0.02265625 0.04140625
1 0.49921875 0.44765625 0.02578125 0.03203125
1 0.52109375 0.50859375 0.03203125 0.0328125
1 0.5546875 0.4703125 0.0453125 0.04375
0 0.6609375 0.81953125 0.04765625 0.05078125
1 0.690625 0.74296875 0.03203125 0.03515625
1 0.70625 0.76875 0.034375 0.03671875
1 0.65546875 0.6921875 0.0296875 0.05
1 0.7359375 0.60234375 0.028125 0.0421875
1 0.9453125 0.7796875 0.04453125 0.0546875
1 0.9265625 0.75390625 0.034375 0.03984375
0 0.88671875 0.7203125 0.0421875 0.03984375
1 0.928125 0.678125 0.046875 0.03828125
1 0.309375 0.978125 0.0359375 0.02734375
1 0.32421875 0.9265625 0.02265625 0.04375
1 0.34375 0.95 0.01875 0.028125
1 0.371875 0.9171875 0.0265625 0.03671875
1 0.7953125 0.4859375 0.025 0.025
1 0.82421875 0.459375 0.0328125 0.03828125
0 0.790625 0.30546875 0.04609375 0.0359375
0 0.81484375 0.28515625 0.03515625 0.03984375
0 0.42265625 0.603125 0.01796875 0.034375