0 0.17109375 0.2 0.05703125 0.06979166666666667
0 0.3484375 0.46145833333333336 0.034375 0.06041666666666667
0 0.0640625 0.41041666666666665 0.04296875 0.053125
0 0.26015625 0.5416666666666666 0.0484375 0.03125
0 0.18203125 0.5145833333333333 0.0421875 0.01875
0 0.23828125 0.47291666666666665 0.03203125 0.016666666666666666
0 0.6359375 0.5802083333333333 0.03984375 0.046875
0 0.70390625 0.6760416666666667 0.05859375 0.06458333333333334
0 0.6796875 0.6645833333333333 0.01796875 0.06875
0 0.39921875 0.28854166666666664 0.02890625 0.035416666666666666
0 0.42890625 0.29791666666666666 0.0265625 0.04479166666666667
0 0.0140625 0.28229166666666666 0.028125 0.06354166666666666
0 0.02734375 0.14375 0.025 0.03958333333333333