0 0.09765625 0.74765625 0.0984375 0.06171875
0 0.078125 0.65390625 0.09609375 0.0453125
0 0.10078125 0.86875 0.0796875 0.090625
0 0.071875 0.5734375 0.09609375 0.05
0 0.06015625 0.49140625 0.0734375 0.040625
0 0.0453125 0.39375 0.090625 0.05703125
0 0.44375 0.78046875 0.0421875 0.05625
0 0.5515625 0.6578125 0.0375 0.0515625
0 0.55234375 0.82265625 0.0265625 0.06640625
0 0.58359375 0.7765625 0.03515625 0.0515625
0 0.6453125 0.9484375 0.0375 0.06171875
0 0.67421875 0.93984375 0.03828125 0.05390625
0 0.440625 0.546875 0.06171875 0.0265625
0 0.4984375 0.66328125 0.05234375 0.025
0 0.49609375 0.72578125 0.0421875 0.01796875
0 0.5140625 0.80390625 0.04921875 0.06328125
0 0.40625 0.43671875 0.02109375 0.034375
0 0.37421875 0.39453125 0.03125 0.0375
0 0.40703125 0.38671875 0.03515625 0.046875
0 0.353125 0.44609375 0.0390625 0.03984375
0 0.42578125 0.43671875 0.0234375 0.034375
0 0.19140625 0.53515625 0.04921875 0.0515625
0 0.47578125 0.43671875 0.02578125 0.02734375
0 0.503125 0.43046875 0.02109375 0.04140625
0 0.478125 0.35703125 0.01171875 0.04296875
0 0.4140625 0.2484375 0.0296875 0.03125
0 0.43828125 0.2421875 0.01171875 0.034375
0 0.79453125 0.47578125 0.0328125 0.03046875
0 0.809375 0.51171875 0.03125 0.021875
0 0.82734375 0.54765625 0.034375 0.021875
0 0.85234375 0.61953125 0.0296875 0.0296875
0 0.884375 0.66640625 0.03515625 0.02109375
0 0.9 0.75703125 0.02578125 0.0421875
0 0.90703125 0.7171875 0.025 0.03359375
0 0.934375 0.784375 0.0328125 0.0359375
0 0.34296875 0.23203125 0.02265625 0.0328125
0 0.3640625 0.234375 0.025 0.02734375
1 0.43125 0.609375 0.03359375 0.0390625
0 0.6140625 0.76328125 0.0203125 0.0578125
0 0.20546875 0.15078125 0.0265625 0.02890625
0 0.2328125 0.15625 0.01328125 0.03125
0 0.25546875 0.15859375 0.0203125 0.03125
0 0.39453125 0.3421875 0.021875 0.02890625
0 0.44296875 0.3453125 0.03046875 0.03046875
0 0.38671875 0.17734375 0.02109375 0.034375
0 0.409375 0.17734375 0.02421875 0.0328125
0 0.575 0.928125 0.05078125 0.05390625
0 0.57421875 0.9828125 0.071875 0.03359375