0 0.66640625 0.11770833333333333 0.04375 0.10104166666666667
0 0.3796875 0.4791666666666667 0.0953125 0.06354166666666666
0 0.37734375 0.3854166666666667 0.1140625 0.07604166666666666
0 0.38046875 0.3 0.1140625 0.07604166666666666
0 0.1796875 0.4666666666666667 0.12578125 0.08020833333333334
0 0.17734375 0.3854166666666667 0.125 0.059375
0 0.1734375 0.30833333333333335 0.12421875 0.075
1 0.55 0.559375 0.01953125 0.06875
0 0.61875 0.5583333333333333 0.03203125 0.07708333333333334
1 0.55 0.6895833333333333 0.025 0.078125
0 0.61875 0.6833333333333333 0.03828125 0.08958333333333333
1 0.54921875 0.8208333333333333 0.02734375 0.07708333333333334
0 0.615625 0.8177083333333334 0.040625 0.09375
1 0.52265625 0.928125 0.02734375 0.07083333333333333
1 0.54765625 0.928125 0.0203125 0.075
0 0.61484375 0.925 0.0359375 0.09583333333333334
1 0.5265625 0.5625 0.0234375 0.075