0 0.44296875 0.5333333333333333 0.12578125 0.09791666666666667
0 0.20859375 0.16145833333333334 0.09765625 0.07291666666666667
1 0.11875 0.4479166666666667 0.03125 0.08541666666666667
0 0.17890625 0.3489583333333333 0.059375 0.071875
0 0.29453125 0.3541666666666667 0.07578125 0.04479166666666667
0 0.3515625 0.334375 0.028125 0.05520833333333333
0 0.4078125 0.25416666666666665 0.04609375 0.05416666666666667
0 0.4078125 0.16770833333333332 0.0375 0.06770833333333333
1 0.03046875 0.16041666666666668 0.0328125 0.04895833333333333
1 0.06796875 0.159375 0.03359375 0.042708333333333334
0 0.10078125 0.18125 0.040625 0.016666666666666666
0 0.115625 0.153125 0.05234375 0.027083333333333334
1 0.0484375 0.35 0.03984375 0.053125
1 0.43046875 0.42916666666666664 0.02578125 0.053125
1 0.4640625 0.421875 0.03828125 0.06354166666666666
0 0.515625 0.453125 0.0375 0.04375
1 0.51484375 0.40625 0.0515625 0.04479166666666667
0 0.3734375 0.06354166666666666 0.0578125 0.06354166666666666
0 0.425 0.03854166666666667 0.03359375 0.046875
0 0.25625 0.019791666666666666 0.04375 0.03958333333333333