0 0.703125 0.5296875 0.08046875 0.05078125
0 0.70703125 0.4890625 0.0765625 0.0390625
0 0.7140625 0.41328125 0.08359375 0.0375
0 0.71484375 0.390625 0.08515625 0.03515625
0 0.76484375 0.2515625 0.0390625 0.0609375
0 0.5046875 0.528125 0.07734375 0.05078125
0 0.58203125 0.4109375 0.04765625 0.07890625
0 0.634375 0.40703125 0.04140625 0.0671875
0 0.14140625 0.51171875 0.07890625 0.03984375
0 0.18359375 0.4703125 0.08515625 0.03984375
0 0.190625 0.39609375 0.1 0.02890625
0 0.19453125 0.36640625 0.08203125 0.03671875
0 0.046875 0.38671875 0.040625 0.0765625
0 0.09921875 0.38828125 0.06015625 0.08046875
0 0.4890625 0.41015625 0.078125 0.0328125
0 0.6640625 0.30078125 0.08359375 0.03828125
1 0.6640625 0.2703125 0.08671875 0.0265625
1 0.665625 0.2375 0.08359375 0.02890625