1 0.2953125 0.46041666666666664 0.02421875 0.057291666666666664
1 0.315625 0.4552083333333333 0.0234375 0.06354166666666666
0 0.3890625 0.4239583333333333 0.02890625 0.0625
0 0.41015625 0.42291666666666666 0.02421875 0.05
0 0.409375 0.41770833333333335 0.025 0.06770833333333333
0 0.4515625 0.421875 0.028125 0.06354166666666666
0 0.48828125 0.4239583333333333 0.03046875 0.06875
0 0.465625 0.5770833333333333 0.0234375 0.057291666666666664
0 0.48515625 0.5614583333333333 0.0234375 0.084375
0 0.409375 0.509375 0.0375 0.03125
0 0.37421875 0.7864583333333334 0.02265625 0.058333333333333334
0 0.41328125 0.8572916666666667 0.04453125 0.042708333333333334
0 0.40078125 0.7875 0.01796875 0.065625
0 0.45078125 0.7833333333333333 0.01484375 0.08125
0 0.48671875 0.815625 0.02265625 0.08333333333333333
0 0.8375 0.6614583333333334 0.03984375 0.07708333333333334
0 0.87890625 0.9083333333333333 0.03828125 0.0375
1 0.90703125 0.5927083333333333 0.0421875 0.026041666666666668
1 0.96875 0.6979166666666666 0.021875 0.065625
1 0.95234375 0.6291666666666667 0.0234375 0.06979166666666667
1 0.91328125 0.10416666666666667 0.03203125 0.03229166666666667