0 0.44296875 0.5328125 0.12578125 0.0984375
0 0.20859375 0.16171875 0.09765625 0.07265625
1 0.11875 0.44765625 0.03125 0.0859375
0 0.17890625 0.34921875 0.059375 0.071875
0 0.29453125 0.35390625 0.07578125 0.0453125
0 0.3515625 0.334375 0.028125 0.05546875
0 0.4078125 0.2546875 0.04609375 0.0546875
0 0.4078125 0.16796875 0.0375 0.06796875
1 0.03046875 0.16015625 0.0328125 0.04921875
1 0.06796875 0.159375 0.03359375 0.0421875
0 0.10078125 0.18203125 0.040625 0.01640625
0 0.115625 0.153125 0.05234375 0.0265625
1 0.0484375 0.35 0.03984375 0.053125
1 0.43046875 0.42890625 0.02578125 0.05234375
1 0.4640625 0.421875 0.03828125 0.06328125
0 0.515625 0.453125 0.0375 0.04375
1 0.51484375 0.40625 0.0515625 0.04453125
0 0.3734375 0.06328125 0.0578125 0.06328125
0 0.425 0.03828125 0.03359375 0.046875
0 0.25625 0.0203125 0.04375 0.03984375