0 0.60234375 0.3645833333333333 0.12734375 0.09270833333333334
0 0.7328125 0.34375 0.103125 0.08125
1 0.86484375 0.6083333333333333 0.04921875 0.07604166666666666
0 0.90546875 0.5083333333333333 0.03984375 0.0625
1 0.86875 0.7875 0.0359375 0.06875
1 0.87578125 0.7041666666666667 0.0359375 0.07916666666666666
1 0.87578125 0.6979166666666666 0.05 0.06979166666666667
0 0.92578125 0.6947916666666667 0.05234375 0.09791666666666667
1 0.1609375 0.615625 0.0546875 0.051041666666666666
1 0.1671875 0.5802083333333333 0.05625 0.071875
1 0.20703125 0.6166666666666667 0.05625 0.04583333333333333
1 0.2125 0.5916666666666667 0.05078125 0.03854166666666667