0 0.484375 0.5010416666666667 0.034375 0.071875
0 0.50546875 0.5104166666666666 0.02890625 0.06041666666666667
0 0.534375 0.50625 0.01796875 0.05416666666666667
0 0.48125 0.40729166666666666 0.02109375 0.052083333333333336
0 0.503125 0.40729166666666666 0.02734375 0.052083333333333336
0 0.5328125 0.4197916666666667 0.03671875 0.05520833333333333
0 0.96171875 0.628125 0.0546875 0.041666666666666664
0 0.959375 0.5770833333333333 0.05 0.04895833333333333
1 0.06953125 0.746875 0.040625 0.034375
1 0.028125 0.734375 0.0375 0.021875
1 0.03046875 0.7125 0.04140625 0.028125
1 0.07734375 0.7125 0.04140625 0.028125
1 0.1 0.7947916666666667 0.03125 0.03854166666666667
1 0.10703125 0.765625 0.03203125 0.030208333333333334
1 0.13671875 0.7770833333333333 0.04140625 0.04375
0 0.14375 0.8833333333333333 0.05859375 0.05416666666666667
1 0.634375 0.9395833333333333 0.02734375 0.04895833333333333
1 0.63203125 0.8927083333333333 0.02578125 0.03854166666666667
1 0.6515625 0.946875 0.021875 0.07083333333333333
1 0.64765625 0.89375 0.01875 0.042708333333333334
0 0.83671875 0.6375 0.03671875 0.028125