0 0.478125 0.4354166666666667 0.03359375 0.06041666666666667
0 0.475 0.3572916666666667 0.03125 0.052083333333333336
0 0.51171875 0.44166666666666665 0.03671875 0.057291666666666664
0 0.5125 0.3541666666666667 0.03984375 0.06145833333333333
0 0.5328125 0.44583333333333336 0.0375 0.065625
0 0.5578125 0.3572916666666667 0.0234375 0.052083333333333336
0 0.30234375 0.33125 0.04296875 0.05
0 0.3265625 0.34375 0.0359375 0.04583333333333333
0 0.26953125 0.565625 0.03046875 0.05
0 0.28984375 0.5666666666666667 0.0234375 0.028125
0 0.1828125 0.68125 0.06171875 0.03229166666666667
0 0.22890625 0.7822916666666667 0.034375 0.05
0 0.11171875 0.21666666666666667 0.0328125 0.019791666666666666
0 0.0984375 0.38645833333333335 0.02421875 0.04375
0 0.58046875 0.25 0.02890625 0.019791666666666666
0 0.64140625 0.25625 0.03828125 0.023958333333333335
0 0.70078125 0.26145833333333335 0.0390625 0.021875
1 0.6171875 0.7052083333333333 0.0109375 0.013541666666666667
1 0.61875 0.68125 0.0171875 0.023958333333333335
1 0.6328125 0.7052083333333333 0.01796875 0.016666666666666666
1 0.6359375 0.6802083333333333 0.01640625 0.021875