0 0.75859375 0.2421875 0.10390625 0.071875
0 0.62734375 0.80234375 0.04453125 0.04609375
0 0.6625 0.7421875 0.10625 0.06640625
0 0.240625 0.884375 0.125 0.109375
0 0.42734375 0.90625 0.09140625 0.05390625
0 0.13203125 0.971875 0.07578125 0.05546875
0 0.6890625 0.925 0.06171875 0.040625
0 0.6265625 0.35625 0.05546875 0.03203125
0 0.89609375 0.23125 0.02890625 0.07421875
0 0.52265625 0.46171875 0.0359375 0.084375
0 0.51328125 0.36328125 0.03515625 0.046875
0 0.58515625 0.30703125 0.05078125 0.0296875
0 0.58671875 0.25234375 0.0546875 0.04921875
0 0.5359375 0.70859375 0.0328125 0.0625
0 0.57421875 0.52421875 0.04140625 0.0390625
1 0.9328125 0.09609375 0.04296875 0.028125
1 0.9328125 0.05234375 0.05 0.025
1 0.9484375 0.20546875 0.03984375 0.0265625
1 0.346875 0.87109375 0.03984375 0.10859375