0 0.296875 0.4640625 0.05 0.0859375
0 0.334375 0.46328125 0.0390625 0.11015625
0 0.38203125 0.4640625 0.0390625 0.1125
0 0.56953125 0.51953125 0.03046875 0.0546875
0 0.61171875 0.52890625 0.03984375 0.05625
0 0.653125 0.47109375 0.02890625 0.065625
0 0.475 0.7828125 0.0671875 0.0609375
0 0.70703125 0.803125 0.04453125 0.0546875
0 0.9 0.90546875 0.06875 0.06875
0 0.959375 0.728125 0.0625 0.0265625
0 0.125 0.6828125 0.05234375 0.03515625
0 0.18828125 0.6921875 0.04453125 0.0328125
0 0.075 0.68359375 0.0796875 0.0703125
0 0.321875 0.309375 0.03984375 0.08828125
0 0.35703125 0.31015625 0.03203125 0.08671875
0 0.92421875 0.4296875 0.040625 0.0671875
1 0.1515625 0.61015625 0.04296875 0.02734375
1 0.20859375 0.6203125 0.04140625 0.0234375