0 0.49453125 0.5416666666666666 0.0421875 0.04791666666666667
0 0.60390625 0.59375 0.0609375 0.040625
0 0.784375 0.7979166666666667 0.075 0.04895833333333333
0 0.38046875 0.503125 0.01875 0.04375
0 0.6859375 0.5302083333333333 0.02734375 0.030208333333333334
0 0.73359375 0.6447916666666667 0.02578125 0.05520833333333333
0 0.72578125 0.6041666666666666 0.02265625 0.04479166666666667
1 0.46796875 0.40520833333333334 0.0296875 0.017708333333333333
0 0.503125 0.41041666666666665 0.01953125 0.019791666666666666
0 0.50390625 0.39166666666666666 0.0234375 0.017708333333333333
0 0.67109375 0.43333333333333335 0.0109375 0.020833333333333332
0 0.6953125 0.4552083333333333 0.00859375 0.016666666666666666
0 0.71171875 0.4552083333333333 0.01015625 0.023958333333333335
0 0.4796875 0.646875 0.025 0.026041666666666668
0 0.25546875 0.4583333333333333 0.021875 0.041666666666666664
1 0.8125 0.728125 0.03984375 0.03125
1 0.7359375 0.5375 0.0234375 0.025
1 0.7578125 0.5229166666666667 0.01875 0.014583333333333334
1 0.52109375 0.44583333333333336 0.025 0.009375
1 0.3015625 0.43333333333333335 0.025 0.016666666666666666
1 0.36484375 0.4354166666666667 0.0265625 0.016666666666666666