0 0.3765625 0.45625 0.0609375 0.09895833333333333
0 0.659375 0.3489583333333333 0.05390625 0.08125
1 0.3625 0.28125 0.0328125 0.06666666666666667
1 0.19375 0.20208333333333334 0.03984375 0.04583333333333333
0 0.23046875 0.640625 0.06875 0.052083333333333336
0 0.14296875 0.5833333333333334 0.06640625 0.036458333333333336
0 0.15390625 0.37916666666666665 0.04296875 0.078125
0 0.1046875 0.4635416666666667 0.040625 0.051041666666666666
0 0.42265625 0.6635416666666667 0.06171875 0.07604166666666666
0 0.78828125 0.7864583333333334 0.04921875 0.046875
0 0.94375 0.5416666666666666 0.04140625 0.06979166666666667
0 0.9765625 0.565625 0.046875 0.08125
0 0.45546875 0.7333333333333333 0.07734375 0.030208333333333334