1 0.3671875 0.79453125 0.05390625 0.04375
1 0.23515625 0.79765625 0.04765625 0.04609375
1 0.284375 0.78125 0.046875 0.0390625
1 0.05546875 0.69375 0.04921875 0.03359375
1 0.06015625 0.665625 0.06171875 0.0328125
1 0.0625 0.63359375 0.05234375 0.03671875
1 0.58203125 0.2328125 0.0140625 0.06796875
1 0.5328125 0.1890625 0.040625 0.06484375
1 0.665625 0.88984375 0.03125 0.07734375
1 0.190625 0.44609375 0.01875 0.06640625
1 0.1484375 0.32734375 0.0546875 0.034375
0 0.09765625 0.51328125 0.065625 0.05
0 0.33515625 0.56640625 0.034375 0.08125
0 0.284375 0.7453125 0.05234375 0.03515625