0 0.2078125 0.18333333333333332 0.04609375 0.06979166666666667
0 0.44453125 0.284375 0.08515625 0.06770833333333333
0 0.44296875 0.22916666666666666 0.07265625 0.028125
0 0.52890625 0.33541666666666664 0.0859375 0.04895833333333333
0 0.37734375 0.36770833333333336 0.0640625 0.034375
0 0.36171875 0.3333333333333333 0.06328125 0.029166666666666667
0 0.6453125 0.7041666666666667 0.07421875 0.041666666666666664
0 0.24375 0.7989583333333333 0.04609375 0.10208333333333333
0 0.23984375 0.7010416666666667 0.0375 0.071875
0 0.37265625 0.7666666666666667 0.03828125 0.10416666666666667
0 0.940625 0.22604166666666667 0.0875 0.05520833333333333
0 0.9328125 0.17708333333333334 0.0796875 0.046875
0 0.21328125 0.49166666666666664 0.04453125 0.0625
0 0.228125 0.6041666666666666 0.05234375 0.103125
1 0.2890625 0.47708333333333336 0.03671875 0.057291666666666664
1 0.29609375 0.5770833333333333 0.03203125 0.08645833333333333
1 0.31015625 0.47604166666666664 0.03359375 0.071875
1 0.32109375 0.5729166666666666 0.025 0.090625
1 0.43125 0.6447916666666667 0.040625 0.07708333333333334
1 0.440625 0.7395833333333334 0.040625 0.06770833333333333