1 0.40625 0.7989583333333333 0.05859375 0.052083333333333336
1 0.4046875 0.721875 0.0453125 0.051041666666666666
1 0.40625 0.6447916666666667 0.0546875 0.051041666666666666
1 0.4078125 0.5635416666666667 0.05859375 0.046875
1 0.40625 0.478125 0.065625 0.06041666666666667
1 0.46875 0.42916666666666664 0.04375 0.06145833333333333
1 0.475 0.5166666666666667 0.05234375 0.04479166666666667
1 0.47421875 0.68125 0.04296875 0.07604166666666666
1 0.475 0.6114583333333333 0.0546875 0.046875
0 0.36015625 0.95625 0.04140625 0.035416666666666666
1 0.42109375 0.8822916666666667 0.06015625 0.042708333333333334
1 0.4828125 0.8447916666666667 0.0515625 0.051041666666666666
1 0.46875 0.775 0.03984375 0.058333333333333334
0 0.340625 0.39479166666666665 0.02734375 0.05520833333333333
1 0.1 0.6572916666666667 0.07421875 0.05520833333333333