0 0.67734375 0.5208333333333334 0.0171875 0.030208333333333334
0 0.7921875 0.3333333333333333 0.0328125 0.03854166666666667
0 0.6109375 0.41041666666666665 0.03359375 0.036458333333333336
0 0.5296875 0.50625 0.0390625 0.057291666666666664
0 0.45625 0.6104166666666667 0.03828125 0.029166666666666667
1 0.26953125 0.5270833333333333 0.01953125 0.023958333333333335
0 0.27734375 0.4895833333333333 0.0171875 0.036458333333333336
1 0.290625 0.5322916666666667 0.0234375 0.027083333333333334
0 0.3046875 0.49375 0.01875 0.034375
0 0.3453125 0.8020833333333334 0.0203125 0.025
0 0.36484375 0.7760416666666666 0.04609375 0.03229166666666667
0 0.103125 0.8114583333333333 0.0546875 0.036458333333333336
0 0.1953125 0.8302083333333333 0.02265625 0.027083333333333334
0 0.0296875 0.8427083333333333 0.05078125 0.040625
0 0.3671875 0.85 0.03125 0.03333333333333333
0 0.3875 0.640625 0.025 0.022916666666666665
0 0.4703125 0.41041666666666665 0.03203125 0.023958333333333335
0 0.5125 0.36354166666666665 0.0234375 0.042708333333333334
0 0.60625 0.3416666666666667 0.0375 0.022916666666666665
0 0.65390625 0.3416666666666667 0.01484375 0.016666666666666666
0 0.3 0.37083333333333335 0.021875 0.023958333333333335
0 0.7296875 0.41041666666666665 0.0171875 0.026041666666666668
0 0.7640625 0.475 0.01484375 0.023958333333333335
1 0.59375 0.6104166666666667 0.02421875 0.01875
0 0.5921875 0.5822916666666667 0.02578125 0.009375
1 0.590625 0.5697916666666667 0.021875 0.008333333333333333
1 0.590625 0.5583333333333333 0.021875 0.0125
1 0.49296875 0.496875 0.03125 0.0125
1 0.409375 0.50625 0.01640625 0.01875
1 0.5015625 0.6145833333333334 0.01015625 0.01875
1 0.52421875 0.61875 0.0125 0.025
0 0.54375 0.6208333333333333 0.01328125 0.025
0 0.5640625 0.6166666666666667 0.015625 0.026041666666666668
0 0.290625 0.7677083333333333 0.028125 0.03229166666666667
0 0.296875 0.7322916666666667 0.01953125 0.017708333333333333
0 0.3328125 0.7041666666666667 0.01796875 0.01875
0 0.30703125 0.6770833333333334 0.015625 0.026041666666666668
0 0.3125 0.6458333333333334 0.0203125 0.022916666666666665