0 0.74453125 0.9489583333333333 0.1453125 0.08020833333333334
0 0.73671875 0.8760416666666667 0.11953125 0.071875
0 0.9015625 0.40208333333333335 0.0734375 0.03958333333333333
0 0.421875 0.8114583333333333 0.0421875 0.07708333333333334
0 0.4265625 0.71875 0.04296875 0.071875
0 0.42734375 0.6208333333333333 0.04140625 0.06458333333333334
0 0.428125 0.5364583333333334 0.03984375 0.07708333333333334
1 0.51484375 0.5395833333333333 0.028125 0.06458333333333334
1 0.54921875 0.5395833333333333 0.04140625 0.057291666666666664
1 0.509375 0.8104166666666667 0.0328125 0.06041666666666667
1 0.5140625 0.71875 0.0421875 0.059375
1 0.5453125 0.809375 0.028125 0.06145833333333333