1 0.32109375 0.38229166666666664 0.06015625 0.09270833333333334
0 0.34921875 0.7958333333333333 0.05390625 0.10833333333333334
0 0.41015625 0.7885416666666667 0.0484375 0.12708333333333333
0 0.31484375 0.47708333333333336 0.04765625 0.057291666666666664
1 0.80078125 0.225 0.01328125 0.06979166666666667
0 0.84921875 0.234375 0.0203125 0.08854166666666667
1 0.79375 0.134375 0.028125 0.058333333333333334
0 0.8484375 0.11979166666666667 0.03125 0.07708333333333334
0 0.0546875 0.29270833333333335 0.03515625 0.071875
0 0.56015625 0.3854166666666667 0.06328125 0.053125
1 0.77734375 0.21875 0.02265625 0.058333333333333334