0 0.484375 0.50078125 0.034375 0.071875
0 0.50546875 0.51015625 0.02890625 0.0609375
0 0.534375 0.50625 0.01796875 0.05390625
0 0.48125 0.4078125 0.02109375 0.0515625
0 0.503125 0.4078125 0.02734375 0.0515625
0 0.5328125 0.41953125 0.03671875 0.0546875
0 0.96171875 0.62734375 0.0546875 0.0421875
0 0.959375 0.57734375 0.05 0.04921875
1 0.06953125 0.746875 0.040625 0.034375
1 0.028125 0.734375 0.0375 0.021875
1 0.03046875 0.7125 0.04140625 0.02890625
1 0.07734375 0.7125 0.04140625 0.02890625
1 0.1 0.79453125 0.03125 0.03828125
1 0.10703125 0.765625 0.03203125 0.0296875
1 0.13671875 0.7765625 0.04140625 0.04375
0 0.14375 0.88359375 0.05859375 0.05390625
1 0.634375 0.9390625 0.02734375 0.0484375
1 0.63203125 0.89296875 0.02578125 0.03828125
1 0.6515625 0.94609375 0.021875 0.07109375
1 0.64765625 0.89375 0.01875 0.0421875
0 0.83671875 0.6375 0.03671875 0.02890625