0 0.73359375 0.28958333333333336 0.0859375 0.05
0 0.6609375 0.40729166666666666 0.08671875 0.021875
0 0.54921875 0.40520833333333334 0.0578125 0.030208333333333334
1 0.60078125 0.5666666666666667 0.0671875 0.023958333333333335
1 0.6 0.5479166666666667 0.0734375 0.021875
0 0.5875 0.5135416666666667 0.06484375 0.034375
0 0.74921875 0.428125 0.06015625 0.027083333333333334
0 0.75703125 0.38958333333333334 0.08203125 0.03333333333333333
0 0.503125 0.5510416666666667 0.034375 0.05520833333333333
1 0.171875 0.478125 0.0625 0.017708333333333333
1 0.1734375 0.45416666666666666 0.0578125 0.019791666666666666
0 0.24609375 0.48020833333333335 0.07265625 0.026041666666666668
0 0.23046875 0.6208333333333333 0.06640625 0.03229166666666667
0 0.5515625 0.346875 0.06171875 0.034375