1 0.16796875 0.68828125 0.03515625 0.034375
1 0.171875 0.634375 0.0484375 0.05546875
1 0.16640625 0.56953125 0.03828125 0.034375
1 0.165625 0.50625 0.05234375 0.0484375
1 0.225 0.71875 0.04375 0.053125
1 0.2125 0.65703125 0.04609375 0.03359375
1 0.2078125 0.6015625 0.03359375 0.040625
1 0.21484375 0.54921875 0.03515625 0.03515625
1 0.21875 0.4796875 0.0546875 0.0546875
0 0.13125 0.89296875 0.04921875 0.06484375
1 0.1703125 0.82265625 0.04296875 0.0484375
1 0.22265625 0.7921875 0.03828125 0.05390625
1 0.17421875 0.7609375 0.03515625 0.03828125
0 0.05703125 0.20390625 0.0796875 0.03984375
0 0.1296875 0.46328125 0.02734375 0.03359375