0 0.56875 0.56484375 0.15625 0.0671875
0 0.57421875 0.51015625 0.15390625 0.03671875
0 0.56875 0.45390625 0.15625 0.0453125
0 0.3109375 0.57578125 0.159375 0.071875
0 0.3140625 0.51484375 0.1890625 0.05
0 0.29921875 0.4375 0.13828125 0.06171875
0 0.775 0.74453125 0.08359375 0.10859375
0 0.96796875 0.8984375 0.0640625 0.0375
0 0.9046875 0.86484375 0.034375 0.05390625
0 0.96953125 0.86484375 0.0609375 0.0375
0 0.1796875 0.9203125 0.08984375 0.02734375
0 0.159375 0.88671875 0.075 0.02734375
1 0.03125 0.06328125 0.0546875 0.0671875
1 0.00703125 0.16875 0.0140625 0.06953125
1 0.0296875 0.278125 0.03046875 0.06015625
1 0.0375 0.39140625 0.03125 0.05703125
1 0.07734375 0.38671875 0.04453125 0.05078125
1 0.046875 0.978125 0.0359375 0.04296875
1 0.078125 0.978125 0.025 0.04296875