1 0.3171875 0.2833333333333333 0.015625 0.04375
1 0.3359375 0.28020833333333334 0.0171875 0.03229166666666667
1 0.33984375 0.24375 0.02421875 0.01875
1 0.34296875 0.2125 0.0234375 0.013541666666666667
0 0.3984375 0.21041666666666667 0.03359375 0.04375
0 0.4265625 0.20833333333333334 0.0296875 0.06041666666666667
0 0.38515625 0.553125 0.0328125 0.07708333333333334
0 0.3796875 0.6447916666666667 0.02421875 0.06875
0 0.35546875 0.41041666666666665 0.0390625 0.041666666666666664
0 0.390625 0.33541666666666664 0.02578125 0.04479166666666667
0 0.26875 0.36041666666666666 0.02421875 0.04895833333333333
0 0.32421875 0.08125 0.04140625 0.051041666666666666
0 0.4109375 0.91875 0.0859375 0.090625
0 0.24765625 0.559375 0.071875 0.028125
0 0.2546875 0.753125 0.05390625 0.05
0 0.3125 0.74375 0.0453125 0.042708333333333334
0 0.15234375 0.45625 0.07109375 0.041666666666666664
0 0.1171875 0.6375 0.040625 0.05520833333333333
0 0.165625 0.17708333333333334 0.04296875 0.03125
0 0.165625 0.14791666666666667 0.03984375 0.019791666666666666
0 0.365625 0.18125 0.01640625 0.036458333333333336
1 0.2609375 0.4114583333333333 0.01328125 0.029166666666666667
1 0.275 0.4114583333333333 0.01171875 0.036458333333333336
1 0.30625 0.409375 0.01171875 0.03333333333333333
1 0.46171875 0.365625 0.0421875 0.022916666666666665
1 0.37265625 0.259375 0.02421875 0.029166666666666667
1 0.42734375 0.39895833333333336 0.025 0.014583333333333334
1 0.4234375 0.4479166666666667 0.02265625 0.01875
1 0.46015625 0.47708333333333336 0.0265625 0.022916666666666665
1 0.40625 0.12083333333333333 0.0265625 0.014583333333333334
1 0.3625 0.08541666666666667 0.015625 0.034375
1 0.40546875 0.10208333333333333 0.02265625 0.015625
1 0.3671875 0.04479166666666667 0.0140625 0.020833333333333332
1 0.38359375 0.041666666666666664 0.01953125 0.028125
1 0.1625 0.571875 0.0109375 0.04479166666666667
1 0.17578125 0.5635416666666667 0.0109375 0.03854166666666667
1 0.41640625 0.8125 0.02265625 0.058333333333333334
1 0.45234375 0.7864583333333334 0.04609375 0.026041666666666668
1 0.40234375 0.8104166666666667 0.01640625 0.04583333333333333
1 0.2328125 0.81875 0.01953125 0.04791666666666667
1 0.19609375 0.7510416666666667 0.01796875 0.04895833333333333
1 0.35390625 0.61875 0.0234375 0.023958333333333335
1 0.35625 0.5895833333333333 0.0265625 0.015625