0 0.25234375 0.4078125 0.03515625 0.04453125
0 0.27421875 0.38515625 0.04140625 0.053125
0 0.38203125 0.53203125 0.028125 0.05
0 0.56484375 0.365625 0.0359375 0.06875
0 0.64453125 0.36484375 0.03828125 0.0375
0 0.5984375 0.321875 0.015625 0.0390625
0 0.6640625 0.3390625 0.053125 0.0390625
1 0.2984375 0.62890625 0.01484375 0.02890625
0 0.3578125 0.72421875 0.021875 0.01875
0 0.37890625 0.69453125 0.028125 0.034375
0 0.36953125 0.62578125 0.0203125 0.0296875
0 0.23515625 0.6296875 0.028125 0.034375
0 0.11171875 0.890625 0.02265625 0.06875
0 0.18984375 0.88203125 0.02734375 0.046875
0 0.2296875 0.83671875 0.03515625 0.03984375
0 0.2125 0.81953125 0.02578125 0.034375
0 0.2625 0.74296875 0.04375 0.03828125
0 0.3109375 0.72578125 0.040625 0.0421875
0 0.109375 0.54609375 0.06484375 0.06171875
0 0.1375 0.715625 0.03984375 0.06328125
0 0.0796875 0.39609375 0.0546875 0.065625
0 0.03515625 0.2375 0.0390625 0.05234375
0 0.12421875 0.08671875 0.03671875 0.04375
1 0.72578125 0.2609375 0.02578125 0.02109375
1 0.75546875 0.23125 0.02578125 0.0203125
0 0.06796875 0.834375 0.0453125 0.04765625
0 0.02890625 0.64296875 0.04140625 0.03828125
1 0.31640625 0.4765625 0.01953125 0.046875