0 0.38984375 0.66484375 0.040625 0.08125
0 0.3953125 0.5765625 0.04453125 0.06875
0 0.3890625 0.771875 0.0421875 0.08203125
0 0.38984375 0.87109375 0.0453125 0.07890625
0 0.7296875 0.95234375 0.1296875 0.084375
0 0.90703125 0.43125 0.08671875 0.046875
1 0.4859375 0.66328125 0.03203125 0.06953125
1 0.484375 0.57734375 0.03203125 0.06484375
1 0.5171875 0.575 0.03203125 0.07578125
1 0.48203125 0.76953125 0.03671875 0.0609375
1 0.48203125 0.86796875 0.03515625 0.06796875
1 0.51796875 0.86953125 0.04140625 0.0609375