0 0.478125 0.47109375 0.03515625 0.075
0 0.5015625 0.4625 0.028125 0.0671875
0 0.3296875 0.45390625 0.03984375 0.0796875
0 0.275 0.58671875 0.03515625 0.08125
0 0.35 0.696875 0.0359375 0.0703125
0 0.69765625 0.6859375 0.05546875 0.04453125
0 0.73984375 0.690625 0.0546875 0.04765625
0 0.75 0.76015625 0.02421875 0.06953125
0 0.7734375 0.75078125 0.03046875 0.06875
0 0.5453125 0.10703125 0.05703125 0.04765625
0 0.409375 0.1375 0.05625 0.03984375
0 0.37109375 0.3109375 0.046875 0.046875
0 0.1375 0.7546875 0.0515625 0.08984375
0 0.240625 0.72421875 0.0453125 0.04375
0 0.28515625 0.728125 0.0484375 0.04453125
0 0.50625 0.65625 0.03046875 0.06328125
0 0.43515625 0.75625 0.03671875 0.03359375
0 0.4375 0.7359375 0.04921875 0.0359375
0 0.48046875 0.7625 0.03828125 0.03125
1 0.2734375 0.50859375 0.02890625 0.01640625
1 0.27421875 0.4890625 0.03125 0.02734375
1 0.290625 0.38671875 0.025 0.02109375
1 0.28984375 0.36953125 0.03203125 0.02421875
1 0.29140625 0.325 0.0265625 0.021875
1 0.43515625 0.25625 0.0171875 0.0234375
1 0.43515625 0.228125 0.028125 0.02421875