0 0.7776442307692307 0.7163461538461539 0.18990384615384615 0.16346153846153846
0 0.5360576923076923 0.45913461538461536 0.004807692307692308 0.004807692307692308
0 0.3918269230769231 0.43990384615384615 0.009615384615384616 0.009615384615384616
0 0.5216346153846154 0.421875 0.019230769230769232 0.05048076923076923
0 0.5625 0.5168269230769231 0.27403846153846156 0.2692307692307692
0 0.4266826923076923 0.31490384615384615 0.15625 0.1201923076923077
0 0.43509615384615385 0.21514423076923078 0.02403846153846154 0.021634615384615384
0 0.44591346153846156 0.203125 0.002403846153846154 0.002403846153846154
1 0.6790865384615384 0.9915865384615384 0.002403846153846154 0.002403846153846154
1 0.6538461538461539 0.9939903846153846 0.004807692307692308 0.01201923076923077
1 0.1935096153846154 0.9819711538461539 0.002403846153846154 0.002403846153846154
1 0.6790865384615384 0.9771634615384616 0.002403846153846154 0.002403846153846154
1 0.2247596153846154 0.9807692307692307 0.06009615384615385 0.038461538461538464
1 0.796875 0.9579326923076923 0.002403846153846154 0.002403846153846154
1 0.8269230769230769 0.9555288461538461 0.004807692307692308 0.002403846153846154
1 0.8533653846153846 0.953125 0.004807692307692308 0.002403846153846154
1 0.6670673076923077 0.9507211538461539 0.002403846153846154 0.002403846153846154
1 0.6237980769230769 0.9735576923076923 0.0889423076923077 0.052884615384615384
1 0.8713942307692307 0.9495192307692307 0.007211538461538462 0.014423076923076924
1 0.6526442307692307 0.9483173076923077 0.016826923076923076 0.01201923076923077
1 0.8737980769230769 0.9362980769230769 0.002403846153846154 0.002403846153846154
1 0.8569711538461539 0.9350961538461539 0.007211538461538462 0.004807692307692308
1 0.8677884615384616 0.9326923076923077 0.004807692307692308 0.004807692307692308
1 0.8786057692307693 0.9290865384615384 0.002403846153846154 0.002403846153846154
1 0.36538461538461536 0.9423076923076923 0.038461538461538464 0.038461538461538464
1 0.23076923076923078 0.9459134615384616 0.08173076923076923 0.04567307692307692
1 0.18389423076923078 0.921875 0.002403846153846154 0.002403846153846154
1 0.17908653846153846 0.921875 0.002403846153846154 0.002403846153846154
1 0.8653846153846154 0.9591346153846154 0.2692307692307692 0.08173076923076923
1 0.5432692307692307 0.9182692307692307 0.009615384615384616 0.009615384615384616
1 0.5829326923076923 0.9182692307692307 0.016826923076923076 0.014423076923076924
1 0.9495192307692307 0.9134615384615384 0.02403846153846154 0.009615384615384616
1 0.6165865384615384 0.9254807692307693 0.026442307692307692 0.03365384615384615
1 0.3401442307692308 0.9110576923076923 0.007211538461538462 0.004807692307692308
1 0.9435096153846154 0.9050480769230769 0.002403846153846154 0.002403846153846154
1 0.8425480769230769 0.9026442307692307 0.002403846153846154 0.002403846153846154
1 0.21153846153846154 0.9074519230769231 0.038461538461538464 0.021634615384615384
1 0.8365384615384616 0.8978365384615384 0.004807692307692308 0.007211538461538462
1 0.23197115384615385 0.8894230769230769 0.002403846153846154 0.004807692307692308
1 0.5733173076923077 0.8942307692307693 0.021634615384615384 0.019230769230769232
1 0.5300480769230769 0.8858173076923077 0.002403846153846154 0.002403846153846154
1 0.5228365384615384 0.8858173076923077 0.002403846153846154 0.002403846153846154
1 0.3125 0.9182692307692307 0.07692307692307693 0.07211538461538461
1 0.5576923076923077 0.8822115384615384 0.009615384615384616 0.004807692307692308
1 0.5204326923076923 0.8810096153846154 0.002403846153846154 0.002403846153846154
1 0.5853365384615384 0.8786057692307693 0.002403846153846154 0.002403846153846154
1 0.5324519230769231 0.8786057692307693 0.01201923076923077 0.002403846153846154
1 0.5745192307692307 0.875 0.014423076923076924 0.009615384615384616
1 0.5396634615384616 0.8689903846153846 0.002403846153846154 0.002403846153846154
1 0.5048076923076923 0.8677884615384616 0.009615384615384616 0.004807692307692308
1 0.8762019230769231 0.8665865384615384 0.01201923076923077 0.007211538461538462
1 0.5444711538461539 0.8641826923076923 0.007211538461538462 0.002403846153846154
1 0.375 0.8653846153846154 0.004807692307692308 0.004807692307692308
1 0.4987980769230769 0.8581730769230769 0.002403846153846154 0.004807692307692308
1 0.3401442307692308 0.8665865384615384 0.06009615384615385 0.026442307692307692
1 0.5288461538461539 0.8569711538461539 0.014423076923076924 0.01201923076923077
1 0.25721153846153844 0.8701923076923077 0.02403846153846154 0.04326923076923077
1 0.9014423076923077 0.8473557692307693 0.004807692307692308 0.002403846153846154
1 0.9146634615384616 0.8401442307692307 0.002403846153846154 0.002403846153846154
1 0.5048076923076923 0.8401442307692307 0.004807692307692308 0.002403846153846154
1 0.953125 0.8377403846153846 0.002403846153846154 0.002403846153846154
1 0.9338942307692307 0.8377403846153846 0.007211538461538462 0.01201923076923077
1 0.46033653846153844 0.8341346153846154 0.002403846153846154 0.009615384615384616
1 0.4831730769230769 0.8377403846153846 0.028846153846153848 0.021634615384615384
1 0.47115384615384615 0.8209134615384616 0.009615384615384616 0.007211538461538462
1 0.46274038461538464 0.8161057692307693 0.002403846153846154 0.002403846153846154
1 0.4074519230769231 0.8040865384615384 0.026442307692307692 0.007211538461538462
1 0.7271634615384616 0.796875 0.002403846153846154 0.002403846153846154
1 0.39903846153846156 0.7980769230769231 0.009615384615384616 0.004807692307692308
1 0.42908653846153844 0.7944711538461539 0.002403846153846154 0.002403846153846154
1 0.42427884615384615 0.7944711538461539 0.002403846153846154 0.002403846153846154
1 0.421875 0.7896634615384616 0.002403846153846154 0.002403846153846154
1 0.4050480769230769 0.7800480769230769 0.021634615384615384 0.021634615384615384
1 0.3762019230769231 0.7572115384615384 0.03125 0.02403846153846154
1 0.3545673076923077 0.7403846153846154 0.007211538461538462 0.004807692307692308
1 0.3269230769230769 0.7163461538461539 0.019230769230769232 0.019230769230769232
1 0.3016826923076923 0.6875 0.007211538461538462 0.004807692307692308
1 0.8473557692307693 0.6802884615384616 0.002403846153846154 0.004807692307692308
1 0.2776442307692308 0.6802884615384616 0.002403846153846154 0.004807692307692308
1 0.8665865384615384 0.6766826923076923 0.002403846153846154 0.002403846153846154
1 0.29086538461538464 0.6742788461538461 0.009615384615384616 0.016826923076923076
1 0.2704326923076923 0.6706730769230769 0.007211538461538462 0.009615384615384616
1 0.8401442307692307 0.6622596153846154 0.002403846153846154 0.002403846153846154
1 0.7920673076923077 0.6598557692307693 0.002403846153846154 0.002403846153846154
1 0.9290865384615384 0.6574519230769231 0.002403846153846154 0.002403846153846154
1 0.7800480769230769 0.6574519230769231 0.01201923076923077 0.002403846153846154
1 0.9459134615384616 0.6526442307692307 0.002403846153846154 0.002403846153846154
1 0.27884615384615385 0.6538461538461539 0.004807692307692308 0.004807692307692308
1 0.9627403846153846 0.6454326923076923 0.002403846153846154 0.002403846153846154
1 0.9711538461538461 0.6430288461538461 0.004807692307692308 0.002403846153846154
1 0.7307692307692307 0.6370192307692307 0.004807692307692308 0.004807692307692308
1 0.24759615384615385 0.6346153846153846 0.004807692307692308 0.004807692307692308
1 0.7175480769230769 0.6310096153846154 0.002403846153846154 0.002403846153846154
1 0.30649038461538464 0.6322115384615384 0.002403846153846154 0.004807692307692308
1 0.703125 0.6225961538461539 0.007211538461538462 0.004807692307692308
1 0.6935096153846154 0.6189903846153846 0.002403846153846154 0.002403846153846154
1 0.265625 0.6310096153846154 0.021634615384615384 0.03125
1 0.6887019230769231 0.6141826923076923 0.002403846153846154 0.002403846153846154
1 0.23677884615384615 0.6117788461538461 0.002403846153846154 0.007211538461538462
1 0.6838942307692307 0.6045673076923077 0.002403846153846154 0.002403846153846154
1 0.6790865384615384 0.6045673076923077 0.002403846153846154 0.002403846153846154
1 0.6694711538461539 0.5973557692307693 0.002403846153846154 0.002403846153846154
1 0.25 0.6009615384615384 0.004807692307692308 0.009615384615384616
1 0.6634615384615384 0.5901442307692307 0.004807692307692308 0.002403846153846154
1 0.24639423076923078 0.5913461538461539 0.002403846153846154 0.004807692307692308
1 0.6454326923076923 0.578125 0.002403846153846154 0.002403846153846154
1 0.2439903846153846 0.5709134615384616 0.002403846153846154 0.007211538461538462
1 0.6382211538461539 0.5685096153846154 0.01201923076923077 0.01201923076923077
1 0.6502403846153846 0.5576923076923077 0.007211538461538462 0.009615384615384616
1 0.6237980769230769 0.5540865384615384 0.007211538461538462 0.007211538461538462
1 0.23677884615384615 0.5492788461538461 0.002403846153846154 0.002403846153846154
1 0.6117788461538461 0.5444711538461539 0.002403846153846154 0.002403846153846154
1 0.6382211538461539 0.5396634615384616 0.002403846153846154 0.002403846153846154
1 0.6310096153846154 0.5408653846153846 0.002403846153846154 0.004807692307692308
1 0.6057692307692307 0.5384615384615384 0.004807692307692308 0.004807692307692308
1 0.5853365384615384 0.515625 0.002403846153846154 0.002403846153846154
1 0.5901442307692307 0.5060096153846154 0.002403846153846154 0.002403846153846154
1 0.578125 0.5060096153846154 0.002403846153846154 0.002403846153846154
1 0.5697115384615384 0.4891826923076923 0.004807692307692308 0.007211538461538462
1 0.1971153846153846 0.49278846153846156 0.009615384615384616 0.014423076923076924
1 0.22956730769230768 0.4795673076923077 0.002403846153846154 0.002403846153846154
1 0.546875 0.4543269230769231 0.01201923076923077 0.009615384615384616
1 0.5396634615384616 0.44591346153846156 0.002403846153846154 0.002403846153846154
1 0.19471153846153846 0.4423076923076923 0.004807692307692308 0.03365384615384615
1 0.19471153846153846 0.7115384615384616 0.3894230769230769 0.5769230769230769
1 0.5324519230769231 0.421875 0.002403846153846154 0.002403846153846154
1 0.5300480769230769 0.4110576923076923 0.002403846153846154 0.004807692307692308
1 0.5276442307692307 0.4026442307692308 0.002403846153846154 0.002403846153846154
1 0.5252403846153846 0.3942307692307692 0.002403846153846154 0.004807692307692308
1 0.5348557692307693 0.38341346153846156 0.002403846153846154 0.002403846153846154
1 0.21634615384615385 0.39783653846153844 0.009615384615384616 0.040865384615384616
1 0.5216346153846154 0.3798076923076923 0.004807692307692308 0.009615384615384616
1 0.5228365384615384 0.359375 0.002403846153846154 0.007211538461538462
1 0.5348557692307693 0.359375 0.01201923076923077 0.01201923076923077
1 0.5204326923076923 0.35216346153846156 0.002403846153846154 0.002403846153846154
1 0.20793269230769232 0.36538461538461536 0.01201923076923077 0.038461538461538464
1 0.5168269230769231 0.34615384615384615 0.004807692307692308 0.004807692307692308
1 0.5132211538461539 0.328125 0.002403846153846154 0.021634615384615384
1 0.5108173076923077 0.3088942307692308 0.002403846153846154 0.002403846153846154
1 0.19591346153846154 0.3161057692307692 0.007211538461538462 0.016826923076923076
1 0.9879807692307693 0.3449519230769231 0.02403846153846154 0.07932692307692307
1 0.21514423076923078 0.30528846153846156 0.007211538461538462 0.019230769230769232
1 0.21754807692307693 0.28846153846153844 0.002403846153846154 0.004807692307692308
1 0.5132211538461539 0.2704326923076923 0.002403846153846154 0.002403846153846154
1 0.515625 0.25841346153846156 0.002403846153846154 0.007211538461538462
1 0.5132211538461539 0.24879807692307693 0.002403846153846154 0.002403846153846154
1 0.5108173076923077 0.24158653846153846 0.002403846153846154 0.002403846153846154
1 0.22355769230769232 0.2536057692307692 0.009615384615384616 0.03125
1 0.5084134615384616 0.234375 0.002403846153846154 0.007211538461538462
1 0.5204326923076923 0.22956730769230768 0.002403846153846154 0.002403846153846154
1 0.22956730769230768 0.23197115384615385 0.002403846153846154 0.007211538461538462
1 0.4963942307692308 0.22596153846153846 0.002403846153846154 0.004807692307692308
1 0.5204326923076923 0.22115384615384615 0.002403846153846154 0.004807692307692308
1 0.234375 0.21514423076923078 0.002403846153846154 0.002403846153846154
1 0.23798076923076922 0.20072115384615385 0.004807692307692308 0.016826923076923076
1 0.5180288461538461 0.18509615384615385 0.002403846153846154 0.014423076923076924
1 0.36658653846153844 0.16706730769230768 0.002403846153846154 0.002403846153846154
1 0.38100961538461536 0.16466346153846154 0.002403846153846154 0.002403846153846154
1 0.3473557692307692 0.1622596153846154 0.002403846153846154 0.007211538461538462
1 0.3894230769230769 0.15504807692307693 0.004807692307692308 0.002403846153846154
1 0.24639423076923078 0.15865384615384615 0.002403846153846154 0.009615384615384616
1 0.25600961538461536 0.13221153846153846 0.002403846153846154 0.004807692307692308
1 0.25841346153846156 0.12139423076923077 0.007211538461538462 0.01201923076923077
1 0.265625 0.1141826923076923 0.002403846153846154 0.002403846153846154
1 0.5096153846153846 0.10576923076923077 0.004807692307692308 0.009615384615384616
1 0.5084134615384616 0.12379807692307693 0.026442307692307692 0.055288461538461536
1 0.4423076923076923 0.09975961538461539 0.014423076923076924 0.016826923076923076
1 0.28125 0.09615384615384616 0.02403846153846154 0.02403846153846154
1 0.4831730769230769 0.08653846153846154 0.014423076923076924 0.014423076923076924
1 0.29927884615384615 0.08052884615384616 0.002403846153846154 0.002403846153846154
1 0.30649038461538464 0.078125 0.002403846153846154 0.002403846153846154
1 0.4651442307692308 0.07692307692307693 0.007211538461538462 0.004807692307692308
1 0.4699519230769231 0.0733173076923077 0.002403846153846154 0.002403846153846154
1 0.40024038461538464 0.07211538461538461 0.007211538461538462 0.004807692307692308
1 0.3473557692307692 0.07211538461538461 0.07451923076923077 0.009615384615384616
1 0.42908653846153844 0.07572115384615384 0.04567307692307692 0.021634615384615384
1 0.41947115384615385 0.006009615384615385 0.002403846153846154 0.002403846153846154
1 0.41466346153846156 0.006009615384615385 0.002403846153846154 0.002403846153846154
1 0.4098557692307692 0.006009615384615385 0.002403846153846154 0.002403846153846154
1 0.4050480769230769 0.006009615384615385 0.002403846153846154 0.002403846153846154
1 0.40024038461538464 0.006009615384615385 0.002403846153846154 0.002403846153846154
1 0.3954326923076923 0.006009615384615385 0.002403846153846154 0.002403846153846154
1 0.36899038461538464 0.007211538461538462 0.04567307692307692 0.009615384615384616
1 0.9603365384615384 0.13581730769230768 0.07932692307692307 0.27163461538461536
1 0.421875 0.001201923076923077 0.002403846153846154 0.002403846153846154
1 0.17307692307692307 0.038461538461538464 0.34615384615384615 0.07692307692307693
