0 0.40703125 0.5104166666666666 0.0546875 0.06875
0 0.40546875 0.43645833333333334 0.05859375 0.06875
0 0.4046875 0.3697916666666667 0.04609375 0.07708333333333334
1 0.4890625 0.27708333333333335 0.03984375 0.06770833333333333
1 0.52734375 0.2791666666666667 0.0390625 0.075
1 0.546875 0.5125 0.0390625 0.06354166666666666
1 0.53984375 0.43125 0.0390625 0.059375
1 0.53984375 0.37083333333333335 0.03125 0.06458333333333334
0 0.35703125 0.5083333333333333 0.04921875 0.07291666666666667
0 0.353125 0.4395833333333333 0.059375 0.08020833333333334
0 0.35078125 0.36875 0.05546875 0.075