0 0.92109375 0.48854166666666665 0.0890625 0.022916666666666665
0 0.9203125 0.42604166666666665 0.07109375 0.034375
0 0.940625 0.384375 0.08984375 0.03125
0 0.64609375 0.50625 0.0734375 0.03125
0 0.64296875 0.4864583333333333 0.08515625 0.021875
0 0.65078125 0.42083333333333334 0.06953125 0.025
0 0.63046875 0.384375 0.0671875 0.027083333333333334
0 0.4140625 0.6322916666666667 0.0390625 0.08020833333333334
0 0.45 0.521875 0.06171875 0.026041666666666668
0 0.46328125 0.49375 0.06953125 0.025
0 0.4671875 0.42916666666666664 0.06484375 0.028125
1 0.50625 0.65 0.08125 0.023958333333333335
1 0.5125 0.625 0.06875 0.019791666666666666
0 0.5015625 0.5916666666666667 0.05546875 0.03333333333333333
0 0.5625 0.5260416666666666 0.05625 0.03125
0 0.5609375 0.496875 0.06796875 0.042708333333333334
1 0.11015625 0.59375 0.02578125 0.053125
1 0.1640625 0.6104166666666667 0.06796875 0.040625
1 0.1671875 0.58125 0.0578125 0.020833333333333332
0 0.16875 0.5520833333333334 0.06484375 0.040625
0 0.146875 0.6947916666666667 0.0625 0.041666666666666664
0 0.1359375 0.6395833333333333 0.0578125 0.023958333333333335
1 0.06875 0.603125 0.0296875 0.05520833333333333
1 0.09140625 0.5552083333333333 0.0609375 0.022916666666666665
1 0.09375 0.525 0.07421875 0.019791666666666666