0 0.1671875 0.3333333333333333 0.0625 0.09166666666666666
0 0.24765625 0.32916666666666666 0.06015625 0.08854166666666667
0 0.33515625 0.33229166666666665 0.05546875 0.07604166666666666
1 0.64375 0.18541666666666667 0.071875 0.03333333333333333
0 0.64609375 0.11979166666666667 0.08671875 0.03854166666666667
1 0.7484375 0.2125 0.071875 0.03333333333333333
1 0.746875 0.184375 0.0765625 0.025
0 0.74765625 0.12083333333333333 0.084375 0.042708333333333334
1 0.525 0.18229166666666666 0.0734375 0.020833333333333332
0 0.521875 0.11666666666666667 0.08046875 0.0375
1 0.4078125 0.20520833333333333 0.071875 0.030208333333333334
1 0.4078125 0.17916666666666667 0.0828125 0.029166666666666667
0 0.40546875 0.11666666666666667 0.08203125 0.04791666666666667
0 0.1859375 0.5104166666666666 0.0625 0.08541666666666667
0 0.2515625 0.5114583333333333 0.0546875 0.0875
0 0.3171875 0.5114583333333333 0.05703125 0.09166666666666666