0 0.36875 0.16145833333333334 0.10546875 0.09479166666666666
0 0.67734375 0.33541666666666664 0.1359375 0.07708333333333334
0 0.6984375 0.2833333333333333 0.096875 0.065625
0 0.7796875 0.39375 0.125 0.059375
0 0.853125 0.6989583333333333 0.10390625 0.042708333333333334
0 0.48359375 0.6947916666666667 0.05703125 0.09375
0 0.5484375 0.6979166666666666 0.059375 0.11875
0 0.58359375 0.6947916666666667 0.05625 0.07916666666666666
0 0.57109375 0.38645833333333335 0.1265625 0.08020833333333334
0 0.55859375 0.33645833333333336 0.10625 0.05625
1 0.59296875 0.6083333333333333 0.05390625 0.071875
0 0.303125 0.61875 0.0671875 0.08333333333333333
0 0.36640625 0.6072916666666667 0.05625 0.08229166666666667
1 0.3703125 0.5354166666666667 0.05234375 0.09166666666666666
1 0.41796875 0.525 0.040625 0.07604166666666666
1 0.4546875 0.5333333333333333 0.04609375 0.090625
1 0.3765625 0.446875 0.0515625 0.109375
1 0.41875 0.44166666666666665 0.0421875 0.10416666666666667
1 0.4625 0.44583333333333336 0.04609375 0.07708333333333334
0 0.30546875 0.7041666666666667 0.0546875 0.09791666666666667
0 0.371875 0.7041666666666667 0.07578125 0.09791666666666667