0 0.83359375 0.31145833333333334 0.11171875 0.09895833333333333
0 0.93125 0.31145833333333334 0.1 0.09479166666666666
0 0.66640625 0.3854166666666667 0.065625 0.12708333333333333
0 0.26875 0.48541666666666666 0.078125 0.14166666666666666
1 0.6609375 0.6302083333333334 0.0640625 0.06458333333333334
1 0.659375 0.5885416666666666 0.0609375 0.051041666666666666
1 0.665625 0.5166666666666667 0.0703125 0.051041666666666666
1 0.775 0.5114583333333333 0.06796875 0.06145833333333333
1 0.6328125 0.13333333333333333 0.05 0.103125
1 0.50234375 0.19270833333333334 0.05234375 0.084375
1 0.30234375 0.290625 0.03515625 0.06666666666666667
1 0.3375 0.29375 0.05859375 0.08020833333333334
1 0.37265625 0.290625 0.0515625 0.08645833333333333
1 0.31171875 0.7166666666666667 0.0359375 0.084375
1 0.17734375 0.3958333333333333 0.05234375 0.09166666666666666