0 0.4859375 0.41354166666666664 0.0578125 0.11770833333333333
0 0.66484375 0.34479166666666666 0.0359375 0.04375
0 0.69765625 0.33541666666666664 0.02578125 0.058333333333333334
0 0.79296875 0.546875 0.02734375 0.057291666666666664
0 0.48046875 0.840625 0.05390625 0.035416666666666666
0 0.5359375 0.8125 0.0578125 0.036458333333333336
0 0.471875 0.609375 0.0421875 0.078125
0 0.61015625 0.7104166666666667 0.0328125 0.04583333333333333
0 0.665625 0.7322916666666667 0.046875 0.03333333333333333
0 0.36640625 0.465625 0.034375 0.046875
1 0.275 0.5979166666666667 0.02734375 0.028125
1 0.32734375 0.6239583333333333 0.05390625 0.03333333333333333