1 0.49921875 0.421875 0.03828125 0.034375
1 0.496875 0.37916666666666665 0.04609375 0.0375
1 0.6453125 0.32916666666666666 0.02109375 0.041666666666666664
1 0.66640625 0.38229166666666664 0.0234375 0.042708333333333334
1 0.66484375 0.325 0.01484375 0.05
1 0.67265625 0.2760416666666667 0.02578125 0.051041666666666666
1 0.71796875 0.26875 0.0453125 0.057291666666666664
0 0.57265625 0.43020833333333336 0.03828125 0.059375
0 0.4171875 0.5166666666666667 0.059375 0.06770833333333333
0 0.5734375 0.9010416666666666 0.03984375 0.026041666666666668
0 0.571875 0.875 0.04296875 0.023958333333333335
1 0.46796875 0.7427083333333333 0.05078125 0.021875
1 0.4703125 0.7114583333333333 0.040625 0.025
1 0.4765625 0.690625 0.0390625 0.013541666666666667