0 0.62109375 0.32708333333333334 0.09765625 0.040625
1 0.13359375 0.3333333333333333 0.04453125 0.040625
0 0.17421875 0.2552083333333333 0.04375 0.052083333333333336
0 0.17734375 0.184375 0.03515625 0.04791666666666667
0 0.41328125 0.24583333333333332 0.05703125 0.04479166666666667
0 0.2359375 0.3697916666666667 0.07734375 0.046875
0 0.16328125 0.525 0.03203125 0.036458333333333336
0 0.209375 0.5229166666666667 0.02734375 0.06041666666666667
0 0.26171875 0.540625 0.03515625 0.046875
0 0.34609375 0.6260416666666667 0.0515625 0.034375
0 0.33984375 0.921875 0.03515625 0.05416666666666667
0 0.3609375 0.8260416666666667 0.0203125 0.042708333333333334
0 0.38828125 0.8177083333333334 0.03203125 0.04791666666666667
0 0.62265625 0.596875 0.05078125 0.0375
0 0.6234375 0.5552083333333333 0.08046875 0.03958333333333333
0 0.8359375 0.39166666666666666 0.03984375 0.040625
1 0.5625 0.24270833333333333 0.01875 0.04375
0 0.6375 0.178125 0.07109375 0.027083333333333334
0 0.3734375 0.103125 0.071875 0.030208333333333334
1 0.534375 0.240625 0.021875 0.035416666666666666
1 0.50234375 0.16354166666666667 0.02734375 0.03958333333333333
1 0.33125 0.37395833333333334 0.0328125 0.052083333333333336
1 0.38203125 0.3729166666666667 0.0203125 0.03229166666666667
1 0.409375 0.3645833333333333 0.01640625 0.03333333333333333
1 0.07265625 0.315625 0.03203125 0.01875
1 0.08984375 0.4041666666666667 0.03515625 0.03229166666666667
1 0.14453125 0.33958333333333335 0.040625 0.016666666666666666