0 0.25234375 0.4083333333333333 0.03515625 0.04479166666666667
0 0.27421875 0.3854166666666667 0.04140625 0.053125
0 0.38203125 0.53125 0.028125 0.05
0 0.56484375 0.365625 0.0359375 0.06875
0 0.64453125 0.3645833333333333 0.03828125 0.0375
0 0.5984375 0.321875 0.015625 0.03958333333333333
0 0.6640625 0.3385416666666667 0.053125 0.03958333333333333
1 0.2984375 0.6291666666666667 0.01484375 0.028125
0 0.3578125 0.7239583333333334 0.021875 0.01875
0 0.37890625 0.6947916666666667 0.028125 0.034375
0 0.36953125 0.6260416666666667 0.0203125 0.029166666666666667
0 0.23515625 0.6302083333333334 0.028125 0.034375
0 0.11171875 0.890625 0.02265625 0.06875
0 0.18984375 0.8822916666666667 0.02734375 0.046875
0 0.2296875 0.8375 0.03515625 0.03958333333333333
0 0.2125 0.8197916666666667 0.02578125 0.034375
0 0.2625 0.7427083333333333 0.04375 0.03854166666666667
0 0.3109375 0.7260416666666667 0.040625 0.042708333333333334
0 0.109375 0.5458333333333333 0.06484375 0.06145833333333333
0 0.1375 0.715625 0.03984375 0.06354166666666666
0 0.0796875 0.3958333333333333 0.0546875 0.065625
0 0.03515625 0.2375 0.0390625 0.053125
0 0.12421875 0.08645833333333333 0.03671875 0.04375
1 0.72578125 0.26145833333333335 0.02578125 0.021875
1 0.75546875 0.23125 0.02578125 0.020833333333333332
0 0.06796875 0.834375 0.0453125 0.04791666666666667
0 0.02890625 0.6427083333333333 0.04140625 0.03854166666666667
1 0.31640625 0.47708333333333336 0.01953125 0.046875