0 0.04296875 0.334375 0.0859375 0.03854166666666667
0 0.046875 0.29375 0.0875 0.040625
0 0.31953125 0.43125 0.07265625 0.035416666666666666
0 0.9046875 0.7875 0.04921875 0.05625
0 0.928125 0.7166666666666667 0.025 0.06458333333333334
0 0.77109375 0.9322916666666666 0.0390625 0.01875
0 0.82578125 0.9395833333333333 0.03203125 0.01875
0 0.82265625 0.8979166666666667 0.02578125 0.052083333333333336
0 0.8515625 0.8958333333333334 0.02578125 0.0625
0 0.58515625 0.36875 0.04921875 0.03229166666666667
0 0.6953125 0.37604166666666666 0.04296875 0.042708333333333334
1 0.25390625 0.25625 0.0515625 0.03333333333333333
1 0.30546875 0.2552083333333333 0.05625 0.034375
1 0.11640625 0.359375 0.0359375 0.051041666666666666
1 0.11953125 0.27395833333333336 0.03515625 0.06145833333333333
1 0.15859375 0.3625 0.03984375 0.04479166666666667
1 0.221875 0.4479166666666667 0.0609375 0.023958333333333335
1 0.22109375 0.43125 0.06015625 0.020833333333333332
1 0.2171875 0.39791666666666664 0.06796875 0.03229166666666667
1 0.79375 0.740625 0.03828125 0.03229166666666667
0 0.79609375 0.7114583333333333 0.0359375 0.027083333333333334
0 0.88828125 0.4666666666666667 0.025 0.014583333333333334
0 0.89140625 0.4354166666666667 0.02578125 0.013541666666666667
0 0.9171875 0.47604166666666664 0.01640625 0.019791666666666666
0 0.82109375 0.41354166666666664 0.015625 0.019791666666666666
0 0.79375 0.85625 0.04140625 0.029166666666666667