0 0.4390625 0.19895833333333332 0.04609375 0.08541666666666667
0 0.6515625 0.3104166666666667 0.08359375 0.08229166666666667
0 0.53984375 0.3177083333333333 0.08203125 0.06041666666666667
1 0.775 0.4354166666666667 0.04375 0.053125
0 0.828125 0.3927083333333333 0.046875 0.03854166666666667
0 0.8125 0.353125 0.04609375 0.04375
0 0.85234375 0.46875 0.03515625 0.023958333333333335
0 0.84296875 0.43333333333333335 0.03515625 0.036458333333333336
0 0.86171875 0.5072916666666667 0.02265625 0.035416666666666666
0 0.2953125 0.53125 0.0515625 0.023958333333333335
0 0.29296875 0.471875 0.03125 0.022916666666666665
0 0.28515625 0.415625 0.02578125 0.03854166666666667
0 0.28046875 0.371875 0.01875 0.03958333333333333
0 0.11640625 0.41458333333333336 0.0234375 0.035416666666666666
0 0.16328125 0.4083333333333333 0.01953125 0.040625
0 0.18203125 0.365625 0.03515625 0.035416666666666666
0 0.5625 0.4875 0.03359375 0.06145833333333333
0 0.4921875 0.19166666666666668 0.05546875 0.1
1 0.14765625 0.21875 0.02578125 0.058333333333333334
1 0.17890625 0.21666666666666667 0.03203125 0.053125
1 0.2046875 0.21145833333333333 0.0171875 0.05520833333333333
1 0.2359375 0.23020833333333332 0.034375 0.052083333333333336
0 0.07265625 0.5864583333333333 0.05078125 0.030208333333333334
0 0.08515625 0.5125 0.04453125 0.04895833333333333
0 0.059375 0.6677083333333333 0.0375 0.042708333333333334