0 0.6421875 0.7052083333333333 0.1140625 0.109375
0 0.41875 0.3770833333333333 0.1109375 0.07395833333333333
0 0.265625 0.265625 0.09296875 0.07604166666666666
0 0.55 0.2625 0.07890625 0.06666666666666667
0 0.590625 0.465625 0.0625 0.11666666666666667
0 0.5875 0.37395833333333334 0.05703125 0.11354166666666667
0 0.428125 0.553125 0.078125 0.078125
1 0.659375 0.2875 0.03828125 0.028125
1 0.65625 0.25 0.03359375 0.03229166666666667
1 0.6203125 0.25625 0.04296875 0.03854166666666667
1 0.62109375 0.3104166666666667 0.03828125 0.03229166666666667
1 0.35 0.415625 0.0390625 0.03125
1 0.3171875 0.3770833333333333 0.021875 0.04583333333333333
1 0.58671875 0.5364583333333334 0.0453125 0.03229166666666667
1 0.6859375 0.584375 0.05 0.023958333333333335