0 0.703125 0.5302083333333333 0.08046875 0.051041666666666666
0 0.70703125 0.48854166666666665 0.0765625 0.03958333333333333
0 0.7140625 0.4125 0.08359375 0.0375
0 0.71484375 0.390625 0.08515625 0.035416666666666666
0 0.76484375 0.25104166666666666 0.0390625 0.06041666666666667
0 0.5046875 0.528125 0.07734375 0.051041666666666666
0 0.58203125 0.41041666666666665 0.04765625 0.07916666666666666
0 0.634375 0.40625 0.04140625 0.06666666666666667
0 0.14140625 0.5125 0.07890625 0.03958333333333333
0 0.18359375 0.4708333333333333 0.08515625 0.03958333333333333
0 0.190625 0.3958333333333333 0.1 0.028125
0 0.19453125 0.36666666666666664 0.08203125 0.036458333333333336
0 0.046875 0.38645833333333335 0.040625 0.07708333333333334
0 0.09921875 0.3885416666666667 0.06015625 0.08020833333333334
0 0.4890625 0.41041666666666665 0.078125 0.03229166666666667
0 0.6640625 0.30104166666666665 0.08359375 0.03854166666666667
1 0.6640625 0.2708333333333333 0.08671875 0.027083333333333334
1 0.665625 0.2375 0.08359375 0.029166666666666667